49 25 25 
49 25 25 
49 25 25 
49 25 25 
49 25 25 
49 25 25 
49 25 142 36 25 
49 25 142 36 25 
49 25 25 
49 25 25 
49 25 25 
49 25 25 
49 25 25 
5 49 25 8 25 
49 25 25 
49 25 25 
49 25 25 
49 25 36 130 25 
49 25 36 130 25 
49 25 25 
49 25 25 
49 25 25 
5 49 25 8 25 
49 25 25 
49 25 25 
49 25 25 
5 49 25 8 25 
5 49 25 8 25 
5 49 25 8 25 
5 49 25 8 25 
5 49 25 8 25 
5 49 25 8 25 
5 49 25 8 25 
5 49 25 8 25 
5 6 25 61 25 
49 25 25 
49 25 25 
49 25 25 
49 25 25 
49 25 25 
49 25 25 
49 25 25 
49 25 25 
49 25 25 
49 25 25 
49 25 25 
49 25 25 
49 25 25 
49 25 142 36 25 
49 25 142 36 25 
49 25 142 36 25 
49 25 25 
49 25 25 
49 25 25 
49 21 25 68 24 25 
49 21 25 68 24 25 
49 21 25 68 24 25 
49 25 25 
49 25 25 
49 25 25 
49 25 25 
5 49 25 8 25 
49 25 25 
49 25 25 
49 25 25 
49 25 25 
49 25 25 
49 25 25 
49 25 25 
49 25 25 
49 25 25 
49 25 25 
49 25 25 
49 25 25 
49 25 36 130 25 
49 25 36 130 25 
49 25 36 130 25 
49 21 25 68 24 25 
49 25 36 130 25 
49 25 25 
49 25 25 
49 25 25 
49 25 25 
49 25 25 
49 25 25 
49 25 25 
49 25 25 
49 25 25 
49 25 25 
49 25 25 
49 25 25 
49 25 25 
5 49 25 8 25 
49 25 25 
49 25 25 
49 25 25 
5 49 25 8 25 
5 49 25 8 25 
28 49 21 25 106 508 25 
49 25 25 
49 25 25 
49 25 25 
49 25 25 
49 25 25 
49 25 25 
5 49 25 8 25 
5 49 25 8 25 
5 49 25 8 25 
5 49 25 8 25 
5 49 25 8 25 
21 25 25 
21 25 25 
21 25 25 
21 25 25 
21 25 25 
21 25 25 
21 25 25 
21 25 25 
49 25 25 
49 25 25 
49 25 25 
25 142 36 25 
49 25 25 
49 25 25 
49 25 25 
5 6 25 61 25 
49 25 25 
49 25 25 
49 25 25 
49 25 25 
49 25 25 
49 25 25 
49 25 25 
49 25 25 
49 25 25 
49 25 25 
49 25 25 
49 25 25 
49 25 25 
49 25 25 
49 25 25 
49 25 25 
49 25 25 
49 25 25 
49 25 25 
49 25 25 
49 25 25 
49 25 25 
49 25 25 
49 25 25 
49 25 25 
49 25 25 
49 25 25 
49 25 25 
49 25 25 
49 25 25 
49 25 25 
49 25 25 
49 25 25 
49 25 25 
49 25 25 
49 25 25 
49 25 25 
49 25 25 
49 25 25 
49 25 25 
49 25 25 
49 25 25 
49 25 25 
49 25 25 
49 25 25 
49 25 25 
49 25 25 
49 25 25 
49 25 25 
49 25 25 
49 25 25 
5 49 25 8 25 
5 49 25 8 25 
5 49 25 8 25 
49 25 25 
49 25 25 
49 25 25 
49 25 25 
49 25 25 
49 25 25 
49 25 25 
49 25 25 
49 25 25 
49 25 25 
49 25 25 
49 25 25 
49 25 25 
49 25 26 25 
49 25 25 
5 49 25 8 25 
5 49 25 8 25 
5 49 25 8 25 
5 49 25 8 25 
5 49 25 8 25 
49 25 25 
49 21 25 68 24 25 
49 25 36 25 
49 25 25 
28 49 21 25 106 508 25 
28 49 21 25 106 508 25 
28 49 21 25 106 508 25 
28 49 21 25 106 508 25 
28 49 21 25 106 508 25 
28 49 21 25 106 508 25 
28 49 21 25 106 508 25 
28 49 21 25 106 508 25 
28 49 21 25 106 508 25 
28 49 21 25 106 508 25 
49 25 25 
49 25 25 
49 25 25 
49 25 25 
5 49 25 8 25 
49 25 25 
49 25 25 
49 25 25 
91 5 49 6 25 92 25 
49 25 25 
49 25 25 
49 25 25 
49 25 25 
49 25 25 
49 25 25 
49 25 25 
49 25 25 
49 25 25 
49 25 25 
49 25 25 
49 25 25 
49 25 25 
49 25 25 
49 25 25 
49 25 25 
49 25 142 36 25 
49 25 142 36 25 
49 25 142 36 25 
49 25 142 36 25 
49 25 142 36 25 
49 25 142 36 25 
49 25 142 36 25 
49 25 142 36 25 
49 25 142 36 25 
49 25 142 36 25 
49 25 142 36 25 
49 25 142 36 25 
49 25 142 36 25 
49 25 142 36 25 
49 25 142 36 25 
49 25 142 36 25 
49 25 142 36 25 
49 25 142 36 25 
49 25 142 36 25 
49 25 142 36 25 
49 25 142 36 25 
49 25 142 36 25 
49 25 25 
49 25 25 
49 25 25 
49 25 25 
49 25 25 
49 25 25 
49 25 25 
49 25 25 
49 25 25 
49 25 25 
49 25 25 
49 25 25 
49 25 25 
49 25 25 
49 25 25 
49 25 25 
49 25 25 
49 25 25 
49 25 25 
49 25 25 
49 25 25 
49 25 25 
49 25 25 
49 25 25 
49 25 25 
49 25 25 
49 25 25 
49 25 25 
49 25 25 
49 25 25 
49 25 25 
49 25 25 
49 25 25 
5 49 25 8 25 
5 49 25 8 25 
5 49 25 8 25 
49 25 25 
49 25 25 
49 25 36 25 
49 25 36 25 
49 25 36 25 
49 25 36 25 
49 25 36 25 
49 25 36 25 
49 25 36 25 
49 25 36 25 
49 25 25 
49 25 25 
49 25 25 
49 25 25 
49 25 25 
49 25 25 
49 25 25 
49 25 25 
49 25 25 
49 25 25 
49 25 25 
49 25 25 
49 25 25 
49 25 25 
49 25 25 
49 25 25 
49 25 25 
49 25 25 
49 25 25 
49 25 25 
49 25 25 
49 25 25 
49 25 25 
5 49 25 8 25 
49 25 25 
49 25 25 
5 49 25 8 25 
5 49 25 8 25 
5 49 25 8 25 
5 49 25 8 25 
5 49 25 8 25 
5 49 25 8 25 
49 25 25 
49 25 25 
49 25 25 
49 25 25 
49 25 25 
49 25 25 
49 25 25 
49 25 25 
49 25 25 
49 25 25 
49 25 25 
49 25 25 
49 25 25 
49 25 25 
5 49 25 8 25 
49 25 25 
49 25 25 
49 25 25 
49 25 25 
49 25 25 
49 25 25 
49 25 25 
49 25 25 
49 25 25 
49 25 25 
49 25 25 
49 25 25 
49 25 25 
49 25 25 
49 25 25 
49 25 25 
49 25 25 
49 25 25 
49 25 25 
49 25 25 
49 25 25 
49 25 25 
49 25 25 
49 25 25 
49 25 25 
49 25 25 
49 25 25 
49 25 25 
49 25 25 
49 25 25 
49 25 25 
49 25 25 
49 25 25 
49 25 25 
49 25 25 
49 25 25 
49 25 25 
49 25 25 
49 25 25 
49 25 25 
49 25 25 
49 25 25 
49 25 25 
49 25 25 
49 25 25 
49 25 25 
49 25 25 
49 25 25 
49 25 25 
49 25 25 
49 25 25 
49 25 25 
49 25 25 
49 25 25 
49 25 25 
49 25 25 
49 25 25 
49 25 25 
5 49 6 25 61 25 
5 49 6 25 61 25 
49 25 25 
5 49 25 8 25 
49 25 25 
49 25 25 
49 25 25 
49 25 25 
49 25 25 
49 25 25 
49 25 25 
49 25 25 
49 25 25 
49 25 25 
49 25 25 
49 25 25 
49 25 25 
49 25 25 
49 25 25 
49 25 25 
49 25 25 
49 25 25 
49 25 25 
49 25 25 
49 25 25 
49 25 25 
49 25 25 
49 25 25 
5 49 25 8 25 
49 25 25 
49 25 25 
49 25 25 
49 25 25 
49 25 25 
49 25 25 
49 25 25 
49 25 25 
49 25 25 
49 25 25 
49 25 25 
49 25 25 
49 25 25 
49 25 25 
49 25 25 
49 25 25 
49 21 25 37 24 25 
5 49 25 8 25 
5 49 25 8 25 
5 49 25 8 25 
5 49 25 8 25 
5 49 25 8 25 
5 49 25 8 25 
5 49 25 8 25 
5 49 25 8 25 
5 49 25 8 25 
5 49 25 8 25 
5 49 25 8 25 
5 49 25 8 25 
49 25 25 
49 25 25 
49 25 25 
49 25 25 
49 25 25 
5 49 25 8 12 25 
5 49 25 8 12 25 
5 49 6 25 9 25 
5 49 6 25 9 25 
5 49 6 25 9 25 
5 49 6 25 9 25 
5 49 6 25 9 25 
49 25 25 
49 25 25 
49 25 25 
49 25 25 
49 25 25 
49 25 25 
49 25 25 
49 25 25 
49 25 25 
49 25 25 
49 25 25 
49 25 25 
49 25 25 
49 25 25 
49 25 25 
49 25 25 
49 25 25 
49 25 25 
49 25 25 
49 25 25 
49 25 25 
49 25 25 
49 25 25 
5 49 25 8 25 
5 49 25 8 25 
5 49 25 8 25 
5 49 25 8 25 
5 49 25 8 25 
49 25 25 
49 25 25 
49 25 25 
49 25 25 
49 25 25 
5 49 25 8 25 
49 25 36 130 25 
49 25 25 
49 25 25 
5 49 6 25 23 25 
5 49 6 25 25 
49 25 25 
49 25 25 
49 25 25 
49 25 25 
49 25 25 
49 25 25 
49 25 25 
49 25 25 
49 25 25 
49 25 25 
49 25 25 
49 25 25 
49 25 25 
49 25 25 
49 25 25 
49 25 25 
49 25 25 
49 25 25 
49 25 25 
49 25 462 25 
49 25 462 25 
49 25 462 25 
49 25 462 25 
49 25 462 25 
49 25 462 25 
49 25 462 25 
49 25 462 25 
49 25 462 25 
49 25 462 25 
49 25 25 
49 25 25 
49 25 25 
49 25 25 
49 25 25 
49 25 25 
49 25 25 
49 25 25 
49 25 25 
49 25 25 
49 25 25 
49 25 142 36 25 
49 25 25 
49 25 25 
49 25 25 
49 25 25 
49 25 25 
49 25 25 
49 25 25 
49 25 25 
5 49 6 25 25 
5 49 6 25 25 
5 49 6 25 25 
5 49 6 25 25 
5 49 6 25 25 
49 25 25 
49 25 25 
49 25 25 
49 25 25 
49 25 25 
49 25 25 
49 25 25 
49 25 25 
49 25 25 
49 25 25 
49 25 25 
49 25 25 
49 25 36 130 25 
49 25 25 
49 25 25 
49 25 36 130 25 
5 49 25 8 25 
49 21 25 68 24 25 
49 25 25 
49 25 25 
49 25 25 
49 25 25 
49 25 25 
49 25 36 25 
49 25 36 25 
49 25 25 
49 25 25 
25 25 
49 25 25 
49 25 25 
49 25 25 
49 25 25 
49 25 25 
49 25 25 
13 25 268 14 25 
49 25 25 
49 25 25 
49 25 25 
49 25 25 
5 49 6 25 25 
5 49 6 25 25 
5 49 6 25 25 
5 49 6 25 25 
49 25 25 
49 25 25 
5 49 25 8 25 
5 49 25 8 25 
5 49 25 8 25 
5 49 25 8 25 
5 49 25 8 25 
5 49 25 8 25 
5 49 25 8 25 
49 25 25 
49 25 25 
49 25 25 
49 25 25 
49 25 25 
49 25 25 
49 25 25 
49 25 25 
49 25 25 
49 25 25 
49 25 25 
49 25 25 
49 25 25 
49 25 25 
25 25 
49 25 25 
49 25 25 
49 25 25 
49 25 25 
49 25 25 
49 25 25 
49 25 25 
49 25 25 
49 25 25 
49 25 25 
49 25 25 
49 25 25 
49 25 25 
49 25 25 
49 25 25 
49 25 25 
49 25 25 
49 25 25 
49 25 25 
49 25 25 
49 25 25 
49 25 25 
49 25 25 
49 25 25 
49 25 25 
49 25 25 
49 25 25 
49 25 25 
5 49 25 8 25 
49 25 25 
49 25 25 
49 25 25 
49 25 25 
49 25 25 
25 25 
25 25 
25 25 