49 25 25 
49 25 25 
49 25 25 
49 25 25 
49 25 25 
49 25 25 
49 25 25 
49 25 25 
49 25 25 
49 25 25 
49 25 25 
49 25 25 
49 25 25 
49 25 25 
49 25 25 
49 25 25 
49 25 25 
49 25 25 
49 25 25 
49 25 25 
49 25 25 
49 25 25 
49 25 25 
49 25 25 
49 25 25 
49 25 25 
49 25 25 
49 25 25 
49 25 25 
49 25 25 
49 25 25 
49 25 25 
49 25 25 
49 25 25 
49 25 25 
49 25 25 
49 25 25 
49 25 25 
49 25 25 
49 25 25 
49 25 25 
49 25 25 
49 25 25 
49 25 25 
49 25 25 
49 25 25 
5 49 25 8 25 
49 25 25 
49 25 25 
91 5 49 6 25 92 25 
49 25 25 
49 25 25 
49 25 25 
49 25 25 
49 25 25 
49 25 25 
49 25 25 
49 25 25 
49 25 25 
49 25 25 
49 25 36 25 
49 25 25 
49 25 25 
49 25 25 
49 25 25 
49 25 25 
49 25 25 
49 21 25 25 
49 21 25 25 
49 25 25 
49 25 25 
49 25 25 
49 25 25 
49 25 26 25 
49 25 25 
49 25 25 
49 25 25 
49 25 25 
49 25 25 
49 25 25 
49 25 25 
49 25 25 
49 25 25 
49 25 25 
49 25 25 
49 21 25 25 
5 49 25 8 25 
49 25 25 
49 25 25 
49 25 25 
49 25 25 
49 25 25 
49 25 25 
49 25 25 
49 25 25 
49 25 25 
49 25 25 
49 25 26 25 