49 25 25 
49 25 25 
5 49 25 8 25 
49 25 25 
5 49 25 25 
49 25 25 
49 25 25 
49 25 25 
49 25 25 
49 25 25 
49 25 25 
49 25 25 
49 25 25 
49 25 25 
49 25 25 
49 25 25 
49 25 25 
49 25 25 
49 25 25 
49 25 25 
49 25 25 
49 25 25 
49 25 25 
49 25 25 
49 25 25 
49 25 25 
49 25 25 
49 25 25 
49 25 25 
49 25 25 
49 25 25 
49 25 25 
49 25 25 
49 25 25 
49 25 25 
49 21 25 37 24 25 
49 21 25 37 24 25 
49 21 25 37 24 25 
49 21 25 37 24 25 
49 25 25 
49 25 25 
49 25 25 
49 25 25 
49 25 25 
49 25 25 
49 25 25 
49 25 25 
5 49 25 8 25 