49 25 25 
49 25 25 
49 25 25 
5 49 25 8 25 
49 25 25 
49 25 25 
49 25 25 
49 25 25 
49 25 25 
49 25 25 
49 25 25 
49 25 25 
49 25 25 
49 25 25 
49 25 25 
49 25 25 
49 25 25 
5 49 25 8 25 
5 49 25 8 25 
5 49 25 8 25 
5 49 25 8 25 
49 25 25 
49 25 25 
49 25 25 
49 25 25 
49 25 25 
49 25 25 
49 25 25 
49 25 25 
49 25 25 
49 25 25 
49 25 25 
49 25 25 
49 25 25 
49 25 25 
49 25 25 
49 25 25 
49 25 25 
49 25 25 
49 25 25 
49 25 25 
49 25 25 
49 25 25 
49 25 25 
49 25 25 
5 6 25 61 25 
49 25 25 
49 25 25 
49 25 25 
49 25 25 
49 25 25 
49 25 25 
49 25 25 
49 25 25 
49 25 25 
49 25 25 
49 25 25 
49 25 25 
49 25 25 
49 25 25 
49 25 25 
49 25 36 130 25 
49 25 36 130 25 
49 25 36 130 25 
49 25 25 
49 25 25 
49 25 25 
49 25 25 
49 25 25 
49 25 25 
49 25 25 
49 25 25 
49 25 25 
49 25 25 
49 25 25 
49 25 25 
49 25 25 
49 25 25 
49 25 25 
49 25 25 
49 25 25 
49 25 25 
49 25 25 
49 25 25 
49 25 25 
49 25 25 
5 49 25 8 25 
49 25 142 36 25 
49 25 142 36 25 
49 25 25 
49 25 25 
49 25 25 
49 25 25 
49 25 25 
49 25 25 
49 25 25 
49 25 25 
49 25 25 
49 25 25 
49 25 25 
49 25 25 
49 25 25 
49 25 25 
49 25 25 
49 25 25 
49 25 25 
49 25 25 
49 25 25 
49 25 25 
49 25 25 
49 25 25 
49 25 25 
5 49 25 25 
49 25 25 
49 25 25 
49 25 25 
49 25 25 
49 25 25 
49 25 25 
49 25 25 
49 25 25 
49 25 25 
49 25 25 
49 25 25 
49 25 25 
49 25 25 
49 25 25 
49 25 36 25 
49 25 36 130 25 
49 21 25 25 
49 21 25 25 
5 49 25 8 25 
49 25 25 
5 49 25 8 25 
49 25 25 
49 25 25 
49 25 25 
49 25 25 
5 49 25 8 12 25 
49 25 25 
49 25 25 
49 25 25 
49 25 25 
49 25 25 
49 25 25 
49 25 25 
49 25 25 
49 25 25 
49 25 25 
49 25 25 
49 25 25 
49 21 25 25 
5 6 25 61 25 
5 6 25 61 25 
49 25 25 
49 25 25 
49 25 25 
49 25 25 
49 25 25 
49 25 25 
49 25 25 
49 25 25 
49 25 25 
49 25 26 25 
49 25 25 
49 25 25 
49 25 25 
49 25 25 
49 25 25 
49 25 25 
49 25 25 
49 25 25 
49 25 25 
25 25 
49 25 25 
49 25 25 
49 25 25 
49 25 25 
49 25 25 
49 25 25 
49 25 25 
49 25 25 
5 49 25 8 12 25 
5 49 25 8 12 25 
5 49 25 8 12 25 
49 25 25 
49 25 25 
49 25 25 
49 25 25 
49 25 25 
49 25 25 
49 25 25 
49 25 25 
49 25 25 
49 25 25 
49 25 25 
49 25 25 
49 25 7 11 10 25 
49 25 7 11 10 25 
49 25 25 
49 25 25 
49 25 25 
49 25 25 
49 25 25 
49 25 25 
49 25 25 
49 25 25 
49 25 36 25 
49 25 25 
49 25 25 
49 25 25 
49 25 25 
49 25 25 
49 25 25 
49 25 25 
49 25 25 
49 25 25 
49 25 25 
49 25 25 
49 25 25 
49 25 25 
49 25 25 
49 25 25 
49 25 25 
49 25 25 
49 25 142 36 25 
49 25 142 36 25 
49 25 25 
49 25 25 
49 25 25 
49 25 25 
49 25 25 
49 25 25 
49 25 25 
49 25 25 
49 25 25 
49 25 25 
49 25 26 25 
49 25 26 25 
49 25 25 
49 25 25 
49 25 25 
28 49 21 25 25 
49 25 25 
49 25 25 
49 21 25 25 
49 21 25 25 
49 21 25 25 
49 21 25 25 
25 25 
49 25 25 
49 25 25 
49 25 25 
49 25 25 
49 25 25 
49 25 25 
49 21 25 37 24 25 
5 6 25 25 
49 25 25 
49 25 25 
49 25 25 
49 25 25 
49 25 25 
49 25 25 
49 254 25 36 255 25 
49 25 7 11 10 25 
49 25 7 11 10 25 
5 49 25 8 25 
49 25 25 
49 25 25 
256 49 21 25 25 
5 25 8 25 
49 25 25 
49 25 25 
49 25 25 
49 25 25 
49 25 25 
49 25 25 
49 25 25 
49 25 25 
49 25 25 
49 25 25 
49 25 25 
49 25 25 
49 25 25 
49 25 25 
5 49 25 8 25 
49 25 142 36 25 
49 25 142 36 25 
49 25 462 25 
49 25 25 
49 25 25 
49 25 25 
49 25 25 
49 25 25 
49 25 25 
49 25 25 
5 49 25 8 25 
5 49 25 8 25 
49 25 25 
49 25 25 
49 25 25 
49 25 25 
5 6 25 61 25 
49 25 25 
25 36 25 
49 25 25 
49 25 25 
49 25 25 
49 25 25 
49 25 25 
49 25 25 
49 25 25 
49 25 25 
49 25 25 
49 25 25 
49 25 25 
49 25 25 
49 25 25 
49 25 25 
49 25 25 
49 25 25 
49 25 25 
49 25 25 
49 25 25 
49 25 25 
49 25 25 
49 25 25 
49 25 25 
49 25 25 
49 25 25 
49 25 25 
49 25 25 
49 25 25 
49 25 25 
49 25 25 
49 25 25 
49 25 25 
49 25 25 
49 25 25 
49 25 25 
49 25 36 25 
49 25 36 25 
5 6 25 61 25 
49 25 25 
49 25 25 
49 25 25 
49 25 25 
49 25 25 
49 25 26 25 
49 25 26 25 
49 25 25 
49 25 25 
49 25 25 
49 25 25 
49 25 25 
49 25 25 
49 25 25 
49 25 25 
49 25 25 
5 49 25 8 25 
5 49 25 8 25 
49 25 25 
49 25 25 
49 25 25 
25 25 
25 25 