5 8 8 
5 231 8 8 
5 143 8 144 8 
5 8 35 8 
5 8 8 
5 8 35 8 
5 8 35 8 
5 8 8 
5 8 35 8 
5 8 8 
5 8 8 
5 8 8 
5 8 8 
5 8 8 
5 8 8 
5 8 120 8 
5 344 162 8 8 
5 62 6 63 8 8 
5 143 8 144 8 
5 8 165 8 
5 143 8 144 8 
5 8 8 
5 8 36 122 8 
5 8 8 
5 8 35 8 
5 8 8 
5 62 6 63 8 8 
5 169 162 170 8 8 
5 8 8 
5 377 162 8 8 
5 27 28 169 21 162 170 8 8 
5 231 8 8 
5 8 8 
5 8 8 
5 169 162 170 8 8 
5 8 8 
5 8 35 8 
5 48 6 426 8 8 
5 169 162 170 8 8 
5 162 8 8 
5 143 8 144 8 
5 143 8 144 8 
5 8 12 8 
5 8 511 8 
5 8 8 
5 8 8 
5 380 8 8 
5 232 8 233 8 
5 8 8 
5 8 8 
5 8 8 
5 8 120 8 
5 8 120 8 
5 8 8 
5 8 142 36 8 
5 8 35 8 
5 8 8 
5 8 165 8 
5 162 8 8 
5 8 35 8 
5 8 8 
5 91 6 92 8 8 
5 8 35 8 
5 8 35 8 
5 8 12 8 
5 8 35 8 
5 344 162 8 8 
5 8 12 8 
5 344 162 8 8 
5 162 8 198 8 
5 8 8 
5 232 8 527 8 
5 8 35 8 
5 8 144 8 
5 8 8 
5 8 8 
5 143 8 144 8 
5 519 8 8 
5 519 8 8 
5 8 8 
5 143 8 144 8 
5 8 8 
5 8 8 
5 8 8 
5 8 144 8 
5 143 8 144 8 
5 8 8 
5 8 8 
5 143 8 144 8 
5 143 8 144 8 
5 8 8 
5 8 8 
5 8 12 8 
5 8 165 8 
5 101 8 208 8 
5 101 8 208 8 
5 232 8 233 8 
5 8 8 
5 8 8 
5 8 8 
5 8 8 
5 8 8 
5 8 8 
5 8 8 
5 8 8 
5 8 35 8 
5 8 8 
5 377 162 8 8 
5 8 8 
5 372 8 8 
5 162 8 419 8 
5 143 8 144 8 
5 8 35 8 
5 143 8 144 8 
5 152 8 153 8 
5 254 8 36 255 8 
5 8 8 
5 6 8 8 
5 8 8 
5 8 490 8 
5 8 8 
5 8 8 
5 8 8 
5 8 8 
5 101 8 8 
5 8 8 
5 8 12 8 
5 169 162 170 8 8 
5 8 8 
5 8 8 
5 8 8 
5 143 8 144 8 
5 8 8 
5 6 8 61 8 
5 8 165 8 
5 6 63 64 8 8 
5 196 197 176 162 8 8 
5 415 162 8 8 
5 232 8 233 8 
5 8 8 
5 169 162 170 8 8 
5 171 162 8 172 8 
5 8 8 
5 8 35 8 
5 101 8 8 
5 8 8 
5 8 8 
5 8 8 
5 8 8 
5 8 8 
5 8 8 
5 8 165 8 
5 6 63 8 8 
5 8 8 
5 85 8 70 86 8 
5 85 8 86 8 
5 85 8 86 8 
5 8 8 
5 8 8 
5 8 632 8 
5 6 63 64 8 8 
5 8 8 
5 344 162 8 8 
5 143 8 144 8 
5 8 35 8 
5 8 8 
5 6 63 64 8 8 
5 8 165 8 
5 8 8 
5 162 221 8 8 
5 8 8 
5 8 35 8 
5 8 8 
5 415 162 8 8 
5 169 162 170 8 8 
5 8 8 
5 196 197 524 8 200 8 
5 176 162 8 8 
5 8 8 
5 6 8 8 
5 101 373 8 8 
5 8 8 
5 8 8 
5 8 35 8 
5 143 8 144 8 
5 8 35 8 
5 344 162 8 8 
5 162 8 170 8 
5 8 165 8 
5 169 162 170 8 8 
5 239 162 8 8 
5 232 8 233 8 
5 8 8 
5 8 8 
5 8 35 8 
5 8 8 
5 459 8 8 
5 169 162 170 8 8 
5 8 8 
5 8 8 
5 8 8 
5 8 12 8 
5 8 8 
5 8 8 
5 8 8 
5 8 8 
5 8 8 
5 62 6 63 8 8 
5 8 8 
5 8 8 
5 8 8 
5 8 8 
5 8 8 
5 8 8 
5 8 8 
5 8 8 
5 8 8 
5 8 8 
5 8 8 
5 8 8 
5 8 8 
5 8 8 
5 8 8 