5 8 36 165 36 
5 8 36 165 36 
5 8 36 120 36 
5 8 36 165 36 
5 8 36 165 36 
5 8 36 165 36 
5 8 36 165 36 
5 91 6 92 36 36 
5 8 36 35 36 
254 36 255 36 
5 8 36 165 36 
5 8 36 165 36 
5 8 36 165 36 
5 8 36 165 36 
5 8 36 165 36 
5 8 36 165 36 
5 8 36 36 
5 8 36 36 
5 8 36 36 
5 8 36 36 
5 8 36 36 
7 10 11 36 36 
5 8 36 165 36 
5 8 36 165 36 
5 8 36 165 36 
5 8 36 36 
133 21 22 36 68 24 36 
254 36 255 36 
254 36 255 36 
254 36 255 36 
5 143 8 36 144 36 
254 36 255 36 
5 254 36 255 36 
5 254 8 36 255 36 
5 254 8 36 255 36 
5 254 8 36 255 36 
5 36 36 
254 36 10 11 255 36 
5 254 36 255 36 
5 254 36 255 36 
5 254 36 255 36 
5 36 36 
5 36 36 
5 8 36 165 36 
5 48 6 583 36 36 
5 8 36 165 36 
5 8 36 165 36 
5 8 36 165 36 
5 8 36 165 36 
5 8 36 165 36 
5 8 36 165 36 
5 8 36 120 36 
254 36 255 36 
5 8 36 165 36 
254 36 255 36 
5 8 36 120 36 
5 8 36 165 36 
5 8 36 165 36 
5 8 36 165 36 
5 8 36 165 36 
5 8 36 165 36 
5 8 36 165 36 
5 8 36 165 36 
5 8 36 165 36 
5 8 36 165 36 
5 8 36 165 36 
5 8 36 165 36 
5 8 36 165 36 
5 8 36 165 36 
5 8 36 36 
5 8 36 165 36 
5 8 36 144 201 36 
5 8 36 144 201 36 
36 36 
5 8 36 165 36 
5 8 36 165 36 
5 8 36 165 36 
5 8 36 165 36 
142 36 36 
5 6 374 36 61 36 
5 8 36 165 36 
5 8 36 165 36 
5 8 36 573 36 
5 8 36 165 36 
5 8 36 165 36 
36 122 123 36 
152 36 122 153 36 
254 36 255 36 
254 481 370 36 36 
254 369 370 142 36 36 
254 369 370 142 36 36 
5 8 36 165 36 
5 8 36 165 36 
5 8 36 165 36 
5 8 36 165 36 
254 36 255 36 
254 36 255 36 
5 8 36 165 36 
5 8 36 165 36 
5 8 36 165 36 
5 8 36 165 36 
5 8 36 165 36 
5 8 36 165 36 
5 8 36 165 36 
5 8 36 35 36 
5 8 36 165 36 
5 8 36 36 
5 143 8 36 144 36 
5 8 36 165 36 
5 8 36 165 36 
5 8 36 165 36 
5 8 36 165 36 
48 5 6 36 36 
5 8 36 36 
5 8 36 36 
5 8 36 36 
5 8 36 36 
152 36 153 36 
5 8 36 36 
5 8 36 36 
5 8 36 165 36 
5 8 36 36 
5 8 36 36 
5 8 36 165 36 
5 8 36 165 36 
5 8 36 165 36 
5 8 36 36 
5 8 36 36 
5 8 36 36 
5 8 36 36 
5 8 36 36 
5 8 36 36 
36 283 36 
5 8 36 36 
5 36 36 
5 36 36 
5 36 36 
5 36 36 
5 36 36 
254 36 255 36 
254 152 36 255 153 36 
36 36 
36 36 
36 36 
5 8 36 165 36 
5 8 36 165 36 
5 8 36 165 36 
5 8 36 165 36 
5 8 36 165 36 
5 8 36 165 36 
5 8 36 165 36 
398 254 36 36 
5 8 36 165 36 
5 8 36 165 36 
5 8 36 165 36 
5 8 36 165 36 
5 8 36 165 36 
5 8 36 165 36 
254 36 255 36 
36 122 123 36 
5 8 36 165 36 
5 8 36 165 36 
5 8 36 165 36 
5 8 36 165 36 
5 8 36 165 36 
5 8 36 165 36 
5 372 8 36 36 
5 372 8 36 36 
5 21 22 143 8 37 36 144 24 36 
5 8 36 36 
5 8 36 165 36 
5 8 36 165 36 
5 8 36 165 36 
5 8 36 165 36 
5 8 36 165 36 
5 8 36 165 36 
5 8 36 165 36 
5 8 36 165 36 
5 8 36 165 36 
5 8 36 165 36 
493 254 36 36 
5 8 36 165 36 
5 8 36 144 201 36 
5 344 162 8 36 36 
5 8 36 165 36 
5 8 36 36 
5 8 36 165 36 
5 8 36 165 36 
5 8 36 165 36 
5 8 36 165 36 
5 8 36 165 36 
5 143 8 36 144 36 
5 8 36 36 
5 143 8 36 144 36 
5 143 8 36 144 36 
5 8 36 165 36 
5 8 36 165 36 
5 8 36 165 36 
5 8 36 165 36 
5 8 36 165 36 
5 8 36 36 
36 122 123 36 
5 8 36 165 36 
5 8 36 165 36 
5 8 36 165 36 
5 8 36 165 36 
5 8 36 165 36 
152 36 153 36 
133 21 22 36 68 24 36 
5 8 36 165 36 
5 8 36 165 36 
398 254 36 36 
383 384 254 36 36 
36 36 
5 8 36 36 
5 8 36 165 36 
5 8 36 36 
5 6 374 36 61 36 
5 91 379 6 92 36 36 
5 8 36 165 36 
5 8 36 165 36 
254 36 255 36 
254 36 255 36 
5 91 379 6 92 36 36 
36 122 123 36 
152 36 153 36 
5 8 36 144 201 36 
5 8 36 165 36 
5 8 36 165 36 
383 384 254 36 36 
5 8 36 36 
5 8 36 36 
36 36 
36 36 
5 6 36 61 36 
36 36 
5 8 36 36 
5 143 8 36 144 36 
5 143 8 36 144 36 
5 8 36 165 36 
5 8 36 165 36 
398 254 36 36 
5 8 36 144 201 36 
5 8 36 165 36 
5 8 36 36 
5 8 36 36 
254 36 255 36 
5 8 36 36 
5 8 36 36 
5 8 36 165 36 
5 8 36 165 36 
5 8 36 36 
36 36 
5 8 36 36 
5 398 254 36 36 
5 398 254 36 36 
5 398 254 36 36 
5 8 36 165 36 
5 8 36 165 36 
5 8 36 122 36 
254 369 370 142 36 36 
5 8 36 36 
5 8 36 165 36 
254 36 255 36 
5 8 36 219 36 
5 8 36 219 36 
254 36 255 36 
48 5 6 36 36 
256 21 22 36 584 36 
5 8 36 165 36 
5 8 36 165 36 
5 8 36 165 36 
5 8 36 165 36 
5 8 36 165 36 
5 8 36 165 36 
5 8 36 165 36 
5 143 8 36 144 36 
5 8 36 144 201 36 
5 456 8 36 219 36 
5 91 6 92 36 36 
254 36 255 36 
36 122 123 36 
254 36 255 36 
254 36 255 36 
254 36 255 36 
36 122 123 36 
254 36 255 36 
142 36 36 
5 8 36 35 36 
5 8 36 165 36 
36 36 
254 36 255 36 
5 8 36 36 
5 8 36 36 
5 8 36 36 
5 8 36 36 
5 8 36 36 
5 8 36 36 
5 8 36 36 
254 36 255 36 
36 122 123 36 
254 36 255 36 
5 8 36 165 36 
5 169 162 170 8 36 36 
5 36 36 
5 8 36 36 
36 36 
5 254 36 255 36 
36 122 123 36 
254 36 255 36 
398 254 36 36 
5 585 8 36 144 36 
5 8 36 36 
5 8 36 36 
5 8 36 165 36 
5 8 36 165 36 
5 8 36 122 36 
5 8 36 165 36 
5 398 254 36 36 
5 143 8 36 144 36 
36 122 123 36 
5 8 36 36 
5 8 36 36 
254 36 255 36 
36 122 123 36 
254 36 255 36 
5 8 36 36 
5 8 36 36 
5 8 36 36 
254 36 255 36 
5 254 36 36 
254 36 255 36 
5 8 36 36 
5 8 36 36 
36 122 123 36 
5 8 36 36 
5 8 36 36 
152 36 153 36 
5 8 36 36 
5 8 36 36 
5 8 36 36 
254 36 255 36 
5 8 36 165 36 
5 398 254 36 36 
5 398 254 36 36 
36 122 123 36 
5 8 36 36 
5 8 36 36 
5 8 36 165 36 
36 122 123 36 
5 8 36 36 
5 8 36 165 36 
254 36 255 36 
5 36 36 
398 254 36 36 
142 36 36 
5 8 36 165 36 
5 8 36 165 36 
5 8 36 219 220 36 
254 36 255 36 
254 36 255 36 
254 36 255 36 
254 36 255 36 
36 122 123 36 
5 8 36 36 
5 8 36 165 36 
254 36 255 36 
5 8 36 165 36 
5 8 36 165 36 
5 8 36 36 
5 8 36 36 
254 36 255 36 
254 36 255 36 
5 8 36 165 36 
5 8 36 165 36 
5 8 36 165 36 
5 8 36 165 36 
36 122 123 36 
5 8 36 36 
5 8 36 36 
5 8 36 165 36 
5 8 36 36 
5 8 36 36 
36 122 123 36 
5 8 36 36 
5 8 36 36 
5 8 36 36 
5 8 36 36 
5 8 36 36 
5 8 36 36 
5 8 36 36 
398 254 36 36 
5 8 36 144 36 
5 8 36 144 36 
5 8 36 144 36 
5 8 36 144 201 36 
5 8 36 144 201 36 
254 36 255 36 
159 36 586 70 130 36 
5 8 36 36 
5 8 36 36 
5 8 36 36 
5 6 64 63 36 36 
5 6 64 63 36 36 
5 8 36 165 36 
5 8 36 165 36 
5 8 36 165 36 
493 254 36 36 
493 254 36 36 
5 8 36 36 
5 8 36 36 
5 8 36 36 
5 8 36 36 
5 8 36 165 36 
5 8 36 165 36 
5 8 36 165 36 
5 8 36 165 36 
5 8 36 165 36 
5 8 36 165 36 
5 8 36 35 36 
254 36 36 
254 36 36 
36 122 123 36 
5 8 36 165 36 
36 122 123 36 
5 8 36 165 36 
5 8 36 144 36 
254 36 255 36 
36 122 123 36 
254 36 255 36 
142 36 36 
5 8 36 165 36 
5 8 36 165 36 
5 8 36 165 36 
5 8 36 165 36 
5 8 36 36 
5 8 36 36 
5 8 36 36 
5 8 36 36 
142 36 36 
5 8 36 165 36 
36 122 123 36 
36 122 123 36 
5 8 36 36 
5 8 36 36 
254 36 255 36 
5 143 8 36 144 36 
5 8 36 36 
5 8 36 36 
5 8 36 36 
5 8 36 165 36 
5 8 36 165 36 
5 8 36 36 
5 8 36 36 
5 456 8 36 219 36 
5 8 36 36 
5 8 36 36 
142 36 36 
5 8 36 165 36 
5 143 8 36 144 36 
254 36 255 36 
254 36 255 36 
254 36 255 36 
254 36 255 36 
5 8 36 165 36 
5 345 8 36 346 36 
254 36 255 36 
36 122 123 36 
5 8 36 165 36 
5 8 36 165 36 
5 8 36 36 
5 8 36 36 
5 8 36 36 
5 8 36 120 36 
36 36 
5 8 36 122 123 36 
5 8 36 165 36 
5 8 36 36 
5 8 36 36 
5 8 36 36 
5 8 36 165 36 
254 36 255 36 
5 8 36 165 36 
36 122 123 36 
5 8 36 165 36 
5 8 36 165 36 
5 8 36 165 36 
254 36 255 36 
254 36 255 36 
254 36 255 36 
254 36 255 36 
254 36 255 36 
254 36 255 36 
5 143 8 36 144 36 
5 8 36 36 
254 36 255 36 
5 8 36 120 36 
493 254 36 36 
493 254 36 36 
5 8 36 144 201 36 
5 8 36 36 
5 8 36 165 36 
5 8 36 165 36 
5 8 36 165 36 
36 122 123 36 
36 122 123 36 
5 8 36 36 
142 36 36 
36 122 123 36 
36 122 123 36 
5 372 8 36 36 
5 8 36 36 
5 8 36 36 
5 8 36 36 
21 22 36 68 24 36 
5 8 36 165 36 
5 8 36 36 
5 8 36 36 
5 8 36 36 
5 91 6 92 36 36 
5 91 6 92 36 36 
142 36 36 
142 36 36 
36 122 123 36 
254 36 36 
254 36 36 
254 36 36 
254 36 36 
254 36 255 36 
254 142 36 255 36 
254 36 255 36 
254 36 255 36 
398 254 36 36 
118 226 36 36 
142 36 36 
254 36 255 36 
398 254 36 36 
142 36 36 
254 36 255 36 
254 36 36 
254 36 36 
5 8 142 36 36 
254 36 255 36 
36 122 123 36 
493 254 36 36 
36 122 36 
5 254 36 36 
5 91 379 6 8 36 36 
5 6 36 61 36 
5 6 36 61 36 
5 6 36 61 36 
5 6 36 61 36 
5 6 36 61 36 
5 6 36 61 36 
5 91 6 92 36 36 
254 36 255 36 
254 36 255 36 
254 36 255 36 
254 36 255 36 
254 36 255 36 
254 36 255 36 
254 36 255 36 
254 36 255 36 
254 36 255 36 
5 8 36 36 
5 8 36 36 
5 8 36 36 
5 8 36 165 36 
5 8 36 165 36 
254 36 255 36 
254 36 255 36 
5 8 36 36 
36 122 123 36 
5 8 36 165 36 
5 8 36 165 36 
36 122 123 36 
254 36 255 36 
5 8 36 165 36 
5 8 36 165 36 
5 8 36 165 36 
5 8 36 165 36 
5 8 36 165 36 
5 8 36 36 
5 8 36 165 36 
115 116 21 22 117 36 36 
5 8 36 165 36 
5 6 36 61 36 
5 8 36 36 
5 8 36 36 
5 8 36 36 
5 8 36 36 
5 8 36 36 
5 8 36 36 
5 8 36 35 36 
5 8 36 165 36 
5 8 36 165 36 
5 137 101 8 36 36 
5 8 36 165 36 
5 8 36 165 36 
5 8 36 165 36 
5 8 36 165 36 
5 8 36 165 36 
5 8 36 165 36 
5 8 36 165 36 
5 8 36 165 36 
5 8 36 165 36 
5 8 36 165 36 
5 8 36 165 36 
5 8 36 165 36 
5 8 36 165 36 
5 8 36 165 36 
5 8 36 165 36 
5 8 36 165 36 
5 8 36 165 36 
5 8 36 165 36 
5 8 36 165 36 
5 8 36 165 36 
5 8 36 165 36 
5 8 36 165 36 
5 8 36 36 
5 8 36 36 
5 8 36 36 
5 8 36 36 
254 36 255 36 
152 36 153 36 
5 8 36 165 36 
5 8 36 165 36 
5 8 36 165 36 
36 122 123 36 
254 36 255 36 
254 36 255 36 
36 122 123 36 
5 8 36 122 123 36 
5 8 36 122 123 36 
5 8 36 36 
5 8 36 165 36 
5 8 36 120 36 
5 8 36 165 36 
5 8 36 36 
5 8 142 36 36 
254 36 255 36 
5 8 36 36 
5 8 36 36 
5 8 36 144 201 36 
5 8 36 165 36 
5 8 36 36 
142 36 36 
254 36 255 36 
398 254 36 36 
5 8 36 36 
5 8 36 165 36 
5 8 36 120 36 
5 8 36 36 
5 254 36 36 
5 254 36 36 
5 254 36 36 
5 8 36 36 
254 36 255 36 
5 8 36 165 36 
5 8 36 165 36 
5 8 36 165 36 
5 8 36 165 36 
5 8 36 165 36 
254 36 255 36 
5 8 36 165 36 
5 8 36 165 36 
5 8 36 165 36 
5 8 36 219 36 
5 8 36 219 36 
36 36 
254 36 255 36 
254 36 255 36 
254 36 255 36 
5 8 36 144 201 36 
5 21 8 36 82 24 36 
5 8 36 165 36 
5 8 36 165 36 
5 8 36 165 36 
5 6 36 61 36 
5 6 36 61 36 
254 36 255 36 
5 8 36 165 36 
5 8 36 165 36 
5 8 36 165 36 
5 8 36 165 36 
5 8 36 165 36 
5 8 36 165 36 
36 122 123 36 
5 8 36 165 36 
5 8 36 165 36 
5 8 36 36 
5 8 36 165 36 
5 8 36 36 
5 8 36 165 36 
5 8 36 144 201 36 
254 36 255 36 
254 36 255 36 
5 8 36 219 36 
5 27 28 21 36 36 
5 8 36 165 36 
5 8 36 165 36 
5 8 36 165 36 
36 122 123 36 
36 122 123 36 
36 122 123 36 
36 122 123 36 
254 36 255 36 
5 36 36 
36 584 36 
5 8 36 165 36 
5 493 254 36 36 
36 122 123 36 
5 8 36 36 
5 8 36 36 
5 8 36 165 36 
5 8 36 165 36 
5 8 36 165 36 
5 8 36 165 36 
5 8 36 165 36 
5 6 9 36 36 
5 398 254 36 36 
5 8 36 165 36 
5 8 36 165 36 
5 8 36 36 
5 8 36 165 36 
5 8 36 122 123 36 
36 122 123 36 
36 122 123 36 
5 8 36 36 
254 36 255 36 
254 36 255 36 
254 36 255 36 
254 36 255 36 
142 36 36 
36 122 123 36 
254 36 255 36 
254 36 255 36 
254 370 142 36 36 
254 36 36 
254 36 36 
254 36 36 
5 8 36 122 123 36 
254 36 255 36 
254 36 255 36 
254 36 255 36 
254 36 255 36 
36 122 123 36 
36 122 123 36 
398 254 36 255 36 
254 36 36 
254 36 36 
254 36 36 
5 398 254 8 36 36 
5 8 36 165 36 
5 8 36 165 36 
5 8 36 165 36 
5 36 36 
36 122 123 36 
5 8 36 165 36 
5 8 36 122 123 36 
5 8 36 36 
254 36 255 36 
5 8 36 36 
36 122 123 36 
5 8 36 165 36 
5 8 36 165 36 
5 8 36 165 36 
5 8 36 144 201 36 
5 456 8 36 219 36 
5 8 36 165 36 
5 8 36 165 36 
254 369 370 36 36 
5 8 142 36 36 
254 36 255 36 
345 142 36 396 36 
36 36 
118 36 36 
21 22 36 24 36 
5 36 36 
21 22 36 24 36 
5 21 22 36 36 
5 6 254 36 36 
5 6 254 36 36 
5 8 36 165 36 
5 8 36 165 36 
5 8 36 165 36 
5 8 36 165 36 
5 8 36 165 36 
5 8 36 36 
254 36 255 36 
398 254 36 36 
254 36 255 36 
5 8 36 36 
5 239 162 8 36 36 
5 8 142 36 36 
36 122 123 36 
36 122 123 36 
254 36 255 36 
5 8 36 165 36 
5 8 36 165 36 
5 143 8 36 144 36 
5 8 36 165 36 
5 8 36 36 
254 36 255 36 
254 36 255 36 
5 467 8 36 36 
383 384 254 36 36 
5 8 36 165 36 
5 8 36 165 36 
5 231 8 36 36 
5 456 8 36 219 36 
5 8 36 165 36 
5 8 36 165 36 
5 8 36 165 36 
5 8 36 165 36 
254 36 255 36 
5 8 36 120 36 
5 8 36 165 36 
5 8 36 165 36 
5 8 36 165 36 
5 8 36 165 36 
7 10 11 36 36 
36 122 123 36 
5 8 36 165 36 
5 8 36 165 36 
5 8 36 36 
5 8 36 36 
5 8 36 165 36 
254 36 255 36 
254 36 255 36 
36 122 123 36 
5 8 36 36 
5 254 36 255 36 
5 254 36 255 36 
5 254 36 255 36 
5 8 36 36 
5 8 36 36 
5 8 36 36 
5 8 36 36 
5 8 36 36 
254 36 255 36 
36 122 123 36 
5 8 36 165 36 
5 8 36 165 36 
5 8 36 165 36 
5 8 36 36 
5 8 36 144 201 36 
5 8 36 144 36 
5 8 36 165 36 
5 8 36 165 36 
5 8 36 165 36 
5 8 36 165 36 
5 8 36 165 36 
5 8 36 165 36 
398 254 36 36 
254 36 255 36 
254 36 255 36 
254 36 255 36 
5 8 36 371 36 
5 254 481 370 36 36 
5 254 481 370 36 36 
254 36 255 36 
254 36 255 36 
254 36 255 36 
5 8 36 36 
5 8 36 35 36 
5 8 36 165 36 
5 8 36 165 36 
5 8 36 165 36 
5 8 36 165 36 
5 8 36 165 36 
5 6 210 36 61 36 
5 6 36 36 
36 122 123 36 
5 254 36 255 36 
398 254 36 36 
5 8 36 35 36 
5 21 37 36 24 36 
5 8 36 165 36 
5 8 36 165 36 
5 8 36 165 36 
81 21 36 82 24 36 
5 8 36 165 36 
118 132 36 36 
5 8 36 36 
5 8 36 144 201 36 
5 254 36 255 36 
5 254 36 36 
5 254 36 36 
5 254 36 36 
5 254 36 36 
5 254 36 36 
5 8 36 36 
5 8 36 36 
254 36 255 36 
5 91 6 92 36 36 
36 122 123 36 
5 254 8 36 255 36 
254 36 36 
254 36 36 
254 36 36 
254 36 36 
254 36 36 
254 36 255 36 
254 36 255 36 
254 36 255 36 
254 36 255 36 
5 91 6 92 36 36 
254 36 255 36 
5 8 36 165 36 
118 132 36 36 
118 132 36 36 
5 8 36 165 36 
5 8 36 165 36 
5 8 36 36 
254 36 255 36 
5 8 36 36 
5 8 36 165 36 
36 122 123 36 
5 456 8 36 219 36 
254 36 255 36 
5 8 36 36 
118 226 36 36 
5 8 36 36 
5 8 36 36 
5 8 36 36 
151 152 36 153 36 
5 8 36 36 
254 36 255 36 
5 8 36 36 
5 8 36 165 36 
5 8 36 165 36 
5 8 36 165 36 
5 8 36 36 
254 36 255 36 
5 8 36 144 201 36 
5 8 36 165 36 
254 36 255 36 
254 36 255 36 
5 8 36 36 
5 8 36 165 36 
5 8 36 144 201 36 
5 8 36 36 
5 8 36 165 36 
5 8 36 165 36 
5 8 36 36 
5 143 8 36 144 36 
5 8 36 165 36 
5 143 8 36 144 36 
5 8 36 36 
5 8 36 36 
5 8 36 36 
5 8 36 165 36 
5 8 36 165 36 
5 8 36 144 36 
254 36 255 36 
5 8 36 36 
5 36 36 
5 6 101 8 36 102 36 
5 8 156 36 144 36 
5 36 36 
5 8 36 165 36 
5 8 36 165 36 
36 122 123 36 
5 254 36 255 36 
5 27 28 21 36 36 
5 27 28 21 36 36 
5 8 36 122 123 36 
254 36 36 
254 36 255 36 
36 122 123 36 
254 36 255 36 
254 36 255 36 
254 36 255 36 
159 36 130 36 
254 36 255 36 
398 254 36 36 
398 254 36 36 
142 36 36 
5 8 36 165 36 
5 8 36 36 
36 122 123 36 
142 36 36 
5 8 36 36 
5 8 36 36 
159 36 130 36 
5 8 36 36 
5 8 36 165 36 
5 8 36 165 36 
36 122 123 36 
5 8 36 36 
5 8 36 165 36 
5 8 36 165 36 
5 8 36 36 
254 36 36 
5 8 36 36 
5 8 36 165 36 
5 142 36 36 
5 8 36 165 36 
5 254 36 255 36 
5 254 36 255 36 
5 254 36 255 36 
5 8 36 36 
5 254 8 36 255 36 
5 8 36 165 36 
5 8 36 165 36 
5 8 36 165 36 
36 122 123 36 
254 36 255 36 
254 36 255 36 
254 36 255 36 
254 36 36 
36 122 123 36 
36 122 123 36 
36 122 123 36 
5 143 8 36 144 36 
5 8 36 165 36 
254 36 255 36 
5 8 36 165 36 
5 8 36 165 36 
5 8 36 165 36 
118 226 36 36 
5 8 36 36 
5 8 36 36 
254 36 255 36 
5 8 36 144 201 36 
36 36 
254 36 255 36 
36 36 
5 8 36 36 
5 8 36 36 
254 36 255 36 
5 8 36 165 36 
5 464 8 36 165 36 
5 8 36 165 36 
5 8 36 165 36 
36 122 123 36 
5 6 36 36 
254 36 255 36 
5 8 36 36 
5 8 36 36 
254 36 255 36 
5 8 36 36 
5 8 36 36 
36 122 123 36 
36 122 123 36 
36 122 123 36 
5 8 36 165 36 
5 254 36 255 36 
5 8 36 165 36 
159 36 130 36 
5 8 36 36 
5 8 36 36 
5 8 36 36 
5 8 36 36 
5 142 36 36 
5 187 8 36 165 36 
5 8 36 36 
5 8 36 36 
5 8 36 36 
36 122 123 36 
118 254 36 255 36 
36 122 123 36 
5 8 36 165 36 
5 8 36 165 36 
5 8 36 165 36 
5 8 36 165 36 
5 36 36 
254 36 255 36 
254 36 255 36 
5 8 36 36 
5 8 36 36 
254 36 255 36 
36 122 123 36 
36 122 123 36 
5 8 36 36 
5 8 36 36 
254 36 255 36 
5 8 36 35 36 
5 8 36 36 
5 8 36 36 
7 10 11 36 36 
5 8 36 165 36 
5 8 36 36 
36 122 123 36 
36 122 123 36 
5 8 36 36 
5 8 36 36 
5 7 11 10 36 36 
142 36 36 
5 254 36 255 36 
5 8 36 165 36 
5 8 36 36 
36 122 123 36 
5 254 36 36 
5 8 36 36 
254 36 255 36 
254 36 255 36 
254 36 255 36 
5 254 8 36 255 36 
254 36 255 36 
5 398 254 36 36 
36 122 123 36 
5 8 36 36 
5 8 36 36 
36 122 123 36 
254 36 255 36 
5 118 226 36 36 
5 187 8 36 165 36 
5 8 36 371 36 
5 8 36 36 
5 8 36 36 
5 8 36 36 
5 8 36 36 
5 8 36 36 
5 8 36 36 
5 8 36 36 
5 8 36 36 
5 8 36 36 
5 8 36 36 
36 122 123 36 
36 122 123 36 
5 8 36 165 36 
5 8 36 36 
36 122 123 36 
5 8 36 36 
5 254 36 36 
254 36 255 36 
5 8 36 36 
5 8 36 36 
5 8 36 36 
5 8 36 35 36 
398 254 36 36 
36 122 123 36 
5 6 36 61 36 
5 8 36 36 
36 122 123 36 
5 8 36 36 
5 8 36 36 
5 254 36 36 
5 8 36 36 
5 8 36 36 
5 8 36 219 36 
5 8 36 36 
5 254 369 8 370 36 36 
254 36 255 36 
5 254 36 255 36 
5 8 36 165 36 
5 8 36 36 
5 398 254 36 36 
5 8 36 36 
5 8 36 122 36 
36 122 123 36 
254 36 36 
5 8 36 165 36 
36 122 123 36 
36 122 123 36 
5 187 8 36 165 36 
254 370 142 36 36 
5 8 36 165 36 
5 8 36 36 
254 36 255 122 123 36 
5 8 36 165 36 
254 36 255 36 
5 8 36 165 36 
5 187 8 36 165 36 
5 398 254 36 36 
254 36 255 36 
230 142 11 10 36 253 125 36 
36 122 123 36 
5 8 36 36 
5 8 36 36 
5 8 36 36 
5 8 36 36 
254 36 255 36 
5 398 254 36 36 
36 122 123 36 
254 36 255 36 
36 122 123 36 
5 8 36 36 
5 187 8 36 165 36 
5 8 36 36 
36 122 123 36 
5 8 36 36 
5 8 36 165 36 
5 8 36 36 
5 398 254 36 36 
5 8 36 36 
36 122 123 36 
5 187 8 36 165 36 
5 187 8 36 165 36 
5 8 36 36 
5 8 36 36 
5 8 36 165 36 
5 8 36 36 
5 8 36 165 36 
398 254 36 36 
5 8 36 36 
5 8 36 36 
398 254 36 36 
36 122 123 36 
254 36 255 36 
142 36 36 
142 36 36 
142 36 36 
398 254 36 36 
5 8 36 36 
5 8 36 36 
254 36 255 36 
254 36 255 36 
5 8 36 36 
5 8 36 165 36 
5 8 36 36 
5 8 36 36 
5 8 36 36 
36 122 123 36 
5 6 36 61 36 
5 8 36 144 201 36 
5 143 8 36 144 36 
5 254 481 8 370 36 219 36 
36 122 123 36 
36 122 123 36 
36 122 123 36 
493 254 36 36 
254 36 255 36 
254 36 255 36 
254 36 255 36 
118 36 36 
5 254 8 36 255 219 36 
36 122 123 36 
36 122 123 36 
5 8 36 36 
254 36 255 36 
36 122 123 36 
254 36 255 36 
5 254 36 255 36 
5 8 36 165 36 
36 122 123 36 
254 36 255 36 
254 36 255 36 
5 8 36 219 36 
5 8 36 219 36 
5 8 36 219 36 
5 8 36 36 
5 8 36 36 
5 8 36 36 
5 8 36 36 
254 36 255 36 
36 122 123 36 
159 36 130 36 
36 122 123 36 
5 8 36 36 
5 8 36 36 
36 122 123 36 
398 254 36 36 
142 36 36 
5 8 36 36 
5 8 36 36 
5 8 36 36 
398 254 36 36 
159 254 369 370 36 130 36 
36 122 123 36 
254 36 255 36 
5 8 36 36 
5 8 36 36 
5 8 36 36 
142 36 36 
36 122 123 36 
5 8 36 36 
5 8 36 36 
7 36 11 10 122 123 36 
5 8 36 165 36 
5 8 36 165 36 
5 8 36 36 
5 187 8 36 165 36 
5 254 36 255 36 
460 36 36 
254 36 255 36 
5 8 36 36 
254 36 255 36 
5 8 36 165 36 
254 36 255 36 
254 36 255 36 
254 36 255 36 
254 36 255 36 
5 254 36 255 36 
254 36 255 36 
5 8 36 165 36 
5 8 36 165 36 
254 36 255 36 
254 36 255 36 
5 8 36 36 
254 36 255 36 
254 36 255 36 
5 8 36 165 36 
5 254 36 255 36 
5 8 36 165 36 
5 8 36 36 
254 36 255 36 
36 36 
5 36 36 
5 36 36 
5 36 36 
5 36 36 
5 36 36 
5 36 36 
5 36 36 
5 36 36 
5 36 36 
5 36 36 
28 21 22 36 203 36 
5 8 36 36 
5 8 36 36 
36 122 123 36 
5 8 36 36 
254 369 370 142 36 36 
5 6 23 36 139 36 
5 8 36 165 36 
36 122 123 36 
5 8 36 36 
5 8 36 36 
5 8 36 36 
5 8 36 36 
5 8 36 36 
5 8 36 36 
5 143 8 36 144 36 
5 8 36 165 36 
5 8 36 165 36 
5 8 12 36 36 
5 8 36 144 36 
398 254 36 36 
118 226 36 36 
254 36 255 36 
5 8 36 165 36 
5 8 36 165 36 
5 8 36 165 36 
5 8 36 165 36 
5 8 36 36 
5 8 36 165 36 
5 8 36 165 36 
398 254 36 36 
254 36 255 36 
254 36 255 36 
254 36 255 36 
254 36 255 36 
254 36 255 36 
254 36 255 36 
254 36 255 36 
254 36 255 36 
5 8 36 165 36 
5 6 23 36 139 36 
5 8 36 36 
5 8 36 165 36 
5 8 36 165 36 
5 8 36 165 36 
5 8 36 36 
5 8 36 36 
5 8 36 36 
5 8 36 165 36 
36 122 123 36 
5 8 36 165 36 
142 36 36 
398 254 36 122 36 
398 254 36 122 36 
5 8 36 165 36 
5 8 36 165 36 
5 8 36 165 36 
5 8 36 36 
5 8 36 165 36 
36 122 123 36 
5 8 36 36 
36 122 123 36 
118 254 36 36 
5 8 36 165 36 
36 122 123 36 
5 8 36 165 36 
254 369 370 142 36 36 
5 8 36 165 36 
5 8 36 165 36 
5 8 36 36 
254 36 255 36 
254 36 255 36 
254 36 36 
254 36 36 
254 36 255 36 
5 142 36 36 
118 226 36 36 
254 36 255 36 
254 36 255 36 
254 36 255 36 
5 493 254 36 36 
5 36 122 36 
254 36 255 36 
254 36 255 36 
254 36 36 
254 36 36 
254 36 36 
254 36 36 
254 36 255 36 
254 36 255 36 
254 36 255 36 
254 36 255 36 
5 8 36 36 
5 8 36 36 
5 8 36 165 36 
5 8 36 165 36 
5 8 36 165 36 
142 36 36 
5 8 36 165 36 
5 8 36 165 36 
5 8 142 36 36 
36 122 123 36 
254 36 255 36 
254 369 370 142 36 36 
254 369 370 142 36 36 
254 369 370 142 36 36 
254 369 370 142 36 36 
254 369 370 142 36 36 
254 369 370 142 36 36 
254 369 370 142 36 36 
254 369 370 142 36 36 
254 369 370 142 36 36 
254 369 370 142 36 36 
254 369 370 142 36 36 
254 369 370 142 36 36 
5 8 36 36 
254 36 255 36 
5 8 36 36 
5 6 36 61 36 
5 36 36 
5 8 36 36 
5 8 36 165 36 
5 8 36 165 36 
5 8 36 36 
5 8 36 165 36 
383 384 254 36 36 
383 384 254 36 36 
28 21 22 36 483 36 
5 398 254 36 36 
5 398 254 36 36 
5 254 36 36 
5 8 36 36 
5 8 36 36 
5 8 36 165 36 
5 48 6 36 36 
5 8 36 36 
5 254 36 36 
5 254 36 36 
5 254 36 36 
5 254 36 36 
5 254 36 36 
5 254 36 36 
5 254 36 36 
254 369 370 142 36 36 
5 8 36 36 
5 8 36 36 
5 8 36 36 
25 26 36 36 
5 6 36 61 36 
5 6 36 61 36 
587 10 11 36 125 36 
28 21 22 36 483 36 
28 21 22 36 483 36 
28 21 22 36 483 36 
28 21 22 36 483 36 
28 21 22 36 483 36 
28 21 22 36 483 36 
5 239 162 8 36 36 
5 8 36 165 36 
118 152 119 36 153 36 
5 8 36 36 
5 8 36 36 
5 36 36 
254 36 36 
398 254 36 36 
254 36 36 
254 36 36 
254 36 36 
254 36 36 
254 36 36 
5 8 36 122 123 36 
254 36 255 36 
118 36 36 
254 36 255 36 
254 36 255 36 
254 36 36 
254 36 255 36 
254 36 255 36 
254 36 255 36 
5 8 36 36 
36 122 123 36 
36 122 123 36 
36 122 123 36 
5 8 36 36 
36 122 123 36 
5 398 254 36 36 
5 118 226 8 36 36 
5 118 226 8 36 36 
5 8 36 165 36 
36 122 123 36 
5 8 36 36 
5 8 36 36 
5 8 36 36 
5 8 36 36 
5 8 36 36 
5 8 36 36 
5 8 36 36 
5 8 36 36 
5 8 36 36 
5 8 36 36 
5 8 36 36 
5 8 36 36 
5 8 36 36 
5 8 36 36 
5 8 36 36 
5 8 36 36 
5 8 36 36 
5 8 36 36 
5 8 36 36 
5 8 36 36 
5 8 36 165 36 
36 122 123 36 
118 36 36 
254 36 255 36 
254 36 255 36 
254 36 255 36 
5 8 36 165 36 
5 118 132 36 36 
36 122 123 36 
5 8 36 36 
254 369 370 36 36 
5 8 36 165 36 
5 8 36 165 36 
5 8 36 165 36 
5 8 36 165 36 
5 8 36 36 
254 36 255 36 
254 36 255 36 
5 493 254 36 36 
36 122 123 36 
36 122 123 36 
5 8 36 165 36 
7 10 11 36 36 
254 369 370 142 36 36 
152 36 153 36 
254 36 255 36 
5 528 8 36 36 
5 8 36 165 36 
5 8 12 36 36 
5 48 6 36 36 
5 8 36 36 
5 8 36 36 
5 8 36 144 201 36 
5 8 36 36 
5 8 36 165 36 
5 173 118 8 36 36 
5 8 36 165 36 
5 8 36 36 
5 8 36 165 36 
5 8 36 165 36 
383 384 254 36 36 
5 8 36 165 36 
142 36 36 
5 456 8 36 219 36 
5 8 36 36 
5 8 36 165 36 
36 122 123 36 
5 8 36 36 
254 36 255 122 36 
254 36 36 
254 36 255 36 
254 36 255 36 
28 21 22 7 11 10 36 483 36 
254 36 255 36 
36 122 123 36 
254 36 255 36 
5 162 8 36 36 
5 8 36 36 
5 8 36 36 
5 8 36 36 
36 122 123 36 
5 8 36 144 201 36 
5 8 36 36 
5 8 36 165 36 
5 8 36 165 36 
5 8 36 36 
118 226 36 36 
5 8 36 36 
254 36 255 36 
5 8 36 36 
5 8 36 36 
5 8 36 36 
5 8 36 36 
254 36 255 36 
5 231 8 36 36 
5 8 36 165 36 
36 122 123 36 
5 8 36 165 36 
5 8 36 36 
254 36 255 36 
254 36 255 36 
254 36 255 36 
254 36 255 36 
254 36 255 36 
5 493 254 36 36 
5 8 36 36 
5 8 36 36 
5 8 36 36 
5 8 36 36 
5 8 36 36 
5 8 36 36 
398 254 36 36 
5 8 36 122 165 36 
5 8 36 36 
5 254 36 255 36 
5 8 36 36 
5 8 36 36 
5 8 36 165 36 
5 456 8 36 219 36 
5 8 36 165 36 
5 8 36 165 36 
5 8 36 165 36 
5 8 36 36 
5 8 36 36 
5 8 36 165 36 
142 36 36 
5 8 36 165 36 
5 8 36 36 
254 36 255 36 
5 8 36 36 
5 8 36 165 36 
5 8 36 36 
254 36 255 36 
5 8 36 165 36 
5 8 36 165 36 
5 8 36 165 36 
5 8 36 165 36 
5 8 36 165 36 
5 8 36 165 36 
5 8 36 165 36 
254 36 255 36 
254 36 255 36 
254 36 36 
254 36 255 36 
5 493 254 36 36 
5 8 36 36 
118 226 36 36 
142 36 36 
5 8 36 36 
5 8 36 165 36 
5 8 36 36 
5 8 36 165 36 
5 8 36 165 36 
5 8 36 165 36 
5 8 36 165 36 
5 8 36 36 
142 36 36 
5 8 36 36 
36 36 
5 8 36 36 
5 8 36 36 
5 8 36 36 
5 8 36 165 36 
5 8 36 165 36 
254 36 255 36 
254 36 255 36 
398 254 36 36 
36 122 123 36 
5 8 36 165 36 
5 8 36 165 36 
254 36 255 36 
36 122 123 36 
398 254 36 36 
5 8 36 165 36 
5 8 36 165 36 
5 8 36 165 36 
5 8 36 36 
5 8 36 165 36 
5 8 36 122 36 
5 8 36 36 
5 8 36 36 
5 8 36 165 36 
5 8 36 36 
5 8 36 36 
398 254 36 36 
5 8 36 165 36 
5 8 36 36 
5 8 12 36 36 
5 8 36 36 
5 8 36 36 
5 8 36 36 
5 8 36 165 36 
5 8 36 165 36 
5 8 36 165 36 
5 8 36 36 
5 36 122 36 
5 8 36 36 
5 8 36 36 
5 8 36 36 
254 36 36 
5 8 36 36 
5 254 481 370 36 36 
5 8 36 165 36 
5 8 36 36 
5 378 232 8 36 36 
5 8 36 36 
36 122 123 36 
398 254 36 36 
36 122 123 36 
5 8 36 36 
118 226 36 122 36 
5 254 8 36 255 36 
5 254 36 36 
5 254 36 36 
142 36 36 
142 36 36 
254 36 255 36 
254 36 255 36 
5 8 36 36 
254 36 255 36 
5 8 36 36 
5 8 36 36 
5 8 36 36 
5 8 36 144 201 36 
5 8 36 165 36 
5 6 63 64 36 36 
5 8 36 36 
5 8 36 165 36 
5 8 36 36 
5 8 36 36 
36 122 123 36 
36 122 123 36 
5 8 36 165 36 
5 8 36 165 36 
5 8 36 36 
5 8 36 165 36 
5 8 36 36 
5 8 36 165 36 
5 8 36 165 36 
5 8 36 36 
36 122 123 36 
254 36 255 36 
5 8 36 165 36 
5 398 254 36 36 
398 254 36 36 
142 36 36 
5 8 36 219 36 
5 8 36 219 36 
5 8 36 219 36 
5 118 226 36 36 
5 254 8 36 255 36 
5 8 36 36 
142 36 36 
142 36 36 
5 8 36 36 
5 8 36 36 
5 8 36 36 
5 8 36 36 
5 8 36 36 
5 8 36 36 
5 8 36 36 
5 8 36 36 
5 8 36 144 36 
5 8 36 165 36 
5 8 36 165 36 
5 8 36 165 36 
254 36 255 36 
5 142 36 36 
384 254 36 407 36 
118 119 36 36 
254 36 255 36 
254 36 255 36 
118 226 36 36 
5 8 36 36 
5 8 36 165 36 
5 8 36 36 
5 8 36 36 
254 36 255 36 
5 8 36 36 
5 254 36 255 36 
5 8 36 36 
5 8 36 36 
254 36 255 36 
36 122 123 36 
254 36 255 36 
5 8 36 36 
5 8 36 36 
5 8 36 219 36 
5 8 36 219 36 
254 36 255 36 
5 8 36 122 36 
5 8 36 36 
254 36 255 36 
5 8 36 36 
5 8 36 36 
5 8 36 36 
5 8 36 36 
5 8 36 36 
5 8 36 36 
5 8 36 36 
5 8 36 36 
5 36 36 
5 7 8 11 10 12 36 36 
36 122 123 36 
5 8 36 36 
5 8 36 36 
5 8 36 219 36 
588 112 248 142 113 36 36 
5 8 532 36 144 36 
5 8 36 36 
5 398 254 8 36 36 
5 8 36 36 
36 122 123 36 
5 8 36 36 
5 8 36 36 
5 8 36 36 
254 36 255 36 
254 36 255 36 
5 254 36 255 36 
5 8 36 36 
36 122 123 36 
5 36 36 
5 254 8 36 255 36 
36 122 123 36 
254 36 255 36 
254 36 255 36 
5 8 36 36 
398 254 36 36 
5 8 36 36 
5 8 36 36 
5 8 36 165 36 
254 36 255 36 
254 36 255 36 
5 8 36 36 
36 122 123 36 
5 398 254 36 36 
5 8 36 165 36 
5 254 36 255 36 
5 8 36 36 
5 8 36 36 
5 8 36 165 36 
345 142 36 396 36 
254 36 255 36 
254 36 255 36 
5 8 36 36 
5 8 12 36 36 
5 8 36 165 36 
5 8 36 36 
5 8 36 165 36 
5 8 36 36 
5 8 36 36 
5 8 36 36 
36 122 123 36 
5 8 36 36 
5 8 36 36 
254 369 370 36 36 
36 122 123 36 
398 254 36 122 36 
254 36 255 36 
5 8 36 36 
5 8 36 36 
5 8 36 36 
5 398 254 36 36 
5 8 36 36 
398 254 36 36 
254 36 255 36 
398 254 36 36 
36 122 123 36 
5 398 254 36 36 
5 8 36 36 
5 8 36 165 36 
5 8 36 219 36 
5 8 36 219 36 
5 8 36 219 36 
254 36 36 
5 8 36 36 
5 8 36 165 36 
5 8 36 36 
5 8 36 36 
5 8 36 165 36 
5 8 36 36 
254 36 255 36 
5 8 36 36 
5 8 36 36 
5 8 36 165 36 
5 8 36 36 
5 8 36 165 36 
5 8 36 36 
5 8 36 165 36 
5 254 36 255 36 
118 254 36 255 36 
5 8 36 36 
5 8 36 36 
5 8 36 36 
5 8 36 165 36 
142 36 36 
36 122 123 36 
5 8 36 36 
5 36 36 
5 8 36 36 
5 8 36 36 
5 8 36 36 
5 8 36 165 36 
5 8 36 36 
5 254 8 36 255 36 
5 8 36 36 
5 6 36 61 36 
254 36 255 36 
254 36 255 36 
36 122 123 36 
36 122 123 36 
5 8 36 165 36 
5 8 36 165 36 
5 8 36 36 
5 8 36 36 
5 254 481 370 36 36 
5 8 36 36 
5 254 36 255 36 
36 122 123 36 
398 254 36 36 
5 8 36 165 36 
5 8 36 165 36 
254 36 255 36 
254 36 255 36 
5 8 36 165 36 
5 8 36 36 
36 122 123 36 
5 8 36 36 
5 8 36 36 
5 8 36 36 
5 8 36 36 
5 8 36 36 
5 8 36 36 
5 8 36 36 
36 122 123 36 
36 122 123 36 
398 254 36 36 
254 36 255 36 
398 254 36 36 
5 8 36 36 
5 8 36 36 
5 8 36 36 
5 8 36 36 
5 372 8 36 36 
5 8 36 165 36 
254 36 255 36 
254 36 255 36 
5 8 36 36 
5 8 36 165 36 
36 122 123 36 
5 8 36 165 36 
5 8 36 36 
36 122 123 36 
254 36 255 36 
5 8 36 36 
5 8 36 36 
5 8 36 36 
5 8 36 36 
254 36 255 36 
36 122 123 36 
5 8 36 122 36 
36 36 
36 122 123 36 
5 8 36 122 36 
254 36 255 36 
5 254 36 255 36 
398 254 36 36 
142 36 36 
5 8 36 36 
5 8 36 36 
5 8 36 36 
36 122 123 36 
5 8 36 36 
254 36 255 36 
5 8 36 36 
5 8 36 36 
5 8 36 36 
36 122 123 36 
5 237 238 36 36 
5 101 373 8 36 36 
5 254 36 36 
5 254 36 36 
36 122 123 36 
5 8 12 36 36 
36 122 123 36 
5 143 8 36 144 36 
5 8 36 36 
5 8 36 36 
254 36 255 36 
5 8 36 165 36 
5 8 36 165 36 
5 8 36 165 36 
5 8 36 36 
5 8 36 165 36 
5 8 36 165 36 
5 8 36 36 
254 36 255 36 
36 122 123 36 
118 226 36 122 36 
5 8 36 36 
5 8 36 36 
36 122 123 36 
5 254 36 255 36 
254 36 255 36 
254 36 255 36 
5 8 36 36 
36 122 123 36 
5 8 36 165 36 
5 8 36 165 36 
5 8 36 165 36 
5 8 36 36 
254 36 255 36 
254 36 255 36 
5 8 36 36 
36 122 123 36 
142 36 36 
5 254 481 370 36 36 
5 8 36 36 
36 122 123 36 
254 36 255 36 
5 6 36 36 
5 8 36 36 
36 122 123 36 
5 8 36 165 36 
5 8 36 36 
5 8 36 36 
36 122 123 36 
5 6 23 36 139 36 
48 5 6 36 36 
48 5 6 36 36 
254 36 255 36 
254 36 255 36 
36 122 123 36 
142 36 36 
142 36 36 
142 36 36 
36 122 123 36 
383 384 254 36 36 
36 584 36 
5 8 36 165 36 
36 122 123 36 
5 8 36 393 36 
5 8 36 165 36 
5 8 36 165 36 
5 143 8 36 144 36 
5 143 8 36 144 36 
5 8 36 36 
254 36 255 36 
5 118 226 36 36 
5 8 36 122 36 
5 8 36 165 36 
254 36 255 36 
254 36 255 36 
398 254 36 36 
5 8 36 36 
36 122 123 36 
48 5 6 159 36 130 36 
48 5 6 159 36 130 36 
48 5 6 159 36 130 36 
48 5 6 159 36 130 36 
48 5 6 159 36 130 36 
5 8 36 36 
5 8 36 36 
5 8 36 36 
5 8 36 165 36 
254 142 36 255 36 
254 36 255 36 
5 8 36 36 
5 8 36 36 
5 8 36 144 201 36 
5 8 36 165 36 
48 5 6 345 36 396 36 
36 122 123 36 
254 36 255 36 
254 36 36 
254 36 255 36 
398 254 36 36 
383 384 254 36 36 
142 36 36 
5 254 36 255 36 
5 254 36 255 36 
5 8 36 36 
36 122 123 36 
5 8 36 219 36 
5 8 36 219 36 
118 132 36 36 
5 8 36 36 
254 36 255 36 
254 36 255 36 
254 36 255 36 
5 6 63 23 36 36 
36 122 123 36 
118 226 36 36 
5 8 36 165 36 
5 8 36 165 36 
5 8 36 36 
5 8 36 36 
5 36 36 
254 36 255 36 
118 226 36 36 
5 8 36 36 
5 8 36 144 201 36 
36 122 123 36 
5 8 36 122 123 36 
5 36 36 
398 254 36 36 
254 36 255 36 
5 8 36 36 
5 8 36 36 
5 8 36 36 
5 8 36 36 
5 8 36 36 
5 8 36 36 
5 8 36 36 
5 8 36 36 
5 8 36 36 
5 36 36 
254 36 255 36 
36 122 123 36 
5 8 36 36 
5 8 36 144 201 36 
5 8 36 165 36 
254 36 255 36 
254 36 255 36 
5 8 36 36 
5 8 36 36 
5 36 36 
5 8 36 36 
5 8 36 165 36 
5 8 36 165 36 
5 8 36 36 
5 8 36 165 36 
142 36 36 
5 8 36 36 
5 8 36 36 
5 8 36 165 36 
5 8 36 165 36 
118 226 36 36 
254 36 36 
36 122 123 36 
5 36 36 
5 254 36 36 
254 36 255 36 
398 254 36 255 36 
36 122 123 36 
254 36 255 36 
5 8 36 36 
5 8 36 36 
5 8 36 36 
5 8 36 36 
5 8 36 36 
5 8 36 36 
5 8 36 36 
5 8 36 36 
5 493 254 36 36 
5 8 36 36 
5 8 36 36 
5 8 36 36 
254 36 255 36 
5 36 36 
398 254 36 36 
398 254 36 36 
5 8 36 36 
5 8 36 36 
398 254 36 36 
5 398 254 36 36 
398 254 36 36 
398 254 36 36 
254 36 255 36 
254 369 370 142 36 36 
5 8 36 36 
5 8 36 36 
5 36 36 
5 8 36 165 36 
5 8 36 36 
5 8 36 36 
5 8 36 36 
5 187 8 36 165 36 
5 187 8 36 165 36 
254 36 36 
5 8 36 36 
5 8 36 36 
5 8 36 36 
5 8 36 36 
5 8 36 36 
5 8 36 36 
5 91 6 92 36 36 
398 254 36 36 
254 36 255 36 
36 122 123 36 
5 8 36 36 
5 161 8 36 36 
36 122 123 36 
5 8 36 36 
5 8 36 165 36 
5 8 36 36 
254 36 255 36 
5 8 36 36 
5 8 36 219 36 
5 8 36 165 36 
5 8 36 36 
5 8 36 36 
254 36 255 36 
254 36 255 36 
254 36 36 
36 122 123 36 
5 8 36 144 201 36 
254 36 255 36 
5 8 36 122 36 
5 8 36 122 36 
48 5 6 36 122 123 36 
254 36 36 
5 8 36 36 
36 122 123 36 
5 8 36 36 
5 8 36 36 
5 8 36 36 
5 8 36 36 
5 8 36 36 
254 36 255 36 
254 36 255 36 
5 8 36 36 
5 8 36 36 
5 254 36 255 36 
5 8 36 36 
5 36 36 
5 36 36 
5 36 36 
5 36 36 
5 8 36 165 36 
5 8 36 36 
5 8 36 36 
254 36 255 36 
118 119 36 36 
254 36 255 36 
36 122 123 36 
5 8 36 36 
5 187 8 36 165 36 
5 8 36 165 36 
5 8 36 36 
5 8 36 36 
5 8 36 165 36 
5 8 36 36 
36 122 123 36 
5 8 36 36 
398 254 36 255 36 
5 254 36 36 
36 122 123 36 
5 8 36 144 201 36 
5 8 36 36 
254 36 255 36 
5 8 36 36 
5 8 36 36 
5 36 122 36 
5 8 36 165 36 
36 122 123 36 
5 8 36 36 
5 8 36 36 
5 8 36 165 36 
5 8 36 165 36 
5 8 36 165 36 
5 8 36 36 
5 8 36 36 
5 8 36 165 36 
5 8 36 36 
254 36 255 36 
118 226 36 36 
118 226 36 36 
254 36 255 36 
36 122 123 36 
254 36 255 36 
5 8 36 36 
5 8 36 36 
254 36 255 36 
254 36 36 
36 122 123 36 
5 8 36 36 
254 36 255 36 
5 8 36 165 36 
5 254 36 255 36 
36 122 123 36 
254 36 36 
5 398 254 36 36 
36 122 123 36 
5 8 36 165 36 
5 8 36 144 201 36 
5 8 36 36 
5 6 36 61 36 
5 187 8 36 165 36 
254 36 255 36 
5 254 36 36 
5 8 36 36 
5 8 36 165 36 
5 36 36 
142 36 36 
142 36 36 
142 36 36 
254 36 255 36 
5 8 36 36 
5 187 8 36 165 36 
5 8 36 165 36 
5 8 36 165 36 
5 8 36 165 36 
5 187 8 36 165 36 
5 8 36 36 
5 254 36 255 36 
254 36 255 36 
5 8 36 36 
5 8 36 36 
36 122 123 36 
5 8 36 36 
5 8 36 36 
5 8 36 165 36 
5 8 36 36 
5 8 36 36 
5 8 36 36 
5 254 36 255 36 
5 142 36 36 
5 6 8 36 61 36 
5 8 36 36 
5 8 36 165 36 
5 8 36 36 
5 398 254 36 36 
5 8 36 36 
36 122 123 36 
254 36 255 36 
5 187 8 36 165 36 
5 112 248 8 113 36 249 219 36 
5 8 36 36 
36 36 
36 122 123 36 
5 8 36 36 
5 8 36 122 123 36 
5 8 36 122 123 36 
36 122 123 36 
5 8 36 165 36 
36 122 123 36 
5 254 36 255 36 
5 8 36 165 36 
36 122 123 36 
36 122 123 36 
5 8 36 36 
5 8 36 165 36 
36 122 123 36 
36 122 123 36 
5 8 36 36 
5 8 36 36 
36 122 123 36 
254 36 255 36 
398 254 36 36 
5 8 36 165 36 
5 8 36 165 36 
5 8 36 165 36 
5 8 36 36 
254 36 255 36 
254 36 255 36 
254 36 255 36 
254 36 255 36 
5 8 36 36 
5 8 36 36 
5 8 36 36 
36 122 123 36 
5 8 36 36 
254 36 255 36 
254 36 255 36 
5 101 395 8 36 36 
5 101 8 36 36 
254 36 255 36 
5 8 36 122 123 36 
5 8 36 165 36 
5 8 36 165 36 
5 8 36 36 
5 8 36 35 36 
5 8 36 165 36 
5 8 36 165 36 
5 8 36 165 36 
5 8 36 36 
5 187 8 36 165 36 
254 36 255 36 
5 8 36 36 
5 8 36 36 
383 384 254 36 36 
5 8 36 36 
5 8 36 36 
5 8 36 165 36 
254 36 255 36 
5 8 36 165 36 
5 8 36 36 
5 8 36 144 201 36 
5 8 36 165 36 
254 36 255 36 
5 8 36 36 
254 36 255 36 
5 8 36 165 36 
152 36 153 36 
36 122 123 36 
5 8 36 36 
5 8 36 36 
5 8 36 165 36 
5 8 36 165 36 
5 8 36 165 36 
5 8 36 165 36 
5 91 6 92 36 36 
5 6 36 61 36 
36 122 123 36 
254 36 255 36 
254 36 255 36 
254 36 255 36 
254 36 255 36 
118 226 36 36 
7 10 11 36 36 
5 8 36 36 
5 8 36 36 
5 8 36 144 201 36 
5 8 36 144 201 36 
5 231 8 36 36 
5 8 36 36 
5 8 36 36 
254 36 255 36 
383 384 254 36 36 
5 143 8 36 144 36 
5 8 36 36 
5 8 36 36 
5 8 36 36 
5 8 36 36 
5 8 36 144 201 36 
5 8 36 36 
5 8 36 36 
5 8 36 165 36 
5 8 36 36 
5 8 36 36 
5 8 36 36 
5 8 36 144 201 36 
5 8 36 36 
5 8 36 36 
254 36 255 36 
133 21 22 36 68 24 36 
5 6 8 36 36 
254 36 36 
5 8 36 165 36 
5 8 36 165 36 
5 8 36 36 
398 254 36 36 
5 142 36 36 
254 36 255 36 
254 36 36 
254 36 36 
254 36 255 36 
254 36 36 
5 137 101 8 36 36 
36 122 36 
36 122 36 
36 122 36 
36 122 36 
254 36 255 36 
254 36 255 36 
5 8 36 165 36 
5 187 8 36 165 36 
5 143 8 36 144 36 
254 36 255 36 
5 8 36 36 
5 8 36 165 36 
5 8 36 36 
5 8 36 36 
5 8 36 36 
5 8 36 36 
5 8 36 144 201 36 
5 8 36 36 
254 36 255 36 
5 8 36 36 
5 8 36 36 
5 8 36 36 
5 8 36 36 
5 8 36 36 
5 8 36 36 
5 8 36 165 36 
5 8 36 35 36 
36 122 123 36 
5 8 36 36 
5 8 36 36 
5 8 36 36 
254 36 255 36 
5 8 36 36 
5 398 254 36 36 
254 36 255 36 
36 122 123 36 
254 36 36 
5 8 36 36 
142 36 36 
36 122 123 36 
5 142 36 36 
254 36 255 36 
5 187 8 36 165 36 
5 8 36 36 
5 8 36 36 
142 36 36 
5 8 36 165 36 
5 8 36 36 
5 8 36 36 
254 36 255 36 
5 8 36 36 
36 122 123 36 
5 8 36 36 
5 8 36 36 
398 254 36 36 
5 8 36 165 36 
142 36 36 
5 8 36 36 
398 254 36 36 
254 36 255 36 
5 8 36 36 
5 8 36 36 
5 8 36 36 
5 8 36 165 36 
5 8 36 165 36 
5 8 36 165 36 
5 8 36 165 36 
5 8 36 36 
36 122 123 36 
5 8 36 36 
5 8 36 36 
36 122 123 36 
254 36 255 36 
5 8 36 36 
5 8 36 36 
254 369 370 142 36 36 
5 8 36 36 
5 7 8 10 11 36 36 
254 36 255 36 
5 187 8 36 165 36 
5 187 8 36 165 36 
5 187 8 36 165 36 
5 187 8 36 165 36 
5 8 36 36 
5 8 36 36 
5 8 36 36 
5 8 36 36 
5 8 36 36 
5 254 370 36 36 
254 36 255 36 
5 254 36 255 36 
5 8 36 36 
118 36 36 
118 36 36 
5 8 36 165 36 
5 8 36 36 
5 8 36 36 
398 254 36 36 
254 36 255 36 
398 254 36 36 
5 8 36 165 36 
5 8 36 36 
5 8 36 36 
5 8 36 36 
5 8 36 36 
493 254 36 36 
36 122 123 36 
5 8 36 36 
5 8 36 36 
5 8 36 36 
493 254 36 36 
36 122 123 36 
5 8 36 165 36 
254 36 255 36 
254 36 255 36 
5 8 36 36 
254 36 255 36 
254 36 255 36 
5 36 36 
36 122 123 36 
5 8 36 165 36 
5 8 36 165 36 
398 254 36 36 
398 254 36 36 
5 8 36 36 
5 8 36 36 
254 36 255 36 
398 254 36 36 
5 8 36 122 123 36 
254 36 255 36 
5 8 36 36 
5 8 36 36 
5 8 36 36 
254 36 255 36 
5 8 36 165 36 
254 36 255 36 
5 8 36 36 
5 254 36 255 36 
5 8 36 36 
5 6 36 61 36 
254 36 255 36 
5 8 36 36 
36 122 123 36 
5 8 36 165 36 
36 122 123 36 
254 36 255 36 
5 8 36 36 
5 109 28 21 36 80 110 36 
5 402 8 36 36 
5 398 254 36 36 
5 8 36 165 36 
5 8 36 165 36 
5 8 36 36 
254 36 255 36 
36 122 123 36 
5 8 36 36 
5 8 36 36 
5 8 36 36 
5 8 36 36 
5 254 36 255 36 
5 8 36 36 
5 8 36 36 
159 36 130 36 
5 8 36 36 
5 8 36 36 
36 122 123 36 
5 398 254 36 36 
5 8 36 36 
5 8 36 36 
5 8 36 36 
5 8 36 36 
254 36 255 36 
5 8 36 165 36 
5 8 36 36 
5 8 36 165 36 
5 8 36 165 36 
36 122 123 36 
36 122 123 36 
36 122 123 36 
5 8 36 36 
254 36 255 36 
36 122 123 36 
5 8 36 36 
5 8 36 36 
36 122 123 36 
398 254 36 36 
5 91 6 92 8 36 36 
36 122 123 36 
36 122 123 36 
36 122 123 36 
5 254 36 36 
5 8 36 36 
5 8 36 122 36 
36 122 123 36 
5 8 36 36 
5 8 36 36 
142 36 36 
254 36 255 36 
254 36 255 36 
254 36 255 36 
5 8 36 36 
254 36 255 36 
5 8 36 36 
254 36 255 36 
254 36 255 36 
254 36 255 36 
254 36 255 36 
5 8 36 165 36 
5 8 36 36 
254 36 255 36 
254 36 255 36 
254 36 255 36 
5 254 36 255 36 
118 142 132 36 36 
5 8 36 36 
159 36 130 36 
5 8 36 165 36 
5 8 36 36 
5 231 8 36 36 
5 8 36 36 
36 122 123 36 
5 8 36 36 
5 21 8 36 36 
5 8 36 165 36 
5 8 36 165 36 
5 8 36 165 36 
5 8 36 165 36 
5 8 36 165 36 
36 36 
345 142 36 396 36 
254 369 370 142 36 36 
254 36 255 36 
254 36 255 36 
5 8 36 36 
5 8 36 165 36 
5 8 36 165 36 
5 8 36 165 36 
5 8 36 165 36 
5 8 36 36 
5 8 36 165 36 
5 8 36 36 
5 8 36 36 
5 8 36 36 
5 8 36 36 
36 122 123 36 
5 254 8 36 255 36 
5 8 36 122 36 
5 8 36 36 
5 8 36 165 36 
383 384 254 36 36 
36 122 123 36 
36 122 123 36 
36 122 123 36 
36 122 123 36 
5 143 8 36 144 36 
5 8 36 36 
142 36 36 
36 122 123 36 
254 36 255 36 
398 254 36 36 
254 36 255 36 
254 36 255 36 
254 36 255 36 
5 36 36 
5 36 36 
5 398 254 36 36 
5 8 36 35 36 
5 36 36 
5 8 36 165 36 
254 36 255 36 
254 36 255 36 
254 36 255 36 
5 8 36 36 
36 122 123 36 
5 8 36 36 
5 8 36 36 
5 8 36 36 
5 8 36 36 
383 384 254 36 36 
118 119 36 36 
5 8 36 165 36 
5 8 36 36 
5 8 36 165 36 
5 8 36 36 
5 8 36 36 
5 8 36 36 
36 122 123 36 
254 36 255 36 
254 36 36 
5 8 36 165 36 
5 8 10 11 36 371 36 
254 36 255 36 
254 36 255 36 
5 8 36 165 36 
5 8 36 36 
5 143 8 36 144 36 
5 143 8 36 144 36 
5 8 36 144 201 36 
254 36 36 
5 8 36 36 
5 8 36 165 36 
5 118 119 36 36 
5 8 36 36 
5 8 36 36 
5 8 36 36 
5 8 36 36 
5 8 36 36 
254 36 255 36 
5 8 36 36 
36 122 123 36 
254 369 370 36 36 
254 36 255 36 
254 36 255 36 
5 8 36 36 
5 8 36 36 
5 254 36 255 36 
5 6 36 61 36 
5 6 36 61 36 
254 36 255 36 
5 8 36 36 
5 8 36 165 36 
5 8 36 165 36 
5 8 36 165 36 
5 8 36 36 
5 8 36 165 36 
5 8 36 165 36 
254 36 255 36 
5 8 36 36 
5 8 36 165 36 
5 8 36 36 
5 8 36 165 36 
254 36 255 36 
5 8 36 165 36 
254 36 255 36 
5 8 36 36 
36 122 123 36 
36 122 123 36 
254 36 255 36 
36 122 123 36 
5 8 36 36 
5 8 36 36 
5 8 142 36 371 36 
5 8 36 165 36 
5 8 36 144 201 36 
5 8 36 36 
5 8 36 36 
5 8 36 36 
5 8 36 36 
5 143 8 36 144 36 
5 8 36 36 
5 8 36 36 
5 8 36 36 
254 36 255 36 
254 36 255 36 
36 122 123 36 
5 8 12 36 36 
5 36 36 
254 36 255 36 
36 122 123 36 
254 36 255 36 
36 122 36 
36 122 36 
345 36 396 122 123 36 
254 36 255 36 
254 36 255 36 
142 36 36 
5 398 254 36 36 
5 8 36 122 36 
5 8 36 36 
254 36 255 36 
5 8 36 36 
5 8 36 36 
254 36 255 36 
5 8 36 36 
5 8 36 36 
5 8 36 36 
5 36 36 
254 36 36 
254 36 36 
118 226 36 36 
254 36 255 36 
5 254 36 36 
5 8 12 36 36 
104 21 22 36 68 24 36 
5 8 36 36 
36 122 123 36 
5 8 36 36 
254 36 255 36 
5 8 12 36 36 
5 8 36 165 36 
5 8 36 165 36 
5 8 36 165 36 
5 398 254 36 36 
5 8 36 165 36 
5 8 36 36 
5 8 36 165 36 
5 187 8 36 165 36 
5 8 36 165 36 
5 8 36 165 36 
5 8 36 36 
5 8 36 36 
5 8 36 36 
5 8 36 165 36 
5 8 36 165 36 
5 8 36 165 36 
5 254 36 255 36 
254 36 255 36 
254 36 255 36 
36 122 123 36 
5 254 36 255 36 
5 8 36 36 
5 8 36 36 
5 8 36 36 
5 8 36 36 
5 8 36 36 
254 36 255 36 
5 8 36 219 36 
5 8 36 219 36 
254 36 255 36 
5 398 254 36 36 
5 8 36 165 36 
5 8 36 165 36 
254 36 255 36 
5 8 36 36 
5 8 36 36 
254 36 255 36 
5 8 36 36 
5 8 36 36 
5 8 36 36 
5 8 36 36 
5 8 36 36 
5 8 36 36 
5 8 36 36 
5 8 36 36 
5 8 36 36 
5 8 36 36 
398 254 36 36 
36 122 123 36 
5 8 36 36 
5 8 36 36 
5 8 36 165 36 
5 8 36 36 
5 8 36 36 
5 8 36 36 
36 122 123 36 
5 254 8 36 255 36 
5 254 36 255 36 
398 254 36 36 
389 390 36 589 36 
36 122 123 36 
5 8 36 36 
142 36 36 
5 8 36 36 
5 8 36 36 
254 36 255 36 
5 8 36 36 
36 122 123 36 
5 254 36 255 36 
142 36 122 123 36 
142 36 122 123 36 
5 187 8 36 165 36 
5 8 36 165 36 
5 36 36 
254 36 255 36 
5 8 36 36 
5 8 36 165 36 
5 8 36 36 
5 8 36 219 36 
5 143 8 36 144 36 
254 36 255 36 
5 254 36 255 36 
142 36 36 
5 8 36 36 
254 36 36 
5 143 8 36 144 36 
254 36 255 122 123 36 
36 122 123 36 
254 36 255 36 
5 8 36 36 
5 8 36 165 36 
5 36 36 
254 36 255 36 
254 36 255 36 
5 8 36 165 36 
5 254 36 255 36 
5 8 36 36 
5 8 36 36 
5 8 36 36 
142 36 36 
5 8 36 36 
5 8 36 165 36 
5 8 36 36 
254 36 255 36 
5 8 36 165 36 
5 187 8 36 165 36 
5 162 8 36 198 36 
398 254 36 36 
5 254 36 255 36 
5 6 36 61 36 
5 36 36 
5 8 36 165 36 
254 36 255 36 
5 6 36 36 
5 8 36 165 36 
5 187 8 36 165 36 
5 36 122 36 
5 8 36 36 
5 6 36 36 
5 8 36 36 
5 91 6 92 36 36 
254 36 255 36 
5 8 36 36 
5 8 36 36 
254 36 255 36 
398 254 36 36 
5 8 36 36 
5 8 36 36 
36 122 123 36 
5 8 36 165 36 
5 8 36 36 
5 8 36 165 36 
254 36 255 36 
254 36 255 36 
36 122 123 36 
398 254 36 36 
5 8 36 36 
142 36 36 
142 36 36 
36 122 123 36 
5 36 36 
254 36 255 36 
5 8 36 36 
5 8 36 36 
5 8 36 165 36 
5 8 36 165 36 
36 36 
5 8 36 36 
5 456 8 36 219 36 
7 10 11 36 36 
7 10 11 36 36 
5 231 8 36 36 
36 122 123 36 
5 254 36 255 36 
5 8 36 36 
5 8 36 36 
5 8 36 36 
5 398 254 36 36 
5 254 36 255 36 
5 254 36 255 36 
5 254 36 255 36 
5 8 36 165 36 
5 36 122 36 
5 8 36 36 
5 8 36 36 
254 36 255 36 
5 8 36 36 
5 8 36 36 
5 8 36 122 36 
5 8 36 36 
398 254 36 36 
5 8 36 36 
398 254 36 36 
398 254 36 36 
254 36 255 36 
5 8 36 36 
5 8 36 36 
5 8 36 36 
5 8 36 36 
5 8 36 36 
5 6 36 61 36 
5 8 36 36 
5 254 36 255 36 
398 254 36 36 
398 254 36 36 
398 254 36 36 
142 36 36 
36 122 123 36 
36 122 123 36 
159 36 130 36 
36 122 123 36 
36 122 123 36 
36 122 123 36 
5 8 36 36 
5 8 36 36 
36 122 123 36 
36 122 123 36 
36 122 123 36 
5 187 8 36 165 36 
398 254 36 36 
254 36 255 36 
142 36 36 
5 8 36 36 
254 36 255 36 
254 36 255 36 
5 8 36 36 
5 8 36 35 36 
254 36 255 36 
5 8 36 165 36 
5 8 36 36 
36 122 123 36 
5 36 36 
36 36 
5 8 36 165 36 
5 8 36 36 
5 8 36 36 
36 122 123 36 
36 122 123 36 
5 398 254 36 36 
36 122 123 36 
36 122 123 36 
5 8 36 36 
5 7 11 10 36 36 
254 36 255 36 
5 8 36 165 36 
5 8 36 165 36 
5 8 36 36 
5 8 36 36 
254 36 255 36 
254 36 255 36 
5 8 36 122 36 
254 36 255 36 
142 36 36 
36 122 123 36 
254 36 255 36 
36 122 123 36 
142 36 36 
159 36 130 36 
254 369 370 142 36 36 
5 8 36 122 123 36 
36 122 123 36 
254 36 255 36 
5 8 36 36 
5 8 36 36 
142 36 36 
254 36 255 36 
36 122 123 36 
254 36 255 36 
5 36 36 
5 8 36 36 
5 8 36 36 
5 8 36 36 
142 36 36 
5 142 36 36 
5 8 36 36 
254 36 255 36 
254 36 255 36 
142 36 36 
142 36 36 
142 36 36 
5 8 36 36 
36 122 123 36 
5 398 254 8 36 36 
5 8 36 36 
5 8 36 36 
5 8 36 36 
5 8 36 165 36 
5 8 36 165 36 
5 8 36 165 36 
5 8 36 165 36 
254 36 255 36 
254 36 36 
254 36 36 
254 36 36 
254 36 255 36 
5 8 36 36 
5 398 254 36 36 
5 101 8 36 102 36 
5 8 36 36 
5 8 36 165 36 
5 8 36 165 36 
5 8 36 165 36 
5 8 36 36 
5 8 36 36 
36 122 123 36 
5 8 36 36 
5 8 36 36 
5 8 36 36 
5 8 36 36 
5 8 36 165 36 
5 8 36 165 36 
254 36 36 
5 118 8 36 36 
5 8 36 36 
5 8 36 36 
5 8 36 36 
36 122 123 36 
5 8 36 36 
5 8 36 36 
5 8 36 36 
5 8 36 36 
36 122 123 36 
36 122 123 36 
5 8 36 165 36 
5 8 36 165 36 
5 8 36 36 
5 8 36 36 
5 8 36 36 
5 8 36 36 
5 8 36 36 
5 8 36 36 
5 8 36 36 
254 36 255 36 
5 254 36 255 36 
254 36 36 
254 36 36 
5 8 36 36 
5 8 36 165 36 
36 122 123 36 
5 8 36 165 36 
5 8 36 36 
5 8 36 219 36 
254 36 255 36 
5 8 36 36 
5 8 36 165 36 
5 8 36 165 36 
5 8 36 122 36 
5 8 36 36 
254 36 36 
254 36 36 
254 36 36 
5 8 36 36 
254 370 142 36 36 
5 8 36 144 201 36 
5 398 254 36 36 
5 8 36 165 36 
5 8 36 165 36 
5 8 36 122 36 
5 8 36 36 
5 8 36 165 36 
5 8 36 165 36 
254 36 255 36 
398 254 36 36 
5 8 36 144 201 36 
5 8 36 165 36 
254 369 370 142 36 36 
5 8 36 36 
5 8 36 165 36 
5 8 36 165 36 
5 187 8 36 165 36 
36 36 
5 8 36 36 
142 36 36 
118 119 132 36 36 
36 122 123 36 
254 36 255 36 
36 122 123 36 
5 8 36 165 36 
5 143 8 36 144 36 
5 8 36 36 
5 8 36 36 
142 36 122 36 
5 8 36 165 36 
5 8 36 165 36 
5 8 36 36 
5 8 36 36 
5 8 36 36 
5 8 36 165 36 
5 8 36 36 
5 8 36 165 36 
254 36 255 36 
254 36 255 36 
36 122 123 36 
398 254 36 36 
5 8 36 36 
5 8 36 36 
5 8 36 36 
5 8 36 36 
5 8 36 36 
5 8 36 36 
5 8 36 36 
5 8 36 36 
148 13 36 122 123 36 
5 8 36 36 
254 36 255 36 
5 91 6 36 36 
5 8 36 165 36 
5 8 36 36 
5 8 36 36 
5 8 36 36 
5 398 254 36 36 
5 254 36 255 36 
254 36 255 36 
5 8 36 36 
36 122 123 36 
36 122 123 36 
36 122 123 36 
254 36 255 36 
254 36 255 36 
5 8 36 36 
5 8 36 36 
5 254 36 255 36 
254 36 255 36 
254 36 255 36 
254 36 255 36 
254 36 255 36 
36 122 123 36 
5 8 36 36 
254 36 255 36 
5 254 36 255 36 
5 8 36 36 
5 8 36 36 
36 122 123 36 
118 254 36 255 36 
5 254 36 255 36 
5 8 36 36 
5 8 36 36 
5 8 36 36 
5 187 8 36 165 36 
5 8 36 165 36 
5 8 36 36 
5 8 36 36 
5 8 36 165 36 
5 8 36 36 
5 8 36 36 
5 8 36 165 36 
5 142 36 36 
254 36 255 36 
254 36 36 
5 8 36 36 
5 8 36 36 
5 8 36 36 
5 8 36 36 
5 8 36 36 
5 36 36 
142 36 36 
36 122 123 36 
5 254 36 255 36 
254 36 255 36 
5 8 36 36 
5 8 36 36 
5 8 36 36 
142 36 36 
398 254 36 122 36 
5 8 36 36 
5 8 36 36 
5 8 36 165 36 
36 122 123 36 
254 369 370 142 36 36 
254 369 370 142 36 36 
5 169 162 170 8 36 36 
5 8 36 36 
5 398 254 36 36 
36 122 123 36 
398 254 36 122 36 
5 8 36 36 
5 8 36 36 
5 8 36 165 36 
5 8 36 165 36 
36 122 123 36 
5 8 36 36 
5 8 36 165 36 
5 8 36 36 
5 8 36 36 
5 493 254 36 36 
36 122 123 36 
36 122 123 36 
5 8 36 371 36 
5 8 36 36 
5 8 36 36 
5 8 36 36 
36 122 123 36 
5 8 36 36 
5 101 8 36 208 36 
142 36 36 
5 8 36 36 
5 8 36 36 
36 122 123 36 
254 36 255 36 
254 36 255 36 
5 398 254 36 36 
254 36 255 36 
254 36 255 36 
5 8 36 36 
5 187 8 36 165 36 
254 36 255 36 
5 8 36 36 
5 8 36 165 36 
5 8 36 165 36 
48 5 6 36 36 
48 5 6 36 36 
48 5 6 36 36 
48 5 6 36 36 
5 8 36 36 
5 8 36 36 
118 226 36 36 
398 254 36 36 
36 122 123 36 
5 8 36 165 36 
254 36 255 36 
254 36 255 36 
254 36 255 36 
254 36 255 36 
5 8 36 165 36 
5 8 36 165 36 
5 8 36 165 36 
5 8 36 165 36 
5 8 36 165 36 
5 8 36 165 36 
5 8 36 165 36 
5 8 36 165 36 
5 8 36 165 36 
5 8 36 165 36 
5 8 36 165 36 
5 8 36 165 36 
5 8 36 165 36 
5 8 36 165 36 
5 8 36 36 
5 8 36 36 
5 8 36 36 
5 8 36 36 
5 8 36 36 
5 8 36 36 
5 8 36 36 
5 254 36 255 36 
152 36 153 36 
5 8 36 122 36 
5 142 36 36 
5 254 36 255 36 
5 187 8 36 165 36 
151 152 36 153 36 
5 398 254 36 36 
5 8 36 165 36 
5 254 36 255 36 
254 36 255 36 
5 8 36 36 
5 8 36 165 36 
142 36 36 
5 8 36 36 
5 8 36 36 
5 8 36 36 
5 254 36 255 36 
5 36 36 
36 122 123 36 
5 8 36 36 
5 8 36 36 
254 36 255 36 
254 36 255 36 
5 8 36 36 
5 8 36 36 
254 36 255 36 
254 36 255 36 
254 36 255 36 
254 36 255 36 
254 36 255 36 
36 122 123 36 
5 8 36 36 
5 8 36 36 
36 122 123 36 
5 8 36 165 36 
254 36 255 36 
254 36 255 36 
254 36 255 36 
254 36 255 36 
254 36 255 36 
5 8 36 165 36 
5 8 36 165 36 
142 36 36 
5 8 36 36 
254 36 255 36 
142 36 36 
5 8 36 36 
5 231 8 36 36 
5 8 36 36 
5 8 36 36 
5 8 36 36 
5 254 36 255 36 
5 8 36 36 
254 36 255 36 
5 8 36 36 
5 8 36 36 
5 8 36 36 
5 8 36 36 
398 254 36 36 
5 8 36 165 36 
5 36 122 36 
36 122 123 36 
5 8 36 36 
5 8 36 36 
5 8 36 165 36 
254 36 255 36 
254 36 255 36 
254 36 255 36 
254 36 255 36 
5 36 36 
5 36 36 
36 36 
36 36 
5 36 36 
254 36 255 36 
5 8 36 36 
5 8 36 36 
5 8 36 36 
5 36 36 
36 122 123 36 
36 122 123 36 
5 8 36 165 36 
254 36 255 36 
254 36 255 36 
254 36 255 36 
5 8 36 36 
5 398 254 36 36 
5 398 254 36 36 
142 36 36 
5 8 36 36 
5 8 36 36 
5 8 36 36 
5 8 36 36 
5 8 36 36 
254 36 255 36 
118 254 36 255 36 
5 8 36 36 
142 36 36 
5 8 36 165 36 
254 36 255 36 
36 36 
5 8 36 36 
5 36 36 
5 36 36 
5 36 36 
5 36 36 
5 36 36 
5 36 36 
5 8 36 165 36 
5 8 36 36 
5 8 36 36 
36 122 123 36 
5 8 36 165 36 
5 8 36 36 
398 254 36 36 
398 254 36 36 
398 254 36 36 
115 116 21 117 36 36 
5 7 11 10 36 36 
5 8 36 36 
5 36 36 
5 36 36 
5 36 36 
5 36 36 
5 36 36 
5 36 36 
5 36 36 
5 36 36 
5 36 36 
5 36 36 
5 36 36 
5 36 36 
5 36 36 
5 36 36 
5 36 36 
5 36 36 
5 36 36 
5 489 36 36 
254 36 255 36 
254 36 255 36 
5 36 36 
5 36 36 
5 36 36 
5 36 36 
5 36 36 
5 36 36 
5 36 36 
5 36 36 
5 36 36 
5 36 36 
5 36 36 
5 36 36 
5 36 36 
5 36 36 
5 36 36 
5 36 36 
5 36 36 
5 36 36 
5 36 36 
5 36 36 
5 36 36 
5 36 36 
5 36 36 
5 36 36 
5 36 36 
5 36 36 
5 36 36 
5 36 36 
5 36 36 
5 36 36 
5 36 36 
5 36 36 
5 36 36 
5 36 36 
5 36 36 
5 36 36 
5 36 36 
5 36 36 
5 36 36 
5 36 36 
5 36 36 
5 36 36 
5 36 36 
5 36 36 
5 36 36 
5 36 36 
5 36 36 
5 8 36 36 
5 36 36 
5 36 36 
5 36 36 
5 8 36 36 
5 36 36 
5 36 36 
5 36 36 
5 36 36 
5 36 36 
5 36 36 
5 36 36 
5 36 36 
5 36 36 
5 36 36 
5 36 36 
5 36 36 
5 36 36 
5 36 36 
5 36 36 
5 36 36 
5 36 36 
5 36 36 
5 36 36 
5 36 36 
5 36 36 
5 36 36 
5 36 36 
5 36 36 
5 36 36 
5 36 36 
5 36 36 
5 36 36 
36 36 
5 36 36 
5 36 36 
5 36 36 
5 36 36 
5 36 36 
5 36 36 