354 21 22 68 24 24 
133 21 22 68 24 24 
133 21 22 68 24 24 
5 21 22 143 8 37 144 24 24 
5 21 22 143 8 37 144 24 24 
5 21 22 143 8 37 144 24 24 
5 21 22 143 8 37 144 24 24 
5 21 22 143 8 37 144 24 24 
5 21 22 143 8 37 144 24 24 
5 21 22 143 8 37 144 24 24 
21 22 68 24 24 
133 21 22 68 24 24 
133 21 22 68 24 24 
21 22 37 24 24 
21 22 37 24 24 
133 21 22 68 24 24 
133 21 22 68 24 24 
21 22 37 24 24 
21 22 37 24 24 
21 22 37 24 24 
21 22 37 24 24 
21 22 37 24 24 
21 22 37 24 24 
21 22 37 24 24 
21 22 37 24 24 
21 22 37 24 24 
21 22 37 24 24 
21 22 37 24 24 
21 22 37 24 24 
21 22 37 24 24 
21 22 37 24 24 
21 22 37 24 24 
21 22 37 24 24 
21 22 37 24 24 
21 22 37 24 24 
21 22 37 24 24 
21 22 37 24 24 
21 22 37 24 24 
21 22 37 24 24 
21 22 37 24 24 
21 22 37 24 24 
21 22 37 24 24 
21 22 37 24 24 
21 22 37 24 24 
21 22 37 24 24 
21 22 37 24 24 
21 22 37 24 24 
21 22 37 24 24 
21 22 37 24 24 
21 22 37 24 24 
21 22 37 24 24 
21 22 37 24 24 
21 22 37 24 24 
21 22 37 24 24 
21 22 37 24 24 
21 22 37 24 24 
21 22 37 24 24 
21 22 68 24 24 
21 22 68 24 24 
21 22 68 24 24 
21 22 68 24 24 
21 22 68 24 24 
21 22 24 24 
133 21 22 68 24 24 
21 22 68 24 24 
21 22 68 24 24 
21 22 68 24 24 
133 21 22 68 24 24 
133 21 22 68 24 24 
81 21 22 82 24 24 
21 22 68 24 24 
5 21 22 143 8 37 144 24 24 
5 21 22 143 8 37 144 24 24 
5 21 22 143 8 37 144 24 24 
5 21 22 143 8 37 144 24 24 
5 21 22 143 8 37 144 24 24 
5 21 22 143 8 37 144 24 24 
5 21 22 143 8 37 144 24 24 
5 21 22 143 8 37 144 24 24 
5 21 22 143 8 37 144 24 24 
5 21 22 143 8 37 144 24 24 
5 21 22 143 8 37 144 24 24 
5 21 22 143 8 37 144 24 24 
5 21 22 143 8 37 144 24 24 
5 21 22 143 8 37 144 24 24 
5 21 22 143 8 37 144 24 24 
5 21 22 143 8 37 144 24 24 
5 21 22 143 8 37 144 24 24 
5 21 22 143 8 37 144 24 24 
133 21 22 68 24 24 
21 22 37 24 24 
21 22 37 24 24 
21 22 37 24 24 
133 21 22 68 24 24 
133 21 22 68 24 24 
133 21 22 68 24 24 
133 21 22 68 24 24 
133 21 22 68 24 24 
133 21 22 68 24 24 
133 21 22 68 24 24 
133 21 22 68 24 24 
133 21 22 68 24 24 
133 21 22 68 24 24 
133 21 22 68 24 24 
133 21 22 68 24 24 
133 21 22 68 24 24 
133 21 22 68 24 24 
133 21 22 68 24 24 
133 21 22 68 24 24 
133 21 22 68 24 24 
133 21 22 68 24 24 
133 21 22 68 24 24 
133 21 22 68 24 24 
133 21 22 68 24 24 
133 21 22 68 24 24 
133 21 22 68 24 24 
133 21 22 68 24 24 
133 21 22 68 24 24 
133 21 22 68 24 24 
133 21 22 68 24 24 
133 21 22 68 24 24 
133 21 22 68 24 24 
133 21 22 68 24 24 
133 21 22 68 24 24 
133 21 22 68 24 24 
133 21 22 68 24 24 
133 21 22 68 24 24 
133 21 22 68 24 24 
133 21 22 68 24 24 
133 21 22 68 24 24 
133 21 22 68 24 24 
133 21 22 68 24 24 
133 21 22 68 24 24 
133 21 22 68 24 24 
133 21 22 68 24 24 
133 21 22 68 24 24 
133 21 22 68 24 24 
133 21 22 68 24 24 
133 21 22 68 24 24 
133 21 22 68 24 24 
133 21 22 68 24 24 
133 21 22 68 24 24 
133 21 22 68 24 24 
133 21 22 68 24 24 
133 21 22 68 24 24 
133 21 22 68 24 24 
133 21 22 68 24 24 
133 21 22 68 24 24 
133 21 22 68 24 24 
133 21 22 68 24 24 
133 21 22 68 24 24 
133 21 22 68 24 24 
133 21 22 68 24 24 
133 21 22 68 24 24 
133 21 22 68 24 24 
133 21 22 68 24 24 
133 21 22 68 24 24 
133 21 22 68 24 24 
133 21 22 68 24 24 
133 21 22 68 24 24 
133 21 22 68 24 24 
133 21 22 68 24 24 
133 21 22 68 24 24 
133 21 22 68 24 24 
133 21 22 68 24 24 
133 21 22 68 24 24 
133 21 22 68 24 24 
133 21 22 68 24 24 
133 21 22 68 24 24 
133 21 22 68 24 24 
133 21 22 68 24 24 
133 21 22 68 24 24 
133 21 22 68 24 24 
133 21 22 68 24 24 
133 21 22 68 24 24 
133 21 22 68 24 24 
133 21 22 68 24 24 
133 21 22 68 24 24 
133 21 22 68 24 24 
133 21 22 68 24 24 
133 21 22 68 24 24 
133 21 22 68 24 24 
133 21 22 68 24 24 
133 21 22 68 24 24 
133 21 22 68 24 24 
133 21 22 68 24 24 
133 21 22 68 24 24 
133 21 22 68 24 24 
133 21 22 68 24 24 
133 21 22 68 24 24 
133 21 22 68 24 24 
133 21 22 68 24 24 
133 21 22 68 24 24 
81 21 22 263 82 24 24 
81 21 22 263 82 24 24 
81 21 22 263 82 24 24 
5 21 22 143 8 37 144 24 24 
21 22 37 24 24 
21 22 37 24 24 
21 22 37 24 24 
21 22 37 24 24 
21 22 37 24 24 
5 21 22 143 8 37 144 24 24 
133 21 22 68 24 24 
21 22 68 24 24 
28 27 21 22 24 496 24 
28 27 21 22 24 496 24 
133 21 22 68 24 24 
133 21 22 68 24 24 
133 21 22 68 24 24 
133 21 22 68 24 24 
133 21 22 68 24 24 
133 21 22 68 24 24 
133 21 22 68 24 24 
21 22 68 24 24 
133 21 22 68 24 24 
133 21 22 68 24 24 
133 21 22 68 24 24 
133 21 22 68 24 24 
21 22 68 24 24 
133 21 22 68 24 24 
133 21 22 68 24 24 
133 21 22 68 24 24 
133 21 22 68 24 24 
21 22 68 24 24 
21 22 68 24 24 
21 22 68 24 24 
133 21 22 68 24 24 
21 22 68 24 24 
21 22 68 24 24 
21 22 68 24 24 
28 27 21 22 546 24 496 24 
28 27 21 22 546 24 496 24 
28 27 21 22 546 24 496 24 
133 21 22 68 24 24 
21 22 37 24 24 
21 22 37 24 24 
21 22 37 24 24 
21 22 37 24 24 
21 22 37 24 24 
21 22 37 24 24 
21 22 37 24 24 
21 22 37 24 24 
21 22 37 24 24 
21 22 37 24 24 
21 22 37 24 24 
21 22 37 24 24 
21 22 37 24 24 
21 22 37 24 24 
21 22 37 24 24 
21 22 37 24 24 
21 22 37 24 24 
21 22 37 24 24 
21 22 37 24 24 
21 22 37 24 24 
21 22 37 24 24 
21 22 37 24 24 
21 22 37 24 24 
21 22 37 24 24 
21 22 37 24 24 
21 22 37 24 24 
21 22 37 24 24 
21 22 37 24 24 
21 22 37 24 24 
21 22 37 24 24 
21 22 37 24 24 
21 22 37 24 24 
21 22 37 24 24 
21 22 37 24 24 
21 22 37 24 24 
21 22 37 24 24 
21 22 37 24 24 
21 22 37 24 24 
21 22 68 24 24 
133 21 22 68 24 24 
21 22 68 24 24 
21 22 68 24 24 
133 21 22 68 24 24 
21 22 68 24 24 
133 21 22 68 24 24 
5 21 22 143 8 37 144 24 24 
5 21 22 143 8 37 144 24 24 
5 21 22 143 8 37 144 24 24 
5 21 22 143 8 37 144 24 24 
5 21 22 143 8 37 144 24 24 
21 22 37 68 24 24 
21 22 37 68 24 24 
21 22 37 68 24 24 
21 22 37 68 24 24 
21 22 37 68 24 24 
21 22 37 68 24 24 
21 22 37 68 24 24 
21 22 37 68 24 24 
21 22 37 68 24 24 
21 22 37 68 24 24 
21 22 37 68 24 24 
21 22 37 68 24 24 
21 22 37 68 24 24 
21 22 37 68 24 24 
21 22 37 68 24 24 
21 22 37 68 24 24 
21 22 37 68 24 24 
21 22 37 68 24 24 
21 22 37 68 24 24 
21 22 37 68 24 24 
21 22 37 68 24 24 
21 22 37 68 24 24 
21 22 37 68 24 24 
21 22 37 68 24 24 
21 22 37 68 24 24 
21 22 37 68 24 24 
21 22 37 68 24 24 
21 22 37 68 24 24 
21 22 37 68 24 24 
21 22 37 68 24 24 
21 22 37 68 24 24 
21 22 37 68 24 24 
21 22 37 68 24 24 
21 22 37 68 24 24 
21 22 37 68 24 24 
21 22 37 68 24 24 
21 22 37 68 24 24 
21 22 37 68 24 24 
21 22 37 68 24 24 
21 22 37 68 24 24 
21 22 37 68 24 24 
21 22 37 68 24 24 
21 22 37 68 24 24 
21 22 37 68 24 24 
21 22 37 68 24 24 
21 22 37 68 24 24 
21 22 37 68 24 24 
21 22 37 68 24 24 
21 22 37 68 24 24 
21 22 37 68 24 24 
21 22 37 68 24 24 
21 22 37 68 24 24 
21 22 37 68 24 24 
21 22 37 68 24 24 
21 22 37 68 24 24 
21 22 37 68 24 24 
21 22 37 68 24 24 
21 22 37 68 24 24 
21 22 37 68 24 24 
21 22 37 68 24 24 
21 22 37 68 24 24 
21 22 37 68 24 24 
21 22 37 68 24 24 
21 22 37 68 24 24 
21 22 37 68 24 24 
21 22 37 68 24 24 
21 22 37 68 24 24 
21 22 37 68 24 24 
21 22 37 68 24 24 
21 22 37 68 24 24 
21 22 37 68 24 24 
21 22 37 68 24 24 
21 22 37 68 24 24 
21 22 37 68 24 24 
21 22 37 68 24 24 
21 22 37 68 24 24 
21 22 37 68 24 24 
21 22 37 68 24 24 
21 22 37 68 24 24 
21 22 37 68 24 24 
21 22 37 68 24 24 
21 22 37 68 24 24 
21 22 37 68 24 24 
21 22 37 68 24 24 
21 22 37 68 24 24 
21 22 37 68 24 24 
21 22 37 68 24 24 
21 22 37 68 24 24 
21 22 37 68 24 24 
21 22 37 68 24 24 
21 22 37 68 24 24 
21 22 37 68 24 24 
21 22 37 68 24 24 
21 22 37 68 24 24 
21 22 37 68 24 24 
21 22 37 68 24 24 
21 22 37 68 24 24 
21 22 37 68 24 24 
21 22 37 68 24 24 
21 22 37 68 24 24 
21 22 37 68 24 24 
21 22 37 68 24 24 
21 22 37 68 24 24 
21 22 37 68 24 24 
21 22 37 68 24 24 
21 22 37 68 24 24 
21 22 37 68 24 24 
21 22 37 68 24 24 
21 22 37 68 24 24 
21 22 37 68 24 24 
21 22 37 68 24 24 
21 22 37 68 24 24 
21 22 37 68 24 24 
21 22 37 68 24 24 
21 22 37 68 24 24 
21 22 37 68 24 24 
21 22 37 68 24 24 
21 22 37 68 24 24 
21 22 37 68 24 24 
21 22 37 68 24 24 
21 22 37 68 24 24 
21 22 37 68 24 24 
21 22 37 68 24 24 
21 22 37 68 24 24 
21 22 37 68 24 24 
21 22 37 68 24 24 
21 22 37 68 24 24 
21 22 37 68 24 24 
21 22 37 68 24 24 
21 22 37 68 24 24 
21 22 37 68 24 24 
21 22 37 68 24 24 
21 22 37 68 24 24 
21 22 37 68 24 24 
21 22 37 68 24 24 
21 22 37 68 24 24 
21 22 37 68 24 24 
21 22 37 68 24 24 
21 22 37 68 24 24 
21 22 37 68 24 24 
21 22 37 68 24 24 
21 22 37 68 24 24 
21 22 37 68 24 24 
21 22 37 68 24 24 
21 22 37 68 24 24 
21 22 37 68 24 24 
21 22 37 24 24 
133 21 22 68 24 24 
133 21 22 68 24 24 
21 22 68 24 24 
21 22 68 24 24 
21 22 68 24 24 
21 22 68 24 24 
133 21 22 68 24 24 
133 21 22 68 24 24 
21 22 68 24 24 
133 21 22 68 24 24 
133 21 22 68 24 24 
28 27 21 22 24 496 24 
28 27 21 22 24 496 24 
28 27 21 22 24 496 24 
28 27 21 22 24 496 24 
28 27 21 22 24 496 24 
28 27 21 22 24 496 24 
28 27 21 22 24 496 24 
28 27 21 22 24 496 24 
28 27 21 22 24 496 24 
28 27 21 22 24 496 24 
28 27 21 22 24 496 24 
28 27 21 22 24 496 24 
28 27 21 22 24 496 24 
28 27 21 22 24 496 24 
28 27 21 22 24 496 24 
28 27 21 22 24 496 24 
28 27 21 22 24 496 24 
28 27 21 22 24 496 24 
28 27 21 22 24 496 24 
28 27 21 22 24 496 24 
28 27 21 22 24 496 24 
28 27 21 22 24 496 24 
28 27 21 22 24 496 24 
28 27 21 22 24 496 24 
28 27 21 22 24 496 24 
28 27 21 22 24 496 24 
28 27 21 22 24 496 24 
28 27 21 22 24 496 24 
28 27 21 22 24 496 24 
28 27 21 22 24 496 24 
28 27 21 22 24 496 24 
28 27 21 22 24 496 24 
28 27 21 22 24 496 24 
28 27 21 22 24 496 24 
28 27 21 22 24 496 24 
28 27 21 22 24 496 24 
28 27 21 22 24 496 24 
28 27 21 22 24 496 24 
28 27 21 22 24 496 24 
28 27 21 22 24 496 24 
28 27 21 22 24 496 24 
28 27 21 22 24 496 24 
28 27 21 22 24 496 24 
28 27 21 22 24 496 24 
28 27 21 22 24 496 24 
28 27 21 22 24 496 24 
28 27 21 22 24 496 24 
28 27 21 22 24 496 24 
28 27 21 22 24 496 24 
28 27 21 22 24 496 24 
28 27 21 22 24 496 24 
21 22 68 24 24 
133 21 22 68 24 24 
21 22 68 24 24 
133 21 22 68 24 24 
133 21 22 68 24 24 
21 22 68 24 24 
21 22 68 24 24 
21 22 68 24 24 
133 21 22 68 24 24 
354 21 22 68 24 24 
21 22 68 24 24 
21 22 68 24 24 
5 21 22 143 8 37 144 24 24 
133 21 22 68 24 24 
133 21 22 68 24 24 
133 21 22 68 24 24 
21 22 68 24 24 
21 22 24 24 
28 27 21 22 24 496 24 
28 27 21 22 24 496 24 
21 24 24 
21 22 68 24 24 
5 28 27 21 22 8 24 496 24 
5 28 27 21 22 8 24 496 24 
133 21 22 68 24 24 
5 21 22 143 8 37 144 24 24 
21 22 68 24 24 
133 21 22 68 24 24 
133 21 22 68 24 24 
133 21 22 68 24 24 
133 21 22 68 24 24 
133 21 22 68 24 24 
21 22 68 24 24 
133 21 22 68 24 24 
133 21 22 68 24 24 
21 22 68 24 24 
5 133 6 21 22 68 24 24 
21 22 68 24 24 
354 21 22 68 24 24 
133 21 22 68 24 24 
21 22 68 24 24 
133 21 22 68 24 24 
21 22 469 24 24 
21 22 68 24 24 
21 22 68 24 24 
28 27 21 22 24 496 24 
133 21 22 68 24 24 
133 21 22 68 24 24 
21 22 68 24 24 
21 22 68 24 24 
354 21 22 68 24 24 
133 21 22 68 24 24 
21 22 68 24 24 
133 21 22 68 24 24 
21 22 68 24 24 
21 22 68 24 24 
27 28 21 22 659 24 24 
27 28 21 22 659 24 24 
27 28 21 22 659 24 24 
27 28 21 22 659 24 24 
27 28 21 22 659 24 24 
27 28 21 22 659 24 24 
27 28 21 22 659 24 24 
27 28 21 22 659 24 24 
27 28 21 22 659 24 24 
27 28 21 22 659 24 24 
27 28 21 22 659 24 24 
27 28 21 22 659 24 24 
27 28 21 22 659 24 24 
27 28 21 22 659 24 24 
27 28 21 22 659 24 24 
27 28 21 22 659 24 24 
27 28 21 22 659 24 24 
27 28 21 22 659 24 24 
27 28 21 22 659 24 24 
27 28 21 22 659 24 24 
27 28 21 22 659 24 24 
27 28 21 22 659 24 24 
27 28 21 22 659 24 24 
27 28 21 22 659 24 24 
27 28 21 22 659 24 24 
27 28 21 22 659 24 24 
27 28 21 22 659 24 24 
27 28 21 22 659 24 24 
27 28 21 22 659 24 24 
27 28 21 22 659 24 24 
27 28 21 22 659 24 24 
27 28 21 22 659 24 24 
27 28 21 22 659 24 24 
27 28 21 22 659 24 24 
27 28 21 22 659 24 24 
27 28 21 22 659 24 24 
27 28 21 22 659 24 24 
27 28 21 22 659 24 24 
27 28 21 22 659 24 24 
27 28 21 22 659 24 24 
27 28 21 22 659 24 24 
27 28 21 22 659 24 24 
27 28 21 22 659 24 24 
27 28 21 22 659 24 24 
27 28 21 22 659 24 24 
27 28 21 22 659 24 24 
27 28 21 22 659 24 24 
27 28 21 22 659 24 24 
27 28 21 22 659 24 24 
27 28 21 22 659 24 24 
27 28 21 22 659 24 24 
27 28 21 22 659 24 24 
27 28 21 22 659 24 24 
27 28 21 22 659 24 24 
27 28 21 22 659 24 24 
27 28 21 22 659 24 24 
27 28 21 22 659 24 24 
27 28 21 22 659 24 24 
27 28 21 22 659 24 24 
27 28 21 22 659 24 24 
27 28 21 22 659 24 24 
27 28 21 22 659 24 24 
133 21 22 68 24 24 
28 27 21 22 24 496 24 
21 22 68 24 24 
133 21 22 68 24 24 
21 22 37 24 24 
21 22 37 24 24 
21 22 37 24 24 
133 21 22 68 24 24 
21 22 37 24 24 
21 22 37 24 24 
21 22 37 24 24 
21 22 37 24 24 
21 22 37 24 24 
21 22 37 24 24 
21 22 37 24 24 
21 22 37 24 24 
21 22 37 24 24 
21 22 37 24 24 
133 21 22 68 24 24 
21 22 68 24 24 
21 22 68 24 24 
21 22 68 24 24 
21 22 68 24 24 
28 27 21 22 24 496 24 
28 27 21 22 24 496 24 
21 22 37 24 24 
21 22 37 24 24 
28 27 21 22 24 496 24 
104 21 22 68 24 24 
133 21 22 68 24 24 
21 22 37 24 24 
21 22 24 24 
21 22 68 24 24 
21 22 68 24 24 
5 21 22 143 8 37 144 24 24 
5 21 22 143 8 37 144 24 24 
21 22 37 24 24 
21 22 37 24 24 
21 22 68 24 24 
104 21 22 68 24 24 
5 21 22 143 8 144 24 24 