133 21 22 68 24 133 
133 21 22 68 24 133 
5 133 21 22 143 8 37 144 68 24 133 
5 133 21 22 143 8 37 144 68 24 133 
133 21 22 68 24 133 
133 21 22 68 24 133 
133 21 22 68 24 133 
133 21 22 68 24 133 
133 21 22 68 24 133 
133 21 22 68 24 133 
133 21 22 68 24 133 
133 21 22 68 24 133 
81 133 21 22 82 68 24 133 
133 21 22 68 24 133 
133 21 22 68 24 133 
28 133 21 22 68 111 24 80 133 
133 21 22 68 24 133 
133 21 22 68 24 133 
133 21 22 68 24 133 
133 21 22 68 24 133 
133 21 22 68 24 133 
133 21 22 68 24 133 
133 21 22 68 24 133 
133 21 22 68 24 133 
133 21 22 68 24 133 
133 21 22 68 24 133 
133 21 22 68 24 133 
133 21 22 68 24 133 
133 21 22 68 24 133 
133 21 22 68 24 133 
133 21 22 68 24 133 
133 21 22 68 24 133 
133 21 22 68 24 133 
133 21 22 68 24 133 
133 21 22 68 24 133 
133 21 22 68 24 133 
133 21 22 68 24 133 
133 21 22 68 24 133 
133 21 22 68 24 133 
133 21 22 68 24 133 
133 21 22 68 24 133 
133 21 22 68 24 133 
133 21 22 68 24 133 
133 21 22 68 24 133 
133 21 22 68 24 133 
133 21 22 68 24 133 
133 21 22 68 24 133 
133 21 22 68 24 133 
133 21 22 68 24 133 
133 21 22 68 24 133 
133 21 22 68 24 133 
133 21 22 68 24 133 
133 21 22 68 24 133 
133 21 22 68 24 133 
133 21 22 68 24 133 
133 21 22 68 24 133 
133 21 22 68 24 133 
133 21 22 68 24 133 
133 21 22 68 24 133 
133 21 22 68 24 133 
133 21 22 68 24 133 
133 21 22 68 24 133 
133 21 22 68 24 133 
133 21 22 68 24 133 
133 21 22 68 24 133 
133 21 22 263 68 24 133 
133 21 22 68 24 133 
133 21 22 68 24 133 
133 21 22 68 24 133 
133 21 22 263 68 24 133 
133 21 22 68 24 133 
133 21 22 68 24 133 
133 21 22 68 24 133 
133 21 22 68 24 133 
133 21 22 68 24 133 
133 21 22 68 24 133 
133 21 22 68 24 133 
133 21 22 68 24 133 
133 21 22 68 24 133 
133 21 22 68 24 133 