436 731 436 
436 731 436 
5 671 6 436 436 
5 671 6 436 436 
436 731 436 
436 731 436 
436 731 436 
436 731 436 
436 731 436 
436 731 436 
436 731 436 
5 6 436 731 436 
5 6 436 731 436 
5 6 436 731 436 
436 731 436 
436 731 436 
436 731 436 
436 731 436 
436 731 436 
5 671 6 436 436 
671 436 436 
671 436 436 
671 436 436 
671 436 436 
671 436 436 
671 436 436 
671 436 436 
671 436 436 
671 436 436 
671 436 436 
436 770 436 
436 731 436 
436 731 436 
436 731 436 
436 731 436 
436 731 436 
436 25 26 731 436 
436 25 26 731 436 
436 25 26 731 436 
436 25 26 731 436 
436 25 26 731 436 
436 25 26 731 436 
436 25 26 731 436 
436 25 26 731 436 
436 25 26 731 436 
436 25 26 731 436 
436 25 26 731 436 
436 25 26 731 436 
436 25 26 731 436 
5 6 436 731 436 
5 6 436 731 436 
5 6 436 731 436 
436 731 436 
436 731 436 
436 731 436 
436 731 436 
436 731 436 
436 731 436 
436 731 436 
436 25 26 731 436 
436 25 26 731 436 
436 25 26 731 436 
436 25 26 731 436 
436 25 26 731 436 
436 25 26 731 436 
436 25 26 731 436 
436 25 26 731 436 
436 25 26 731 436 
436 25 26 731 436 
436 25 26 731 436 
436 25 26 731 436 
436 25 26 731 436 
436 25 26 731 436 
436 731 436 
436 731 436 
436 731 436 
436 731 436 
436 731 436 
436 731 436 
436 731 436 
436 731 436 
436 731 436 
436 731 436 
436 731 436 
436 731 436 
436 731 436 
436 731 436 
436 731 436 
436 731 436 
436 731 436 
5 6 436 731 436 
671 436 436 
671 436 436 
671 436 436 
671 436 436 
671 436 436 
671 436 436 
671 436 436 
671 436 436 
436 731 436 
671 436 436 
671 436 436 
671 436 436 
671 436 436 
671 436 436 
671 436 436 
671 436 436 
671 436 436 
671 436 436 
671 436 436 
671 436 436 
671 436 436 
671 436 436 
671 436 436 
671 436 436 
671 436 436 
671 436 436 
671 436 436 
671 436 436 
671 436 436 
671 436 436 
436 731 436 
436 731 436 
436 731 436 
436 731 436 
436 731 436 
671 436 436 
671 436 436 
447 436 436 
436 731 436 
436 731 436 
436 731 436 
436 731 436 
436 731 436 
436 731 436 
436 731 436 
436 731 436 
436 731 436 
436 731 436 
436 731 436 
436 731 436 
436 731 436 
436 731 436 
436 731 436 
436 731 436 
436 731 436 
436 731 436 
436 731 436 
436 731 436 
436 731 436 
436 731 436 
436 731 436 
436 770 436 
5 6 436 731 436 
5 6 436 731 436 
5 6 436 731 436 
436 731 436 
5 6 436 731 436 
5 6 436 731 436 
5 6 436 731 436 
5 6 436 731 436 
5 6 436 731 436 
5 6 436 731 436 
5 6 436 731 436 
5 6 436 731 436 
5 6 436 731 436 
5 6 436 731 436 
5 6 436 731 436 
671 436 436 
671 436 436 
671 436 436 
671 436 436 
436 731 436 
436 731 436 
436 25 26 731 436 
436 25 26 731 436 
436 25 26 731 436 
436 25 26 731 436 
436 731 436 
436 731 436 
436 731 436 
436 731 436 
436 731 436 
671 436 436 
671 436 436 
436 25 26 731 436 
436 25 26 731 436 
671 436 436 
671 436 436 
671 436 436 
671 436 436 
671 436 436 
671 436 436 
671 436 436 
671 436 436 
5 671 6 436 436 
5 671 6 436 436 
436 731 436 
5 6 436 731 436 
671 436 436 
436 25 26 731 436 
436 25 26 731 436 
436 25 26 731 436 
436 25 26 731 436 
436 25 26 731 436 
5 671 6 436 23 436 
5 671 6 436 23 436 
5 671 6 436 23 436 
5 671 6 436 23 436 
5 671 6 436 23 436 
5 671 6 436 23 436 
5 671 6 436 23 436 
436 731 436 
436 731 436 
436 731 436 
5 6 436 731 436 
5 6 436 731 436 
5 6 436 731 436 
436 731 436 
436 731 436 
436 731 436 
436 731 436 
436 731 436 
436 731 436 
436 731 436 
436 731 436 
671 436 436 
671 436 436 
671 436 436 
671 436 436 
671 436 436 
671 436 436 
671 436 436 
671 436 436 
671 436 436 
671 436 436 
671 436 436 
671 436 436 
671 436 436 
671 436 436 
671 436 436 
671 436 436 
671 436 436 
671 436 436 
671 436 436 
671 436 436 
671 436 436 
671 436 436 
671 436 436 
671 436 436 
671 436 436 
671 436 436 
671 436 436 
671 436 436 
671 436 436 
671 436 436 
671 436 436 
671 436 436 
671 436 436 
671 436 436 
671 436 436 
671 436 436 
671 436 436 
671 436 436 
671 436 436 
5 6 436 518 436 
5 6 436 518 436 
5 6 436 518 436 
671 436 436 
671 436 436 
436 731 436 
436 731 436 
436 731 436 
436 731 436 
436 731 436 
436 731 436 
436 731 436 
436 731 436 
436 731 436 
671 436 436 
671 436 436 
671 436 436 
671 436 436 
671 436 436 
436 731 436 
436 731 436 
436 731 436 
436 731 436 
671 436 436 
671 436 436 
671 436 436 
671 436 436 
671 436 436 
671 436 436 
5 671 6 436 436 
5 671 6 436 436 
5 671 6 436 436 
5 671 6 436 436 
5 671 6 436 436 
5 671 6 436 436 
5 671 6 436 436 
5 671 6 436 436 
5 671 6 436 436 
5 671 6 436 436 
5 671 6 436 436 
5 671 6 436 436 
5 671 6 436 436 
5 671 6 436 436 
5 671 6 436 436 
5 671 6 436 436 
5 671 6 436 436 
5 671 6 436 436 
5 671 6 436 436 
5 671 6 436 436 
5 671 6 436 436 
5 671 6 436 436 
5 671 6 436 436 
671 436 436 
671 436 436 
671 436 436 
671 436 436 
671 436 436 
436 731 436 
671 436 436 
671 436 436 
671 436 436 
671 436 436 
671 436 436 
671 436 436 
671 436 436 
671 436 436 
671 436 436 
671 436 436 
436 731 436 
436 731 436 
671 436 436 
671 436 436 
5 671 6 436 436 
5 671 6 436 436 
5 671 6 436 436 
5 671 6 436 436 
671 436 436 
5 671 6 436 436 
436 25 26 731 436 
436 25 26 731 436 
436 25 26 731 436 
671 436 436 
436 731 436 
436 731 436 
436 731 436 
436 731 436 
436 731 436 
436 731 436 
436 731 436 
436 731 436 
5 671 6 436 23 436 
5 671 6 436 23 436 
5 6 436 23 436 
436 731 436 
436 731 436 
436 731 436 
436 731 436 
436 731 436 
436 731 436 
436 731 436 
436 731 436 
436 731 436 
447 436 436 
436 731 436 
436 731 436 
5 6 436 731 436 
5 6 436 731 436 
5 6 436 731 436 
5 6 436 731 436 
5 6 436 731 436 
5 6 436 731 436 
5 6 436 731 436 
5 6 436 731 436 
436 731 436 
436 731 436 
436 731 436 
436 731 436 
436 731 436 
671 436 436 
671 436 436 
671 436 436 
436 731 436 
436 731 436 
436 731 436 
436 731 436 
436 731 436 
436 731 436 
436 731 436 
436 731 436 
436 731 436 
436 731 436 
436 731 436 
436 731 436 
671 436 436 
436 731 436 
436 731 436 
436 731 436 
436 731 436 
436 731 436 
436 731 436 
436 731 436 
436 731 436 
436 731 436 
447 436 436 
447 436 436 
671 436 436 
5 671 6 436 436 
5 671 6 436 436 
5 671 6 436 436 
5 671 6 436 436 
171 5 671 162 436 8 416 436 
171 5 671 162 436 8 416 436 
171 5 671 162 436 8 416 436 
671 436 436 
671 436 436 
671 436 436 
671 436 436 
671 436 436 
671 436 436 
671 436 436 
671 436 436 
436 731 436 
436 731 436 
436 731 436 
436 731 436 
671 436 436 
671 436 436 
436 731 436 
436 731 436 
436 731 436 
5 6 436 23 731 436 
5 6 436 23 731 436 
436 731 436 
436 731 436 
5 6 436 731 436 
5 6 436 731 436 
5 6 436 731 436 
5 6 436 731 436 
5 6 436 731 436 
436 731 436 
436 731 436 
436 25 26 731 436 
436 25 26 731 436 
671 436 436 
671 436 436 
671 436 436 
436 731 436 
436 731 436 
436 731 436 
436 731 436 
436 731 436 
436 731 436 
436 731 436 
436 731 436 
436 731 436 
436 731 436 
436 731 436 
436 731 436 
436 731 436 
436 731 436 
436 731 436 
436 731 436 
436 731 436 
436 731 436 
436 731 436 
671 436 436 
671 436 436 
436 731 436 
436 731 436 
436 731 436 
436 731 436 
671 436 436 
671 436 436 
671 436 436 
436 731 436 
436 731 436 
436 731 436 
671 436 436 
5 671 6 436 436 
5 671 6 436 436 
436 436 
671 436 436 
436 731 436 
5 671 6 436 436 
5 671 6 436 436 
5 671 6 436 436 
671 436 436 
671 436 436 
5 671 6 436 436 
671 436 436 
436 731 436 
436 731 436 
436 731 436 
436 731 436 
671 436 436 
671 436 436 
91 5 6 436 92 731 436 
436 731 436 
436 25 26 731 436 
436 25 26 731 436 
671 436 436 
436 731 436 
489 436 36 731 436 
671 436 436 
671 436 436 
671 436 436 
671 436 436 
5 671 6 436 436 
671 436 436 
5 671 6 436 436 
5 671 6 436 436 
436 436 
5 671 6 436 436 
5 671 6 436 436 
5 671 6 436 436 
436 731 436 
436 731 436 
436 731 436 
436 731 436 
436 731 436 
436 731 436 
5 671 6 436 436 
5 671 6 436 436 
5 671 6 436 436 
5 671 6 436 436 
436 731 436 
671 436 436 
5 671 6 436 436 
5 671 6 436 436 
5 671 6 436 436 
21 436 731 436 
21 436 731 436 
21 436 731 436 
436 731 436 
436 731 436 
436 731 436 
436 731 436 
436 731 436 
436 731 436 
436 731 436 
436 731 436 
436 731 436 
436 731 436 
171 5 162 436 8 416 731 436 
436 731 436 
436 731 436 
436 731 436 
436 731 436 
436 731 436 
436 731 436 
436 731 436 
671 436 436 
671 436 436 
436 25 26 731 436 
436 25 26 731 436 
671 436 436 
436 731 436 
436 731 436 
5 6 436 731 436 
5 671 6 436 9 436 
5 671 6 436 436 
671 436 436 
671 436 436 
671 436 36 436 
671 436 436 
436 436 
436 731 436 
436 731 436 
436 731 436 
436 731 436 
436 731 436 
5 671 6 436 436 
436 731 436 
671 436 436 
5 671 6 436 436 
436 436 