5 21 22 143 8 37 144 24 24 
5 21 22 143 8 37 144 24 24 
133 21 22 68 24 24 
133 21 22 68 24 24 
5 21 22 143 8 37 144 24 24 
5 21 22 143 8 37 144 24 24 
21 22 24 24 
21 22 37 24 24 
133 21 22 68 24 24 
27 28 21 22 37 24 24 
5 21 22 143 8 37 144 24 24 
21 22 37 24 24 
21 22 37 24 24 
21 22 37 24 24 
21 22 37 24 24 
21 22 37 24 24 
21 22 37 24 24 
21 22 37 24 24 
21 22 37 24 24 
21 22 37 24 24 
21 22 37 24 24 
5 21 22 143 8 37 144 24 24 
21 22 68 24 24 
21 22 24 24 
21 22 68 24 24 
81 21 22 82 68 24 24 
81 21 22 82 68 24 24 
81 21 22 82 68 24 24 
81 21 22 82 68 24 24 
81 21 22 82 68 24 24 
133 21 22 68 24 24 
21 22 37 24 24 
133 21 22 68 24 24 
133 21 22 68 24 24 
133 21 22 68 24 24 
133 21 22 68 24 24 
133 21 22 68 24 24 
133 21 22 68 24 24 
133 21 22 68 24 24 
133 21 22 68 24 24 
133 21 22 68 24 24 
133 21 22 68 24 24 
133 21 22 68 24 24 
133 21 22 68 24 24 
133 21 22 68 24 24 
133 21 22 68 24 24 
133 21 22 68 24 24 
133 21 22 68 24 24 
133 21 22 68 24 24 
133 21 22 68 24 24 
133 21 22 68 24 24 
133 21 22 68 24 24 
133 21 22 68 24 24 
133 21 22 68 24 24 
133 21 22 68 24 24 
133 21 22 68 24 24 
133 21 22 68 24 24 
133 21 22 68 24 24 
133 21 22 68 24 24 
133 21 22 68 24 24 
133 21 22 68 24 24 
133 21 22 68 24 24 
133 21 22 68 24 24 
133 21 22 68 24 24 
133 21 22 68 24 24 
133 21 22 68 24 24 
133 21 22 68 24 24 
133 21 22 68 24 24 
133 21 22 68 24 24 
133 21 22 68 24 24 
133 21 22 68 24 24 
133 21 22 68 24 24 
133 21 22 68 24 24 
133 21 22 68 24 24 
133 21 22 68 24 24 
133 21 22 68 24 24 
133 21 22 68 24 24 
133 21 22 68 24 24 
133 21 22 68 24 24 
133 21 22 68 24 24 
133 21 22 68 24 24 
133 21 22 68 24 24 
133 21 22 68 24 24 
133 21 22 68 24 24 
133 21 22 68 24 24 
133 21 22 68 24 24 
133 21 22 68 24 24 
133 21 22 68 24 24 
133 21 22 68 24 24 
133 21 22 68 24 24 
133 21 22 68 24 24 
133 21 22 68 24 24 
133 21 22 68 24 24 
133 21 22 68 24 24 
133 21 22 68 24 24 
133 21 22 68 24 24 
133 21 22 68 24 24 
133 21 22 68 24 24 
133 21 22 68 24 24 
133 21 22 68 24 24 
133 21 22 68 24 24 
133 21 22 68 24 24 
133 21 22 68 24 24 
133 21 22 68 24 24 
133 21 22 68 24 24 
133 21 22 68 24 24 
133 21 22 68 24 24 
133 21 22 68 24 24 
133 21 22 68 24 24 
133 21 22 68 24 24 
133 21 22 68 24 24 
133 21 22 68 24 24 
133 21 22 68 24 24 
133 21 22 68 24 24 
133 21 22 68 24 24 
133 21 22 68 24 24 
133 21 22 68 24 24 
133 21 22 68 24 24 
133 21 22 68 24 24 
133 21 22 68 24 24 
133 21 22 68 24 24 
133 21 22 68 24 24 
133 21 22 68 24 24 
133 21 22 68 24 24 
133 21 22 68 24 24 
133 21 22 68 24 24 
133 21 22 68 24 24 
133 21 22 68 24 24 
133 21 22 68 24 24 
133 21 22 68 24 24 
133 21 22 68 24 24 
5 21 22 143 8 37 144 24 24 
5 21 22 143 8 37 144 24 24 
5 21 22 143 8 37 144 24 24 
5 21 22 143 8 37 144 24 24 
21 22 37 24 24 
21 22 37 24 24 
21 22 37 24 24 
21 22 37 24 24 
21 22 37 24 24 
5 21 22 143 8 37 144 24 24 
5 21 22 143 8 37 144 24 24 
133 21 22 68 24 24 
21 22 37 24 24 
133 21 22 68 24 24 
133 21 22 68 24 24 
133 21 22 68 24 24 
133 21 22 68 24 24 
21 22 68 24 24 
133 21 22 68 24 24 
133 21 22 68 24 24 
133 21 22 68 24 24 
133 21 22 68 24 24 
133 21 22 68 24 24 
133 21 22 68 24 24 
5 21 22 143 8 37 144 24 24 
21 22 68 24 24 
133 21 22 68 24 24 
133 21 22 68 24 24 
21 22 37 24 24 
21 22 37 24 24 
21 22 37 24 24 
21 22 37 24 24 
21 22 37 24 24 
21 22 37 24 24 
21 22 37 24 24 
21 22 37 24 24 
21 22 37 24 24 
21 22 37 24 24 
21 22 37 24 24 
21 22 37 24 24 
21 22 37 24 24 
21 22 37 24 24 
21 22 37 24 24 
21 22 37 24 24 
21 22 37 24 24 
21 22 37 24 24 
21 22 37 24 24 
21 22 37 24 24 
21 22 37 24 24 
21 22 37 24 24 
21 22 37 24 24 
21 22 37 24 24 
21 22 37 24 24 
21 22 37 24 24 
133 21 22 68 24 24 
133 354 21 22 68 24 24 
21 22 68 24 24 
27 28 133 21 22 68 24 24 
133 21 22 68 24 24 
5 21 22 143 8 144 24 24 
21 22 37 68 24 24 
21 22 37 68 24 24 
21 22 37 68 24 24 
21 22 37 68 24 24 
21 22 37 68 24 24 
21 22 37 68 24 24 
21 22 37 68 24 24 
21 22 37 68 24 24 
21 22 37 68 24 24 
21 22 37 68 24 24 
21 22 37 68 24 24 
21 22 37 68 24 24 
21 22 37 68 24 24 
21 22 37 68 24 24 
21 22 37 68 24 24 
21 22 37 68 24 24 
21 22 37 68 24 24 
21 22 37 68 24 24 
21 22 37 68 24 24 
21 22 37 68 24 24 
21 22 37 68 24 24 
21 22 37 68 24 24 
21 22 37 68 24 24 
21 22 37 68 24 24 
21 22 37 68 24 24 
21 22 37 68 24 24 
21 22 37 68 24 24 
21 22 37 68 24 24 
21 22 37 68 24 24 
21 22 37 68 24 24 
21 22 37 68 24 24 
21 22 37 68 24 24 
21 22 37 68 24 24 
21 22 37 68 24 24 
21 22 37 68 24 24 
21 22 37 68 24 24 
21 22 37 68 24 24 
21 22 37 68 24 24 
21 22 37 68 24 24 
21 22 37 68 24 24 
21 22 37 68 24 24 
21 22 37 68 24 24 
21 22 37 68 24 24 
21 22 37 68 24 24 
21 22 37 68 24 24 
21 22 37 68 24 24 
21 22 37 68 24 24 
21 22 37 68 24 24 
21 22 37 68 24 24 
21 22 37 68 24 24 
21 22 37 68 24 24 
21 22 37 68 24 24 
21 22 37 68 24 24 
21 22 37 68 24 24 
21 22 37 68 24 24 
21 22 37 68 24 24 
21 22 37 68 24 24 
21 22 37 68 24 24 
21 22 37 68 24 24 
21 22 37 68 24 24 
21 22 37 68 24 24 
21 22 37 68 24 24 
21 22 37 68 24 24 
21 22 37 68 24 24 
21 22 37 68 24 24 
21 22 37 68 24 24 
21 22 37 68 24 24 
21 22 37 68 24 24 
21 22 37 68 24 24 
21 22 37 68 24 24 
21 22 37 68 24 24 
21 22 37 68 24 24 
21 22 37 68 24 24 
21 22 37 68 24 24 
21 22 37 68 24 24 
21 22 37 68 24 24 
21 22 37 68 24 24 
21 22 37 68 24 24 
21 22 37 68 24 24 
21 22 37 68 24 24 
21 22 37 68 24 24 
21 22 37 68 24 24 
21 22 37 68 24 24 
21 22 37 68 24 24 
21 22 37 68 24 24 
21 22 37 68 24 24 
21 22 37 68 24 24 
21 22 37 68 24 24 
21 22 37 68 24 24 
21 22 37 68 24 24 
21 22 37 68 24 24 
21 22 37 68 24 24 
21 22 37 68 24 24 
21 22 37 68 24 24 
21 22 37 68 24 24 
21 22 37 68 24 24 
21 22 37 68 24 24 
21 22 37 68 24 24 
21 22 37 68 24 24 
21 22 37 68 24 24 
21 22 37 68 24 24 
21 22 37 68 24 24 
21 22 37 68 24 24 
21 22 37 68 24 24 
21 22 37 68 24 24 
21 22 37 68 24 24 
21 22 68 24 24 
21 22 68 24 24 
133 354 21 22 68 24 24 
28 27 21 22 546 24 24 
28 27 21 22 24 496 24 
28 27 21 22 24 496 24 
28 27 21 22 24 496 24 
28 27 21 22 24 496 24 
28 27 21 22 24 496 24 
28 27 21 22 24 496 24 
28 27 21 22 24 496 24 
28 27 21 22 24 496 24 
28 27 21 22 24 496 24 
28 27 21 22 24 496 24 
28 27 21 22 24 496 24 
28 27 21 22 24 496 24 
28 27 21 22 24 496 24 
28 27 21 22 24 496 24 
28 27 21 22 24 496 24 
28 27 21 22 24 496 24 
28 27 21 22 24 496 24 
28 27 21 22 24 496 24 
28 27 21 22 24 496 24 
28 27 21 22 24 496 24 
28 27 21 22 24 496 24 
28 27 21 22 24 496 24 
28 27 21 22 24 496 24 
28 27 21 22 24 496 24 
133 21 22 68 24 24 
21 22 68 24 24 
21 22 37 24 24 
133 21 22 68 24 24 
133 21 22 68 24 24 
133 21 22 68 24 24 
133 21 22 68 24 24 
28 27 21 22 24 496 24 
21 22 37 24 24 
21 22 37 24 24 
133 21 22 68 24 24 
21 22 37 24 24 
27 28 21 22 24 496 24 
21 22 68 24 24 
21 22 37 24 24 
21 22 37 24 24 
21 22 37 24 24 
27 28 21 22 24 496 24 
21 22 469 24 24 
133 21 22 68 24 24 
27 28 21 22 659 24 24 
27 28 21 22 659 24 24 
27 28 21 22 659 24 24 
27 28 21 22 659 24 24 
27 28 21 22 659 24 24 
27 28 21 22 659 24 24 
27 28 21 22 659 24 24 
27 28 21 22 659 24 24 
27 28 21 22 659 24 24 
27 28 21 22 659 24 24 
27 28 21 22 659 24 24 
27 28 21 22 659 24 24 
27 28 21 22 659 24 24 
27 28 21 22 659 24 24 
27 28 21 22 659 24 24 
27 28 21 22 659 24 24 
27 28 21 22 659 24 24 
27 28 21 22 659 24 24 
27 28 21 22 659 24 24 
27 28 21 22 659 24 24 
27 28 21 22 659 24 24 
27 28 21 22 659 24 24 
27 28 21 22 659 24 24 
27 28 21 22 659 24 24 
28 27 21 22 24 496 24 
27 28 21 22 24 496 24 
21 22 37 24 24 
133 21 22 68 24 24 
133 21 22 68 24 24 
133 21 22 68 24 24 
133 21 22 68 24 24 
133 21 22 68 24 24 
21 22 68 24 24 
21 22 24 24 
28 21 22 111 24 80 24 
133 21 22 68 24 24 
21 22 263 24 24 
354 21 22 68 24 24 
5 21 22 143 8 37 144 24 24 