5 8 8 
5 8 35 8 
5 8 8 
5 8 8 
5 8 120 8 
5 177 112 8 113 8 
5 8 120 8 
5 8 120 8 
5 112 8 113 8 
5 8 35 8 
5 8 35 8 
5 101 8 208 8 
5 6 63 8 8 
5 8 35 8 
5 6 8 61 8 
5 8 8 
5 8 8 
5 8 35 8 
5 8 8 
5 8 8 
5 8 8 
5 6 63 64 8 8 
5 8 8 
5 8 8 
5 27 28 21 232 8 233 8 
5 8 8 
5 101 8 208 8 
5 8 8 
5 8 8 
5 8 8 
5 8 35 8 
5 6 8 8 
5 6 8 8 
5 6 8 8 
5 6 8 8 
5 6 8 8 
5 6 8 8 
5 6 8 8 
5 6 8 8 
5 6 8 8 
5 6 8 8 
5 6 8 8 
5 6 8 8 
5 6 8 8 
5 6 8 8 
5 6 8 8 
5 6 8 8 
5 6 8 8 
5 6 8 8 
5 6 8 8 
5 6 8 8 
5 6 8 8 
5 6 8 8 
5 6 8 8 
5 6 8 8 
5 6 8 8 
5 6 8 8 
5 8 8 
5 8 8 
5 8 8 
5 8 8 
5 8 8 
5 8 8 
5 8 8 
5 8 8 
5 177 112 8 113 8 
5 8 8 
5 8 8 
5 8 8 
5 8 8 
5 8 8 
5 101 8 8 
5 232 8 233 8 
5 8 8 
5 8 8 
5 232 8 233 8 
5 8 8 
5 8 8 
5 8 8 
5 232 8 233 8 
5 8 8 
5 8 35 8 
5 162 221 8 8 
5 8 8 
5 101 8 8 
5 8 8 
5 6 8 8 
5 8 8 
5 8 35 8 
5 8 8 
5 231 8 8 
5 8 8 
5 8 8 
5 8 8 
5 101 8 102 8 
5 6 8 61 8 
5 189 8 144 8 
5 101 8 8 
5 8 8 
5 8 8 
5 8 35 8 
5 8 35 8 
5 62 6 63 8 8 
5 27 28 21 232 8 8 
5 8 35 8 
5 101 8 8 
5 8 8 
177 5 112 8 113 8 
5 8 8 
5 8 8 
5 8 8 
5 528 8 8 
5 528 8 8 
5 8 8 
5 101 8 8 
5 8 8 
5 8 35 8 
5 8 8 
5 8 8 
5 101 8 102 8 
5 8 8 
5 8 35 8 
5 8 35 8 
5 112 8 113 8 
5 8 35 8 
5 28 6 21 8 61 8 
5 28 6 21 8 61 8 
5 8 35 8 
5 6 21 22 8 24 8 
5 8 8 
5 8 35 8 
5 8 35 8 
5 6 8 61 8 
5 8 35 8 
5 8 8 
5 8 8 
5 8 8 
5 8 8 
5 8 8 
5 8 8 
5 8 8 
5 8 8 
5 8 8 
5 8 35 8 
5 8 35 8 
5 8 8 
5 6 21 8 68 24 8 
5 8 8 
5 6 63 8 8 
5 6 63 8 8 
5 8 10 8 
5 8 35 8 
5 8 35 8 
5 62 6 63 64 8 8 
5 525 8 526 120 8 
5 8 8 
5 232 8 8 
5 8 8 
5 62 6 63 8 8 
5 6 63 8 35 8 
5 8 8 
5 8 35 8 
5 8 8 
5 8 35 8 
5 232 8 233 8 
5 8 8 
5 8 35 8 
5 8 12 8 
5 101 8 8 
5 8 8 
5 6 8 61 8 
5 6 101 8 87 8 
5 8 8 
5 8 35 8 
5 6 8 87 8 
5 101 8 8 
5 6 63 64 8 8 
5 8 8 
5 8 8 
5 8 120 8 
5 8 8 
5 231 8 8 
5 8 8 
5 62 6 63 8 8 
5 8 8 
5 8 8 
5 8 8 
5 8 8 
5 8 8 
5 8 8 
5 101 8 8 
5 8 8 
5 8 8 
5 8 8 
5 232 8 233 8 
5 232 8 233 8 
5 8 8 
5 8 8 
5 8 35 8 
5 8 8 
5 8 8 
5 8 8 
5 8 8 
5 8 8 
5 8 8 
5 8 35 8 
5 162 8 198 8 
5 8 8 
5 8 8 
5 8 8 
5 8 8 
5 8 8 
5 8 8 
5 8 8 
5 8 8 
5 8 8 
5 8 8 
5 8 8 
5 8 8 
5 8 8 
5 8 8 
5 8 8 
5 8 8 
5 8 8 
5 8 8 
5 8 8 
5 8 8 
5 8 8 
5 8 8 
5 8 8 
5 8 8 
5 8 8 
5 8 8 
5 8 8 
5 8 8 
5 8 8 
5 8 8 
5 8 8 
5 8 8 
5 8 8 
5 8 8 
5 8 8 
5 8 8 
5 8 8 
5 8 8 
5 8 8 
5 8 8 
5 8 8 
5 8 8 
5 8 8 