5 6 61 61 
5 6 61 61 
5 6 61 61 
5 6 61 61 
5 6 61 61 
5 6 61 61 
5 6 61 61 
5 6 61 61 
5 6 61 61 
5 6 61 61 
5 6 61 61 
5 6 61 61 
5 6 61 61 
5 6 61 61 
5 6 61 61 
5 6 61 61 
5 6 61 61 
5 6 61 61 
5 6 61 61 
5 6 61 61 
5 6 61 61 
5 6 61 61 
5 6 61 61 
5 6 61 61 
5 6 61 61 
5 6 61 61 
5 6 61 61 
5 6 61 61 
5 6 61 61 
5 6 61 61 
5 6 61 61 
5 6 61 61 
5 6 61 61 
5 6 61 61 
5 6 61 61 
5 48 6 61 61 
5 6 61 61 
5 6 61 61 
5 6 61 61 
5 6 21 22 61 24 61 
5 6 61 61 
5 6 61 61 
5 6 61 61 
5 6 61 61 
5 6 61 61 
5 6 61 61 
5 6 61 61 
5 6 61 61 
5 91 6 92 61 61 
5 6 61 61 
5 6 61 61 
5 6 61 61 
5 6 61 61 
5 6 61 61 
5 6 61 61 
5 6 61 61 
5 6 61 61 
5 6 61 61 
5 6 61 61 
5 6 61 61 
5 6 61 61 
5 6 61 61 
5 6 61 61 
5 91 6 92 61 61 
5 6 61 61 
5 6 61 61 
5 6 61 61 
5 6 61 61 
5 6 61 61 
5 6 61 61 
5 6 61 61 
5 6 61 61 
5 6 61 61 
5 6 61 61 
5 6 61 61 
5 6 61 61 
5 6 61 61 
5 6 61 61 
5 6 61 61 
5 6 61 61 
5 6 61 61 
5 6 61 61 
5 6 61 61 
5 6 61 61 
5 6 61 61 
5 6 61 61 
5 6 61 61 
5 6 61 61 
5 6 61 61 
5 6 61 61 
5 6 254 36 61 255 61 
5 6 8 61 61 
5 6 61 61 
5 6 61 61 
5 6 61 61 
5 6 61 61 
5 6 61 61 
5 91 6 92 61 61 
5 48 27 28 6 21 61 61 
5 48 6 61 61 
5 48 6 61 61 
5 6 61 61 
5 6 61 61 
5 6 61 61 
5 6 61 61 
5 6 61 61 
5 6 61 61 
5 6 61 61 
5 6 61 61 
5 6 61 61 
5 6 61 61 
5 6 61 61 
5 6 61 61 
5 6 61 61 
5 6 61 61 
5 6 61 61 
5 6 61 61 
5 6 61 61 
5 6 61 61 
5 6 61 61 
5 6 61 61 
5 6 254 36 61 255 61 
5 6 61 61 
5 6 61 61 
5 6 61 61 
5 6 61 61 
5 6 61 61 
5 6 61 61 
5 6 61 61 
5 48 6 61 61 
5 48 6 61 61 
5 48 6 61 61 
5 48 6 61 61 
5 6 61 61 
5 6 61 61 