5 8 168 8 
5 8 168 8 
5 8 168 8 
5 8 8 
5 8 168 8 
5 8 168 8 
5 8 168 8 
5 8 168 8 
5 8 168 8 
5 8 168 8 
5 8 168 8 
5 8 168 8 
5 8 168 8 
5 8 168 8 
5 8 168 8 
5 8 168 8 
5 8 168 8 
5 8 168 8 
5 8 168 8 
5 8 168 8 
5 8 168 8 
5 8 168 8 
5 8 168 8 
5 8 168 8 
5 8 168 8 
5 8 168 8 
5 8 168 8 
5 8 168 8 
5 8 168 8 
5 8 168 8 
5 8 168 8 
5 8 168 8 
5 8 168 8 
5 8 8 
5 8 8 
5 8 168 8 
5 8 168 8 
5 8 168 8 
5 8 8 
5 8 8 
5 8 8 
5 8 168 8 
5 6 8 8 
5 8 8 
5 6 8 8 
5 8 8 
5 8 8 
5 8 8 
5 8 8 
5 8 8 
5 8 8 
5 8 8 
5 8 8 
5 8 8 