5 6 61 6 
5 6 9 6 
5 6 9 6 
5 6 23 158 6 
5 6 23 158 6 
5 6 31 6 
5 6 31 6 
5 6 9 6 
5 6 21 22 68 24 6 
5 6 9 6 
5 6 9 6 
5 6 6 
5 6 31 6 
5 6 9 6 
5 6 61 6 
5 6 6 
5 6 31 6 
5 6 31 6 
5 6 31 6 
5 6 61 626 6 
5 6 61 6 
5 6 31 6 
5 6 31 6 
5 6 6 
5 6 31 6 
5 6 21 31 68 24 6 
5 6 518 6 
5 6 8 6 
5 6 6 
5 62 6 31 63 6 
5 6 31 436 6 
5 6 31 6 
5 6 6 
5 6 6 
5 6 6 
5 6 31 61 6 
5 6 21 31 24 6 
5 6 21 31 24 6 
5 6 31 6 
5 6 31 6 
5 62 6 31 63 6 
5 62 6 31 63 6 
5 6 31 6 
5 6 31 6 
5 62 6 31 63 6 
5 6 31 6 
5 6 31 6 
5 6 31 6 
5 6 31 6 
5 6 31 6 
5 6 31 6 
5 6 31 6 
5 6 31 6 
5 6 31 6 
5 6 31 6 
5 6 31 6 
5 6 31 6 
5 6 31 6 
5 6 31 6 
5 6 31 6 
5 6 31 6 
5 6 31 6 
5 6 31 6 
5 6 31 6 
5 6 21 31 24 6 
5 6 31 6 
5 6 6 
5 6 31 6 
5 6 6 
5 6 6 
5 6 6 
5 6 6 
5 6 6 
5 6 6 
5 6 31 6 
5 6 31 6 
5 6 31 6 
5 6 36 6 
5 6 31 6 
5 6 9 6 
5 6 31 6 
5 6 31 6 
5 27 28 6 21 6 
5 6 31 6 
5 6 31 6 
5 6 31 6 
5 6 9 6 
5 6 9 6 
5 6 31 6 
5 6 9 6 
5 6 6 
5 6 9 6 
5 6 9 6 
5 6 9 6 
5 6 9 6 
5 6 31 6 
5 28 27 6 21 22 617 6 
5 27 28 6 21 6 
5 6 23 8 158 6 
5 6 23 8 158 6 
5 6 31 6 
5 6 6 
5 6 6 
5 6 61 6 
5 6 61 6 
5 6 482 6 
5 6 21 31 37 24 6 
5 28 27 6 21 63 22 618 8 6 
5 6 31 6 
5 6 31 6 
5 6 31 6 
5 6 6 
5 62 6 63 6 
5 6 6 
5 6 31 6 
5 6 31 6 
5 6 31 6 
5 6 31 6 
5 6 9 6 
5 6 6 
5 6 6 
5 6 31 6 
5 6 31 6 
5 62 6 63 6 
5 6 31 6 
5 6 31 6 
5 6 31 6 
5 6 31 6 
5 6 8 61 6 
5 6 31 6 
5 6 748 61 6 
171 5 6 21 22 162 8 172 24 6 
171 5 6 21 22 162 8 172 24 6 
5 6 61 6 
5 6 6 
5 6 21 61 68 24 6 
5 6 6 
5 6 6 
5 6 6 
5 6 6 
5 6 31 6 
5 6 6 
5 6 31 36 6 
5 6 31 6 
5 6 6 
5 6 61 6 
5 6 6 
5 6 6 
5 6 6 
5 6 6 
5 6 6 
5 6 9 6 
5 6 31 6 
5 6 6 
5 6 31 6 
5 6 31 6 
5 27 28 6 21 6 
5 6 6 
5 6 31 6 
5 6 31 6 
5 6 31 6 
5 6 31 6 
5 6 31 6 
5 6 31 6 
5 112 6 113 6 
5 27 28 6 21 6 
5 6 6 
5 6 36 61 6 
5 62 6 31 63 6 
5 6 31 8 6 
5 6 31 6 
5 6 748 61 6 
5 6 31 6 
5 6 6 
5 6 436 6 
5 6 436 6 
5 6 31 8 6 
5 6 61 6 
5 6 6 
5 6 21 68 24 6 
5 62 6 31 63 6 
5 6 31 6 
5 6 31 6 
5 62 6 63 6 
5 6 31 6 
5 6 31 61 6 
5 6 6 
5 6 31 6 
5 6 31 6 
5 6 31 6 
5 6 31 6 
5 6 31 6 
5 6 31 6 
5 6 6 
5 6 31 6 
5 6 61 6 
5 6 6 
5 6 6 
5 6 31 6 
5 6 31 6 
5 6 31 6 
5 6 482 6 
5 6 21 31 68 24 6 
5 6 31 6 
5 83 6 31 6 
5 6 6 
5 6 6 
5 6 6 
5 6 6 
5 6 6 
5 6 6 
5 6 6 
5 6 6 
5 6 6 
5 6 6 
5 6 31 6 
5 6 31 6 
5 6 31 6 
5 6 25 26 9 6 
5 6 6 
5 6 31 6 
5 6 31 6 
5 6 9 6 
5 6 21 31 68 24 6 
5 6 9 6 
5 6 31 6 
5 6 6 
5 6 31 6 
5 6 6 
5 6 31 6 
5 6 21 6 
5 6 31 6 
5 6 6 
5 6 31 6 
5 6 36 6 
5 6 31 6 
5 6 61 6 
5 6 31 6 
5 6 21 31 68 24 6 
5 6 31 36 6 
5 6 31 8 6 
5 62 6 31 63 6 
5 6 31 6 
5 6 31 6 
5 6 21 68 24 6 
5 6 6 
5 6 6 
5 6 31 6 
5 6 6 
5 6 31 6 
5 6 6 
5 6 6 
5 6 6 
5 6 31 6 
5 358 6 31 61 6 
5 6 31 6 
5 6 31 6 
5 6 6 
5 6 31 6 
5 6 21 31 68 24 6 
5 6 31 6 
5 6 21 31 68 24 6 
5 6 31 6 
5 6 31 6 
5 6 31 6 
5 6 31 6 
5 6 8 6 
5 6 31 6 
5 6 21 6 
5 6 31 6 
5 6 6 
5 6 61 6 
5 6 31 6 
5 6 31 6 
5 6 31 6 
5 27 28 6 21 22 24 6 
5 6 31 6 
5 6 6 
5 6 6 
5 28 27 6 21 63 22 618 6 
5 6 6 
5 6 61 626 6 
5 6 31 6 
5 6 31 6 
5 6 21 31 68 24 6 
5 6 6 
5 6 829 25 6 
5 81 6 21 31 82 24 6 
5 6 6 
5 6 25 6 
5 6 6 
5 6 6 
5 6 6 
5 6 6 
5 6 6 
5 6 6 
5 6 31 6 
5 169 6 162 170 8 9 6 
5 6 9 6 
5 6 9 6 
5 6 9 6 
5 6 9 6 
5 6 31 6 
5 6 31 6 
5 6 9 6 
5 6 31 9 6 
5 6 6 
5 6 31 6 
5 6 31 61 6 
5 6 31 6 
5 62 6 31 63 6 
5 6 8 61 6 
5 6 31 6 
5 6 6 
5 6 21 6 
5 6 31 6 
5 6 9 6 
5 6 6 
5 6 21 31 68 24 6 
5 6 31 6 
5 6 31 9 6 
5 6 6 
5 6 6 
5 6 21 68 24 6 
5 6 31 61 6 
5 6 6 
5 6 31 6 
5 6 6 
5 6 31 6 
5 6 31 61 6 
5 6 61 6 
5 6 6 
5 6 6 
5 6 6 
5 6 31 6 
5 6 231 8 6 
5 6 6 
5 6 482 6 
5 6 31 6 
5 62 6 63 6 
5 6 6 
5 62 6 63 6 
5 6 31 6 
5 6 6 
5 6 6 
5 6 31 6 
5 6 31 6 
5 6 31 6 
5 6 21 68 24 6 
5 6 31 6 
5 6 31 6 
5 6 9 6 
5 6 61 6 
5 6 31 6 
5 6 6 
5 6 31 6 
5 6 9 6 
5 6 61 482 6 
5 6 31 6 
5 6 21 68 24 6 
5 6 9 6 
5 6 31 6 
5 62 6 31 63 6 
5 6 31 6 
5 6 31 6 
5 6 31 6 
5 6 31 6 
5 6 9 6 
5 6 31 9 6 
5 6 31 6 
5 6 142 36 482 6 
5 6 6 
5 6 6 
5 6 21 31 68 24 6 
5 6 31 6 
5 6 31 6 
5 6 31 6 
5 6 6 
5 6 6 
5 6 6 
5 6 6 
5 6 31 6 
5 6 31 6 
5 6 31 6 
5 6 31 6 
5 6 31 6 
5 62 6 63 6 
5 6 6 
5 6 6 
5 6 6 
5 6 6 
5 6 31 6 
5 6 6 
5 6 31 6 
5 6 21 68 24 6 
5 62 6 63 6 
5 6 6 
5 6 21 31 68 24 6 
5 6 8 6 
5 6 31 6 
5 6 9 6 
5 6 6 
5 118 6 132 36 6 
5 6 31 6 
5 6 31 6 
5 6 21 22 23 24 6 
5 6 31 6 
5 6 31 6 
5 6 6 
5 6 31 6 
5 27 28 6 21 31 6 
5 6 31 6 
5 6 31 6 
5 6 31 6 
5 6 6 
5 6 6 
5 6 6 
5 62 6 63 6 
5 6 473 11 10 61 6 
5 6 21 31 68 24 6 
5 6 31 6 
5 6 31 6 
5 6 31 6 
5 6 482 6 
5 6 6 
5 6 6 
5 6 6 
5 6 61 6 
5 6 61 6 
5 6 31 6 
5 6 31 6 
5 6 9 6 
5 6 6 
5 6 31 6 
5 6 31 6 
5 6 31 6 
5 6 31 6 
5 62 6 31 63 6 
5 6 31 6 
5 6 31 6 
5 6 31 6 
5 6 61 6 
5 6 21 68 24 6 
5 6 31 6 
5 6 31 6 
5 6 31 6 
5 6 21 6 
5 6 6 
5 6 31 9 6 
5 6 9 6 
5 6 9 6 
5 521 6 6 
5 27 28 6 21 617 6 
5 6 31 6 
5 6 21 37 24 6 
5 6 31 6 
5 6 6 
5 6 9 6 
5 6 6 
5 6 31 6 
5 6 31 6 
5 6 6 
5 6 6 
5 6 6 
5 6 6 
5 6 31 6 
5 6 748 25 462 61 6 
5 6 31 6 
5 6 6 
5 6 21 31 68 24 6 
5 6 6 
5 6 6 
5 6 6 
5 6 21 31 68 24 6 
5 6 31 6 
5 6 31 61 6 
5 28 27 6 21 63 22 618 6 
5 6 6 
5 6 61 6 
5 6 8 35 6 
5 6 31 6 
5 6 31 6 
5 6 31 6 
5 6 31 6 
5 6 6 
5 6 6 
5 6 31 6 
5 6 6 
5 6 6 
5 6 31 6 
5 6 21 68 24 6 
5 6 31 6 
5 6 61 626 6 
5 6 21 31 68 24 6 
5 6 231 8 6 
5 6 9 6 
5 6 6 
5 6 21 31 68 24 6 
5 27 28 6 21 31 6 
5 6 6 
5 6 6 
5 6 61 6 
5 6 31 6 
5 6 31 6 
5 6 31 6 
5 6 31 6 
5 6 31 6 
5 27 28 6 21 31 6 
5 6 31 61 6 
5 6 31 6 
5 6 31 6 
5 6 31 6 
5 6 31 6 
5 6 6 
5 6 31 6 
5 6 6 
5 6 6 
5 6 31 6 
5 6 6 
5 6 6 
5 6 9 6 
5 6 21 22 24 6 
5 6 21 31 68 24 6 
5 6 21 31 68 24 6 
5 6 31 6 
5 6 9 6 
5 6 627 628 6 
5 6 6 
5 6 6 
5 6 31 6 
5 6 31 6 
5 6 6 
5 6 6 
5 6 8 6 
5 6 31 6 
5 6 21 22 24 6 
5 6 9 6 
5 6 31 6 
5 6 31 6 
5 6 6 
5 6 31 6 
5 6 9 6 
5 6 6 
5 6 31 6 
5 6 31 6 
5 6 6 
5 6 31 6 
5 6 6 
5 6 61 6 
5 6 61 6 
5 6 21 68 24 6 
5 6 61 6 
5 6 6 
5 6 31 6 
5 6 21 31 68 24 6 
5 6 6 
5 6 31 6 
5 6 31 6 
5 6 31 6 
5 6 31 6 
5 6 31 6 
5 6 6 
5 6 61 6 
5 6 31 6 
5 6 31 6 
5 6 31 6 
5 6 31 6 
5 6 31 6 
5 6 9 6 
5 6 31 6 
5 6 31 6 
5 6 21 24 6 
5 6 21 68 24 518 6 
5 6 31 6 
5 6 31 61 6 
5 6 6 
5 6 61 6 
5 6 6 
5 6 31 6 
5 6 8 6 
5 6 31 6 
5 6 31 6 
5 6 6 
5 6 31 6 
5 6 21 31 68 24 6 
5 6 21 31 68 24 6 
5 6 21 31 68 24 6 
5 6 21 31 68 24 6 
5 6 21 31 68 24 6 
5 6 31 6 
5 6 6 
5 6 6 
5 6 6 
5 6 6 
5 6 31 6 
5 6 31 6 
5 358 6 61 6 
5 27 28 6 21 6 
5 6 31 6 
5 6 6 
5 6 31 6 
5 6 436 6 
5 6 31 6 
5 6 31 6 
5 6 31 61 6 
5 6 31 61 6 
5 6 31 6 
5 6 31 6 
5 6 21 31 68 24 6 
5 6 6 
5 6 31 6 
5 6 31 6 
5 6 31 6 
5 6 31 6 
5 6 6 
5 6 518 6 
5 6 6 
5 6 31 6 
5 6 31 6 
5 6 31 6 
5 6 31 6 
5 6 61 6 
5 6 31 6 
5 6 31 6 
5 6 31 6 
5 62 6 63 64 6 
5 6 61 6 
5 6 6 
5 6 31 6 
5 6 31 6 
5 6 21 31 68 24 6 
5 6 6 
5 62 6 31 63 6 
5 6 6 
5 6 6 
5 6 31 6 
5 6 31 6 
5 6 31 6 
5 27 28 6 21 31 6 
5 6 6 
5 6 31 6 
5 6 6 
5 6 31 6 
5 62 6 63 6 
5 6 9 6 
5 6 21 61 24 6 
5 6 21 31 68 24 6 
5 6 31 6 
5 6 31 6 
5 6 31 6 
5 6 31 6 
5 6 6 
5 6 31 6 
5 6 6 
5 6 31 6 
5 6 31 6 
5 6 31 61 6 
5 6 31 61 6 
5 6 31 61 6 
5 6 31 6 
5 6 9 6 
5 6 6 
5 6 6 
5 6 6 
5 6 6 
5 6 61 6 
5 62 6 63 6 
5 6 31 6 
5 6 6 
5 6 6 
5 6 21 68 24 6 
5 6 31 6 
5 6 31 6 
5 6 6 
5 6 6 
5 6 9 6 
5 6 6 
5 6 6 
5 6 6 
5 6 6 
5 6 6 
5 6 31 6 
5 6 31 6 
5 28 27 6 21 63 22 618 36 6 
5 6 7 11 10 6 
5 6 31 6 
5 6 6 
5 6 6 
5 6 31 6 
5 6 31 6 
5 6 31 6 
5 6 9 6 
5 6 31 473 11 10 6 
5 6 31 473 11 10 6 
5 6 31 6 
5 6 36 6 
5 6 61 6 
5 6 31 6 
5 6 31 61 6 
5 6 31 6 
5 6 31 6 
5 6 6 
5 6 6 
5 6 31 6 
5 6 6 
5 6 31 6 
5 62 6 63 6 
5 6 9 6 
5 6 6 
5 6 9 6 
5 6 31 6 
5 6 9 6 
5 6 31 6 
5 6 21 31 68 24 6 
5 6 31 6 
5 6 31 6 
5 62 6 63 6 
5 6 61 6 
5 6 6 
5 6 6 
5 6 31 6 
5 6 31 6 
5 6 31 6 
5 498 6 31 6 
5 91 6 92 6 
5 6 6 
5 6 9 6 
5 6 6 
5 6 61 6 
5 6 31 6 
5 6 6 
5 6 31 6 
5 6 9 6 
5 6 21 31 68 24 6 
5 6 21 31 68 24 6 
5 6 31 6 
5 6 31 6 
5 6 31 6 
5 6 6 
5 6 6 
5 6 6 
5 6 21 31 68 24 6 
5 6 8 6 
5 6 459 8 6 
5 6 459 8 6 
5 6 31 6 
5 6 31 6 
5 6 31 6 
5 6 6 
5 6 31 6 
5 6 31 6 
5 6 31 6 
5 6 6 
5 6 6 
5 6 61 6 
5 6 6 
5 6 61 6 
5 6 31 61 6 
5 6 61 6 
5 6 31 61 6 
5 6 31 6 
5 358 6 61 6 
5 6 31 6 
5 6 61 6 
5 6 31 6 
5 6 31 61 6 
5 6 31 6 
5 6 6 
5 6 6 
5 6 6 
5 6 31 6 
5 6 31 6 
5 6 6 
5 6 31 6 
5 6 31 6 
5 6 21 31 68 24 6 
5 6 6 
5 169 6 162 170 8 9 6 
5 6 9 6 
5 6 31 6 
5 6 31 6 
5 6 8 9 6 
5 6 6 
5 6 6 
5 6 6 
5 6 6 
5 6 61 6 
5 6 61 6 
5 6 61 6 
5 62 6 31 63 6 
5 62 6 63 6 
5 6 21 68 24 6 
5 6 31 6 
5 6 6 
5 62 6 31 63 6 
5 6 9 6 
5 6 31 6 
5 6 31 6 
5 6 31 6 
5 62 6 63 6 
5 6 21 68 24 6 
5 6 6 
5 171 6 162 8 172 6 
5 6 6 
5 6 31 6 
5 6 9 6 
5 6 6 
5 6 6 
5 6 21 31 68 24 6 
5 6 6 
5 6 6 
5 6 6 
5 6 6 
5 6 6 
5 6 6 
5 6 6 
5 6 6 
5 6 6 
5 6 6 
5 6 6 
5 6 6 
5 6 6 
5 6 6 
5 6 6 
5 6 6 
5 6 6 
5 6 6 
5 6 6 
5 6 6 
5 6 6 
5 6 6 
5 6 61 482 6 
5 6 6 
5 6 6 
5 6 6 
5 6 6 
5 6 6 
5 6 6 
5 6 6 
5 6 6 
5 6 6 
5 6 6 
5 6 6 
5 6 6 
5 6 6 
5 6 6 
5 6 6 
5 6 6 
5 6 6 
5 6 6 
5 6 6 
5 6 6 
5 6 6 
5 6 6 
5 6 6 
5 6 6 
5 6 6 
5 6 6 
5 6 6 
5 6 6 
5 6 6 
5 6 6 
5 6 6 
5 6 6 
5 6 6 
5 6 6 
5 6 6 
5 6 6 
5 6 6 
5 6 6 
5 6 6 
5 6 6 
5 6 6 
5 6 6 
5 6 6 
5 6 6 
5 6 6 
5 6 6 
5 6 6 
5 6 6 
5 6 6 
5 6 6 
5 6 6 
5 6 6 
5 6 6 
5 6 6 
5 6 6 
5 6 6 
5 6 6 
5 6 6 
5 6 6 
5 6 6 
5 6 6 
5 6 6 
5 6 6 
5 6 6 
5 6 6 
5 6 6 
5 6 6 
5 6 6 
5 6 6 
5 6 6 
5 6 6 
5 6 6 
5 6 6 
5 6 6 
5 6 6 
5 6 6 
5 6 6 
5 6 6 
5 6 6 
5 6 6 
5 6 6 
5 6 6 
5 6 6 
5 6 6 
5 6 6 
5 6 6 
5 6 6 
5 6 6 
5 6 6 
5 6 6 
5 6 6 
5 6 6 
5 6 6 
5 6 6 
5 6 6 
5 6 6 
5 6 6 
5 6 6 
5 6 6 
5 6 6 
5 6 6 
5 6 6 
5 6 6 
5 6 6 
5 6 6 
5 6 6 
5 6 6 
5 6 6 
5 6 6 
5 6 6 
5 6 6 
5 6 6 
5 6 6 
5 6 6 
5 6 6 
5 6 6 
5 6 6 
5 6 6 
5 6 6 
5 6 6 
5 6 6 
5 6 6 
5 6 6 
5 6 6 
5 6 6 
5 6 6 
5 6 6 
5 6 6 
5 6 6 
5 6 6 
5 6 6 
5 6 6 
5 6 6 
5 6 6 
5 6 6 
5 6 6 
5 6 6 
5 6 6 
5 6 6 
5 6 6 
5 6 6 
5 6 6 
5 6 6 
5 6 6 
5 6 6 
5 6 6 
5 6 6 
5 6 6 
5 6 6 
5 6 6 
5 6 6 
5 6 6 
5 6 6 
5 6 6 
5 6 6 
5 6 6 
5 6 6 
5 6 6 
5 6 6 
5 6 6 
5 6 6 
5 6 6 
5 6 6 
5 6 6 
5 6 6 
5 6 6 
5 6 6 
5 6 6 
5 6 6 
5 6 6 
5 6 6 
5 6 6 
5 6 6 
5 6 6 
5 6 6 
5 6 6 
5 6 6 
5 6 6 
5 6 6 
5 6 6 
5 6 6 
5 6 6 
5 6 6 
5 6 6 
5 6 6 
5 6 6 
5 6 6 
5 6 6 
5 6 6 
5 6 6 
5 6 6 
5 6 6 
5 6 6 
5 6 6 
5 6 6 
5 6 6 
5 6 6 
5 6 6 
5 6 6 
5 6 6 
5 6 6 
5 6 6 
5 6 6 
5 6 6 
5 6 6 
5 6 6 
5 6 6 
5 6 6 
5 6 6 
5 6 6 
5 6 6 
5 6 6 
5 6 6 
5 6 6 
5 6 6 
5 6 6 
5 6 6 
5 6 6 