5 48 6 590 48 
5 48 6 590 48 
5 48 6 590 48 
5 48 6 590 48 
5 48 6 590 48 
5 48 6 590 48 
5 48 6 590 48 
5 48 62 6 63 48 
5 48 6 590 48 
5 48 6 590 48 
5 48 6 590 48 
5 48 6 590 48 
5 48 6 590 48 
5 48 6 590 48 
5 48 6 590 48 
5 48 6 590 48 
5 48 6 590 48 
5 48 62 6 63 48 
5 48 62 6 63 48 
5 48 6 48 
5 48 6 48 
5 48 6 48 
5 48 6 48 
5 48 6 48 
5 48 6 598 48 
5 48 6 48 
5 48 62 6 63 48 
5 48 6 590 48 
5 48 62 6 63 64 48 
5 48 62 6 63 48 
5 48 62 6 63 48 
5 48 62 6 63 48 
5 48 62 6 63 48 
5 48 62 6 63 48 
5 48 6 590 48 
5 48 6 590 48 
5 48 62 6 63 48 
5 48 6 591 48 
5 48 62 6 63 48 
5 48 62 6 63 48 
5 48 62 6 63 48 
5 48 62 6 63 48 
5 48 600 594 6 243 48 
5 48 62 6 63 48 
5 48 62 6 63 48 
5 48 62 6 63 48 
5 48 6 63 64 48 
5 48 6 48 
5 48 6 48 
48 5 6 21 22 24 48 
5 48 6 48 
5 48 6 598 48 
5 48 62 6 63 48 
5 48 600 594 6 243 48 
48 5 6 48 
5 48 6 63 64 48 
48 5 6 48 
5 48 6 48 
5 48 6 63 64 48 
5 48 62 6 63 48 
5 48 6 48 
5 48 6 48 
5 48 6 48 
5 48 6 8 48 
48 5 6 21 22 24 48 
5 48 62 6 63 48 
5 48 6 48 
5 48 6 48 
5 48 62 6 63 48 
5 48 62 6 63 64 48 
5 48 62 6 63 48 
5 48 6 48 
5 48 6 48 
5 48 62 6 63 48 
5 48 62 6 63 48 
5 48 62 6 63 48 
5 48 62 6 63 64 48 
48 5 388 6 820 389 390 48 
5 48 594 6 243 48 
5 48 62 6 63 48 
5 48 6 63 64 48 
5 48 6 63 64 48 
5 48 6 426 598 48 
5 48 6 63 64 48 
5 48 6 48 
5 48 6 48 
5 48 6 63 64 48 
48 5 6 21 22 24 48 
5 48 6 48 
48 5 6 21 22 24 48 
5 48 6 63 48 
5 48 62 6 63 48 
5 48 6 63 48 
48 5 6 21 22 24 48 
48 5 6 21 22 24 48 
48 5 6 21 22 24 48 
48 5 6 21 22 24 48 
5 48 6 63 48 
5 48 6 48 
48 5 6 36 48 
48 5 6 21 22 24 48 
5 48 6 48 
48 5 6 48 
48 5 6 48 
5 48 6 426 598 48 
48 5 6 48 
48 5 6 48 
48 5 6 21 22 24 48 
5 48 6 48 
5 48 6 36 48 
48 5 6 48 
5 48 6 63 48 
5 48 6 48 
48 5 6 48 
5 48 6 48 
48 5 6 48 
5 48 6 48 
5 48 6 48 
5 48 6 48 
5 48 6 63 64 48 
5 48 6 598 48 
48 5 6 48 
5 48 6 696 48 
5 48 6 696 48 
5 48 62 6 63 48 
5 48 62 6 63 48 
5 48 62 6 63 64 48 
5 48 6 696 48 
5 48 62 6 63 48 
5 48 6 696 48 
5 48 62 6 63 48 
5 48 62 6 63 48 
5 48 62 6 63 48 
5 48 62 6 63 48 
48 5 6 21 22 24 48 
5 48 6 48 
5 48 6 63 64 48 
5 48 6 63 64 48 
48 5 6 21 22 24 48 
48 5 6 21 22 24 48 
5 48 6 48 
5 48 6 48 
48 5 6 21 22 24 48 
48 5 6 21 22 24 48 
5 48 6 48 
5 48 6 63 64 48 
48 5 6 21 22 24 48 
5 48 6 63 48 
5 48 6 63 48 
5 48 6 48 
5 48 6 48 
5 48 6 426 598 48 
5 48 6 598 48 
5 48 6 48 
5 48 6 48 
5 48 6 48 
5 48 6 426 598 48 
5 48 62 6 63 48 
5 48 62 6 63 48 
5 48 62 6 63 48 
5 48 6 426 598 48 
5 48 6 426 598 48 
5 48 6 426 598 48 
5 48 62 6 63 48 
5 48 62 6 63 48 
5 48 6 48 
5 48 6 48 
5 48 6 48 
5 48 62 6 63 48 
5 48 6 63 64 48 
5 48 6 21 598 68 24 48 
5 48 6 63 64 48 
5 48 6 598 48 
5 48 6 598 48 
5 48 6 591 48 
5 48 62 6 63 48 
5 48 6 48 
5 48 6 48 
5 48 6 48 
5 48 6 48 
5 48 6 48 
5 48 6 48 
5 48 6 696 48 
5 48 6 48 
5 48 6 426 598 48 
5 48 6 63 64 48 
5 48 6 426 598 48 
5 48 6 63 64 48 
5 48 6 48 
5 48 6 426 48 
48 5 6 21 22 24 48 
5 48 6 598 48 
5 48 6 598 48 
5 48 6 63 64 48 
5 48 6 63 48 
5 48 6 8 48 
5 48 6 63 64 48 
48 5 6 21 22 24 48 
5 48 6 48 
5 48 6 63 48 
5 48 62 6 63 48 
5 48 6 48 
5 48 6 590 48 
48 5 6 21 22 24 48 
5 48 6 48 
5 48 6 426 48 
5 48 6 590 48 
5 48 6 48 
48 5 6 48 
48 5 6 48 
48 5 6 48 
5 48 6 63 64 48 
5 48 6 63 48 
5 48 6 63 48 
5 48 6 8 48 
5 48 6 63 64 48 
48 5 6 48 
5 48 6 63 64 48 
5 48 6 63 64 48 
5 48 6 63 64 48 
48 5 6 21 22 24 48 
5 48 594 6 243 48 
5 48 6 63 48 
48 5 6 21 22 24 48 
5 48 6 48 
5 48 6 48 
5 48 6 48 
5 48 6 48 
5 48 6 63 48 
5 48 6 63 48 
5 48 6 48 
5 48 6 426 48 
5 48 6 48 
5 48 6 63 64 48 
5 48 62 6 63 48 
48 5 6 21 22 24 48 
5 48 6 48 
5 48 6 48 
5 48 6 48 
5 48 6 48 
5 48 6 48 
5 48 6 48 