5 21 22 8 24 8 
5 21 22 8 24 8 
5 131 8 8 
5 21 22 8 24 8 
5 131 8 8 
5 8 8 
5 6 8 61 8 
5 8 8 
5 8 283 8 
5 8 8 
5 8 8 
5 6 8 61 8 
5 6 8 61 8 
5 6 63 64 8 8 
5 21 22 8 24 8 
5 254 131 8 36 255 8 
5 254 131 8 36 255 8 
5 131 8 8 
5 6 8 61 8 
5 6 8 61 8 
5 131 8 8 
5 131 8 8 
5 231 8 8 
5 131 8 8 
5 131 8 8 
5 131 8 8 
5 131 8 8 
5 131 8 8 
5 6 8 61 8 
5 6 8 61 8 
5 6 8 61 8 
5 6 8 61 8 
91 5 6 131 92 8 8 
91 5 6 131 92 8 8 
5 83 6 8 61 8 
5 131 8 8 
5 131 8 8 
5 131 8 8 
5 8 8 
5 8 8 
5 8 8 
83 5 8 8 
5 8 8 
5 8 8 
5 8 8 
5 8 8 
5 6 8 61 8 
5 6 8 61 8 
5 21 22 131 8 24 8 
5 131 8 8 
5 8 8 
5 8 8 
83 5 8 8 
83 5 8 8 
83 5 8 8 
5 131 8 10 8 
5 8 8 
5 8 8 
5 6 8 61 8 
91 5 6 131 92 8 8 
91 5 6 131 92 8 8 
91 5 6 131 92 8 8 
91 5 6 131 92 8 8 
91 5 6 131 92 8 8 
91 5 6 131 92 8 8 
91 5 6 131 92 8 8 
91 5 6 131 92 8 8 
5 83 6 8 61 8 
5 8 8 
5 131 8 10 8 
5 131 8 10 8 
5 6 8 61 8 
5 6 8 61 8 
5 6 8 61 8 
5 8 8 
5 6 8 9 8 
91 5 6 131 92 8 8 
91 5 6 131 92 8 8 
91 5 6 131 92 8 8 
91 5 6 131 92 8 8 
91 5 6 131 92 8 8 
91 5 6 131 92 8 8 
91 5 6 131 92 8 8 
91 5 6 131 92 8 8 
91 5 6 131 92 8 8 
91 5 6 131 92 8 8 
5 21 22 8 24 8 
5 8 8 
5 8 8 
5 8 120 8 
5 8 8 
5 131 8 8 
5 131 8 8 
5 131 8 8 
5 131 8 8 
5 131 8 8 
5 131 8 8 
5 131 8 8 
5 8 165 8 
5 131 8 8 
5 8 168 8 
83 5 8 8 
83 5 8 8 
83 5 8 8 
5 6 8 61 8 
5 6 8 61 8 
5 6 8 61 8 
5 8 8 
91 5 6 131 92 8 8 
91 5 6 131 92 8 8 
91 5 6 131 92 8 8 
91 5 6 131 92 8 8 
5 8 168 8 
5 6 8 61 8 
5 21 8 68 24 8 
5 6 8 61 8 
5 8 8 
5 8 8 
5 131 8 8 
5 6 8 61 8 
91 5 6 131 92 8 8 
91 5 6 131 92 8 8 
5 6 8 61 8 
5 6 8 61 8 
5 6 8 61 8 
5 6 8 61 8 
5 131 8 8 
5 131 8 8 
5 6 8 61 8 
83 5 21 22 8 24 8 
83 5 21 22 8 24 8 
83 5 21 22 8 24 8 
83 5 21 22 8 24 8 
83 5 21 22 8 24 8 
83 5 21 22 8 24 8 
83 5 21 22 8 24 8 
83 5 21 22 8 24 8 
83 5 21 22 8 24 8 
83 5 21 22 8 24 8 
83 5 21 22 8 24 8 
83 5 21 22 8 24 8 
83 5 21 22 8 24 8 
83 5 21 22 8 24 8 
83 5 21 22 8 24 8 
83 5 21 22 8 24 8 
83 5 21 22 8 24 8 
83 5 21 22 8 24 8 
5 6 8 61 8 
5 8 8 
5 6 8 61 8 
5 8 8 
5 21 131 8 24 8 
5 6 8 61 8 
5 6 8 61 8 
5 6 8 61 8 
5 8 8 
5 8 8 
5 6 8 61 8 
5 254 8 36 255 8 
5 6 8 61 8 
91 5 6 131 92 8 8 
91 5 6 131 92 8 8 
91 5 6 131 92 8 8 
5 8 8 
5 8 8 
5 8 168 8 
5 8 8 
5 8 8 
5 6 8 61 8 
91 5 6 131 92 8 8 
5 6 8 61 8 
5 8 8 
5 6 8 61 8 
5 231 8 8 
5 83 6 8 8 
5 83 6 8 8 
5 8 8 
5 8 8 
5 431 112 6 248 8 113 61 8 
5 431 112 6 248 8 113 61 8 
5 8 8 
5 8 165 8 
5 21 22 8 24 8 
5 21 22 8 24 8 
5 21 22 8 24 8 
5 21 22 8 24 8 
5 21 22 8 24 8 
5 21 22 8 24 8 
5 21 22 8 24 8 
5 21 22 8 24 8 
5 21 22 8 24 8 
5 21 22 8 24 8 
5 21 22 8 24 8 
5 21 22 8 24 8 
5 8 8 
5 6 8 61 8 
5 8 8 
5 6 8 61 8 
5 6 8 61 8 
5 6 8 61 8 
5 6 8 61 8 
5 8 8 
5 131 8 8 
5 8 8 
5 6 8 61 8 
5 6 8 61 8 
5 8 8 
5 8 8 
5 8 283 8 
5 8 8 
5 8 8 
83 5 21 22 8 24 8 
5 6 8 61 8 
5 6 131 8 8 
5 6 8 61 8 
5 131 8 8 
5 8 8 
5 131 8 8 
5 131 8 8 
5 131 8 8 
5 8 8 
5 8 8 
5 8 8 
5 8 8 
5 6 8 61 8 
5 8 8 
5 131 8 8 
5 131 8 8 
5 383 384 254 8 36 8 
5 8 8 
5 8 8 
5 27 28 21 656 8 8 
5 8 8 
5 8 8 
5 8 8 
5 6 8 61 8 
5 6 8 61 8 
5 6 8 61 8 
83 5 8 8 
83 5 8 8 
83 5 8 8 
5 231 529 8 8 
5 6 8 61 8 
5 6 8 61 8 
5 8 8 
5 6 8 61 8 
5 131 8 8 
5 131 8 8 
5 131 8 8 
5 131 8 8 
5 131 8 8 
5 131 8 8 
5 131 8 8 
5 131 8 8 
5 8 8 
83 5 8 8 
5 6 8 61 8 
91 5 6 131 92 8 8 
5 8 8 
5 8 8 
5 8 8 
5 8 8 
5 8 8 
5 8 8 
5 8 8 
5 8 8 
5 8 8 
5 6 8 61 8 
5 6 8 61 8 
5 6 8 61 8 
5 131 8 8 
5 8 168 8 
5 6 8 61 8 
5 6 8 61 8 
5 8 8 
5 6 8 61 8 
5 8 8 
5 6 8 61 8 
5 8 8 
5 6 8 61 8 
83 5 8 8 
83 5 8 8 
83 5 8 8 
83 5 8 8 
83 5 8 8 
5 8 168 8 
5 8 8 
5 131 8 8 
83 5 8 8 
83 5 8 8 
83 5 8 8 
5 8 8 
5 8 8 
5 8 8 
5 8 8 
5 8 8 
5 8 8 
5 8 8 
5 8 8 
5 8 8 
5 8 8 
5 8 8 
5 8 8 
5 8 8 
5 8 8 