21 22 352 99 353 100 353 
21 22 352 99 353 100 353 
21 22 352 99 353 100 353 
21 22 352 99 353 100 353 
21 22 352 99 353 100 353 
21 22 352 99 353 100 353 
21 22 352 99 353 100 353 
21 22 352 99 353 100 353 
21 22 352 99 353 100 353 
21 22 352 353 99 24 100 353 
21 22 468 352 99 353 100 353 
21 22 352 99 353 24 100 353 
21 22 352 99 353 24 100 353 
21 22 352 99 353 24 100 353 
5 6 21 352 353 99 100 353 
21 22 352 99 353 100 353 
21 22 352 99 353 100 353 
21 22 352 99 353 100 353 
21 22 352 99 353 100 353 
21 22 352 99 353 100 353 
21 22 352 99 353 100 353 
21 22 352 99 353 100 353 
21 22 352 99 353 100 353 
21 22 352 99 353 100 353 
21 22 352 99 353 100 353 
21 22 352 99 353 100 353 
21 22 352 99 353 100 353 
21 22 352 99 353 100 353 
21 22 352 99 353 100 353 
21 22 352 99 353 100 353 
21 22 352 99 353 100 353 
21 22 352 99 353 100 353 
21 22 352 99 353 100 353 
21 22 352 99 353 100 353 
21 22 352 99 353 100 353 
21 22 352 99 353 100 353 
21 22 352 99 353 100 353 
21 22 352 99 353 100 353 
21 22 352 99 353 100 353 
21 22 352 99 353 100 353 
21 22 352 99 353 100 353 
21 22 352 99 353 100 353 
21 22 352 99 353 100 353 
21 22 352 99 353 100 353 
21 22 352 99 353 100 353 
21 22 352 99 353 469 100 353 
21 22 352 99 353 100 353 
21 22 352 99 353 100 353 
21 22 352 99 353 100 353 
21 22 352 99 353 100 353 
5 21 22 143 352 353 99 8 37 144 24 100 353 
21 22 352 99 353 100 353 
21 22 352 99 353 100 353 
21 22 352 99 353 100 353 
21 22 352 99 353 100 353 
21 22 352 99 353 100 353 
21 22 352 99 353 100 353 
21 22 352 99 353 100 353 
21 22 352 99 353 100 353 
21 22 352 99 353 100 353 
21 352 22 99 353 357 100 353 
21 22 352 99 353 100 353 
21 22 352 99 353 100 353 
5 21 22 143 352 353 99 8 37 144 24 100 353 
21 22 352 99 353 100 353 
21 22 352 99 353 100 353 
21 22 352 99 353 100 353 
21 22 352 99 353 100 353 
21 22 352 99 353 100 353 
21 22 352 99 353 100 353 
21 22 352 99 353 100 353 
21 22 352 99 353 100 353 
21 22 352 99 353 100 353 
21 22 352 99 353 100 353 
21 22 352 99 353 100 353 
21 22 352 353 99 37 24 100 353 
21 22 352 99 353 100 353 
21 22 352 99 353 100 353 
365 21 22 352 99 353 100 353 
365 21 22 352 99 353 100 353 
5 21 22 143 352 353 99 8 37 144 24 100 353 
5 21 22 143 352 353 99 8 37 144 24 100 353 
21 22 352 99 353 100 353 
21 22 352 99 353 100 353 
21 22 352 99 353 100 353 
21 22 352 99 353 100 353 
21 22 352 99 353 100 353 
21 22 352 99 353 100 353 
21 22 352 99 353 100 353 
21 22 352 99 353 100 353 
21 22 352 99 353 100 353 
21 22 352 99 353 100 353 
21 22 352 99 353 100 353 
21 22 352 99 353 100 353 
21 22 352 99 353 100 353 
21 22 352 99 353 100 353 
21 22 352 99 353 100 353 
21 22 352 99 353 100 353 
21 22 352 99 353 100 353 
21 22 352 99 353 100 353 
21 22 352 99 353 100 353 
21 22 352 99 353 100 353 
21 22 352 99 353 100 353 
21 22 352 99 353 100 353 
21 22 352 99 353 100 353 
21 22 352 99 353 100 353 
21 22 352 99 353 100 353 
21 22 352 99 353 100 353 
21 22 352 99 353 100 353 
21 22 352 99 353 100 353 
21 22 352 99 353 100 353 
21 22 352 99 353 100 353 
21 22 352 99 353 100 353 
21 22 352 99 353 100 353 
21 22 352 99 353 100 353 
21 22 352 99 353 100 353 
21 22 352 99 353 100 353 
21 22 352 99 353 100 353 
21 22 352 99 353 100 353 
21 22 352 99 353 100 353 
21 22 352 99 353 100 353 
21 22 352 99 353 100 353 
21 22 352 99 353 100 353 
21 22 352 99 353 100 353 
21 22 352 99 353 100 353 
21 22 352 99 353 100 353 
21 22 352 99 353 100 353 
21 22 352 99 353 100 353 
21 22 352 99 353 100 353 
21 22 352 99 353 100 353 
21 22 352 99 353 100 353 
21 22 352 99 353 100 353 
21 22 352 99 353 100 353 
21 22 352 99 353 100 353 
21 22 352 99 353 100 353 
21 22 352 99 353 100 353 
21 22 352 99 353 100 353 
21 22 352 99 353 100 353 
21 22 352 99 353 100 353 
21 22 352 99 353 100 353 
21 22 352 99 353 100 353 
21 22 352 99 353 100 353 
21 22 352 99 353 100 353 
21 22 352 99 353 100 353 
21 22 352 99 353 100 353 
21 22 352 99 353 100 353 
21 22 352 99 353 100 353 
21 22 352 99 353 100 353 
21 22 352 99 353 100 353 
21 22 352 99 353 100 353 
21 22 352 99 353 100 353 
21 22 352 99 353 100 353 
21 22 352 99 353 100 353 
21 22 352 99 353 100 353 
21 22 352 99 353 100 353 
21 22 352 99 353 100 353 
21 22 352 99 353 100 353 
21 22 352 99 353 100 353 
21 22 352 99 353 100 353 
21 22 352 99 353 100 353 
21 22 352 99 353 100 353 
21 22 352 99 353 100 353 
21 22 352 99 353 100 353 
21 22 352 99 353 100 353 
21 22 352 99 353 100 353 
21 22 352 99 353 100 353 
21 22 352 99 353 100 353 
21 22 352 99 353 100 353 
21 22 352 99 353 100 353 
21 22 352 99 353 100 353 
21 22 352 99 353 100 353 
21 22 352 99 353 100 353 
21 22 352 99 353 100 353 
21 22 352 99 353 100 353 
21 22 352 99 353 100 353 
21 22 352 99 353 100 353 
21 22 352 99 353 100 353 
21 22 352 99 353 100 353 
21 22 352 99 353 100 353 
21 22 352 99 353 100 353 
21 22 352 99 353 100 353 
21 22 352 99 353 100 353 
21 22 352 99 353 100 353 
21 22 352 99 353 100 353 
21 22 352 99 353 100 353 
21 22 352 99 353 100 353 
21 22 352 99 353 100 353 
21 22 352 99 353 100 353 
21 22 352 99 353 100 353 
21 22 352 99 353 100 353 
21 22 352 99 353 100 353 
21 22 352 99 353 100 353 
21 22 352 99 353 100 353 
21 22 352 99 353 100 353 
21 22 352 99 353 100 353 
21 22 352 99 353 100 353 
21 22 352 99 353 100 353 
21 22 352 99 353 100 353 
21 22 352 99 353 100 353 
21 22 352 99 353 100 353 
21 22 352 99 353 100 353 
21 22 352 99 353 100 353 
21 22 352 99 353 100 353 
21 22 352 99 353 100 353 
21 22 352 99 353 100 353 
21 22 352 99 353 100 353 
21 22 352 99 353 100 353 
21 22 352 99 353 100 353 
21 22 352 99 353 100 353 
21 22 352 99 353 100 353 
21 22 352 99 353 100 353 
21 22 352 99 353 100 353 
21 22 352 99 353 100 353 
21 22 352 99 353 100 353 
21 22 352 99 353 100 353 
21 22 352 99 353 100 353 
21 22 352 99 353 100 353 
21 22 352 99 353 100 353 
21 22 352 99 353 100 353 
21 22 352 99 353 100 353 
81 21 22 352 353 99 82 24 100 353 
21 22 352 99 353 100 353 
21 22 352 99 353 100 353 
21 22 352 99 353 100 353 
21 22 352 99 353 100 353 
21 22 352 99 353 100 353 
21 22 352 99 353 100 353 
21 22 352 99 353 100 353 
21 22 352 99 353 100 353 
21 22 352 99 353 100 353 
21 22 352 99 353 100 353 
21 22 352 99 353 100 353 
21 22 352 99 353 100 353 
21 22 352 99 353 100 353 
21 22 352 99 353 100 353 
21 22 352 99 353 100 353 
21 22 352 99 353 100 353 
21 22 352 99 353 100 353 
21 22 352 99 353 100 353 
21 22 352 99 353 100 353 
21 22 352 99 353 100 353 
21 22 352 99 353 100 353 
21 22 352 99 353 100 353 
21 22 352 99 353 100 353 
21 22 352 99 353 100 353 
21 22 352 99 353 100 353 
21 22 352 99 353 100 353 
21 22 352 99 353 100 353 
21 22 352 99 353 100 353 
21 22 352 99 353 100 353 
21 22 352 99 353 100 353 
21 22 352 99 353 100 353 
21 22 352 99 353 100 353 
21 22 352 99 353 100 353 
21 22 352 99 353 100 353 
21 22 352 99 353 100 353 
21 22 352 99 353 100 353 
21 22 352 99 353 100 353 
21 22 352 99 353 100 353 
21 22 352 99 353 100 353 
21 22 352 99 353 100 353 
21 22 352 99 353 100 353 
5 21 22 352 99 353 100 353 
5 21 22 352 99 353 100 353 
5 21 22 352 99 353 100 353 
21 22 352 99 353 100 353 
21 22 352 99 353 100 353 
21 22 352 99 353 100 353 
21 22 352 99 353 100 353 
21 22 352 99 353 100 353 
21 22 352 99 353 100 353 
21 22 352 99 353 100 353 
21 22 352 99 353 100 353 
21 22 352 99 353 100 353 
21 22 352 99 353 100 353 
21 22 352 99 353 100 353 
21 22 468 352 99 353 100 353 
81 21 22 352 353 99 82 24 100 353 
21 22 352 99 353 100 353 
21 22 352 99 353 100 353 
21 22 352 99 353 100 353 
21 22 352 99 353 100 353 
21 22 352 99 353 100 353 
21 22 352 99 353 100 353 
21 22 352 99 353 100 353 
21 22 352 99 353 100 353 
21 22 352 99 353 100 353 
21 22 352 99 353 100 353 
21 22 352 99 353 100 353 
21 22 352 99 353 100 353 
21 22 352 99 353 100 353 
21 22 352 99 353 100 353 
21 22 352 99 353 100 353 
21 22 352 99 353 100 353 
21 22 352 99 353 100 353 
21 22 352 99 353 100 353 
21 22 352 99 353 100 353 
21 22 352 99 353 100 353 
21 22 352 99 353 100 353 
21 22 352 99 353 100 353 
21 22 352 99 353 100 353 
21 22 352 99 353 100 353 
21 22 352 99 353 100 353 
21 22 352 99 353 100 353 
21 22 352 99 353 100 353 
21 22 352 99 353 100 353 
21 22 352 99 353 100 353 
21 22 352 99 353 100 353 
21 22 352 99 353 100 353 
21 22 352 99 353 100 353 
21 22 352 99 353 100 353 
21 22 352 99 353 100 353 
21 22 352 99 353 100 353 
21 22 352 99 353 100 353 
21 22 352 99 353 100 353 
21 22 352 99 353 100 353 
21 22 352 99 353 100 353 
21 22 352 99 353 100 353 
21 22 352 99 353 100 353 
21 22 352 99 353 100 353 
21 22 352 99 353 100 353 
21 22 352 99 353 100 353 
21 22 352 99 353 100 353 
21 22 352 99 353 100 353 
21 22 352 99 353 100 353 
21 22 352 99 353 100 353 
21 22 352 99 353 100 353 
21 22 352 99 353 100 353 
21 22 352 99 353 100 353 
21 22 352 99 353 100 353 
21 22 352 99 353 100 353 
21 22 352 99 353 100 353 
21 22 352 99 353 100 353 
21 22 352 99 353 100 353 
21 22 352 99 353 100 353 
21 22 352 99 353 100 353 
21 22 352 99 353 100 353 
21 22 352 99 353 100 353 
21 22 352 99 353 100 353 
21 22 352 99 353 100 353 
21 22 352 99 353 100 353 
21 22 352 99 353 100 353 
21 22 352 99 353 100 353 
21 22 352 99 353 100 353 
21 22 352 99 353 100 353 
21 22 352 99 353 100 353 
21 22 352 99 353 100 353 
21 22 352 99 353 100 353 
21 22 352 99 353 100 353 
21 352 22 99 353 357 100 353 
21 22 468 352 99 353 100 353 
5 21 352 353 99 8 100 353 
21 22 352 99 353 100 353 
21 22 352 99 353 100 353 
21 22 352 99 353 100 353 
21 22 352 99 353 100 353 
21 22 352 99 353 100 353 
21 22 352 99 353 100 353 
21 22 352 99 353 100 353 
21 22 352 99 353 100 353 
21 22 352 99 353 100 353 
21 22 352 99 353 100 353 
21 22 352 99 353 100 353 
21 22 352 99 353 100 353 
21 22 352 99 353 100 353 
21 22 352 99 353 100 353 
21 22 352 99 353 100 353 
21 22 352 99 353 100 353 
21 22 352 99 353 100 353 
21 22 352 99 353 100 353 
21 22 352 99 353 100 353 
21 22 352 99 353 100 353 
21 22 352 99 353 100 353 
21 22 352 99 353 100 353 
21 22 352 99 353 100 353 
21 352 22 99 353 357 100 353 
21 352 22 99 353 357 100 353 
133 21 22 352 353 99 68 24 100 353 
21 22 352 99 353 100 353 
21 22 352 99 353 100 353 
21 22 352 99 353 100 353 
21 22 352 99 353 100 353 
21 22 352 99 353 100 353 
21 22 352 353 99 68 24 100 353 
21 22 468 352 99 353 100 353 
21 22 352 99 353 100 353 
21 22 352 99 353 100 353 
21 352 22 99 353 357 100 353 
21 22 352 99 353 100 353 
21 22 352 99 353 100 353 
21 22 352 99 353 100 353 
21 22 352 99 353 100 353 
21 22 352 99 353 100 353 
21 22 352 99 353 100 353 
21 22 352 99 353 100 353 
21 22 352 99 353 100 353 
21 22 352 99 353 100 353 
21 22 352 99 353 100 353 
21 22 352 99 353 100 353 
21 22 352 99 353 100 353 
21 22 352 99 353 100 353 
21 22 352 99 353 100 353 
21 22 352 99 353 100 353 
21 22 352 99 353 100 353 
21 22 352 99 353 100 353 
21 22 352 99 353 100 353 
21 22 352 99 353 100 353 
21 22 352 99 353 100 353 
21 22 352 99 353 100 353 
21 22 352 99 353 100 353 
21 22 352 99 353 100 353 
21 22 352 99 353 100 353 
21 22 352 99 353 100 353 
21 22 352 99 353 100 353 
21 22 352 99 353 100 353 
21 22 352 99 353 100 353 
21 22 352 99 353 100 353 
21 22 352 99 353 100 353 
21 22 352 99 353 100 353 
21 22 352 99 353 100 353 
21 22 352 99 353 100 353 
21 22 352 99 353 100 353 
21 22 352 99 353 100 353 
21 22 352 99 353 100 353 
21 22 352 99 353 100 353 
21 22 352 99 353 100 353 
21 22 352 99 353 100 353 
21 22 352 99 353 100 353 
21 22 352 99 353 100 353 
21 22 352 99 353 100 353 
21 22 352 99 353 100 353 
21 22 352 99 353 100 353 
21 22 352 99 353 100 353 
21 22 352 99 353 100 353 
21 22 352 99 353 100 353 
21 22 352 99 353 100 353 
21 22 352 99 353 100 353 
21 22 352 99 353 100 353 
21 22 352 99 353 100 353 
21 22 352 99 353 100 353 
21 22 352 99 353 100 353 
21 22 352 99 353 100 353 
21 22 352 99 353 100 353 
21 22 352 99 353 100 353 
21 22 352 99 353 100 353 
21 22 352 99 353 100 353 
21 22 352 99 353 100 353 
21 22 352 99 353 100 353 
21 22 352 99 353 100 353 
21 22 352 99 353 100 353 
21 22 352 99 353 100 353 
21 22 352 99 353 100 353 
21 22 352 99 353 100 353 
21 22 352 99 353 100 353 
21 22 352 99 353 100 353 
21 22 352 99 353 100 353 
21 22 352 99 353 100 353 
21 22 352 99 353 100 353 
21 22 352 99 353 100 353 
21 22 352 99 353 100 353 
21 22 352 99 353 100 353 
21 22 352 99 353 100 353 
21 22 352 99 353 100 353 
21 22 352 99 353 100 353 
21 22 352 99 353 100 353 
21 22 352 99 353 100 353 
21 22 352 99 353 100 353 
21 22 352 99 353 100 353 
21 22 352 99 353 100 353 
21 22 352 99 353 100 353 
21 22 352 99 353 100 353 
21 22 352 99 353 100 353 
21 22 352 99 353 100 353 
21 22 352 99 353 100 353 
21 22 352 99 353 100 353 
21 22 352 99 353 100 353 
21 22 352 99 353 100 353 
21 22 352 99 353 100 353 
365 21 22 352 99 353 100 353 
365 21 22 352 99 353 100 353 
365 21 22 352 99 353 100 353 
365 21 22 352 99 353 100 353 
365 21 22 352 99 353 100 353 
365 21 22 352 99 353 100 353 
365 21 22 352 99 353 100 353 
365 21 22 352 99 353 100 353 
365 21 22 352 99 353 100 353 
5 21 22 352 99 353 8 100 353 
21 22 352 99 353 436 100 353 
21 22 352 99 353 100 353 
5 6 21 22 352 353 99 68 24 100 353 
28 109 21 22 352 353 99 80 110 100 353 
28 109 21 22 352 353 99 80 110 100 353 
21 22 352 353 99 68 24 100 353 
5 21 22 352 99 353 8 100 353 
21 22 352 353 99 37 24 100 353 
21 22 352 99 353 471 100 353 
21 22 352 99 353 100 353 
21 22 352 99 353 100 353 
21 22 352 99 353 100 353 
365 21 22 352 99 353 100 353 
365 21 22 352 99 353 100 353 
21 22 352 99 353 100 353 
21 22 352 99 353 100 353 
21 22 352 99 353 100 353 
365 21 22 352 99 353 100 353 
472 28 109 21 22 352 353 99 80 100 353 
21 22 352 99 353 100 353 
21 22 352 99 353 100 353 
21 22 352 99 353 100 353 
21 22 352 99 353 100 353 
21 22 352 99 353 100 353 
21 22 352 99 353 100 353 
21 22 352 99 353 100 353 
21 22 352 99 353 100 353 
21 22 352 99 353 100 353 
21 22 352 99 353 68 24 100 353 
21 22 352 99 353 100 353 
21 22 352 99 353 100 353 
21 22 352 162 353 99 80 110 100 171 5 28 109 8 172 353 
21 22 352 99 353 100 353 
21 22 352 353 99 68 24 100 353 
21 22 352 99 353 100 353 
21 22 352 99 353 100 353 
21 22 352 99 353 100 353 
21 22 352 99 353 100 353 
21 22 352 99 353 100 353 
21 22 352 99 353 100 353 
21 22 352 99 353 100 353 
21 22 352 99 353 100 353 
21 22 352 99 353 100 353 
21 22 352 99 353 100 353 
21 22 352 99 353 100 353 
21 22 352 99 353 100 353 
21 22 352 99 353 100 353 
21 22 352 99 353 100 353 
21 22 352 99 353 100 353 
21 22 352 99 353 100 353 
21 22 352 99 353 100 353 
21 22 352 99 353 100 353 
21 22 352 99 353 100 353 
21 22 352 99 353 100 353 
21 22 352 99 353 100 353 
21 22 352 99 353 100 353 
21 22 352 99 353 100 353 
21 22 352 99 353 100 353 
21 22 352 99 353 100 353 
21 22 352 99 353 100 353 
21 22 352 99 353 100 353 
21 22 352 99 353 100 353 
21 22 352 99 353 100 353 
21 22 352 99 353 100 353 
21 22 352 99 353 100 353 
21 22 352 99 353 100 353 
21 22 352 99 353 100 353 
21 22 352 99 353 100 353 
21 22 352 99 353 100 353 
21 22 352 99 353 100 353 
21 22 352 99 353 100 353 
21 22 352 99 353 100 353 
21 22 352 99 353 100 353 
21 22 352 99 353 100 353 
21 22 352 99 353 100 353 
21 22 352 99 353 100 353 
21 22 352 99 353 100 353 
21 22 352 99 353 100 353 
21 22 352 99 353 100 353 
21 22 352 99 353 100 353 
21 22 352 99 353 100 353 
21 22 352 99 353 100 353 
21 22 352 99 353 100 353 
5 6 21 352 353 99 100 353 
5 6 21 352 353 99 100 353 
118 21 22 352 99 353 36 100 353 
21 22 352 99 353 100 353 
21 22 352 99 353 100 353 
21 22 352 99 353 100 353 
21 22 352 99 353 100 353 
21 22 352 99 353 100 353 
21 22 352 99 353 100 353 
21 22 352 99 353 100 353 
21 22 352 99 353 100 353 
21 22 352 99 353 100 353 
21 22 352 99 353 100 353 
21 22 352 99 353 100 353 
21 22 352 99 353 100 353 
21 22 352 99 353 100 353 
21 22 352 99 353 100 353 
21 22 352 99 353 100 353 
21 22 352 99 353 100 353 
21 22 352 99 353 100 353 
21 352 22 99 353 357 100 353 
21 352 22 99 353 357 100 353 
21 352 22 99 353 357 100 353 
21 22 352 99 353 473 11 10 100 353 
21 22 352 99 353 100 353 
21 22 352 99 353 100 353 
21 22 352 99 353 100 353 
21 22 352 99 353 100 353 
21 22 352 99 353 100 353 
21 22 352 99 353 100 353 
21 22 352 99 353 100 353 
21 22 352 99 353 100 353 
21 22 352 99 353 100 353 
21 22 352 99 353 100 353 
21 22 352 99 353 100 353 
21 22 352 99 353 100 353 
21 22 352 99 353 100 353 
21 22 352 99 353 100 353 
21 22 352 99 353 100 353 
21 22 352 99 353 100 353 
21 22 352 99 353 100 353 
21 22 352 353 99 100 353 
21 22 352 99 353 100 353 
21 22 352 99 353 100 353 
21 22 352 99 353 100 353 
21 22 352 99 353 100 353 
21 22 352 99 353 100 353 
21 22 352 99 353 100 353 
21 22 352 99 353 100 353 
21 22 352 99 353 100 353 
21 22 352 99 353 100 353 
21 22 352 99 353 100 353 
21 22 352 99 353 100 353 
21 22 352 99 353 100 353 
21 22 352 99 353 100 353 
21 22 352 99 353 100 353 
21 22 352 99 353 100 353 
21 22 352 99 353 100 353 
21 22 352 99 353 100 353 
21 22 352 99 353 100 353 
21 22 352 99 353 100 353 
21 22 352 99 353 100 353 
21 22 352 99 353 100 353 
21 22 352 99 353 100 353 
21 22 352 99 353 100 353 
21 22 352 99 353 100 353 
21 22 352 99 353 100 353 
21 22 352 99 353 100 353 
21 22 352 99 353 100 353 
21 22 352 99 353 100 353 
21 22 352 99 353 100 353 
21 22 352 99 353 100 353 
21 22 352 99 353 100 353 
21 22 352 99 353 100 353 
21 22 352 99 353 100 353 
21 22 352 99 353 100 353 
21 22 352 99 353 100 353 
21 22 352 99 353 100 353 
21 22 352 99 353 100 353 
21 22 352 99 353 100 353 
21 22 352 99 353 100 353 
21 22 352 99 353 100 353 
21 22 352 99 353 100 353 
21 22 352 99 353 100 353 
21 22 352 99 353 100 353 
21 22 352 99 353 100 353 
21 22 352 99 353 100 353 
21 22 352 99 353 100 353 
21 22 352 99 353 100 353 
21 22 352 99 353 100 353 
21 22 352 99 353 100 353 
21 22 352 99 353 100 353 
21 22 352 99 353 100 353 
21 22 352 99 353 100 353 
21 22 352 99 353 100 353 
21 22 352 99 353 100 353 
21 22 352 99 353 100 353 
21 22 352 99 353 100 353 
21 22 352 99 353 100 353 
21 22 352 99 353 100 353 
21 22 352 99 353 100 353 
21 22 352 99 353 100 353 
21 22 352 99 353 100 353 
21 22 352 99 353 100 353 
21 22 352 99 353 100 353 
21 22 352 99 353 100 353 
21 22 352 99 353 100 353 
21 22 352 99 353 100 353 
21 22 352 99 353 100 353 
21 22 352 99 353 100 353 
21 22 352 99 353 100 353 
21 22 352 99 353 100 353 
21 22 352 99 353 100 353 
21 22 352 99 353 100 353 
21 22 352 99 353 100 353 
21 22 352 99 353 100 353 
21 22 352 99 353 100 353 
21 22 352 99 353 100 353 
21 22 352 99 353 100 353 
21 22 352 99 353 100 353 
21 22 352 99 353 100 353 
21 22 352 99 353 100 353 
28 27 21 22 352 353 99 100 353 
28 27 21 22 352 353 99 100 353 
109 28 21 22 352 99 353 80 100 110 353 
109 28 21 22 352 99 353 80 100 110 353 
21 22 352 99 353 100 353 
133 21 22 352 353 99 68 24 100 353 
21 352 353 99 25 26 100 353 
21 22 352 99 353 100 353 
21 22 352 353 99 24 100 353 
21 22 352 353 99 24 100 353 
133 21 22 352 353 99 68 24 100 353 
21 22 352 99 353 100 353 
21 22 352 99 353 100 353 
21 22 352 99 353 100 353 
21 22 352 99 353 100 353 
21 22 352 99 353 100 353 
21 22 352 99 353 100 353 
21 22 352 99 353 100 353 
21 22 352 99 353 100 353 
21 22 352 99 353 100 353 
21 22 352 99 353 100 353 
21 22 352 99 353 100 353 
21 22 352 99 353 100 353 
21 22 352 353 99 68 24 100 353 
21 22 352 99 353 100 353 
21 22 352 99 353 100 353 
21 22 352 99 353 100 353 
21 22 352 99 353 100 353 
21 22 352 99 353 100 353 
21 22 352 99 353 100 353 
21 22 352 99 353 100 353 
21 22 352 99 353 100 353 
21 22 352 99 353 100 353 
21 22 352 99 353 100 353 
21 22 352 99 353 100 353 
21 22 352 99 353 100 353 
21 22 352 99 353 100 353 
21 22 352 99 353 100 353 
21 22 352 99 353 100 353 
21 22 352 99 353 100 353 
21 22 352 99 353 100 353 
21 22 352 99 353 100 353 
21 22 352 99 353 100 353 
21 22 352 99 353 100 353 
21 22 352 99 353 100 353 
21 22 352 99 353 100 353 
21 22 352 99 353 100 353 
21 22 352 99 353 100 353 
21 22 352 99 353 100 353 
21 22 352 99 353 100 353 
21 22 352 99 353 100 353 
21 22 352 99 353 100 353 
21 22 352 99 353 100 353 
21 22 352 99 353 100 353 
21 22 352 99 353 100 353 
21 22 352 99 353 100 353 
21 22 352 99 353 100 353 
21 22 352 99 353 100 353 
21 22 352 99 353 100 353 
21 22 352 99 353 100 353 
21 22 352 99 353 100 353 
21 22 352 99 353 100 353 
21 22 352 99 353 100 353 
21 22 352 99 353 100 353 
21 22 352 99 353 100 353 
21 22 352 99 353 100 353 
21 22 352 99 353 100 353 
21 22 352 99 353 100 353 
21 22 352 99 353 100 353 
21 22 352 99 353 100 353 
21 22 352 99 353 100 353 
21 22 352 99 353 100 353 
21 22 352 99 353 100 353 
21 22 352 99 353 100 353 
21 22 352 99 353 100 353 
21 22 352 99 353 100 353 
21 22 352 99 353 100 353 
21 22 352 99 353 100 353 
21 22 352 99 353 100 353 
21 22 352 99 353 100 353 
21 22 352 99 353 100 353 
21 22 352 99 353 100 353 
21 22 352 99 353 100 353 
21 22 352 99 353 100 353 
21 22 352 99 353 100 353 
21 22 352 99 353 100 353 
21 22 352 99 353 100 353 
21 22 352 99 353 100 353 
21 22 352 99 353 100 353 
21 22 352 99 353 100 353 
21 22 352 99 353 100 353 
21 22 352 99 353 100 353 
21 22 352 99 353 100 353 
21 22 352 99 353 100 353 
21 22 352 99 353 100 353 
21 22 352 99 353 100 353 
21 22 352 99 353 100 353 
21 22 352 99 353 100 353 
21 22 352 99 353 100 353 
21 22 352 99 353 100 353 
21 22 352 99 353 100 353 
21 22 352 99 353 100 353 
21 22 352 99 353 100 353 
21 22 352 99 353 100 353 
21 22 352 99 353 100 353 
21 22 352 99 353 100 353 
21 22 352 99 353 100 353 
21 22 352 99 353 100 353 
21 22 352 99 353 100 353 
21 22 352 99 353 100 353 
21 22 352 99 353 100 353 
21 22 352 99 353 100 353 
21 22 352 99 353 100 353 
21 22 352 99 353 100 353 
21 22 352 99 353 100 353 
21 22 352 99 353 100 353 
21 22 352 99 353 100 353 
21 22 352 99 353 100 353 
21 22 352 99 353 100 353 
21 22 352 99 353 100 353 
21 22 352 99 353 100 353 
21 22 352 99 353 100 353 
21 22 352 99 353 100 353 
21 22 352 99 353 100 353 
21 22 352 99 353 100 353 
21 22 352 99 353 100 353 
21 22 352 99 353 100 353 
21 22 352 99 353 100 353 
21 22 352 99 353 100 353 
21 22 352 99 353 100 353 
21 22 352 99 353 100 353 
21 22 352 99 353 100 353 
21 22 352 99 353 100 353 
21 22 352 99 353 100 353 
21 22 352 99 353 100 353 
21 22 352 99 353 100 353 
21 22 352 99 353 100 353 
21 22 352 99 353 100 353 
21 22 352 99 353 100 353 
21 22 352 99 353 100 353 
21 22 352 99 353 100 353 
21 22 352 99 353 100 353 
21 22 352 99 353 100 353 
21 22 352 99 353 100 353 
21 22 352 99 353 100 353 
21 22 352 99 353 100 353 
21 22 352 99 353 100 353 
21 22 352 99 353 100 353 
21 22 352 99 353 100 353 
21 22 352 99 353 100 353 
21 22 352 99 353 100 353 
21 22 352 99 353 100 353 
21 22 352 99 353 100 353 
21 22 352 99 353 100 353 
21 22 352 99 353 100 353 
21 22 352 99 353 100 353 
21 22 352 99 353 100 353 
21 22 352 99 353 100 353 
21 22 352 99 353 100 353 
21 22 352 99 353 100 353 
21 22 352 99 353 100 353 
21 22 352 99 353 100 353 
21 22 352 99 353 100 353 
21 22 352 99 353 100 353 
21 22 352 99 353 100 353 
21 22 352 99 353 100 353 
21 22 352 99 353 100 353 
21 22 352 99 353 100 353 
21 22 352 99 353 100 353 
21 22 352 99 353 100 353 
21 22 352 99 353 100 353 
21 22 352 99 353 100 353 
21 22 352 99 353 100 353 
21 22 352 99 353 100 353 
21 22 352 99 353 100 353 
21 22 352 99 353 100 353 
21 22 352 99 353 100 353 
21 22 352 99 353 100 353 
21 22 352 99 353 100 353 
21 22 352 99 353 100 353 
21 22 352 99 353 100 353 
21 22 352 99 353 100 353 
21 22 352 99 353 100 353 
21 22 352 99 353 100 353 
21 22 352 99 353 100 353 
21 22 352 99 353 100 353 
21 22 352 99 353 100 353 
21 22 352 99 353 100 353 
21 22 352 99 353 100 353 
21 22 352 99 353 100 353 
21 22 352 99 353 100 353 
21 22 352 99 353 100 353 
21 22 352 99 353 100 353 
21 22 352 99 353 100 353 
21 22 352 99 353 100 353 
21 22 352 99 353 100 353 
21 22 352 99 353 100 353 
21 22 352 99 353 100 353 
21 22 352 99 353 100 353 
21 22 352 99 353 100 353 
21 22 352 99 353 100 353 
21 22 352 99 353 100 353 
21 22 352 99 353 100 353 
21 22 352 99 353 100 353 
21 22 352 99 353 100 353 
21 22 352 99 353 100 353 
21 22 352 99 353 100 353 
21 22 352 99 353 100 353 
21 22 352 99 353 100 353 
21 22 352 99 353 100 353 
21 22 352 99 353 100 353 
21 22 352 99 353 100 353 
21 22 352 99 353 100 353 
21 22 352 99 353 100 353 
21 22 352 99 353 100 353 
21 22 352 99 353 100 353 
21 22 352 99 353 100 353 
21 22 352 99 353 100 353 
21 22 352 99 353 100 353 
21 22 352 99 353 100 353 
21 22 352 99 353 100 353 
21 22 352 99 353 100 353 
109 28 21 22 352 353 99 24 80 110 100 353 
109 28 21 22 352 353 99 24 80 110 100 353 
109 28 21 22 352 353 99 24 80 110 100 353 
5 21 22 352 99 353 8 100 353 
5 21 22 352 99 353 8 100 353 
5 21 22 352 99 353 8 100 353 
5 21 22 352 99 353 8 100 353 
133 21 22 352 353 99 68 24 100 353 
21 352 353 99 100 353 
21 22 352 99 353 100 353 
21 22 352 99 353 100 353 
21 22 352 99 353 100 353 
21 22 352 99 353 100 353 
21 22 352 99 353 100 353 
21 22 352 99 353 100 353 
21 22 352 99 353 100 353 
5 6 21 22 352 99 353 100 353 
5 6 21 22 352 99 353 100 353 
21 22 352 99 353 100 353 
21 22 352 99 353 100 353 
21 22 352 99 353 100 353 
21 22 352 99 353 100 353 
21 22 352 99 353 100 353 
21 22 352 99 353 100 353 
21 22 352 353 99 263 24 100 353 
21 22 352 99 353 24 100 353 
21 22 352 99 353 100 353 
21 22 352 99 353 100 353 
21 22 352 99 353 100 353 
21 22 352 99 353 100 353 
21 22 352 99 353 100 353 
21 22 352 99 353 100 353 
21 22 352 99 353 100 353 
21 22 352 99 353 100 353 
21 22 352 99 353 100 353 
21 22 352 99 353 100 353 
21 22 352 99 353 100 353 
21 22 352 99 353 100 353 
21 22 352 99 353 100 353 
21 22 352 99 353 100 353 
21 22 352 99 353 100 353 
21 22 352 99 353 100 353 
21 22 352 99 353 100 353 
21 22 352 99 353 100 353 
21 22 352 99 353 100 353 
21 22 352 99 353 100 353 
21 22 352 99 353 100 353 
21 22 352 99 353 100 353 
21 22 352 99 353 100 353 
21 22 352 99 353 100 353 
21 22 352 99 353 100 353 
21 22 352 99 353 100 353 
21 22 352 99 353 100 353 
21 22 352 99 353 100 353 
21 22 352 99 353 100 353 
21 22 352 99 353 100 353 
21 22 352 99 353 100 353 
21 22 352 99 353 100 353 
21 22 352 99 353 100 353 
21 22 352 99 353 100 353 
21 22 352 99 353 100 353 
21 22 352 99 353 100 353 
28 109 21 22 352 353 99 80 110 100 353 
28 109 21 22 352 353 99 80 110 100 353 
21 22 352 99 353 100 353 
21 22 352 99 353 100 353 
21 22 352 99 353 100 353 
21 22 352 99 353 100 353 
21 22 352 99 353 100 353 
21 22 352 99 353 100 353 
21 22 352 99 353 100 353 
21 22 352 99 353 100 353 
21 22 352 99 353 100 353 
21 22 352 99 353 100 353 
21 22 352 99 353 100 353 
21 22 352 99 353 100 353 
21 22 352 99 353 100 353 
21 22 352 99 353 100 353 
21 22 352 99 353 100 353 
21 22 352 99 353 100 353 
21 22 352 99 353 100 353 
21 22 352 99 353 100 353 
21 22 352 99 353 100 353 
21 22 352 99 353 100 353 
21 22 352 99 353 100 353 
21 22 352 99 353 100 353 
21 22 352 99 353 100 353 
21 22 352 99 353 100 353 
21 22 352 99 353 100 353 
21 22 352 99 353 100 353 
21 22 352 99 353 100 353 
21 22 352 99 353 100 353 
21 22 352 99 353 100 353 
21 22 352 99 353 100 353 
21 22 352 99 353 100 353 
21 22 352 99 353 100 353 
21 22 352 99 353 100 353 
21 22 352 99 353 100 353 
21 22 352 99 353 100 353 
21 22 352 99 353 100 353 
21 22 352 99 353 100 353 
21 22 352 99 353 100 353 
21 22 352 99 353 100 353 
21 22 352 99 353 100 353 
21 22 352 99 353 100 353 
21 22 352 99 353 100 353 
21 22 352 99 353 100 353 
21 22 352 99 353 100 353 
21 22 352 99 353 100 353 
21 22 352 99 353 100 353 
21 22 352 99 353 100 353 
21 22 352 99 353 100 353 
21 22 352 99 353 100 353 
21 22 352 99 353 100 353 
21 22 352 99 353 100 353 
21 22 352 99 353 100 353 
21 22 352 99 353 100 353 
21 22 352 99 353 100 353 
21 22 352 99 353 100 353 
21 22 352 99 353 100 353 
21 22 352 99 353 100 353 
21 22 352 99 353 100 353 
21 22 352 99 353 100 353 
21 22 352 99 353 100 353 
21 22 352 99 353 100 353 
21 22 352 99 353 100 353 
133 21 22 352 353 99 68 24 100 353 
133 21 22 352 353 99 68 24 100 353 
133 21 22 352 353 99 68 24 100 353 
354 21 22 352 353 99 68 24 100 353 
21 22 352 353 99 68 24 100 353 
21 22 352 99 353 100 353 
21 22 352 99 353 100 353 
21 22 352 99 353 100 353 
21 22 352 99 353 100 353 
21 22 352 99 353 100 353 
21 22 352 99 353 100 353 
21 22 352 99 353 100 353 
21 22 352 99 353 100 353 
21 22 352 99 353 100 353 
21 22 352 99 353 100 353 
21 22 352 99 353 100 353 
21 22 352 99 353 100 353 
21 22 352 99 353 100 353 
21 22 352 99 353 100 353 
21 22 352 99 353 100 353 
21 22 352 99 353 100 353 
21 22 352 99 353 100 353 
21 22 352 99 353 100 353 
21 22 352 99 353 100 353 
21 22 352 99 353 100 353 
21 22 352 99 353 100 353 
21 22 352 99 353 100 353 
21 22 352 99 353 100 353 
21 22 352 99 353 100 353 
21 22 352 99 353 100 353 
21 22 352 99 353 100 353 
21 22 352 99 353 100 353 
21 22 352 99 353 100 353 
21 22 352 99 353 100 353 
21 22 352 99 353 100 353 
21 22 352 99 353 100 353 
21 22 352 99 353 100 353 
21 22 352 99 353 100 353 
21 22 352 99 353 100 353 
21 22 352 99 353 100 353 
21 22 352 99 353 100 353 
21 22 352 99 353 100 353 
21 22 352 99 353 100 353 
21 22 352 99 353 100 353 
21 22 352 99 353 100 353 
21 22 352 99 353 100 353 
21 22 352 99 353 100 353 
21 22 352 99 353 100 353 
21 22 352 99 353 100 353 
21 22 352 99 353 100 353 
5 6 21 22 352 99 353 100 353 
21 22 352 99 353 100 353 
21 22 352 99 353 100 353 
21 22 352 99 353 100 353 
21 22 352 99 353 24 100 353 
21 22 352 99 353 24 100 353 
21 22 352 99 353 24 100 353 
21 22 352 99 353 24 100 353 
21 22 352 99 353 100 353 
21 22 352 99 353 100 353 
21 22 352 99 353 100 353 
21 22 352 99 353 100 353 
21 22 352 99 353 100 353 
21 22 352 99 353 100 353 
21 22 352 99 353 100 353 
21 22 352 99 353 100 353 
21 22 352 99 353 100 353 
21 22 352 99 353 100 353 
21 22 352 99 353 100 353 
21 22 352 99 353 100 353 
21 22 352 99 353 100 353 
21 22 352 99 353 100 353 
21 22 352 99 353 100 353 
21 22 352 99 353 100 353 
21 22 352 99 353 100 353 
21 22 352 99 353 100 353 
21 22 352 99 353 100 353 
21 22 352 99 353 100 353 
21 22 352 99 353 100 353 
21 22 352 99 353 100 353 
21 22 352 99 353 100 353 
21 22 352 99 353 100 353 
21 22 352 99 353 100 353 
21 22 352 99 353 100 353 
21 22 352 99 353 100 353 
21 22 352 99 353 100 353 
21 22 352 99 353 100 353 
21 22 352 99 353 100 353 
21 22 352 99 353 100 353 
21 22 352 99 353 100 353 
21 22 352 99 353 100 353 
21 22 352 99 353 100 353 
21 22 352 99 353 100 353 
21 22 352 99 353 100 353 
21 22 352 99 353 100 353 
21 22 352 99 353 100 353 
365 21 22 352 99 353 100 353 
365 21 22 352 99 353 100 353 
21 352 353 99 100 353 
21 22 352 99 353 100 353 
21 22 352 99 353 100 353 
21 22 352 99 353 100 353 
21 22 352 99 353 100 353 
21 22 352 99 353 100 353 
21 22 352 99 353 100 353 
21 22 352 99 353 100 353 
21 22 352 99 353 100 353 
21 22 352 99 353 100 353 
21 22 352 99 353 100 353 
21 22 352 99 353 100 353 
21 22 352 99 353 100 353 
21 22 352 99 353 100 353 
21 22 352 99 353 100 353 
21 22 352 99 353 100 353 
21 22 352 99 353 100 353 
21 22 352 99 353 100 353 
21 22 352 99 353 100 353 
21 22 352 99 353 100 353 
21 22 352 99 353 100 353 
21 22 352 99 353 100 353 
21 22 352 99 353 100 353 
21 22 352 99 353 100 353 
21 22 352 99 353 100 353 
21 22 352 99 353 100 353 
21 22 352 99 353 100 353 
21 22 352 99 353 100 353 
21 22 352 99 353 100 353 
21 22 352 99 353 100 353 
21 22 352 99 353 100 353 
21 22 352 99 353 100 353 
21 22 352 99 353 100 353 
21 22 352 99 353 100 353 
21 22 352 99 353 100 353 
21 22 352 99 353 100 353 
21 22 352 99 353 100 353 
21 22 352 99 353 100 353 
21 22 352 99 353 100 353 
21 22 352 99 353 100 353 
21 22 352 99 353 100 353 
21 22 352 99 353 100 353 
21 22 352 99 353 100 353 
21 22 352 99 353 100 353 
21 22 352 99 353 100 353 
21 22 352 99 353 100 353 
21 22 352 99 353 100 353 
21 22 352 99 353 100 353 
21 22 352 99 353 100 353 
21 22 352 99 353 100 353 
21 22 352 99 353 100 353 
21 22 352 99 353 100 353 
21 22 352 99 353 100 353 
21 22 352 99 353 100 353 
21 22 352 99 353 100 353 
21 22 352 99 353 100 353 
21 22 352 99 353 100 353 
21 22 352 99 353 100 353 
21 22 352 99 353 100 353 
21 22 352 99 353 100 353 
21 22 352 99 353 100 353 
21 22 352 99 353 100 353 
21 22 352 99 353 100 353 
21 22 352 99 353 100 353 
21 22 352 99 353 100 353 
21 22 352 99 353 100 353 
21 22 352 99 353 100 353 
21 22 352 99 353 100 353 
21 22 352 99 353 100 353 
21 22 352 99 353 100 353 
21 22 352 99 353 100 353 
21 22 352 99 353 100 353 
21 22 352 99 353 100 353 
21 22 352 99 353 100 353 
21 22 352 99 353 100 353 
21 22 352 99 353 100 353 
21 22 352 99 353 100 353 
21 22 352 99 353 100 353 
21 22 352 99 353 100 353 
21 22 352 99 353 100 353 
21 22 352 99 353 100 353 
21 22 352 99 353 100 353 
21 22 352 99 353 100 353 
21 22 352 99 353 100 353 
21 22 352 99 353 100 353 
21 22 352 99 353 100 353 
28 27 21 22 352 353 99 100 353 
28 27 21 22 352 353 99 100 353 
21 22 352 99 353 100 353 
21 22 352 99 353 100 353 
21 22 352 99 353 100 353 
21 22 352 99 353 100 353 
21 22 352 99 353 100 353 
28 109 21 22 352 353 99 80 110 100 353 
28 109 21 22 352 353 99 80 110 100 353 
28 109 21 22 352 353 99 80 110 100 353 
21 22 352 99 353 100 353 
21 22 352 99 353 100 353 
21 22 352 99 353 100 353 
21 22 352 99 353 100 353 
21 22 352 99 353 100 353 
21 22 352 99 353 100 353 
21 22 352 99 353 100 353 
21 22 352 99 353 100 353 
21 22 352 99 353 100 353 
21 22 352 99 353 100 353 
21 22 352 99 353 100 353 
21 22 352 99 353 100 353 
365 21 22 352 99 353 100 353 
21 22 352 99 353 100 353 
21 22 352 99 353 436 100 353 
21 22 352 99 353 436 100 353 
21 22 352 99 353 436 100 353 
21 22 352 99 353 436 100 353 
21 22 352 99 353 436 100 353 
21 22 352 99 353 436 100 353 
21 22 352 99 353 100 353 
28 21 22 352 360 353 99 80 100 353 
21 22 352 99 353 100 353 
21 22 352 99 353 100 353 
21 22 352 99 353 100 353 
21 22 352 99 353 100 353 
21 22 352 99 353 100 353 
21 22 352 99 353 100 353 
21 22 352 99 353 100 353 
21 22 352 99 353 100 353 
21 22 352 99 353 100 353 
21 22 352 99 353 100 353 
21 22 352 99 353 100 353 
21 22 352 99 353 100 353 
28 365 21 22 352 360 99 353 80 100 353 
21 22 352 99 353 100 353 
21 22 352 99 353 100 353 
21 22 352 99 353 100 353 
21 22 352 99 353 100 353 
21 22 352 99 353 100 353 
21 22 352 99 353 100 353 
21 22 352 99 353 100 353 
21 22 352 353 99 100 353 
5 6 21 352 353 99 100 353 
5 6 21 352 353 99 100 353 
5 6 21 352 353 99 100 353 
5 6 21 352 353 99 100 353 
472 28 109 21 22 352 353 99 80 100 353 
21 22 352 99 353 100 353 
21 22 352 99 353 100 353 
21 22 352 99 353 100 353 
21 22 352 99 353 100 353 
21 22 352 99 353 100 353 
21 22 352 99 353 100 353 
21 22 352 99 353 100 353 
21 22 352 99 353 100 353 
21 22 352 99 353 100 353 
21 22 352 99 353 100 353 
21 22 352 99 353 100 353 
21 22 352 99 353 100 353 
21 22 352 99 353 100 353 
21 22 352 99 353 100 353 
21 22 352 99 353 100 353 
21 22 352 99 353 100 353 
21 22 352 99 353 100 353 
21 22 352 99 353 100 353 
21 22 352 99 353 100 353 
21 22 352 99 353 100 353 
21 22 352 99 353 100 353 
21 22 352 99 353 100 353 
21 22 352 99 353 100 353 
21 22 352 99 353 100 353 
21 22 352 99 353 100 353 
5 6 21 22 352 99 353 100 353 
5 6 21 22 352 99 353 100 353 
5 6 21 22 352 99 353 100 353 
5 6 21 22 352 99 353 100 353 
5 6 21 22 352 99 353 100 353 
21 22 352 99 353 100 353 
21 22 352 99 353 100 353 
21 22 352 99 353 100 353 
21 22 352 99 353 100 353 
21 22 352 99 353 100 353 
21 22 352 99 353 100 353 
21 22 352 99 353 100 353 
21 22 352 99 353 100 353 
21 22 352 99 353 100 353 
21 22 352 99 353 100 353 
21 22 352 99 353 100 353 
21 22 352 99 353 100 353 
21 22 352 99 353 100 353 
21 22 352 99 353 100 353 
21 22 352 99 353 100 353 
365 21 22 352 99 353 100 353 
365 21 22 352 99 353 100 353 
365 21 22 352 99 353 100 353 
365 21 22 352 99 353 100 353 
365 21 22 352 99 353 100 353 
21 22 352 99 353 100 353 
21 22 352 99 353 100 353 
21 22 352 99 353 100 353 
21 22 352 99 353 100 353 
21 22 352 99 353 100 353 
21 22 352 99 353 100 353 
21 22 352 99 353 100 353 
21 22 352 99 353 100 353 
21 22 352 353 99 469 100 353 
21 22 352 99 353 100 353 
21 22 352 99 353 100 353 
21 22 352 99 353 100 353 
21 22 352 99 353 100 353 
21 22 352 99 353 100 353 
21 22 352 99 353 100 353 
133 21 22 352 353 99 68 24 100 353 
21 22 352 99 353 100 353 
21 22 352 99 353 100 353 
21 22 352 353 99 263 24 100 353 
21 22 352 99 353 100 353 
21 22 352 99 353 100 353 
21 22 352 99 353 100 353 
21 22 352 99 353 100 353 
21 22 352 99 353 100 353 
21 22 352 99 353 100 353 
21 22 352 99 353 100 353 
21 22 352 99 353 100 353 
21 22 352 99 353 100 353 
21 22 352 99 353 100 353 
21 22 352 99 353 100 353 
21 22 352 99 353 100 353 
21 22 352 99 353 100 353 
21 22 352 99 353 100 353 
21 22 352 99 353 100 353 
21 22 352 99 353 100 353 
21 22 352 99 353 100 353 
21 22 352 99 353 100 353 
365 21 22 352 99 353 100 353 
21 22 352 99 353 100 353 
21 22 352 99 353 100 353 
21 22 352 99 353 100 353 
21 22 352 99 353 100 353 
21 22 352 99 353 100 353 
21 22 352 99 353 100 353 
21 22 352 99 353 100 353 
21 22 352 99 353 100 353 
21 22 352 99 353 100 353 
21 22 352 99 353 100 353 
21 22 352 99 353 100 353 
21 22 352 99 353 100 353 
21 22 352 99 353 100 353 
21 22 352 99 353 100 353 
21 22 352 99 353 100 353 
21 22 352 99 353 100 353 
21 22 352 99 353 100 353 
21 22 352 99 353 100 353 
21 22 352 99 353 100 353 
21 22 352 99 353 100 353 
21 22 352 99 353 68 24 100 353 
21 22 352 99 353 100 353 
21 22 352 99 353 100 353 
21 22 352 99 353 100 353 
21 22 352 99 353 100 353 
21 22 352 99 353 100 353 
21 22 352 99 353 100 353 
21 22 352 99 353 100 353 
21 22 352 99 353 100 353 
21 22 352 99 353 100 353 
21 22 352 99 353 100 353 
21 22 352 99 353 100 353 
21 352 22 99 353 357 100 353 
21 352 22 99 353 357 100 353 
21 352 22 99 353 357 100 353 
21 352 22 99 353 357 100 353 
21 352 22 99 353 357 100 353 
21 352 22 99 353 357 100 353 
21 352 22 99 353 357 100 353 
21 352 22 99 353 357 100 353 
21 352 22 99 353 357 100 353 
21 22 352 99 353 100 353 
5 6 21 22 352 99 353 23 139 100 353 
21 22 352 99 353 100 353 
21 22 352 99 353 100 353 
21 22 352 99 353 100 353 
21 22 352 99 353 7 11 10 100 353 
21 22 352 99 353 7 11 10 100 353 
21 22 352 99 353 7 11 10 100 353 
21 22 352 99 353 7 11 10 100 353 
21 22 352 99 353 7 11 10 100 353 
21 22 352 99 353 100 353 
21 22 352 99 353 100 353 
21 22 352 99 353 100 353 
21 22 352 99 353 100 353 
21 22 352 99 353 100 353 
21 22 352 99 353 100 353 
472 28 109 21 22 352 353 99 80 100 353 
472 28 109 21 22 352 353 99 80 100 353 
21 22 352 99 353 100 353 
21 22 352 99 353 100 353 
21 22 352 99 353 100 353 
21 22 352 99 353 100 353 
21 352 22 99 353 357 100 353 
5 6 21 22 352 99 353 100 353 
365 21 22 352 99 353 100 353 
21 22 352 99 353 100 353 
365 21 22 352 99 353 100 353 
28 109 21 22 352 353 99 80 110 100 353 
21 22 352 99 353 100 353 
21 22 352 99 353 100 353 
21 22 352 99 353 100 353 
21 22 352 99 353 100 353 
21 22 352 99 353 100 353 
21 22 352 99 353 100 353 
21 22 352 353 99 68 24 100 353 
21 22 352 99 353 100 353 
21 22 352 99 353 100 353 
21 22 352 99 353 100 353 
21 22 352 99 353 100 353 
21 22 352 99 353 100 353 
28 109 21 22 352 353 99 80 110 100 353 
21 22 352 99 353 100 353 
21 22 352 99 353 100 353 
21 22 352 99 353 100 353 
21 22 352 99 353 100 353 
21 22 352 99 353 100 353 
21 22 352 99 353 100 353 
21 22 352 99 353 100 353 
109 28 21 22 352 99 353 80 100 110 353 
28 109 21 22 352 353 99 80 110 100 353 
365 21 22 352 99 353 100 353 
28 109 21 22 352 353 99 80 110 100 353 
21 22 352 353 99 263 68 24 100 353 
21 22 352 353 99 37 24 100 353 
21 22 352 353 99 37 24 100 353 
28 109 21 22 352 353 99 80 110 100 353 
21 22 352 99 353 100 353 
21 22 352 99 353 100 353 
21 22 352 99 353 100 353 
5 6 21 22 352 99 353 61 100 353 
5 21 22 143 352 353 99 8 37 144 24 100 353 
5 21 22 143 352 353 99 8 37 144 24 100 353 
5 21 22 143 352 353 99 8 37 144 24 100 353 
5 21 22 143 352 353 99 8 37 144 24 100 353 
5 21 22 143 352 353 99 8 37 144 24 100 353 
21 22 352 99 353 100 353 
21 22 352 99 353 100 353 
21 22 352 99 353 100 353 
21 22 352 99 353 100 353 
5 21 22 143 352 353 99 8 37 144 24 100 353 
5 21 22 143 352 353 99 8 37 144 24 100 353 
5 21 22 143 352 353 99 8 37 144 24 100 353 
5 21 22 143 352 353 99 8 37 144 24 100 353 
21 22 352 99 353 100 353 
21 22 352 99 353 100 353 
21 22 352 99 353 100 353 
21 22 352 99 353 68 24 100 353 
28 109 21 22 352 353 99 80 110 100 353 
21 22 352 99 353 100 353 
21 22 352 99 353 100 353 
21 22 352 99 353 100 353 
21 22 352 353 99 24 100 353 
21 22 352 99 353 100 353 
21 22 352 99 353 100 353 
21 22 352 99 353 100 353 
21 22 352 99 353 100 353 
365 21 22 352 99 353 100 353 
21 22 352 99 353 100 353 
21 22 352 353 99 90 100 353 
28 21 22 352 353 99 80 79 100 353 
365 21 22 352 99 353 100 353 
21 22 352 99 353 474 100 353 
21 22 352 99 353 100 353 
21 22 352 99 353 100 353 
21 22 352 99 353 100 353 
21 22 352 99 353 100 353 
21 22 352 99 353 100 353 
21 22 352 99 353 100 353 
21 22 352 99 353 100 353 
21 22 352 99 353 100 353 
21 22 352 99 353 100 353 
21 22 352 99 353 100 353 
21 22 352 99 353 100 353 
21 22 352 99 353 100 353 
21 22 352 99 353 100 353 
5 6 21 22 352 99 353 100 353 
21 22 352 99 353 100 353 
21 22 352 99 353 100 353 
21 22 352 99 353 100 353 
21 22 352 99 353 100 353 
365 21 22 352 99 353 100 353 
21 22 352 99 353 100 353 
21 22 352 99 353 100 353 
21 22 352 99 353 100 353 
21 22 352 99 353 100 353 
21 22 352 99 353 100 353 
21 22 352 99 353 100 353 
21 22 352 99 353 100 353 
21 22 352 99 353 100 353 
21 22 352 99 353 100 353 
21 22 352 99 353 100 353 
21 22 352 99 353 100 353 
21 22 352 99 353 100 353 
21 22 352 99 353 100 353 
21 22 352 99 353 100 353 
21 22 352 99 353 100 353 
21 352 22 99 353 357 100 353 
21 22 352 99 353 100 353 
21 22 352 99 353 100 353 
21 22 352 99 353 100 353 
21 22 352 99 353 100 353 
21 22 352 99 353 100 353 
21 22 352 99 353 100 353 
21 22 352 99 353 100 353 
21 22 352 99 353 100 353 
21 22 468 352 99 353 24 100 353 
21 22 352 99 353 100 353 
21 22 352 99 353 100 353 
21 22 352 99 353 100 353 
21 22 352 99 353 100 353 
21 22 352 99 353 100 353 
21 22 352 99 353 100 353 
21 22 352 99 353 100 353 
21 22 352 99 353 100 353 
21 22 352 99 353 100 353 
21 22 352 99 353 100 353 
21 22 352 99 353 100 353 
21 22 352 99 353 100 353 
21 22 352 99 353 100 353 
21 22 352 99 353 100 353 
21 22 352 99 353 100 353 
21 22 352 99 353 100 353 
21 22 352 99 353 100 353 
21 22 352 99 353 24 100 353 
21 22 352 353 99 24 100 353 
21 22 352 353 99 24 100 353 
21 22 352 99 353 100 353 
21 22 352 353 99 475 100 353 
365 21 22 352 99 353 100 353 
365 21 22 352 99 353 100 353 
365 21 22 352 99 353 100 353 
365 21 22 352 99 353 100 353 
365 21 22 352 99 353 100 353 
365 21 22 352 99 353 100 353 
21 22 352 99 353 100 353 
21 22 352 99 353 100 353 
21 22 352 99 353 100 353 
21 22 352 99 353 100 353 
21 22 352 99 353 100 353 
21 22 352 99 353 24 100 353 
21 22 352 99 353 100 353 
21 22 352 99 353 100 353 
21 352 22 99 353 357 100 353 
21 352 22 99 353 357 100 353 
21 352 22 99 353 357 100 353 
21 352 22 99 353 357 100 353 
21 352 22 99 353 357 100 353 
21 352 22 99 353 357 100 353 
21 352 22 99 353 357 100 353 
21 22 352 99 353 100 353 
21 22 352 99 353 100 353 
472 28 109 21 22 352 353 99 80 100 353 
472 28 109 21 22 352 353 99 80 100 353 
5 6 21 352 353 99 61 100 353 
5 6 21 352 353 99 61 100 353 
21 22 352 99 353 100 353 
21 22 352 99 353 100 353 
21 22 352 99 353 100 353 
21 22 352 99 353 100 353 
21 22 352 99 353 100 353 
21 22 352 99 353 100 353 
21 22 352 99 353 100 353 
21 22 352 99 353 100 353 
21 22 352 99 353 100 353 
21 22 352 99 353 100 353 
21 22 352 99 353 100 353 
21 22 352 99 353 100 353 
21 22 352 99 353 100 353 
21 22 352 99 353 100 353 
21 22 352 99 353 100 353 
21 22 352 99 353 100 353 
21 22 352 99 353 100 353 
21 22 352 99 353 100 353 
21 22 352 99 353 100 353 
21 22 352 99 353 100 353 
21 22 352 99 353 100 353 
21 22 352 99 353 100 353 
21 22 352 99 353 100 353 
21 22 352 99 353 100 353 
21 22 352 99 353 100 353 
21 22 352 99 353 100 353 
21 22 352 99 353 100 353 
21 22 352 99 353 100 353 
21 22 352 99 353 100 353 
21 22 352 99 353 100 353 
21 22 352 99 353 100 353 
21 22 352 99 353 100 353 
21 22 352 99 353 100 353 
21 22 352 99 353 100 353 
21 22 352 99 353 100 353 
21 22 352 99 353 100 353 
21 22 352 99 353 100 353 
21 22 352 99 353 100 353 
21 22 352 99 353 100 353 
21 22 352 99 353 100 353 
21 22 352 99 353 100 353 
21 22 352 99 353 100 353 
21 22 352 99 353 100 353 
256 21 22 352 353 99 100 353 
21 22 352 99 353 100 353 
21 22 352 99 353 100 353 
21 22 352 99 353 100 353 
21 22 352 99 353 100 353 
21 22 352 99 353 100 353 
21 22 352 99 353 100 353 
21 22 352 99 353 100 353 
21 22 352 99 353 100 353 
21 22 352 99 353 100 353 
21 22 352 99 353 100 353 
21 22 352 99 353 100 353 
21 22 352 99 353 100 353 
21 22 352 99 353 100 353 
21 22 352 99 353 100 353 
21 22 352 99 353 100 353 
21 22 352 99 353 100 353 
21 22 352 99 353 100 353 
21 22 352 99 353 100 353 
21 22 352 99 353 100 353 
21 22 352 99 353 100 353 
21 22 352 99 353 100 353 
21 22 352 99 353 100 353 
21 22 352 99 353 100 353 
21 22 352 99 353 100 353 
21 22 352 99 353 100 353 
21 22 352 99 353 100 353 
21 22 352 99 353 100 353 
21 22 352 99 353 100 353 
21 22 352 99 353 100 353 
21 22 352 99 353 100 353 
21 22 352 99 353 100 353 
21 22 352 99 353 100 353 
21 22 352 99 353 100 353 
21 22 352 99 353 100 353 
21 22 352 99 353 100 353 
21 22 352 99 353 100 353 
21 22 352 99 353 100 353 
21 22 352 99 353 100 353 
28 21 22 352 99 353 111 80 100 353 
28 21 22 352 99 353 111 80 100 353 
28 21 22 352 99 353 111 80 100 353 
28 21 22 352 99 353 111 80 100 353 
28 21 22 352 99 353 111 80 100 353 
28 21 22 352 99 353 111 80 100 353 
28 21 22 352 99 353 111 80 100 353 
28 21 22 352 99 353 111 80 100 353 
28 21 22 352 99 353 111 80 100 353 
28 21 22 352 99 353 111 80 100 353 
28 21 22 352 99 353 111 80 100 353 
28 21 22 352 99 353 111 80 100 353 
28 21 22 352 99 353 111 80 100 353 
28 21 22 352 99 353 111 80 100 353 
21 22 352 99 353 100 353 
21 22 352 99 353 100 353 
21 22 352 99 353 100 353 
21 22 352 99 353 100 353 
21 22 352 99 353 100 353 
21 22 352 99 353 100 353 
21 22 352 99 353 100 353 
21 22 352 99 353 100 353 
21 22 352 99 353 100 353 
5 21 22 143 352 353 99 8 37 144 24 100 353 
21 22 352 99 353 100 353 
21 22 352 99 353 100 353 
21 22 352 99 353 100 353 
5 6 21 352 353 99 100 353 
5 6 21 352 353 99 100 353 
5 6 21 352 353 99 100 353 
5 6 21 352 353 99 100 353 
5 6 21 352 353 99 100 353 
21 22 352 99 353 100 353 
256 21 22 352 353 99 100 353 
256 21 22 352 353 99 100 353 
256 21 22 352 353 99 100 353 
256 21 22 352 353 99 100 353 
256 21 22 352 353 99 100 353 
256 21 22 352 353 99 100 353 
21 22 352 99 353 100 353 
21 22 352 99 353 100 353 
21 22 352 99 353 100 353 
21 22 352 99 353 100 353 
21 22 352 99 353 100 353 
21 22 352 99 353 100 353 
21 22 352 99 353 100 353 
21 22 352 99 353 100 353 
21 22 352 99 353 100 353 
21 22 352 99 353 100 353 
21 22 352 99 353 100 353 
21 22 352 99 353 100 353 
21 22 352 99 353 100 353 
21 22 352 99 353 100 353 
21 22 352 99 353 100 353 
21 22 352 99 353 100 353 
21 22 352 99 353 100 353 
21 22 352 99 353 100 353 
21 22 352 99 353 100 353 
21 22 352 99 353 100 353 
21 22 352 99 353 100 353 
21 22 352 99 353 100 353 
21 22 352 99 353 100 353 
21 22 352 99 353 100 353 
21 22 352 99 353 100 353 
21 22 352 99 353 100 353 
365 21 22 352 99 353 100 353 
28 109 21 22 352 353 99 80 110 100 353 
21 22 352 99 353 100 353 
21 22 352 99 353 100 353 
21 22 352 99 353 100 353 
21 22 352 99 353 100 353 
21 22 352 99 353 100 353 
21 22 352 99 353 100 353 
21 22 352 99 353 100 353 
21 22 352 99 353 100 353 
21 22 352 99 353 100 353 
21 22 352 99 353 100 353 
21 22 352 99 353 100 353 
21 22 352 99 353 100 353 
21 22 352 99 353 100 353 
21 22 352 99 353 100 353 
21 22 352 99 353 100 353 
21 22 352 99 353 100 353 
21 22 352 99 353 100 353 
21 22 352 99 353 100 353 
21 22 352 99 353 100 353 
21 22 352 99 353 100 353 
21 22 352 99 353 100 353 
21 22 352 99 353 100 353 
21 22 352 99 353 100 353 
21 22 352 99 353 100 353 
21 22 352 99 353 100 353 
21 22 352 99 353 100 353 
21 22 352 99 353 100 353 
21 22 352 99 353 100 353 
21 22 352 99 353 100 353 
21 22 352 99 353 100 353 
21 352 22 99 353 357 100 353 
21 22 352 99 353 100 353 
21 22 352 99 353 100 353 
21 22 352 99 353 100 353 
21 22 352 99 353 100 353 
21 22 352 99 353 100 353 
21 22 352 99 353 100 353 
21 22 352 99 353 100 353 
21 22 352 99 353 100 353 
21 22 352 99 353 100 353 
21 22 352 99 353 100 353 
21 22 352 99 353 100 353 
21 22 352 99 353 100 353 
21 22 352 99 353 100 353 
21 22 352 99 353 100 353 
21 22 352 99 353 100 353 
21 22 352 99 353 100 353 
21 22 352 99 353 100 353 
21 22 352 99 353 100 353 
21 22 352 99 353 100 353 
21 22 352 99 353 100 353 
21 22 352 99 353 100 353 
21 22 352 99 353 100 353 
21 22 352 99 353 100 353 
21 22 352 99 353 100 353 
21 22 352 99 353 100 353 
21 22 352 99 353 100 353 
21 22 352 99 353 100 353 
21 22 352 99 353 100 353 
21 22 352 99 353 100 353 
21 22 352 99 353 100 353 
28 109 21 22 352 353 99 80 110 100 353 
21 22 352 99 353 24 100 353 
21 22 352 99 353 100 353 
21 22 352 99 353 100 353 
21 22 352 99 353 100 353 
472 28 109 21 22 352 353 99 80 100 353 
21 22 352 99 353 100 353 
21 22 352 99 353 100 353 
21 22 352 99 353 100 353 
21 22 352 99 353 100 353 
21 22 352 99 353 100 353 
21 22 352 99 353 100 353 
21 22 352 99 353 100 353 
21 22 352 99 353 100 353 
472 28 109 21 22 352 353 99 80 100 353 
21 22 352 99 353 100 353 
21 22 352 353 99 100 353 
21 22 352 353 99 100 353 
21 22 352 99 353 100 353 
21 22 352 99 353 100 353 
21 22 352 99 353 100 353 
28 109 21 22 352 353 99 80 110 100 353 
21 22 352 99 353 100 353 
21 22 352 99 353 100 353 
21 22 352 99 353 100 353 
21 22 352 99 353 100 353 
21 22 352 99 353 100 353 
21 22 352 99 353 100 353 
21 22 352 99 353 100 353 
21 22 352 99 353 100 353 
21 22 352 99 353 100 353 
21 22 352 99 353 100 353 
21 22 352 99 353 100 353 
21 22 352 99 353 100 353 
21 22 352 99 353 100 353 
21 22 352 99 353 100 353 
21 22 352 99 353 100 353 
21 22 352 99 353 100 353 
21 22 352 99 353 100 353 
21 22 352 99 353 100 353 
21 22 352 99 353 100 353 
21 22 352 99 353 100 353 
21 22 352 99 353 100 353 
21 22 352 99 353 100 353 
21 22 352 99 353 100 353 
21 22 352 99 353 100 353 
21 22 352 99 353 100 353 
21 22 352 99 353 100 353 
21 22 352 99 353 100 353 
21 22 352 99 353 100 353 
21 22 352 99 353 100 353 
21 22 352 99 353 100 353 
21 22 352 99 353 100 353 
21 22 352 99 353 100 353 
21 22 352 99 353 100 353 
21 22 352 99 353 100 353 
21 22 352 99 353 100 353 
21 22 352 99 353 100 353 
21 22 352 99 353 100 353 
21 22 352 99 353 100 353 
21 22 352 99 353 100 353 
21 22 352 99 353 100 353 
21 22 352 99 353 100 353 
21 22 352 99 353 100 353 
21 22 352 99 353 100 353 
21 22 352 99 353 100 353 
21 22 352 99 353 100 353 
21 22 352 99 353 24 100 353 
21 22 352 99 353 100 353 
21 22 352 99 353 100 353 
21 22 352 99 353 100 353 
21 22 352 99 353 100 353 
21 22 352 99 353 100 353 
21 22 352 99 353 100 353 
21 22 352 99 353 100 353 
21 22 352 99 353 100 353 
21 22 352 99 353 100 353 
21 22 352 353 99 68 24 100 353 
21 22 352 99 353 100 353 
21 22 352 99 353 100 353 
21 22 352 99 353 100 353 
21 22 352 99 353 100 353 
21 22 352 99 353 100 353 
21 22 352 99 353 100 353 
21 22 352 99 353 100 353 
21 22 352 99 353 100 353 
21 22 352 99 353 100 353 
21 22 352 99 353 100 353 
21 22 352 99 353 100 353 
21 22 352 99 353 100 353 
21 22 352 99 353 100 353 
21 22 352 99 353 100 353 
21 22 352 99 353 100 353 
21 22 352 99 353 100 353 
21 22 352 99 353 100 353 
21 22 352 99 353 100 353 
21 22 352 99 353 100 353 
365 21 22 352 99 353 100 353 
365 21 22 352 99 353 100 353 
21 22 352 99 353 100 353 
21 22 352 99 353 100 353 
21 22 352 99 353 100 353 
21 22 352 99 353 100 353 
21 22 352 99 353 24 100 353 
21 22 352 99 353 100 353 
21 22 352 99 353 100 353 
21 22 352 353 99 100 353 
21 22 352 353 99 100 353 
21 22 352 99 353 100 353 
21 22 352 99 353 100 353 
21 22 352 99 353 100 353 
21 22 352 99 353 100 353 
21 22 352 99 353 100 353 
21 22 352 99 353 100 353 
21 22 352 99 353 100 353 
5 6 21 22 352 353 99 100 353 
5 6 21 22 352 353 99 100 353 
21 22 352 99 353 100 353 
21 22 352 99 353 100 353 
21 22 352 99 353 100 353 
21 22 352 99 353 100 353 
21 22 352 99 353 100 353 
21 22 352 99 353 100 353 
21 22 352 99 353 100 353 
21 22 352 99 353 100 353 
21 22 352 99 353 100 353 
21 22 352 99 353 100 353 
21 22 352 99 353 100 353 
21 22 352 99 353 100 353 
21 22 352 99 353 100 353 
21 22 352 99 353 100 353 
21 22 352 99 353 100 353 
21 22 352 99 353 100 353 
21 22 352 99 353 100 353 
21 22 352 99 353 100 353 
21 22 352 99 353 100 353 
21 22 352 99 353 100 353 
21 22 352 99 353 100 353 
21 22 352 99 353 100 353 
21 352 22 99 353 357 100 353 
5 6 21 22 352 99 353 100 353 
5 6 21 22 352 99 353 100 353 
5 6 21 22 352 99 353 100 353 
5 6 21 22 352 99 353 100 353 
21 22 352 99 353 100 353 
21 22 352 99 353 100 353 
21 22 352 99 353 100 353 
21 22 352 99 353 100 353 
21 22 352 99 353 100 353 
21 22 352 99 353 100 353 
21 22 352 99 353 100 353 
21 22 352 99 353 100 353 
21 22 352 99 353 100 353 
21 22 352 99 353 100 353 
21 22 352 99 353 100 353 
21 22 352 99 353 100 353 
21 22 352 99 353 100 353 
21 22 352 99 353 100 353 
21 22 352 99 353 100 353 
21 22 352 99 353 100 353 
21 22 352 99 353 100 353 
21 22 352 99 353 100 353 
21 22 352 353 99 68 24 100 353 
21 22 352 99 353 100 353 
21 22 352 99 353 100 353 
21 22 352 99 353 100 353 
21 22 352 99 353 100 353 
21 22 352 99 353 100 353 
21 22 352 99 353 100 353 
21 22 352 99 353 100 353 
21 22 352 99 353 100 353 
21 22 352 99 353 100 353 
21 22 352 99 353 100 353 
21 22 352 99 353 100 353 
21 22 352 99 353 100 353 
21 22 352 99 353 100 353 
5 472 109 28 6 21 352 99 353 80 100 353 
21 22 352 99 353 100 353 
21 22 352 99 353 100 353 
21 22 352 99 353 100 353 
21 22 352 99 353 100 353 
21 22 352 99 353 100 353 
21 22 352 99 353 100 353 
21 22 352 99 353 100 353 
21 22 352 353 99 100 353 
21 22 352 353 99 100 353 
21 22 352 353 99 100 353 
28 109 21 22 352 353 99 80 110 100 353 
21 22 352 99 353 100 353 
5 6 21 22 352 99 353 100 353 
5 6 21 22 352 99 353 100 353 
5 6 21 22 352 99 353 23 139 100 353 
21 22 352 99 353 100 353 
21 22 352 99 353 100 353 
21 22 352 99 353 100 353 
21 22 352 353 99 24 100 353 
365 21 22 352 99 353 100 353 
365 21 22 352 99 353 100 353 
21 22 352 99 353 100 353 
21 22 352 99 353 100 353 
21 22 352 99 353 100 353 
21 22 352 99 353 100 353 
21 22 352 99 353 100 353 
21 22 352 99 353 100 353 
21 22 352 99 353 100 353 
21 22 352 353 99 68 24 100 353 
21 22 352 99 353 100 353 
21 22 352 99 353 100 353 
21 22 352 99 353 100 353 
21 22 352 353 99 24 100 353 
21 22 352 99 353 100 353 
365 21 22 352 99 353 100 353 
21 22 352 99 353 100 353 
21 22 352 99 353 362 100 353 
21 22 352 99 353 100 353 
21 22 352 99 353 100 353 
21 22 352 99 353 100 353 
21 22 352 99 353 100 353 
21 22 352 99 353 100 353 
21 22 352 99 353 100 353 
21 22 352 99 353 100 353 
21 22 352 99 353 100 353 
21 22 352 99 353 100 353 
21 22 352 99 353 100 353 
21 22 352 99 353 100 353 
21 22 352 99 353 100 353 
21 22 352 99 353 100 353 
21 22 352 99 353 100 353 
21 22 352 99 353 100 353 
28 21 22 352 353 99 80 79 100 353 
21 22 352 99 353 100 353 
21 22 352 99 353 100 353 
109 28 21 22 352 353 99 24 80 110 100 353 
21 22 352 99 353 100 353 
21 22 352 99 353 100 353 
21 22 352 99 353 100 353 
21 22 352 99 353 100 353 
83 21 22 352 99 353 100 353 
21 22 352 99 353 100 353 
21 22 352 99 353 100 353 
21 22 352 99 353 100 353 
365 21 22 352 99 353 100 353 
365 21 22 352 99 353 100 353 
365 21 22 352 99 353 100 353 
365 21 22 352 99 353 100 353 
365 21 22 352 99 353 100 353 
21 22 352 99 353 100 353 
21 22 352 99 353 100 353 
21 22 352 99 353 100 353 
21 22 352 99 353 100 353 
21 22 352 99 353 100 353 
5 6 21 352 22 99 353 357 61 100 353 
21 22 352 99 353 100 353 
21 22 352 99 353 100 353 
21 22 352 99 353 100 353 
21 22 352 99 353 100 353 
21 22 352 99 353 100 353 
21 22 352 99 353 100 353 
21 22 352 99 353 100 353 
5 21 22 352 99 353 100 353 
365 21 22 352 99 353 100 353 
21 22 352 99 353 100 353 
21 22 352 99 353 100 353 
21 22 352 99 353 100 353 
21 22 352 99 353 100 353 
21 22 352 99 353 100 353 
21 22 352 99 353 100 353 
21 22 352 99 353 100 353 
21 22 352 99 353 100 353 
21 22 352 99 353 100 353 
21 22 352 99 353 100 353 
28 109 21 22 352 353 99 80 110 100 353 
28 109 21 22 352 353 99 80 110 100 353 
21 22 352 99 353 100 353 
365 21 22 352 99 353 100 353 
365 21 22 352 99 353 100 353 
365 21 22 352 99 353 100 353 
21 22 352 99 353 100 353 
21 22 352 99 353 100 353 
21 22 352 99 353 100 353 
21 22 352 99 353 100 353 
21 22 352 99 353 100 353 
21 352 22 99 353 357 100 353 
5 21 22 352 99 353 100 353 
28 109 21 22 352 353 99 80 110 100 353 
28 109 21 22 352 353 99 80 110 100 353 
21 22 352 99 353 100 353 
21 22 352 99 353 100 353 
21 22 352 99 353 100 353 
21 22 352 353 99 24 100 353 
21 22 352 99 353 100 353 
21 22 352 99 353 100 353 
21 22 352 99 353 100 353 
21 22 352 99 353 100 353 
21 22 352 99 353 100 353 
21 22 352 99 353 100 353 
21 22 352 353 99 37 24 100 353 
21 22 352 353 99 37 24 100 353 
21 22 352 353 99 37 24 100 353 
21 22 352 99 353 100 353 
21 22 352 99 353 100 353 
365 21 22 352 99 353 100 353 
21 22 352 99 353 100 353 
21 22 352 353 99 477 100 353 
21 22 352 99 353 100 353 
21 22 352 99 353 100 353 
21 22 352 99 353 100 353 
21 22 352 99 353 100 353 
21 22 352 99 353 100 353 
109 28 21 22 352 99 353 80 100 110 353 
21 22 352 99 353 100 353 
21 22 352 99 353 100 353 
365 21 22 352 99 353 100 353 
21 22 352 99 353 100 353 
21 22 352 99 353 100 353 
21 22 352 99 353 100 353 
21 22 352 99 353 100 353 
21 22 352 99 353 100 353 
21 22 352 99 353 100 353 
21 22 352 99 353 100 353 
21 22 352 99 353 100 353 
365 21 22 352 99 353 100 353 
28 109 21 22 352 353 99 80 110 100 353 
21 22 352 99 353 100 353 
21 22 352 99 353 100 353 
21 22 352 99 353 100 353 
21 22 352 99 353 100 353 
21 22 352 99 353 100 353 
21 22 352 99 353 100 353 
21 22 352 353 99 68 24 100 353 
21 22 352 99 353 100 353 
21 22 352 99 353 100 353 
21 22 352 99 353 100 353 
21 22 352 99 353 100 353 
21 22 352 99 353 100 353 
21 22 352 99 353 100 353 
21 22 352 99 353 100 353 
21 22 352 99 353 100 353 
21 22 352 99 353 100 353 
21 22 352 353 99 100 353 
21 22 352 99 353 100 353 
21 22 352 99 353 100 353 
21 22 352 99 353 100 353 
21 22 352 99 353 100 353 
21 22 352 99 353 100 353 
21 22 352 353 99 100 353 
21 22 352 353 99 100 353 
21 22 352 99 353 100 353 
21 22 352 99 353 100 353 
21 22 352 99 353 100 353 
21 22 352 99 353 100 353 
21 22 352 99 353 100 353 
21 22 352 99 353 100 353 
21 22 352 99 353 100 353 
21 22 352 99 353 100 353 
21 22 352 99 353 100 353 
21 22 352 99 353 100 353 
21 22 352 99 353 100 353 
21 22 352 99 353 100 353 
21 22 352 99 353 100 353 
21 22 352 99 353 100 353 
21 22 352 99 353 100 353 
21 22 352 99 353 100 353 
21 22 352 353 99 24 100 353 
21 22 352 99 353 100 353 
21 22 352 99 353 100 353 
21 22 352 99 353 100 353 
354 21 22 352 353 99 68 24 100 353 
21 22 352 99 353 100 353 
21 22 352 99 353 100 353 
21 22 352 99 353 100 353 
21 22 352 353 99 469 100 353 
21 22 352 99 353 100 353 
472 28 109 21 22 352 353 99 80 100 353 
21 22 352 99 353 100 353 
21 22 352 99 353 100 353 
28 21 22 352 353 99 80 79 100 353 
21 22 352 99 353 100 353 
21 352 22 99 353 357 100 353 
21 352 22 99 353 357 100 353 
21 22 352 99 353 100 353 
21 22 352 99 353 100 353 
21 22 352 99 353 100 353 
21 22 352 99 353 100 353 
21 22 352 99 353 100 353 
21 22 352 99 353 100 353 
21 22 352 99 353 100 353 
21 22 352 99 353 100 353 
21 22 352 99 353 100 353 
21 22 352 99 353 100 353 
21 22 352 99 353 100 353 
21 22 352 99 353 100 353 
21 22 352 99 353 100 353 
21 22 352 99 353 100 353 
21 22 352 99 353 100 353 
21 22 352 99 353 100 353 
21 22 352 99 353 100 353 
21 22 352 99 353 100 353 
21 22 352 99 353 100 353 
21 22 352 99 353 100 353 
21 22 352 99 353 100 353 
21 22 352 99 353 100 353 
21 22 352 99 353 100 353 
21 22 352 99 353 100 353 
21 22 352 99 353 100 353 
21 22 352 99 353 100 353 
21 22 352 99 353 100 353 
21 22 352 99 353 100 353 
21 22 352 99 353 100 353 
21 22 352 99 353 100 353 
21 22 352 99 353 100 353 
21 22 352 99 353 100 353 
21 22 352 99 353 100 353 
21 22 352 99 353 100 353 
21 22 352 99 353 100 353 
21 22 352 99 353 100 353 
21 22 352 99 353 100 353 
21 22 352 99 353 100 353 
21 22 352 99 353 100 353 
21 22 352 99 353 100 353 
21 22 352 99 353 100 353 
21 22 352 99 353 100 353 
21 22 352 99 353 100 353 
21 22 352 99 353 100 353 
21 22 352 99 353 100 353 
21 22 352 99 353 100 353 
21 22 352 99 353 100 353 
21 22 352 99 353 100 353 
21 22 352 99 353 100 353 
21 22 352 99 353 100 353 
21 22 352 99 353 100 353 
21 22 352 99 353 100 353 
21 22 352 99 353 100 353 
21 22 352 99 353 100 353 
21 22 352 99 353 100 353 
21 22 352 99 353 100 353 
21 22 352 99 353 100 353 
21 22 352 99 353 100 353 
21 22 352 99 353 100 353 
21 22 352 99 353 100 353 
21 22 352 99 353 100 353 
21 22 352 99 353 100 353 
21 22 352 99 353 100 353 
21 22 352 99 353 100 353 
21 22 352 99 353 100 353 
21 22 352 99 353 100 353 
21 22 352 99 353 100 353 
21 22 352 99 353 100 353 
21 22 352 99 353 100 353 
21 22 352 99 353 100 353 
21 22 352 99 353 100 353 
21 22 352 99 353 100 353 
21 22 352 99 353 100 353 
21 22 352 99 353 100 353 
365 21 22 352 99 353 100 353 
365 21 22 352 99 353 100 353 
365 21 22 352 99 353 100 353 
365 21 22 352 99 353 100 353 
365 21 22 352 99 353 100 353 
21 22 352 99 353 100 353 
21 22 352 99 353 100 353 
21 22 352 99 353 100 353 
21 22 352 99 353 100 353 
21 22 352 99 353 100 353 
21 22 352 99 353 100 353 
21 22 352 99 353 100 353 
21 22 352 99 353 100 353 
21 22 352 99 353 100 353 
21 22 352 99 353 100 353 
21 22 352 99 353 100 353 
21 22 352 99 353 100 353 
21 22 352 99 353 100 353 
21 22 352 99 353 100 353 
21 22 352 99 353 100 353 
21 22 352 99 353 100 353 
21 22 352 99 353 100 353 
21 22 352 99 353 100 353 
21 22 352 99 353 100 353 
21 22 352 99 353 100 353 
21 22 352 99 353 100 353 
21 22 352 99 353 100 353 
21 22 352 99 353 100 353 
21 22 352 99 353 100 353 
21 22 352 99 353 100 353 
21 22 352 99 353 100 353 
21 22 352 99 353 100 353 
21 22 352 99 353 100 353 
21 22 352 99 353 100 353 
21 22 352 99 353 100 353 
21 22 352 99 353 100 353 
21 22 352 99 353 100 353 
21 22 352 99 353 100 353 
21 22 352 99 353 100 353 
21 22 352 99 353 100 353 
21 22 352 99 353 100 353 
21 22 352 99 353 100 353 
21 22 352 99 353 100 353 
21 22 352 99 353 100 353 
21 22 352 99 353 100 353 
21 22 352 99 353 100 353 
21 22 352 99 353 100 353 
21 22 352 99 353 100 353 
21 22 352 99 353 100 353 
21 22 352 99 353 100 353 
21 22 352 99 353 100 353 
21 22 352 99 353 100 353 
5 6 21 22 352 99 353 23 139 100 353 
5 6 21 22 352 99 353 23 139 100 353 
5 6 21 22 352 99 353 23 139 100 353 
5 6 21 22 352 99 353 23 139 100 353 
5 6 21 22 352 99 353 23 139 100 353 
5 6 21 22 352 99 353 23 139 100 353 
5 6 21 22 352 99 353 23 139 100 353 
5 6 21 22 352 99 353 23 139 100 353 
5 6 21 22 352 99 353 23 139 100 353 
5 6 21 22 352 99 353 23 139 100 353 
5 6 21 22 352 99 353 23 139 100 353 
5 6 21 22 352 99 353 23 139 100 353 
21 22 352 99 353 100 353 
21 22 352 99 353 100 353 
21 22 352 99 353 100 353 
21 22 352 99 353 100 353 
21 22 352 99 353 100 353 
21 22 352 99 353 100 353 
21 22 352 99 353 100 353 
21 22 352 99 353 100 353 
21 22 352 99 353 100 353 
21 22 352 99 353 100 353 
21 22 352 99 353 100 353 
21 22 352 99 353 100 353 
21 22 352 99 353 100 353 
21 22 352 99 353 100 353 
21 22 352 99 353 100 353 
21 22 352 99 353 100 353 
21 22 352 99 353 100 353 
21 22 352 99 353 100 353 
21 22 352 99 353 100 353 
21 22 352 99 353 100 353 
21 22 352 99 353 100 353 
21 22 352 99 353 100 353 
21 22 352 99 353 100 353 
21 22 352 99 353 100 353 
21 22 352 99 353 100 353 
21 22 352 99 353 100 353 
21 22 352 99 353 100 353 
21 22 352 99 353 100 353 
21 22 352 99 353 100 353 
21 22 352 99 353 100 353 
21 22 352 99 353 100 353 
21 22 352 99 353 100 353 
21 22 352 99 353 100 353 
21 22 352 99 353 100 353 
21 22 352 99 353 100 353 
21 22 352 99 353 100 353 
21 22 352 99 353 100 353 
21 22 352 99 353 100 353 
21 22 352 99 353 100 353 
21 22 352 99 353 100 353 
21 22 352 99 353 100 353 
21 22 352 99 353 100 353 
21 22 352 99 353 100 353 
21 22 352 99 353 100 353 
21 22 352 99 353 100 353 
21 22 352 99 353 100 353 
21 22 352 99 353 100 353 
21 22 352 99 353 100 353 
21 22 352 99 353 100 353 
21 22 352 99 353 100 353 
21 22 352 99 353 100 353 
21 22 352 99 353 100 353 
21 22 352 99 353 100 353 
21 22 352 99 353 100 353 
21 22 352 99 353 100 353 
21 22 352 99 353 100 353 
21 22 352 99 353 100 353 
21 22 352 99 353 100 353 
21 22 352 99 353 100 353 
21 22 352 99 353 100 353 
21 22 352 99 353 100 353 
28 27 21 22 352 353 99 100 353 
28 27 21 22 352 353 99 100 353 
28 27 21 22 352 353 99 100 353 
28 27 21 22 352 353 99 100 353 
21 22 352 99 353 100 353 
21 22 352 99 353 100 353 
21 22 352 99 353 100 353 
21 22 352 99 353 100 353 
21 22 352 99 353 100 353 
21 22 352 99 353 100 353 
21 22 352 99 353 100 353 
21 22 352 99 353 100 353 
21 22 352 99 353 100 353 
21 22 352 99 353 100 353 
21 22 352 99 353 100 353 
21 22 352 99 353 100 353 
28 21 22 352 99 353 100 353 
28 21 22 352 99 353 100 353 
21 22 352 99 353 100 353 
21 22 352 99 353 100 353 
21 22 352 99 353 100 353 
21 22 352 99 353 100 353 
21 22 352 99 353 100 353 
21 22 352 99 353 100 353 
21 22 352 353 99 68 24 100 353 
21 22 352 99 353 100 353 
365 21 22 352 99 353 100 353 
365 21 22 352 99 353 100 353 
21 22 352 99 353 100 353 
21 22 352 99 353 100 353 
21 22 352 99 353 100 353 
21 22 352 99 353 100 353 
21 22 352 99 353 100 353 
21 22 352 99 353 100 353 
21 22 352 99 353 100 353 
5 6 21 22 352 99 353 100 353 
5 6 21 22 352 99 353 100 353 
21 22 352 99 353 100 353 
21 22 352 99 353 100 353 
21 22 352 99 353 100 353 
21 22 352 99 353 100 353 
21 22 352 99 353 100 353 
21 22 352 99 353 100 353 
21 22 352 99 353 100 353 
21 22 352 99 353 100 353 
21 22 352 99 353 100 353 
21 22 352 99 353 100 353 
21 22 352 99 353 100 353 
21 22 352 99 353 100 353 
21 22 352 99 353 100 353 
21 22 352 99 353 100 353 
21 22 352 99 353 100 353 
21 22 352 353 99 24 100 353 
21 22 352 99 353 100 353 
21 22 352 99 353 100 353 
21 22 352 99 353 100 353 
21 22 352 99 353 100 353 
21 22 352 99 353 100 353 
21 22 352 99 353 100 353 
21 22 352 99 353 436 100 353 
21 22 352 99 353 436 100 353 
21 22 352 99 353 100 353 
109 28 21 22 352 99 353 80 100 110 353 
21 22 352 99 353 100 353 
21 22 352 99 353 100 353 
21 22 352 99 353 100 353 
21 22 352 99 353 100 353 
21 22 352 99 353 100 353 
21 22 352 99 353 100 353 
21 22 352 99 353 100 353 
21 22 352 99 353 100 353 
21 22 352 99 353 100 353 
21 352 22 99 353 357 100 353 
21 22 352 99 353 100 353 
21 22 352 99 353 100 353 
21 22 352 99 353 100 353 
21 22 352 99 353 100 353 
21 22 352 99 353 100 353 
21 22 352 99 353 100 353 
21 22 352 99 353 100 353 
21 22 352 99 353 100 353 
21 352 22 99 353 357 100 353 
109 28 21 22 352 99 353 80 100 110 353 
21 22 352 99 353 100 353 
21 22 352 99 353 100 353 
28 109 21 22 352 353 99 80 110 100 353 
21 22 352 99 353 100 353 
21 22 352 99 353 100 353 
21 22 352 99 353 100 353 
21 22 352 99 353 100 353 
21 22 352 99 353 100 353 
21 22 352 99 353 100 353 
21 22 352 99 353 100 353 
21 22 352 99 353 100 353 
21 22 352 99 353 100 353 
21 22 352 99 353 100 353 
21 22 352 99 353 100 353 
21 22 352 99 353 100 353 
21 22 352 99 353 100 353 
21 22 352 99 353 100 353 
21 22 352 99 353 100 353 
21 22 352 99 353 100 353 
21 22 352 99 353 100 353 
21 22 352 99 353 100 353 
5 6 21 22 352 99 353 100 353 
28 109 21 22 352 353 99 80 110 100 353 
28 109 21 22 352 353 99 80 110 100 353 
28 109 21 22 352 353 99 80 110 100 353 
21 22 352 99 353 100 353 
21 22 352 99 353 100 353 
21 22 352 99 353 100 353 
5 6 21 22 352 99 353 100 353 
21 22 352 99 353 100 353 
21 22 352 99 353 100 353 
28 109 21 22 352 353 99 80 110 100 353 
21 22 352 99 353 100 353 
21 22 352 99 353 100 353 
21 22 352 99 353 100 353 
21 22 352 99 353 100 353 
21 22 352 99 353 100 353 
21 22 352 99 353 100 353 
472 28 109 21 22 352 353 99 80 100 353 
5 6 21 22 352 99 353 100 353 
21 22 352 99 353 100 353 
472 28 109 21 22 352 353 99 80 100 353 
21 22 352 99 353 100 353 
21 22 352 99 353 100 353 
21 22 352 99 353 100 353 
21 22 352 99 353 100 353 
21 22 352 99 353 100 353 
21 22 352 99 353 100 353 
28 109 21 22 352 353 99 80 110 100 353 
365 21 22 352 99 353 100 353 
365 21 22 352 99 353 100 353 
21 22 352 99 353 100 353 
21 22 352 99 353 100 353 
5 6 21 22 352 99 353 23 139 100 353 
5 6 21 22 352 99 353 23 139 100 353 
21 22 352 99 353 100 353 
21 22 352 99 353 100 353 
21 22 352 99 353 100 353 
21 22 352 99 353 68 24 100 353 
21 22 352 99 353 100 353 
21 22 352 99 353 100 353 
21 22 352 99 353 100 353 
21 22 352 99 353 100 353 
21 22 352 99 353 100 353 
21 22 352 99 353 100 353 
21 22 352 99 353 100 353 
21 22 352 99 353 100 353 
21 22 352 99 353 100 353 
354 21 22 352 353 99 68 24 100 353 
21 22 352 99 353 100 353 
21 22 352 99 353 100 353 
21 22 352 99 353 100 353 
21 22 352 99 353 100 353 
21 22 352 99 353 100 353 
21 22 352 99 353 100 353 
21 22 352 99 353 100 353 
21 22 352 99 353 100 353 
21 22 352 99 353 100 353 
21 22 352 99 353 100 353 
21 22 352 99 353 100 353 
21 22 352 99 353 100 353 
21 22 352 99 353 100 353 
21 22 352 99 353 100 353 
21 22 352 99 353 100 353 
365 21 22 352 99 353 100 353 
21 22 352 99 353 100 353 
21 22 352 99 353 100 353 
21 22 352 99 353 100 353 
21 22 352 99 353 100 353 
5 21 22 352 99 480 353 8 219 100 353 
21 22 352 99 353 100 353 
21 22 352 99 353 100 353 
21 22 352 99 353 100 353 
21 22 352 353 99 263 24 100 353 
21 22 352 99 353 100 353 
21 22 352 99 353 100 353 
21 22 352 99 353 100 353 
21 22 352 99 353 100 353 
472 28 109 21 22 352 353 99 80 100 353 
21 22 352 99 353 100 353 
21 22 352 99 353 100 353 
109 28 21 22 352 99 353 80 100 110 353 
21 22 352 99 353 100 353 
21 22 352 99 353 100 353 
21 22 352 99 353 100 353 
21 22 352 99 353 100 353 
21 22 352 99 353 100 353 
21 22 352 99 353 100 353 
21 22 352 99 353 100 353 
21 22 352 99 353 100 353 
21 22 352 99 353 100 353 
21 22 352 99 353 100 353 
21 22 352 99 353 100 353 
21 22 352 99 353 100 353 
21 22 352 99 353 100 353 
21 22 352 99 353 100 353 
21 22 352 99 353 100 353 
21 22 352 353 99 24 100 353 
5 6 21 22 352 99 353 23 139 100 353 
5 6 21 22 352 99 353 23 139 100 353 
5 6 21 22 352 99 353 100 353 
21 22 352 99 353 100 353 
21 22 352 353 99 24 100 353 
5 21 22 143 352 353 99 8 37 144 24 100 353 
5 21 22 143 352 353 99 8 37 144 24 100 353 
5 21 22 143 352 353 99 8 37 144 24 100 353 
21 22 352 99 353 100 353 
21 22 352 99 353 100 353 
109 28 21 22 352 99 353 80 100 110 353 
21 22 352 99 353 100 353 
21 22 352 99 353 100 353 
21 22 352 99 353 100 353 
21 22 352 99 353 100 353 
5 6 21 22 352 99 353 100 353 
5 6 21 22 352 99 353 100 353 
365 21 22 352 99 353 100 353 
21 22 352 99 353 100 353 
21 22 352 99 353 100 353 
21 22 352 99 353 100 353 
21 22 352 99 353 100 353 
21 22 352 99 353 100 353 
21 22 352 99 353 100 353 
21 22 352 99 353 100 353 
21 22 352 99 353 100 353 
21 22 352 99 353 100 353 
21 352 22 99 353 357 100 353 
21 22 352 99 353 100 353 
28 109 21 22 352 353 99 80 110 100 353 
21 22 352 99 353 100 353 
21 22 352 99 353 100 353 
21 22 352 99 353 100 353 
21 22 352 99 353 100 353 
21 22 352 99 353 100 353 
21 22 352 99 353 100 353 
21 22 352 99 353 100 353 
21 22 352 99 353 100 353 
21 22 352 99 353 100 353 
21 22 352 99 353 100 353 
21 22 352 99 353 100 353 
21 352 22 99 353 357 100 353 
28 109 21 22 352 353 99 80 110 100 353 
21 22 352 99 353 263 24 100 353 
21 22 352 99 353 100 353 
21 22 352 99 353 100 353 
21 22 352 99 353 100 353 
21 22 352 99 353 100 353 
21 22 352 99 353 100 353 
21 22 352 99 353 100 353 
21 22 352 99 353 100 353 
21 22 352 99 353 100 353 
21 22 352 99 353 100 353 
21 22 352 99 353 100 353 
21 22 352 99 353 100 353 
21 22 352 99 353 100 353 
21 22 352 99 353 100 353 
21 22 352 99 353 100 353 
21 22 352 99 353 100 353 
21 22 352 99 353 100 353 
21 22 352 99 353 100 353 
21 22 352 99 353 100 353 
21 22 352 99 353 100 353 
21 22 352 99 353 100 353 
21 22 352 99 353 100 353 
21 22 352 99 353 100 353 
21 22 352 99 353 100 353 
21 22 352 99 353 100 353 
21 22 352 99 353 100 353 
21 22 352 99 353 100 353 
21 22 352 99 353 100 353 
21 22 352 99 353 100 353 
21 22 352 99 353 100 353 
21 22 352 99 353 100 353 
21 22 352 99 353 100 353 
21 22 352 99 353 100 353 
21 22 352 99 353 100 353 
21 22 352 99 353 100 353 
21 22 352 99 353 100 353 
21 22 352 99 353 100 353 
21 22 352 99 353 100 353 
21 22 352 99 353 100 353 
21 22 352 99 353 100 353 
21 22 352 99 353 100 353 
5 6 21 22 352 99 353 100 353 
21 22 352 99 353 100 353 
21 22 352 99 353 100 353 
21 22 352 99 353 100 353 
21 22 352 99 353 100 353 
21 22 352 99 353 100 353 
21 22 352 99 353 100 353 
21 22 352 99 353 100 353 
21 22 352 99 353 100 353 
21 22 352 99 353 100 353 
21 22 352 99 353 100 353 
21 22 352 99 353 100 353 
21 22 352 99 353 100 353 
21 22 352 99 353 100 353 
21 22 352 353 99 68 24 100 353 
5 6 21 22 352 99 353 100 353 
28 109 21 22 352 353 99 80 110 100 353 
21 22 352 99 353 100 353 
21 22 352 99 353 100 353 
28 109 21 22 352 353 99 80 110 100 353 
21 22 352 99 353 100 353 
21 22 352 99 353 100 353 
21 22 352 99 353 100 353 
109 28 21 22 352 99 353 80 100 110 353 
109 28 21 22 352 99 353 80 100 110 353 
21 22 352 99 353 68 24 100 353 
21 22 352 99 353 100 353 
21 22 352 99 353 100 353 
21 22 352 99 353 100 353 
21 22 352 99 353 100 353 
21 22 352 99 353 100 353 
21 22 352 99 353 100 353 
21 22 352 99 353 100 353 
21 22 352 99 353 100 353 
21 22 352 99 353 100 353 
21 22 352 99 353 100 353 
21 22 352 99 353 100 353 
21 22 352 99 353 100 353 
21 22 352 99 353 100 353 
21 22 352 99 353 100 353 
21 22 352 99 353 100 353 
21 22 352 99 353 100 353 
21 22 352 99 353 100 353 
21 22 352 99 353 100 353 
21 22 352 99 353 100 353 
21 22 352 99 353 100 353 
21 22 352 99 353 100 353 
5 21 22 352 99 353 8 100 353 
21 22 352 99 353 100 353 
21 22 352 99 353 100 353 
21 22 352 99 353 100 353 
21 22 352 99 353 100 353 
21 22 352 99 353 100 353 
21 22 352 99 353 100 353 
21 22 352 99 353 100 353 
21 22 352 99 353 100 353 
21 22 352 99 353 100 353 
5 6 21 22 352 99 353 100 353 
21 22 352 99 353 100 353 
21 22 352 99 353 100 353 
21 22 352 99 353 100 353 
21 22 352 99 353 100 353 
21 22 352 99 353 100 353 
21 22 352 99 353 100 353 
21 22 352 99 353 100 353 
21 22 352 99 353 100 353 
21 22 352 99 353 100 353 
21 352 22 99 353 357 100 353 
21 352 22 99 353 357 100 353 
21 22 352 99 353 100 353 
21 22 352 99 353 100 353 
21 22 352 99 353 100 353 
21 22 352 99 353 100 353 
21 22 352 99 353 100 353 
21 22 352 99 353 100 353 
21 22 352 99 353 100 353 
21 22 352 99 353 100 353 
21 22 352 99 353 100 353 
21 22 352 99 353 100 353 
21 22 352 99 353 100 353 
21 22 352 99 353 100 353 
21 22 352 99 353 100 353 
21 22 352 99 353 100 353 
21 22 352 99 353 100 353 
21 22 352 99 353 100 353 
21 22 352 99 353 100 353 
21 22 352 99 353 100 353 
21 22 352 99 353 100 353 
21 22 352 99 353 100 353 
21 22 352 99 353 100 353 
21 352 353 99 100 353 
21 22 352 99 353 100 353 
21 22 352 99 353 100 353 
21 22 352 99 353 100 353 
21 22 352 99 353 100 353 
21 22 352 99 353 100 353 
365 21 22 352 99 353 100 353 
21 22 352 99 353 100 353 
21 22 352 99 353 100 353 
21 22 352 99 353 100 353 
21 22 352 99 353 100 353 
21 22 352 99 353 100 353 
21 22 352 99 353 100 353 
21 22 352 99 353 100 353 
21 22 352 99 353 100 353 
21 22 352 99 353 100 353 
21 22 352 99 353 100 353 
21 22 352 99 353 100 353 
21 22 352 99 353 100 353 
21 22 352 99 353 100 353 
21 22 352 99 353 100 353 
21 22 352 99 353 100 353 
21 22 352 353 99 24 100 353 
21 22 352 353 99 24 100 353 
21 22 352 353 99 24 100 353 
21 22 352 353 99 24 100 353 
21 22 352 353 99 24 100 353 
21 22 352 99 353 100 353 
21 22 352 99 353 100 353 
21 22 352 99 353 100 353 
21 22 352 99 353 100 353 
21 22 352 99 353 100 353 
21 22 352 99 353 100 353 
21 22 352 99 353 100 353 
21 22 352 99 353 100 353 
21 22 352 99 353 100 353 
21 22 352 99 353 100 353 
21 22 352 99 353 100 353 
21 22 352 99 353 100 353 
21 22 352 99 353 100 353 
21 22 352 99 353 100 353 
21 22 352 99 353 100 353 
21 22 352 99 353 100 353 
21 22 352 99 353 100 353 
21 22 352 99 353 100 353 
21 254 22 352 99 481 353 370 36 100 353 
21 254 22 352 99 481 353 370 36 100 353 
21 22 352 99 353 100 353 
21 22 352 99 353 100 353 
21 22 352 99 353 100 353 
472 28 109 21 22 352 353 99 80 110 100 353 
5 6 21 352 99 353 482 100 353 
21 22 352 99 353 100 353 
21 22 352 99 353 100 353 
365 21 22 352 99 353 100 353 
21 22 352 99 353 36 100 353 
21 22 352 99 353 100 353 
21 22 352 99 353 100 353 
21 22 352 99 353 100 353 
21 22 352 99 353 100 353 
21 22 352 99 353 100 353 
21 22 352 99 353 100 353 
21 22 352 99 353 100 353 
21 22 352 99 353 100 353 
21 22 352 99 353 100 353 
21 22 352 99 353 100 353 
21 22 352 99 353 100 353 
21 22 352 99 353 100 353 
21 22 352 99 353 100 353 
21 22 352 99 353 100 353 
21 22 352 99 353 100 353 
21 22 352 99 353 100 353 
21 22 352 99 353 100 353 
21 22 352 99 353 100 353 
21 22 352 99 353 100 353 
21 22 352 99 353 100 353 
21 22 352 99 353 100 353 
28 21 22 352 360 353 99 80 100 353 
21 22 352 99 353 100 353 
21 22 352 99 353 100 353 
21 22 352 99 353 100 353 
21 22 352 99 353 100 353 
21 22 352 99 353 100 353 
21 22 352 99 353 100 353 
21 22 352 99 353 100 353 
21 22 352 99 353 100 353 
365 21 22 352 99 353 100 353 
21 22 352 99 353 100 353 
21 22 352 99 353 100 353 
5 6 21 22 352 99 353 23 139 100 353 
21 22 352 99 353 100 353 
21 22 352 99 353 100 353 
21 22 352 99 353 100 353 
21 22 352 99 353 100 353 
21 22 352 99 353 100 353 
28 109 21 22 352 353 99 80 110 100 353 
28 109 21 22 352 353 99 80 110 100 353 
28 109 21 22 352 353 99 80 110 100 353 
21 22 352 99 353 100 353 
21 22 352 99 353 100 353 
21 22 352 99 353 100 353 
21 22 352 99 353 100 353 
28 21 22 352 360 353 99 80 100 353 
472 28 109 21 22 352 353 99 80 100 353 
365 21 22 352 99 353 100 353 
365 21 22 352 99 353 100 353 
21 22 352 99 353 100 353 
21 22 352 99 353 100 353 
5 6 21 22 352 99 353 23 139 100 353 
5 6 21 22 352 99 353 23 139 100 353 
21 22 352 99 353 100 353 
21 22 352 99 353 100 353 
21 22 352 99 353 100 353 
21 22 352 99 353 100 353 
21 22 352 99 353 100 353 
21 22 352 99 353 100 353 
21 22 352 99 353 100 353 
21 22 352 99 353 100 353 
21 22 352 99 353 100 353 
21 22 352 99 353 100 353 
21 22 352 99 353 100 353 
21 22 352 99 353 100 353 
21 22 352 99 353 100 353 
21 22 352 99 353 100 353 
21 22 352 99 353 100 353 
21 22 352 99 353 100 353 
21 22 352 99 353 100 353 
21 22 352 99 353 100 353 
21 22 352 99 353 100 353 
21 22 352 99 353 100 353 
21 22 352 99 353 100 353 
21 22 352 99 353 100 353 
21 22 352 99 353 100 353 
21 22 352 99 353 100 353 
21 22 352 99 353 100 353 
21 22 352 99 353 100 353 
21 22 352 99 353 100 353 
21 22 352 99 353 100 353 
21 22 352 99 353 100 353 
21 22 352 99 353 100 353 
28 21 22 352 99 353 483 100 353 
28 21 22 352 99 353 483 100 353 
28 21 22 352 99 353 483 100 353 
28 21 22 352 99 353 483 100 353 
28 21 22 352 99 353 483 100 353 
21 22 352 99 353 100 353 
21 22 352 99 353 100 353 
21 22 352 99 353 100 353 
21 22 352 99 353 100 353 
21 22 352 99 353 100 353 
28 109 21 22 352 353 99 80 110 100 353 
21 22 352 99 353 100 353 
109 28 21 22 352 99 353 80 100 110 353 
21 22 352 99 353 100 353 
21 22 352 99 353 100 353 
21 22 352 99 353 100 353 
21 22 352 99 353 100 353 
21 22 352 99 353 100 353 
6 21 22 352 353 99 80 100 5 472 28 109 482 353 
365 21 22 352 99 353 100 353 
21 22 352 99 353 100 353 
21 22 352 99 353 100 353 
21 22 352 99 353 100 353 
21 22 352 99 353 100 353 
21 22 352 99 353 100 353 
21 22 352 99 353 100 353 
21 22 352 99 353 100 353 
21 22 352 99 353 100 353 
21 22 352 99 353 100 353 
21 22 352 99 353 100 353 
21 22 352 99 353 100 353 
21 22 352 99 353 100 353 
21 22 352 99 353 100 353 
21 22 352 99 353 100 353 
21 22 352 99 353 100 353 
21 22 352 99 353 100 353 
365 21 22 352 99 353 100 353 
21 22 352 99 353 100 353 
21 22 352 99 353 100 353 
21 22 352 99 353 100 353 
21 22 352 99 353 100 353 
21 22 352 99 353 100 353 
21 22 352 99 353 100 353 
21 22 352 99 353 100 353 
21 22 352 99 353 100 353 
21 22 352 99 353 100 353 
21 22 352 99 353 100 353 
21 22 352 99 353 100 353 
21 22 352 99 353 100 353 
21 22 352 99 353 100 353 
21 22 352 99 353 100 353 
21 22 352 99 353 100 353 
21 22 352 99 353 100 353 
21 22 352 99 353 100 353 
21 22 352 99 353 100 353 
21 22 352 99 353 100 353 
472 28 109 21 22 352 353 99 80 100 353 
21 22 352 99 353 263 24 100 353 
358 5 6 21 22 352 99 353 61 100 353 
21 22 352 99 353 100 353 
21 22 352 99 353 100 353 
21 22 352 99 353 100 353 
21 22 352 99 353 100 353 
21 22 352 99 353 100 353 
21 22 352 99 353 100 353 
21 22 352 99 353 100 353 
21 22 352 99 353 100 353 
21 22 352 99 353 100 353 
21 22 352 353 99 68 24 100 353 
21 22 352 99 353 100 353 
21 22 352 99 353 100 353 
21 22 352 99 353 100 353 
21 22 352 99 353 100 353 
21 22 352 99 353 100 353 
21 22 352 99 353 100 353 
21 22 352 99 353 100 353 
21 22 352 99 353 100 353 
21 22 352 99 353 100 353 
21 22 352 99 353 100 353 
21 22 352 99 353 100 353 
21 22 352 99 353 100 353 
28 21 22 352 353 99 203 100 353 
21 22 352 99 353 100 353 
21 22 352 99 353 100 353 
21 22 352 99 353 100 353 
21 22 352 99 353 100 353 
21 22 352 99 353 100 353 
21 22 352 99 353 100 353 
21 22 352 99 353 100 353 
21 22 352 99 353 100 353 
21 22 352 99 353 100 353 
21 22 352 99 353 100 353 
21 22 352 353 99 24 100 353 
21 22 352 99 353 100 353 
21 22 352 99 353 100 353 
21 22 352 99 353 100 353 
21 22 352 99 353 100 353 
21 22 352 99 353 100 353 
21 22 352 99 353 100 353 
21 22 352 99 353 100 353 
21 22 352 99 353 100 353 
21 22 352 99 353 100 353 
21 22 352 99 353 100 353 
21 22 352 99 353 100 353 
28 109 21 22 352 353 99 80 110 100 353 
28 109 21 22 352 353 99 80 110 100 353 
21 22 352 99 353 100 353 
21 22 352 99 353 100 353 
21 22 352 99 353 100 353 
5 6 21 22 352 99 353 100 353 
5 6 21 22 352 99 353 100 353 
21 22 352 99 353 100 353 
21 22 352 99 353 100 353 
21 22 352 99 353 100 353 
21 22 352 99 353 100 353 
21 22 352 99 353 100 353 
21 22 352 99 353 100 353 
21 22 352 99 353 100 353 
21 22 352 99 353 100 353 
21 22 352 99 353 100 353 
21 22 352 99 353 100 353 
21 22 352 99 353 100 353 
21 22 352 99 353 100 353 
384 21 254 22 352 99 353 36 484 100 353 
21 22 352 99 353 100 353 
21 22 352 99 353 100 353 
21 22 352 99 353 100 353 
28 109 21 22 352 353 99 80 110 100 353 
472 28 109 21 22 352 353 99 80 100 353 
21 22 352 99 353 100 353 
28 109 21 22 352 353 99 80 110 100 353 
358 5 6 21 22 352 99 353 61 100 353 
21 22 352 99 353 100 353 
21 22 352 99 353 100 353 
21 22 352 99 353 100 353 
21 22 352 99 353 100 353 
21 22 352 99 353 100 353 
21 22 352 99 353 100 353 
21 22 352 99 353 100 353 
21 22 352 99 353 100 353 
365 21 22 352 99 353 100 353 
21 22 352 353 99 68 24 100 353 
21 22 352 353 99 68 24 100 353 
21 22 352 353 99 68 24 100 353 
21 22 352 99 353 100 353 
21 22 352 99 353 100 353 
21 22 352 99 353 100 353 
5 365 6 21 22 352 99 353 9 100 353 
21 22 352 353 99 24 100 353 
21 22 352 353 99 24 100 353 
21 22 352 99 353 100 353 
21 22 352 99 353 100 353 
21 22 352 99 353 100 353 
21 22 352 99 353 100 353 
21 22 352 99 353 100 353 
21 22 352 99 353 100 353 
21 22 352 99 353 100 353 
28 27 21 352 22 99 353 357 100 353 
28 27 21 352 22 99 353 357 100 353 
28 27 21 352 22 99 353 357 100 353 
21 22 352 99 353 100 353 
21 22 352 99 353 100 353 
21 22 352 99 353 100 353 
365 21 22 352 99 353 100 353 
21 22 352 99 353 100 353 
21 22 352 99 353 100 353 
21 22 352 99 353 100 353 
21 22 352 99 353 100 353 
21 22 352 99 353 100 353 
21 22 352 99 353 100 353 
21 22 352 353 99 100 353 
21 22 352 99 353 100 353 
21 22 352 99 353 100 353 
21 22 352 99 353 36 100 130 353 
21 22 352 99 353 36 100 130 353 
21 22 352 99 353 100 353 
21 22 352 99 353 100 353 
21 22 352 99 353 100 353 
21 22 352 99 353 100 353 
21 22 352 99 353 100 353 
21 22 352 99 353 100 353 
21 22 352 99 353 100 353 
21 22 352 99 353 100 353 
21 22 352 99 353 100 353 
21 22 352 99 353 100 353 
21 22 352 99 353 100 353 
21 22 352 99 353 100 353 
21 22 352 99 353 100 353 
21 22 352 99 353 100 353 
5 6 21 22 352 99 353 100 353 
21 22 352 99 353 100 353 
21 22 352 99 353 100 353 
21 22 352 99 353 100 353 
21 22 352 99 353 100 353 
21 22 352 99 353 100 353 
21 22 352 99 353 100 353 
21 22 352 99 353 100 353 
21 22 352 99 353 100 353 
21 22 352 99 353 100 353 
21 22 352 99 353 100 353 
21 22 352 99 353 100 353 
21 22 352 99 353 100 353 
21 22 352 99 353 100 353 
21 22 352 99 353 100 353 
21 22 352 99 353 100 353 
21 22 352 99 353 100 353 
21 22 352 99 353 100 353 
28 109 21 22 352 353 99 80 110 100 353 
21 22 352 99 353 100 353 
21 22 352 99 353 100 353 
21 22 352 99 353 100 353 
28 109 21 22 352 353 99 80 110 100 353 
21 22 352 99 353 100 353 
21 22 352 99 353 100 353 
21 22 352 99 353 100 353 
5 6 21 22 352 99 353 23 139 100 353 
5 6 21 22 352 99 353 23 139 100 353 
21 22 352 99 353 100 353 
21 22 352 99 353 100 353 
21 22 352 99 353 100 353 
21 22 352 99 353 100 353 
21 22 352 99 353 100 353 
28 109 21 22 352 353 99 80 110 100 353 
21 22 352 99 353 100 353 
21 22 352 99 353 100 353 
112 365 21 22 352 248 99 353 113 100 353 
21 22 352 99 353 100 353 
21 22 352 99 353 100 353 
21 22 352 99 353 100 353 
81 21 22 352 353 99 82 24 100 353 
28 109 21 22 352 353 99 80 110 100 353 
21 22 352 99 353 100 353 
21 22 352 99 353 100 353 
21 352 22 99 353 357 100 353 
21 352 22 99 353 357 100 353 
21 22 352 99 353 100 353 
365 21 22 352 99 353 100 353 
21 22 352 99 353 100 353 
5 6 21 22 352 99 353 61 100 353 
5 6 21 22 352 99 353 61 100 353 
5 6 21 22 352 99 353 61 100 353 
5 6 21 22 352 99 353 61 100 353 
5 6 21 22 352 99 353 61 100 353 
5 6 21 22 352 99 353 61 100 353 
5 6 21 22 352 99 353 61 100 353 
5 6 21 22 352 99 353 61 100 353 
5 6 21 22 352 99 353 61 100 353 
5 6 21 22 352 99 353 61 100 353 
5 6 21 22 352 99 353 61 100 353 
5 6 21 22 352 99 353 61 100 353 
5 6 21 22 352 99 353 61 100 353 
5 6 21 22 352 99 353 61 100 353 
5 6 21 22 352 99 353 61 100 353 
5 6 21 22 352 99 353 61 100 353 
5 6 21 22 352 99 353 61 100 353 
5 6 21 22 352 99 353 61 100 353 
5 6 21 22 352 99 353 61 100 353 
5 6 21 22 352 99 353 61 100 353 
5 6 21 22 352 99 353 61 100 353 
21 22 352 99 353 100 353 
21 22 352 99 353 100 353 
21 22 352 99 353 100 353 
21 22 352 99 353 100 353 
21 22 352 99 353 100 353 
21 22 352 99 353 100 353 
365 21 22 352 99 353 100 353 
21 22 352 99 353 100 353 
21 22 352 99 353 100 353 
21 352 22 99 353 357 100 353 
21 22 352 99 353 100 353 
21 22 352 99 353 68 24 100 353 
21 22 352 99 353 100 353 
21 22 352 99 353 100 353 
21 22 352 99 353 100 353 
21 22 352 99 353 100 353 
21 22 352 99 353 100 353 
21 22 352 99 353 100 353 
21 22 352 99 353 100 353 
21 22 352 99 353 100 353 
21 22 352 99 353 100 353 
21 22 352 99 353 100 353 
21 22 352 99 353 100 353 
21 22 352 99 353 100 353 
21 22 352 99 353 100 353 
21 22 352 99 353 100 353 
5 472 28 109 6 21 22 352 353 99 80 100 353 
21 22 352 99 353 100 353 
21 22 352 99 353 100 353 
21 22 352 99 353 100 353 
21 22 352 99 353 100 353 
21 22 352 99 353 100 353 
21 22 352 99 353 100 353 
21 22 352 99 353 100 353 
21 22 352 99 353 100 353 
21 22 352 99 353 68 24 100 353 
5 6 21 22 352 99 353 100 353 
21 22 352 353 99 68 24 100 353 
21 22 352 353 99 68 24 100 353 
21 352 22 99 353 357 100 353 
21 22 352 99 353 100 353 
21 22 352 99 353 100 353 
21 22 352 99 353 100 353 
21 22 352 99 353 100 353 
21 22 352 99 353 100 353 
21 22 352 99 353 100 353 
21 22 352 99 353 100 353 
21 22 352 99 353 100 353 
21 22 352 99 353 100 353 
365 21 22 352 99 353 100 353 
21 22 352 99 353 100 353 
21 22 352 99 353 100 353 
21 22 352 99 353 100 353 
21 22 352 99 353 100 353 
21 22 352 99 353 100 353 
21 22 352 99 353 100 353 
21 22 352 99 353 100 353 
21 22 352 99 353 100 353 
21 22 352 99 353 100 353 
472 28 109 21 22 352 353 99 80 100 353 
21 22 352 99 353 100 353 
21 22 352 99 353 100 353 
21 22 352 99 353 100 353 
28 27 21 352 22 99 353 357 100 353 
28 27 21 352 22 99 353 357 100 353 
28 109 21 22 352 353 99 80 110 100 353 
21 22 352 99 353 100 353 
21 22 352 99 353 100 353 
21 22 352 99 353 100 353 
472 28 109 21 22 352 353 99 80 100 353 
21 22 352 99 353 100 353 
21 22 352 353 99 24 100 353 
21 22 352 353 99 24 100 353 
21 22 352 99 353 100 353 
21 22 352 99 353 100 353 
5 6 21 22 352 99 353 100 353 
21 22 352 99 353 100 353 
21 22 352 99 353 100 353 
21 22 352 99 353 100 353 
21 22 352 99 353 100 353 
21 22 352 99 353 100 353 
21 22 352 99 353 100 353 
28 109 21 22 352 353 99 80 110 100 353 
21 22 352 99 353 100 353 
365 21 22 352 99 353 100 353 
21 22 352 99 353 100 353 
21 22 352 99 353 100 353 
21 22 352 99 353 100 353 
21 22 352 99 353 100 353 
21 22 352 99 353 100 353 
21 22 352 99 353 100 353 
28 109 21 22 352 353 99 80 110 100 353 
21 22 352 99 353 100 353 
109 28 21 22 352 99 353 80 110 100 353 
21 22 352 99 353 100 353 
21 22 352 99 353 100 353 
21 22 352 99 353 100 353 
21 22 352 99 353 100 353 
21 22 352 99 353 100 353 
21 22 352 353 99 68 24 100 353 
5 6 21 22 352 99 353 100 353 
21 22 352 99 353 100 353 
21 22 352 99 353 100 353 
21 22 352 99 353 100 353 
21 22 352 99 353 100 353 
21 352 22 99 353 357 100 353 
21 352 22 99 353 357 100 353 
21 352 22 99 353 357 100 353 
21 352 22 99 353 357 100 353 
21 352 22 99 353 357 100 353 
21 352 22 99 353 357 100 353 
21 352 22 99 353 357 100 353 
21 352 22 99 353 357 100 353 
21 22 352 99 353 100 353 
365 21 22 352 99 353 100 353 
21 22 352 99 353 100 353 
21 22 352 99 353 100 353 
21 22 352 99 353 100 353 
21 22 352 99 353 100 353 
21 22 352 99 353 36 100 130 353 
21 22 352 99 353 36 100 130 353 
21 22 352 99 353 36 100 130 353 
21 22 352 99 353 36 100 130 353 
21 22 352 99 353 36 100 130 353 
5 6 21 22 352 99 353 23 139 100 353 
21 22 352 99 353 100 353 
21 22 352 99 353 100 353 
21 22 352 99 353 100 353 
21 22 352 99 353 100 353 
21 22 352 99 353 100 353 
21 22 352 99 353 100 353 
21 22 352 99 353 100 353 
21 22 352 99 353 100 353 
21 22 352 99 353 100 353 
21 22 352 99 353 100 353 
28 109 21 22 352 353 99 80 110 100 353 
5 365 6 21 22 352 99 353 100 353 
28 109 21 22 352 353 99 80 110 100 353 
21 22 352 99 353 100 353 
5 6 21 22 352 99 353 23 139 100 353 
21 22 352 353 99 68 24 100 353 
21 22 352 99 353 100 353 
21 22 352 99 353 100 353 
21 22 352 99 353 100 353 
21 22 352 99 353 100 353 
21 22 352 99 353 100 353 
365 21 22 352 99 353 100 353 
21 22 352 99 353 100 353 
21 22 352 99 353 100 353 
21 22 352 99 353 100 353 
28 109 21 22 352 353 99 80 110 100 353 
21 22 352 99 353 100 353 
21 22 352 99 353 100 353 
5 6 21 22 352 99 353 100 353 
21 22 352 353 99 68 24 100 353 
28 21 22 352 360 353 99 80 100 353 
21 22 352 99 353 100 353 
21 22 352 99 353 100 353 
21 22 352 99 353 100 353 
21 22 352 99 353 100 353 
21 22 352 353 99 24 100 353 
21 22 352 99 353 100 353 
21 22 352 99 353 100 353 
21 22 352 99 353 100 353 
365 21 22 352 99 353 100 353 
21 22 352 99 353 100 353 
5 6 21 22 352 99 353 100 353 
5 6 21 22 352 99 353 100 353 
21 22 352 99 353 100 353 
21 352 22 99 353 357 100 353 
21 22 352 99 353 68 24 100 353 
21 22 352 99 353 68 24 100 353 
21 22 352 99 353 68 24 100 353 
21 22 352 99 353 100 353 
21 22 352 99 353 100 353 
21 22 352 99 353 100 353 
21 22 352 99 353 100 353 
5 21 22 352 99 353 8 100 353 
21 22 352 99 353 100 353 
21 22 352 99 353 100 353 
21 22 352 353 99 68 24 100 353 
365 21 22 352 99 353 100 353 
365 21 22 352 99 353 100 353 
21 22 352 99 353 100 353 
21 22 352 353 99 68 24 100 353 
21 22 352 99 353 100 353 
21 22 352 99 353 100 353 
21 22 352 99 353 100 353 
21 22 352 99 353 100 353 
365 21 22 352 99 353 100 353 
5 6 21 22 352 99 353 100 353 
21 22 352 99 353 100 353 
21 22 352 99 353 100 353 
21 22 352 99 353 100 353 
21 22 352 99 353 100 353 
21 22 352 99 353 100 353 
21 22 352 99 353 100 353 
21 22 352 99 353 100 353 
21 22 352 99 353 100 353 
21 352 353 99 100 353 
21 22 352 99 353 100 353 
21 352 22 99 353 357 100 353 
21 22 352 99 353 100 353 
21 22 352 99 353 100 353 
21 22 352 99 353 100 353 
21 22 352 99 353 100 353 
21 22 352 99 353 100 353 
21 22 352 99 353 100 353 
21 22 352 99 353 100 353 
21 22 352 99 353 100 353 
5 6 21 22 352 99 353 100 353 
21 22 352 99 353 100 353 
365 21 22 352 99 353 100 353 
21 22 352 99 353 100 353 
5 21 22 352 99 353 8 100 353 
21 22 352 99 353 100 353 
21 22 352 99 353 100 353 
21 22 352 99 353 100 353 
21 22 352 99 353 100 353 
21 22 352 99 353 100 353 
21 22 352 353 99 100 353 
21 22 352 99 353 100 353 
21 22 352 99 353 100 353 
21 22 352 99 353 100 353 
21 22 352 99 353 100 353 
21 22 352 99 353 100 353 
21 22 352 99 353 100 353 
21 22 352 99 353 100 353 
21 22 352 99 353 100 353 
21 22 352 99 353 100 353 
21 22 352 99 353 100 353 
21 22 352 99 353 100 353 
21 22 352 99 353 100 353 
21 22 352 99 353 100 353 
21 22 352 99 353 100 353 
21 22 352 99 353 100 353 
21 22 352 99 353 100 353 
21 22 352 99 353 100 353 
21 22 352 99 353 100 353 
21 22 352 99 353 100 353 
21 22 352 99 353 100 353 
21 22 352 99 353 100 353 
21 22 352 99 353 100 353 
21 22 352 99 353 100 353 
21 22 352 99 353 100 353 
21 22 352 99 353 100 353 
21 22 352 99 353 100 353 
21 22 352 99 353 100 353 
21 22 352 99 353 100 353 
21 22 352 99 353 100 353 
21 22 352 99 353 100 353 
21 22 352 99 353 100 353 
21 22 352 99 353 100 353 
21 22 352 99 353 100 353 
21 22 352 99 353 100 353 
21 22 352 99 353 100 353 
21 22 352 99 353 100 353 
21 22 352 99 353 100 353 
21 22 352 99 353 100 353 
21 22 352 99 353 100 353 
21 22 352 99 353 100 353 
21 22 352 99 353 100 353 
21 22 352 99 353 100 353 
21 22 352 99 353 100 353 
21 22 352 99 353 100 353 
21 22 352 99 353 100 353 
21 22 352 99 353 100 353 
21 22 352 99 353 100 353 
21 22 352 99 353 100 353 
21 22 352 99 353 100 353 
21 22 352 99 353 100 353 
21 22 352 99 353 100 353 
21 22 352 99 353 100 353 
21 22 352 99 353 100 353 
21 22 352 99 353 100 353 
21 22 352 99 353 100 353 
21 22 352 99 353 100 353 
28 21 22 352 353 99 80 79 100 353 
21 22 352 99 353 100 353 
21 22 352 99 353 100 353 
21 22 352 99 353 100 353 
21 22 352 99 353 100 353 
21 22 352 99 353 100 353 
21 22 352 99 353 100 353 
21 22 352 99 353 100 353 
21 22 352 99 353 100 353 
21 22 352 99 353 100 353 
21 22 352 99 353 100 353 
21 22 352 99 353 100 353 
21 22 352 99 353 100 353 
21 22 352 99 353 100 353 
21 22 352 99 353 100 353 
21 22 352 99 353 100 353 
21 22 352 99 353 100 353 
21 22 352 99 353 100 353 
21 22 352 99 353 100 353 
21 22 352 99 353 100 353 
21 22 352 99 353 100 353 
21 22 352 99 353 100 353 
21 22 352 99 353 100 353 
21 22 352 99 353 100 353 
21 22 352 99 353 100 353 
21 22 352 99 353 100 353 
21 22 352 99 353 100 353 
21 22 352 99 353 100 353 
21 22 352 99 353 100 353 
21 22 352 99 353 100 353 
21 22 352 99 353 100 353 
21 22 352 99 353 100 353 
21 22 352 99 353 100 353 
21 22 352 99 353 100 353 
21 22 352 99 353 100 353 
21 22 352 99 353 100 353 
21 22 352 99 353 100 353 
21 22 352 99 353 100 353 
21 22 352 99 353 100 353 
21 22 352 99 353 100 353 
21 22 352 99 353 100 353 
21 22 352 99 353 100 353 
21 22 352 99 353 100 353 
21 22 352 99 353 100 353 
21 22 352 99 353 100 353 
21 22 352 99 353 100 353 
21 22 352 99 353 100 353 
21 22 352 99 353 100 353 
21 22 352 99 353 100 353 
21 22 352 99 353 100 353 
21 22 352 99 353 100 353 
21 22 352 99 353 100 353 
21 22 352 99 353 100 353 
21 22 352 99 353 100 353 
21 22 352 99 353 100 353 
21 22 352 99 353 100 353 
21 22 352 99 353 100 353 
21 22 352 99 353 100 353 
21 22 352 99 353 100 353 
21 22 352 99 353 100 353 
21 22 352 99 353 100 353 
21 22 352 99 353 100 353 
21 22 352 99 353 100 353 
21 22 352 99 353 100 353 
21 22 352 99 353 100 353 
21 22 352 99 353 100 353 
21 22 352 99 353 100 353 
21 22 352 99 353 100 353 
21 22 352 99 353 100 353 
21 22 352 99 353 100 353 
21 22 352 99 353 100 353 
21 22 352 99 353 100 353 
21 22 352 99 353 100 353 
21 22 352 99 353 100 353 
21 22 352 99 353 100 353 
21 22 352 99 353 100 353 
21 22 352 99 353 100 353 
21 22 352 99 353 100 353 
21 22 352 99 353 100 353 
21 22 352 99 353 100 353 
21 22 352 99 353 100 353 
21 22 352 99 353 100 353 
21 22 352 99 353 100 353 
21 22 352 99 353 100 353 
21 22 352 99 353 100 353 
21 22 352 99 353 100 353 
21 22 352 99 353 100 353 
21 22 352 99 353 100 353 
21 22 352 99 353 100 353 
21 22 352 99 353 100 353 
21 22 352 99 353 100 353 
21 22 352 99 353 100 353 
21 22 352 99 353 100 353 
21 22 352 99 353 100 353 
21 22 352 99 353 100 353 
21 22 352 99 353 100 353 
21 22 352 99 353 100 353 
21 22 352 99 353 100 353 
21 22 352 99 353 100 353 
21 22 352 99 353 100 353 