5 6 8 61 8 
5 254 8 36 255 8 
5 6 8 9 8 
5 6 8 8 
5 8 8 
5 6 8 61 8 
5 196 197 8 8 
5 6 8 8 
5 21 22 8 68 24 8 
5 21 22 8 68 24 8 
5 231 8 8 
5 8 8 
5 8 8 
5 8 8 
5 6 31 8 8 
5 6 31 8 8 
5 8 8 
5 358 6 8 61 8 
5 8 8 
5 8 8 
5 27 28 21 8 617 8 
5 8 8 
5 101 8 8 
5 8 8 
5 8 8 
5 6 8 61 8 
5 6 8 8 
5 8 8 
5 8 8 
5 8 8 
5 231 8 8 
5 8 8 
5 8 8 
5 8 8 
5 254 8 36 255 8 
5 8 8 
5 8 8 
5 231 8 8 
5 8 8 
5 8 8 
5 8 8 
5 8 8 
5 162 430 8 8 
5 8 8 
5 8 8 
5 8 8 
5 8 8 
5 8 8 
5 8 8 
5 8 8 
5 8 8 
5 8 8 
5 8 8 
5 8 8 
5 8 8 
5 8 8 
5 8 8 
5 8 8 
5 8 8 