247 112 152 248 113 249 153 248 
247 112 248 250 113 249 248 
247 112 248 250 113 249 248 
247 112 248 250 113 249 248 
247 112 248 250 113 249 248 
247 112 248 250 113 249 248 
5 247 112 248 162 170 8 250 113 249 248 
247 112 248 250 113 249 248 
247 112 248 250 113 249 248 
118 112 248 132 36 113 248 
5 91 247 112 6 248 8 113 249 248 
112 248 251 10 11 113 252 125 248 
247 112 27 28 21 248 250 113 249 248 
247 112 248 250 113 249 248 
247 112 248 250 113 249 248 
247 112 248 250 113 249 248 
247 112 248 250 113 249 248 
247 112 248 250 113 249 248 
247 112 248 250 113 249 248 
247 112 248 250 113 249 248 
247 112 248 250 113 249 248 
247 112 248 250 113 249 248 
247 112 248 250 113 249 248 
247 112 248 250 113 249 248 
247 112 248 250 113 249 248 
247 112 248 113 249 248 
247 112 248 113 249 248 
247 112 248 113 249 248 
247 112 248 113 249 248 
247 112 248 113 249 248 
247 112 248 113 249 248 
247 112 248 113 249 248 
247 112 248 113 249 248 
247 112 248 113 249 248 
247 112 248 113 249 248 
247 112 248 113 249 248 
247 112 248 113 249 248 
247 112 248 113 249 248 
247 112 248 113 249 248 
247 112 248 113 249 248 
247 112 248 113 249 248 
247 112 248 113 249 248 
247 112 248 113 249 248 
247 112 248 113 249 248 
247 112 248 113 249 248 
247 112 248 113 249 248 
247 112 248 113 249 248 
5 91 112 6 248 8 113 248 
247 112 248 113 249 248 
5 112 176 162 248 8 113 248 
247 112 248 250 113 249 248 
247 112 248 250 113 249 248 
247 112 248 250 113 249 248 
247 112 27 28 21 248 250 113 249 248 
247 112 27 28 21 248 250 113 249 248 
5 230 112 6 248 11 10 113 253 125 248 
247 112 248 250 113 249 248 
247 112 248 250 113 249 248 
247 112 248 250 113 249 248 
247 112 248 250 113 249 248 
5 247 112 248 8 250 113 249 248 
247 112 248 250 113 249 248 
247 112 248 250 113 249 248 
247 112 27 28 21 248 250 113 249 248 
247 112 27 28 21 248 250 113 249 248 
247 112 248 250 113 249 248 
247 112 248 250 113 249 248 
247 112 248 250 113 249 248 
247 112 248 250 113 249 248 
247 112 248 250 113 249 248 
247 112 248 250 113 249 248 
247 112 248 250 113 249 248 
247 112 248 250 113 249 248 
247 112 248 250 113 249 248 
247 112 27 28 21 248 250 113 249 248 
247 112 248 250 113 249 248 
247 112 248 250 113 249 248 
247 112 248 250 113 249 248 
247 112 248 250 113 249 248 
247 112 27 28 21 248 250 113 249 248 
247 112 27 28 21 248 250 113 249 248 
247 112 27 28 21 248 250 113 249 248 
247 112 27 28 21 248 250 113 249 248 
247 112 248 250 113 249 248 
247 112 248 250 113 249 248 
247 112 248 250 113 249 248 
247 112 248 250 113 249 248 
247 112 248 250 113 249 248 
247 112 248 250 113 249 248 
247 112 248 250 113 249 248 
247 112 248 250 113 249 248 
247 112 248 250 113 249 248 
247 112 248 250 113 249 248 
247 112 248 250 113 249 248 
247 112 248 250 113 249 248 
247 112 248 250 113 249 248 
5 112 248 8 113 248 
247 112 248 250 113 249 248 
247 112 248 250 113 249 248 
247 112 248 250 113 249 248 
247 112 27 28 21 248 250 113 249 248 
247 112 27 28 21 248 250 113 249 248 
112 254 248 36 113 255 248 
247 112 248 250 113 249 248 
247 112 248 250 113 249 248 
247 112 248 250 113 249 248 
256 27 28 112 21 22 248 113 248 
247 112 248 250 113 249 248 
247 112 248 250 113 249 248 
247 112 248 250 113 249 248 
247 112 248 250 113 249 248 
247 112 248 250 113 249 248 
247 112 248 250 113 249 248 
247 112 248 250 113 249 248 
247 112 248 250 113 249 248 
247 112 248 250 113 249 248 
247 112 248 250 113 249 248 
247 112 248 250 113 249 248 
247 112 248 250 113 249 248 
247 112 248 250 113 249 248 
247 112 248 250 113 249 248 
247 112 248 250 113 249 248 
247 112 248 250 113 249 248 
247 112 248 250 113 249 248 
247 112 248 250 113 249 248 
247 112 248 250 113 249 248 
112 248 142 36 113 248 
247 112 248 250 113 249 248 
247 112 248 250 113 249 248 
247 112 248 250 113 249 248 
247 112 248 250 113 249 248 
247 112 248 250 113 249 248 
247 112 248 250 113 249 248 
247 112 248 250 113 249 248 
247 112 248 250 113 249 248 
247 112 248 250 113 249 248 
247 112 248 250 113 249 248 
247 112 248 250 113 249 248 
247 112 27 28 21 248 250 113 249 248 
5 247 112 248 8 250 113 249 248 
247 112 248 250 113 249 248 
247 112 27 28 21 248 250 113 249 248 
247 112 27 28 21 248 250 113 249 248 
247 112 248 250 113 249 248 
247 112 248 250 113 249 248 
5 247 112 248 8 250 113 249 248 
247 112 248 250 113 249 248 
247 112 248 250 113 249 248 
247 112 248 250 113 249 248 
247 112 248 250 113 249 248 
247 112 248 250 113 249 248 
247 112 248 250 113 249 248 
247 112 248 250 113 249 248 
247 112 248 250 113 249 248 
247 112 248 250 113 249 248 
247 112 248 250 113 249 248 
247 112 248 250 113 249 248 
247 112 248 250 113 249 248 
247 112 248 250 113 249 248 
247 112 248 250 113 249 248 
247 112 248 250 113 249 248 
247 112 248 250 113 249 248 
247 112 248 250 113 249 248 
247 112 248 250 113 249 248 
247 112 248 250 113 249 248 
247 112 248 250 113 249 248 
247 112 248 250 113 249 248 
247 112 248 250 113 249 248 
247 112 248 250 113 249 248 
247 112 248 250 113 249 248 
247 112 248 250 113 249 248 
247 112 248 250 113 249 248 
247 112 248 250 113 249 248 
247 112 248 250 113 249 248 
247 112 248 250 113 249 248 
247 112 248 250 113 249 248 
247 112 248 250 113 249 248 
247 112 248 250 113 249 248 
247 112 248 250 113 249 248 
247 112 248 250 113 249 248 
247 112 248 250 113 249 248 
247 112 248 250 113 249 248 
247 112 248 250 113 249 248 
247 112 248 250 113 249 248 
247 112 248 250 113 249 248 
247 112 248 250 113 249 248 
247 112 248 250 113 249 248 
247 112 248 250 113 249 248 
247 112 248 250 113 249 248 
112 248 113 248 
247 112 248 250 113 249 248 
247 112 248 250 113 249 248 
112 254 248 36 113 248 
247 112 248 250 113 249 248 
247 112 248 250 113 249 248 
247 112 248 250 113 249 248 
247 112 248 250 113 249 248 
5 247 112 248 8 250 113 249 248 
247 112 248 250 113 249 248 
247 112 248 250 113 249 248 
247 112 248 250 113 249 248 
247 112 248 250 113 249 248 
247 112 248 250 113 249 248 
247 112 248 250 113 249 248 
247 112 248 250 113 249 248 
247 112 248 250 113 249 248 
247 112 248 250 113 249 248 
247 112 248 250 113 249 248 
247 112 248 250 113 249 248 
247 112 248 250 113 249 248 
247 112 248 250 113 249 248 
247 112 248 250 113 249 248 
247 112 248 250 113 249 248 
247 112 248 250 113 249 248 
247 112 248 250 113 249 248 
247 112 248 250 113 249 248 
247 112 248 250 113 249 248 
247 112 248 250 113 249 248 
247 112 248 250 113 249 248 
247 112 248 250 113 249 248 
247 112 248 250 113 249 248 
247 112 248 250 113 249 248 
247 112 248 250 113 249 248 
247 112 248 250 113 249 248 
247 112 248 250 113 249 248 
247 112 248 250 113 249 248 
247 112 248 250 113 249 248 
247 112 248 250 113 249 248 
247 112 248 250 113 249 248 
247 112 248 250 113 249 248 
247 112 248 250 113 249 248 
247 112 248 250 113 249 248 
247 112 248 250 113 249 248 
247 112 248 250 113 249 248 
247 112 248 113 249 248 
247 112 248 113 249 248 
247 112 248 113 249 248 
247 112 248 113 249 248 
247 112 248 113 249 248 
247 112 248 113 249 248 
247 112 248 113 249 248 
247 112 248 113 249 248 
247 112 248 113 249 248 
247 112 248 113 249 248 
247 112 248 113 249 248 
247 112 248 113 249 248 
247 112 248 113 249 248 
247 112 248 113 249 248 
247 112 248 113 249 248 
247 112 248 113 249 248 
247 112 248 113 249 248 
247 112 248 113 249 248 
247 112 248 113 249 248 
247 112 248 113 249 248 
247 112 248 113 249 248 
247 112 248 113 249 248 
247 112 248 113 249 248 
247 112 248 113 249 248 
247 112 248 113 249 248 
247 112 248 113 249 248 
247 112 248 113 249 248 
247 112 248 113 249 248 
247 112 248 113 249 248 
247 112 248 113 249 248 
247 112 248 113 249 248 
247 112 248 113 249 248 
247 112 248 113 249 248 
247 112 248 113 249 248 
247 112 248 113 249 248 
247 112 248 113 249 248 
247 112 248 113 249 248 
247 112 248 113 249 248 
247 112 248 113 249 248 
247 112 248 113 249 248 
247 112 248 113 249 248 
247 112 248 113 249 248 
247 112 248 113 249 248 
247 112 248 113 249 248 
247 112 248 113 249 248 
247 112 248 113 249 248 
247 112 248 113 249 248 
247 112 248 113 249 248 
247 112 248 113 249 248 
247 112 248 113 249 248 
247 112 248 113 249 248 
247 112 248 113 249 248 
247 112 248 113 249 248 
247 112 248 113 249 248 
247 112 248 113 249 248 
247 112 248 113 249 248 
247 112 248 113 249 248 
247 112 248 113 249 248 
247 112 248 113 249 248 
247 112 248 113 249 248 
247 112 248 113 249 248 
247 112 248 113 249 248 
247 112 248 113 249 248 
247 112 248 113 249 248 
247 112 248 113 249 248 
247 112 248 113 249 248 
247 112 248 113 249 248 
247 112 248 113 249 248 
247 112 248 113 249 248 
247 112 248 113 249 248 
247 112 248 113 249 248 
247 112 248 113 249 248 
247 112 248 113 249 248 
247 112 248 113 249 248 
247 112 248 113 249 248 
247 112 248 113 249 248 
247 112 248 113 249 248 
247 112 248 113 249 248 
247 112 248 113 249 248 
247 112 248 113 249 248 
247 112 248 113 249 248 
247 112 248 113 249 248 
247 112 248 113 249 248 
247 112 248 113 249 248 
247 112 248 113 249 248 
247 112 248 113 249 248 
247 112 248 113 249 248 
247 112 248 113 249 248 
247 112 248 113 249 248 
247 112 248 113 249 248 
247 112 248 113 249 248 
247 112 248 113 249 248 
247 112 248 113 249 248 
247 112 248 113 249 248 
247 112 248 113 249 248 
247 112 248 113 249 248 
247 112 248 113 249 248 
247 112 248 113 249 248 
247 112 248 113 249 248 
247 112 248 113 249 248 
247 112 248 113 249 248 
247 112 248 113 249 248 
247 112 248 113 249 248 
247 112 248 113 249 248 
247 112 248 113 249 248 
247 112 248 113 249 248 
247 112 248 113 249 248 
247 112 248 113 249 248 
247 112 248 113 249 248 
247 112 248 113 249 248 
247 112 248 113 249 248 
247 112 248 113 249 248 
247 112 248 113 249 248 
247 112 248 113 249 248 
247 112 248 113 249 248 
247 112 248 113 249 248 
247 112 248 113 249 248 
247 112 248 113 249 248 
247 112 248 113 249 248 
247 112 248 113 249 248 
247 112 248 113 249 248 
247 112 248 113 249 248 
247 112 248 113 249 248 
247 112 248 113 249 248 
247 112 248 113 249 248 
247 112 248 113 249 248 
247 112 248 113 249 248 
247 112 248 113 249 248 
247 112 248 113 249 248 
247 112 248 113 249 248 
247 112 248 113 249 248 
247 112 248 113 249 248 
247 112 248 113 249 248 
247 112 248 113 249 248 
247 112 248 113 249 248 
247 112 248 113 249 248 
247 112 248 113 249 248 
247 112 248 113 249 248 
247 112 248 113 249 248 
247 112 248 113 249 248 
247 112 248 113 249 248 
247 112 248 113 249 248 
247 112 248 113 249 248 
247 112 248 113 249 248 
247 112 248 113 249 248 
247 112 248 113 249 248 
247 112 248 113 249 248 
247 112 248 113 249 248 
247 112 248 113 249 248 
247 112 248 113 249 248 
247 112 248 113 249 248 
247 112 248 113 249 248 
247 112 248 113 249 248 
247 112 248 113 249 248 
247 112 248 113 249 248 
247 112 248 113 249 248 
247 112 248 113 249 248 
247 112 248 113 249 248 
247 112 248 113 249 248 
247 112 248 113 249 248 
247 112 248 113 249 248 
247 112 248 113 249 248 
247 112 248 113 249 248 
247 112 248 113 249 248 
247 112 248 113 249 248 
247 112 248 113 249 248 
247 112 248 113 249 248 
247 112 248 113 249 248 
247 112 248 113 249 248 
247 112 248 113 249 248 
247 112 248 113 249 248 
247 112 248 113 249 248 
247 112 248 113 249 248 
247 112 248 113 249 248 
247 112 248 113 249 248 
247 112 248 113 249 248 
247 112 248 113 249 248 
247 112 248 113 249 248 
247 112 248 113 249 248 
247 112 248 113 249 248 
247 112 248 113 249 248 
247 112 248 113 249 248 
247 112 248 113 249 248 
247 112 248 113 249 248 
247 112 248 113 249 248 
247 112 248 113 249 248 
247 112 248 113 249 248 
247 112 248 113 249 248 
247 112 248 113 249 248 
247 112 248 113 249 248 
247 112 248 113 249 248 
247 112 248 113 249 248 
247 112 248 113 249 248 
247 112 248 113 249 248 
247 112 248 113 249 248 
247 112 248 113 249 248 
247 112 248 113 249 248 
247 112 248 113 249 248 
247 112 248 113 249 248 
247 112 248 113 249 248 
247 112 248 113 249 248 
247 112 248 113 249 248 
247 112 248 113 249 248 
247 112 248 113 249 248 
247 112 248 113 249 248 
247 112 248 113 249 248 
247 112 248 113 249 248 
247 112 248 113 249 248 
247 112 248 113 249 248 
247 112 248 113 249 248 
247 112 248 113 249 248 
247 112 248 113 249 248 
247 112 248 113 249 248 
247 112 248 113 249 248 
247 112 248 113 249 248 
247 112 248 113 249 248 