5 133 21 22 68 24 24 
81 21 22 82 24 24 
133 21 22 68 24 24 
133 21 22 68 24 24 
133 21 22 68 24 24 
133 21 22 68 24 24 
133 21 22 68 24 24 
28 21 22 111 24 80 24 
21 22 99 24 362 24 
81 21 22 82 68 24 24 
133 21 22 68 24 24 
133 21 22 68 24 24 
133 21 22 68 24 24 
5 6 21 22 68 24 24 
21 22 68 24 24 
21 22 37 24 24 
81 21 22 82 68 24 24 
81 21 22 82 68 24 24 
81 21 22 82 68 24 24 
21 22 37 24 24 
133 21 22 68 24 24 
5 21 22 143 8 37 144 24 24 
21 22 68 24 24 
91 5 6 21 22 92 263 24 24 
91 5 6 21 22 92 263 24 24 
91 5 6 21 22 92 263 24 24 
91 5 6 21 22 92 263 24 24 
91 5 6 21 22 92 263 24 24 
91 5 6 21 22 92 263 24 24 
91 5 6 21 22 92 263 24 24 
91 5 6 21 22 92 263 24 24 
91 5 6 21 22 92 263 24 24 
91 5 6 21 22 92 263 24 24 
91 5 6 21 22 92 263 24 24 
21 22 68 24 24 
21 22 68 24 24 
21 22 68 24 24 
133 21 22 68 24 24 
133 21 22 68 24 24 
81 21 22 82 24 24 
81 21 22 82 24 24 
21 22 68 24 24 
133 21 22 68 24 24 
21 22 263 24 24 
21 22 263 24 24 
133 21 22 68 24 24 
133 21 22 68 24 24 
133 21 22 68 24 24 
133 21 22 68 24 24 
133 21 22 68 24 24 
5 328 21 22 162 8 24 24 
5 328 21 22 162 8 24 24 
5 328 21 22 162 8 24 24 
5 328 21 22 162 8 24 24 
5 328 21 22 162 8 24 24 
5 328 21 22 162 8 24 24 
5 328 21 22 162 8 24 24 
5 328 21 22 162 8 24 24 
5 328 21 22 162 8 24 24 
5 328 21 22 162 8 24 24 
5 328 21 22 162 8 24 24 
5 21 22 143 8 37 144 24 24 
133 21 22 68 24 24 
133 21 22 68 24 24 
133 21 22 68 24 24 
133 21 22 68 24 24 
133 21 22 68 24 24 
328 21 22 24 24 
328 21 22 24 24 
328 21 22 24 24 
328 21 22 24 24 
328 21 22 24 24 
328 21 22 24 24 
328 21 22 24 24 
328 21 22 24 24 
328 21 22 24 24 
328 21 22 24 24 
328 21 22 24 24 
328 21 22 24 24 
328 21 22 24 24 
328 21 22 24 24 
328 21 22 24 24 
328 21 22 24 24 
328 21 22 24 24 
328 21 22 24 24 
328 21 22 24 24 
328 21 22 24 24 
21 22 24 24 
21 22 24 24 
5 21 22 143 8 37 144 24 24 
21 22 37 24 24 
21 22 37 24 24 
21 22 37 24 24 
133 21 22 68 24 24 
28 21 22 111 24 80 24 
21 22 37 68 24 24 
21 22 37 68 24 24 
133 21 22 68 24 24 
5 21 22 143 8 37 144 24 24 
21 22 37 24 24 
21 22 37 24 24 
133 21 22 68 24 24 
133 21 22 68 24 24 
21 22 68 24 24 
21 22 68 24 24 
21 22 68 24 24 
21 22 68 24 24 
328 21 22 68 24 24 
21 22 68 24 24 
21 22 68 24 24 
21 22 68 24 24 
21 22 68 24 24 
21 22 68 24 24 
21 22 68 24 24 
133 21 22 68 24 24 
133 21 22 68 24 24 
133 21 22 68 24 24 
133 21 22 68 24 24 
133 21 22 68 24 24 
28 21 22 111 24 80 24 
28 21 22 111 24 80 24 
28 21 22 111 24 80 24 
81 21 22 82 24 24 
5 21 22 143 8 37 144 24 24 
133 21 22 68 24 24 
133 21 22 68 24 24 
133 21 22 68 24 24 
133 21 22 68 24 24 
21 22 468 99 24 100 24 
21 22 468 99 24 100 24 
21 22 68 24 24 
28 21 22 106 24 508 24 
28 21 22 106 24 508 24 
28 21 22 106 24 508 24 
28 21 22 106 24 508 24 
28 21 22 106 24 508 24 
28 21 22 106 24 508 24 
177 112 21 22 37 113 24 24 
5 21 22 143 8 37 144 24 24 
81 21 22 82 68 24 24 
5 21 22 143 8 37 144 24 24 
133 21 22 68 24 24 
133 21 22 68 24 24 
21 22 68 24 24 
5 21 22 143 8 37 144 24 24 
81 21 22 82 24 24 
21 22 37 24 24 
21 22 263 37 24 24 
21 22 68 24 24 
21 22 68 24 24 
328 21 22 24 24 
328 21 22 24 24 
328 21 22 24 24 
328 21 22 24 24 
328 21 22 24 24 
328 21 22 24 24 
5 21 22 143 8 37 144 24 24 
133 21 22 68 24 24 
133 21 22 68 24 24 
5 21 22 143 8 37 144 24 24 
21 22 68 24 24 
21 22 68 24 24 
21 22 68 24 24 
21 22 68 24 24 
21 22 68 24 24 
133 21 22 68 24 24 
5 21 22 143 8 37 144 24 24 
5 21 22 143 8 37 144 24 24 
133 21 22 68 24 24 
133 21 22 68 24 24 
21 22 37 24 24 
21 22 37 24 24 
133 21 22 68 24 24 
21 22 263 24 24 
5 21 22 143 8 37 144 24 24 
133 21 22 68 24 24 
133 21 22 68 24 24 
21 22 68 24 24 
5 21 22 143 8 144 24 24 
5 21 22 143 8 37 144 24 24 
5 21 22 143 8 37 144 24 24 
5 21 22 143 8 37 144 24 24 
21 22 37 24 24 
21 22 37 24 24 
21 22 37 24 24 
328 21 22 24 24 
328 21 22 24 24 
21 22 68 24 24 
21 22 68 24 24 
133 21 22 68 24 24 
133 21 22 68 24 24 
133 21 22 68 24 24 
21 22 37 24 24 
81 21 22 82 24 24 
5 21 22 143 8 37 144 24 24 
5 21 22 143 8 37 144 24 24 
5 21 22 143 8 37 144 24 24 
21 22 24 24 
21 22 37 24 24 
28 21 22 111 24 80 24 
28 21 22 111 24 80 24 
81 21 22 82 24 24 
81 21 22 82 24 24 
5 6 21 22 263 61 24 24 
133 21 22 68 24 24 
21 22 263 24 24 
81 21 22 82 24 24 
21 22 24 24 
21 22 68 24 24 
133 21 22 68 24 24 
133 21 22 68 24 24 
133 21 22 68 24 24 
133 21 22 68 24 24 
21 22 68 24 24 
133 21 22 68 24 24 
133 21 22 68 24 24 
133 21 22 68 24 24 
81 21 22 82 68 24 24 
81 21 22 82 68 24 24 
21 22 68 24 24 
21 22 68 24 24 
21 22 68 24 24 
133 21 22 68 24 24 
133 21 22 68 24 24 
133 21 22 68 24 24 
133 21 22 68 24 24 
133 21 22 68 24 24 
21 22 68 24 24 
21 22 68 24 24 
133 21 22 68 24 24 
133 21 22 68 24 24 
21 22 68 24 24 
21 22 68 24 24 
21 22 68 24 24 
21 22 68 24 24 
133 21 22 68 24 24 
133 21 22 68 24 24 
21 22 68 24 24 
133 21 22 68 24 24 
21 22 24 24 
21 22 68 24 24 
21 22 68 24 24 
133 21 22 68 24 24 
133 21 22 68 24 24 
133 21 22 68 24 24 
133 21 22 68 24 24 
133 21 22 68 24 24 
133 21 22 68 24 24 
133 21 22 68 24 24 
133 21 22 68 24 24 
133 21 22 68 24 24 
21 22 68 24 24 
21 22 68 24 24 
133 21 22 68 24 24 
133 21 22 68 24 24 
133 21 22 68 24 24 
21 22 68 24 24 
133 21 22 68 24 24 
21 22 37 24 24 
133 21 22 68 24 24 
133 21 22 68 24 24 
133 21 22 68 24 24 
133 21 22 68 24 24 
133 21 22 68 24 24 
133 21 22 68 24 24 
133 21 22 68 24 24 
133 21 22 68 24 24 
133 21 22 68 24 24 
133 21 22 68 24 24 
21 22 24 24 
133 21 22 68 24 24 
133 21 22 68 24 24 
133 21 22 68 24 24 
133 21 22 68 24 24 
21 22 68 24 24 
27 28 133 21 22 68 24 24 
21 22 68 24 24 
21 22 68 24 24 
21 22 68 24 24 
21 22 68 24 24 
21 22 263 24 24 
21 22 68 24 24 
133 21 22 68 24 24 
133 21 22 68 24 24 
81 21 22 82 24 24 
133 21 22 68 24 24 
21 22 68 24 24 
21 22 68 24 24 
133 21 22 68 24 24 
133 21 22 68 24 24 
133 21 22 68 24 24 
21 22 37 24 24 
21 22 37 24 24 
21 22 37 24 24 
21 22 37 24 24 
21 22 37 24 24 
5 21 22 143 8 37 144 24 24 
133 21 22 68 24 24 
133 21 22 68 24 24 
133 21 22 68 24 24 
133 21 22 68 24 24 
21 22 68 24 24 
21 22 68 24 24 
21 22 68 24 24 
133 21 22 68 24 24 
133 21 22 68 24 24 
133 21 22 68 24 24 
133 21 22 68 24 24 
133 21 22 68 24 24 
133 21 22 68 24 24 
133 21 22 68 24 24 
21 22 68 24 24 
133 21 22 68 24 24 
133 21 22 68 24 24 
28 21 22 111 24 80 24 
28 21 22 111 24 80 24 
133 21 22 68 24 24 
133 21 22 68 24 24 
133 21 22 68 24 24 
28 21 22 111 24 80 24 
28 21 22 111 24 80 24 
28 21 22 111 24 80 24 
28 21 22 111 24 80 24 
133 21 22 68 24 24 
133 21 22 68 24 24 
21 22 68 24 24 
28 21 22 111 24 80 24 
28 21 22 111 24 80 24 
28 21 22 111 24 80 24 
133 21 22 68 24 24 
21 22 68 24 24 
28 21 22 111 24 80 24 
133 21 22 68 24 24 
133 21 22 68 24 24 
133 21 22 68 24 24 
133 21 22 68 24 24 
133 21 22 68 24 24 
133 21 22 68 24 24 
21 22 68 24 24 
133 21 22 68 24 24 
21 22 68 24 24 
133 354 21 22 68 24 24 
81 21 22 263 82 24 24 
133 21 22 68 24 24 
21 22 263 24 24 
21 22 263 24 24 
133 21 22 68 24 24 
133 21 22 68 24 24 
133 21 22 68 24 24 
133 21 22 68 24 24 
133 21 22 68 24 24 
133 21 22 68 24 24 
81 21 22 82 24 24 
21 22 24 24 
21 22 24 24 
21 22 24 24 
21 22 24 24 
21 22 24 24 
21 22 152 24 153 24 
133 21 22 68 24 24 
133 21 22 68 24 24 
5 28 21 22 111 24 80 24 
133 21 22 68 24 24 
118 21 22 36 24 24 
21 22 68 24 24 
133 21 22 68 24 24 
133 21 22 68 24 24 
133 21 22 68 24 24 
133 21 22 68 24 24 
133 21 22 68 24 24 
133 21 22 68 24 24 
133 21 22 68 24 24 
133 21 22 68 24 24 
21 22 68 24 24 
133 21 22 68 24 24 
133 21 22 68 24 24 
28 21 22 111 24 80 24 
28 21 22 111 24 80 24 
133 21 22 68 24 24 
354 21 22 68 24 24 
133 21 22 68 24 24 
133 21 22 68 24 24 
21 22 263 24 24 
133 21 22 68 24 24 
133 21 22 68 24 24 
21 22 68 24 24 
133 21 22 68 24 24 
133 21 22 68 24 24 
133 21 22 68 24 24 
21 22 68 24 24 
354 21 22 68 24 24 
28 21 22 111 24 80 24 
21 22 263 24 24 
21 22 68 24 24 
5 6 21 24 24 
81 21 22 82 24 24 
552 21 22 99 24 362 24 
133 21 22 68 24 24 
5 21 22 143 8 37 144 24 24 
133 21 22 68 24 24 
354 21 22 68 24 24 
21 22 68 24 24 
28 21 22 111 24 80 24 
28 21 22 111 24 80 24 
28 21 22 111 24 80 24 
133 21 22 68 24 24 
21 22 68 24 24 
133 21 22 68 24 24 
354 21 22 68 24 24 
354 21 22 68 24 24 
21 22 352 99 24 100 24 
133 21 22 68 24 24 
21 22 152 24 153 24 
133 21 22 68 24 24 
133 21 22 68 24 24 
133 21 22 68 24 24 
21 22 68 24 24 
133 21 22 68 24 24 
21 22 68 24 24 
21 22 68 24 24 
21 22 263 68 24 24 
21 22 68 24 24 
21 22 68 24 24 
21 22 68 24 24 
133 21 22 68 24 24 
133 21 22 68 24 24 
133 21 22 68 24 24 
133 21 22 68 24 24 
21 22 263 24 24 
133 21 22 68 24 24 
354 21 22 68 24 24 
354 21 22 68 24 24 
354 21 22 68 24 24 
21 22 68 24 24 
5 328 21 22 24 24 
5 328 21 22 24 24 
5 328 21 22 24 24 
28 21 22 111 24 80 24 
133 21 22 68 24 24 
21 22 24 24 
21 22 24 24 
133 21 22 68 24 24 
133 21 22 68 24 24 
133 21 22 68 24 24 
21 22 24 24 
28 21 22 111 24 80 24 
5 21 22 143 8 37 144 24 24 
5 21 22 143 8 37 144 24 24 
5 21 22 143 8 37 144 24 24 
133 21 22 68 24 24 
133 21 22 68 24 24 
133 21 22 68 24 24 
354 21 22 68 24 24 
28 21 22 111 24 80 24 
133 21 22 68 24 24 
21 22 25 26 24 24 
21 22 24 24 
133 21 22 68 24 24 
133 21 22 68 24 24 
133 21 22 68 24 24 
133 21 22 68 24 24 
133 21 22 68 24 24 
133 21 22 68 24 24 
133 21 22 68 24 24 
21 22 24 24 
133 21 22 68 24 24 
21 22 37 24 24 
133 21 22 68 24 24 
28 21 22 111 24 80 24 
28 21 22 111 24 80 24 
133 21 22 68 24 24 
21 22 24 24 
28 21 22 111 24 80 24 
28 21 22 111 24 80 24 
133 21 22 68 24 24 
133 21 22 68 24 24 
133 21 22 68 24 24 
21 22 68 24 24 
133 21 22 68 24 24 
133 21 22 68 24 24 
21 22 68 24 24 
21 22 24 24 
28 21 22 111 24 80 24 
21 22 68 24 24 
21 22 68 24 24 
28 21 22 111 24 80 24 
28 21 22 111 24 80 24 
28 21 22 111 24 80 24 
28 21 22 111 24 80 24 
28 21 22 111 24 80 24 
21 22 68 24 24 
133 21 22 68 24 24 
28 21 22 111 24 80 24 
28 21 22 111 24 80 24 
133 21 22 68 24 24 
133 21 22 68 24 24 
5 62 28 6 21 22 63 111 24 80 24 
28 21 22 111 24 80 24 
133 21 22 68 24 24 
133 21 22 68 24 24 
28 21 22 111 24 80 24 
28 21 22 111 24 80 24 
133 21 22 68 24 24 
28 21 22 111 24 80 24 
133 21 22 68 24 24 
21 22 68 24 24 
28 21 22 111 24 80 24 
21 22 68 24 24 
133 21 22 68 24 24 
21 22 68 24 24 
21 22 263 24 24 
21 22 263 24 24 
28 21 22 111 24 80 24 
21 22 68 24 24 
21 22 68 24 24 
21 22 68 24 24 
21 22 68 24 24 
21 22 68 24 24 
81 21 22 82 68 24 24 
21 22 68 24 24 
21 22 68 24 24 
21 22 68 24 24 
21 22 263 24 24 
21 22 68 24 24 
21 22 68 24 24 
21 22 24 24 
28 21 22 111 24 80 24 
133 21 22 68 24 24 
21 22 436 68 24 24 
21 22 263 24 24 
21 22 68 24 24 
133 21 22 68 24 24 
133 21 22 68 24 24 
21 22 68 24 24 
133 21 22 68 24 24 
21 22 25 26 24 24 
354 21 22 68 24 24 
354 21 22 68 24 24 
133 21 22 68 24 24 
133 21 22 68 24 24 
5 6 21 22 24 24 
28 21 22 111 24 80 24 
133 21 22 68 24 24 
21 22 263 24 24 
28 21 22 111 24 80 24 
133 21 22 68 24 24 
133 21 22 68 24 24 
21 22 37 24 24 
21 22 37 24 24 
21 22 37 24 24 
21 22 37 24 24 
21 22 37 24 24 
21 22 37 24 24 
28 21 22 111 24 80 24 
28 21 22 111 24 80 24 
5 21 22 143 8 37 144 24 24 
5 21 22 143 8 37 144 24 24 
21 22 24 24 
28 21 22 111 24 80 24 
133 21 22 68 24 24 
133 21 22 68 24 24 
133 21 22 68 24 24 
133 21 22 68 24 24 
21 22 68 24 24 
5 21 22 143 8 37 144 24 24 
28 21 22 111 24 80 24 
28 21 22 111 24 80 24 
133 21 22 68 24 24 
133 21 22 68 24 24 
21 22 68 24 24 
28 21 22 111 24 80 24 
28 21 22 111 24 80 24 
21 22 24 24 
21 22 24 24 
21 22 24 24 
21 22 68 24 24 
354 21 22 68 24 24 
354 21 22 68 24 24 
28 21 22 111 24 80 24 
28 21 22 111 24 80 24 
133 21 22 68 24 24 
28 21 22 111 24 80 24 
28 21 22 111 24 80 24 
21 22 263 24 24 
28 21 22 111 24 80 24 
133 21 22 68 24 24 
133 21 22 68 24 24 
28 21 22 111 24 80 24 
28 21 22 111 24 80 24 
21 22 68 24 24 
21 22 68 24 24 
21 22 68 24 24 
133 21 22 68 24 24 
21 22 24 24 
133 21 22 68 24 24 
133 21 22 68 24 24 
21 22 68 24 24 
28 21 22 111 24 80 24 
28 21 22 111 24 80 24 
28 21 22 111 24 80 24 
133 21 22 68 24 24 
28 21 22 111 24 80 24 
133 354 21 22 68 24 24 
133 354 21 22 68 24 24 
133 354 21 22 68 24 24 
354 21 22 68 24 24 
133 21 22 68 24 24 
354 21 22 68 24 24 
21 22 263 24 24 
21 22 263 24 24 
28 21 22 111 24 80 24 
21 22 68 24 24 
21 22 68 24 24 
21 22 37 24 24 
21 22 37 24 24 
21 22 37 24 24 
133 21 22 68 24 24 
28 21 22 111 24 80 24 
21 22 68 24 24 
21 22 24 24 
21 22 68 24 24 
21 22 68 24 24 
21 22 24 24 
81 21 22 82 68 24 24 
133 21 22 68 24 24 
81 21 22 82 68 24 24 
21 22 68 24 24 
21 22 68 24 24 
133 21 22 68 24 24 
133 21 22 68 24 24 
28 21 22 111 24 80 24 
133 21 22 68 24 24 
133 21 22 68 24 24 
133 21 22 68 24 24 
21 22 68 24 24 
133 21 22 68 24 24 
133 21 22 68 24 24 
133 21 22 68 24 24 
133 21 22 68 24 24 
133 21 22 68 24 24 
133 21 22 68 24 24 
133 21 22 68 24 24 
133 21 22 68 24 24 
133 21 22 68 24 24 
81 21 22 82 68 24 24 
81 21 22 82 68 24 24 
81 21 22 82 24 24 
133 21 22 68 24 24 
354 21 22 68 24 24 
21 22 24 24 
21 22 263 24 24 
21 22 263 24 24 
354 21 22 68 24 24 
21 22 24 24 
133 21 22 68 24 24 
354 21 22 68 24 24 
21 22 68 24 24 
21 22 68 24 24 
21 22 24 24 
21 22 24 24 
21 22 24 24 
21 22 24 24 
21 22 24 24 
133 21 22 68 24 24 
28 21 22 111 24 80 24 
5 21 22 24 24 
21 22 24 24 
21 22 68 24 24 
21 22 24 24 
133 21 22 68 24 24 
28 21 22 111 24 80 24 
28 21 22 111 24 80 24 
21 22 68 24 24 
28 21 22 111 24 80 24 
28 21 22 111 24 80 24 
133 21 22 68 24 24 
354 21 22 68 24 24 
354 21 22 68 24 24 
21 22 68 24 24 
133 21 22 68 24 24 
133 21 22 68 24 24 
133 21 22 68 24 24 
133 21 22 68 24 24 
21 22 24 24 
21 22 24 24 
21 22 24 24 
21 22 24 24 
21 22 68 24 24 
354 21 22 68 24 24 
21 22 24 24 
28 21 22 111 24 80 24 
21 22 24 24 
21 22 24 24 
5 21 22 143 8 37 144 24 24 
161 21 22 24 24 
21 22 68 24 24 
21 22 24 24 
21 22 24 24 
21 22 24 24 
133 21 22 68 24 24 
133 21 22 68 24 24 
28 21 22 111 24 80 24 
21 22 24 24 
21 22 68 24 24 
133 21 22 68 24 24 
133 21 22 68 24 24 
133 21 22 68 24 24 
21 22 24 24 
354 21 22 68 24 24 
5 6 21 61 24 24 
5 6 21 61 24 24 
354 21 22 68 24 24 
28 21 22 111 24 80 24 
28 21 22 111 24 80 24 
28 21 22 111 24 80 24 
28 21 22 111 24 80 24 
28 21 22 111 24 80 24 
28 21 22 111 24 80 24 
5 21 22 143 8 37 144 24 24 
5 21 22 143 8 37 144 24 24 
5 21 22 143 8 37 144 24 24 
5 21 22 143 8 37 144 24 24 
5 21 22 143 8 37 144 24 24 
5 21 22 143 8 37 144 24 24 
5 21 22 143 8 37 144 24 24 
5 21 22 143 8 37 144 24 24 
28 21 22 111 24 80 24 
28 21 22 111 24 80 24 
21 22 68 24 24 
28 21 22 111 24 80 24 
28 21 22 111 24 80 24 
28 21 22 111 24 80 24 
21 22 24 24 
133 21 22 68 24 24 
21 22 24 24 
328 21 22 24 24 
21 22 37 24 24 
5 21 22 143 8 37 144 24 24 
21 22 68 24 24 
21 22 68 24 24 
21 22 68 24 24 
81 21 22 82 24 24 
81 21 22 82 24 24 
28 21 22 111 24 80 24 
21 24 24 
21 22 24 24 
28 21 22 111 24 80 24 
21 7 10 11 24 24 
21 22 24 24 
21 22 24 24 
21 22 24 24 
28 21 22 24 80 24 
21 22 24 24 