5 6 8 120 6 
5 6 8 120 6 
5 6 61 6 
5 6 61 6 
5 6 61 6 
5 6 61 6 
5 6 61 626 6 
5 6 6 
5 6 61 6 
5 6 61 6 
5 6 61 6 
5 6 61 6 
5 6 61 6 
5 6 61 6 
5 6 61 6 
5 6 61 6 
5 6 61 6 
5 62 6 63 6 
5 48 6 426 6 
5 6 61 6 
5 6 61 6 
5 6 61 6 
5 6 61 6 
5 6 21 22 23 24 6 
5 6 21 22 23 24 6 
5 6 23 158 6 
5 6 23 158 6 
5 6 23 158 6 
5 6 23 158 6 
5 6 23 158 6 
5 6 23 158 6 
5 6 23 158 6 
5 6 23 158 6 
5 6 23 158 6 
5 6 23 158 6 
5 6 23 158 6 
5 6 23 158 6 
5 6 23 158 6 
5 6 23 158 6 
5 6 23 158 6 
5 6 23 158 6 
5 6 23 158 6 
5 6 61 6 
5 6 25 462 61 6 
5 6 25 462 61 6 
5 6 25 462 61 6 
5 6 25 462 61 6 
5 6 25 462 61 6 
5 6 25 462 61 6 
5 6 61 6 
5 6 61 6 
5 6 61 6 
5 358 6 61 6 
5 358 6 61 6 
5 62 6 63 6 
5 6 61 6 
5 6 61 6 
5 6 61 6 
5 6 101 8 102 6 
5 6 61 6 
5 6 61 6 
5 6 61 6 
5 6 61 6 
5 6 61 6 
5 62 6 63 6 
5 62 6 63 6 
5 62 6 63 6 
5 6 384 254 36 407 6 
5 48 6 695 61 6 
5 6 21 9 37 24 6 
5 6 21 9 37 24 6 
5 6 21 9 37 24 6 
5 6 21 9 37 24 6 
5 6 21 9 37 24 6 
5 6 21 9 37 24 6 
5 6 61 6 
5 62 6 63 6 
5 62 6 63 6 
5 62 6 63 6 
5 62 6 63 6 
5 62 6 63 6 
5 6 61 6 
5 6 61 6 
5 62 6 63 6 
5 62 6 63 6 
5 62 6 63 6 
5 6 6 
5 6 61 6 
5 6 61 6 
5 62 6 31 63 6 
5 6 6 
5 6 6 
5 6 23 8 139 6 
5 6 23 8 139 6 
5 6 23 8 139 6 
5 6 23 8 139 6 
5 6 23 8 139 6 
5 6 23 8 139 6 
5 6 23 8 139 6 
5 6 23 8 139 6 
5 6 23 8 139 6 
5 6 23 8 139 6 
5 6 23 8 139 6 
5 6 23 8 139 6 
5 6 23 8 139 6 
5 6 23 8 139 6 
5 6 23 8 139 6 
5 6 23 8 139 6 
5 6 23 8 139 6 
5 6 23 8 139 6 
5 6 23 8 139 6 
5 6 23 8 139 6 
5 6 23 8 139 6 
5 6 23 8 139 6 
5 6 23 8 139 6 
5 6 23 8 139 6 
5 6 23 8 139 6 
5 6 23 8 139 6 
5 6 23 8 139 6 
5 6 23 8 139 6 
5 6 23 8 139 6 
5 6 23 8 139 6 
5 6 23 8 139 6 
5 6 23 8 139 6 
5 6 8 120 6 
5 6 8 120 6 
5 6 31 6 
5 48 6 426 6 
5 6 61 6 
5 6 61 6 
5 6 61 6 
5 27 28 6 21 6 
5 27 28 6 21 6 
5 62 6 63 6 
5 62 6 63 6 
5 62 6 63 6 
5 48 6 590 6 
5 48 6 590 6 
5 62 6 63 6 
5 62 6 63 6 
5 62 6 63 6 
5 62 6 63 6 
5 62 6 63 6 
5 62 6 63 6 
5 62 6 63 6 
5 62 6 63 6 
5 62 6 63 6 
5 62 6 63 6 
5 62 6 63 6 
5 62 6 63 6 
5 62 6 63 6 
5 62 6 63 6 
5 62 6 63 6 
5 62 6 63 6 
5 62 6 63 6 
5 62 6 63 6 
5 62 6 63 6 
5 6 374 61 6 
5 6 374 61 6 
5 62 6 63 6 
5 62 6 63 6 
5 62 6 63 6 
5 62 6 63 6 
5 62 6 63 6 
5 62 6 63 6 
5 48 6 591 6 
5 48 6 591 6 
5 6 61 6 
5 6 61 6 
5 6 61 6 
5 6 8 6 
5 62 6 63 6 
5 62 6 63 6 
5 6 61 6 
5 6 61 6 
5 6 8 573 6 
5 6 143 8 144 6 
5 6 254 36 255 6 
5 6 6 
5 6 31 6 
5 6 31 6 
5 6 31 6 
5 6 31 6 
5 6 31 6 
5 6 31 6 
5 6 31 6 
5 6 31 6 
5 6 31 6 
5 6 9 6 
5 6 61 6 
5 6 61 6 
5 6 23 139 6 
5 6 23 139 6 
5 6 23 139 6 
5 6 23 139 6 
5 6 23 139 6 
5 6 23 139 6 
5 6 23 139 6 
5 6 23 139 6 
5 6 23 139 6 
5 6 23 139 6 
5 6 23 139 6 
5 6 23 139 6 
5 6 23 139 6 
5 6 23 139 6 
5 6 23 139 6 
5 6 23 139 6 
5 6 23 139 6 
5 6 23 139 6 
5 6 9 6 
5 6 8 120 6 
5 6 8 120 6 
5 6 8 120 6 
5 6 61 6 
5 6 61 6 
5 6 61 6 
5 6 61 6 
5 6 61 6 
5 6 61 6 
5 6 61 6 
5 6 61 6 
5 6 61 6 
5 6 61 6 
5 6 61 6 
5 6 61 6 
5 6 61 6 
5 6 61 6 
5 6 61 6 
5 62 6 63 6 
5 62 6 63 6 
5 62 6 63 6 
5 6 31 6 
5 6 31 6 
5 91 6 92 61 6 
5 91 6 92 61 6 
5 91 6 92 61 6 
5 91 6 92 61 6 
5 91 6 92 61 6 
5 91 6 92 61 6 
5 91 6 92 61 6 
5 91 6 92 61 6 
5 91 6 92 61 6 
5 91 6 92 61 6 
5 91 6 92 61 6 
5 91 6 92 61 6 
5 91 6 92 61 6 
5 91 6 92 61 6 
5 62 6 63 6 
5 6 61 6 
5 62 6 63 6 
5 62 6 63 6 
5 6 61 6 
5 62 6 63 6 
5 6 61 6 
5 6 61 6 
5 6 61 6 
5 6 6 
5 6 6 
5 62 6 63 6 
5 6 6 
5 62 6 63 6 
5 6 31 6 
5 6 6 
5 62 6 63 6 
5 62 6 63 6 
5 6 444 8 6 
5 62 6 63 6 
5 6 9 6 
5 6 25 26 9 6 
5 6 6 
5 6 7 11 10 6 
5 6 61 6 
5 6 482 6 
5 48 6 583 6 
5 48 6 583 6 
5 48 6 583 6 
5 6 101 8 208 6 
5 6 61 6 
5 6 61 6 
5 6 61 6 
5 6 23 139 6 
5 6 23 139 6 
5 6 23 139 6 
5 62 6 63 6 
5 6 8 6 
5 48 6 426 6 
5 48 6 426 6 
5 6 9 6 
5 6 9 6 
5 6 374 61 6 
5 62 6 63 6 
5 62 6 63 6 
5 62 6 63 6 
5 62 6 63 6 
5 62 6 63 6 
5 62 6 63 6 
5 62 6 63 6 
5 62 6 63 6 
5 6 61 6 
5 48 6 583 6 
5 6 61 6 
5 6 61 6 
5 6 61 6 
5 6 61 6 
5 6 61 6 
5 6 61 6 
5 6 61 6 
5 6 61 6 
5 28 6 21 22 106 24 508 6 
5 6 9 6 
5 6 8 6 
5 6 61 6 
5 6 61 6 
5 6 61 6 
5 6 23 8 158 6 
5 6 23 8 158 6 
5 6 23 8 158 6 
5 6 23 8 158 6 
5 6 23 8 158 6 
5 6 23 8 158 6 
5 6 61 6 
5 594 6 243 6 
5 594 6 243 6 
5 62 6 63 6 
5 6 596 243 6 
5 6 31 6 
5 6 31 6 
5 6 31 6 
5 6 31 6 
5 6 31 6 
5 6 31 6 
5 6 61 6 
5 48 6 583 6 
5 6 61 6 
5 358 6 61 6 
5 358 6 61 6 
5 358 6 61 6 
5 6 61 6 
5 6 61 6 
5 48 6 583 6 
5 6 31 6 
5 62 6 63 6 
5 62 6 63 6 
5 62 6 63 6 
5 62 6 63 6 
5 62 6 63 6 
5 6 61 6 
5 6 61 6 
5 48 6 591 6 
5 6 61 6 
5 6 61 6 
5 6 61 6 
5 6 61 6 
5 6 61 6 
5 6 518 6 
5 6 8 6 
5 48 6 583 6 
5 6 61 6 
5 6 383 384 254 36 6 
5 48 744 6 426 6 
5 6 6 
5 6 8 6 
5 62 6 63 6 
5 62 6 63 6 
5 62 6 63 6 
5 62 6 63 6 
5 62 6 63 6 
5 62 6 63 6 
5 62 6 63 6 
5 62 6 63 6 
5 62 6 63 6 
5 62 6 63 6 
5 62 6 63 6 
5 62 6 63 6 
5 62 6 63 6 
5 62 6 63 6 
5 6 61 6 
5 6 61 6 
5 6 61 6 
5 6 61 6 
5 6 61 6 
5 6 61 6 
5 6 61 6 
5 6 61 6 
5 6 61 6 
5 62 6 63 6 
5 6 61 6 
5 6 383 384 254 36 6 
5 6 383 384 254 36 6 
5 6 383 384 254 36 6 
5 6 21 9 37 24 6 
5 6 21 9 37 24 6 
5 6 21 9 37 24 6 
5 6 21 9 37 24 6 
5 6 21 9 37 24 6 
5 6 21 9 37 24 6 
5 6 21 9 37 24 6 
5 6 21 9 37 24 6 
5 6 21 9 37 24 6 
5 6 21 9 37 24 6 
5 48 6 590 6 
5 48 6 583 6 
5 48 6 583 6 
5 358 6 61 6 
5 6 31 6 
5 6 8 120 6 
5 62 6 63 6 
5 62 6 63 6 
5 27 28 6 21 6 
5 6 61 6 
5 62 6 63 6 
5 62 6 63 6 
5 62 6 63 6 
5 62 6 63 6 
5 62 6 63 6 
5 62 6 63 6 
5 62 6 63 6 
5 62 6 63 6 
5 62 6 63 61 6 
5 6 61 6 
5 62 6 63 6 
5 62 6 63 6 
5 62 6 63 6 
5 6 61 6 
5 6 384 254 36 407 6 
5 6 384 254 36 407 6 
5 6 384 254 36 407 6 
5 27 28 6 21 6 
5 62 6 63 6 
5 6 384 254 36 407 6 
5 62 6 63 6 
5 6 61 6 
5 6 21 31 68 24 6 
5 6 384 254 36 407 6 
5 6 21 63 37 24 6 
5 358 6 61 6 
5 6 61 6 
5 6 61 6 
5 6 61 6 
5 6 23 6 
5 6 61 6 
5 48 6 61 6 
5 48 6 61 6 
5 6 597 23 6 
5 6 61 6 
5 91 6 92 6 
5 521 6 6 
5 6 61 6 
5 62 6 63 6 
5 6 61 6 
5 6 61 6 
5 358 6 61 6 
5 62 6 63 6 
5 6 61 6 
5 6 6 
5 6 61 6 
5 62 6 63 6 
5 6 6 
5 572 6 413 61 6 
5 28 6 597 21 23 79 80 6 
5 28 6 597 21 23 79 80 6 
5 6 685 686 36 130 6 
5 6 61 6 
5 6 61 6 
5 6 61 6 
5 6 6 
5 6 61 6 
5 6 61 6 
5 6 6 
5 6 61 6 
5 6 6 
5 6 6 
5 6 63 64 6 
5 6 61 6 
5 6 61 6 
5 91 6 92 23 158 6 
5 91 6 92 23 158 6 
5 62 6 63 6 
5 28 6 597 21 23 79 80 6 
5 62 6 63 61 6 
5 6 6 
5 6 384 254 36 407 6 
5 6 384 254 36 407 6 
5 6 384 254 36 407 6 
5 6 384 254 36 407 6 
5 6 384 254 36 407 6 
5 6 384 254 36 407 6 
5 6 6 
5 28 6 21 23 158 79 80 6 
5 28 6 21 23 158 79 80 6 
5 28 6 21 23 158 79 80 6 
5 6 61 6 
5 6 61 6 
5 28 6 597 21 23 79 80 6 
5 6 6 
5 6 31 6 
5 6 61 6 
5 6 61 6 
5 6 61 6 
5 6 383 384 254 36 6 
5 62 6 63 64 6 
5 6 61 6 
5 6 6 
5 6 61 745 6 
5 6 61 6 
5 6 23 158 6 
5 6 23 158 6 
5 6 23 158 6 
5 6 23 158 6 
5 6 23 158 6 
5 6 23 158 6 
5 6 23 158 6 
5 6 23 158 6 
5 6 23 8 158 6 
5 91 6 92 6 
5 62 6 63 6 
5 62 6 63 6 
5 6 36 61 130 6 
5 6 6 
5 6 384 254 36 407 6 
5 6 61 6 
5 91 6 92 6 
5 48 6 591 6 
5 6 87 6 
5 6 6 
5 171 62 6 63 162 8 172 6 
5 62 6 63 6 
5 6 6 
5 6 61 6 
5 6 23 139 6 
5 358 6 61 6 
5 6 6 
5 6 61 6 
5 6 8 6 
5 6 8 6 
5 62 6 63 6 
5 6 61 6 
5 6 61 6 
5 6 61 6 
5 6 61 6 
5 6 6 
5 6 6 
5 6 6 
5 6 6 
5 6 23 6 
5 6 61 6 
5 6 61 6 
5 6 6 
5 6 6 
5 6 6 
5 6 6 
5 6 23 158 6 
5 6 23 158 6 
5 6 23 158 6 
5 6 23 158 6 
5 6 23 158 6 
5 27 28 6 21 31 6 
5 6 61 6 
5 6 8 120 6 
5 6 31 6 
5 6 61 6 
5 6 254 23 36 255 139 6 
5 6 23 158 6 
5 6 23 158 6 
5 6 61 6 
5 48 6 598 6 
5 62 6 63 6 
5 62 6 63 6 
5 62 6 63 6 
5 62 6 63 6 
5 62 6 63 6 
5 62 6 63 6 
5 6 23 8 158 6 
5 6 23 8 158 6 
5 6 23 8 158 6 
5 6 23 8 158 6 
5 6 23 8 158 6 
5 6 23 8 158 6 
5 6 23 8 158 6 
5 6 23 8 158 6 
5 6 23 139 6 
5 6 23 139 6 
5 6 23 139 6 
5 6 23 139 6 
5 6 23 139 6 
5 6 23 139 6 
5 6 23 139 6 
5 6 23 139 6 
5 6 23 139 6 
5 6 23 139 6 
5 6 23 139 6 
5 6 23 139 6 
5 6 23 139 6 
5 6 23 139 6 
5 6 23 139 6 
5 6 8 573 6 
5 62 6 63 6 
5 62 6 63 6 
5 62 6 63 6 
5 62 6 63 6 
5 6 8 120 6 
5 6 8 120 6 
5 62 6 63 6 
5 6 384 254 36 407 6 
5 6 6 
5 6 6 
5 6 6 
5 6 6 
5 6 6 
5 6 61 6 
5 62 6 63 64 6 
5 62 6 63 64 6 
5 6 61 6 
5 521 6 6 
5 62 6 63 6 
5 62 6 63 6 
5 62 6 63 6 
5 62 6 63 6 
5 62 6 63 6 
5 62 6 63 6 
5 62 6 63 6 
5 6 61 6 
5 6 8 61 6 
5 6 8 61 6 
5 6 8 61 6 
5 6 8 61 6 
5 6 61 6 
5 6 61 6 
5 62 6 63 6 
5 62 6 63 6 
5 62 6 63 6 
5 62 6 63 6 
5 62 6 63 6 
5 6 31 6 
5 6 31 6 
5 6 61 6 
5 6 21 31 68 24 6 
5 6 21 31 68 24 6 
5 6 23 158 6 
5 6 61 6 
5 6 8 120 6 
5 6 61 6 
5 6 518 6 
5 521 6 6 
5 521 6 6 
5 6 23 139 6 
5 6 23 139 6 
5 6 23 139 6 
5 6 23 139 6 
5 6 23 139 6 
5 6 23 139 6 
5 6 23 139 6 
5 6 23 139 6 
5 6 23 139 6 
5 6 23 139 6 
5 6 23 139 6 
5 6 23 139 6 
5 6 23 139 6 
5 6 23 139 6 
5 6 23 139 6 
5 6 23 139 6 
5 6 23 139 6 
5 6 23 139 6 
5 6 23 139 6 
5 6 23 139 6 
5 6 23 139 6 
5 6 23 139 6 
5 6 23 139 6 
5 6 23 139 6 
5 6 23 139 6 
5 6 23 139 6 
5 6 23 139 6 
5 6 23 139 6 
5 6 23 139 6 
5 6 23 139 6 
5 6 23 139 6 
5 6 23 139 6 
5 6 23 139 6 
5 6 23 139 6 
5 6 23 139 6 
5 6 23 139 6 
5 6 23 139 6 
5 6 23 139 6 
5 6 23 139 6 
5 6 23 139 6 
5 6 23 139 6 
5 6 23 139 6 
5 6 23 139 6 
5 6 23 139 6 
5 6 23 139 6 
5 6 23 139 6 
5 6 23 139 6 
5 6 23 139 6 
5 6 23 139 6 
5 6 23 139 6 
5 6 23 139 6 
5 6 23 139 6 
5 6 23 139 6 
5 6 23 139 6 
5 6 23 139 6 
5 6 23 139 6 
5 6 23 139 6 
5 6 23 139 6 
5 6 23 139 6 
5 6 23 139 6 
5 6 23 139 6 
5 6 23 139 6 
5 6 23 139 6 
5 6 23 139 6 
5 6 61 6 
5 62 6 63 6 
5 62 6 63 6 
5 62 6 63 6 
5 6 9 6 
5 62 6 63 6 
5 6 8 120 6 
5 62 6 63 6 
5 62 6 63 6 
5 62 6 63 6 
5 62 6 63 6 
5 62 6 63 6 
5 62 6 63 6 
5 62 6 63 6 
5 6 6 
5 6 63 6 
5 28 6 21 6 
5 6 6 
5 6 384 254 36 407 6 
5 6 384 254 36 407 6 
5 6 384 254 36 407 6 
5 6 578 243 6 
5 6 578 243 6 
5 6 578 243 6 
5 6 578 243 6 
5 6 578 243 6 
5 6 578 243 6 
5 6 578 243 6 
5 6 578 243 6 
5 6 578 243 6 
5 6 578 243 6 
5 6 578 243 6 
5 6 578 243 6 
5 6 578 243 6 
5 6 578 243 6 
5 6 8 120 6 
5 6 61 6 
5 6 61 6 
5 62 6 63 6 
5 6 31 6 
5 6 23 158 6 
5 6 6 
5 6 6 
5 28 6 21 31 6 
5 6 31 6 
5 6 31 6 
5 48 6 6 
5 6 36 6 
5 6 61 6 
5 385 6 232 8 6 
5 6 61 6 
5 6 21 68 24 6 
5 6 8 120 6 
5 6 8 6 
5 6 21 68 24 6 
5 81 6 21 82 24 6 
5 6 36 130 6 
5 6 61 6 
5 6 61 6 
5 6 61 6 
5 6 8 6 
5 6 61 6 
5 6 61 6 
5 6 61 6 
5 6 61 6 
5 6 61 6 
5 6 384 254 36 407 6 
5 6 384 254 36 407 6 
5 48 6 6 
5 6 384 254 36 407 6 
5 6 384 254 36 407 6 
5 6 384 254 36 407 6 
5 6 384 254 36 407 6 
5 6 384 254 36 407 6 
5 6 384 254 36 407 6 
5 6 384 254 36 407 6 
5 6 384 254 36 407 6 
5 6 384 254 36 407 6 
5 6 384 254 36 407 6 
5 6 384 254 36 407 6 
5 6 384 254 36 407 6 
5 6 384 254 36 407 6 
5 6 384 254 36 407 6 
5 6 384 254 36 407 6 
5 6 384 254 36 407 6 
5 6 384 254 36 407 6 
5 6 384 254 36 407 6 
5 6 384 254 36 407 6 
5 6 384 254 36 407 6 
5 6 384 254 36 407 6 
5 6 384 254 36 407 6 
5 6 384 254 36 407 6 
5 6 384 254 36 407 6 
5 6 384 254 36 407 6 
5 6 384 254 36 407 6 
5 6 384 254 36 407 6 
5 6 384 254 36 407 6 
5 6 384 254 36 407 6 
5 6 384 254 36 407 6 
5 6 384 254 36 407 6 
5 6 384 254 36 407 6 
5 6 383 384 254 36 6 
5 6 383 384 254 36 6 
5 6 383 384 254 36 6 
5 6 383 384 254 36 6 
5 6 383 384 254 36 6 
5 6 383 384 254 36 6 
5 6 383 384 254 36 6 
5 6 383 384 254 36 6 
5 6 383 384 254 36 6 
5 6 383 384 254 36 6 
5 6 383 384 254 36 6 
5 6 384 254 36 407 6 
5 6 384 254 36 407 6 
5 6 384 254 36 407 6 
5 6 384 254 36 407 6 
5 6 384 254 36 407 6 
5 6 384 254 36 407 6 
5 6 61 6 
5 6 61 6 
5 6 61 6 
5 6 61 6 
5 6 61 6 
5 6 61 6 
5 6 61 6 
5 6 384 254 36 407 6 
5 6 384 254 36 407 6 
5 6 383 384 254 36 6 
5 6 383 384 254 36 6 
5 6 383 384 254 36 6 
5 6 383 384 254 36 6 
5 6 383 384 254 36 6 
5 6 383 384 254 36 6 
5 6 383 384 254 36 6 
5 6 383 384 254 36 6 
5 6 383 384 254 36 6 
5 6 383 384 254 36 6 
5 6 36 61 122 6 
5 6 61 6 
5 6 8 6 
5 6 31 6 
5 6 31 6 
5 6 31 6 
5 6 31 6 
5 6 6 
5 6 21 22 143 8 144 24 6 
5 6 6 
5 6 61 626 6 
5 6 61 626 6 
5 6 61 6 
5 6 61 6 
5 6 9 6 
5 6 9 6 
5 6 9 6 
5 6 9 6 
5 6 9 6 
5 6 9 6 
5 6 9 6 
5 6 9 6 
5 6 9 6 
5 6 9 6 
5 6 9 6 
5 6 9 6 
5 6 9 6 
5 6 9 6 
5 6 9 6 
5 6 9 6 
5 6 9 6 
5 6 9 6 
5 6 9 6 
5 6 31 6 
5 6 9 6 
5 6 21 31 68 24 6 
5 6 31 6 
5 6 31 6 
5 6 31 6 
5 6 31 6 
5 6 31 6 
5 6 31 6 
5 6 31 6 
5 6 21 31 68 24 6 
5 6 21 31 68 24 6 
5 6 21 31 68 24 6 
5 6 31 6 
5 6 31 6 
5 6 31 6 
5 62 6 63 64 6 
5 62 6 63 64 6 
5 6 31 6 
5 6 6 
5 6 31 6 
5 6 31 6 
5 6 31 6 
5 6 31 6 
5 6 6 
5 62 6 63 6 
5 62 6 63 6 
5 62 6 63 6 
5 62 6 63 6 
5 62 6 63 6 
5 62 6 63 6 
5 62 6 63 6 
5 62 6 63 6 
5 62 6 63 6 
5 62 6 63 6 
5 62 6 63 6 
5 62 6 63 6 
5 62 6 63 6 
5 62 6 63 6 
5 62 6 63 6 
5 62 6 63 6 
5 62 6 63 6 
5 62 6 63 6 
5 62 6 63 6 
5 62 6 63 6 
5 62 6 63 6 
5 62 6 63 6 
5 62 6 63 6 
5 62 6 63 6 
5 62 6 63 6 
5 62 6 63 6 
5 62 6 63 6 
5 62 6 63 6 
5 62 6 63 6 
5 62 6 63 6 
5 62 6 63 6 
5 62 6 63 6 
5 62 6 63 6 
5 62 6 63 6 
5 62 6 63 6 
5 62 6 63 6 
5 62 6 63 6 
5 62 6 63 6 
5 62 6 63 6 
5 62 6 63 6 
5 62 6 63 6 
5 62 6 63 6 
5 62 6 63 6 
5 62 6 63 6 
5 62 6 63 6 
5 62 6 63 6 
5 62 6 63 6 
5 62 6 63 6 
5 62 6 63 6 
5 62 6 63 6 
5 62 6 63 6 
5 62 6 63 6 
5 62 6 63 6 
5 62 6 63 8 6 
5 62 6 63 6 
5 62 6 63 6 
5 62 6 63 6 
5 62 6 63 6 
5 62 6 63 6 
5 62 6 63 6 
5 62 6 63 6 
5 62 6 63 6 
5 62 6 63 6 
5 62 6 63 6 
5 62 6 63 6 
5 62 6 63 6 
5 62 6 63 6 
5 62 6 63 6 
5 62 6 63 6 
5 62 6 63 6 
5 62 6 63 6 
5 62 6 63 6 
5 62 6 63 6 
5 62 6 63 6 
5 62 6 63 6 
5 62 6 63 6 
5 62 6 63 6 
5 62 6 63 6 
5 62 6 63 6 
5 62 6 63 6 
5 62 6 63 6 
5 62 6 63 6 
5 62 6 63 6 
5 62 6 63 6 
5 62 6 63 6 
5 62 6 63 6 
5 62 6 63 6 
5 62 6 63 6 
5 62 6 63 6 
5 62 6 63 6 
5 62 6 63 6 
5 62 6 63 6 
5 62 6 63 6 
5 62 6 63 6 
5 62 6 63 6 
5 62 6 63 6 
5 62 6 63 6 
5 62 6 63 6 
5 62 6 63 6 
5 62 6 63 6 
5 62 6 63 6 
5 62 6 63 6 
5 62 6 63 6 
5 62 6 63 6 
5 62 6 63 6 
5 62 6 63 6 
5 62 6 63 6 
5 62 6 63 6 
5 62 6 63 6 
5 62 6 63 6 
5 62 6 63 6 
5 62 6 63 6 
5 62 6 63 6 
5 62 6 63 6 
5 62 6 63 6 
5 62 6 63 6 
5 62 6 63 6 
5 62 6 63 6 
5 62 6 63 6 
5 62 6 63 6 
5 62 6 63 6 
5 62 6 63 243 6 
5 62 6 63 243 6 
5 62 6 63 243 6 
5 62 6 63 243 6 
5 62 6 63 243 6 
5 62 6 63 243 6 
5 62 6 63 243 6 
5 62 6 63 6 
5 62 6 63 6 
5 62 6 63 6 
5 62 6 63 6 
5 62 6 63 6 
5 62 6 63 6 
5 62 6 63 6 
5 62 6 63 6 
5 62 6 63 6 
5 62 6 63 6 
5 62 6 63 6 
5 62 6 63 6 
5 62 6 63 6 
5 62 6 63 6 
5 62 6 63 6 
5 62 6 63 6 
5 62 6 63 6 
5 62 6 63 6 
5 62 6 63 6 
5 62 6 63 6 
5 62 6 63 6 
5 62 6 63 6 
5 62 6 63 6 
5 62 6 63 6 
5 62 6 63 6 
5 62 6 63 6 
5 62 6 63 6 
5 62 6 63 6 
5 62 6 63 6 
5 62 6 63 6 
5 62 6 63 6 
5 62 6 63 6 
5 62 6 63 6 
5 62 6 63 6 
5 62 6 63 6 
5 62 6 63 6 
5 62 6 63 6 
5 62 6 63 6 
5 62 6 63 6 
5 62 6 63 6 
5 6 61 6 
5 6 61 6 
5 6 61 6 
5 6 61 6 
5 6 61 6 
5 6 61 6 
5 6 61 6 
5 6 61 6 
5 6 61 6 
5 6 61 6 
5 48 6 590 6 
5 62 6 63 6 
5 62 6 63 6 
5 6 8 35 6 
5 48 6 695 8 6 
5 48 6 695 8 6 
5 48 6 695 8 6 
5 6 31 6 
5 6 31 6 
5 6 31 6 
5 6 6 
5 6 6 
5 6 6 
5 6 61 6 
5 62 6 63 6 
5 62 6 63 6 
5 62 6 63 6 
5 62 6 63 6 
5 62 6 63 6 
5 62 6 63 6 
5 62 6 63 6 
5 62 6 63 6 
5 62 6 63 6 
5 62 6 63 6 
5 62 6 63 6 
5 62 6 63 6 
5 62 6 63 6 
5 62 6 63 6 
5 62 6 63 6 
5 62 6 63 6 
5 6 8 120 6 
5 6 61 6 
5 6 61 6 
5 6 61 6 
5 6 61 6 
5 6 61 6 
5 6 13 14 6 
5 6 13 14 6 
5 6 13 14 6 
5 6 578 243 6 
5 6 578 243 6 
5 6 578 243 6 
5 6 578 243 6 
5 6 578 243 6 
5 6 578 243 6 
5 6 578 243 6 
5 6 578 243 6 
5 6 578 243 6 
5 6 578 243 6 
5 6 578 243 6 
5 6 578 243 6 
5 6 578 243 6 
5 6 578 243 6 
5 6 578 243 6 
5 6 578 243 6 
5 6 578 243 6 
5 6 578 243 6 
5 6 578 243 6 
5 6 578 243 6 
5 6 578 243 6 
5 6 578 243 6 
5 6 578 243 6 
5 6 578 243 6 
5 6 578 243 6 
5 6 578 243 6 
5 6 578 243 6 
5 6 578 243 6 
5 6 578 243 6 
5 6 578 243 6 
5 6 578 243 6 
5 6 578 243 6 
5 6 578 243 6 
5 6 578 243 6 
5 6 578 243 6 
5 6 578 243 6 
5 6 578 243 6 
5 6 578 243 6 
5 6 578 243 6 
5 6 578 243 6 
5 6 578 243 6 
5 6 578 243 6 
5 6 578 243 6 
5 6 578 243 6 
5 6 578 243 6 
5 6 578 243 6 
5 6 578 243 6 
5 6 578 243 6 
5 6 578 243 6 
5 6 578 243 6 
5 6 578 243 6 
5 6 578 243 6 
5 6 578 243 6 
5 6 578 243 6 
5 6 578 243 6 
5 6 578 243 6 
5 62 6 63 6 
5 62 6 63 6 
5 62 6 63 6 
5 48 6 591 6 
5 48 6 591 6 
5 48 6 591 6 
5 48 6 598 6 
5 62 6 63 6 
5 6 61 6 
5 28 6 597 21 23 79 80 6 
5 28 6 597 21 23 79 80 6 
5 6 61 6 
5 6 6 
5 6 6 
5 6 6 
5 6 6 
5 6 6 
5 6 6 
5 6 6 
5 6 6 
5 6 6 
5 6 6 
5 6 6 
5 6 6 
5 62 6 63 6 
5 62 6 63 6 
5 62 6 63 6 
5 62 6 63 6 
5 62 6 63 6 
5 62 6 63 6 
5 62 6 63 6 
5 62 6 63 6 
5 48 6 591 6 
5 6 31 6 
5 6 23 158 6 
5 6 23 158 6 
5 6 23 158 6 
5 6 23 158 61 6 
5 6 23 158 61 6 
5 6 23 158 61 6 
5 6 23 158 61 6 
5 6 23 158 61 6 
5 6 23 158 61 6 
5 6 23 158 61 6 
5 6 23 158 61 6 
5 6 23 158 61 6 
5 6 8 120 6 
5 48 6 598 6 
5 6 8 61 6 
5 6 8 61 6 
5 48 6 598 6 
5 48 6 598 6 
5 48 6 591 6 
5 6 31 6 
5 6 23 139 6 
5 6 23 139 6 
5 6 23 139 6 
5 6 23 139 6 
5 6 23 139 6 
5 6 23 139 6 
5 6 23 139 6 
5 6 23 139 6 
5 6 23 139 6 
5 6 23 139 6 
5 6 23 139 6 
5 6 23 139 6 
5 6 23 139 6 
5 6 23 139 6 
5 6 23 139 6 
5 6 23 139 6 
5 6 23 139 6 
5 6 23 139 6 
5 6 23 139 6 
5 6 23 139 6 
5 6 23 139 6 
5 6 23 139 6 
5 6 23 139 6 
5 6 23 139 6 
5 6 23 139 6 
5 6 23 139 6 
5 6 23 139 6 
5 6 23 139 6 
5 48 6 591 6 
5 48 6 591 6 
5 48 6 591 6 
5 6 8 6 
5 48 6 426 6 
5 6 61 6 
5 6 61 6 
5 48 6 591 6 
5 6 8 6 
5 62 6 63 6 
5 62 6 63 6 
5 62 6 63 6 
5 62 6 63 6 
5 62 6 63 6 
5 62 6 63 6 
5 6 31 6 
5 6 31 6 
5 6 31 6 
5 6 6 
5 6 6 
5 6 6 
5 6 6 
5 6 21 37 24 6 
5 6 61 6 
5 6 61 6 
5 6 61 6 
5 6 61 6 
5 6 61 6 
5 6 384 254 36 61 407 6 
5 6 61 6 
5 6 31 6 
5 6 384 254 36 407 6 
5 6 384 254 36 407 6 
5 6 384 254 36 407 6 
5 48 6 598 6 
5 6 61 6 
5 6 61 6 
5 6 61 6 
5 6 61 6 
5 6 61 6 
5 62 6 159 63 36 130 6 
5 62 6 159 63 36 130 6 
5 6 6 
5 6 210 61 6 
5 6 61 6 
5 6 61 6 
5 6 61 6 
5 6 61 6 
5 6 61 6 
5 62 6 63 6 
5 62 6 63 6 
5 62 6 63 6 
5 62 6 63 6 
5 62 6 63 6 
5 62 6 63 6 
5 62 6 63 6 
5 48 6 598 6 
5 6 61 626 6 
5 6 61 626 6 
5 6 21 31 37 24 6 
5 6 61 626 6 
5 6 61 6 
5 358 6 61 6 
5 358 6 61 6 
5 358 6 61 6 
5 62 6 63 6 
5 62 6 63 6 
5 48 6 591 6 
5 6 578 243 6 
5 6 578 243 6 
5 6 578 243 6 
5 6 578 243 6 
5 6 578 243 6 
5 6 578 243 6 
5 6 578 243 6 
5 6 578 243 6 
5 6 578 243 6 
5 6 578 243 6 
5 6 578 243 6 
5 6 578 243 6 
5 6 578 243 6 
5 6 578 243 6 
5 6 578 243 6 
5 6 578 243 6 
5 6 578 243 6 
5 6 578 243 6 
5 6 578 243 6 
5 6 578 243 6 
5 6 578 243 6 
5 6 578 243 6 
5 6 578 243 6 
5 6 578 243 6 
5 6 578 243 6 
5 6 578 243 6 
5 6 578 243 6 
5 6 578 243 6 
5 6 578 243 6 
5 6 578 243 6 
5 6 578 243 6 
5 6 578 243 6 
5 6 578 243 6 
5 6 578 243 6 
5 6 578 243 6 
5 6 578 243 6 
5 6 578 243 6 
5 6 578 243 6 
5 6 578 243 6 
5 6 578 243 6 
5 6 578 243 6 
5 6 578 243 6 
5 6 578 243 6 
5 6 578 243 6 
5 6 578 243 6 
5 6 578 243 6 
5 6 578 243 6 
5 6 578 243 6 
5 6 578 243 6 
5 6 578 243 6 
5 6 578 243 6 
5 6 578 243 6 
5 6 578 243 6 
5 6 578 243 6 
5 6 578 243 6 
5 6 578 243 6 
5 6 578 243 6 
5 6 578 243 6 
5 6 578 243 6 
5 6 578 243 6 
5 6 578 243 6 
5 6 578 243 6 
5 48 6 591 6 
5 6 384 254 36 407 6 
5 6 384 254 36 407 6 
5 6 384 254 36 407 6 
5 6 384 254 36 407 6 
5 6 384 254 36 407 6 
5 62 6 63 6 
5 62 6 63 6 
5 62 6 63 6 
5 62 6 63 6 
5 48 6 598 6 
5 6 61 6 
5 62 6 63 6 
5 62 6 63 6 
5 62 6 63 6 
5 48 6 598 6 
5 6 61 6 
5 6 61 6 
5 6 61 6 
5 6 61 6 
5 6 61 6 
5 6 61 6 
5 6 61 6 
5 6 6 
5 6 6 
5 6 6 
5 6 6 
5 62 6 63 6 
5 6 503 11 10 6 
5 6 8 6 
5 62 6 63 6 
5 6 63 6 
5 6 61 6 
5 62 6 63 6 
5 62 6 63 6 
5 62 6 63 6 
5 62 6 63 6 
5 62 6 63 6 
5 62 6 63 6 
5 62 6 63 6 
5 48 6 598 6 
5 6 473 11 10 243 6 
5 6 473 11 10 243 6 
5 48 6 591 6 
5 48 6 591 6 
5 6 383 384 254 36 6 
5 6 384 254 36 407 6 
5 6 384 254 36 407 6 
5 6 384 254 36 407 6 
5 6 384 254 36 407 6 
5 6 384 254 36 407 6 
5 6 384 254 36 407 6 
5 6 384 254 36 407 6 
5 6 384 254 36 407 6 
5 6 384 254 36 407 6 
5 6 384 254 36 407 6 
5 6 384 254 36 407 6 
5 6 384 254 36 407 6 
5 6 384 254 36 407 6 
5 6 384 254 36 407 6 
5 6 384 254 36 407 6 
5 6 384 254 36 407 6 
5 6 23 139 6 
5 6 23 139 6 
5 6 23 139 6 
5 6 23 139 6 
5 6 23 139 6 
5 6 23 139 6 
5 6 23 139 6 
5 6 61 6 
5 48 6 591 6 
5 6 61 6 
5 62 6 63 6 
5 62 6 63 6 
5 62 6 63 6 
5 62 6 63 6 
5 62 6 63 6 
5 6 31 6 
5 6 31 6 
5 6 31 6 
5 6 31 6 
5 6 31 6 
5 6 31 6 
5 6 31 6 
5 6 31 6 
5 62 6 63 6 
5 62 6 63 6 
5 62 6 63 6 
5 62 6 63 6 
5 62 6 63 6 
5 62 6 63 6 
5 62 6 63 6 
5 62 6 63 6 
5 62 6 63 6 
5 62 6 63 6 
5 62 6 63 6 
5 62 6 63 6 
5 62 6 63 6 
5 62 6 63 6 
5 62 6 63 6 
5 62 6 63 8 6 
5 62 6 63 6 
5 62 6 63 6 
5 62 6 63 6 
5 62 6 63 6 
5 48 6 598 6 
5 6 459 8 23 139 6 
5 6 459 8 23 139 6 
5 6 459 8 23 139 6 
5 6 459 8 23 139 6 
5 28 6 21 23 139 79 80 6 
5 48 6 591 6 
5 48 6 591 6 
5 6 61 6 
5 6 61 6 
5 6 383 384 254 36 6 
5 62 6 63 6 
5 62 6 63 6 
5 62 6 63 6 
5 62 6 63 6 
5 62 6 63 522 6 
5 62 6 63 6 
5 62 6 63 6 
5 6 8 120 6 
5 6 6 
5 6 210 61 6 
5 118 6 132 36 61 6 
5 6 384 254 36 407 6 
5 6 384 254 36 407 6 
5 6 384 254 36 407 6 
5 6 8 120 6 
5 6 384 254 36 407 6 
5 6 8 156 144 6 
5 62 6 63 522 6 
5 62 6 63 522 6 
5 6 61 6 
5 62 6 63 522 6 
5 62 6 63 6 
5 62 6 63 6 
5 6 8 120 6 
5 6 6 
5 6 61 6 
5 27 28 6 21 63 522 6 
5 62 6 63 522 6 
5 62 6 63 522 6 
5 6 61 6 
5 6 384 254 36 407 6 
5 6 384 254 36 407 6 
5 6 384 254 36 407 6 
5 6 384 254 36 407 6 
5 6 384 254 36 407 6 
5 6 384 254 36 407 6 
5 6 384 254 36 407 6 
5 6 384 254 36 407 6 
5 62 6 63 522 6 
5 62 6 63 6 
5 62 6 63 6 
5 62 6 63 23 158 6 
5 62 6 63 522 6 
5 6 61 6 
5 6 61 6 
5 6 21 6 
5 6 61 6 
5 358 6 61 6 
5 91 6 92 6 
5 6 61 626 6 
5 6 6 
5 6 6 
5 91 6 92 6 
5 27 28 6 21 6 
5 27 28 6 21 6 
5 6 36 130 6 
5 6 36 130 6 
5 62 6 63 6 
5 62 6 63 6 
5 62 6 63 6 
5 6 210 61 6 
5 6 210 61 6 
5 6 210 61 6 
5 6 6 
5 6 8 573 6 
5 358 6 61 6 
5 62 6 63 6 
5 6 61 626 6 
5 6 6 
5 62 6 63 6 
5 6 383 384 254 36 6 
5 6 383 384 254 36 6 
5 6 383 384 254 36 6 
5 6 383 384 254 36 6 
5 6 383 384 254 36 6 
5 6 383 384 254 36 6 
5 6 383 384 254 36 6 
5 6 61 6 
5 6 61 6 
5 6 61 6 
5 6 61 6 
5 62 6 63 6 
5 62 6 63 6 
5 62 6 63 6 
5 6 6 
5 6 63 64 6 
5 6 63 64 6 
5 6 63 64 6 
5 6 63 64 6 
5 6 63 64 6 
5 6 63 64 6 
5 62 6 63 6 
5 6 61 6 
5 6 61 6 
5 6 61 6 
5 6 61 6 
5 6 61 6 
5 6 61 6 
5 6 61 6 
5 6 61 6 
5 6 31 6 
5 6 61 6 
5 6 13 61 6 
5 6 61 6 
5 6 61 6 
5 6 61 6 
5 6 23 139 6 
5 6 23 139 6 
5 6 23 139 6 
5 6 23 139 6 
5 6 23 139 6 
5 6 23 139 6 
5 6 23 139 6 
5 62 6 63 6 
5 62 6 63 6 
5 6 8 6 
5 6 8 573 6 
5 48 6 426 6 
5 6 61 6 
5 6 61 6 
5 6 61 6 
5 6 61 6 
5 62 6 63 6 
5 6 210 61 6 
5 6 23 6 
5 6 23 6 
5 6 23 6 
5 6 23 6 
5 6 23 6 
5 6 23 6 
5 6 23 6 
5 6 23 6 
5 6 23 6 
5 6 23 6 
5 6 23 6 
5 6 23 6 
5 6 23 6 
5 6 23 6 
5 6 23 6 
5 6 23 6 
5 6 23 6 
5 6 23 6 
5 6 23 6 
5 6 23 6 
5 6 23 158 61 6 
5 6 383 384 254 36 6 
5 62 6 63 6 
5 62 6 63 6 
5 6 8 61 6 
5 6 23 139 6 
5 6 23 139 6 
5 6 23 139 6 
5 6 23 139 6 
5 6 23 139 6 
5 6 23 139 6 
5 6 23 139 6 
5 6 23 139 6 
5 6 23 139 6 
5 6 23 139 6 
5 6 23 139 6 
5 6 23 139 6 
5 6 23 139 6 
5 6 23 139 6 
5 6 23 139 6 
5 6 23 139 6 
5 6 23 139 6 
5 6 23 139 6 
5 6 23 139 6 
5 6 23 139 6 
5 6 23 139 6 
5 6 23 139 6 
5 6 23 139 6 
5 62 6 63 6 
5 62 6 63 6 
5 6 61 6 
5 62 6 63 6 
5 6 8 35 6 
5 6 63 64 6 
5 6 61 6 
5 169 6 162 170 8 61 6 
5 6 23 61 6 
5 6 23 61 6 
5 6 61 6 
5 6 61 6 
5 62 6 63 6 
5 62 6 63 6 
5 62 6 63 6 
5 48 6 695 6 
5 6 61 6 
5 6 23 8 158 6 
5 6 23 8 158 6 
5 6 23 8 158 6 
5 6 383 384 254 36 6 
5 6 6 
5 6 6 
5 6 6 
5 62 6 63 6 
5 62 6 63 6 
5 62 6 63 6 
5 62 6 63 6 
5 62 6 63 6 
5 6 61 6 
5 6 383 384 254 36 6 
5 6 384 254 36 407 6 
5 6 384 254 36 407 6 
5 6 384 254 36 407 6 
5 6 384 254 36 407 6 
5 6 384 254 36 407 6 
5 6 384 254 36 407 6 
5 6 384 254 36 407 6 
5 6 384 254 36 407 6 
5 6 384 254 36 407 6 
5 6 384 254 36 407 6 
5 62 6 63 6 
5 62 6 63 6 
5 62 6 63 6 
5 62 6 63 6 
5 6 36 61 122 6 
5 6 436 6 
5 6 61 6 
5 6 61 6 
5 62 6 63 6 
5 62 6 63 6 
5 62 6 63 6 
5 62 6 63 6 
5 62 6 63 6 
5 62 6 63 6 
5 62 6 63 6 
5 62 6 63 6 
5 62 6 63 6 
5 62 6 63 6 
5 62 6 63 6 
5 62 6 63 6 
5 62 6 63 6 
5 62 6 63 6 
5 62 6 63 6 
5 62 6 63 6 
5 62 6 63 6 
5 62 6 63 6 
5 62 6 63 6 
5 62 6 63 6 
5 62 6 63 6 
5 62 6 63 6 
5 62 6 63 6 
5 62 6 63 6 
5 62 6 63 6 
5 62 6 63 6 
5 62 6 63 6 
5 6 21 22 24 6 
5 62 6 63 6 
5 62 6 63 6 
5 62 6 63 6 
5 6 23 139 6 
5 6 384 254 36 407 6 
5 6 23 139 6 
5 6 23 139 6 
5 6 8 6 
5 6 23 6 
5 62 6 63 283 6 
5 62 6 63 283 6 
5 62 6 63 6 
5 6 6 
5 6 6 
5 358 6 61 6 
5 358 6 61 6 
5 6 23 139 6 
5 6 8 6 
5 6 8 6 
5 6 8 6 
5 6 8 6 
5 62 6 63 6 
5 62 6 63 6 
5 6 6 
5 6 61 6 
5 6 23 6 
5 6 23 6 
5 6 23 6 
5 6 23 6 
5 6 23 6 
5 6 23 6 
5 6 23 6 
5 6 23 6 
5 6 23 6 
5 6 61 6 
5 62 6 63 6 
5 6 6 
5 6 6 
5 6 8 6 
5 6 61 6 
5 6 61 6 
5 6 61 6 
5 6 63 64 6 
5 6 21 22 24 6 
5 6 384 254 36 407 6 
5 6 384 254 36 407 6 
5 6 384 254 36 407 6 
5 6 61 6 
5 6 61 6 
5 6 61 6 
5 6 8 61 6 
5 6 8 61 6 
5 6 8 61 6 
5 6 8 61 6 
5 6 8 61 6 
5 6 8 61 6 
5 6 8 61 6 
5 6 8 61 6 
5 6 8 61 6 
5 6 8 61 6 
5 6 8 61 6 
5 6 8 61 6 
5 358 6 61 6 
5 358 6 61 6 
5 358 6 61 6 
5 358 6 61 6 
5 358 6 61 6 
5 358 6 61 6 
5 358 6 61 6 
5 6 6 
5 6 23 139 6 
5 6 61 6 
5 358 6 61 6 
5 358 6 61 6 
5 358 6 61 6 
5 6 383 384 254 36 6 
5 62 6 63 64 6 
5 62 6 63 64 6 
5 62 6 63 64 6 
5 62 6 63 6 
5 6 61 6 
5 6 61 6 
5 6 61 6 
5 6 61 6 
5 6 210 61 6 
5 6 6 
5 62 6 63 6 
5 28 6 21 23 139 79 80 6 
5 133 6 21 384 254 36 68 407 24 6 
5 171 62 6 63 162 8 172 6 
5 6 6 
5 62 6 63 6 
5 62 6 63 6 
5 6 8 6 
5 6 6 
5 6 518 6 
5 6 482 6 
5 6 482 6 
5 6 482 6 
5 6 482 6 
5 62 6 63 6 
5 62 6 63 6 
5 62 6 63 6 
5 62 6 63 6 
5 6 21 31 37 24 6 
5 62 28 6 21 63 6 
5 6 23 139 6 
5 6 23 139 6 
5 6 23 139 6 
5 6 23 139 6 
5 6 23 139 6 
5 6 23 139 6 
5 6 23 139 6 
5 6 23 139 6 
5 6 23 139 6 
5 6 23 139 6 
5 6 23 139 6 
5 6 23 139 6 
5 6 23 139 6 
5 6 23 139 6 
5 6 23 139 6 
5 6 23 139 6 
5 6 23 139 6 
5 6 23 139 6 
5 6 13 14 6 
5 6 13 14 6 
5 6 13 14 6 
5 6 482 6 
5 6 482 6 
5 6 482 6 
5 6 482 6 
5 6 384 254 36 407 6 
5 6 384 254 36 407 6 
5 6 384 254 36 407 6 
5 6 61 6 
5 6 61 6 
5 62 6 63 6 
5 6 87 6 
5 6 23 6 
5 6 6 
5 6 6 
5 62 6 63 6 
5 62 6 63 6 
5 6 61 6 
5 6 61 6 
5 6 61 6 
5 6 61 6 
5 6 384 254 36 407 6 
5 6 384 254 36 407 6 
5 6 61 6 
5 6 23 158 61 6 
5 6 23 158 61 6 
5 6 23 158 61 6 
5 6 23 158 61 6 
5 6 23 158 61 6 
5 6 23 158 61 6 
5 6 23 158 61 6 
5 6 23 158 61 6 
5 6 23 158 61 6 
5 62 6 63 6 
5 6 23 8 158 6 
5 6 23 8 158 6 
5 6 23 8 158 6 
5 6 23 8 139 6 
5 6 23 8 139 6 
5 6 23 8 139 6 
5 6 21 22 24 6 
5 6 21 22 24 6 
5 6 384 254 36 407 6 
5 6 384 254 36 407 6 
5 6 384 254 36 407 6 
5 6 23 139 6 
5 6 23 139 6 
5 6 23 139 6 
5 6 23 158 6 
5 6 23 158 6 
5 6 23 158 6 
5 48 6 695 8 6 
5 62 6 63 6 
5 62 6 63 6 
5 62 6 63 6 
5 62 6 63 6 
5 62 6 63 6 
5 62 6 63 6 
5 62 6 63 6 
5 62 6 63 6 
5 62 6 63 6 
5 62 6 63 6 
5 62 6 63 6 
5 62 6 63 6 
5 62 6 63 6 
5 62 6 63 6 
5 62 6 63 6 
5 62 6 63 6 
5 6 374 61 6 
5 6 374 61 6 
5 6 6 
5 6 383 384 254 8 36 6 
5 6 383 384 254 8 36 6 
5 6 383 384 254 8 36 6 
5 28 6 21 23 139 79 80 6 
5 28 6 21 23 139 79 80 6 
5 6 597 23 61 6 
5 62 6 63 6 
5 6 383 384 254 36 407 6 
5 28 6 597 21 23 79 80 6 
5 28 6 597 21 23 79 80 6 
5 28 6 597 21 23 79 80 6 
5 28 6 597 21 23 79 80 6 
5 28 6 597 21 23 79 80 6 
5 28 6 597 21 23 79 80 6 
5 28 6 597 21 23 79 80 6 
5 28 6 597 21 23 79 80 6 
5 28 6 597 21 23 79 80 6 
5 28 6 597 21 23 79 80 6 
5 28 6 597 21 23 79 80 6 
5 28 6 597 21 23 79 80 6 
5 28 6 597 21 23 79 80 6 
5 28 6 597 21 23 79 80 6 
5 28 6 597 21 23 79 80 6 
5 28 6 597 21 23 79 80 6 
5 28 6 597 21 23 79 80 6 
5 28 6 597 21 23 79 80 6 
5 6 23 8 158 6 
5 6 578 243 6 
5 6 578 243 6 
5 6 578 243 6 
5 6 61 6 
5 6 23 8 158 6 
5 6 597 23 6 
5 6 23 158 6 
5 6 23 158 6 
5 6 597 23 6 
5 6 23 139 6 
5 6 61 6 
5 6 61 6 
5 6 61 6 
5 62 6 63 6 
5 62 6 63 6 
5 6 6 
5 62 6 63 6 
5 62 6 63 6 
5 62 6 63 6 
5 6 23 61 6 
5 6 23 139 6 
5 62 6 63 6 
5 6 61 6 
5 6 31 6 
5 48 6 6 
5 6 61 6 
5 6 6 
5 6 6 
5 6 383 384 254 36 6 
5 6 63 64 6 
5 6 63 64 6 
5 6 63 64 6 
5 6 61 6 
5 6 61 6 
5 62 6 63 6 
5 6 6 
5 6 6 
5 6 6 
5 6 6 
5 6 6 
5 6 6 
5 6 6 
5 6 6 
5 6 6 
5 6 6 
5 6 6 
5 6 23 142 36 139 6 
5 6 6 
5 6 384 254 36 484 6 
5 6 597 23 6 
5 6 61 6 
5 6 61 6 
5 6 61 6 
5 6 384 254 36 407 6 
5 6 61 6 
5 6 8 6 
5 6 8 6 
5 6 61 6 
5 6 8 6 
5 6 6 
5 6 61 6 
5 358 62 6 63 61 6 
5 358 62 6 63 61 6 
5 6 383 384 254 36 6 
5 6 383 384 254 36 6 
5 6 597 23 139 6 
5 6 31 6 
5 6 61 6 
5 62 28 6 21 63 6 
5 6 6 
5 6 6 
5 62 6 63 6 
5 6 23 8 158 6 
5 6 23 139 6 
5 6 23 139 6 
5 6 8 61 6 
5 6 61 6 
5 62 6 63 6 
5 6 61 6 
5 6 23 139 6 
5 6 23 139 6 
5 6 23 139 6 
5 6 23 139 6 
5 6 23 139 6 
5 6 23 139 6 
5 6 23 139 6 
5 62 6 63 6 
5 6 61 6 
5 6 23 158 61 6 
5 6 23 158 61 6 
5 6 23 158 61 6 
5 6 61 6 
5 6 61 6 
5 6 8 6 
5 62 6 63 6 
5 62 6 63 6 
5 62 6 63 6 
5 62 6 63 6 
5 62 6 63 6 
5 62 6 63 6 
5 62 6 63 6 
5 62 6 63 6 
5 62 6 63 6 
5 62 6 63 6 
5 62 6 63 6 
5 62 6 63 6 
5 62 6 63 6 
5 62 6 63 6 
5 6 61 6 
5 6 8 6 
5 6 8 142 36 6 
5 6 23 139 6 
5 6 23 139 6 
5 6 61 6 
5 6 210 61 6 
5 6 8 6 
5 91 6 92 6 
5 91 6 92 6 
5 747 6 61 6 
5 28 6 21 23 139 79 80 6 
5 6 61 6 
5 6 61 6 
5 6 61 6 
5 28 6 597 21 23 79 80 6 
5 28 6 597 21 23 79 80 6 
5 28 6 597 21 23 79 80 6 
5 6 8 61 6 
5 6 61 6 
5 6 23 139 6 
5 6 384 254 36 407 6 
5 6 6 
5 6 23 139 6 
5 28 6 597 21 23 79 80 6 
5 28 6 597 21 23 79 80 6 
5 28 6 597 21 23 79 80 6 
5 28 6 21 23 139 79 80 6 
5 6 61 6 
5 6 8 35 6 
5 6 8 35 6 
5 6 8 35 6 
5 6 8 35 6 
5 6 8 35 6 
5 6 8 35 6 
5 6 8 35 6 
5 6 61 6 
5 6 36 122 6 
5 62 6 63 6 
5 62 6 63 6 
5 6 61 6 
5 6 61 6 
5 6 23 158 6 
5 6 6 
5 6 384 254 36 407 6 
5 6 9 6 
5 62 6 63 6 
5 6 23 6 
5 6 383 384 254 8 36 6 
5 6 389 390 672 6 
5 62 6 63 6 
5 6 61 6 
5 91 521 6 92 6 
5 747 6 61 6 
5 28 6 21 23 139 79 80 6 
5 28 6 21 23 139 79 80 6 
5 62 6 63 6 
5 358 6 61 6 
5 6 6 
5 6 383 384 254 36 6 
5 48 6 6 
5 6 748 61 6 
5 6 61 6 
5 48 6 591 6 
5 6 23 158 6 
5 6 61 6 
5 28 6 597 21 23 79 80 6 
5 28 6 597 21 23 79 80 6 
5 28 6 21 23 139 79 80 6 
5 62 6 63 64 6 
5 27 28 6 21 6 
5 6 31 6 
5 6 31 6 
5 6 31 6 
5 6 31 6 
5 6 31 6 
5 6 31 6 
5 6 8 120 6 
5 62 6 63 6 
5 62 6 63 6 
5 62 6 63 6 
5 62 6 63 6 
5 62 6 63 6 
5 62 6 63 6 
5 62 6 63 6 
5 27 28 6 21 533 6 
5 6 384 254 36 407 6 
5 6 383 384 254 36 6 
5 6 23 8 158 6 
5 6 61 6 
5 62 6 63 6 
5 6 142 36 6 
5 6 61 6 
5 6 61 6 
5 6 374 61 6 
5 6 61 6 
5 6 6 
5 171 6 162 8 172 6 
5 6 23 139 6 
5 6 23 139 6 
5 6 6 
5 6 6 
5 6 6 
5 6 61 6 
5 6 21 22 68 24 6 
5 6 6 
5 6 61 6 
5 6 23 6 
5 6 61 6 
5 27 28 6 21 546 6 
5 6 61 6 
5 6 61 6 
5 6 383 384 254 36 6 
5 747 6 61 6 
5 6 8 120 6 
5 6 23 8 158 6 
5 6 384 254 36 407 6 
5 6 61 6 
5 62 6 63 6 
5 62 6 63 6 
5 6 384 254 36 407 6 
5 62 6 63 6 
5 6 383 384 254 36 6 
5 62 6 63 6 
5 358 6 61 6 
5 6 6 
5 6 23 139 6 
5 6 597 23 6 
5 6 36 130 6 
5 6 23 6 
5 6 61 6 
5 6 61 6 
5 6 63 61 6 
5 6 6 
5 6 61 6 
5 6 61 6 
5 6 61 6 
5 6 61 6 
5 6 384 254 36 407 6 
5 6 63 64 6 
5 358 6 61 6 
5 358 6 61 6 
5 6 61 6 
5 6 61 6 
5 6 61 6 
5 627 6 21 628 22 24 6 
5 62 6 63 6 
5 6 61 6 
5 6 61 6 
5 6 61 6 
5 6 383 384 254 36 6 
5 747 6 61 6 
5 6 6 
5 6 61 6 
5 6 384 254 36 407 6 
5 6 61 6 
5 6 61 6 
5 6 61 6 
5 6 61 6 
5 6 63 64 6 
5 6 384 254 36 407 6 
5 6 8 61 6 
5 62 6 63 6 
5 62 6 63 6 
5 6 36 130 6 
5 62 6 63 6 
5 6 6 
5 6 61 6 
5 6 61 6 
5 6 61 6 
5 6 23 139 6 
5 6 23 139 6 
5 6 61 6 
5 62 6 63 6 
5 6 6 
5 6 6 
5 6 6 
5 91 6 92 6 
5 6 61 6 
5 6 61 6 
5 6 61 6 
5 6 23 139 6 
5 6 23 139 6 
5 6 23 139 6 
5 6 31 6 
5 6 7 11 10 6 
5 6 61 6 
5 6 384 254 36 407 6 
5 6 25 462 6 
5 747 6 61 6 
5 6 61 6 
5 6 6 
5 6 6 
5 6 23 142 36 6 
5 27 28 6 21 6 
5 6 23 139 6 
5 6 23 139 6 
5 6 6 
5 6 6 
5 6 23 139 6 
5 6 9 6 
5 358 6 61 6 
5 62 6 63 6 
5 358 6 61 6 
5 6 63 64 6 
5 6 63 64 6 
5 6 61 6 
5 6 383 384 254 36 6 
5 6 61 6 
5 28 6 597 21 23 79 80 6 
5 28 6 597 21 23 79 80 6 
5 6 61 6 
5 6 61 6 
5 6 61 6 
5 6 31 6 
5 62 6 63 6 
5 6 6 
5 358 6 61 6 
5 6 61 6 
5 6 61 6 
5 6 61 6 
5 62 6 63 6 
5 6 6 
5 6 61 6 
5 6 23 158 6 
5 6 61 6 
5 6 8 6 
5 6 8 6 
5 6 8 6 
5 6 6 
5 6 142 36 6 
5 6 61 6 
5 6 384 254 36 484 6 
5 6 61 6 
5 6 31 6 
5 230 6 383 384 254 36 11 10 253 125 6 
5 6 6 
5 6 6 
5 747 6 8 61 6 
5 6 384 254 36 407 6 
5 6 61 6 
5 6 61 6 
5 6 23 139 6 
5 6 61 6 
5 6 61 6 
5 6 21 31 68 24 6 
5 6 36 130 6 
5 6 36 130 6 
5 6 61 6 
5 6 61 6 
5 358 6 61 6 
5 6 61 6 
5 6 61 6 
5 6 61 6 
5 6 9 6 
5 572 6 413 61 6 
5 6 61 6 
5 6 23 6 
5 6 23 6 
5 6 31 6 
5 6 61 6 
5 6 61 6 
5 6 384 383 254 36 484 6 
5 62 6 63 6 
5 6 9 6 
5 6 9 6 
5 6 9 6 
5 6 9 6 
5 6 9 6 
5 6 9 6 
5 6 9 6 
5 6 9 6 
5 6 9 6 
5 6 380 8 6 
5 6 6 
5 91 6 92 61 6 
5 91 6 92 61 6 
5 6 31 6 
5 6 61 6 
5 62 6 63 6 
5 62 6 63 6 
5 6 61 6 
5 28 6 597 21 23 79 80 6 
5 28 6 597 21 23 79 80 6 
5 6 61 6 
5 6 31 6 
5 62 6 63 6 
5 6 61 6 
5 6 61 6 
5 6 61 6 
5 6 36 130 6 
5 6 61 6 
5 6 8 61 6 
5 358 6 61 6 
5 6 23 61 139 6 
5 6 23 61 139 6 
5 6 61 6 
5 6 61 6 
5 6 61 6 
5 6 61 6 
5 6 61 6 
5 6 61 6 
5 62 6 63 6 
5 6 9 6 
5 171 62 6 63 162 8 172 6 
5 6 9 6 
5 6 210 61 6 
5 6 61 6 
5 6 374 61 6 
5 6 374 61 6 
5 6 374 61 6 
5 6 374 61 6 
5 6 374 61 6 
5 6 374 61 6 
5 6 374 61 6 
5 6 374 61 6 
5 6 374 61 6 
5 6 374 61 6 
5 6 374 61 6 
5 6 374 61 6 
5 6 61 6 
5 6 6 
5 6 6 
5 6 6 
5 6 6 
5 6 6 
5 6 6 
5 6 6 
5 6 6 
5 6 61 6 
5 6 6 
5 6 6 
5 6 6 
5 6 6 
5 6 6 
5 6 6 
5 6 6 
5 6 6 
5 6 6 
5 6 6 
5 6 6 
5 6 6 
5 6 6 
5 6 61 6 
5 6 61 6 
5 6 61 6 
5 6 61 6 
5 6 61 6 
5 6 61 6 
5 6 61 6 
5 6 61 6 
5 6 23 8 6 
5 6 23 6 
5 6 23 139 6 
5 6 23 139 6 
5 6 61 6 
5 6 61 6 
5 6 142 36 6 
5 62 6 63 6 
5 6 61 6 
5 6 6 
5 6 61 6 
5 6 384 254 36 407 6 
5 6 384 254 36 407 6 
5 6 384 254 36 407 6 
5 6 384 254 36 407 6 
5 6 61 6 
5 62 6 63 6 
5 6 8 6 
5 6 61 6 
5 6 61 6 
5 6 61 6 
5 6 61 6 
5 62 6 63 61 6 
5 62 6 63 61 6 
5 6 6 
5 6 61 6 
5 6 31 6 
5 6 6 
5 6 6 
5 6 6 
5 6 6 
5 6 6 
5 6 6 
5 6 6 
5 62 6 63 522 6 
5 6 61 6 
5 6 61 6 
5 6 61 6 
5 49 6 25 61 6 
5 6 61 6 
5 6 61 6 
5 6 61 6 
5 6 61 6 
5 6 61 6 
5 6 6 
5 6 61 6 
5 6 210 61 6 
5 6 210 61 6 
5 6 61 6 
5 6 61 6 
5 6 36 61 6 
5 6 36 61 6 
5 6 36 61 6 
5 6 36 61 6 
5 6 36 61 6 
5 6 36 61 6 
5 6 36 61 6 
5 6 36 61 6 
5 6 36 61 6 
5 6 36 61 6 
5 6 36 61 6 
5 6 36 61 6 
5 6 36 61 6 
5 6 36 61 6 
5 6 36 61 6 
5 6 36 61 6 
5 6 36 61 6 
5 6 36 61 6 
5 6 36 61 6 
5 6 36 61 6 
5 6 36 61 6 
5 6 23 139 6 
5 6 23 139 6 
5 6 23 139 6 
5 62 6 63 6 
5 62 6 63 6 
5 62 27 28 6 21 63 6 
5 62 27 28 6 21 63 6 
5 62 27 28 6 21 63 6 
5 27 28 6 21 63 618 61 6 
5 6 8 6 
5 27 28 6 21 63 618 599 36 6 
5 62 6 63 6 
5 62 6 63 6 
5 62 6 63 6 
5 6 61 6 
5 6 61 6 
5 6 21 63 6 
5 6 383 384 254 36 6 
5 6 383 384 254 36 6 
5 6 383 384 254 36 6 
5 6 383 384 254 36 6 
5 6 383 384 254 36 6 
5 472 109 28 6 21 80 6 
5 6 61 6 
5 6 61 6 
5 6 61 6 
5 6 61 6 
5 6 31 6 
5 6 8 6 
5 6 6 
5 62 6 63 6 
5 62 6 63 6 
5 62 6 63 6 
5 62 6 21 22 63 24 6 
5 62 6 21 22 63 24 6 
5 6 210 61 6 
5 6 23 158 6 
5 6 31 6 
5 6 383 384 254 36 6 
5 6 383 384 254 36 6 
5 6 383 384 254 36 6 
5 6 383 384 254 36 6 
5 62 6 63 6 
5 6 61 6 
5 6 61 6 
5 6 61 6 
5 62 6 63 6 
5 6 383 384 254 36 6 
5 6 383 384 254 36 6 
5 6 383 384 254 36 6 
5 6 383 384 254 36 6 
5 6 383 384 254 36 6 
5 6 383 384 254 36 6 
5 6 383 384 254 36 6 
5 6 61 6 
5 6 61 6 
5 6 61 6 
5 6 61 6 
5 6 61 6 
5 6 61 6 
5 6 61 6 
5 62 6 63 6 
5 62 6 63 6 
5 6 210 61 6 
5 6 210 61 6 
5 6 6 
5 6 6 
5 6 6 
5 6 6 
5 6 6 
5 6 6 
5 6 6 
5 6 374 61 6 
5 62 6 63 6 
5 62 6 63 6 
5 62 6 63 6 
5 62 6 63 6 
5 6 8 6 
5 6 6 
5 62 6 63 6 
5 118 6 23 132 36 6 
5 6 23 139 6 
5 6 23 139 6 
5 6 23 139 6 
5 6 23 139 6 
5 6 23 139 6 
5 6 23 139 6 
5 6 23 139 6 
5 6 23 139 6 
5 6 61 6 
5 6 61 6 
5 6 61 6 
5 62 6 63 6 
5 6 25 462 61 6 
5 6 25 462 61 6 
5 6 61 6 
5 6 6 
5 6 6 
5 6 384 254 36 407 6 
5 6 384 254 36 407 6 
5 6 384 254 36 407 6 
5 6 383 384 254 36 6 
5 6 383 384 254 36 6 
5 6 61 6 
5 6 31 6 
5 6 6 
5 6 374 61 6 
5 6 61 6 
5 6 61 6 
5 62 6 63 6 
5 62 6 63 6 
5 62 6 63 6 
5 62 6 63 6 
5 62 6 63 6 
5 62 6 63 6 
5 62 6 63 6 
5 62 6 63 6 
5 62 6 63 6 
5 62 6 63 6 
5 62 6 63 6 
5 62 6 63 6 
5 62 6 63 6 
5 62 6 63 6 
5 62 6 63 6 
5 62 6 63 6 
5 62 6 63 6 
5 6 61 6 
5 6 61 6 
5 6 61 6 
5 6 61 6 
5 6 61 6 
5 28 6 21 23 139 79 80 6 
5 6 61 6 
5 6 61 6 
5 6 61 6 
5 6 8 61 6 
5 6 23 8 158 6 
5 6 23 8 158 6 
5 6 61 6 
5 6 61 6 
5 6 23 6 
5 6 23 6 
5 6 23 6 
5 6 23 6 
5 6 61 6 
5 6 61 6 
5 6 25 26 61 626 6 
5 6 9 6 
5 27 28 6 21 22 24 6 
5 6 61 6 
5 6 384 254 36 407 6 
5 62 6 63 6 
5 62 6 63 6 
5 62 6 63 6 
5 62 6 63 6 
5 62 6 63 6 
5 6 61 6 
5 62 6 63 6 
5 6 142 36 6 
5 62 6 63 6 
5 62 6 63 6 
5 62 6 63 6 
5 6 31 6 
5 6 31 6 
5 6 23 158 6 
5 62 6 63 6 
5 62 6 63 6 
5 6 383 384 254 36 6 
5 6 383 384 254 36 6 
5 6 383 384 254 36 6 
5 62 6 63 6 
5 62 6 63 6 
5 6 383 384 254 36 6 
5 48 62 6 63 6 
5 48 62 6 63 6 
5 6 6 
5 6 8 6 
5 6 383 384 254 36 6 
5 6 383 384 254 36 6 
5 91 6 92 61 6 
5 91 6 92 61 6 
5 91 6 92 61 6 
5 6 6 
5 6 21 22 24 6 
5 6 61 6 
5 62 6 63 389 390 672 6 
5 62 6 63 389 390 672 6 
5 6 63 64 6 
5 62 6 63 6 
5 6 8 371 6 
5 6 8 120 6 
5 6 61 6 
5 6 6 
5 6 61 6 
5 6 61 6 
5 62 6 63 6 
5 62 6 63 6 
5 62 6 63 6 
5 62 6 63 6 
5 62 6 63 6 
5 6 384 254 36 407 6 
5 6 384 254 36 407 6 
5 6 384 254 36 407 6 
5 62 6 63 6 
5 6 6 
5 6 383 384 254 36 6 
5 6 383 384 254 36 6 
5 6 383 384 254 36 6 
5 62 6 63 6 
5 62 6 63 6 
5 6 61 6 
5 6 61 6 
5 6 61 6 
5 62 6 63 6 
5 62 6 63 6 
5 6 61 6 
5 62 6 63 6 
5 6 61 6 
5 6 518 6 
5 6 31 6 
5 62 6 63 6 
5 6 31 6 
5 6 21 22 68 24 6 
5 6 21 22 68 24 6 
5 6 61 6 
5 6 61 6 
5 6 61 6 
5 62 6 63 6 
5 6 8 6 
5 6 23 139 6 
5 6 23 139 6 
5 62 6 63 6 
5 62 6 63 6 
5 6 61 6 
5 6 61 6 
5 6 61 6 
5 62 6 63 6 
5 6 8 6 
5 6 63 6 
5 6 9 6 
5 6 61 6 
5 62 6 63 6 
5 62 6 63 6 
5 6 6 
5 6 61 6 
5 6 6 
5 6 384 254 36 407 6 
5 6 61 6 
5 6 384 254 36 407 6 
5 6 6 
5 6 6 
5 6 6 
5 6 6 
5 6 383 384 254 36 6 
5 62 6 63 6 
5 6 31 6 
5 72 6 25 6 
5 62 6 63 6 
5 62 6 63 6 
5 62 6 63 6 
5 62 6 63 6 
5 62 6 63 6 
5 62 6 63 6 
5 62 6 63 6 
5 62 6 63 6 
5 62 6 63 6 
5 62 6 63 6 
5 62 6 63 6 
5 62 6 63 6 
5 62 6 63 6 
5 62 6 63 6 
5 62 6 63 6 
5 62 6 63 6 
5 62 6 63 6 
5 62 6 63 6 
5 6 61 6 
5 62 6 63 6 
5 62 6 63 6 
5 62 6 63 6 
5 62 6 63 6 
5 62 6 63 6 
5 6 383 384 254 36 6 
5 6 383 384 254 36 6 
5 6 383 384 254 36 6 
5 6 383 384 254 36 6 
5 6 383 384 254 36 6 
5 6 21 68 24 6 
5 62 6 63 6 
5 62 6 63 6 
5 6 61 6 
5 62 6 63 6 
5 62 6 63 6 
5 6 61 6 
5 358 6 61 6 
5 358 6 61 6 
5 358 6 61 6 
5 6 384 254 36 407 6 
5 6 61 6 
5 6 61 6 
5 62 6 63 6 
5 6 13 14 6 
5 6 13 14 6 
5 6 13 14 6 
5 6 6 
5 6 8 6 
5 6 597 23 6 
5 6 87 6 
5 6 61 6 
5 6 23 139 6 
5 358 6 61 6 
5 358 6 61 6 
5 358 6 61 6 
5 6 9 6 
5 6 61 6 
5 62 6 63 6 
5 6 6 
5 6 6 
5 6 61 6 
5 6 61 6 
5 6 61 6 
5 6 61 6 
5 6 61 6 
5 6 61 6 
5 6 61 6 
5 6 61 6 
5 6 61 6 
5 6 61 6 
5 6 61 6 
5 6 61 6 
5 6 61 6 
5 6 61 6 
5 6 31 6 
5 6 8 6 
5 62 6 63 6 
5 6 87 6 
5 62 6 63 6 
5 6 6 
5 48 6 426 6 
5 6 31 6 
5 62 6 63 6 
5 6 61 6 
5 6 61 6 
5 6 61 6 
5 62 28 6 21 63 6 
5 6 61 6 
5 6 61 6 
5 62 6 31 63 6 
5 6 61 6 
5 62 6 63 6 
5 6 61 6 
5 6 61 6 
5 62 6 63 6 
5 62 6 63 6 
5 6 61 6 
5 62 6 63 6 
5 62 6 63 6 
5 62 6 63 6 
5 6 6 
5 6 142 36 599 6 
5 6 142 36 599 6 
5 6 23 139 6 
5 6 23 139 6 
5 6 23 139 6 
5 6 23 139 6 
5 6 23 139 6 
5 6 23 139 6 
5 6 23 139 6 
5 6 23 139 6 
5 6 23 139 6 
5 6 23 139 6 
5 6 384 254 36 407 6 
5 6 384 254 36 407 6 
5 6 384 254 36 407 6 
5 6 384 254 36 407 6 
5 6 384 254 36 407 6 
5 6 384 254 36 407 6 
5 6 23 139 6 
5 6 599 36 61 6 
5 6 599 36 61 6 
5 6 6 
5 6 104 21 68 24 6 
5 62 6 63 6 
5 62 6 63 6 
5 6 63 64 6 
5 6 63 64 6 
5 62 6 63 6 
5 62 6 63 6 
5 62 6 63 6 
5 6 61 6 
5 6 61 6 
5 62 6 63 6 
5 6 61 6 
5 6 63 64 6 
5 6 63 64 6 
5 6 63 64 6 
5 6 384 254 36 407 6 
5 6 61 6 
5 6 6 
5 6 6 
5 6 6 
5 6 6 
5 6 6 
5 6 6 
5 6 6 
5 6 21 22 24 6 
5 62 6 63 6 
5 62 6 63 6 
5 62 6 63 6 
5 6 6 
5 28 6 597 21 23 79 80 6 
5 28 6 597 21 23 79 80 6 
5 28 6 21 23 139 79 80 6 
5 62 6 63 6 
5 62 6 63 6 
5 358 6 61 6 
5 62 6 63 6 
5 62 6 63 6 
5 6 23 158 61 6 
5 6 61 6 
5 6 254 142 36 255 6 
5 62 6 63 6 
5 6 23 139 6 
5 6 23 139 6 
5 62 6 63 6 
5 6 597 23 139 6 
5 62 6 63 6 
5 6 61 6 
5 62 6 63 6 
5 6 61 6 
5 6 61 6 
5 6 61 6 
5 6 61 6 
5 6 61 6 
5 28 6 21 23 139 79 80 6 
5 28 6 21 23 139 79 80 6 
5 28 6 21 23 139 79 80 6 
5 28 6 21 23 139 79 80 6 
5 6 36 122 123 6 
5 62 6 63 64 6 
5 6 61 6 
5 62 6 63 64 6 
5 6 383 384 254 36 6 
5 6 6 
5 48 6 591 6 
5 6 374 61 6 
5 62 6 63 6 
5 62 6 63 6 
5 6 61 6 
5 62 6 63 6 
5 6 61 6 
5 6 61 6 
5 62 6 63 6 
5 6 384 254 36 407 6 
5 6 61 6 
5 6 518 6 
5 62 6 63 6 
5 62 6 63 6 
5 62 6 63 6 
5 62 6 63 6 
5 6 61 6 
5 62 6 63 6 
5 6 36 61 6 
5 6 6 
5 6 6 
5 6 61 6 
5 6 61 6 
5 62 6 63 6 
5 6 6 
5 6 61 6 
5 62 6 63 6 
5 6 6 
5 6 61 6 
5 62 6 63 6 
5 62 6 63 6 
5 91 6 92 482 6 
5 62 6 63 6 
5 6 6 
5 6 23 158 6 
5 28 6 21 23 139 79 80 6 
5 28 6 21 23 139 79 80 6 
5 28 6 21 23 139 79 80 6 
5 28 6 21 23 139 79 80 6 
5 28 6 21 23 139 79 80 6 
5 28 6 21 23 139 79 80 6 
5 6 6 
5 62 6 63 6 
5 6 61 6 
5 6 61 6 
5 6 61 6 
5 6 61 6 
5 91 6 92 61 6 
5 91 6 92 61 6 
5 91 6 92 61 6 
5 91 6 92 61 6 
5 358 6 61 6 
5 62 6 63 8 6 
5 6 31 6 
5 6 63 6 
5 62 6 63 6 
5 6 61 6 
5 6 61 6 
5 6 61 6 
5 6 61 6 
5 6 23 139 6 
5 6 23 139 6 
5 6 23 139 6 
5 6 61 6 
5 6 61 6 
5 358 6 61 6 
5 28 6 597 21 23 79 80 6 
5 28 6 597 21 23 79 80 6 
5 28 6 597 21 23 79 80 6 
5 28 6 597 21 23 79 80 6 
5 28 6 597 21 23 79 80 6 
5 28 6 597 21 23 79 80 6 
5 6 384 254 36 407 87 6 
5 62 6 63 6 
5 62 6 63 6 
5 6 61 6 
5 28 6 597 21 23 79 80 6 
5 62 6 63 6 
5 6 8 6 
5 6 599 36 6 
5 6 61 6 
5 6 61 6 
5 6 23 139 6 
5 6 9 6 
5 6 210 61 6 
5 6 61 6 
5 62 6 63 6 
5 6 61 6 
5 6 61 6 
5 6 61 6 
5 6 61 6 
5 6 518 6 
5 6 597 23 8 6 
5 91 6 597 92 23 6 
5 27 28 6 21 482 6 
5 6 61 6 
5 62 6 63 6 
5 62 6 63 6 
5 6 61 6 
5 6 61 6 
5 6 23 61 6 
5 6 597 23 6 
5 6 61 6 
5 6 374 61 6 
5 6 374 61 6 
5 6 374 61 6 
5 6 374 61 6 
5 6 374 61 6 
5 6 374 61 6 
5 6 374 61 6 
5 6 374 61 6 
5 6 61 6 
5 6 61 6 
5 6 61 6 
5 6 61 6 
5 62 6 63 6 
5 6 61 6 
5 6 61 6 
5 6 61 6 
5 6 61 6 
5 6 61 6 
5 6 61 6 
5 6 61 6 
5 6 61 6 
5 6 384 254 36 407 6 
5 6 384 254 36 407 6 
5 6 384 254 36 407 6 
5 6 384 254 36 407 6 
5 6 384 254 36 407 6 
5 6 61 6 
5 6 61 6 
5 62 6 63 6 
5 62 6 63 6 
5 28 6 21 23 139 79 80 6 
5 28 6 597 21 23 79 80 6 
5 6 6 
5 6 21 31 68 24 6 
5 62 6 63 6 
5 6 63 6 
5 6 63 6 
5 6 61 6 
5 27 28 6 21 6 
5 6 61 6 
5 6 61 6 
5 6 61 6 
5 6 61 6 
5 747 6 61 6 
5 747 6 61 6 
5 747 6 61 6 
5 747 6 61 6 
5 747 6 61 6 
5 747 6 61 6 
5 521 6 6 
5 6 6 
5 6 6 
5 6 6 
5 48 6 591 6 
5 6 6 
5 6 6 
5 28 6 21 23 139 79 80 6 
5 28 6 21 23 139 79 80 6 
5 28 6 21 23 139 79 80 6 
5 28 6 21 23 139 79 80 6 
5 6 61 6 
5 6 383 384 254 36 6 
5 6 384 254 36 407 6 
5 6 384 254 36 407 6 
5 91 521 6 92 6 
5 62 6 63 6 
5 62 6 63 6 
5 62 6 63 6 
5 62 6 63 6 
5 6 61 6 
5 6 61 6 
5 6 61 6 
5 6 23 6 
5 6 6 
5 6 61 6 
5 62 6 63 6 
5 62 6 63 6 
5 6 63 6 
5 48 6 591 6 
5 747 6 61 6 
5 747 6 61 6 
5 747 6 61 6 
5 747 6 61 6 
5 747 6 61 6 
5 6 6 
5 6 61 6 
5 6 61 6 
5 6 61 6 
5 6 9 6 
5 6 61 6 
5 48 744 6 23 139 6 
5 48 744 6 23 139 6 
5 28 6 21 23 139 79 80 6 
5 28 6 21 23 139 79 80 6 
5 6 9 6 
5 6 9 6 
5 6 9 6 
5 6 597 23 6 
5 6 599 36 6 
5 27 28 6 21 6 
5 27 28 6 21 6 
5 6 61 6 
5 6 61 6 
5 6 61 6 
5 62 6 63 6 
5 62 6 63 6 
5 6 8 6 
5 6 23 139 6 
5 62 6 63 6 
5 6 6 
5 6 6 
5 6 6 
5 6 6 
5 6 6 
5 28 6 21 23 139 79 80 6 
5 28 6 21 23 139 79 80 6 
5 28 6 597 21 23 79 80 6 
5 6 61 6 
5 62 6 63 6 
5 6 61 6 
5 6 23 8 158 6 
5 6 23 8 158 6 
5 6 23 8 158 6 
5 6 23 8 158 6 
5 6 23 8 158 6 
5 6 23 8 158 6 
171 5 6 21 22 162 8 172 24 6 
5 6 61 6 
5 6 61 6 
5 27 28 6 21 6 
5 6 61 6 
5 6 8 6 
5 6 61 6 
5 6 61 6 
5 6 61 6 
5 6 61 6 
5 6 61 6 
5 6 61 6 
5 6 61 6 
5 6 9 6 
5 6 9 6 
5 6 9 6 
5 6 8 6 
5 6 8 6 
5 6 8 6 
5 62 6 63 64 6 
5 62 6 63 6 
5 6 6 
5 28 6 21 23 139 79 80 6 
5 6 61 6 
5 6 61 6 
5 6 61 6 
5 62 6 63 64 6 
5 6 6 
5 358 6 61 6 
5 358 6 61 6 
5 6 61 6 
5 6 61 6 
5 6 31 6 
5 6 101 395 8 6 
5 6 31 6 
5 6 36 130 6 
5 6 597 23 6 
5 6 597 23 6 
5 6 597 23 6 
5 6 597 23 6 
5 6 6 
5 6 6 
5 6 61 6 
5 6 8 6 
5 27 28 6 21 6 
5 28 6 21 23 139 79 80 6 
5 62 6 63 6 
5 6 384 254 36 407 6 
5 6 61 6 
5 6 8 61 6 
5 28 6 21 23 139 79 80 6 
5 6 63 64 6 
5 6 8 6 
5 6 6 
5 6 384 254 36 407 6 
5 48 6 591 6 
5 6 597 23 8 6 
5 6 6 
5 6 6 
5 6 6 
5 6 21 90 6 
5 62 6 63 64 6 
5 6 23 8 158 6 
5 6 61 6 
5 62 6 63 6 
5 62 6 63 64 6 
5 62 6 63 6 
5 6 6 
5 6 61 6 
5 6 383 384 254 36 6 
5 747 6 61 6 
5 6 31 6 
5 6 31 6 
5 6 6 
5 6 6 
5 62 6 63 6 
5 62 6 63 6 
5 62 6 63 6 
5 62 6 63 64 6 
5 62 6 63 6 
5 521 6 6 
5 358 6 61 6 
5 6 23 8 158 6 
5 6 8 6 
5 6 61 6 
5 28 6 597 21 23 79 80 6 
5 6 61 6 
5 6 384 254 36 407 6 
5 6 61 6 
5 6 61 6 
5 6 61 6 
5 6 503 11 10 6 
5 6 61 6 
5 6 61 6 
5 6 6 
5 6 6 
5 6 9 6 
5 6 383 384 254 36 6 
5 91 6 92 6 
5 91 6 92 6 
5 6 61 6 
5 62 6 63 6 
5 6 23 139 6 
5 6 61 6 
5 6 384 254 36 407 6 
5 91 6 92 6 
5 62 6 63 6 
5 6 8 61 6 
5 62 6 63 64 6 
5 62 6 63 6 
5 6 384 254 36 407 6 
5 6 384 254 36 407 6 
5 62 28 6 21 63 111 80 6 
5 6 61 6 
5 28 6 597 21 23 79 80 6 
5 28 6 597 21 23 79 80 6 
5 62 6 63 6 
5 28 6 21 23 139 79 80 6 
5 6 8 6 
5 62 6 63 61 6 
5 62 6 63 61 6 
5 62 6 63 61 6 
5 6 6 
5 6 31 6 
5 6 61 6 
5 6 61 6 
5 6 6 
5 6 8 35 6 
5 28 6 21 23 139 79 80 6 
5 6 6 
5 6 61 6 
5 6 61 6 
5 6 374 61 6 
5 48 6 591 6 
5 6 384 254 36 407 6 
5 6 61 745 6 
5 358 6 61 6 
5 6 61 6 
5 6 23 139 6 
5 6 23 139 6 
5 6 23 139 6 
5 6 23 139 6 
5 62 6 63 64 6 
5 6 61 6 
5 91 6 92 61 6 
5 6 61 6 
5 28 6 597 21 23 79 80 6 
5 28 6 597 21 23 79 80 6 
5 6 6 
5 6 61 745 6 
5 6 21 31 68 24 6 
5 62 6 63 6 
5 6 383 384 254 36 6 
5 6 597 23 61 6 
5 62 6 63 6 
5 62 6 63 6 
5 62 6 63 6 
5 62 6 63 6 
5 62 6 63 6 
5 62 6 63 6 
5 62 6 63 6 
5 48 6 6 
5 6 6 
5 358 6 61 6 
5 358 6 61 6 
5 6 8 371 6 
5 27 28 6 21 603 6 
5 6 383 384 254 36 6 
5 6 6 
5 6 23 6 
5 6 23 6 
5 6 61 6 
5 6 61 6 
5 6 383 384 254 36 6 
5 6 21 22 24 6 
5 6 9 6 
5 6 6 
5 6 21 22 68 24 6 
5 6 61 6 
5 6 6 
5 62 6 63 6 
5 6 384 254 36 407 6 
5 6 6 
5 6 63 64 6 
5 6 36 61 6 
5 27 28 6 21 603 6 
5 6 36 6 
5 28 6 21 23 139 79 80 6 
5 62 6 63 64 6 
5 6 61 6 
5 62 6 63 6 
5 6 61 6 
5 747 6 61 6 
5 747 6 61 6 
5 747 6 61 6 
5 747 6 61 6 
5 6 21 23 158 68 24 6 
5 6 21 23 158 68 24 6 
5 6 21 23 158 68 24 6 
5 62 6 63 6 
5 28 6 597 21 23 79 80 6 
5 62 6 63 243 6 
5 62 6 63 243 6 
5 62 6 63 243 6 
5 62 6 63 243 6 
5 62 6 63 243 6 
5 62 6 63 6 
5 62 6 63 6 
5 6 64 63 6 
5 6 384 254 36 407 6 
5 6 23 139 6 
5 6 384 254 36 407 6 
5 6 384 254 36 407 6 
5 62 6 63 6 
5 62 6 63 6 
5 62 6 63 6 
5 62 6 63 6 
5 62 6 63 6 
5 62 6 63 6 
5 62 6 63 6 
5 62 6 63 6 
5 62 6 63 6 
5 62 6 63 6 
5 62 6 63 6 
5 62 6 63 6 
5 62 6 63 6 
5 62 6 63 6 
5 62 6 63 6 
5 62 6 63 6 
5 62 6 63 6 
5 62 6 63 6 
5 6 61 6 
5 6 36 130 6 
5 358 6 61 6 
5 48 6 6 
5 48 6 6 
5 48 6 6 
5 48 6 6 
5 62 6 63 6 
5 62 6 63 6 
5 62 6 63 6 
5 62 6 63 6 
5 62 6 63 6 
5 62 6 63 6 
5 62 6 63 6 
5 62 6 63 6 
5 62 6 63 6 
5 62 6 63 6 
5 62 6 63 6 
5 6 6 
5 6 599 36 6 
5 6 23 139 6 
5 6 61 6 
5 6 8 6 
5 6 23 139 6 
5 6 599 36 6 
5 6 8 6 
5 6 599 36 6 
5 6 8 6 
5 6 23 139 6 
5 6 23 139 6 
5 6 23 139 6 
5 6 23 139 6 
5 6 23 139 6 
5 6 23 139 6 
5 6 23 139 6 
5 6 23 139 6 
5 6 23 139 6 
5 6 23 139 6 
5 6 61 6 
5 6 6 
5 6 6 
5 6 6 
5 6 61 6 
5 62 6 63 64 6 
5 6 61 6 
5 6 61 6 
5 62 6 63 6 
5 6 6 
5 6 9 6 
5 6 61 6 
5 28 6 21 79 80 6 
5 6 9 6 
5 6 61 6 
5 6 6 
5 6 23 158 6 
5 6 23 139 6 
5 6 6 
5 6 8 120 6 
5 6 8 120 6 
5 6 8 120 6 
5 6 8 120 6 
5 6 61 6 
5 6 61 6 
5 6 61 6 
5 6 61 6 
5 6 9 6 
5 358 6 61 6 
5 6 384 254 36 407 6 
5 62 6 63 6 
5 6 61 6 
5 358 6 61 6 
5 62 6 63 6 
5 6 31 6 
5 6 6 
5 6 6 
5 747 6 61 6 
5 6 6 
5 6 383 384 254 36 6 
5 6 23 139 6 
5 6 6 
5 6 61 6 
5 6 61 6 
5 6 6 
5 6 6 
5 6 63 64 6 
5 6 61 6 
5 6 61 6 
5 28 6 21 23 139 79 80 6 
5 62 6 63 6 
5 6 6 
5 6 61 6 
5 6 8 61 6 
5 6 61 6 
5 6 384 254 36 407 6 
5 6 61 6 
5 6 384 254 36 407 6 
5 6 8 6 
5 6 61 6 
5 28 27 6 21 63 22 618 6 
5 6 8 61 6 
5 6 61 6 
5 6 61 6 
5 358 6 159 36 61 130 6 
5 6 384 254 36 407 6 
5 6 61 6 
5 6 61 6 
5 6 6 
5 6 6 
5 6 61 6 
5 6 61 6 
5 6 61 6 
5 91 6 92 61 6 
5 6 61 6 
5 6 61 6 
5 6 61 6 
5 6 383 384 254 8 36 6 
5 6 6 
5 6 61 6 
5 6 61 6 
5 6 6 
5 6 6 
5 91 6 92 61 6 
5 6 61 6 
5 6 6 
5 6 61 6 
5 6 8 6 
5 6 384 254 36 407 6 
5 6 61 6 
5 6 61 6 
5 521 6 6 
5 48 6 695 6 
5 6 6 
5 62 6 63 6 
5 62 6 63 6 
5 6 61 6 
5 6 6 
5 358 6 61 6 
5 6 101 8 6 
5 6 61 6 
5 6 61 6 
5 6 61 626 6 
5 6 61 6 
5 6 61 6 
5 6 6 
5 6 599 36 6 
5 6 6 
5 6 6 
5 6 6 
5 6 6 
5 6 6 
5 6 6 
5 6 6 
5 6 6 
5 6 6 
5 6 6 
5 6 61 6 
5 6 61 6 
5 6 23 139 6 
5 27 28 6 21 6 
5 6 61 6 
5 62 6 63 6 
5 62 6 63 6 
5 62 6 63 6 
5 6 23 139 6 
5 6 23 139 6 
5 6 61 6 
5 62 6 63 6 
5 358 6 61 6 
5 358 6 61 6 
5 358 6 61 6 
5 358 6 61 6 
5 6 384 254 36 407 6 
5 6 23 158 6 
5 6 63 64 6 
5 6 87 6 
5 27 28 6 21 546 6 
5 27 28 6 21 546 6 
5 6 61 6 
5 6 31 6 
5 6 152 153 6 
5 6 384 21 254 36 407 6 
5 6 384 254 36 407 6 
5 6 384 254 36 407 6 
5 6 384 254 36 407 6 
5 6 61 6 
5 6 61 6 
5 6 61 6 
5 6 61 6 
5 28 27 6 21 63 22 618 6 
5 6 210 61 6 
5 6 210 61 6 
5 6 383 384 254 36 6 
5 6 383 384 254 36 6 
91 5 6 92 6 
5 6 61 6 
5 6 578 243 6 
5 6 578 243 6 
5 6 578 243 6 
5 6 578 243 6 
5 6 578 243 6 
5 6 578 243 6 
5 6 578 243 6 
5 62 6 63 6 
5 62 6 63 6 
5 62 6 63 6 
5 6 61 6 
5 6 374 61 6 
5 6 374 61 6 
5 62 6 63 61 6 
5 62 6 63 61 6 
5 62 6 63 61 6 
5 6 61 6 
5 6 384 254 36 407 6 
5 6 61 6 
5 358 6 61 6 
5 6 61 6 
5 6 61 6 
5 358 6 61 6 
5 358 6 61 6 
5 358 6 61 6 
5 6 6 
5 6 61 6 
5 62 6 63 6 
5 6 61 6 
5 62 6 63 6 
5 6 61 6 
5 6 61 6 
5 6 61 6 
5 6 61 6 
5 6 61 6 
5 6 61 6 
5 6 61 6 
5 6 8 61 6 
5 62 6 63 64 6 
5 6 31 6 
5 62 6 63 6 
5 62 6 63 6 
5 6 61 6 
5 6 61 6 
5 6 383 384 254 36 6 
5 6 6 
5 6 6 
5 6 9 6 
5 6 9 6 
5 6 9 6 
5 6 9 6 
5 6 9 6 
5 6 9 6 
5 6 9 6 
5 6 9 6 
5 6 9 6 
5 6 9 6 
5 6 9 6 
5 6 9 6 
5 6 9 6 
5 6 9 6 
5 6 9 6 
5 28 27 6 21 63 22 618 6 
5 28 27 6 21 63 22 618 6 
5 28 27 6 21 63 22 618 6 
5 28 27 6 21 63 22 618 6 
5 28 27 6 21 63 22 618 6 
5 28 27 6 21 63 22 618 6 
5 28 27 6 21 63 22 618 6 
5 28 27 6 21 63 22 618 6 
5 6 8 6 
5 6 8 6 
5 6 384 254 36 407 6 
5 62 6 63 6 
5 62 6 63 64 6 
5 62 6 63 6 
5 6 61 6 
5 62 6 63 6 
5 6 8 61 6 
5 6 8 61 6 
5 6 8 61 6 
5 48 6 695 6 
5 48 6 695 6 
5 6 61 6 
5 62 6 63 6 
5 62 6 63 6 
5 62 6 63 6 
5 62 6 63 6 
5 6 61 6 
5 62 6 63 6 
5 62 6 63 6 
5 62 6 63 6 
5 6 61 6 
5 6 23 139 6 
5 62 6 63 6 
5 6 8 6 
5 6 384 254 36 407 6 
5 6 384 254 36 407 6 
5 6 384 254 36 407 6 
5 6 384 254 36 407 6 
5 6 384 254 36 407 6 
5 6 384 254 36 407 6 
5 6 384 254 36 407 6 
5 6 384 254 36 407 6 
5 6 383 384 254 36 6 
5 6 384 254 36 407 6 
5 6 6 
5 6 6 
5 6 6 
5 6 6 
5 6 142 36 6 
5 6 61 6 
5 6 31 6 
5 6 31 6 
5 62 6 63 6 
5 62 6 63 6 
5 62 6 63 6 
5 62 6 63 6 
5 62 6 63 6 
5 62 6 63 6 
5 62 6 63 6 
5 62 6 63 6 
5 62 6 63 6 
5 62 6 63 6 
5 62 6 63 6 
5 62 6 63 6 
5 62 6 63 6 
5 62 6 63 6 
5 62 6 63 6 
5 62 6 63 6 
5 62 6 63 6 
5 62 6 63 6 
5 62 6 63 6 
5 62 6 63 6 
5 62 6 63 6 
5 62 6 63 6 
5 62 6 63 6 
5 62 6 63 6 
5 62 6 63 6 
5 62 6 63 6 
5 62 6 63 6 
5 62 6 63 6 
5 62 6 63 6 
5 62 6 63 64 6 
5 62 6 63 6 
5 62 6 63 6 
5 62 6 63 6 
5 62 6 63 6 
5 62 6 63 6 
5 6 61 6 
5 6 61 6 
5 6 61 6 
5 133 6 21 22 68 24 6 
5 6 384 254 36 407 6 
5 6 23 139 6 
5 6 61 6 
5 6 61 6 
5 6 61 6 
5 6 61 6 
5 6 61 6 
5 358 6 61 6 
5 358 6 61 6 
5 358 6 61 6 
5 6 6 
5 62 6 63 6 
5 62 6 63 6 
5 62 6 63 6 
5 62 6 63 6 
5 62 6 63 6 
5 62 6 63 6 
5 6 31 6 
5 6 31 6 
5 6 31 6 
5 6 31 6 
5 6 31 6 
5 6 7 23 11 10 158 6 
5 62 6 63 6 
5 6 482 6 
5 62 6 63 6 
5 358 6 61 6 
5 358 6 61 6 
5 358 6 61 6 
5 358 6 61 6 
5 6 9 6 
5 6 61 6 
5 6 61 6 
5 6 8 6 
5 6 8 6 
5 6 23 158 61 6 
5 6 23 158 61 6 
5 6 6 
5 6 6 
5 6 6 
5 6 6 
5 6 6 
5 6 6 
5 6 6 
5 62 6 63 6 
5 6 101 395 8 6 
5 6 61 6 
5 6 61 6 
5 6 61 6 
5 6 61 6 
5 6 61 6 
5 6 61 6 
5 6 384 254 36 407 6 
5 6 384 254 36 407 6 
5 6 61 6 
5 6 61 6 
5 6 61 6 
5 62 6 63 6 
5 62 6 63 6 
5 62 6 63 64 6 
5 6 482 6 
5 6 482 6 
5 6 482 6 
5 6 482 6 
5 62 6 63 6 
5 62 6 63 6 
5 62 6 63 6 
5 62 6 63 6 
5 62 6 63 6 
5 62 6 63 6 
5 6 383 384 254 36 6 
5 6 61 6 
5 6 61 6 
5 6 61 6 
5 6 61 6 
5 6 61 6 
5 6 63 64 6 
5 6 63 64 6 
5 6 61 6 
5 62 6 63 61 6 
5 62 6 63 61 6 
5 62 6 63 61 6 
5 62 6 63 61 6 
5 62 6 63 61 6 
5 62 6 63 61 6 
5 62 6 63 6 
5 6 533 6 
5 6 23 139 6 
5 6 23 139 6 
5 6 23 139 6 
5 6 23 139 6 
5 6 23 139 6 
5 6 23 139 6 
5 6 23 139 6 
5 6 23 139 6 
5 6 23 139 6 
5 6 23 139 6 
5 6 23 139 6 
5 6 23 139 6 
5 6 23 139 6 
5 6 23 139 6 
5 6 23 139 6 
5 6 23 139 6 
5 6 23 139 6 
5 6 23 139 6 
5 6 23 139 6 
5 6 23 139 6 
5 6 23 139 6 
5 6 23 139 6 
5 6 23 139 6 
5 6 23 139 6 
5 6 23 139 6 
5 6 23 139 6 
5 6 23 139 6 
5 6 6 
5 62 6 63 6 
5 358 6 61 6 
5 6 23 158 6 
5 6 61 6 
5 6 383 384 254 36 6 
5 6 384 254 36 407 6 
5 6 23 8 139 6 
5 6 9 6 
5 6 9 6 
5 6 9 6 
5 6 9 6 
5 6 9 6 
5 6 9 6 
5 62 6 63 6 
5 62 6 63 6 
5 62 6 63 6 
5 62 6 63 6 
5 6 63 64 6 
5 62 6 63 6 
5 62 6 63 6 
5 62 6 63 6 
5 62 6 63 6 
5 62 6 63 6 
5 62 6 63 6 
5 62 6 63 6 
5 62 6 63 6 
5 62 6 63 6 
5 28 6 21 23 139 79 80 6 
5 6 63 64 6 
5 6 63 64 6 
5 62 6 63 6 
5 28 6 597 21 23 79 80 6 
5 28 6 597 21 23 79 80 6 
5 28 6 597 21 23 79 80 6 
5 6 61 6 
5 91 6 92 6 
5 6 61 6 
5 6 61 6 
5 6 61 6 
5 6 61 6 
5 6 61 6 
5 6 61 6 
5 358 6 61 6 
5 6 23 158 6 
5 6 23 158 6 
5 6 23 158 6 
5 6 23 158 6 
5 62 6 63 6 
5 6 61 6 
5 6 61 6 
5 6 383 384 254 36 6 
5 6 383 384 254 36 6 
5 6 210 61 6 
5 6 23 139 6 
5 28 6 597 21 23 79 80 6 
5 6 61 6 
5 6 61 6 
5 6 63 64 61 6 
5 6 61 6 
5 6 61 6 
5 6 61 6 
5 6 61 6 
5 6 61 6 
5 6 61 6 
5 6 61 6 
5 6 61 6 
5 6 61 6 
5 6 61 6 
5 6 384 254 8 36 407 6 
5 6 61 6 
5 358 6 61 6 
5 48 6 591 6 
5 28 6 597 21 23 79 80 6 
5 28 6 597 21 23 79 80 6 
5 28 6 21 23 139 79 80 6 
5 28 6 21 23 139 79 80 6 
5 62 6 63 6 
5 358 6 61 6 
5 358 6 61 6 
5 358 6 61 6 
5 358 6 61 6 
5 6 61 6 
5 6 23 139 6 
5 91 6 92 61 6 
5 91 6 92 61 6 
5 6 63 6 
5 6 23 139 6 
5 6 23 139 6 
5 6 23 139 6 
5 6 6 
5 6 61 6 
5 6 61 6 
5 6 61 6 
5 62 6 63 6 
5 6 6 
5 6 384 254 36 407 6 
5 6 6 
5 6 597 23 6 
5 6 61 6 
5 6 23 139 6 
5 6 61 6 
5 6 61 6 
5 6 383 384 254 36 6 
5 6 384 254 36 407 6 
5 62 6 63 6 
5 62 6 63 64 6 
5 6 384 254 36 407 6 
5 6 61 6 
5 6 61 6 
5 6 384 254 36 407 6 
5 6 384 254 36 407 6 
5 6 383 384 254 36 6 
5 6 23 139 6 
5 62 6 63 6 
5 62 6 63 6 
5 6 23 8 158 6 
5 6 6 
5 6 61 6 
5 28 6 21 23 139 79 80 6 
5 6 210 61 6 
5 6 597 23 6 
5 6 61 6 
5 6 61 6 
5 6 9 6 
5 6 518 6 
5 62 6 63 6 
5 747 6 61 6 
5 6 6 
5 6 384 254 36 407 6 
5 62 6 63 6 
5 6 6 
5 6 6 
5 6 6 
5 6 6 
5 6 374 61 6 
5 28 6 21 23 139 79 80 6 
5 28 6 21 23 139 79 80 6 
5 28 6 21 23 139 79 80 6 
5 28 6 21 23 139 79 80 6 
5 28 6 21 23 139 79 80 6 
5 28 6 21 23 139 79 80 6 
5 28 6 21 23 139 79 80 6 
5 28 6 21 23 139 79 80 6 
5 28 6 21 23 139 79 80 6 
5 28 6 21 23 139 79 80 6 
5 28 6 21 23 139 79 80 6 
5 6 23 139 6 
5 28 27 6 21 63 22 618 6 
5 6 210 61 6 
5 6 61 6 
5 6 6 
5 6 6 
5 6 63 64 6 
5 6 63 64 6 
5 6 63 64 6 
5 6 63 64 6 
5 6 6 
5 6 61 6 
5 6 61 6 
5 6 61 6 
5 6 61 6 
5 6 61 6 
5 6 61 6 
5 6 23 158 6 
5 747 6 61 6 
5 358 6 61 6 
5 28 6 21 23 139 79 80 6 
5 28 6 21 23 139 79 80 6 
5 28 6 21 23 139 79 80 6 
5 28 6 21 23 139 79 80 6 
5 28 6 21 23 139 79 80 6 
5 28 6 21 23 139 79 80 6 
5 62 6 63 6 
5 62 6 63 6 
5 6 6 
5 6 61 6 
5 6 6 
5 6 6 
5 6 374 61 6 
5 6 374 61 6 
5 6 374 61 6 
5 6 374 61 6 
5 6 374 61 6 
5 6 374 61 6 
5 6 374 61 6 
5 62 6 63 6 
5 6 61 6 
5 6 61 6 
5 6 61 6 
5 6 61 6 
5 6 23 158 6 
5 6 23 158 6 
5 6 36 122 123 6 
5 6 61 6 
5 6 61 6 
5 62 6 63 64 6 
5 28 6 21 23 139 79 80 6 
5 62 6 63 6 
5 28 6 597 21 23 79 80 6 
5 28 6 21 23 139 79 80 6 
5 28 6 21 23 139 79 80 6 
5 28 6 21 61 203 6 
5 6 8 6 
5 6 8 6 
5 6 61 6 
5 6 210 61 6 
5 6 6 
5 6 6 
5 6 6 
5 6 6 
5 6 6 
5 6 6 
5 6 6 
5 6 6 
5 91 6 92 61 6 
5 91 6 92 61 6 
5 91 6 92 61 6 
5 6 384 254 36 407 6 
5 6 61 6 
5 6 6 
5 62 6 63 6 
5 62 6 63 6 
5 62 6 63 6 
5 62 6 63 6 
5 62 6 63 6 
5 62 6 63 6 
5 62 6 63 6 
5 62 6 63 6 
5 62 6 63 6 
5 28 6 21 23 139 79 80 6 
5 28 6 21 23 139 79 80 6 
5 28 6 597 21 23 79 80 6 
5 28 6 21 23 139 79 80 6 
5 6 61 6 
5 6 6 
5 6 61 6 
5 6 61 6 
5 6 6 
5 115 116 6 21 117 6 
5 6 61 6 
5 6 21 61 68 24 6 
5 6 21 61 68 24 6 
5 6 21 61 68 24 6 
5 6 21 61 68 24 6 
5 6 21 61 68 24 6 
5 6 21 61 68 24 6 
5 6 21 61 68 24 6 
5 6 21 61 68 24 6 
5 6 21 61 68 24 6 
5 6 6 
5 6 61 6 
5 6 384 254 36 407 6 
5 6 384 254 36 407 6 
5 6 8 6 
5 6 23 36 139 6 
5 747 6 61 6 
5 6 383 384 254 36 6 
5 6 23 158 6 
5 6 23 158 6 
5 6 63 64 36 6 
5 6 6 
5 6 23 139 6 
5 6 63 64 6 
5 28 6 597 21 23 79 80 6 
5 6 61 6 
5 6 61 6 
5 6 6 
5 6 23 139 6 
5 6 61 6 
5 6 383 384 254 36 6 
5 6 61 6 
5 6 61 6 
5 6 384 254 36 407 6 
5 6 384 254 36 407 6 
5 6 61 6 
5 6 61 6 
5 6 61 6 
5 62 6 63 6 
5 6 61 6 
5 747 6 61 6 
5 62 6 63 6 
5 6 384 254 36 407 6 
5 6 384 254 36 407 6 
5 6 61 6 
5 6 6 
5 6 61 6 
5 6 8 35 6 
5 6 61 6 
5 6 61 6 
5 6 6 
5 6 61 6 
5 6 61 6 
5 6 61 6 
5 6 61 6 
5 521 6 6 
5 6 6 
5 6 374 61 6 
5 521 6 8 6 
5 6 21 22 68 24 6 
5 6 21 22 68 24 6 
5 6 380 8 6 
5 6 383 384 254 36 407 6 
5 358 6 64 63 61 6 
5 137 6 101 8 6 
5 6 63 64 6 
5 6 21 22 24 6 
5 6 21 31 68 24 6 
5 6 21 31 68 24 6 
5 6 6 
5 521 6 6 
5 6 384 254 36 407 6 
5 6 8 6 
5 6 61 6 
5 6 597 23 6 
5 6 61 6 
5 6 8 35 6 
5 6 8 6 
5 6 61 6 
5 62 6 63 64 6 
5 6 374 61 6 
5 62 6 63 6 
5 6 8 6 
5 6 283 6 
5 6 61 6 
5 6 21 6 
5 62 6 63 6 
5 747 6 61 6 
5 6 23 139 6 
5 6 23 139 6 
5 6 6 
5 6 8 6 
5 27 28 6 21 6 
5 6 6 
5 6 6 
5 6 374 61 6 
5 6 61 6 
5 6 61 6 
5 6 61 6 
5 6 61 6 
5 6 31 6 
5 6 61 6 
5 6 31 6 
5 6 61 6 
5 6 9 6 
5 6 61 6 
5 6 61 6 
5 6 61 6 
5 6 61 6 
5 6 21 31 68 24 6 
5 358 6 61 6 
5 6 61 6 
5 6 6 
5 6 6 
5 6 6 
5 6 61 6 
5 6 21 68 24 6 
5 6 21 68 24 6 
5 6 21 68 24 6 
5 6 21 68 24 6 
5 6 61 6 
5 6 61 6 
5 6 6 
5 28 6 597 21 23 79 80 6 
5 27 28 6 21 61 6 
5 6 6 
5 6 142 36 61 6 
5 6 13 14 6 
5 358 6 61 6 
5 358 6 61 6 
5 358 6 61 6 
5 6 61 6 
5 358 6 61 6 
5 62 6 63 6 
5 62 6 63 6 
5 62 6 63 6 
5 62 6 63 6 
5 62 6 63 6 
5 62 6 63 6 
5 6 8 61 6 
5 6 8 61 6 
5 6 8 61 6 
5 6 8 61 6 
5 6 8 61 6 
5 6 8 61 6 
5 6 8 61 6 
5 6 8 61 6 
5 6 8 61 6 
5 6 8 61 6 
5 6 8 61 6 
5 6 8 61 6 
5 6 8 61 6 
5 6 8 61 6 
5 6 8 61 6 
5 6 8 61 6 
5 6 8 61 6 
5 6 8 61 6 
5 6 8 61 6 
5 6 8 61 6 
5 6 8 61 6 
5 6 8 61 6 
5 6 8 61 6 
5 6 8 61 6 
5 6 8 61 6 
5 6 8 61 6 
5 6 8 61 6 
5 6 8 61 6 
5 6 8 61 6 
5 6 8 61 6 
5 6 8 61 6 
5 6 8 61 6 
5 6 8 61 6 
5 6 8 61 6 
5 6 8 61 6 
5 6 8 61 6 
5 6 8 61 6 
5 6 8 61 6 
5 6 8 61 6 
5 6 8 61 6 
5 6 8 61 6 
5 6 8 61 6 
5 6 8 61 6 
5 6 8 61 6 
5 6 8 61 6 
5 6 8 61 6 
5 6 8 61 6 
5 6 8 61 6 
5 6 8 61 6 
5 6 8 61 6 
5 6 8 61 6 
5 6 8 61 6 
5 6 8 61 6 
5 6 8 61 6 
5 6 8 61 6 
5 6 8 61 6 
5 6 8 61 6 
5 6 8 61 6 
5 6 8 61 6 
5 6 8 61 6 
5 6 8 61 6 
5 6 8 61 6 
5 6 8 61 6 
5 6 8 61 6 
5 6 8 61 6 
5 6 8 61 6 
5 6 8 61 6 
5 6 8 61 6 
5 6 8 61 6 
5 6 8 61 6 
5 6 8 61 6 
5 6 8 61 6 
5 6 8 61 6 
5 6 8 61 6 
5 6 8 61 6 
5 6 8 61 6 
5 6 8 61 6 
5 6 8 61 6 
5 6 8 61 6 
5 6 8 61 6 
5 6 8 61 6 
5 6 8 61 6 
5 6 8 61 6 
5 6 8 61 6 
5 6 8 61 6 
5 6 8 61 6 
5 6 8 61 6 
5 6 8 61 6 
5 6 8 61 6 
5 6 8 61 6 
5 6 8 61 6 
5 6 8 61 6 
5 6 8 61 6 
5 6 8 61 6 
5 6 8 61 6 
5 6 8 61 6 
5 6 8 61 6 
5 6 8 61 6 
5 6 8 61 6 
5 6 8 61 6 
5 6 8 61 6 
5 6 8 61 6 
5 6 8 61 6 
5 6 8 61 6 
5 6 8 61 6 
5 6 8 61 6 
5 6 8 61 6 
5 6 8 61 6 
5 6 8 61 6 
5 6 8 61 6 
5 6 8 61 6 
5 6 8 61 6 
5 6 8 61 6 
5 6 8 61 6 
5 6 8 61 6 
5 6 8 61 6 
5 6 8 61 6 
5 6 8 61 6 
5 6 8 61 6 
5 6 8 61 6 
5 6 8 61 6 
5 6 8 61 6 
5 6 8 61 6 
5 6 8 61 6 
5 6 8 61 6 
5 6 8 61 6 
5 6 8 61 6 
5 6 8 61 6 
5 6 8 61 6 
5 6 8 61 6 
5 6 8 61 6 
5 6 8 61 6 
5 6 8 61 6 
5 6 8 61 6 
5 6 8 61 6 
5 6 8 61 6 
5 6 8 61 6 
5 6 8 61 6 
5 6 8 61 6 
5 6 8 61 6 
5 6 8 61 6 
5 6 8 61 6 
5 6 8 61 6 
5 6 8 61 6 
5 6 8 61 6 
5 6 8 61 6 
5 6 8 61 6 
5 6 8 61 6 
5 6 8 61 6 
5 6 8 61 6 
5 6 8 61 6 
5 6 8 61 6 
5 6 8 61 6 
5 6 8 61 6 
5 6 8 61 6 
5 6 8 61 6 
5 6 8 61 6 
5 6 8 61 6 
5 6 8 61 6 
5 6 8 61 6 
5 6 8 61 6 
5 6 8 61 6 
5 6 8 61 6 
5 6 8 61 6 
5 6 8 61 6 
5 6 8 61 6 
5 6 8 61 6 
5 6 8 61 6 
5 6 8 61 6 
5 6 8 61 6 
5 6 8 61 6 
5 27 28 6 21 6 
5 6 384 254 36 407 6 
5 6 384 254 36 407 6 
5 6 384 254 36 407 6 
5 6 384 254 36 407 6 
5 6 384 254 36 407 6 
5 6 384 254 36 407 6 
5 6 384 254 36 407 6 
5 6 384 254 36 407 6 
5 6 384 254 36 407 6 
5 6 384 254 36 407 6 
5 6 61 6 
5 6 36 61 122 6 
5 6 23 139 6 
5 6 23 139 6 
5 6 6 
5 358 6 61 6 
5 6 6 
5 6 6 
5 6 36 130 6 
5 6 518 6 
5 62 6 63 6 
5 6 64 63 6 
5 81 6 21 82 24 6 
5 6 6 
5 6 61 6 
5 6 61 6 
5 6 36 6 
5 6 6 
5 6 23 139 6 
5 62 6 63 6 
5 62 6 63 6 
5 62 6 63 6 
5 62 6 63 6 
5 6 31 6 
5 6 23 61 139 6 
5 62 6 63 6 
5 6 61 6 
5 6 473 11 10 125 6 
5 358 6 61 6 
5 358 6 61 6 
5 6 8 120 6 
5 6 383 384 254 36 6 
5 6 61 6 
5 6 61 6 
5 62 6 63 64 6 
5 6 8 35 6 
5 6 61 6 
5 62 6 63 6 
5 6 61 6 
5 6 61 6 
5 6 61 6 
5 6 61 6 
5 6 8 120 6 
5 6 61 6 
5 62 6 63 6 
5 62 6 63 6 
5 6 9 6 
5 27 28 6 21 31 6 
5 62 6 63 6 
5 6 578 243 6 
5 6 61 6 
5 6 61 6 
5 62 6 63 6 
5 62 6 63 6 
5 6 6 
5 6 6 
5 62 6 63 6 
5 62 6 63 6 
5 62 6 63 6 
5 62 6 63 6 
5 62 6 63 6 
5 62 6 63 6 
5 91 6 92 6 
5 6 61 6 
5 62 6 63 6 
5 27 28 6 21 6 
5 27 28 6 21 6 
5 6 6 
5 62 6 63 64 6 
5 62 6 63 64 6 
5 91 6 92 6 
5 6 8 6 
5 6 383 384 254 36 6 
5 6 383 384 254 36 6 
5 62 6 63 6 
5 62 6 63 6 
5 6 6 
5 6 6 
5 6 31 8 6 
5 6 61 6 
5 27 28 6 21 6 
5 6 63 6 
5 6 383 384 254 36 407 6 
5 6 8 6 
5 6 61 6 
5 6 23 6 
5 6 61 6 
5 6 482 6 
5 6 482 6 
5 6 482 6 
5 6 482 6 
5 6 61 6 
5 6 23 139 6 
5 6 23 139 6 
5 6 63 64 6 
5 6 63 64 6 
5 6 61 6 
5 6 8 120 6 
5 6 597 23 158 6 
5 6 597 23 158 6 
5 6 597 23 158 6 
5 6 597 23 158 6 
5 6 597 23 158 6 
5 6 597 23 158 6 
5 6 597 23 158 6 
5 6 597 23 158 6 
5 6 597 23 158 6 
5 6 384 254 36 407 6 
5 6 63 64 6 
5 6 8 120 6 
5 6 384 254 36 61 407 6 
5 6 31 6 
5 6 31 6 
5 62 6 63 6 
5 62 6 63 6 
5 62 6 63 6 
5 62 6 63 6 
5 62 6 63 6 
5 62 6 63 6 
5 62 6 63 6 
5 62 6 63 6 
5 62 6 63 6 
5 62 6 63 6 
5 62 6 63 6 
5 62 6 63 6 
5 62 6 63 6 
5 62 6 63 6 
5 62 6 63 6 
5 62 6 63 6 
5 62 6 63 6 
5 28 6 21 23 139 79 80 6 
5 28 6 21 23 139 79 80 6 
5 6 61 6 
5 6 61 6 
5 6 61 6 
5 6 61 6 
5 6 61 6 
5 6 61 6 
5 6 61 6 
5 6 61 6 
5 6 61 6 
5 6 6 
5 6 6 
5 62 6 63 6 
5 6 23 61 139 6 
5 6 61 6 
5 62 6 63 6 
5 6 23 139 6 
5 6 23 139 6 
5 6 23 139 6 
5 6 23 139 6 
5 6 23 139 6 
5 6 23 139 6 
5 6 23 139 6 
5 6 23 139 6 
5 6 9 6 
5 6 21 24 6 
5 6 61 6 
5 6 61 6 
5 6 61 482 6 
5 6 61 482 6 
5 6 61 482 6 
5 6 61 482 6 
5 6 61 482 6 
5 6 21 31 68 24 6 
5 62 6 63 6 
5 747 6 61 6 
5 6 61 6 
5 62 6 63 6 
5 6 61 6 
5 6 61 6 
5 6 61 6 
5 6 61 6 
5 6 61 6 
5 6 61 6 
5 6 61 6 
5 6 61 6 
5 6 61 6 
5 6 61 6 
5 6 6 
5 6 384 254 36 407 6 
5 6 384 254 36 407 6 
5 62 6 63 6 
5 62 6 63 6 
5 62 6 63 6 
5 62 6 63 6 
5 6 61 6 
5 6 61 6 
5 6 578 243 6 
5 6 578 243 6 
5 6 578 243 6 
5 6 578 243 6 
5 6 384 254 36 407 6 
5 6 384 254 36 407 6 
5 62 6 63 6 
5 6 142 36 6 
5 6 383 384 254 36 6 
5 6 578 243 6 
5 6 6 
5 28 6 21 23 139 79 80 6 
5 6 21 68 24 6 
5 358 62 6 63 61 6 
5 6 8 6 
5 62 6 63 6 
5 62 6 63 6 
5 62 6 63 6 
5 91 6 92 6 
5 91 6 92 6 
5 91 6 92 6 
5 91 6 92 6 
5 91 6 92 6 
5 6 61 6 
5 6 23 61 6 
5 6 8 61 6 
5 6 384 254 36 407 6 
5 62 6 63 6 
5 6 61 6 
5 6 8 61 6 
5 6 9 6 
5 62 6 63 6 
5 62 6 63 6 
5 62 6 63 6 
5 62 6 63 6 
5 62 6 63 6 
5 28 6 597 21 23 79 80 6 
5 6 9 6 
5 62 6 63 6 
5 62 6 63 6 
5 521 28 6 21 683 684 6 
5 521 6 6 
5 91 6 92 6 
5 6 61 6 
5 6 61 6 
5 6 61 6 
5 6 61 6 
5 6 61 6 
5 6 61 6 
5 6 61 6 
5 6 61 6 
5 6 23 158 6 
5 6 23 158 6 
5 6 518 6 
5 6 61 6 
5 6 384 254 36 407 6 
5 6 23 139 6 
5 6 384 254 36 407 6 
5 6 61 6 
5 6 61 6 
5 6 61 6 
5 6 61 6 
5 6 482 6 
5 6 482 6 
5 48 6 591 6 
5 104 6 21 22 68 24 6 
5 62 6 63 6 
5 62 6 63 6 
5 6 61 6 
5 6 61 6 
5 6 482 6 
5 521 6 6 
5 6 61 6 
5 6 61 6 
5 6 61 6 
5 6 384 254 36 407 6 
5 6 8 6 
5 6 23 158 6 
5 6 23 158 6 
5 6 23 158 6 
5 6 23 158 6 
5 6 23 158 6 
5 6 23 158 6 
5 6 23 158 6 
5 6 23 158 6 
5 6 23 158 6 
5 6 23 158 6 
5 6 23 158 6 
5 6 23 158 6 
5 6 23 158 6 
5 48 6 695 6 
5 6 9 6 
5 6 383 384 254 36 6 
5 6 383 384 254 36 6 
5 6 383 384 254 36 6 
5 6 21 37 24 6 
5 6 21 37 24 6 
5 6 9 6 
5 6 61 6 
5 6 61 6 
5 6 61 6 
5 6 6 
5 48 6 61 6 
5 6 61 6 
5 62 6 63 6 
5 62 6 63 6 
5 6 383 384 254 36 6 
5 6 61 6 
5 6 61 6 
5 6 384 254 36 407 6 
5 6 63 64 6 
5 62 6 63 64 6 
5 62 6 63 64 6 
5 62 6 63 6 
5 62 6 63 6 
5 747 6 61 6 
5 28 6 21 23 139 79 80 6 
5 28 6 21 23 139 79 80 6 
5 28 6 21 23 139 79 80 6 
5 28 6 21 23 139 79 80 6 
5 28 6 21 23 139 79 80 6 
5 6 482 6 
5 6 61 6 
5 6 383 384 254 36 6 
5 6 61 6 
5 62 6 63 6 
5 62 6 63 6 
5 62 6 63 6 
5 62 6 63 6 
5 6 61 6 
5 6 63 64 6 
5 6 61 6 
5 6 61 6 
5 6 383 384 254 36 6 
5 6 8 35 6 
5 28 6 21 23 139 79 80 6 
5 28 6 21 23 139 79 80 6 
5 28 6 21 23 139 79 80 6 
5 28 6 21 23 139 79 80 6 
5 28 6 21 23 139 79 80 6 
5 28 6 21 23 139 79 80 6 
5 28 6 21 23 139 79 80 6 
5 28 6 21 23 139 79 80 6 
5 28 6 21 23 139 79 80 6 
5 28 6 21 23 139 79 80 6 
5 28 6 21 23 139 79 80 6 
5 28 6 21 23 139 79 80 6 
5 28 6 597 21 23 79 80 6 
5 28 6 597 21 23 79 80 6 
5 28 6 21 23 139 79 80 6 
5 6 597 23 139 6 
5 6 61 6 
5 6 23 139 6 
5 6 63 6 
5 6 21 22 68 24 6 
5 6 6 
5 48 6 591 6 
5 6 6 
5 62 27 28 6 21 63 6 
5 6 383 384 254 36 6 
5 6 383 384 254 36 255 6 
5 28 6 597 21 23 79 80 6 
5 28 6 21 23 139 79 80 6 
5 28 6 597 21 23 79 80 6 
5 6 6 
5 6 61 6 
5 6 61 6 
5 6 61 6 
5 6 23 139 6 
5 6 23 139 6 
5 28 6 597 21 23 79 80 6 
5 48 6 21 68 24 591 6 
5 6 61 6 
5 6 384 254 36 407 6 
5 6 384 254 36 407 6 
5 6 63 6 
5 28 6 597 21 23 79 80 6 
5 28 6 597 21 23 79 80 6 
5 6 380 8 6 
5 6 61 6 
5 27 28 6 21 6 
5 6 533 6 
5 6 8 6 
5 28 6 21 23 139 79 80 6 
5 28 6 21 23 139 79 80 6 
5 28 6 21 23 139 79 80 6 
5 28 6 21 23 139 79 80 6 
5 28 6 21 23 139 79 80 6 
5 28 6 21 23 139 79 80 6 
5 28 6 21 23 139 79 80 6 
5 28 6 21 23 139 79 80 6 
5 28 6 21 23 139 79 80 6 
5 28 6 21 23 139 79 80 6 
5 28 6 21 23 139 79 80 6 
5 28 6 21 23 139 79 80 6 
5 28 6 21 23 139 79 80 6 
5 28 6 21 23 139 79 80 6 
5 28 6 21 23 139 79 80 6 
5 28 6 21 23 139 79 80 6 
5 6 63 6 
5 6 61 6 
5 62 6 63 6 
5 6 61 6 
5 6 384 254 36 407 6 
5 6 6 
5 6 159 36 61 130 6 
5 6 61 6 
5 6 61 6 
5 6 61 6 
5 6 61 6 
5 6 374 61 6 
5 6 384 254 36 407 6 
5 6 384 254 36 407 6 
5 28 6 597 21 23 79 80 6 
5 28 6 21 23 139 79 80 6 
5 28 6 21 23 139 79 80 6 
5 6 6 
5 6 23 139 6 
5 6 23 139 6 
5 6 23 139 6 
5 6 23 139 6 
5 6 21 22 8 24 6 
5 27 28 6 21 6 
5 6 6 
5 6 384 254 36 407 6 
5 6 6 
5 6 61 6 
5 6 384 254 36 407 6 
5 6 25 432 61 6 
5 28 6 21 23 139 79 80 6 
5 6 8 6 
5 6 8 6 
5 6 61 6 
5 6 61 6 
5 6 61 6 
5 6 61 6 
5 6 61 6 
5 358 6 61 6 
5 358 6 61 6 
5 358 6 61 6 
5 6 61 6 
5 6 6 
5 6 384 254 36 407 6 
5 6 383 384 254 36 6 
5 6 6 
5 62 6 63 6 
5 62 6 63 6 
5 62 6 63 6 
5 6 23 158 6 
5 6 23 158 6 
5 28 6 21 23 139 79 80 6 
5 28 6 21 23 139 79 80 6 
5 28 6 21 23 139 79 80 6 
5 62 6 63 6 
5 6 6 
5 6 6 
5 6 6 
5 6 6 
5 6 6 
5 6 101 395 8 6 
5 6 23 139 6 
5 6 6 
5 6 61 6 
5 6 23 61 6 
5 6 23 61 6 
5 6 23 61 6 
5 6 23 61 6 
5 6 23 61 6 
5 62 6 63 6 
5 6 6 
5 48 6 426 591 6 
5 6 383 384 254 36 6 
5 6 383 384 254 36 407 6 
5 6 61 6 
5 747 6 61 6 
5 6 61 6 
5 28 6 597 21 23 79 80 6 
5 6 36 130 6 
5 28 6 21 6 
5 6 61 6 
5 6 6 
5 6 6 
5 6 6 
5 6 23 139 6 
5 28 6 597 21 23 79 80 6 
5 358 6 8 61 6 
5 472 109 28 6 21 80 6 
5 6 8 6 
5 6 6 
5 6 61 6 
5 6 61 6 
5 62 6 63 6 
5 62 6 63 6 
5 62 6 63 6 
5 62 6 63 6 
5 62 6 63 6 
5 62 6 63 6 
5 62 6 63 6 
5 62 6 63 6 
5 62 6 63 6 
5 62 6 63 6 
5 62 6 63 6 
5 62 6 63 6 
5 62 6 63 6 
5 62 6 63 6 
5 62 6 63 6 
5 62 6 63 6 
5 62 6 63 6 
5 62 6 63 6 
5 62 6 63 6 
5 62 6 63 6 
5 62 6 63 6 
5 62 6 63 6 
5 62 6 63 6 
5 62 6 63 6 
5 62 6 63 6 
5 6 384 254 36 407 6 
5 6 31 6 
5 6 31 6 
5 6 31 6 
5 6 31 6 
5 6 31 6 
5 6 31 6 
5 6 31 6 
5 6 31 6 
5 6 31 6 
5 6 31 6 
5 6 31 6 
5 6 31 6 
5 6 31 6 
5 6 31 6 
5 6 31 6 
5 6 31 6 
5 6 31 6 
5 6 31 6 
5 6 31 6 
5 6 31 6 
5 6 31 6 
5 6 31 6 
5 6 61 6 
5 6 61 6 
5 48 6 583 6 
5 6 210 61 6 
5 6 61 6 
5 62 6 63 6 
5 6 61 6 
5 6 384 254 36 407 6 
5 6 61 6 
5 6 61 6 
5 6 61 6 
5 6 6 
5 6 23 6 
5 6 8 6 
5 6 61 6 
5 6 6 
5 6 383 384 254 36 6 
5 48 6 591 6 
5 6 8 6 
5 6 6 
5 6 6 
5 6 6 
5 6 21 37 24 6 
5 62 6 63 6 
5 62 6 63 6 
5 62 6 63 6 
5 62 6 63 6 
5 62 6 63 6 
5 62 6 63 6 
5 6 61 6 
5 6 61 6 
5 62 6 63 6 
5 62 6 63 6 
5 62 6 63 6 
5 62 6 63 6 
5 62 6 63 6 
5 62 6 63 6 
5 62 6 63 6 
5 62 6 63 6 
5 62 6 63 6 
5 62 6 63 6 
5 62 6 63 6 
5 62 6 63 6 
5 6 7 11 10 6 
5 83 6 6 
5 62 6 63 6 
5 62 6 63 6 
5 62 6 63 6 
5 62 6 63 6 
5 62 6 63 6 
5 6 6 
5 6 384 254 36 407 6 
5 6 384 254 36 407 6 
5 358 6 61 6 
5 358 6 61 6 
5 358 6 61 6 
5 62 6 63 6 
5 62 6 63 6 
5 62 6 63 6 
5 62 6 63 6 
5 62 6 63 6 
5 62 6 63 6 
5 62 6 63 6 
5 62 6 63 6 
5 6 61 6 
5 6 374 36 61 584 6 
5 6 6 
5 6 61 6 
5 6 8 6 
5 6 6 
5 6 13 14 6 
5 6 8 6 
5 6 61 6 
5 6 61 6 
5 6 6 
5 6 61 6 
5 747 6 61 6 
5 747 6 61 6 
5 91 6 92 6 
5 62 6 63 6 
5 62 6 63 6 
5 62 6 63 6 
5 62 6 63 6 
5 62 6 63 6 
5 62 6 63 6 
5 6 61 6 
5 6 383 384 254 36 6 
5 6 13 14 6 
5 6 23 139 6 
5 6 599 36 6 
5 6 61 6 
5 62 6 63 6 
5 6 597 254 23 36 255 6 
5 6 597 254 23 36 255 6 
5 62 6 63 6 
5 6 6 
5 28 6 21 6 
5 358 6 61 6 
5 358 6 61 6 
5 358 6 61 6 
5 358 6 61 6 
5 358 6 61 6 
5 6 61 6 
5 62 6 63 6 
5 6 21 22 24 6 
5 6 61 6 
5 62 6 63 6 
5 62 6 63 6 
5 6 61 6 
5 6 61 6 
5 62 6 63 6 
5 6 61 6 
5 6 61 6 
5 6 61 6 
5 6 8 6 
5 6 8 61 6 
5 48 6 61 6 
5 48 6 61 6 
5 6 63 64 6 
5 6 61 626 6 
5 6 61 6 
5 6 61 6 
5 48 6 591 6 
5 6 61 6 
5 358 6 61 6 
5 28 6 597 21 23 79 80 6 
5 28 6 597 21 23 79 80 6 
5 28 6 597 21 23 79 80 6 
5 358 6 61 6 
5 6 61 6 
5 6 61 6 
5 6 61 6 
5 6 61 6 
5 6 61 6 
5 6 61 6 
5 6 61 6 
5 6 61 6 
5 6 61 6 
5 6 8 6 
5 6 6 
5 6 6 
5 6 8 6 
5 6 8 61 6 
5 6 61 6 
5 6 61 6 
5 62 6 63 6 
5 6 6 
5 6 61 6 
5 6 31 6 
5 6 31 6 
5 6 384 254 36 407 6 
5 6 384 254 36 407 6 
5 6 384 254 36 407 6 
5 6 384 254 36 407 6 
5 6 61 6 
5 6 61 6 
5 6 61 6 
5 6 482 6 
5 6 23 61 6 
5 6 61 6 
5 6 8 485 6 
5 6 8 6 
5 6 23 139 6 
5 28 6 21 23 139 79 80 6 
5 28 6 21 23 139 79 80 6 
5 28 6 21 23 139 79 80 6 
5 28 6 21 23 139 79 80 6 
5 28 6 21 23 139 79 80 6 
5 28 6 21 23 139 79 80 6 
5 28 6 21 23 139 79 80 6 
5 28 6 21 23 139 79 80 6 
5 6 63 64 6 
5 62 6 63 64 6 
5 6 23 139 6 
5 6 61 6 
5 62 6 63 6 
5 62 6 63 6 
5 62 6 63 6 
5 6 8 61 6 
5 6 61 6 
5 6 23 158 6 
5 6 23 158 6 
5 6 21 22 24 6 
5 27 28 6 21 374 61 6 
5 6 61 6 
5 6 384 254 36 407 6 
5 6 384 254 36 407 6 
5 6 384 254 36 407 6 
5 6 384 254 36 407 6 
5 6 61 6 
5 6 31 6 
5 62 6 63 64 6 
5 62 6 63 6 
5 62 6 63 6 
5 28 6 21 23 139 79 80 6 
5 28 6 21 23 139 79 80 6 
5 28 6 21 23 139 79 80 6 
5 28 6 21 23 139 79 80 6 
5 6 61 6 
5 6 61 6 
5 62 6 63 6 
5 6 61 6 
5 62 6 63 6 
5 27 28 6 21 61 6 
5 6 61 6 
5 6 6 
5 6 61 6 
5 6 384 254 36 407 6 
5 6 8 485 6 
5 6 383 384 254 36 6 
5 6 61 6 
5 6 61 6 
5 6 61 6 
5 6 61 6 
5 6 61 6 
5 6 61 6 
5 6 61 6 
5 6 61 6 
5 6 61 6 
5 6 61 6 
5 6 61 6 
5 6 61 6 
5 6 61 6 
5 6 61 6 
5 6 61 6 
5 6 61 6 
5 6 61 6 
5 6 61 6 
5 6 61 6 
5 6 61 6 
5 6 61 6 
5 6 61 6 
5 6 61 6 
5 6 61 6 
5 6 61 6 
5 6 61 6 
5 62 6 63 64 6 
5 6 61 6 
5 6 61 6 
5 62 6 63 6 
5 6 23 61 139 6 
5 6 23 61 139 6 
5 28 6 21 23 139 79 80 6 
5 28 6 21 23 139 79 80 6 
5 28 6 21 23 139 79 80 6 
5 6 61 6 
5 48 6 591 6 
5 6 374 61 6 
5 6 6 
5 6 383 384 254 36 6 
5 6 6 
5 6 23 158 6 
5 6 384 254 36 407 6 
5 62 6 63 6 
5 6 8 61 6 
5 6 383 384 254 36 6 
5 6 6 
5 6 61 6 
5 358 6 61 6 
5 6 63 64 6 
5 6 63 64 6 
5 6 63 64 6 
5 6 63 64 6 
5 62 6 63 6 
5 6 61 6 
5 6 61 6 
5 6 384 254 36 407 6 
5 6 384 254 36 407 6 
5 6 384 254 36 407 6 
460 5 6 36 6 
460 5 6 36 6 
5 62 6 63 6 
5 6 6 
5 6 63 64 6 
5 6 61 6 
5 6 61 6 
5 6 61 6 
5 6 61 6 
5 6 61 6 
5 747 6 61 6 
5 6 61 6 
5 48 6 591 6 
5 6 383 384 254 36 407 6 
5 6 61 6 
5 6 61 6 
5 6 61 6 
5 6 61 6 
5 6 23 158 6 
5 6 23 158 6 
5 62 6 63 6 
5 91 6 92 6 
5 62 6 63 6 
5 6 8 61 6 
5 6 384 254 36 407 6 
5 6 8 61 6 
5 6 61 6 
5 6 6 
5 6 384 254 36 407 6 
5 6 23 36 139 6 
5 27 28 6 21 374 61 6 
5 27 28 6 21 374 61 6 
5 6 36 61 122 6 
5 6 518 6 
5 358 6 61 6 
5 358 6 61 6 
5 358 6 61 6 
5 6 383 384 254 36 6 
5 6 61 6 
5 62 6 63 6 
5 521 6 6 
5 6 61 6 
5 6 61 6 
5 6 61 6 
5 6 61 6 
5 358 6 61 6 
5 358 6 61 6 
5 6 21 68 24 482 6 
5 6 61 6 
5 6 6 
5 6 6 
5 6 6 
5 6 6 
5 62 6 63 64 6 
5 6 23 158 6 
5 6 23 158 6 
5 6 23 158 6 
5 6 23 158 6 
5 6 23 158 6 
5 6 23 158 6 
5 6 23 158 6 
5 6 23 158 6 
5 6 23 158 6 
5 6 23 158 6 
5 6 23 158 6 
5 6 23 158 6 
5 6 61 6 
5 358 6 61 6 
5 6 8 6 
5 62 6 63 6 
5 6 6 
5 6 6 
5 6 6 
5 6 384 254 36 407 6 
5 6 384 254 36 407 6 
5 6 61 6 
5 6 61 6 
5 62 6 21 63 68 24 6 
5 62 6 63 6 
5 6 61 6 
5 6 61 6 
5 6 61 6 
5 6 61 6 
5 6 61 6 
5 6 61 6 
5 6 61 6 
5 62 6 63 6 
5 6 61 6 
5 28 6 21 61 79 80 6 
5 6 6 
5 62 6 63 6 
5 6 384 254 36 407 6 
5 6 61 6 
5 6 61 6 
5 109 28 6 21 80 110 6 
5 6 8 6 
5 6 8 6 
5 6 384 254 36 407 6 
5 6 384 254 36 407 6 
5 6 384 254 36 407 6 
5 6 384 254 36 407 6 
5 6 61 6 
5 6 61 6 
5 62 6 63 6 
5 62 6 63 6 
5 6 61 6 
5 358 6 8 61 6 
5 358 6 8 61 6 
5 358 6 8 61 6 
5 28 6 21 23 139 79 80 6 
5 28 6 21 23 139 79 80 6 
5 28 6 21 23 139 79 80 6 
5 6 23 139 6 
5 6 6 
5 6 31 6 
5 6 6 
5 6 61 6 
5 62 6 31 63 6 
5 6 6 
5 6 384 254 36 407 6 
5 6 384 254 36 407 6 
5 6 9 6 
5 62 6 63 6 
5 358 6 61 6 
5 358 6 61 6 
5 358 6 61 6 
5 6 374 61 6 
5 6 61 6 
5 6 9 6 
5 6 23 139 6 
5 6 6 
5 62 6 63 6 
5 358 6 61 6 
5 358 6 61 6 
5 6 383 384 254 36 6 
5 62 6 63 6 
5 6 384 254 36 407 6 
5 6 383 384 254 36 6 
5 6 61 6 
5 6 21 68 24 6 
5 6 8 219 6 
5 91 6 92 61 6 
5 62 6 63 6 
5 62 6 63 6 
5 6 63 64 6 
5 6 61 6 
5 6 61 6 
5 6 61 6 
5 6 61 6 
5 6 61 6 
5 6 61 6 
5 6 61 6 
5 6 383 384 254 36 599 6 
5 6 63 64 6 
5 6 384 254 36 407 6 
5 358 6 61 6 
5 6 384 254 36 407 6 
5 6 384 254 36 407 6 
5 6 6 
5 6 61 6 
5 6 61 6 
5 6 61 6 
5 6 61 6 
5 6 61 6 
5 6 61 6 
5 6 61 6 
5 6 6 
5 6 8 6 
5 6 23 8 158 6 
5 6 383 384 254 36 6 
5 6 6 
5 48 6 695 6 
5 6 61 6 
5 6 597 23 6 
5 62 6 63 6 
5 6 599 36 6 
5 28 6 597 21 23 79 80 6 
5 28 6 597 21 23 79 80 6 
5 6 597 23 61 6 
5 6 597 23 61 6 
5 6 597 23 61 6 
5 6 597 23 61 6 
5 6 597 23 61 6 
5 6 8 6 
5 27 28 6 21 61 6 
5 6 21 23 158 68 24 6 
5 6 31 6 
5 358 6 61 6 
5 62 6 63 64 6 
5 6 6 
5 6 6 
5 6 6 
5 6 6 
5 6 6 
5 6 6 
5 6 6 
5 6 6 
5 6 6 
5 6 6 
5 6 6 
5 6 6 
5 6 6 
5 6 6 
5 6 6 
5 6 6 
5 6 6 
5 6 6 
5 28 6 21 23 139 79 80 6 
5 6 64 63 6 
5 6 6 
5 6 61 6 
5 6 61 6 
5 6 21 31 68 24 6 
5 6 21 31 68 24 6 
5 6 6 
5 6 87 6 
5 6 9 6 
5 6 61 6 
5 62 6 63 6 
5 6 23 139 6 
5 6 6 
5 91 6 92 23 139 6 
5 6 6 
5 6 61 6 
5 6 61 6 
5 6 444 8 6 
5 118 6 132 36 6 
5 118 6 132 36 6 
5 6 6 
5 171 62 6 63 162 8 172 6 
5 6 6 
5 6 6 
5 6 63 64 6 
5 6 63 64 6 
5 91 6 597 92 23 6 
5 48 6 426 591 6 
5 6 61 6 
5 6 61 6 
5 6 384 254 36 407 6 
5 28 27 6 21 63 22 618 6 
5 600 230 6 243 11 10 253 125 6 
5 6 23 139 6 
5 28 6 21 383 384 254 36 6 
5 6 21 24 6 
5 6 384 254 36 407 6 
5 747 6 61 6 
5 6 6 
5 6 61 6 
5 6 23 139 6 
5 6 23 139 6 
5 48 6 6 
5 28 6 21 23 139 79 80 6 
5 28 6 21 23 139 79 80 6 
5 28 6 21 23 139 79 80 6 
5 28 6 21 23 139 79 80 6 
5 48 6 583 6 
5 6 61 6 
5 6 384 254 36 407 6 
5 6 384 254 36 407 6 
5 62 6 63 6 
5 6 61 6 
5 6 61 6 
5 747 6 61 6 
5 6 597 23 6 
5 118 6 132 36 6 
5 358 6 61 6 
5 6 6 
5 6 61 6 
5 6 63 64 6 
5 6 6 
5 62 6 63 6 
5 358 6 61 6 
5 358 6 61 6 
5 358 6 61 6 
5 358 6 61 6 
5 6 597 23 6 
5 6 597 23 6 
5 6 597 23 6 
5 6 6 
5 6 6 
5 6 23 158 6 
5 6 61 626 6 
5 6 23 139 6 
5 6 23 8 158 6 
5 6 23 8 158 6 
5 6 23 8 158 6 
5 28 6 21 6 
5 358 6 61 6 
5 6 61 6 
5 6 6 
5 6 6 
5 6 8 6 
5 6 384 254 36 407 6 
5 358 6 61 6 
5 521 6 6 
5 358 6 61 6 
5 6 63 64 6 
5 6 374 61 6 
5 6 6 
5 6 6 
5 6 6 
5 6 6 
5 6 6 
5 6 61 6 
5 6 384 254 36 407 6 
5 6 31 6 
5 358 6 61 6 
5 62 6 63 6 
5 6 61 6 
5 6 61 6 
5 6 61 6 
5 6 23 139 6 
5 6 61 6 
5 6 63 64 6 
5 6 6 
5 6 6 
5 6 61 6 
5 6 61 6 
5 6 61 6 
5 6 599 36 6 
5 6 6 
5 6 6 
5 6 384 254 36 407 6 
5 6 21 9 24 6 
5 6 64 63 6 
5 6 61 6 
5 6 6 
5 6 61 6 
5 6 61 6 
5 6 25 26 61 626 6 
5 6 25 26 61 626 6 
5 6 25 26 61 626 6 
5 6 61 6 
5 6 8 6 
5 6 31 6 
5 6 23 6 
5 6 384 254 36 407 6 
5 6 61 6 
5 747 6 61 6 
5 747 6 61 6 
5 747 6 61 6 
5 747 6 61 6 
5 358 6 61 6 
5 358 6 61 6 
5 6 61 6 
5 6 61 6 
5 6 6 
5 6 6 
5 62 6 63 6 
5 48 6 426 6 
5 6 61 6 
5 6 383 384 254 36 6 
5 6 61 6 
5 6 61 6 
5 6 6 
5 6 383 384 254 36 6 
5 6 23 6 
5 6 6 
5 6 6 
5 6 23 139 6 
5 6 8 6 
5 358 62 6 63 61 6 
5 6 23 61 6 
5 6 61 6 
5 6 61 6 
5 6 6 
5 6 61 6 
5 62 6 63 6 
5 6 6 
5 6 6 
5 6 61 6 
5 6 384 254 36 407 6 
5 6 61 6 
5 6 36 130 6 
5 62 6 63 6 
5 62 6 63 6 
5 62 6 63 6 
5 62 6 63 6 
5 62 6 63 6 
5 6 6 
5 6 61 6 
5 6 61 6 
5 6 8 6 
5 6 64 63 61 6 
5 6 383 384 254 36 6 
5 6 61 6 
5 358 6 61 6 
5 6 23 139 6 
5 6 31 6 
5 6 31 6 
5 6 31 6 
5 6 21 31 68 24 6 
5 6 61 6 
5 48 6 583 6 
5 48 6 583 6 
5 6 384 254 36 407 6 
5 6 61 6 
5 358 6 61 6 
5 572 6 413 61 6 
5 118 6 132 36 6 
5 118 6 132 36 6 
5 358 6 61 6 
5 6 61 6 
5 6 6 
5 6 6 
5 6 6 
5 6 61 6 
5 6 61 6 
5 6 61 6 
5 6 61 6 
5 6 61 6 
5 6 61 6 
5 6 61 6 
5 6 61 6 
5 6 61 6 
5 6 61 6 
5 6 61 6 
5 6 61 6 
5 6 61 6 
5 6 61 6 
5 6 61 6 
5 6 61 6 
5 6 61 6 
5 6 61 6 
5 6 61 6 
5 6 61 6 
5 6 61 6 
5 6 61 6 
5 6 61 6 
5 6 61 6 
5 6 61 6 
5 6 61 6 
5 6 61 6 
5 6 61 6 
5 6 61 6 
5 6 61 6 
5 6 61 6 
5 6 61 6 
5 6 61 6 
5 6 61 6 
5 6 61 6 
5 6 61 6 
5 6 61 6 
5 6 61 6 
5 6 61 6 
5 6 61 6 
5 6 61 6 
5 6 61 6 
5 6 61 6 
5 6 61 6 
5 6 61 6 
5 6 61 6 
5 6 61 6 
5 6 61 6 
5 6 61 6 
5 6 61 6 
5 6 61 6 
5 6 61 6 
5 6 61 6 
5 6 61 6 
5 6 61 6 
5 6 61 6 
5 6 61 6 
5 6 61 6 
5 6 61 6 
5 6 61 6 
5 6 61 6 
5 6 61 6 
5 6 61 6 
5 6 61 6 
5 6 61 6 
5 6 61 6 
5 6 61 6 
5 6 61 6 
5 6 61 6 
5 6 61 6 
5 6 61 6 
5 6 61 6 
5 6 8 6 
5 6 384 254 36 407 6 
5 6 384 254 36 407 6 
5 6 9 6 
5 6 31 6 
5 6 31 6 
91 5 6 384 254 92 36 484 6 
5 6 599 36 6 
5 6 599 36 6 
5 6 61 6 
5 6 61 6 
5 62 6 63 6 
5 27 28 6 21 617 6 
5 6 61 6 
5 6 61 6 
5 6 597 23 6 
5 6 599 36 6 
5 6 61 6 
5 6 61 6 
5 6 61 6 
5 6 61 6 
5 62 6 63 6 
5 62 6 63 6 
5 6 6 
5 6 21 63 68 24 6 
5 6 23 139 6 
5 6 36 130 6 
5 6 36 130 6 
5 6 36 130 6 
5 6 61 6 
5 6 61 6 
5 62 6 63 6 
5 6 61 6 
5 28 6 21 23 139 79 80 6 
5 62 6 63 6 
5 6 61 6 
5 83 673 6 61 6 
5 83 673 6 61 6 
5 62 6 63 64 6 
5 62 6 63 64 6 
5 62 6 63 64 6 
5 27 28 6 21 617 6 
5 747 6 61 6 
5 6 23 139 6 
5 62 6 63 6 
5 6 61 6 
5 6 61 6 
5 91 6 92 23 139 6 
5 91 6 92 23 139 6 
5 91 6 92 23 139 6 
5 91 6 92 23 139 6 
5 91 6 92 23 139 6 
5 91 6 92 23 139 6 
5 91 6 92 23 139 6 
5 62 6 63 6 
5 28 6 597 21 23 79 80 6 
5 6 21 31 68 24 6 
5 6 87 6 
5 6 23 158 6 
5 6 6 
5 6 6 
5 6 6 
5 521 6 6 
5 27 28 6 21 603 6 
5 6 6 
5 6 61 6 
5 6 383 384 254 36 6 
5 6 61 6 
5 6 61 6 
5 6 23 599 36 6 
5 6 23 61 6 
5 6 6 
5 6 61 6 
5 6 61 626 6 
5 6 384 254 36 484 407 6 
5 6 7 10 11 6 
5 6 36 6 
5 6 6 
5 6 6 
5 6 61 6 
5 6 61 6 
5 6 61 6 
5 27 28 6 21 603 6 
5 6 61 6 
5 6 61 6 
5 6 6 
5 6 8 61 6 
5 6 380 8 61 6 
5 6 61 6 
5 6 61 6 
5 6 61 6 
5 6 23 139 6 
5 6 61 6 
5 6 61 6 
5 6 61 6 
5 91 6 92 6 
5 91 6 92 6 
5 91 6 92 23 139 6 
5 91 6 92 23 139 6 
5 6 6 
5 6 6 
5 6 6 
5 6 6 
5 6 6 
5 6 6 
5 6 61 6 
5 6 384 254 36 407 6 
5 6 23 61 139 6 
5 6 6 
5 6 61 6 
5 6 61 6 
5 62 6 63 6 
5 6 61 6 
5 6 61 6 
5 747 6 61 6 
5 6 61 6 
5 6 61 6 
5 6 6 
5 6 61 6 
91 5 6 92 36 130 6 
5 6 61 6 
5 6 61 6 
5 6 61 6 
5 6 61 6 
5 6 61 6 
5 6 61 6 
5 6 61 6 
5 6 61 6 
5 6 61 6 
5 6 61 6 
5 6 61 6 
5 6 61 6 
5 6 61 6 
5 6 61 6 
5 6 61 6 
5 6 6 
5 6 61 6 
5 358 6 61 6 
5 6 61 6 
5 6 533 6 
5 6 31 6 
5 358 6 61 6 
5 358 6 61 6 
5 358 6 61 6 
5 6 8 61 35 6 
5 6 384 254 36 407 6 
5 161 6 23 139 6 
5 161 6 23 139 6 
5 6 61 6 
5 6 61 6 
5 6 6 
5 6 61 6 
5 6 21 6 
5 6 61 6 
5 6 61 6 
5 6 61 6 
5 6 61 6 
5 6 31 6 
5 6 31 6 
5 6 61 6 
5 6 6 
5 6 61 6 
5 6 6 
5 6 61 626 6 
5 6 61 6 
5 6 6 
5 6 384 254 36 407 6 
5 6 384 254 36 407 6 
5 6 232 8 6 
5 358 6 61 6 
5 6 61 6 
5 6 61 6 
5 6 61 6 
5 6 61 6 
5 6 61 6 
5 6 61 6 
5 6 61 6 
5 6 61 6 
5 6 61 6 
5 6 61 6 
5 6 61 6 
5 358 6 61 6 
5 358 6 61 6 
5 6 6 
5 27 28 6 21 61 6 
5 6 61 6 
5 6 61 6 
5 6 6 
5 6 482 6 
5 6 23 61 6 
5 6 23 61 6 
5 6 6 
5 6 6 
5 6 533 6 
5 62 6 63 6 
5 28 6 21 23 139 79 80 6 
5 521 6 61 6 
5 62 6 63 6 
5 6 61 6 
5 6 31 6 
5 6 31 6 
5 6 31 6 
5 6 61 6 
5 6 61 6 
5 6 61 6 
5 6 6 
5 6 6 
5 6 6 
5 6 61 6 
5 49 6 25 61 6 
5 196 197 6 8 6 
5 62 6 63 64 6 
5 6 9 6 
5 6 31 6 
5 6 61 6 
5 6 61 6 
5 6 6 
5 6 384 254 36 407 6 
5 28 27 6 21 63 22 618 6 
5 62 6 63 6 
5 28 6 21 23 139 79 80 6 
5 28 6 21 23 139 79 80 6 
5 28 6 21 23 139 79 80 6 
5 28 6 21 23 139 79 80 6 
5 28 6 21 23 139 79 80 6 
5 6 61 6 
5 6 23 158 6 
5 6 61 6 
5 28 6 21 6 
5 521 6 6 
5 521 6 6 
5 6 384 254 36 407 6 
5 62 6 63 6 
5 6 384 254 36 407 6 
5 6 6 
5 6 6 
5 27 28 6 21 6 
5 240 6 162 241 8 242 6 
5 28 6 21 23 139 79 80 6 
5 6 384 254 36 407 6 
5 6 61 6 
5 6 6 
5 6 61 6 
5 358 6 61 6 
5 62 6 63 64 6 
5 62 6 63 64 6 
5 6 6 
5 48 6 61 6 
5 6 61 6 
5 6 9 6 
5 6 9 6 
5 171 6 162 8 172 6 
5 28 6 21 23 139 79 80 6 
5 6 61 6 
5 6 61 6 
5 27 28 6 21 6 
5 62 6 63 6 
5 6 518 6 
5 91 6 597 92 23 6 
5 6 6 
5 6 61 6 
5 62 6 63 6 
5 6 384 254 36 407 6 
5 62 6 63 6 
5 62 6 63 6 
5 62 6 63 6 
5 62 6 63 6 
5 6 63 64 6 
5 62 6 63 6 
5 28 6 597 21 23 79 80 6 
5 28 6 597 21 23 79 80 6 
5 6 61 6 
5 6 63 6 
5 62 6 63 64 6 
5 358 6 61 6 
5 6 21 68 24 6 
5 6 21 68 24 6 
5 6 6 
5 6 23 139 6 
5 62 6 63 6 
5 91 6 597 92 23 6 
5 6 63 64 6 
5 62 6 63 6 
5 6 6 
5 62 6 63 64 6 
5 62 6 63 64 6 
5 6 6 
5 6 23 139 6 
5 6 597 23 6 
5 6 6 
5 6 31 61 6 
5 62 6 63 6 
5 6 6 
5 6 61 6 
5 6 61 6 
5 6 61 6 
5 62 6 63 6 
5 6 9 6 
5 62 6 63 6 
5 62 6 63 6 
5 6 63 64 6 
5 6 6 
5 6 61 6 
5 6 61 6 
5 6 61 6 
5 6 6 
5 6 63 64 6 
5 6 383 384 254 36 407 6 
5 28 6 21 23 139 79 80 6 
5 6 8 61 6 
5 62 6 63 6 
5 6 21 68 24 6 
5 521 6 6 
5 62 6 63 64 6 
5 6 8 61 6 
5 521 6 6 
5 6 8 61 6 
5 6 8 61 6 
5 6 8 61 6 
5 6 210 61 6 
5 6 61 6 
5 6 6 
5 6 23 139 6 
5 6 23 139 6 
5 6 23 139 6 
5 6 23 139 6 
5 6 61 6 
5 62 6 63 6 
5 62 6 63 6 
5 62 6 63 6 
5 62 6 63 6 
5 62 6 63 64 6 
5 6 61 6 
5 28 6 597 21 23 79 80 6 
5 6 7 11 10 6 
5 6 6 
5 6 6 
5 6 597 23 6 
5 6 6 
5 6 61 6 
5 6 61 6 
5 6 61 6 
5 6 7 11 10 61 6 
5 28 6 597 21 23 79 80 6 
5 91 6 92 6 
5 6 61 6 
5 62 6 63 61 6 
5 62 6 63 6 
5 6 61 6 
5 6 61 6 
5 6 61 6 
5 6 6 
5 62 6 63 6 
5 62 6 63 6 
5 28 6 597 21 23 79 80 6 
5 6 9 6 
5 6 61 6 
5 28 6 21 79 80 6 
5 6 61 6 
5 6 383 384 254 36 6 
5 6 383 384 254 36 6 
5 6 6 
5 6 6 
5 62 6 63 64 6 
5 747 6 61 6 
5 6 61 6 
5 6 61 6 
5 6 6 
5 6 61 6 
5 521 6 6 
5 521 6 6 
5 27 28 6 21 6 
5 6 63 64 6 
5 6 384 254 36 407 6 
5 6 384 254 36 407 6 
5 6 6 
5 6 63 64 6 
5 6 23 36 139 6 
5 6 23 36 139 6 
5 6 413 487 6 
5 27 28 6 21 617 6 
5 747 6 61 6 
5 62 6 63 6 
5 62 6 63 6 
5 62 6 63 6 
5 62 6 63 6 
5 62 6 63 6 
5 6 63 64 6 
5 27 28 6 21 617 6 
5 6 61 6 
5 6 383 384 254 36 6 
5 6 23 139 6 
5 6 23 139 6 
5 6 23 139 6 
5 6 23 139 6 
5 28 6 597 21 23 79 80 6 
5 6 61 6 
5 62 6 63 6 
5 6 597 23 6 
5 358 6 61 6 
5 6 61 6 
5 6 61 6 
5 6 518 6 
5 6 61 6 
5 62 6 63 64 6 
5 48 6 61 6 
5 48 6 61 6 
5 6 6 
5 6 61 6 
5 6 9 6 
5 6 61 6 
5 6 6 
5 6 6 
5 6 254 36 255 6 
5 6 61 6 
5 6 61 6 
5 6 61 6 
5 6 61 6 
5 6 61 6 
5 6 61 6 
5 6 61 6 
5 6 61 6 
5 6 61 6 
5 6 61 6 
5 6 61 6 
5 6 61 6 
5 6 61 6 
5 6 61 6 
5 6 61 6 
5 6 61 6 
5 6 6 
5 91 6 92 6 
5 6 6 
5 62 6 63 64 6 
5 62 6 63 64 6 
5 6 61 6 
5 6 6 
5 28 27 6 21 63 22 618 6 
5 28 27 6 21 63 22 618 6 
5 6 8 61 6 
5 6 8 61 6 
5 6 8 61 6 
5 6 8 61 6 
5 6 8 61 6 
5 6 8 61 6 
5 6 31 6 
5 6 6 
5 6 61 6 
5 6 61 6 
5 6 61 6 
5 6 61 6 
5 62 6 63 64 6 
5 6 23 139 6 
5 6 23 139 6 
5 6 23 6 
5 62 6 63 6 
5 6 61 6 
5 6 61 6 
5 6 61 6 
5 6 61 6 
5 62 6 63 6 
5 6 61 6 
5 6 6 
5 6 6 
5 62 6 63 6 
5 6 8 120 6 
5 6 61 6 
5 6 61 6 
5 6 61 6 
5 6 597 23 36 6 
5 6 61 6 
5 6 61 6 
5 6 6 
5 6 384 254 36 407 6 
5 358 6 61 6 
5 6 23 36 139 6 
5 6 23 36 139 6 
5 6 23 36 139 6 
5 6 23 36 139 6 
5 6 384 254 36 407 6 
5 27 28 6 21 61 6 
5 27 28 6 21 61 6 
5 48 6 695 6 
5 6 6 
5 6 8 6 
5 6 61 6 
5 6 8 6 
5 6 8 61 6 
5 6 8 61 6 
5 6 61 6 
5 6 31 6 
5 6 61 6 
5 6 61 6 
5 6 6 
5 6 61 6 
5 6 61 6 
5 6 61 6 
5 6 61 6 
5 6 6 
5 6 518 6 
5 6 23 139 6 
5 747 6 61 6 
5 6 64 63 61 6 
5 6 31 6 
5 6 31 6 
5 6 8 6 
5 6 8 6 
5 6 61 6 
5 6 384 254 36 61 6 
5 6 61 6 
5 6 61 6 
5 6 6 
5 6 23 139 6 
5 6 61 6 
5 6 61 6 
5 6 61 6 
5 6 61 6 
5 6 61 6 
5 62 6 63 6 
5 6 31 6 
5 6 23 139 6 
5 6 243 6 
5 6 599 36 61 6 
5 6 61 6 
5 6 210 61 6 
5 6 61 6 
5 6 61 6 
5 48 6 6 
5 6 159 36 130 6 
5 6 21 61 6 
5 6 61 6 
5 6 6 
5 6 6 
5 6 6 
5 6 6 
5 6 6 
5 6 6 
5 91 6 92 23 158 6 
5 91 6 92 23 158 6 
5 6 384 254 36 407 6 
5 6 384 254 36 407 6 
5 358 6 61 6 
5 62 6 63 6 
5 62 6 63 6 
5 62 6 63 6 
5 62 6 63 6 
5 6 518 6 
5 6 61 6 
5 6 61 6 
5 6 10 61 6 
5 6 210 61 6 
5 6 383 384 254 36 6 
5 6 384 254 36 407 6 
5 62 6 63 6 
5 747 6 61 6 
5 6 23 139 6 
5 6 23 139 6 
5 6 23 139 6 
5 6 23 139 6 
5 6 23 139 6 
5 6 23 139 6 
5 6 23 139 6 
5 6 23 139 6 
5 6 23 139 6 
5 6 23 139 6 
5 6 23 139 6 
5 6 23 139 6 
5 358 6 61 6 
5 6 61 6 
5 27 28 6 21 546 6 
5 358 6 61 6 
5 27 28 6 21 603 6 
5 62 6 63 6 
5 62 6 63 6 
5 6 599 36 61 6 
5 6 63 142 36 6 
5 6 6 
5 62 6 31 63 6 
5 6 61 6 
5 6 61 6 
5 6 21 61 6 
5 6 61 6 
5 6 61 6 
5 6 61 6 
5 6 61 6 
5 6 6 
5 6 384 254 36 407 6 
5 6 384 254 36 407 6 
5 6 61 6 
5 6 61 6 
5 6 6 
5 6 23 8 158 6 
5 6 61 6 
5 6 61 6 
5 62 6 63 6 
5 358 6 61 6 
5 358 6 61 6 
5 358 6 61 6 
5 6 383 384 254 36 599 6 
5 62 28 6 21 63 6 
5 6 61 6 
5 6 61 6 
5 62 6 63 6 
5 6 6 
5 6 6 
5 6 6 
5 6 6 
5 6 6 
5 6 6 
5 6 6 
5 6 6 
5 6 6 
5 6 6 
5 6 6 
5 6 6 
5 6 6 
5 6 6 
5 6 6 
5 6 6 
5 6 6 
5 6 6 
5 6 6 
5 6 6 
5 6 61 6 
5 62 6 63 8 6 
5 62 6 63 8 6 
5 6 61 6 
5 118 6 132 36 6 
5 118 6 132 36 6 
5 27 28 6 21 6 
5 6 61 6 
5 6 61 6 
5 6 8 61 6 
5 6 6 
5 6 6 
5 6 6 
5 6 6 
5 6 6 
5 6 6 
5 6 6 
5 6 6 
5 6 6 
5 6 6 
5 6 6 
5 6 6 
5 6 6 
5 6 6 
5 6 6 
5 6 6 
5 6 6 
5 6 6 
5 6 6 
5 6 6 
5 6 6 
5 6 6 
5 6 6 
5 6 6 
5 6 6 
5 6 6 
5 6 6 
5 6 6 
5 6 6 
5 6 6 
5 6 6 
5 6 6 
5 6 6 
5 6 6 
5 6 6 
5 6 6 
5 6 6 
5 6 6 
5 6 6 
5 6 6 
5 6 8 6 
5 6 6 
5 6 6 
5 6 6 
5 6 6 
5 6 6 
5 6 6 
5 6 6 
5 6 6 
5 6 6 
5 6 6 
5 6 6 
5 6 6 
5 6 6 
5 6 6 
5 6 6 
5 6 6 
5 6 6 
5 6 6 
5 6 6 
5 6 6 
5 6 6 
5 6 6 
5 6 6 
5 6 6 
5 6 6 
5 6 6 
5 6 6 
5 6 6 
5 6 6 
5 6 6 
5 6 6 
5 6 6 
5 6 6 
5 6 23 6 
5 6 6 
5 6 6 
5 6 6 
5 6 6 
5 6 6 
5 6 6 
5 6 6 
5 6 6 
5 6 6 
5 6 6 
5 6 6 
5 6 6 
5 6 6 
5 6 6 
5 6 6 
5 6 6 
5 6 6 
5 6 6 
5 6 6 
5 6 6 
5 6 6 
5 6 6 
5 6 6 
5 6 6 
5 6 6 
5 6 6 
5 6 6 
5 6 6 
5 6 6 
5 6 6 
5 6 6 
5 6 6 
5 6 6 
5 6 6 
5 6 6 
5 6 6 
5 6 6 
5 6 6 
5 6 6 
5 6 6 
5 6 6 
5 6 6 
5 6 6 
5 6 6 
5 6 6 
5 6 6 
5 6 6 
5 6 6 
5 6 6 
5 6 6 
5 6 6 
5 6 6 
5 6 6 
5 6 6 
5 6 6 
5 6 6 
5 6 6 
5 6 6 
5 6 6 
5 6 6 