5 8 36 144 36 
142 36 36 
5 8 36 36 
5 8 36 36 
118 152 36 153 36 
5 8 36 36 
118 36 36 
5 8 36 36 
5 36 36 
5 91 6 143 92 8 36 144 36 
5 189 8 36 144 36 
5 189 8 36 144 36 
5 91 6 92 36 36 
118 119 36 36 
5 143 8 36 144 36 
5 143 8 36 144 36 
5 91 6 92 36 36 
5 91 6 92 36 36 
5 91 6 92 36 36 
5 189 8 36 144 36 
5 8 36 36 
5 91 6 92 36 36 
5 143 8 36 144 36 
5 143 8 36 144 36 
5 143 8 36 144 36 
5 143 8 36 144 36 
5 8 36 144 36 
5 143 8 36 144 36 
5 143 8 36 144 36 
5 143 8 36 144 36 
5 143 8 36 144 36 
5 8 36 36 
5 143 8 36 144 36 
5 91 6 92 36 36 
5 189 8 36 144 36 
118 119 36 36 
5 143 8 36 144 36 
5 143 8 36 144 36 
5 8 36 122 36 
5 91 6 92 36 36 
5 91 6 92 36 36 
5 143 8 36 144 36 
5 143 8 36 144 36 
5 434 162 8 36 36 
5 143 8 36 144 36 
5 143 8 36 144 36 
5 143 8 36 144 36 
5 143 8 36 144 36 
5 143 8 36 144 36 
36 36 
5 143 8 36 144 36 
142 36 36 
5 143 8 36 144 36 
5 143 8 36 144 36 
5 143 8 36 144 36 
5 143 8 36 144 36 
83 118 36 36 
5 143 8 36 144 36 
159 251 11 10 36 252 125 130 36 
5 189 143 8 36 144 36 
5 143 8 36 144 36 
5 143 8 36 144 36 
5 143 8 36 144 36 
5 143 8 36 144 36 
5 143 8 36 144 36 
118 173 119 36 36 
5 91 6 92 36 36 
5 143 8 36 144 36 
5 143 8 36 144 36 
5 143 8 36 144 36 
5 91 6 92 36 36 
5 91 6 92 36 36 
5 91 6 92 36 36 
5 189 8 36 144 36 
5 189 8 36 144 36 
5 143 8 36 144 36 
5 143 8 36 144 36 
5 143 8 36 144 36 
5 143 8 36 144 36 
5 143 8 36 144 36 
5 189 143 8 36 144 36 
5 189 143 8 36 144 36 
5 189 143 8 36 144 36 
5 91 6 92 36 36 
5 143 8 36 144 36 
5 91 6 92 36 36 
118 119 36 36 
5 91 6 92 36 36 
5 189 8 36 144 36 
5 143 8 36 144 36 
5 143 8 36 144 36 
5 143 8 36 144 36 
5 91 6 92 36 36 
5 8 36 36 
5 143 8 36 144 36 
5 143 8 36 144 36 
5 143 8 36 144 36 
5 143 8 36 144 36 
5 143 8 36 144 36 
118 119 36 36 
5 91 6 92 36 36 
5 91 6 92 36 36 
5 91 6 92 36 36 
5 189 8 36 144 36 
5 189 8 36 144 36 
5 189 8 36 144 36 
5 8 36 144 36 
5 8 36 144 36 
159 36 122 130 36 
5 143 8 36 144 36 
5 189 143 8 36 144 36 
5 189 143 8 36 144 36 
5 189 143 8 36 144 36 
5 189 8 36 144 36 
5 189 8 36 144 36 
5 189 8 36 144 36 
5 143 8 36 144 36 
5 189 8 36 144 36 
5 189 8 36 144 36 
5 8 36 36 
118 119 36 36 
5 8 36 36 
5 91 6 143 92 8 36 144 36 
5 143 8 36 144 36 
5 143 8 36 144 36 
5 143 8 36 144 36 
5 8 36 144 36 
5 143 8 36 144 36 
5 143 8 36 144 36 
5 143 8 36 144 36 
5 8 36 144 36 
5 8 36 144 36 
5 8 36 144 36 
5 8 36 144 36 
5 189 143 8 36 144 36 
5 189 143 8 36 144 36 
5 143 8 36 144 36 
5 189 8 36 144 36 
5 189 8 36 144 36 
5 143 8 36 144 36 
118 119 36 36 
5 91 6 143 8 92 36 144 36 
5 91 6 143 8 92 36 144 36 
5 143 8 36 144 36 
118 119 36 36 
118 119 36 36 
5 143 8 36 144 36 
5 143 8 36 144 36 
5 143 8 36 144 36 
5 143 8 36 144 36 
5 189 143 8 36 144 36 
5 143 8 36 144 36 
5 143 8 36 144 36 
5 143 8 36 144 36 
5 143 8 36 144 36 
5 143 8 36 144 36 
5 143 8 36 144 36 
118 119 36 36 
5 8 36 36 
5 143 8 36 144 36 
5 143 8 36 144 36 
5 189 8 36 144 36 
118 119 36 36 
5 91 6 92 36 36 
5 91 6 92 36 36 
5 91 6 92 36 36 
5 91 6 92 36 36 
5 91 6 92 36 36 
36 122 123 36 
5 189 8 36 144 36 
5 91 6 92 36 36 
5 91 6 92 36 36 
5 143 8 36 144 36 
5 143 8 36 144 36 
5 143 8 36 144 36 
5 143 8 36 144 36 
5 189 143 8 36 144 36 
5 143 8 36 144 36 
5 143 8 36 144 36 
118 132 36 36 
5 189 8 36 144 36 
5 189 8 36 144 36 
118 119 36 36 
5 143 8 36 144 36 
5 8 36 36 
5 91 6 92 36 36 
5 143 8 36 144 36 
5 143 8 36 144 36 
118 119 36 36 
5 143 8 36 144 36 
5 143 8 36 144 36 
5 8 36 36 
118 119 36 36 
118 119 36 36 
5 91 6 92 36 36 
118 119 36 36 
5 189 143 8 36 144 36 
5 169 162 170 8 36 36 
5 36 36 
5 8 36 144 36 
5 143 8 36 144 36 
5 91 6 92 36 36 
5 143 8 36 144 36 
5 189 8 36 144 36 
5 189 8 36 144 36 
5 143 8 36 144 36 
5 91 6 92 36 36 
5 189 8 36 144 36 
5 189 8 36 144 36 
5 189 8 36 144 36 
5 143 8 36 144 36 
5 143 8 36 144 36 
5 143 8 36 144 36 
118 132 36 36 
118 173 36 36 
5 189 8 36 144 36 
5 189 8 36 144 36 
5 143 8 36 144 36 
5 143 8 36 144 36 
5 143 8 36 144 36 
5 143 8 36 144 36 
5 91 6 92 36 36 
5 91 6 92 36 36 
5 91 6 92 36 36 
5 91 6 92 36 36 
5 143 8 36 144 36 
5 91 6 92 36 36 
118 36 36 
5 189 8 461 36 144 36 
5 143 8 36 144 36 
5 189 8 36 144 36 
5 143 8 36 144 36 
5 143 8 36 144 36 
5 143 8 36 144 36 
5 143 8 36 144 36 
5 143 162 8 36 144 36 
5 143 8 36 144 36 
5 91 6 92 36 36 
5 189 143 8 36 144 36 
5 189 143 8 36 144 36 
5 143 8 36 144 36 
5 143 8 36 144 36 
5 8 36 36 
5 143 8 36 144 36 
5 189 8 36 144 36 
5 143 8 36 144 36 
5 143 8 36 144 36 
118 132 36 36 
5 8 36 144 36 
118 132 36 36 
118 119 36 36 
5 8 36 36 
5 8 36 36 
5 8 36 36 
5 8 36 36 
5 8 36 36 
5 8 36 36 
5 8 36 36 
5 143 8 36 144 36 
5 143 8 36 144 36 
5 143 8 36 144 36 
5 143 8 36 144 36 
5 189 143 8 36 144 36 
5 189 143 8 36 144 36 
5 189 143 8 36 144 36 
5 189 143 8 36 144 36 
5 189 143 8 36 144 36 
5 189 143 8 36 144 36 
5 143 8 36 144 36 
118 119 36 36 
5 8 36 36 
5 189 143 8 36 144 36 
5 162 8 36 419 36 
5 143 8 36 144 36 
5 189 143 8 36 144 36 
5 189 143 8 36 144 36 
5 189 143 8 36 144 36 
118 119 36 36 
5 189 8 36 144 36 
118 119 36 36 
5 8 36 36 
5 143 8 36 144 36 
5 91 6 92 36 36 
5 91 6 92 36 36 
5 118 8 119 36 144 36 
5 6 8 36 36 
5 189 143 8 36 144 36 
5 143 8 36 144 36 
5 189 143 8 36 144 36 
5 189 143 8 36 144 36 
5 143 8 36 144 36 
5 91 6 92 36 36 
5 143 8 36 144 36 
5 143 8 36 144 36 
5 189 8 36 144 36 
5 189 8 36 144 36 
5 189 8 36 144 36 
5 189 8 36 144 36 
5 189 8 36 144 36 
5 143 8 36 144 36 
5 143 8 36 144 36 
5 8 36 36 
5 143 8 36 144 36 
5 189 8 36 144 36 
5 189 8 36 144 36 
5 36 36 
118 119 36 36 
5 189 8 36 144 36 
5 189 8 36 144 36 
5 189 8 36 144 36 
5 189 8 36 144 36 
5 91 6 92 36 36 
118 173 36 36 
5 8 36 36 
5 8 36 36 
5 143 8 36 144 36 
5 143 8 36 144 36 
5 143 8 36 144 36 
5 143 8 36 144 36 
5 143 8 36 144 36 
5 143 8 36 144 36 
5 143 8 36 144 36 
5 189 8 36 144 36 
5 189 8 36 144 36 
5 189 8 36 144 36 
5 143 8 36 144 36 
5 143 8 36 144 36 
5 143 8 36 144 36 
5 189 8 36 144 36 
5 189 8 36 144 36 
5 189 8 36 144 36 
5 8 36 36 
5 189 8 36 144 36 
5 143 8 36 144 36 
5 143 8 36 144 36 
5 8 36 36 
5 8 36 36 
5 8 36 36 
118 119 36 36 
5 143 8 36 144 36 
5 91 6 92 36 36 
5 91 6 92 36 36 
5 143 8 36 144 36 
5 143 8 36 144 36 
5 91 6 92 36 36 
5 91 6 92 36 36 
5 189 8 36 144 36 
5 143 8 36 144 36 
5 143 8 36 144 36 
5 8 36 36 
5 189 8 36 144 36 
5 91 6 92 36 36 
5 91 6 92 36 36 
5 8 36 36 
5 8 36 36 
5 143 101 8 36 144 36 
5 143 8 36 144 36 
5 143 8 36 144 36 
5 91 6 92 36 36 
5 230 11 10 36 253 125 36 
5 143 8 36 144 36 
5 143 8 36 144 36 
21 22 36 68 24 36 
5 189 8 36 144 36 
5 143 8 36 144 36 
5 143 8 36 144 36 
118 119 36 36 
5 189 8 36 144 36 
5 143 8 36 144 36 
5 143 8 36 144 36 
5 189 143 8 36 144 36 
5 8 36 36 
118 173 119 36 36 
5 189 8 36 144 36 
5 189 8 36 144 36 
5 91 6 92 36 36 
118 119 36 36 
5 143 8 36 144 36 
5 91 6 92 36 36 
5 143 8 36 144 36 
5 8 36 36 
5 8 36 36 
5 189 143 8 36 144 36 
5 173 118 8 36 144 36 
5 143 8 36 144 36 
5 8 36 36 
5 143 8 36 144 36 
5 91 6 92 36 36 
5 143 8 36 144 36 
5 143 8 36 144 36 
5 143 8 36 144 36 
118 119 36 36 
5 143 8 36 144 36 
5 143 8 36 144 36 
118 132 36 36 
5 143 8 36 144 36 
5 8 36 36 
5 8 36 144 36 
5 8 36 144 36 
5 189 8 36 144 36 
5 91 6 92 36 36 
142 36 36 
142 36 36 
142 36 36 
5 143 8 36 144 36 
5 8 36 36 
5 91 6 92 36 36 
5 91 6 92 36 36 
5 189 143 8 36 144 36 
5 143 8 36 144 36 
5 189 8 36 144 36 
5 143 8 36 144 36 
5 143 8 36 144 36 
5 143 8 36 144 36 
5 8 36 36 
5 189 8 36 144 36 
5 189 8 36 144 36 
5 8 156 36 144 36 
5 189 8 36 144 36 
5 118 8 119 36 36 
5 143 8 36 144 36 
5 143 8 36 144 36 
5 8 36 36 
5 8 36 36 
5 189 8 36 144 36 
5 91 6 92 36 36 
5 91 6 92 36 36 
5 189 143 8 36 144 36 
5 189 143 8 36 144 36 
5 143 8 36 144 36 
5 143 8 36 144 36 
5 143 8 36 144 36 
5 189 8 36 144 36 
5 8 36 36 
5 8 36 36 
5 8 36 36 
5 143 8 36 144 36 
118 119 36 36 
5 189 8 36 144 36 
5 189 8 36 144 36 
5 143 8 36 144 36 
5 143 8 36 144 36 
5 143 8 36 144 36 
5 143 8 36 144 36 
5 143 8 36 144 36 
5 143 8 36 144 36 
5 91 6 92 36 36 
5 91 6 92 36 36 
118 119 36 36 
5 143 8 36 144 36 
5 189 143 8 36 144 36 
5 143 8 36 144 36 
5 162 8 36 419 36 
5 8 36 36 
118 132 36 36 
118 132 36 36 
5 189 8 36 144 36 
5 189 8 36 144 36 
5 143 8 36 144 36 
5 8 36 144 36 
5 143 8 36 144 36 
5 91 6 92 36 36 
5 143 8 36 144 36 
5 118 8 119 36 144 36 
5 118 8 119 36 144 36 
5 189 8 36 144 36 
5 143 8 36 144 36 
5 143 8 36 144 36 
5 189 8 36 144 36 
5 189 8 36 144 36 
5 189 8 36 144 36 
493 254 36 36 
5 143 8 36 144 36 
5 91 6 92 36 36 
5 143 8 36 144 36 
5 8 36 36 
5 143 8 36 144 36 
5 143 8 36 144 36 
5 143 8 36 144 36 
118 119 132 36 36 
5 143 8 36 144 36 
5 189 143 8 36 144 36 
5 189 143 8 36 144 36 
5 189 8 36 144 36 
5 189 8 36 144 36 
5 600 230 6 243 11 10 36 253 125 36 
5 143 8 36 144 36 
118 119 36 36 
5 143 8 36 144 36 
5 143 8 36 144 36 
5 143 8 36 144 36 
118 132 36 36 
5 189 8 36 144 36 
118 173 119 36 36 
5 143 8 36 144 36 
118 119 36 36 
118 132 36 36 
5 91 6 92 36 36 
5 91 6 92 36 36 
5 8 36 36 
5 143 8 36 144 36 
5 189 8 36 144 36 
5 91 6 8 92 36 144 36 
5 143 8 36 144 36 
5 143 8 36 144 36 
5 143 8 36 144 36 
5 143 8 36 144 36 
118 119 36 36 
5 143 8 36 144 36 
5 8 36 36 
5 143 8 36 144 36 
5 143 8 36 144 35 36 
5 143 8 36 144 36 
5 143 8 36 144 36 
5 91 6 8 92 36 144 36 
5 8 36 36 
5 189 8 36 144 36 
5 143 8 36 144 36 
5 91 6 8 92 36 144 36 
5 91 6 8 92 36 144 36 
5 143 8 36 144 36 
5 143 8 36 144 36 
118 119 36 36 
5 143 8 36 144 36 
5 143 8 36 144 36 
5 143 8 36 144 36 
5 189 8 36 144 36 
5 189 8 36 144 36 
5 189 8 36 144 36 
5 8 36 36 
118 119 36 36 
5 143 8 36 144 36 
5 143 8 36 144 36 
5 8 156 36 144 36 
5 143 8 36 144 36 
5 143 8 36 144 36 
5 91 6 92 36 36 
5 91 6 92 36 36 
5 91 6 92 36 36 
5 8 36 36 
5 143 8 36 144 36 
5 143 8 36 144 36 
5 8 36 36 
118 132 36 36 
5 189 8 36 144 36 
118 119 36 36 
118 119 36 36 
5 36 36 
5 8 36 36 
5 423 162 8 36 36 
5 189 143 8 36 144 36 
5 143 8 36 144 36 
5 143 8 36 144 36 
5 8 36 144 36 
5 8 36 36 
5 8 36 36 
5 143 8 36 144 36 
5 8 36 36 
5 91 6 92 36 36 
5 143 8 36 144 36 
5 143 8 36 144 36 
5 91 6 92 36 36 
5 189 8 36 144 36 
5 189 143 8 36 144 36 
5 189 143 8 36 144 36 
5 91 6 92 36 36 
5 91 6 92 36 36 
5 189 143 8 36 144 36 
5 189 143 8 36 144 36 
5 91 6 92 36 61 36 
5 143 8 36 144 36 
5 143 8 36 144 36 
5 189 143 8 36 144 36 
5 91 6 92 36 36 
5 8 36 36 
5 189 8 36 144 36 
5 189 8 36 144 36 
5 189 8 36 144 36 
5 143 8 36 144 36 
5 143 8 36 144 36 
5 143 8 36 144 36 
5 189 143 8 36 144 36 
5 189 8 36 144 36 
5 8 36 36 
5 189 8 36 144 36 
5 143 8 36 144 36 
5 143 8 36 144 36 
5 143 8 36 144 36 
5 143 8 36 144 36 
5 118 8 119 36 144 36 
118 132 36 36 
5 143 8 36 144 36 
5 91 6 92 36 36 
5 143 8 36 144 36 
5 143 8 36 144 36 
5 143 8 36 144 36 
5 143 8 36 144 36 
5 143 8 36 144 36 
5 143 8 36 144 36 
118 119 36 36 
5 143 8 36 144 36 
5 189 8 36 144 36 
5 189 8 36 144 36 
5 189 8 36 144 36 
5 189 8 36 144 36 
5 189 8 36 144 36 
5 143 8 36 144 36 
5 91 6 92 36 36 
5 143 8 36 144 36 
118 132 36 36 
5 21 8 36 144 68 24 36 
5 91 6 92 36 36 
5 91 6 92 36 36 
5 91 6 92 36 36 
5 91 6 92 36 36 
5 143 8 36 144 36 
118 119 36 36 
5 189 8 36 144 36 
5 143 8 36 144 36 
5 189 143 8 36 144 36 
5 143 8 36 144 36 
5 143 8 36 144 36 
5 91 6 92 36 36 
5 8 36 36 
5 143 8 36 144 36 
5 8 36 36 
118 119 36 36 
5 8 36 36 
5 161 459 8 36 36 
5 161 459 8 36 36 
5 91 6 8 92 36 144 36 
5 143 8 36 144 36 
5 143 8 36 144 36 
5 189 8 389 461 390 36 144 672 36 
5 8 36 36 
5 91 6 92 36 36 
5 91 6 92 36 36 
5 189 8 36 144 36 
5 91 6 92 36 36 
5 91 6 92 36 36 
5 143 8 674 36 144 36 
5 91 6 92 36 36 
5 189 143 8 36 144 36 
118 119 36 36 
5 143 8 36 144 36 
5 91 6 92 36 36 
5 91 6 92 36 36 
5 91 6 92 36 36 
5 8 36 36 
5 143 8 36 144 36 
5 8 36 36 
118 119 36 36 
118 119 36 36 
118 119 36 36 
118 119 36 36 
118 119 36 36 
5 143 8 36 144 36 
5 143 8 36 144 36 
5 91 6 8 92 36 144 36 
5 189 8 36 144 36 
5 143 8 36 144 36 
5 143 8 36 144 36 
5 143 8 36 144 36 
118 119 36 36 
118 119 36 36 
5 189 143 8 36 144 36 
5 143 8 36 144 36 
5 8 36 36 
5 8 36 36 
5 8 36 36 
5 8 36 36 
5 189 143 8 36 144 36 
5 189 143 8 36 144 36 
5 143 8 36 144 36 
5 143 8 36 144 36 
5 143 8 36 144 36 
5 143 8 36 144 36 
5 143 8 36 144 36 
5 189 8 36 144 36 
5 8 36 36 
5 189 8 36 144 36 
5 6 36 61 36 
5 143 8 36 144 36 
5 91 6 92 8 36 36 
5 143 8 36 144 36 
5 143 8 36 144 36 
5 189 8 36 144 36 
5 8 36 36 
5 143 8 36 144 36 
118 119 36 36 
5 91 6 92 36 36 
5 143 8 36 144 36 
118 119 36 36 
5 143 8 36 144 36 
5 143 8 36 144 36 
5 189 8 36 144 36 
5 189 8 36 144 36 
5 143 8 36 144 36 
5 189 8 36 144 36 
5 189 143 8 36 144 36 
118 119 36 36 
5 143 8 36 144 36 
5 143 8 36 144 36 
5 143 8 36 144 36 
5 143 8 36 144 36 
118 119 36 36 
5 143 8 36 144 36 
5 8 36 36 
5 189 8 36 144 36 
5 189 8 36 144 36 
5 189 8 36 144 36 
5 189 8 36 144 36 
5 189 8 36 144 36 
5 189 8 36 144 36 
5 143 8 36 144 36 
5 91 6 92 36 36 
5 91 6 92 36 36 
5 189 143 8 36 144 36 
5 189 143 8 36 144 36 
5 189 8 36 144 36 
5 189 8 36 144 36 
118 119 36 36 
5 91 6 92 36 36 
5 189 8 36 144 36 
5 143 8 36 144 36 
5 143 8 36 144 36 
5 8 36 36 
5 8 36 36 
5 91 6 92 36 36 
5 8 36 36 
5 8 36 36 
5 143 8 36 144 36 
5 189 8 36 144 36 
5 189 8 36 144 36 
5 189 8 36 144 36 
5 189 8 36 144 36 
5 189 8 36 144 36 
5 189 8 36 144 36 
5 189 8 36 144 36 
5 143 8 36 144 36 
5 143 8 36 144 36 
118 119 36 36 
118 119 36 36 
5 8 36 36 
5 143 8 36 144 36 
5 91 6 92 36 36 
5 189 8 36 144 36 
5 143 8 36 144 36 
5 189 8 36 144 36 
5 143 8 36 144 36 
5 91 6 92 36 36 
5 143 8 36 144 36 
5 8 36 36 
5 143 8 36 144 36 
5 189 8 36 144 36 
5 189 8 36 144 36 
5 189 8 36 144 36 
5 189 8 36 144 36 
5 189 8 36 144 36 
5 189 143 8 36 144 36 
5 91 6 92 36 36 
118 119 36 36 
5 8 36 122 36 
5 143 8 36 144 36 
118 119 36 36 
5 189 8 36 144 36 
118 119 36 36 
5 91 6 92 36 36 
5 8 36 36 
118 119 36 36 
5 8 36 36 
5 189 8 36 144 36 
5 189 143 8 36 144 36 
118 119 36 36 
5 143 8 36 144 36 
5 8 36 36 
5 91 6 92 36 36 
118 119 36 36 
5 8 36 36 
5 143 8 36 144 36 
118 119 36 36 
5 91 6 92 36 36 
118 132 36 36 
5 189 8 36 144 36 
5 189 8 36 144 36 
5 189 8 36 144 122 36 
5 143 8 36 144 36 
5 91 6 92 36 36 
118 119 36 36 
5 143 8 36 144 36 
5 143 8 36 144 36 
5 143 8 36 144 36 
5 8 36 36 
5 91 6 92 36 36 
5 143 8 36 144 36 
118 119 36 36 
5 189 8 36 144 36 
118 119 36 36 
5 143 8 36 144 36 
142 36 36 
5 91 6 92 36 36 
5 189 8 36 144 36 
5 143 8 36 144 36 
118 119 36 122 36 
5 91 6 92 36 36 
5 91 6 92 36 36 
5 91 6 92 36 36 
5 91 6 92 36 36 
5 189 8 36 144 36 
5 189 8 36 144 36 
5 6 8 36 144 36 
118 119 36 36 
5 143 8 36 144 36 
5 8 36 36 
5 91 6 92 36 36 
5 91 6 92 36 36 
5 189 8 36 144 36 
5 143 8 36 144 36 
5 36 36 
5 36 36 
5 8 36 144 36 
5 8 36 144 36 
5 8 36 144 36 
5 8 36 144 36 
5 143 8 36 144 36 
5 8 36 36 
5 8 36 144 36 
5 8 36 144 36 
5 8 36 144 36 
5 8 36 144 36 
5 8 36 144 36 
5 8 36 144 36 
5 8 36 36 
5 8 36 144 36 
5 8 36 144 36 
5 8 36 144 36 
5 8 36 144 36 
5 8 36 144 36 
5 36 36 
5 8 36 144 36 
5 8 36 144 36 
5 8 36 144 36 
5 36 36 
5 8 36 144 36 
5 8 36 144 36 
5 8 36 144 36 
5 8 36 144 36 
5 8 36 144 36 
5 8 36 144 36 
5 8 36 144 36 
5 8 36 144 36 
5 8 36 144 36 
5 8 36 144 36 
5 8 36 144 36 
5 8 36 144 36 
5 8 36 144 36 
5 8 36 144 36 
5 8 36 144 36 
5 8 36 144 36 
5 8 36 144 36 
5 8 36 144 36 
5 8 36 144 36 
5 8 36 144 36 
5 8 36 144 36 
5 8 36 144 36 
5 8 36 36 
5 36 36 
5 8 36 144 36 
5 8 36 144 36 
5 8 36 144 36 
5 8 36 144 36 
5 8 36 144 36 
5 8 36 144 36 
5 8 36 144 36 