5 21 8 37 24 8 
5 6 8 8 
5 8 69 70 8 
5 8 165 8 
5 8 8 
5 8 8 
5 8 8 
5 8 8 
5 8 8 
5 8 8 
5 8 8 
5 8 8 
5 8 8 
5 8 8 
5 8 8 
5 8 8 
5 8 8 
5 8 8 
5 8 8 
5 8 8 
5 231 8 8 
5 231 8 8 
5 8 8 
5 8 8 
5 8 8 
5 8 8 
5 8 8 
5 8 8 
5 8 12 8 
5 8 8 
5 8 8 
5 8 8 
5 8 8 
5 8 8 
5 8 8 
5 8 36 130 8 
5 8 8 
5 8 8 
5 8 35 8 
5 8 35 8 
5 8 8 
5 137 101 8 8 
5 8 120 8 
5 8 8 
5 8 8 
5 8 8 
5 8 8 
5 8 8 
5 8 8 
5 8 8 
5 8 8 
5 8 8 
5 254 8 36 255 8 
5 254 8 36 255 8 
5 254 8 36 255 8 
5 254 8 36 255 8 
5 254 8 36 255 8 
5 254 8 36 255 8 
5 254 8 36 255 8 
5 254 8 36 255 8 
5 254 8 36 255 8 
5 254 8 36 255 8 
5 254 8 36 255 8 
5 254 8 36 255 8 
5 254 8 36 255 8 
5 254 8 36 255 8 
5 254 8 36 255 8 
5 254 8 36 255 8 
5 254 8 36 255 8 
5 8 8 
5 8 8 
5 8 8 
5 8 8 
5 8 8 
5 8 8 
5 8 8 
5 8 8 
5 8 8 
5 8 8 
5 8 8 
5 8 8 
5 8 8 
5 8 8 
5 8 8 
5 8 8 
5 8 8 
5 6 8 9 8 
5 8 8 
5 8 8 
5 8 8 
5 8 8 
5 8 8 
5 8 8 
5 8 8 
5 8 12 8 
5 8 8 
5 8 8 
5 8 8 
5 8 8 
5 8 8 
5 8 8 
5 8 8 
5 8 8 
5 8 8 
5 8 8 
5 8 8 
5 8 8 
5 8 8 
5 8 8 
5 101 8 102 8 
5 8 8 
5 8 8 
5 6 8 9 8 
5 231 8 8 
5 528 8 8 
5 528 8 8 
5 8 8 
5 8 8 
5 8 8 
5 162 8 8 
5 162 8 8 
5 162 8 8 
5 162 8 8 
5 162 8 8 
5 162 8 8 
5 232 8 527 8 
5 8 8 
5 8 8 
5 6 8 8 
5 6 8 8 
5 6 8 8 
5 6 8 8 
5 6 8 8 
5 104 21 22 8 68 24 8 
5 8 8 
5 8 8 
5 8 8 
5 8 8 
5 8 8 
5 8 8 
5 8 8 
5 8 8 
5 8 8 
5 8 8 
5 8 8 
5 8 8 
5 8 8 
5 8 8 
5 8 8 
5 8 8 
5 8 8 
5 8 8 
5 8 8 
5 8 8 
5 8 8 
5 8 8 
5 118 8 119 36 8 
5 8 8 
5 8 8 
5 8 8 
5 8 8 
5 8 8 
5 8 8 
5 8 8 
5 162 8 198 8 
5 8 8 
5 8 8 
5 8 8 
5 8 8 
5 8 8 
5 8 8 
5 8 8 
5 8 8 
5 8 8 
5 8 8 
5 8 8 
5 8 8 
5 8 8 
5 8 8 
5 8 8 
5 8 8 
5 8 8 
5 8 8 
5 8 8 
5 8 8 
5 8 8 
5 8 8 
5 8 8 
5 8 8 
5 8 8 
5 231 8 8 
5 8 165 8 
5 8 165 8 
5 8 165 8 
5 8 165 8 
5 8 165 8 
5 8 165 8 
5 8 165 8 
5 8 35 8 
5 8 144 8 
5 8 144 8 
5 231 8 8 
5 231 8 8 
5 8 12 8 
5 8 8 
5 8 8 
5 8 8 
5 8 8 
5 8 8 
5 91 6 92 8 8 
5 8 8 
5 8 8 
5 8 8 
5 8 8 
5 8 35 8 
5 171 162 418 8 8 
5 8 8 
5 8 8 
5 8 8 
5 8 8 
5 8 8 
5 8 8 
5 8 8 
5 8 8 
5 231 8 8 
5 231 8 8 
5 8 8 
5 8 8 
5 8 8 
5 8 8 
5 8 8 
5 8 8 
5 6 8 8 
5 8 8 
5 8 8 
5 8 8 
5 8 8 
5 8 8 
5 231 8 8 
5 231 8 8 
5 8 8 
5 8 8 
5 8 8 
5 8 8 
5 8 8 
5 8 8 
5 8 8 
5 8 8 
5 8 8 
5 6 8 8 
5 6 8 8 
5 6 8 8 
5 8 8 
5 8 8 
5 8 8 
5 8 8 
5 8 8 
5 8 8 
5 8 8 
5 231 529 8 8 
5 8 165 8 
5 8 165 8 
5 8 8 
5 8 8 
5 8 8 
5 8 8 
5 8 8 
5 8 8 
5 8 8 
5 8 8 
5 8 8 
5 8 8 
5 8 8 
5 8 8 
5 231 8 8 
5 231 8 8 
5 8 8 
5 8 8 
5 231 8 8 
5 131 8 8 
5 8 8 
5 231 8 8 
5 231 8 8 
5 8 8 
5 8 8 
5 8 8 
5 8 8 
5 8 8 
5 8 8 
5 8 8 
5 8 8 
5 8 35 8 
5 231 8 8 
5 231 8 8 
5 231 8 8 
5 231 8 8 
5 231 8 8 
5 8 8 
5 8 8 
5 8 8 
5 8 8 
5 8 8 
5 8 8 
5 8 8 
5 8 8 
5 8 8 
5 8 8 
5 8 8 
5 8 8 
5 8 8 
5 8 8 
5 8 8 
5 8 8 
5 8 8 
5 8 8 
5 8 8 
5 8 8 
5 8 8 
5 8 8 
5 8 8 
5 8 8 
5 8 8 
5 8 8 
5 8 8 
5 8 8 
5 8 8 
5 8 8 
5 8 8 
5 8 8 
5 254 8 36 255 8 
5 254 8 36 255 8 
5 254 8 36 255 8 
5 254 8 36 255 8 
5 254 8 36 255 8 
5 254 8 36 255 8 
5 254 8 36 255 8 
5 254 8 36 255 8 
5 8 8 
5 8 8 
5 8 8 
5 254 8 36 255 8 
5 254 8 36 255 8 
5 254 8 36 255 8 
5 254 8 36 255 8 
5 254 8 36 255 8 
5 254 8 36 255 8 
5 254 8 36 255 8 
5 254 8 36 255 8 
5 254 8 36 255 8 
5 254 8 36 255 8 
5 8 8 
5 8 8 
5 8 8 
5 8 8 
5 8 8 
5 8 8 
5 8 8 
5 8 8 
5 8 35 8 
5 8 8 
5 8 8 
5 231 8 8 
5 8 8 
5 8 8 
5 8 8 
5 8 8 
5 8 8 
5 8 8 
5 8 8 
5 8 8 
5 231 8 8 
5 8 8 
5 8 8 
5 8 8 
5 8 8 
5 8 8 
5 8 8 
5 8 8 
5 8 8 
5 8 8 
5 231 8 8 
5 8 8 
5 6 31 8 8 
5 231 8 8 
5 101 373 8 8 
5 8 120 8 
5 8 120 8 
5 8 120 8 
5 8 120 8 
5 8 8 
5 8 8 
5 8 8 
5 8 8 
5 231 8 8 
5 8 8 
5 231 8 8 
5 231 8 8 
5 231 8 8 
5 231 8 8 
5 231 8 8 
5 231 8 8 
5 8 8 
5 8 8 
5 8 8 
5 8 8 
5 8 8 
5 8 8 
5 8 8 
5 8 8 
5 8 8 
5 8 8 
5 8 8 
5 8 8 
5 8 8 
5 8 8 
5 8 8 
5 8 8 
5 8 8 
5 8 8 
5 8 8 
5 8 8 
5 8 8 
5 8 8 
5 8 8 
5 8 8 
5 8 8 
5 8 8 
5 8 8 
5 8 35 8 
5 8 8 
5 8 8 
5 8 8 
5 8 8 
5 8 8 
5 8 8 
5 8 8 
5 8 8 
5 8 8 
5 8 8 
5 8 8 
5 162 8 8 
5 162 8 8 
5 162 8 8 
5 162 8 8 
5 101 8 523 8 
5 8 8 
5 8 8 
5 8 8 
5 8 12 8 
5 254 8 36 255 8 
5 254 8 36 255 8 
5 254 8 36 255 8 
5 254 8 36 255 8 
5 254 8 36 255 8 
5 254 8 36 255 8 
5 254 8 36 255 8 
5 254 8 36 255 8 
5 254 8 36 255 8 
5 254 8 36 255 8 
5 254 8 36 255 8 
5 8 8 
5 8 8 
5 8 8 
5 8 8 
5 8 8 
5 8 8 
5 8 8 
5 8 8 
5 8 8 
5 8 8 
5 8 8 
5 8 8 
5 8 8 
5 8 8 
5 231 8 8 
5 8 8 
5 8 8 
5 8 8 
5 8 8 
5 8 8 
5 8 8 
5 8 8 
5 8 8 
5 8 8 
5 8 8 
5 8 8 
5 8 8 
5 8 8 
5 8 8 
5 8 8 
5 8 8 
5 8 8 
5 8 8 
5 8 8 
5 8 8 
5 254 8 36 255 8 
5 254 8 36 255 8 
5 254 8 36 255 8 
5 254 8 36 255 8 
5 254 8 36 255 8 
5 8 8 
5 8 8 
5 8 8 
5 8 8 
5 8 8 
5 8 8 
5 8 8 
5 8 8 
5 6 8 61 35 8 
5 8 8 
5 8 8 
5 8 8 
5 8 8 
5 8 8 
5 6 8 61 8 
5 8 8 
5 231 8 8 
5 21 8 8 
5 8 8 
5 8 8 
5 8 8 
5 8 8 
5 8 8 
5 8 8 
5 8 8 
5 8 8 
5 8 8 
5 8 8 
5 8 8 
5 8 8 
5 8 8 
5 101 8 8 
5 8 8 
5 254 8 36 255 8 
5 254 8 36 255 8 
5 254 8 36 255 8 
5 254 8 36 255 8 
5 8 8 
5 8 8 
5 8 8 
5 8 8 
5 8 8 
5 8 8 
5 6 8 8 
5 6 8 8 
5 8 8 
5 8 8 
5 8 8 
5 8 8 
5 8 8 
5 8 8 
5 8 8 
5 8 8 
5 8 8 
5 8 12 8 
5 8 8 
5 8 8 
5 8 8 
5 8 8 
5 8 8 
5 8 8 
5 8 8 
5 8 8 
5 8 8 
5 8 8 
5 8 8 
5 8 8 
5 8 8 
5 8 8 
5 8 8 
5 8 8 
5 8 8 
5 8 8 
5 8 8 
5 8 8 
5 8 8 
5 8 8 
5 8 8 
5 8 8 
5 8 8 
5 8 8 
5 8 8 
5 8 8 
5 8 8 
5 8 8 
5 8 8 
5 231 8 8 
5 8 8 
5 8 8 
5 8 8 
5 8 8 
5 8 8 
5 8 8 
5 8 8 
5 8 8 
5 8 8 
5 8 8 
5 8 8 
5 8 8 
5 8 8 
5 8 8 
5 8 8 
5 62 6 63 8 8 
5 162 8 8 
5 162 8 8 
5 162 8 8 
5 162 8 8 
5 162 8 8 
5 162 8 8 
5 162 8 8 
5 162 8 8 
5 8 8 
5 8 8 
5 8 8 
5 8 8 
5 8 8 
5 8 8 
5 8 8 
5 8 8 
5 8 8 
5 8 8 
5 8 8 
5 8 8 
5 8 8 
5 8 8 
5 8 8 
5 8 8 
5 8 8 
5 8 8 
5 8 8 
5 8 8 
5 8 8 
5 8 8 
5 8 8 
5 8 8 
5 8 8 
5 8 8 
5 8 8 
5 254 8 36 255 8 
5 254 8 36 255 8 
5 254 8 36 255 8 
5 8 8 
5 8 8 
5 8 8 
5 8 8 
5 8 8 
5 8 8 
5 8 8 
5 8 8 
5 8 8 
5 8 8 
5 8 8 
5 8 8 
5 8 8 
5 8 8 
5 8 8 
5 8 8 
5 8 8 
5 8 8 
5 8 8 
5 8 8 
5 8 8 
5 162 8 8 
5 8 8 
5 8 8 
5 162 8 198 8 
5 8 8 
5 8 8 
5 8 8 
5 8 8 
5 8 8 
5 8 8 
5 8 8 
5 8 8 
5 8 8 
5 8 8 
5 8 8 
5 8 8 
5 8 8 
5 8 8 
5 231 8 8 
5 8 8 
5 8 8 
5 8 8 
5 8 8 
5 8 8 
5 62 6 63 8 8 
5 232 8 233 8 
5 8 35 8 
5 8 165 8 
5 8 8 
5 8 144 8 
5 8 144 8 
5 8 144 8 
5 8 144 8 
5 8 144 8 
5 8 144 8 
5 8 144 8 
5 8 8 
5 8 165 8 
5 8 8 
5 8 8 
5 8 8 
5 8 8 
5 8 8 
5 8 8 
5 8 8 
5 8 8 
5 131 8 8 
5 231 8 8 
5 8 165 8 
5 8 8 
5 8 8 
5 8 8 
5 8 8 
5 8 8 
5 8 8 
5 231 8 8 
5 8 8 
5 8 8 
5 21 131 8 24 8 
5 21 8 8 
5 8 8 
5 8 8 
5 8 8 
5 8 8 
5 8 8 
5 8 165 8 
5 8 8 
5 8 8 
5 8 8 
5 8 8 
5 8 8 
5 8 8 
5 8 8 
5 8 8 
5 8 8 
5 8 8 
5 8 8 
5 8 8 
5 8 8 
5 8 8 
5 8 8 
5 8 8 
5 8 8 
5 8 8 
5 8 8 
5 8 8 
5 8 8 
5 8 8 
5 8 8 
5 8 8 
5 8 8 
5 8 8 
5 8 8 
5 8 8 
5 8 8 
5 8 8 
5 8 8 
5 8 8 
5 8 8 
5 8 8 
5 8 8 
5 8 8 
5 8 8 
5 8 8 
5 8 8 
5 8 8 
5 8 8 
5 8 8 
5 8 8 
5 8 8 
5 8 8 
5 8 8 
5 8 8 
5 8 8 
5 8 8 
5 8 8 
5 8 8 
5 8 8 
5 8 8 
5 8 8 
5 8 8 
5 8 8 
5 8 8 
5 8 8 
5 8 8 
5 8 8 
5 8 8 
5 8 8 
5 8 8 
5 8 8 
5 8 8 
5 8 8 
5 8 8 
5 8 8 
5 8 8 
5 8 8 
5 8 8 
5 8 8 
5 8 8 
5 8 8 
5 8 8 
5 8 8 
5 8 8 
5 8 8 
5 8 8 
5 8 8 
5 8 8 
5 8 8 
5 8 8 
5 8 8 
5 8 8 
5 8 8 
5 8 8 
5 8 8 
5 8 8 
5 8 8 
5 8 8 
5 8 8 
5 8 8 
5 8 8 
5 8 8 
5 8 8 
5 8 8 
5 8 8 
5 8 8 
5 8 8 
5 8 8 
5 8 8 
5 8 8 
5 8 8 
5 8 8 
5 8 8 
5 8 8 
5 8 8 
5 8 8 
5 8 8 
5 8 8 
5 8 8 
5 8 8 
5 8 8 
5 8 8 
5 8 8 
5 8 8 