5 254 369 8 370 36 8 
5 254 369 8 370 36 8 
5 254 369 8 370 36 8 
5 254 369 8 370 36 8 
5 254 369 8 370 36 8 
5 254 369 8 370 36 8 
5 254 369 8 370 36 8 
5 254 369 8 370 36 8 
5 254 369 8 370 36 8 
5 254 369 8 370 36 8 
5 254 369 8 370 36 8 
5 254 369 8 370 36 8 
5 254 369 8 370 36 8 
5 254 369 8 370 36 8 
5 254 369 8 370 36 8 
5 254 369 8 370 36 8 
5 254 369 8 370 36 8 
5 254 369 8 370 36 8 
5 254 369 8 370 36 8 
5 254 369 8 370 36 8 
5 254 369 8 370 36 8 
5 254 369 8 370 36 8 
5 254 369 8 370 36 8 
5 254 369 8 370 36 8 
5 254 369 8 370 36 8 
5 254 369 8 370 36 8 
5 254 369 8 370 36 8 
5 254 369 8 370 36 8 
5 148 13 8 8 
5 8 8 
5 8 8 
5 6 8 61 8 
5 8 144 201 8 
5 8 8 
5 8 8 
5 8 8 
5 8 8 
5 8 8 
5 8 8 
5 8 8 
5 8 144 8 
5 8 8 
5 8 8 
5 8 8 
5 8 8 
5 8 8 
5 8 8 
5 8 144 8 
5 6 8 61 8 
5 6 8 61 8 
5 6 8 61 8 
5 8 8 
5 8 144 201 8 
5 8 144 201 8 
5 143 8 144 8 
5 8 8 
5 8 8 
5 8 144 201 8 
5 665 112 248 8 113 8 
5 143 8 144 8 
5 8 144 201 8 
5 8 142 36 8 
5 8 142 36 8 
5 8 142 36 8 
5 8 142 36 8 
5 8 142 36 8 
5 8 8 
5 8 8 
5 6 8 61 8 
5 8 144 8 
5 8 144 8 
5 8 144 8 
5 8 144 8 
5 8 144 8 
5 8 144 8 
5 8 144 8 
5 8 144 8 
5 8 144 8 
5 8 144 8 
5 8 144 8 
5 8 144 8 
5 8 144 8 
5 8 8 
5 8 144 201 8 
5 8 144 8 
5 8 144 8 
5 8 144 8 
5 8 144 8 
5 8 8 
5 8 8 
5 8 8 
5 8 8 
5 8 8 
5 6 8 61 8 
5 6 8 61 8 
5 8 8 
5 6 8 61 8 
5 6 8 61 8 
5 6 8 61 8 
5 8 8 
5 8 8 
5 8 8 
5 8 8 
5 8 144 8 
5 8 144 8 
5 8 144 8 
5 8 144 8 
5 8 144 8 
5 8 144 8 
5 8 144 8 
5 8 144 8 
5 8 144 8 
5 8 8 
5 8 144 8 
5 8 144 8 
5 8 8 
5 8 8 
5 8 8 
5 8 8 
5 8 8 
5 189 8 144 8 
5 8 219 8 
5 8 219 8 
5 8 219 8 
5 8 219 8 
5 8 219 8 
5 8 219 8 
5 8 8 
5 8 8 
5 8 8 
5 8 8 
5 8 8 
5 8 8 
5 8 8 
5 8 8 
5 8 8 
5 8 8 
5 8 8 
5 8 8 
5 8 8 
5 8 8 
5 8 8 
5 8 8 
5 8 144 201 8 
5 8 144 201 8 
5 8 144 201 8 
5 8 144 201 8 
5 8 8 
5 8 8 
5 8 8 
5 8 8 
5 8 8 
5 8 8 
5 8 8 
5 8 8 
5 8 8 
5 8 8 
5 8 8 
5 8 8 
5 8 8 
5 8 8 
5 8 8 
5 8 8 
5 8 8 
5 8 8 
5 8 8 
5 8 8 
5 8 8 
5 8 8 
5 8 8 
5 8 8 
5 8 8 
5 8 8 
5 8 8 
5 8 8 
5 8 8 
5 8 8 
5 8 8 
5 8 8 
5 8 8 
5 8 8 
5 8 8 
5 8 8 
5 8 8 
5 8 8 
5 8 8 
5 8 8 
5 8 8 
5 8 8 
5 8 8 
5 8 8 
5 8 8 
5 8 8 
5 8 8 
5 8 8 
5 8 8 
5 8 8 
5 8 144 8 
5 254 369 8 370 142 36 8 
5 8 8 
5 8 8 
5 8 8 
5 8 8 
5 8 8 
5 8 8 
5 8 8 
5 8 8 
5 8 8 
5 8 8 
5 8 8 
5 8 8 
5 8 8 
5 8 8 
5 8 8 
5 8 8 
5 8 144 8 
5 8 144 8 
5 8 144 8 
5 8 144 8 
5 159 8 36 144 130 8 
5 159 8 36 144 130 8 
5 159 8 36 144 130 8 
5 159 8 36 144 130 8 
5 159 8 36 144 130 8 
5 159 8 36 144 130 8 
5 159 8 36 144 130 8 
5 159 8 36 144 130 8 
5 8 69 70 8 
5 8 8 
5 8 144 8 
5 8 8 
5 8 8 
5 143 8 144 8 
5 8 8 
5 8 8 
5 6 8 61 8 
5 8 144 201 8 
5 8 8 
5 8 8 
5 8 8 
5 8 8 
5 8 8 
5 8 8 
5 8 8 
5 8 8 
5 8 8 
5 8 8 
5 8 8 
5 8 8 
5 8 8 
5 8 8 
5 8 8 
5 8 8 
48 5 6 8 8 
5 8 8 
5 8 8 
5 8 8 
5 8 8 
5 8 8 
5 8 8 
5 8 8 
5 8 8 
5 8 8 
5 8 8 
5 8 8 
5 8 8 
5 8 8 
5 8 8 
5 8 8 
5 8 8 
5 8 8 
5 8 8 
5 8 8 
5 8 8 
5 8 8 
5 8 8 
5 8 8 
5 8 8 
5 8 8 
5 8 8 
5 8 8 
5 8 8 
5 8 8 
5 8 8 
5 8 8 
5 8 8 
5 6 8 61 8 
5 8 36 8 
5 8 8 
5 8 8 
5 8 8 
5 8 8 
5 8 8 
5 8 8 
5 6 152 631 8 61 8 
5 8 8 
5 8 8 
5 8 8 
5 8 8 
5 8 8 
5 8 8 
5 8 8 
5 8 8 
5 8 8 
5 8 8 
5 8 8 
5 8 8 
5 8 8 
5 8 8 
5 8 8 
5 6 8 61 8 
5 8 8 
5 8 8 
5 8 8 
5 8 219 8 
5 8 219 8 
5 8 8 
5 8 8 
5 8 8 
5 8 144 8 
5 8 144 8 
5 8 8 
5 8 8 
5 8 8 
5 8 8 
5 8 8 
5 8 8 
5 8 8 
5 8 8 
5 8 8 
5 8 8 
5 8 8 
5 8 8 
5 8 8 
5 8 8 
5 8 8 
5 8 8 
5 8 8 
5 8 8 
5 8 8 
5 8 8 
5 8 8 
5 8 8 
5 8 8 
5 8 8 
5 8 8 
5 8 8 
5 6 8 61 8 
5 6 8 61 8 
5 8 8 
5 8 8 
5 8 8 
5 8 8 
5 8 144 8 
5 8 8 
5 8 8 
5 8 8 
5 8 8 
5 8 8 
5 8 8 
5 8 8 
5 8 144 8 
5 8 144 8 
5 8 8 
5 8 8 
5 8 8 
5 8 8 
5 6 8 61 8 
5 6 8 61 8 
5 8 144 8 
5 8 8 
5 6 8 61 8 
5 6 8 61 8 
5 6 8 61 8 
5 6 8 61 8 
5 6 8 61 8 
5 6 8 61 8 
5 6 8 61 8 
5 6 8 61 8 
5 6 8 61 8 
5 6 8 61 8 
5 6 8 61 8 
5 6 8 61 8 
5 6 8 61 8 
5 6 8 61 8 
5 6 8 61 8 
5 6 8 61 8 
5 8 8 
5 8 8 
5 6 8 61 8 
5 6 8 61 8 
5 6 8 61 8 
5 6 8 61 8 
5 8 144 8 
5 8 144 8 
5 8 144 8 
5 8 144 8 
5 8 144 8 
5 8 144 8 
5 8 144 8 
5 8 144 8 
5 8 144 8 
5 8 144 8 
5 8 144 8 
5 8 144 8 
5 8 144 8 
5 8 144 8 
5 8 144 8 
5 8 144 8 
5 8 144 201 8 
5 8 8 
5 148 6 13 8 61 8 
5 254 8 36 255 8 
5 8 8 
5 8 8 
5 8 8 
5 8 8 
5 8 8 
5 8 8 
5 8 8 
5 8 8 
5 8 8 
5 8 8 
5 8 8 
5 8 8 
5 8 8 
5 8 8 
5 8 8 
5 8 8 
5 8 8 
5 8 8 
5 8 8 
5 8 8 
5 8 8 
5 8 8 
5 8 8 
5 8 144 8 
5 8 144 8 
5 8 8 
5 8 8 
5 8 8 
5 8 8 
5 8 8 
5 8 8 
5 8 8 
5 8 8 
5 8 165 8 
5 8 8 
5 8 8 
5 8 8 
5 8 144 8 
5 8 8 
5 8 8 
5 8 8 
5 8 8 
5 8 8 
5 8 8 
5 8 8 
5 8 8 
5 8 8 
5 8 8 
5 8 8 
5 8 8 
5 8 8 
5 8 8 
5 8 8 
5 8 8 
5 162 8 8 
5 8 8 
5 8 8 
5 8 8 
5 8 8 
5 8 8 
5 8 8 
5 8 8 
5 8 8 
5 8 8 
5 8 8 
5 8 8 
5 8 8 
5 8 8 
5 8 8 
5 8 8 
5 8 8 
5 8 8 
5 8 8 
5 8 8 
5 8 8 
5 8 8 
5 8 8 
5 8 8 
5 8 144 8 
5 8 8 
5 8 8 
5 6 8 61 8 
5 6 8 61 8 
5 6 8 61 8 
5 6 8 61 8 
5 8 8 
5 8 8 
5 6 8 61 8 
5 8 8 
5 8 8 
5 8 8 
5 8 8 
5 8 8 
5 8 8 
5 8 8 
5 8 8 
5 8 8 
5 8 8 
5 8 8 
5 8 8 
5 148 13 8 8 
5 148 13 8 8 
5 148 13 8 8 
5 148 13 8 8 
5 148 13 8 8 
5 148 13 8 8 
5 148 13 8 8 
5 8 8 
5 8 8 
5 8 8 
5 503 8 11 10 8 
5 8 8 
5 8 8 
5 6 8 61 8 
5 162 8 170 8 
5 8 8 
5 8 8 
5 8 8 
5 8 8 
5 8 8 
5 8 8 
5 8 8 
5 8 8 
5 8 8 
5 8 8 
5 8 8 
5 8 8 
5 8 8 
5 8 8 
5 8 8 
5 8 8 
5 8 8 
5 8 8 
5 8 8 
5 8 8 
5 8 8 
5 8 144 201 8 
5 8 8 
5 8 8 
5 8 8 
5 8 8 
5 8 8 
5 8 8 
5 8 8 
5 8 8 
5 8 8 
5 8 8 
5 6 8 61 8 
5 8 8 
5 8 144 8 
5 8 144 8 
5 8 144 8 
5 8 8 
5 8 8 
5 8 8 
5 8 8 
5 8 8 
5 8 8 
5 8 8 
5 8 8 
5 8 8 
5 8 8 
5 8 8 
5 8 8 
5 8 8 
5 8 8 
5 8 8 
5 8 8 
5 8 8 
5 8 8 
5 8 8 
5 8 8 
5 8 8 
5 8 8 
5 8 8 
5 6 8 61 8 
5 159 152 8 36 153 130 8 
5 8 8 
5 8 8 
5 8 8 
5 8 8 
5 8 8 
5 8 8 
5 8 8 
5 8 8 
5 8 8 
5 8 8 
5 8 8 
5 8 8 
5 8 8 
5 8 8 
5 8 144 201 8 
5 8 8 
5 8 8 
5 8 8 
5 8 8 
5 148 13 8 8 
5 254 369 8 370 36 144 8 
5 254 369 8 370 36 144 8 
5 8 8 
5 8 8 
5 8 8 
5 8 8 
5 8 8 
5 8 8 
5 8 8 
5 8 8 
5 8 8 
5 8 8 
5 8 8 
5 8 8 
5 8 8 
5 8 8 
5 143 8 144 8 
5 8 144 201 8 
5 8 8 
5 8 8 
5 8 8 
5 8 8 
5 8 8 
5 8 8 
5 8 8 
5 8 8 
5 8 8 
5 8 8 
5 8 8 
5 8 8 
5 8 8 
5 8 8 
5 8 8 
5 8 8 
5 8 8 
5 8 8 
5 8 8 
5 8 8 
5 8 8 
5 8 8 
5 8 8 
5 8 8 
5 8 8 
5 8 8 
5 8 8 
5 8 144 8 
5 8 144 8 
5 8 8 
5 8 8 
5 8 8 
5 8 8 
5 8 8 
5 8 8 
5 8 8 
5 8 8 
5 8 8 
5 8 8 
5 8 8 
5 8 8 
5 8 8 
5 8 8 
5 8 8 
5 8 8 
5 8 8 
5 8 8 
5 8 8 
5 8 8 
5 8 8 
5 8 8 
5 8 8 
5 8 8 
5 8 8 
5 8 8 
5 8 8 
5 8 8 
5 8 8 
5 8 8 
5 8 8 
5 8 8 
5 8 8 
5 8 8 
5 8 8 
5 8 8 
5 6 8 8 
5 8 8 
5 8 8 
5 8 8 
5 8 8 
5 8 8 
5 8 8 
5 8 8 
5 8 8 
5 8 8 
5 8 8 
5 8 8 
5 8 8 
5 8 8 
5 8 8 
5 8 8 
5 8 8 
5 8 8 
5 8 8 
5 8 8 
5 8 8 
5 8 8 
5 8 8 
5 8 8 
5 8 8 
5 8 8 
5 8 8 
5 8 8 
5 8 8 
5 8 8 
5 8 8 
5 8 8 
5 8 8 
5 8 8 
5 8 8 
5 8 8 
5 8 8 
5 8 8 
5 8 8 
5 8 8 
5 8 8 
5 8 8 
5 8 8 