5 62 6 63 6 
5 62 6 63 6 
5 62 6 63 6 
5 62 6 63 6 
5 62 6 63 6 
5 6 6 
5 6 6 
5 6 6 
5 6 6 
5 6 6 
5 6 6 
5 6 6 
5 6 6 
5 6 6 
5 6 6 
5 6 6 
5 6 6 
5 6 6 
5 6 6 
5 6 6 
5 6 6 
5 6 6 
5 6 6 
5 6 6 
5 6 6 
5 6 6 
5 62 6 63 6 
5 62 6 63 6 
5 62 6 63 6 
5 62 6 63 6 
5 62 6 63 6 
5 62 6 63 6 
5 27 28 6 21 6 
5 27 28 6 21 6 
5 27 28 6 21 6 
5 27 28 6 21 6 
5 27 28 6 21 6 
5 27 28 6 21 6 
5 27 28 6 21 6 
5 27 28 6 21 6 
5 27 28 6 21 6 
5 27 28 6 21 6 
5 6 254 36 255 6 
5 6 6 
5 6 518 6 
5 6 518 6 
5 6 518 6 
5 6 518 6 
5 6 518 6 
5 6 518 6 
5 6 518 6 
5 6 6 
5 6 31 6 
5 6 6 
5 62 6 63 6 
5 115 116 6 21 117 6 
5 6 6 
5 6 21 68 24 518 6 
5 6 6 
5 6 61 6 
5 6 101 8 6 
5 6 101 8 6 
5 6 31 518 6 
5 6 518 6 
5 6 6 
5 6 6 
5 6 6 
5 6 6 
5 6 6 
5 6 6 
5 6 6 
5 6 6 
5 6 6 
5 6 6 
5 6 6 
5 6 6 
5 6 6 
5 6 6 
5 6 6 
5 6 6 
5 6 6 
5 6 6 
5 6 6 
5 6 6 
5 6 6 
5 6 6 
5 6 6 
5 6 6 
5 6 6 
5 6 6 
5 6 6 
5 6 6 
5 6 6 
5 6 6 
5 6 6 
5 6 6 
5 6 6 
5 6 6 
5 6 6 
5 6 6 
5 6 6 
5 6 6 
5 6 6 
5 6 6 
5 6 6 
5 6 6 
5 6 6 
5 6 6 
5 6 6 
5 6 6 
5 6 6 
5 6 6 
5 6 6 
5 6 6 
5 6 6 
5 6 6 
5 6 6 
5 6 6 
5 6 6 
5 6 6 
5 6 6 
5 6 6 
5 6 6 
5 6 6 
5 6 6 
5 6 6 
5 6 6 
5 6 6 
5 6 6 
5 6 6 
5 6 6 
5 6 6 
5 6 6 
5 6 6 
5 6 6 
5 6 6 
5 6 6 
5 6 6 
5 6 6 
5 6 6 
5 6 6 
5 6 6 
5 6 6 
5 6 6 
5 6 6 
5 6 6 
5 6 6 
5 6 6 
5 6 6 
5 6 6 
5 6 6 
5 6 6 
5 6 6 
5 6 6 
5 6 6 
5 6 6 
5 6 6 
5 6 6 
5 6 6 
5 6 6 
5 6 6 
5 6 6 
5 6 6 
5 6 6 
5 6 6 
5 6 6 
5 6 6 
5 6 6 
5 6 6 
5 6 6 
5 6 6 
5 6 6 
5 6 6 
5 6 6 
5 6 6 
5 6 6 
5 6 6 
5 6 6 
5 6 6 
5 6 6 
5 6 6 
5 6 6 
5 6 6 
5 6 6 
5 6 6 
5 6 6 
5 6 6 
5 6 6 
5 6 6 
5 6 6 
5 6 6 
5 6 6 
5 6 6 
5 6 6 
5 6 6 
5 6 6 
5 6 6 
5 6 6 
5 6 6 
5 6 6 
5 6 6 
5 6 6 
5 6 6 
5 6 6 
5 6 6 
5 6 6 
5 6 6 
5 6 6 
5 6 6 
5 6 6 
5 6 6 
5 6 6 
5 6 6 
5 6 6 
5 6 6 
5 6 6 
5 6 6 
5 6 6 
5 6 6 
5 6 6 
5 6 6 
5 6 6 
5 6 6 
5 6 6 
5 6 6 
5 6 6 
5 6 6 
5 6 6 
5 6 6 
5 6 6 
5 6 6 
5 6 6 
5 6 6 
5 6 6 
5 6 6 
5 6 6 
5 6 6 
5 6 6 
5 6 6 
5 6 6 
5 6 6 
5 6 6 
5 6 6 
5 6 6 
5 6 6 
5 6 6 
5 6 6 
5 6 6 
5 6 6 
5 6 6 
5 6 6 
5 6 6 
5 6 6 
5 6 6 
5 6 6 
5 6 6 
5 6 6 
5 6 6 
5 6 6 
5 6 6 
5 6 6 
5 6 6 
5 6 6 
5 6 6 
5 6 6 
5 6 6 
5 6 6 
5 6 6 
5 6 6 
5 6 6 
5 6 6 
5 6 6 
5 6 6 
5 6 6 
5 6 6 
5 6 6 
5 6 6 
5 6 6 
5 6 6 
5 6 6 
5 6 6 
5 6 6 
5 6 6 
5 6 6 
5 6 6 
5 6 6 
5 6 6 
5 6 6 
5 6 6 
5 6 6 
5 6 6 
5 6 6 
5 6 6 
5 6 6 
5 6 6 
5 6 6 
5 6 6 
5 6 6 
5 6 6 
5 6 6 
5 6 6 
5 6 6 
5 6 6 
5 6 6 
5 6 6 
5 6 6 
5 6 6 
5 6 6 
5 6 6 
5 6 6 
5 6 6 
5 6 6 
5 6 6 
5 6 6 
5 6 6 
5 6 6 
5 6 6 
5 6 6 
5 6 6 
5 6 6 
5 6 6 
5 6 6 
5 6 6 
5 6 6 
5 6 6 
5 6 6 
5 6 6 
5 6 6 
5 6 6 
5 6 6 
5 6 6 
5 6 6 
5 6 6 
5 6 6 
5 6 6 
5 6 6 
5 6 6 
5 6 6 
5 6 6 
5 6 6 
5 6 6 
5 6 6 
5 6 6 
5 6 6 
5 6 6 
5 6 6 
5 6 6 
5 6 6 
5 6 6 
5 6 6 
5 6 6 
5 6 6 
5 6 6 
5 6 6 
5 6 6 
5 6 6 
5 6 6 
5 6 6 
5 6 6 
5 6 6 
5 6 6 
5 6 6 
5 6 6 
5 6 6 
5 6 6 
5 6 6 
5 6 6 
5 6 6 
5 6 6 
5 6 6 
5 6 6 
5 6 6 
5 6 6 
5 6 6 
5 6 6 
5 6 6 
5 6 6 
5 6 6 
5 6 6 
5 6 6 
5 6 6 
5 6 6 
5 6 6 
5 6 6 
5 6 6 
5 6 6 
5 6 6 
5 6 6 
5 6 6 
5 6 6 
5 6 6 
5 6 6 
5 6 6 
5 6 6 
5 6 6 
5 6 6 
5 6 6 
5 6 6 
5 6 6 
5 6 6 
5 6 6 
5 6 6 
5 6 6 
5 6 6 
5 6 6 
5 6 6 
5 6 6 
5 6 6 
5 6 6 
5 6 6 
5 6 6 
5 6 6 
5 6 6 
5 6 6 
5 6 6 
5 6 6 
5 6 6 
5 6 6 
5 6 6 
5 6 6 
5 6 6 
5 6 6 
5 6 6 
5 6 6 
5 6 6 
5 6 6 
5 6 6 
5 6 6 
5 6 6 
5 6 6 
5 6 6 
5 6 6 
5 6 6 
5 6 6 
5 6 6 
5 6 6 
5 6 6 
5 6 6 
5 6 6 
5 6 6 
5 6 6 
5 6 6 
5 6 6 
5 6 6 
5 6 6 
5 6 6 
5 6 6 
5 6 6 
5 6 6 
5 6 6 
5 6 6 
5 6 6 
5 6 6 
5 6 6 
5 6 6 
5 6 6 
5 6 6 
5 6 6 
5 6 6 
5 6 6 
5 6 6 
5 6 6 
5 6 6 
5 6 6 
5 6 6 
5 6 6 
5 6 6 
5 6 6 
5 6 6 
5 6 6 
5 6 6 
5 6 6 
5 6 6 
5 6 6 
5 6 6 
5 6 6 
5 6 6 
5 6 6 
5 6 6 
5 6 6 
5 6 6 
5 6 6 
5 6 6 
5 6 6 
5 6 6 
5 6 6 
5 6 6 
5 6 6 
5 6 6 
5 6 6 
5 6 6 
5 6 6 
5 6 6 
5 6 6 
5 6 6 
5 6 31 6 
5 6 31 6 
5 6 31 6 
5 6 31 6 
5 6 31 6 
5 6 31 6 
5 6 31 6 
5 6 31 6 
5 6 31 6 
5 6 31 6 
5 6 31 6 
5 6 31 6 
5 6 31 6 
5 6 31 6 
5 6 31 6 
5 6 31 6 
5 6 31 6 
5 6 31 6 
5 6 31 6 
5 6 31 6 
5 6 31 6 
5 6 31 6 
5 6 31 6 
5 6 31 6 
5 6 31 6 
5 6 31 6 
5 6 31 6 
5 6 31 6 
5 6 31 6 
5 6 31 6 
5 6 31 6 
5 6 31 6 
5 6 31 6 
5 6 31 6 
5 6 31 6 
5 6 31 6 
5 6 31 6 
5 62 6 63 6 
5 62 6 63 6 
5 6 518 6 
5 62 6 63 6 
5 6 6 
5 6 31 6 
5 6 61 6 
5 6 61 6 
5 6 61 6 
5 6 61 6 
5 6 61 6 
5 6 61 6 
5 6 61 6 
5 6 61 6 
5 6 61 6 
5 6 131 6 
5 6 6 
5 6 9 6 
5 6 9 6 
5 6 9 6 
5 6 9 6 
5 6 9 6 
5 6 9 6 
5 6 9 6 
5 6 9 6 
5 6 9 6 
5 6 9 6 
5 6 9 6 
5 6 9 6 
5 6 9 6 
5 6 9 6 
5 6 9 6 
5 6 9 6 
5 6 9 6 
5 6 9 6 
5 6 9 6 
5 6 9 6 
5 6 9 6 
5 6 9 6 
5 6 9 6 
5 6 9 6 
5 6 9 6 
5 6 9 6 
5 6 9 6 
5 6 9 6 
5 6 9 6 
5 6 9 6 
5 6 9 6 
5 6 9 6 
5 6 9 6 
5 6 9 6 
5 6 9 6 
5 6 21 31 68 24 6 
5 6 21 31 68 24 6 
5 6 21 31 68 24 6 
5 6 21 31 68 24 6 
5 6 21 31 68 24 6 
5 6 21 31 68 24 6 
5 6 21 31 68 24 6 
5 6 21 31 68 24 6 
5 6 21 31 68 24 6 
5 6 21 31 68 24 6 
5 6 21 31 68 24 6 
5 6 31 6 
5 6 31 6 
5 6 31 6 
5 6 31 6 
5 6 31 6 
5 6 31 6 
5 6 31 6 
5 6 31 6 
5 6 31 6 
5 6 31 6 
5 6 31 6 
5 6 31 6 
5 6 31 6 
5 6 31 6 
5 6 31 6 
5 6 31 6 
5 6 31 6 
5 6 31 6 
5 6 31 6 
5 6 31 6 
5 6 31 6 
5 6 31 6 
5 6 31 6 
5 6 31 6 
5 6 31 6 
5 6 31 6 
5 6 31 6 
5 6 31 6 
5 6 31 6 
5 6 31 6 
5 6 31 6 
5 6 31 6 
5 6 31 6 
5 6 31 6 
5 6 31 6 
5 6 31 6 
5 6 31 6 
5 6 31 6 
5 6 31 6 
5 6 31 6 
5 6 31 6 
5 6 31 6 
5 6 31 6 
5 6 31 6 
5 6 31 6 
5 6 31 6 
5 6 31 6 
5 6 31 6 
5 6 31 6 
5 6 31 6 
5 6 31 6 
5 6 31 6 
5 6 31 6 
5 6 31 6 
5 6 31 6 
5 6 31 6 
5 6 31 6 
5 6 31 6 
5 6 31 6 
5 6 31 6 
5 6 31 6 
5 6 31 6 
5 6 31 6 
5 6 31 6 
5 6 31 6 
5 6 31 6 
5 6 31 6 
5 6 31 6 
5 6 31 6 
5 6 31 6 
5 6 31 6 
5 6 31 6 
5 6 31 6 
5 6 31 6 
5 6 31 6 
5 6 31 6 
5 6 31 6 
5 6 31 6 
5 6 31 6 
5 6 31 6 
5 6 31 6 
5 6 31 6 
5 6 31 6 
5 6 31 6 
5 6 31 6 
5 6 31 6 
5 6 31 6 
5 6 31 6 
5 6 31 6 
5 6 31 6 
5 6 31 6 
5 6 31 6 
5 6 31 6 
5 6 31 6 
5 6 31 6 
5 6 31 6 
5 6 31 6 
5 6 31 6 
5 6 31 6 
5 6 31 6 
5 6 31 6 
5 6 31 6 
5 6 31 6 
5 6 31 6 
5 6 31 6 
5 6 31 6 
5 6 31 6 
5 6 31 6 
5 6 31 6 
5 6 31 6 
5 6 31 6 
5 6 31 6 
5 6 31 6 
5 6 31 6 
5 6 31 6 
5 6 31 6 
5 6 31 6 
5 6 31 6 
5 6 31 6 
5 6 31 6 
5 6 31 6 
5 6 31 6 
5 6 31 6 
5 6 31 6 
5 6 31 6 
5 6 31 6 
5 6 31 6 
5 6 31 6 
5 6 31 6 
5 6 31 6 
5 6 31 6 
5 6 31 6 
5 6 31 6 
5 6 31 6 
5 6 31 6 
5 6 31 6 
5 6 31 6 
5 6 31 6 
5 6 31 6 
5 6 31 6 
5 6 31 6 
5 62 6 63 6 
5 62 6 63 6 
5 62 6 63 6 
5 62 6 63 6 
5 62 6 63 6 
5 62 6 63 6 
5 62 6 63 6 
5 62 6 63 6 
5 62 6 63 6 
5 62 6 63 6 
5 62 6 63 6 
5 62 6 63 6 
5 62 6 63 6 
5 62 6 63 6 
5 62 6 63 6 
5 62 6 63 6 
5 62 6 63 6 
5 62 6 63 6 
5 62 6 63 6 
5 62 6 63 6 
5 62 6 63 6 
5 62 6 21 63 24 6 
5 62 6 63 6 
5 62 6 63 243 6 
5 62 6 63 243 6 
5 62 6 63 6 
5 62 6 63 6 
5 62 6 63 6 
5 62 6 63 6 
5 6 21 68 24 6 
5 6 21 68 24 6 
5 6 21 68 24 6 
5 6 21 68 24 6 
5 6 21 68 24 6 
5 6 21 68 24 6 
5 6 21 68 24 6 
5 6 21 68 24 6 
5 6 21 68 24 6 
5 6 21 68 24 6 
5 6 21 68 24 6 
5 6 21 68 24 6 
5 6 21 68 24 6 
5 6 21 68 24 6 
5 6 21 68 24 6 
5 6 21 68 24 6 
5 6 21 68 24 6 
5 6 21 68 24 6 
5 6 21 68 24 6 
5 6 21 68 24 6 
5 6 21 68 24 6 
5 6 21 68 24 6 
5 6 21 68 24 6 
5 6 21 68 24 6 
5 6 21 68 24 6 
5 6 21 68 24 6 
5 6 21 68 24 6 
5 6 21 68 24 6 
5 6 21 68 24 6 
5 6 21 68 24 6 
5 6 21 68 24 6 
5 6 21 68 24 6 
5 6 21 68 24 6 
5 6 21 68 24 6 
5 6 21 68 24 6 
5 6 21 68 24 6 
5 6 21 68 24 6 
5 6 21 68 24 6 
5 6 21 68 24 6 
5 6 21 68 24 6 
5 6 21 68 24 6 
5 6 21 68 24 6 
5 6 21 68 24 6 
5 6 21 68 24 6 
5 6 21 68 24 6 
5 6 21 68 24 6 
5 6 21 68 24 6 
5 6 21 68 24 6 
5 6 21 68 24 6 
5 6 21 68 24 6 
5 6 21 68 24 6 
5 6 21 68 24 6 
5 6 21 68 24 6 
5 6 21 68 24 6 
5 6 21 68 24 6 
5 6 21 68 24 6 
5 6 21 68 24 6 
5 6 21 68 24 6 
5 6 21 68 24 6 
5 6 21 68 24 6 
5 6 21 68 24 6 
5 6 21 68 24 6 
5 6 21 68 24 6 
5 6 21 68 24 6 
5 6 21 68 24 6 
5 6 21 68 24 6 
5 6 21 68 24 6 
5 6 21 68 24 6 
5 6 21 68 24 6 
5 6 21 68 24 6 
5 6 21 68 24 6 
5 6 21 68 24 6 
5 6 21 68 24 6 
5 62 6 63 6 
5 6 21 37 24 6 
5 62 6 159 63 36 130 6 
5 6 6 
5 6 6 
5 6 6 
5 6 6 
5 6 6 
5 6 6 
5 6 6 
5 6 6 
5 6 6 
5 6 6 
5 6 6 
5 6 6 
5 6 6 
5 6 6 
5 6 6 
5 6 6 
5 6 6 
5 6 6 
5 6 6 
5 6 6 
5 6 6 
5 6 6 
5 6 6 
5 6 6 
5 6 6 
5 6 6 
5 6 6 
5 62 6 63 6 
5 6 6 
5 6 9 6 
5 6 9 6 
5 6 9 6 
5 6 9 6 
5 6 9 6 
5 6 9 6 
5 6 9 6 
5 6 9 6 
5 6 9 6 
5 6 9 6 
5 6 9 6 
5 6 9 6 
5 6 9 6 
5 6 9 6 
5 6 9 6 
5 6 9 6 
5 6 9 6 
5 6 9 6 
5 6 9 6 
5 6 9 6 
5 6 9 6 
5 6 9 6 
5 6 9 6 
5 6 9 6 
5 6 21 31 68 24 6 
5 6 21 31 68 24 6 
5 6 31 6 
5 6 31 6 
5 6 31 6 
5 6 31 6 
5 6 31 6 
5 6 31 6 
5 6 31 6 
5 6 31 6 
5 6 31 6 
5 6 31 6 
5 6 31 6 
5 6 31 6 
5 6 31 6 
5 6 31 6 
5 6 31 6 
5 6 31 6 
5 6 31 6 
5 6 31 6 
5 6 31 6 
5 6 31 6 
5 6 31 6 
5 6 31 6 
5 6 31 6 
5 6 31 6 
5 6 31 6 
5 6 31 6 
5 6 31 6 
5 6 31 6 
5 6 31 6 
5 6 31 6 
5 6 31 6 
5 6 31 6 
5 6 31 6 
5 6 31 6 
5 6 31 6 
5 6 31 6 
5 6 31 6 
5 6 31 6 
5 6 31 6 
5 6 31 6 
5 6 31 6 
5 6 31 6 
5 6 31 6 
5 6 31 6 
5 6 31 6 
5 6 31 6 
5 6 31 6 
5 6 31 6 
5 6 31 6 
5 6 31 6 
5 6 31 6 
5 6 31 6 
5 6 31 6 
5 6 31 6 
5 6 31 6 
5 6 31 6 
5 6 31 6 
5 6 31 6 
5 6 31 6 
5 6 31 6 
5 6 31 6 
5 6 31 6 
5 6 31 6 
5 6 31 6 
5 6 31 6 
5 6 31 6 
5 62 6 63 6 
5 6 6 
5 6 6 
5 6 6 
5 6 6 
5 6 6 
5 6 87 6 
5 62 6 63 6 
5 62 6 63 6 
5 62 6 63 6 
5 62 6 63 6 
5 62 6 63 6 
5 6 61 6 
5 27 28 6 21 232 8 6 
5 6 21 6 
5 6 21 6 
5 62 6 63 6 
5 62 6 63 6 
5 62 6 63 6 
5 62 6 63 6 
5 6 6 
5 6 6 
5 6 6 
5 6 518 6 
5 62 6 63 64 6 
5 62 6 63 6 
5 6 6 
5 6 6 
5 6 31 6 
5 62 6 63 6 
5 62 6 63 6 
5 62 6 63 6 
5 62 6 63 6 
5 6 6 
5 62 6 63 6 
5 6 6 
5 6 6 
5 6 6 
5 6 21 6 
5 6 21 6 
5 62 6 63 6 
5 62 6 63 6 
5 62 6 63 6 
5 62 6 63 6 
5 6 6 
5 6 6 
5 6 6 
5 6 6 
5 6 6 
5 6 6 
5 6 6 
5 6 6 
5 6 6 
5 6 6 
5 6 6 
5 6 6 
5 6 6 
5 6 6 
5 6 6 
5 6 6 
5 6 6 
5 6 6 
5 6 6 
5 6 6 
5 6 6 
5 6 6 
5 6 6 
5 6 6 
5 6 6 
5 6 6 
5 6 6 
5 6 6 
5 6 6 
5 6 6 
5 6 6 
5 6 6 
5 6 6 
5 6 6 
5 6 6 
5 6 6 
5 6 6 
5 6 6 
5 6 6 
5 6 6 
5 6 6 
5 6 6 
5 6 6 
5 6 6 
5 27 28 6 21 617 6 
5 6 21 22 99 362 6 
5 6 87 6 
5 6 31 8 6 
5 6 61 6 
5 6 31 6 
5 6 31 6 
5 6 6 
5 6 6 
5 6 6 
5 6 6 
5 6 21 22 68 24 6 
5 6 6 
5 6 6 
5 6 6 
5 6 21 22 68 24 6 
5 6 9 6 
5 6 6 
83 5 6 6 
5 6 31 6 
5 6 21 68 24 6 
5 6 21 68 24 6 
5 6 21 68 24 6 
5 6 21 68 24 6 
5 6 21 68 24 6 
5 6 21 68 24 6 
5 6 21 68 24 6 
5 6 21 31 68 24 6 
5 6 21 31 68 24 6 
5 6 6 
5 6 6 
5 6 6 
5 6 6 
5 6 6 
5 6 6 
5 6 6 
5 6 6 
5 6 6 
5 6 6 
5 6 6 
5 6 6 
5 6 6 
5 6 6 
5 6 6 
5 6 6 
5 6 6 
5 6 6 
5 6 6 
5 6 6 
5 6 6 
5 6 6 
5 6 6 
5 6 6 
5 6 6 
5 6 6 
5 6 6 
5 6 6 
5 6 6 
5 62 6 63 6 
5 6 8 6 
5 6 6 
5 6 6 
5 6 6 
5 6 6 
5 6 6 
5 6 6 
5 6 6 
5 6 518 6 
5 6 21 22 24 6 
5 6 21 22 24 6 
5 6 21 22 24 6 
5 6 518 6 
5 6 518 6 
5 6 21 63 64 68 24 6 
5 6 518 6 
5 6 518 6 
5 6 518 6 
5 6 518 6 
5 6 518 6 
5 6 518 6 
5 6 9 6 
5 6 9 6 
5 6 9 6 
5 6 9 6 
5 6 9 6 
5 6 9 6 
5 6 9 6 
5 6 9 6 
5 6 9 6 
5 6 9 6 
5 6 518 6 
5 6 518 6 
5 6 21 68 24 518 6 
5 6 61 518 6 
5 6 61 518 6 
5 6 8 6 
5 6 6 
5 6 6 
5 6 6 
5 6 6 
5 6 6 
5 6 6 
5 6 6 
5 6 6 
5 6 6 
5 6 6 
5 6 6 
5 6 6 
5 6 6 
5 6 6 
5 6 6 
5 6 6 
5 6 6 
5 6 6 
5 6 6 
5 6 6 
5 6 6 
5 6 6 
5 6 6 
5 6 6 
5 6 6 
5 6 6 
5 6 6 
5 6 6 
5 6 6 
5 6 6 
5 6 6 
5 6 6 
5 6 6 
5 6 6 
5 6 6 
5 6 6 
5 6 6 
5 6 6 
5 6 6 
5 6 6 
5 6 6 
5 6 6 
5 6 6 
5 6 518 6 
5 6 518 6 
5 6 518 6 
5 6 518 6 
5 6 518 6 
5 6 61 6 
5 6 6 
5 6 6 
5 6 6 
5 6 6 
5 6 6 
5 6 518 6 
5 62 6 63 6 
5 62 6 63 6 
5 27 28 6 21 6 
5 6 6 
5 6 6 
5 6 6 
5 6 6 
5 6 6 
5 6 6 
5 6 6 
5 6 6 
5 62 6 63 6 
5 62 6 63 6 
5 62 6 63 6 
5 62 6 63 6 
5 62 6 63 6 
5 6 6 
5 6 6 
5 6 21 22 6 
5 62 6 63 6 
5 62 6 63 6 
5 62 6 31 63 6 
5 48 62 6 63 6 
5 48 62 6 63 6 
5 48 62 6 63 6 
5 62 6 63 64 6 
5 62 6 63 6 
5 6 61 6 
5 6 61 6 
5 62 6 63 6 
5 62 6 63 6 
5 6 482 6 
5 6 6 
5 6 6 
5 6 6 
5 6 6 
5 6 6 
5 6 6 
5 6 6 
5 6 6 
5 6 6 
5 6 6 
5 6 6 
5 6 6 
5 6 6 
5 6 6 
5 6 6 
5 6 6 
5 6 6 
5 6 6 
5 6 6 
5 6 6 
5 6 6 
5 6 6 
5 6 6 
5 6 6 
5 6 6 
5 6 6 
5 6 6 
5 62 6 63 6 
5 6 6 
5 62 6 63 6 
5 62 6 63 6 
5 62 6 63 6 
5 62 6 63 6 
5 6 31 6 
5 6 31 6 
5 6 31 6 
5 6 31 6 
5 6 31 6 
5 6 31 6 
5 6 31 6 
5 6 31 6 
5 6 31 6 
5 6 31 6 
5 6 31 6 
5 6 31 6 
5 6 31 6 
5 6 31 6 
5 6 31 6 
5 6 31 6 
5 6 31 6 
5 6 31 6 
5 6 31 6 
5 6 31 6 
5 6 31 6 
5 6 31 6 
5 6 31 6 
5 6 31 6 
5 6 31 6 
5 6 31 6 
5 6 31 6 
5 6 31 6 
5 6 31 6 
5 6 31 6 
5 6 31 6 
5 6 31 6 
5 6 31 6 
5 6 31 6 
5 6 31 6 
5 6 31 6 
5 6 31 6 
5 6 31 6 
5 6 31 6 
5 6 31 6 
5 6 31 6 
5 6 31 6 
5 6 31 6 
5 6 31 6 
5 6 31 6 
5 6 31 6 
5 6 31 6 
5 6 31 6 
5 6 31 6 
5 6 31 6 
5 6 31 6 
5 6 31 6 
5 6 31 6 
5 6 31 6 
5 6 31 6 
5 6 31 6 
5 6 31 6 
5 6 31 6 
5 6 31 6 
5 6 31 6 
5 6 31 6 
5 6 31 6 
5 6 31 6 
5 6 31 6 
5 6 31 6 
5 6 31 6 
5 6 31 6 
5 6 31 6 
5 6 31 6 
5 6 31 6 
5 6 31 6 
5 6 31 6 
5 6 31 6 
5 6 31 6 
5 6 31 6 
5 6 31 6 
5 6 31 6 
5 6 31 6 
5 6 31 6 
5 6 31 6 
5 6 31 6 
5 6 31 6 
5 6 31 6 
5 6 31 6 
5 6 31 6 
5 62 6 63 6 
5 62 6 63 6 
5 6 61 6 
5 62 6 63 6 
5 6 21 31 68 24 6 
5 6 21 31 68 24 6 
5 6 21 31 68 24 6 
5 6 21 31 68 24 6 
5 6 21 31 68 24 6 
5 6 6 
5 6 6 
5 6 6 
5 6 6 
5 6 6 
5 6 6 
5 6 6 
5 6 6 
5 6 518 6 
5 62 6 63 6 
5 62 6 63 6 
5 62 6 63 6 
5 27 28 6 21 6 
5 6 31 6 
5 62 6 63 6 
5 62 6 63 6 
5 6 87 6 
5 62 6 63 6 
5 6 87 6 
5 91 6 92 61 6 
5 6 31 9 6 
5 6 8 35 6 
5 6 518 6 
5 6 31 6 
5 6 21 24 6 
5 6 518 6 
5 6 31 6 
5 62 6 63 6 
5 6 31 6 
5 6 31 6 
5 6 61 6 
5 6 36 6 
5 6 36 6 
5 6 6 
5 6 21 22 24 6 
5 6 21 22 24 6 
5 6 8 6 
5 6 21 31 68 24 6 
5 6 6 
5 6 6 
5 6 6 
5 6 6 
5 6 6 
5 6 6 
5 6 6 
5 6 6 
5 6 6 
5 6 6 
5 6 6 
5 6 6 
5 6 6 
5 6 6 
5 6 6 
5 6 6 
5 6 6 
5 6 6 
5 6 6 
5 6 6 
5 6 6 
5 6 6 
5 6 6 
5 6 6 
5 62 6 63 6 
5 62 6 63 6 
5 62 6 63 6 
5 62 6 63 6 
5 62 6 63 6 
5 62 6 63 6 
5 62 6 63 6 
5 62 6 63 6 
5 62 6 63 6 
5 62 6 63 6 
5 62 6 63 6 
5 62 6 63 6 
5 6 61 6 
5 6 518 6 
5 6 31 6 
5 6 31 6 
5 6 31 6 
5 6 31 6 
5 6 31 6 
5 6 31 6 
5 6 31 6 
5 6 31 6 
5 6 31 6 
5 6 21 22 68 24 6 
5 6 21 22 68 24 6 
5 6 6 
5 6 6 
5 6 6 
5 6 6 
5 6 8 61 6 
5 6 8 61 6 
5 6 8 61 6 
5 6 8 61 6 
5 6 21 22 24 6 
5 6 21 22 24 6 
5 6 6 
5 133 6 21 22 68 24 6 
5 27 28 6 21 617 6 
5 6 6 
5 62 6 63 6 
5 62 6 63 6 
5 6 6 
5 6 518 6 
5 62 6 63 6 
5 6 6 
5 6 6 
5 6 6 
5 6 6 
5 6 6 
5 6 6 
5 6 518 6 
91 5 6 92 6 
5 6 518 6 
5 6 6 
5 6 6 
5 6 6 
5 6 518 6 
5 6 518 6 
5 6 518 6 
5 6 518 6 
5 6 518 6 
5 6 518 6 
5 6 518 6 
5 6 518 6 
5 6 518 6 
5 6 518 6 
5 6 518 6 
5 6 518 6 
5 6 518 6 
5 6 518 6 
5 6 518 6 
5 6 518 6 
5 6 518 6 
5 6 518 6 
5 6 518 6 
5 6 518 6 
5 6 518 6 
5 6 518 6 
5 6 518 6 
5 6 6 
5 6 6 
5 6 6 
5 6 6 
5 6 6 
5 6 21 24 6 
5 521 6 6 
5 6 6 
5 6 6 
5 6 518 6 
5 6 61 6 
5 6 518 6 
5 6 61 6 
5 6 6 
5 6 6 
5 6 6 
5 6 8 6 
5 6 518 6 
5 6 6 
5 6 6 
5 6 31 6 
5 6 6 
5 6 6 
5 6 6 
5 6 6 
5 6 6 
5 6 6 
5 6 6 
5 6 6 
5 6 6 
5 6 6 
5 6 6 
5 6 6 
5 6 6 
5 6 6 
5 6 6 
5 6 6 
5 6 6 
5 6 6 
5 6 6 
5 6 6 
5 6 6 
5 6 6 
5 6 6 
5 6 6 
5 6 6 
5 6 6 
5 6 6 
5 6 518 6 
5 6 518 6 
5 6 31 6 
5 6 31 6 
5 6 36 6 
5 6 518 6 
5 6 518 6 
5 6 518 6 
5 6 518 6 
5 6 518 6 
5 6 518 6 
5 6 518 6 
5 6 518 6 
5 6 518 6 
5 6 518 6 
5 6 518 6 
5 6 518 6 
5 6 518 6 
5 6 518 6 
5 6 518 6 
5 6 518 6 
5 6 518 6 
5 6 518 6 
5 6 518 6 
5 6 518 6 
5 6 518 6 
5 6 518 6 
5 6 518 6 
5 6 518 6 
5 6 518 6 
5 6 518 6 
5 6 518 6 
5 6 518 6 
5 6 518 6 
5 6 518 6 
5 6 518 6 
5 6 518 6 
5 6 518 6 
5 6 518 6 
5 6 518 6 
5 6 518 6 
5 6 518 6 
5 6 518 6 
5 6 518 6 
5 6 518 6 
5 6 518 6 
5 6 518 6 
5 6 518 6 
5 6 518 6 
5 6 518 6 
5 6 518 6 
5 6 518 6 
5 6 518 6 
5 6 518 6 
5 6 518 6 
5 6 518 6 
5 6 518 6 
5 6 518 6 
5 6 518 6 
5 6 518 6 
5 6 518 6 
5 6 518 6 
5 6 518 6 
5 6 518 6 
5 6 518 6 
5 6 518 6 
5 6 518 6 
5 6 518 6 
5 6 518 6 
5 6 518 6 
5 6 518 6 
5 6 518 6 
5 6 518 6 
5 6 518 6 
5 6 518 6 
5 6 518 6 
5 6 518 6 
5 6 518 6 
5 6 518 6 
5 6 518 6 
5 6 518 6 
5 6 518 6 
5 6 518 6 
5 6 518 6 
5 6 518 6 
5 6 518 6 
5 6 518 6 
5 6 518 6 
5 6 518 6 
5 6 518 6 
5 6 518 6 
5 6 518 6 
5 6 518 6 
5 6 518 6 
5 6 518 6 
5 6 518 6 
5 6 518 6 
5 6 518 6 
5 6 518 6 
5 6 518 6 
5 6 518 6 
5 6 518 6 
5 6 518 6 
5 6 518 6 
5 6 518 6 
5 6 518 6 
5 6 518 6 
5 6 518 6 
5 6 518 6 
5 6 518 6 
5 6 518 6 
5 6 518 6 
5 6 518 6 
5 6 518 6 
5 6 518 6 
5 6 518 6 
5 6 518 6 
5 6 518 6 
5 6 518 6 
5 6 518 6 
5 6 518 6 
5 6 518 6 
5 6 518 6 
5 6 518 6 
5 6 518 6 
5 6 518 6 
5 6 518 6 
5 6 518 6 
5 6 518 6 
5 6 518 6 
5 6 518 6 
5 6 518 6 
5 6 518 6 
5 6 518 6 
5 6 518 6 
5 6 518 6 
5 6 518 6 
5 6 518 6 
5 6 518 6 
5 6 518 6 
5 6 518 6 
5 6 518 6 
5 6 518 6 
5 6 518 6 
5 6 518 6 
5 6 518 6 
5 6 518 6 
5 6 518 6 
5 6 518 6 
5 6 518 6 
5 6 518 6 
5 6 518 6 
5 6 518 6 
5 6 518 6 
5 6 518 6 
5 6 518 6 
5 6 518 6 
5 6 518 6 
5 6 518 6 
5 6 518 6 
5 6 518 6 
5 6 518 6 
5 6 518 6 
5 6 518 6 
5 6 518 6 
5 6 518 6 
5 6 518 6 
5 6 518 6 
5 6 518 6 
5 6 518 6 
5 6 518 6 
5 6 518 6 
5 6 518 6 
5 6 518 6 
5 6 518 6 
5 6 518 6 
5 6 518 6 
5 6 518 6 
5 6 518 6 
5 6 518 6 
5 6 518 6 
5 6 518 6 
5 6 518 6 
5 6 518 6 
5 6 518 6 
5 6 518 6 
5 6 518 6 
5 6 518 6 
5 6 518 6 
5 6 518 6 
5 6 518 6 
5 6 518 6 
5 6 518 6 
5 6 518 6 
5 6 518 6 
5 6 518 6 
5 6 518 6 
5 6 518 6 
5 6 518 6 
5 6 518 6 
5 6 518 6 
5 6 518 6 
5 6 518 6 
5 6 518 6 
5 6 518 6 
5 6 518 6 
5 6 518 6 
5 6 518 6 
5 6 518 6 
5 6 518 6 
5 6 518 6 
5 6 518 6 
5 6 518 6 
5 6 518 6 
5 6 518 6 
5 6 518 6 
5 6 518 6 
5 6 518 6 
5 6 518 6 
5 6 518 6 
5 6 518 6 
5 6 518 6 
5 6 518 6 
5 6 518 6 
5 6 518 6 
5 6 518 6 
5 6 518 6 
5 6 518 6 
5 6 518 6 
5 6 518 6 
5 6 518 6 
5 6 518 6 
5 6 518 6 
5 6 518 6 
5 6 518 6 
5 6 518 6 
5 6 518 6 
5 6 518 6 
5 6 518 6 
5 6 518 6 
5 6 518 6 
5 6 518 6 
5 6 518 6 
5 6 518 6 
5 6 518 6 
5 6 518 6 
5 6 518 6 
5 6 518 6 
5 6 518 6 
5 6 518 6 
5 6 518 6 
5 6 518 6 
5 6 518 6 
5 6 518 6 
5 6 518 6 
5 6 518 6 
5 6 518 6 
5 6 518 6 
5 6 518 6 
5 6 518 6 
5 6 518 6 
5 6 518 6 
5 6 518 6 
5 6 518 6 
5 6 518 6 
5 6 518 6 
5 6 518 6 
5 6 518 6 
5 6 518 6 
5 6 518 6 
5 6 518 6 
5 6 518 6 
5 6 518 6 
5 6 518 6 
5 6 518 6 
5 6 518 6 
5 6 518 6 
5 6 518 6 
5 6 518 6 
5 6 518 6 
5 6 518 6 
5 6 518 6 
5 6 518 6 
5 6 518 6 
5 6 518 6 
5 6 518 6 
5 6 518 6 
5 6 518 6 
5 6 518 6 
5 6 518 6 
5 6 518 6 
5 6 518 6 
5 6 518 6 
5 6 518 6 
5 6 518 6 
5 6 518 6 
5 6 518 6 
5 6 518 6 
5 6 518 6 
5 6 518 6 
5 6 518 6 
5 6 518 6 
5 6 518 6 
5 6 518 6 
5 6 518 6 
5 6 518 6 
5 6 518 6 
5 6 518 6 
5 6 518 6 
5 6 518 6 
5 6 518 6 
5 6 518 6 
5 6 518 6 
5 6 518 6 
5 6 518 6 
5 6 518 6 
5 6 518 6 
5 6 518 6 
5 6 518 6 
5 6 518 6 
5 6 518 6 
5 6 518 6 
5 6 518 6 
5 6 518 6 
5 6 518 6 
5 6 518 6 
5 6 518 6 
5 6 518 6 
5 6 518 6 
5 6 518 6 
5 6 518 6 
5 6 518 6 
5 6 518 6 
5 6 518 6 
5 6 518 6 
5 6 518 6 
5 6 518 6 
5 6 518 6 
5 6 518 6 
5 6 518 6 
5 6 518 6 
5 6 518 6 
5 6 518 6 
5 6 518 6 
5 6 518 6 
5 6 518 6 
5 6 518 6 
5 6 518 6 
5 6 518 6 
5 6 518 6 
5 6 518 6 
5 6 518 6 
5 6 518 6 
5 6 518 6 
5 6 518 6 
5 6 518 6 
5 6 518 6 
5 6 518 6 
5 6 518 6 
5 6 518 6 
5 6 518 6 
5 6 518 6 
5 6 518 6 
5 6 518 6 
5 6 518 6 
5 6 518 6 
5 6 518 6 
5 6 518 6 
5 6 518 6 
5 6 518 6 
5 6 518 6 
5 6 518 6 
5 6 518 6 
5 6 518 6 
5 6 518 6 
5 6 518 6 
5 6 518 6 
5 6 518 6 
5 6 518 6 
5 6 518 6 
5 6 518 6 
5 6 518 6 
5 6 518 6 
5 6 518 6 
5 6 518 6 
5 6 518 6 
5 6 518 6 
5 6 518 6 
5 6 518 6 
5 6 518 6 
5 6 518 6 
5 6 518 6 
5 6 518 6 
5 6 518 6 
5 6 518 6 
5 6 518 6 
5 6 518 6 
5 6 6 
5 6 6 
5 6 6 
5 6 6 
5 6 6 
5 6 6 
5 6 6 
5 6 21 68 24 518 6 
5 6 518 6 
5 6 518 6 
5 6 518 6 
5 6 518 6 
5 6 518 6 
5 6 518 6 
5 6 518 6 
5 6 518 6 
5 6 518 6 
5 6 518 6 
5 6 518 6 
5 6 518 6 
5 6 518 6 
5 6 518 6 
5 6 518 6 
5 6 518 6 
5 6 518 6 
5 6 518 6 
5 6 518 6 
5 6 518 6 
5 6 518 6 
5 6 518 6 
5 6 518 6 
5 6 518 6 
5 6 518 6 
5 6 518 6 
5 6 518 6 
5 6 518 6 
5 6 518 6 
5 6 518 6 
5 6 518 6 
5 6 518 6 
5 6 518 6 
5 133 6 21 31 68 24 6 
5 6 6 
5 6 518 6 
5 6 6 
5 6 6 
5 6 6 
5 6 6 
5 6 6 
5 6 6 
5 62 6 63 6 
5 6 482 6 
5 6 6 
5 6 6 
5 6 6 
5 6 6 
5 6 6 
5 6 6 
5 6 6 
5 6 6 
5 6 6 
5 6 6 
5 6 6 
5 6 6 
5 62 6 63 6 
5 28 27 6 21 63 22 618 6 
5 62 6 63 64 6 
5 62 6 63 6 
5 62 6 63 6 
5 6 482 6 
5 62 6 63 6 
5 62 6 63 6 
5 62 6 63 6 
5 62 6 63 6 
5 62 6 63 6 
5 62 6 63 6 
5 62 6 63 6 
5 62 6 63 6 
5 62 6 63 6 
5 62 6 63 6 
5 62 6 63 6 
5 62 6 63 6 
5 62 6 63 6 
5 62 6 63 6 
5 62 6 63 6 
5 62 6 63 6 
5 62 6 63 6 
5 62 6 63 6 
5 62 6 63 6 
5 62 6 63 6 
5 62 6 63 6 
5 62 6 63 6 
5 62 6 63 6 
5 62 6 63 6 
5 62 6 63 6 
5 62 6 63 64 6 
5 358 6 61 6 
5 62 6 63 6 
5 6 518 6 
5 62 6 63 6 
5 6 31 6 
5 62 6 63 6 
5 62 6 63 6 
5 6 21 22 24 6 
5 6 21 6 
5 28 6 21 6 
5 62 6 63 64 6 
5 6 21 31 68 24 6 
5 62 6 63 6 
5 6 61 6 
5 62 6 63 6 
5 62 6 63 6 
5 62 6 63 6 
5 6 6 
5 6 6 
5 6 6 
5 6 31 6 
5 6 518 6 
5 6 518 6 
5 6 518 6 
5 6 518 6 
5 6 518 6 
5 6 518 6 
5 6 518 6 
5 6 518 6 
5 6 31 6 
5 6 31 6 
5 6 31 6 
5 6 8 6 
5 6 518 6 
5 6 61 6 
5 6 31 6 
5 6 31 6 
5 6 31 6 
5 6 31 6 
5 6 31 6 
5 6 31 6 
5 6 31 6 
5 6 31 6 
5 6 31 6 
5 6 31 6 
5 6 31 6 
5 6 6 
5 6 6 
5 6 6 
5 6 6 
5 6 6 
5 6 6 
5 6 6 
5 6 6 
5 6 6 
5 6 6 
5 6 6 
5 6 6 
5 6 6 
5 6 6 
5 6 6 
5 6 6 
5 6 6 
5 6 6 
5 6 6 
5 6 6 
5 27 28 6 21 617 6 
5 27 28 6 21 617 6 
5 6 6 
5 6 518 6 
5 6 518 6 
5 6 61 518 6 
5 6 61 518 6 
5 6 61 518 6 
5 6 61 518 6 
5 6 61 518 6 
5 6 61 518 6 
5 6 61 518 6 
5 6 61 518 6 
5 6 61 518 6 
5 6 61 518 6 
5 6 61 518 6 
5 6 61 518 6 
5 6 61 518 6 
5 6 61 518 6 
5 6 61 518 6 
5 6 21 22 68 24 6 
5 6 8 6 
5 6 21 31 68 24 6 
5 6 21 31 68 24 6 
5 6 21 31 68 24 6 
5 6 21 31 68 24 6 
5 6 21 31 68 24 6 
5 6 61 6 
5 6 6 
5 6 6 
5 6 6 
5 6 6 
5 6 6 
5 6 6 
5 6 6 
5 6 6 
5 6 31 61 6 
5 62 6 63 6 
5 6 6 
5 6 6 
5 6 6 
5 6 6 
5 6 6 
5 6 518 6 
5 6 518 6 
5 6 21 22 24 6 
5 6 6 
5 6 6 
5 6 131 6 
5 6 61 6 
5 62 6 63 6 
5 27 28 6 21 6 
5 27 28 6 21 6 
5 27 28 6 21 6 
5 27 28 6 21 6 
5 27 28 6 21 6 
5 27 28 6 21 6 
5 27 28 6 21 6 
5 27 28 6 21 6 
5 27 28 6 21 6 
5 62 6 63 6 
5 6 8 6 
5 6 6 
5 62 6 63 6 
5 6 6 
5 6 6 
5 6 6 
5 6 6 
5 6 6 
5 6 21 68 24 6 
5 6 6 
5 6 6 
5 133 6 21 68 24 518 6 
5 6 518 6 
5 6 518 6 
5 6 518 6 
5 6 518 6 
5 6 518 6 
5 6 518 6 
5 6 518 6 
5 6 518 6 
5 6 518 6 
5 6 518 6 
5 6 518 6 
5 6 518 6 
5 6 518 6 
5 6 518 6 
5 6 518 6 
5 6 518 6 
5 6 518 6 
5 6 518 6 
5 6 518 6 
5 6 518 6 
5 6 518 6 
5 6 518 6 
5 6 518 6 
5 6 518 6 
5 6 518 6 
5 6 518 6 
5 6 518 6 
5 6 518 6 
5 6 518 6 
5 6 518 6 
5 6 6 
5 6 61 6 
5 6 61 482 6 
5 6 518 6 
5 6 61 6 
5 6 21 22 24 6 
5 28 6 21 61 6 
5 6 8 6 
5 6 31 6 
5 6 31 6 
5 6 31 6 
5 6 31 6 
5 6 31 6 
5 6 31 6 
5 6 31 6 
5 6 31 6 
5 62 6 63 6 
5 62 6 63 6 
5 62 6 63 6 
5 62 6 63 6 
5 62 6 63 6 
5 62 6 63 6 
5 62 6 63 6 
5 62 6 63 6 
5 6 6 
5 6 6 
5 6 6 
5 6 6 
5 6 6 
5 6 6 
5 6 6 
5 6 6 
5 6 6 
5 6 6 
5 6 6 
5 62 6 63 6 
5 6 8 6 
5 62 6 63 6 
5 62 6 63 6 
5 6 6 
5 62 6 63 6 
5 6 131 6 
5 6 131 6 
5 62 6 63 6 
5 62 6 63 6 
5 6 61 6 
5 6 31 6 
5 6 31 6 
5 62 6 63 6 
5 6 10 11 6 
5 6 21 22 68 24 6 
5 62 6 63 6 
5 6 6 
5 6 9 6 
91 5 6 92 6 
91 5 6 92 6 
91 5 6 92 6 
5 6 6 
5 6 61 6 
5 6 518 6 
5 6 21 22 68 24 6 
5 6 31 6 
5 6 6 
5 6 6 
5 6 6 
5 6 518 6 
5 6 518 6 
5 6 6 
5 62 6 63 6 
5 62 6 63 6 
5 62 6 63 6 
5 62 6 63 6 
5 62 6 63 6 
5 62 6 63 6 
5 6 31 6 
5 6 31 6 
5 6 31 6 
5 6 31 6 
5 6 31 6 
5 6 31 6 
5 6 31 6 
5 6 31 6 
5 6 31 6 
5 6 31 6 
5 6 31 6 
5 6 31 6 
5 6 31 6 
5 6 31 6 
5 6 31 6 
5 6 31 6 
5 6 31 6 
5 6 31 6 
5 6 518 6 
5 6 31 6 
5 6 31 6 
5 62 6 63 6 
5 6 8 6 
5 6 21 68 24 6 
5 6 518 6 
5 6 21 31 68 24 6 
5 6 6 
5 6 6 
5 6 6 
5 6 6 
5 6 21 31 68 24 6 
5 6 6 
5 6 518 6 
5 6 518 6 
5 6 8 6 
5 6 6 
5 6 518 6 
5 6 6 
5 6 6 
5 6 6 
5 6 6 
5 6 6 
5 6 6 
5 6 6 
5 6 6 
5 6 6 
5 6 6 
5 6 6 
5 6 6 
5 6 6 
5 6 6 
5 6 6 
5 6 6 
5 6 6 
5 6 6 
5 6 6 
5 6 6 
5 6 6 
5 6 6 
5 6 6 
5 6 6 
5 6 6 
5 6 6 
5 6 6 
5 6 6 
5 6 6 
5 6 6 
5 6 6 
5 6 6 
5 6 6 
5 6 6 
5 6 6 
5 6 6 
5 6 6 
5 6 6 
5 6 6 
5 6 6 
5 6 6 
5 6 6 
5 6 518 6 
5 6 6 
5 6 6 
5 6 6 
5 6 6 
5 6 6 
5 6 6 
5 6 6 
5 6 6 
5 62 6 63 6 
5 6 6 
5 6 21 22 24 6 
5 6 6 
5 6 31 6 
5 6 31 6 
5 6 31 6 
5 28 27 6 21 63 22 618 6 
5 6 21 22 24 6 
5 6 21 31 68 24 6 
5 6 21 31 68 24 6 
5 6 21 31 68 24 6 
5 6 31 6 
5 6 31 6 
5 6 31 6 
5 6 31 6 
5 6 31 6 
5 6 6 
5 6 6 
5 6 6 
5 6 6 
5 6 6 
5 6 6 
5 6 518 6 
5 6 6 
5 6 31 6 
5 6 31 6 
5 6 31 6 
5 6 31 6 
5 6 31 6 
5 6 31 6 
5 6 31 6 
5 6 31 6 
5 6 31 6 
5 6 31 6 
5 6 31 6 
5 62 6 63 6 
5 6 31 6 
5 6 518 6 
5 62 6 63 6 
5 62 6 63 6 
5 62 6 63 6 
5 62 6 63 6 
5 62 6 63 6 
5 62 6 63 6 
5 62 6 63 6 
5 6 6 
5 6 6 
5 6 6 
5 6 6 
5 6 61 6 
5 27 28 6 21 6 
5 6 61 6 
5 6 21 31 68 24 6 
5 6 21 31 68 24 6 
5 6 21 31 68 24 6 
5 6 6 
5 6 31 6 
5 6 31 6 
5 6 21 22 6 
5 6 31 6 
5 6 6 
5 6 6 
5 6 6 
5 6 21 68 24 6 
5 6 6 
5 6 6 
5 6 6 
5 6 6 
5 6 6 
5 6 6 
5 6 6 
5 6 6 
5 6 6 
5 6 6 
5 6 6 
5 6 6 
5 6 61 6 
5 6 6 
5 6 6 
5 6 6 
5 6 518 6 
5 6 21 68 24 6 
5 6 21 31 68 24 6 
5 6 21 31 68 24 6 
5 6 21 31 68 24 6 
5 6 21 31 68 24 6 
5 6 21 31 68 24 6 
5 6 21 31 68 24 6 
5 6 61 6 
5 6 6 
5 6 6 
5 27 28 6 21 518 6 
5 6 6 
5 6 6 
5 6 6 
5 6 518 6 
5 6 8 6 
5 6 6 
5 6 6 
5 6 518 6 
5 6 6 
5 6 6 
5 6 6 
5 6 6 
5 6 6 
5 6 6 
5 6 6 
5 6 6 
5 6 6 
5 6 6 
5 6 31 6 
5 6 21 68 24 6 
5 62 6 63 6 
5 6 518 6 
5 6 61 6 
5 6 6 
5 6 31 6 
5 6 31 6 
5 6 31 6 
5 6 518 6 
5 6 6 
5 6 21 24 6 
5 6 21 22 68 24 6 
5 6 518 6 
5 6 518 6 
5 6 6 
5 6 6 
5 6 6 
5 6 518 6 
5 6 518 6 
5 6 518 6 
5 6 518 6 
5 6 518 6 
5 6 8 6 
5 6 518 6 
5 6 518 6 
5 6 31 6 
5 6 518 6 
5 6 6 
5 6 6 
5 6 6 
5 6 6 
5 6 6 
5 6 518 6 
5 6 6 
5 6 6 
5 6 518 6 
5 6 518 6 
5 6 518 6 
5 6 518 6 
5 6 518 6 
5 6 518 6 
5 6 31 6 
5 6 31 6 
5 6 31 6 
5 6 518 6 
5 6 6 
5 6 6 
5 6 6 
5 6 6 
5 6 6 
5 6 6 
5 6 518 6 
5 6 518 6 
5 6 518 6 
5 6 518 6 
5 6 8 35 6 
5 6 518 6 
5 6 6 
5 6 61 6 
5 6 31 6 
5 6 31 6 
5 6 31 6 
5 6 31 6 
5 6 6 
5 62 6 63 6 
5 6 61 6 
5 521 6 6 
5 521 6 6 
5 521 6 6 
5 521 6 6 
5 521 6 6 
5 521 6 6 
5 521 6 6 
5 521 6 6 
5 521 6 6 
5 521 6 6 
5 521 6 6 
5 521 6 6 
5 521 6 6 
5 6 61 6 
5 6 518 6 
5 6 61 6 
5 6 6 
5 6 518 6 
5 6 6 
5 6 21 68 24 6 
5 6 21 68 24 6 
5 6 21 31 68 24 6 
5 6 21 31 68 24 6 
5 6 21 31 68 24 6 
5 6 21 31 68 24 6 
5 6 21 31 68 24 6 
5 6 21 31 68 24 6 
5 6 21 31 68 24 6 
5 6 21 31 68 24 6 
5 6 21 31 68 24 6 
5 6 8 6 
5 6 21 131 68 24 6 
5 6 6 
5 6 6 
5 6 6 
5 6 6 
5 6 6 
5 6 6 
5 6 6 
5 6 6 
5 6 6 
5 6 6 
5 6 6 
5 6 6 
5 6 6 
5 6 6 
5 6 6 
5 6 6 
5 6 6 
5 6 6 
5 6 6 
5 6 6 
5 6 6 
5 6 6 
5 6 6 
5 62 6 63 6 
5 6 8 6 
5 6 8 6 
5 6 8 6 
5 6 8 6 
5 6 8 6 
5 6 21 68 24 6 
5 6 6 
5 6 518 6 
5 6 518 6 
5 6 518 6 
5 6 518 6 
5 6 518 6 
5 6 518 6 
5 6 518 6 
5 6 518 6 
5 6 518 6 
5 6 518 6 
5 6 518 6 
5 6 518 6 
5 6 518 6 
5 6 518 6 
5 6 518 6 
5 6 518 6 
5 6 518 6 
5 6 518 6 
5 6 518 6 
5 6 518 6 
5 6 518 6 
5 6 518 6 
5 6 518 6 
5 6 518 6 
5 6 518 6 
5 6 518 6 
5 6 518 6 
5 6 518 6 
5 6 518 6 
5 6 518 6 
5 6 518 6 
5 6 518 6 
5 6 518 6 
5 6 518 6 
5 6 518 6 
5 6 518 6 
5 6 518 6 
5 6 518 6 
5 6 518 6 
5 6 518 6 
5 6 518 6 
5 6 518 6 
5 6 518 6 
5 6 518 6 
5 6 518 6 
5 6 518 6 
5 6 518 6 
5 6 518 6 
5 6 518 6 
5 6 518 6 
5 6 518 6 
5 6 518 6 
5 6 518 6 
5 6 518 6 
5 6 518 6 
5 6 518 6 
5 6 518 6 
5 6 518 6 
5 6 518 6 
5 6 518 6 
5 6 61 6 
5 6 61 6 
5 6 143 8 144 6 
5 6 63 64 6 
5 112 6 113 6 
5 6 6 
5 6 6 
5 6 6 
5 6 6 
5 6 6 
5 6 6 
5 6 6 
5 6 6 
5 6 6 
5 6 6 
5 6 6 
5 6 6 
5 6 6 
5 6 6 
5 6 6 
5 6 6 
5 6 6 
5 6 6 
5 6 6 
5 6 6 
5 6 6 
5 27 28 6 21 61 6 
5 6 63 64 6 
5 6 23 6 
5 28 6 21 6 
5 27 28 6 21 617 6 
5 6 21 68 24 518 6 
5 62 6 63 6 
5 6 31 6 
5 6 31 6 
5 6 6 
5 6 6 
5 6 6 
5 6 6 
5 6 6 
5 6 518 6 
5 6 6 
5 6 518 6 
5 6 6 
5 6 6 
5 6 6 
5 6 6 
5 6 6 
5 6 6 
5 6 6 
5 6 6 
5 6 6 
5 6 6 
5 6 6 
5 6 21 68 24 518 6 
5 6 518 6 
5 6 518 6 
5 6 518 6 
5 6 8 6 
5 6 8 6 
5 6 518 6 
5 6 518 6 
5 6 9 6 
5 6 61 6 
5 6 21 22 68 24 6 
5 6 6 
5 6 6 
5 6 518 6 
5 6 6 
5 6 6 
5 6 6 
5 6 31 6 
5 6 518 6 
5 6 6 
5 6 6 
5 6 518 6 
5 6 518 6 
5 6 518 6 
5 6 518 6 
5 6 31 6 
5 6 518 6 
5 6 518 6 
5 6 61 6 
5 6 518 6 
5 6 518 6 
5 6 518 6 
5 6 6 
5 6 6 
5 6 31 6 
5 6 31 6 
5 6 31 6 
5 6 31 6 
5 6 31 6 
5 6 31 6 
5 6 31 6 
5 6 31 6 
5 6 518 6 
5 6 518 6 
5 6 6 
5 6 518 6 
5 6 6 
5 6 6 
5 6 6 
5 6 6 
5 6 61 6 
5 6 61 6 
5 6 6 
5 6 6 
5 6 61 518 6 
5 62 6 63 6 
5 133 6 21 68 24 6 
91 5 6 92 6 
5 6 8 6 
5 6 8 6 
5 6 8 6 
5 6 8 6 
5 6 8 6 
5 6 8 6 
5 6 8 6 
5 6 8 6 
5 6 8 6 
5 6 8 6 
5 6 21 22 68 24 6 
5 6 518 6 
5 6 6 
5 6 21 68 24 6 
5 6 518 6 
5 6 518 6 
5 6 6 
5 6 6 
5 6 6 
5 6 6 
5 6 6 
5 6 6 
5 6 6 
5 6 6 
5 6 6 
5 6 6 
5 6 6 
5 6 6 
5 6 6 
5 6 6 
5 6 6 
5 6 6 
5 6 6 
5 6 6 
5 6 6 
5 6 6 
5 6 6 
5 6 6 
5 6 6 
5 6 6 
5 6 518 6 
5 6 6 
5 6 518 6 
5 6 518 6 
5 6 6 
5 6 61 6 
5 6 61 6 
5 6 6 
5 6 6 
5 6 6 
5 6 6 
5 6 6 
5 6 6 
5 6 6 
5 6 6 
5 6 6 
5 6 21 22 24 6 
5 6 6 
5 6 6 
5 6 6 
5 6 6 
5 6 6 
5 6 6 
5 6 6 
5 6 6 
5 6 6 
5 6 6 
5 6 6 
5 6 6 
5 6 6 
5 6 6 
5 6 6 
5 6 6 
5 6 6 
5 6 6 
5 6 6 
5 6 6 
5 6 6 
5 6 6 
5 6 6 
5 6 6 
5 6 6 
5 6 6 
5 6 6 
5 6 6 
5 6 6 
5 6 6 
5 6 6 
5 6 6 
5 6 6 
5 6 6 
5 6 6 
5 6 6 
5 6 6 
5 6 6 
5 6 6 
5 6 6 
5 6 6 
5 6 6 
5 6 6 
5 6 6 
5 6 6 
5 6 6 
5 6 6 
5 6 6 
5 6 6 
5 6 6 
5 6 6 
5 6 6 
5 6 6 
5 6 6 
5 6 6 
5 6 6 
5 6 6 
5 6 6 
5 6 6 
5 6 6 
5 6 6 