21 352 22 99 357 100 357 
365 21 22 352 99 357 100 357 
21 22 352 99 353 357 100 357 
21 22 352 99 353 357 100 357 
21 22 352 99 353 357 100 357 
21 22 352 99 353 357 100 357 
21 352 22 99 357 100 357 
21 352 22 99 357 100 357 
21 22 352 99 357 100 357 
21 22 352 99 353 357 100 357 
21 22 352 99 353 357 100 357 
21 22 352 99 353 357 100 357 
21 22 352 99 353 357 100 357 
21 22 352 99 357 100 357 
21 22 352 99 357 100 357 
21 22 352 99 357 100 357 
21 22 352 99 357 100 357 
21 22 352 99 357 100 357 
21 22 352 99 357 100 357 
21 22 352 99 353 357 100 357 
21 22 352 99 353 357 100 357 
21 22 352 99 353 357 100 357 
21 22 352 99 353 357 100 357 
21 22 352 99 353 357 100 357 
21 22 352 99 353 357 100 357 
21 22 352 99 353 357 100 357 
21 22 352 99 353 357 100 357 
21 22 352 99 353 357 100 357 
21 22 352 99 353 357 100 357 
21 22 352 99 353 357 100 357 
21 22 352 99 353 357 100 357 
21 22 352 99 353 357 100 357 
21 22 352 99 353 357 100 357 
21 352 22 99 353 357 100 357 
21 352 22 99 353 357 100 357 
21 352 22 99 353 357 100 357 
21 352 22 99 357 100 357 
21 22 352 99 357 100 357 
5 6 21 22 352 99 357 100 357 
21 352 22 99 357 100 357 
21 22 352 99 353 357 100 357 
21 352 22 99 357 100 357 
21 352 22 99 357 100 357 
21 352 22 99 357 100 357 
21 22 352 99 353 357 100 357 
21 22 352 99 353 357 100 357 
21 22 352 99 353 357 100 357 
21 22 352 99 353 357 100 357 
21 22 352 99 353 357 100 357 
21 22 352 99 353 357 100 357 
21 22 352 99 353 357 100 357 
21 22 352 99 353 357 100 357 
21 22 352 99 353 357 100 357 
21 22 352 99 353 357 100 357 
21 22 352 99 353 357 100 357 
21 22 352 99 357 24 100 357 
21 22 352 99 353 357 100 357 
21 22 352 99 353 357 100 357 
21 22 352 99 353 357 100 357 
21 22 352 99 353 357 100 357 
21 352 22 99 357 100 357 
21 352 22 99 357 100 357 
21 352 22 99 357 100 357 
21 352 22 99 357 100 357 
21 352 22 99 357 100 357 
21 352 22 99 357 100 357 
21 352 22 99 357 100 357 
21 352 22 99 357 100 357 
21 352 22 99 357 100 357 
21 352 22 99 357 100 357 
21 352 22 99 357 100 357 
21 352 22 99 357 100 357 
21 352 22 99 357 100 357 
21 352 22 99 357 100 357 
21 22 352 99 353 357 100 357 
21 22 352 99 353 357 100 357 
21 22 352 99 353 357 100 357 
21 22 352 99 353 357 100 357 
21 352 22 99 357 100 357 
21 352 22 99 357 100 357 
21 352 22 99 357 100 357 
21 22 352 99 353 357 100 357 
21 22 352 99 357 100 357 
21 22 352 99 353 357 100 357 
21 22 352 99 357 100 357 
21 352 22 99 357 100 357 
5 6 21 352 22 99 23 357 100 357 
21 352 22 99 357 100 357 
21 22 352 99 357 100 357 
21 352 22 99 357 100 357 
21 352 22 99 357 100 357 
21 22 352 99 353 357 100 357 
21 352 22 99 357 100 357 
21 22 352 99 353 357 100 357 
21 22 352 99 353 357 100 357 
21 352 22 99 357 100 357 
21 352 22 99 357 100 357 
21 352 22 99 357 100 357 
21 352 22 99 357 100 357 
21 22 352 99 353 357 100 357 
21 22 352 99 353 357 24 100 357 
21 22 352 99 353 357 24 100 357 
21 22 352 99 353 357 24 100 357 
21 22 352 99 353 357 24 100 357 
21 352 22 99 357 100 357 
21 352 22 99 357 100 357 
21 352 22 99 357 100 357 
21 352 22 99 357 100 357 
5 6 21 352 22 99 357 100 357 
5 6 21 352 22 99 357 100 357 
21 352 22 99 357 100 357 
5 6 21 352 22 99 357 100 357 
21 352 22 99 357 100 357 
21 352 22 99 357 100 357 
21 352 22 99 357 100 357 
21 352 22 99 357 100 357 
21 352 22 99 357 100 357 
21 352 22 99 357 100 357 
21 22 352 99 357 100 357 
21 352 22 99 357 100 357 
21 352 22 99 357 24 100 357 
21 352 22 99 357 24 100 357 
21 22 352 99 353 357 100 357 
21 22 352 99 353 357 100 357 
21 22 352 99 353 357 100 357 
21 22 352 99 353 357 100 357 
21 22 352 99 353 357 100 357 
21 22 352 99 353 357 100 357 
21 22 352 99 353 357 100 357 
21 22 352 99 353 357 100 357 
27 28 21 352 22 99 357 100 357 
21 22 352 99 353 357 100 357 
21 22 352 99 353 357 100 357 
21 22 352 99 353 357 100 357 
21 352 22 99 357 100 357 
21 352 22 99 357 100 357 
21 352 22 99 357 100 357 
21 352 22 99 357 100 357 
21 352 22 99 357 100 357 
21 352 22 99 357 100 357 
21 352 22 99 357 100 357 
21 352 22 99 357 100 357 
21 352 22 99 357 100 357 
21 352 22 99 357 100 357 
21 352 22 99 357 100 357 
21 22 352 99 357 100 357 
21 22 352 99 357 100 357 
21 22 352 99 357 100 357 
21 22 352 99 357 100 357 
21 352 22 99 357 100 357 
21 352 22 99 357 100 357 
5 6 21 22 352 99 23 357 100 357 
21 352 22 99 357 100 357 
21 22 352 99 353 357 100 357 
21 352 22 99 357 100 357 
21 22 352 99 353 357 100 357 
21 352 22 99 357 100 357 
21 352 22 99 357 100 357 
21 352 22 99 357 100 357 
21 352 22 99 357 100 357 
21 352 22 99 357 100 357 
21 352 22 99 357 100 357 
21 352 22 99 357 100 357 
21 352 22 99 357 100 357 
21 22 352 99 353 357 100 357 
21 352 22 99 357 100 357 
21 22 352 99 353 357 100 357 
5 6 21 352 22 99 357 482 100 357 
5 6 21 352 22 99 357 482 100 357 
5 6 21 352 22 99 357 482 100 357 
21 352 22 99 357 100 357 
21 352 22 99 357 100 357 
21 352 22 99 357 100 357 
21 352 22 99 357 100 357 
21 352 22 99 357 100 357 
21 352 22 99 357 100 357 
21 22 352 99 357 100 357 
28 27 21 22 352 99 357 100 357 
21 22 352 99 353 357 100 357 
21 352 22 99 357 100 357 
365 21 22 352 99 357 24 100 357 
21 352 22 99 357 100 357 
21 22 352 99 353 357 100 357 
21 352 22 99 357 100 357 
21 22 352 99 353 357 100 357 
21 22 352 99 357 24 100 357 
28 27 21 352 22 99 357 100 357 
28 27 21 352 22 99 357 100 357 
21 352 22 99 357 100 357 
21 352 22 99 357 100 357 
21 352 22 99 357 100 357 
21 352 22 99 357 100 357 
21 352 22 99 357 100 357 
21 352 22 99 357 100 357 
21 352 22 99 357 100 357 
28 27 21 352 22 99 357 100 357 
21 22 352 353 99 357 100 357 
112 21 352 22 99 113 357 100 357 
112 21 352 22 99 113 357 100 357 
28 27 21 352 22 99 357 100 357 
21 352 22 99 357 100 357 
21 22 352 99 353 357 100 357 
5 6 21 22 352 99 61 357 100 357 
365 21 22 352 99 357 100 357 