5 162 8 639 639 
5 162 8 639 639 
5 162 8 639 639 
5 162 8 639 639 
5 162 8 639 639 
5 162 8 639 639 
5 162 8 639 639 
5 162 8 639 639 
5 162 8 639 639 
5 162 8 639 639 
5 162 8 639 639 
5 162 8 639 639 
5 162 8 639 639 
5 162 8 639 639 
5 162 8 639 639 
5 162 8 639 639 
5 162 8 639 639 
5 162 8 639 639 
5 162 8 639 639 
5 162 8 639 639 
5 162 8 639 639 
5 162 8 639 639 
5 162 8 639 639 
5 162 8 639 639 
5 162 8 639 639 
5 162 8 639 639 
5 162 8 639 639 
5 162 8 639 639 
5 162 8 639 639 
5 162 8 639 639 
5 162 8 639 639 
5 162 8 639 639 
5 162 8 639 639 
5 162 8 639 639 
5 162 8 639 639 
5 162 8 639 35 639 
5 162 8 639 639 
5 162 8 639 639 
5 162 8 639 639 
5 162 8 639 639 
5 162 8 639 639 
5 162 8 639 639 
5 162 8 639 639 
5 162 8 639 639 
5 162 8 639 639 
5 162 8 639 639 
5 162 8 639 639 
5 162 8 639 639 
5 162 8 639 639 
5 162 8 639 639 
5 162 8 639 639 
5 162 8 639 639 
5 162 8 639 639 
5 162 8 639 639 
5 162 8 639 639 
5 162 8 639 639 
5 162 8 639 639 
5 162 8 639 639 
5 162 8 639 639 
5 162 8 639 639 
5 162 8 639 639 
5 162 8 639 639 
5 162 8 639 639 
5 162 8 639 639 
5 162 8 639 639 
5 162 8 639 639 
5 162 8 639 639 
5 162 8 639 639 
5 162 8 639 639 
5 162 8 639 639 
5 162 8 639 639 
5 162 8 639 639 
5 162 8 639 639 
5 162 8 639 639 
5 162 8 639 639 
5 162 8 639 639 
5 162 8 639 639 
5 162 8 639 639 
5 162 8 639 639 