21 22 37 24 24 
21 22 68 24 24 
21 22 37 24 24 
21 22 68 24 24 
21 22 37 24 24 
133 21 22 68 24 24 
104 21 22 68 24 24 
104 21 22 68 24 24 
133 21 22 68 24 24 
133 21 22 68 24 24 
133 21 22 68 24 24 
21 22 68 24 24 
21 22 68 24 24 
21 22 68 24 24 
133 21 22 68 24 24 
21 22 68 24 24 
21 22 68 24 24 
21 22 68 24 24 
21 22 68 24 24 
21 22 68 24 24 
21 22 68 24 24 
21 22 68 24 24 
21 22 68 24 24 
21 22 68 24 24 
104 21 22 68 24 24 
256 27 28 21 22 24 24 
21 22 37 24 24 
21 22 68 24 24 
81 21 22 82 68 24 24 
21 22 68 24 24 
104 21 22 68 24 24 
21 22 68 24 24 
21 22 68 24 24 
104 21 22 68 24 24 
104 21 22 68 24 24 
21 22 68 24 24 
21 22 68 24 24 
133 21 22 68 24 24 
133 21 22 68 24 24 
21 22 68 24 24 
21 22 68 24 24 
21 22 68 24 24 
104 21 22 68 24 24 
104 21 22 68 24 24 
104 21 22 68 24 24 
21 22 68 24 24 
21 22 68 24 24 
133 21 22 68 24 24 
21 22 68 24 24 
21 22 68 24 24 
21 22 68 24 24 
21 22 68 24 24 
133 21 22 68 24 24 
104 21 22 68 24 24 
21 22 24 24 
21 22 24 24 
104 21 22 68 24 24 
104 21 22 68 24 24 
171 5 21 22 162 8 172 68 24 24 
21 22 68 24 24 
21 22 68 24 24 
104 21 22 68 24 24 
354 21 22 68 24 24 
104 21 22 68 24 24 
104 21 22 68 24 24 
21 22 68 24 24 
104 21 22 68 24 24 
21 22 68 24 24 
21 22 24 24 
104 21 22 68 24 24 
28 21 22 24 79 80 24 
28 21 22 683 684 24 24 
21 22 24 24 
21 22 24 24 
21 22 24 24 