5 21 22 143 8 263 37 144 24 263 
21 22 263 24 263 
21 22 263 24 263 
21 22 263 37 24 263 
21 22 263 24 263 
21 22 263 24 263 
21 22 263 24 263 
21 22 263 24 263 
5 21 22 143 8 263 37 144 24 263 
21 22 263 24 263 
21 22 263 24 263 
81 21 22 263 82 24 263 
81 21 22 263 82 24 263 
81 21 22 263 82 24 263 
81 21 22 263 82 24 263 
21 22 263 24 263 
21 22 263 24 263 
21 22 263 24 263 
21 22 263 24 263 
21 22 263 24 263 
21 22 263 24 263 
27 28 21 22 263 24 263 
21 22 263 68 24 263 
21 22 263 24 263 
5 21 22 143 8 263 37 144 24 263 
21 22 263 24 263 
21 22 263 24 263 
21 22 263 24 263 
21 22 263 24 263 
21 22 263 24 263 
21 22 263 24 263 
21 22 263 24 263 
21 22 263 24 263 
21 22 263 24 263 
21 22 263 24 263 
21 22 263 24 263 
21 22 263 24 263 
81 21 22 263 82 24 263 
21 22 263 24 263 
21 22 263 24 263 
21 22 263 24 263 
21 22 263 24 263 
21 22 263 24 263 
21 22 263 24 263 
21 22 263 24 263 
21 22 263 68 24 263 
354 21 22 263 68 24 263 
21 22 263 24 263 
133 21 22 263 68 24 263 
81 21 22 263 82 24 263 
81 21 22 263 82 24 263 
21 22 263 68 24 263 
21 22 263 24 263 
21 22 263 68 24 263 
21 22 263 68 24 263 
21 22 263 68 24 263 
21 22 263 68 24 263 
21 22 263 68 24 263 
21 22 263 68 24 263 
21 22 263 24 263 
21 22 263 24 263 
104 21 22 263 68 24 263 
21 22 263 24 263 
21 22 263 24 263 
21 22 263 24 263 
21 22 263 24 263 
21 22 263 24 263 
21 22 263 24 263 
21 22 263 24 263 
21 22 263 24 263 
91 5 6 21 22 92 263 24 263 
21 22 99 263 24 362 263 
21 22 263 24 263 
21 22 263 24 263 
21 22 263 24 263 
21 22 263 24 263 
21 22 263 24 263 
21 22 263 24 263 
21 22 263 24 263 
21 22 263 24 263 
21 22 263 24 263 
21 22 263 24 263 
21 22 263 24 263 
21 22 263 24 263 
21 22 263 24 263 
21 22 263 24 263 
21 22 263 24 263 
21 22 263 68 24 263 
21 22 263 24 263 
21 131 263 24 263 
21 131 263 24 263 
21 22 263 24 263 
21 22 263 24 263 
21 22 263 24 263 
21 22 263 24 263 
21 22 263 24 263 
21 22 263 475 24 263 
21 22 263 24 263 
21 22 263 24 263 
21 22 263 24 263 
21 22 263 24 263 
21 22 263 24 263 
21 22 263 24 263 
21 22 263 24 263 
5 21 22 263 8 24 263 
21 22 263 24 263 
5 21 22 263 8 24 263 
21 22 263 24 263 
21 22 263 37 24 263 
21 22 263 24 263 
21 22 263 24 263 
21 22 263 24 263 
21 22 263 24 263 
21 22 263 24 263 
21 22 263 24 263 
21 22 263 24 263 
81 21 22 263 82 68 24 263 
81 21 22 263 82 68 24 263 
81 21 22 263 82 24 263 
21 22 263 24 263 
21 22 263 68 24 263 
21 22 263 24 263 
21 22 263 24 263 
21 22 263 24 263 
21 22 263 68 24 263 
21 22 263 68 24 263 
21 22 263 68 24 263 
21 22 263 68 24 263 
21 22 263 24 263 
21 22 263 24 263 
21 22 263 24 263 
21 22 263 24 263 
21 22 263 24 263 
21 22 263 24 263 
21 22 263 24 263 
21 22 263 24 263 
21 22 263 24 263 
21 22 263 24 263 
21 22 263 24 263 
21 22 263 24 263 
21 22 263 68 24 263 
21 22 263 24 263 
21 22 263 37 24 263 
21 22 263 24 263 
21 22 263 24 263 
21 22 263 37 24 263 
21 22 263 24 263 
21 22 263 24 263 
91 5 6 21 22 92 263 24 263 
21 22 263 68 24 263 
21 22 263 24 263 
21 22 263 24 263 
21 22 263 24 263 
21 22 263 24 263 
21 22 263 24 263 
354 21 22 263 68 24 263 
21 22 263 24 263 
21 22 263 24 263 
21 22 263 68 24 263 
21 22 263 68 24 263 
21 22 263 68 24 263 
21 22 263 24 263 
21 22 263 24 263 
21 22 263 24 263 
21 22 263 24 263 
21 22 263 24 263 
21 22 263 24 263 
21 22 263 24 263 
21 22 263 24 263 
21 22 263 24 263 
21 22 263 24 263 
552 21 22 99 263 24 263 
21 22 263 68 24 263 
21 22 263 24 263 
21 22 263 24 263 
21 22 263 24 263 
21 22 263 24 263 
21 22 263 24 263 
21 22 263 24 263 
21 22 263 24 263 
21 22 263 24 263 
21 22 263 24 263 
21 22 263 24 263 
21 22 263 24 263 
21 22 263 24 263 
21 22 263 68 24 263 
21 22 263 24 263 
21 22 263 24 263 
21 22 263 68 24 263 
21 22 263 24 263 
21 22 263 24 263 
21 22 263 68 24 263 
21 22 263 68 24 263 
21 22 263 24 263 
21 22 263 24 263 
21 22 263 24 263 
21 22 263 24 263 
21 22 263 24 263 
21 22 263 24 263 
21 22 263 24 263 
21 22 263 24 263 
21 22 263 24 263 
21 22 263 24 263 
21 22 263 24 263 
21 22 263 24 263 
21 22 263 68 24 263 
21 22 263 24 263 
21 22 263 24 263 
21 22 263 24 263 
21 22 263 24 263 
21 22 263 24 263 
21 22 263 24 263 
21 22 263 24 263 
21 22 263 24 263 
21 22 263 24 263 
21 22 263 24 263 
133 21 22 263 68 24 263 
21 22 263 68 24 263 
21 22 263 24 263 
21 22 263 24 263 
21 22 263 24 263 
21 22 263 24 263 
21 22 263 24 263 
21 22 263 24 263 
21 22 263 24 263 
21 22 263 24 263 
5 21 22 143 8 263 37 144 24 263 
21 22 263 24 263 
21 22 263 24 263 
21 22 263 24 263 
21 22 263 24 263 
21 22 263 24 263 
21 22 263 24 263 
21 22 263 68 24 263 
21 22 263 24 263 
21 22 263 24 263 
21 22 263 24 263 
21 22 263 24 263 
21 22 263 24 263 
21 22 263 24 263 
21 22 263 24 263 
21 22 263 24 263 
21 22 90 263 24 263 
21 22 263 24 263 
21 22 263 68 24 263 
21 22 263 68 24 263 
21 22 263 24 263 
21 22 263 68 24 263 
21 22 263 68 24 263 
21 22 263 24 263 
21 22 263 24 263 
354 21 22 263 68 24 263 
21 22 263 24 263 
21 22 263 24 263 
21 22 263 24 263 
21 22 263 24 263 
21 22 263 24 263 
21 22 263 24 263 
21 22 263 24 263 
21 22 263 24 263 
21 22 263 24 263 
21 22 263 24 263 
21 22 263 24 263 
21 22 263 24 263 
21 22 263 24 263 
21 22 263 24 263 
21 22 90 263 24 263 
21 22 90 263 24 263 
21 22 90 263 24 263 
21 22 263 24 263 
21 22 263 24 263 
21 22 263 68 24 263 
21 22 263 68 24 263 
21 22 352 99 353 263 24 100 263 
21 22 263 68 24 263 
21 22 263 68 24 263 
21 22 263 24 263 
21 22 263 24 263 
21 22 263 24 263 
21 22 263 24 263 
91 5 6 21 22 92 263 24 263 
21 22 263 24 263 
21 22 263 24 263 
21 22 263 24 263 
21 22 263 24 263 
21 22 263 24 263 
21 22 263 24 263 
21 22 263 24 263 
21 22 263 24 263 
21 22 263 24 263 
21 22 263 24 263 
21 22 263 68 24 263 
21 22 263 24 263 
21 22 263 24 263 
21 22 263 24 263 
21 22 263 24 263 
21 22 263 24 263 
21 22 263 24 263 
21 22 263 24 263 
21 22 263 24 263 
21 22 263 24 263 
21 22 263 24 263 
21 22 263 24 263 
21 22 263 24 263 
21 22 263 24 263 
21 22 263 24 263 
21 22 263 24 263 
21 22 263 68 24 263 
21 22 263 68 24 263 
21 22 263 68 24 263 
21 22 263 24 263 
21 22 263 24 263 
21 22 263 24 263 
21 22 263 24 263 
21 22 263 24 263 
21 22 263 24 263 
21 22 263 24 263 
28 27 21 22 263 24 263 
21 22 263 68 24 263 
21 22 263 24 263 
21 22 263 24 263 
21 22 263 24 263 
21 22 263 24 263 
21 22 263 24 263 
21 22 263 24 263 
21 22 263 24 263 
21 22 263 24 263 
21 22 263 24 263 
21 22 263 24 263 
21 22 263 24 263 
21 22 263 24 263 
21 22 263 24 263 
21 22 263 24 263 
21 22 263 24 263 
21 22 263 24 263 
21 22 263 24 263 
21 22 263 24 263 
21 22 263 24 263 
21 22 263 24 263 
21 22 263 24 263 
21 22 263 24 263 
21 22 263 24 263 
21 22 263 24 263 
21 22 263 24 263 
21 22 263 24 263 
21 22 263 24 263 
21 22 263 68 24 263 
21 22 263 24 263 
21 22 263 24 263 
21 22 263 24 263 
21 22 263 24 263 
21 22 263 24 263 
21 22 263 24 263 
21 22 263 24 263 
21 22 263 24 263 
21 22 263 24 263 
21 22 263 24 263 
21 22 263 68 24 263 
21 22 263 24 263 
21 22 263 24 263 
21 22 263 24 263 
21 22 263 24 263 
21 22 263 68 24 263 
21 22 263 68 24 263 
21 22 263 24 263 
21 22 263 24 263 
21 22 263 24 263 
21 22 263 24 263 
21 22 263 24 263 
21 22 263 24 263 
21 22 99 263 24 362 263 
21 22 263 68 24 263 
21 22 263 68 24 263 
21 22 263 24 263 
21 22 263 24 263 
21 22 263 68 24 263 
21 22 263 24 263 
21 22 263 24 263 
21 22 263 24 263 
21 22 263 24 263 
21 22 263 68 24 263 
21 22 263 68 24 263 
21 22 263 24 263 
21 22 263 24 263 
21 22 263 24 263 
21 22 263 24 263 
21 22 263 24 263 
21 22 263 475 24 263 
21 22 263 24 263 
21 22 263 24 263 
5 21 22 143 8 263 37 144 24 263 
21 22 263 24 263 
21 22 263 24 263 
21 22 263 24 263 
21 22 263 24 263 
21 22 263 24 263 
21 22 263 24 263 
21 22 263 24 263 
21 22 263 24 263 
21 22 263 24 263 
21 22 263 24 263 
21 263 24 263 
21 22 263 24 263 
21 22 263 24 263 
21 22 263 24 263 
21 22 263 24 263 
21 22 263 24 263 
21 22 263 24 263 
21 22 263 24 263 
21 22 263 24 263 
21 22 263 24 263 
21 22 263 24 263 
21 22 263 24 263 
21 22 263 24 263 
21 22 263 24 263 
21 22 263 24 263 
21 22 263 24 263 
21 263 24 263 
21 22 263 24 263 
21 22 263 24 263 
21 22 263 24 263 