5 671 6 436 671 
671 436 671 
671 436 671 
671 436 671 
671 436 671 
5 671 6 436 671 
5 671 6 436 671 
5 671 6 436 671 
5 671 6 436 671 
5 671 6 436 671 
5 671 6 436 671 
5 671 6 436 671 
671 447 436 671 
671 436 671 
671 436 671 
671 436 671 
671 436 671 
671 436 671 
671 436 671 
671 436 671 
671 436 671 
671 436 671 
671 436 671 
671 436 671 
671 436 671 
671 436 671 
671 436 671 
671 436 671 
671 436 671 
5 671 6 436 671 
671 436 671 
671 436 671 
671 436 671 
671 436 671 
671 436 671 
671 436 671 
671 436 671 
671 436 671 
671 436 671 
671 436 671 
671 436 671 
671 436 671 
671 436 671 
671 436 671 
671 436 671 
671 436 671 
671 436 671 
671 436 671 
671 436 671 
671 436 671 
671 436 671 
671 436 671 
671 436 671 
671 436 671 
671 436 671 
671 436 671 
671 436 671 
671 436 671 
671 436 671 
671 436 671 
671 436 671 
671 436 671 
671 436 671 
671 436 671 
671 436 671 
671 436 671 
671 436 671 
671 436 671 
671 436 671 
671 436 671 
671 436 671 
671 436 671 
671 436 671 
5 671 6 436 671 
5 671 6 436 671 
671 436 671 
671 436 671 
671 436 671 
671 436 671 
671 436 671 
671 436 671 
671 436 671 
671 436 671 
671 436 671 
671 436 671 
671 436 671 
5 671 6 436 671 
5 671 6 436 671 
5 671 6 436 671 
5 671 6 436 671 
5 671 6 436 671 
5 671 6 436 671 
671 436 671 
671 436 671 
671 436 671 
671 436 671 
671 436 671 
671 436 671 
671 436 671 
671 436 671 
671 436 671 
671 436 671 
671 436 671 
671 436 671 
671 436 671 
671 436 671 
671 436 671 
671 436 671 
671 436 671 
671 436 671 
671 436 671 
671 436 671 
671 436 671 
671 436 671 
671 436 671 
671 436 671 
671 436 671 
671 436 671 
671 436 671 
671 436 671 
671 436 671 
671 436 671 
671 436 671 
671 436 671 
81 671 21 436 82 24 671 
81 671 21 436 82 24 671 
81 671 21 436 82 24 671 
671 436 671 
671 436 671 
671 436 671 
671 436 671 
671 436 671 
671 436 671 
671 436 671 
671 436 671 
671 436 671 
671 436 671 
671 436 671 
671 436 671 
671 436 671 
671 436 671 
671 436 671 
671 436 671 
671 436 671 
671 436 671 
671 436 671 
671 436 671 
671 436 671 
671 436 671 
671 436 671 
671 436 671 
671 436 671 
671 436 671 
671 436 671 
5 671 6 436 671 
5 671 6 436 671 
671 21 436 671 
671 436 671 
671 436 671 
671 436 671 
671 436 671 
671 436 671 
671 436 671 
671 436 671 
671 436 671 
671 436 671 
671 436 671 
671 436 671 
671 436 671 
671 436 671 
671 436 671 
671 436 671 
671 436 671 
671 436 671 
671 436 671 
671 436 671 
671 436 671 
671 436 671 
671 436 671 
671 436 671 
671 436 671 
671 436 671 
671 436 671 
671 436 671 
671 436 671 
671 436 671 
671 436 671 
671 436 671 
671 436 671 
671 436 671 
671 436 671 
671 436 671 
5 671 6 436 671 
671 436 671 
671 436 671 
671 436 671 
671 436 671 
671 436 671 
671 436 671 
671 436 671 
671 436 671 
671 436 671 
671 436 671 
671 436 671 
671 436 671 
671 436 671 
5 671 6 436 23 671 
671 436 671 
671 436 671 
671 436 671 
671 436 671 
671 436 671 
671 436 671 
671 436 671 
671 436 671 
671 436 671 
671 436 671 
671 436 671 
671 436 671 
671 436 671 
671 436 671 
671 436 671 
671 436 671 
671 436 671 
671 436 671 
671 436 671 
671 436 671 
671 436 671 
671 436 671 
671 436 671 
671 436 671 
671 436 671 
671 436 671 
671 436 671 
671 436 671 
671 436 671 
671 436 671 
671 436 671 
671 436 671 
671 436 671 
671 436 671 
671 436 671 
671 436 671 
671 436 671 
671 436 671 
671 436 671 
671 436 671 
671 436 671 
671 436 671 
671 436 671 
671 436 671 
671 436 671 
671 436 671 
671 436 671 
671 436 671 
671 436 671 
671 436 671 
671 436 671 
671 436 671 
671 436 671 
671 436 671 
671 436 671 
671 436 671 
671 436 671 
671 436 671 
671 436 671 
671 436 671 
671 436 671 
671 436 671 
671 436 671 
671 436 671 
671 436 671 
5 671 6 436 671 
5 671 6 436 671 
5 671 6 436 671 
5 671 6 436 671 
671 436 671 
5 671 6 436 671 
5 671 6 436 671 
5 671 6 436 671 
5 671 6 436 671 
5 671 6 436 671 
5 671 6 436 671 
5 671 6 436 671 
5 671 6 436 671 
5 671 6 436 671 
5 671 6 436 671 
671 436 671 
671 436 671 
671 436 671 
671 436 671 
671 436 671 
671 436 671 
671 436 671 
671 436 671 
671 436 671 
671 436 671 
671 436 671 
671 436 671 
671 436 671 
671 436 671 
671 436 671 
5 671 6 436 671 
5 671 6 436 671 
671 436 671 
671 436 671 
671 436 671 
671 436 671 
671 436 671 
671 436 671 
671 436 671 
671 436 671 
671 436 671 
671 436 671 
671 436 671 
671 436 671 
671 436 671 
671 436 671 
671 436 671 
671 436 671 
5 671 6 436 671 
5 671 6 436 671 
5 671 6 436 671 
671 436 671 
671 436 671 
671 436 671 
671 436 671 
671 436 671 
671 436 671 
671 436 671 
671 436 671 
5 671 6 436 671 
671 436 671 
671 436 671 
671 436 671 
671 436 671 
671 436 671 
671 436 671 
671 436 671 
671 436 671 
5 671 6 436 671 
671 436 671 
5 671 6 436 23 671 
5 671 6 436 23 671 
5 671 6 436 23 671 
5 671 6 436 23 671 
5 671 6 436 671 
671 436 671 
671 436 671 
671 436 671 
671 436 671 
730 671 436 671 
671 436 671 
671 436 671 
671 436 671 
671 436 671 
5 671 6 436 671 
5 671 6 436 671 
5 671 6 436 671 
5 671 6 436 671 
5 671 6 436 671 
671 436 671 
671 436 671 
171 5 671 162 436 8 416 671 
171 5 671 162 436 8 416 671 
171 5 671 162 436 8 416 671 
671 436 671 
671 436 671 
671 436 671 
671 436 671 
671 436 671 
671 436 671 
671 436 671 
671 436 671 
671 436 671 
671 436 671 
671 436 671 
671 436 671 
671 436 671 
671 436 671 
671 436 671 
671 436 671 
5 671 6 436 671 
5 671 6 436 671 
730 671 436 671 
671 436 671 
671 436 671 
671 436 671 
671 436 671 
671 436 671 
671 436 671 
671 436 671 
5 671 6 436 671 
671 436 671 
671 436 671 
671 436 671 
671 436 671 
671 436 671 
671 436 671 
671 436 671 
671 436 671 
671 436 671 
671 436 671 
730 671 436 671 
671 436 671 
671 436 671 
671 436 671 
671 436 671 
5 671 6 436 671 
671 436 671 
671 436 671 
671 436 671 
671 436 671 
671 436 671 
671 436 671 
671 436 671 
671 436 671 
671 436 671 
671 436 671 
671 436 671 
671 436 671 
5 671 6 436 671 
5 671 6 436 671 
5 671 6 436 671 
5 671 6 436 671 
5 671 6 436 671 
5 671 6 436 671 
5 671 6 436 671 
671 436 671 
671 436 671 
671 436 671 
671 436 671 
671 436 671 
5 671 6 436 671 
5 671 6 436 671 
5 671 6 436 671 
671 436 671 
671 436 671 
671 436 671 
671 436 671 
671 436 671 
671 436 671 
671 436 671 
5 671 6 436 23 671 
5 671 6 436 23 671 
5 671 6 436 23 671 
5 671 6 436 23 671 
5 671 6 436 23 671 
5 671 6 436 23 671 
5 671 6 436 671 
5 671 6 436 671 
5 671 6 436 671 
671 436 671 
671 436 731 671 
671 436 671 
671 436 671 
5 671 6 436 671 
5 671 6 436 671 
671 436 671 
671 436 671 
5 671 6 436 671 
5 671 6 436 671 
5 671 6 436 671 
5 671 6 436 671 
5 671 6 436 671 
5 671 6 436 671 
5 671 6 436 671 
5 671 6 436 671 
5 671 6 436 671 
5 671 6 436 671 
5 671 6 436 671 
5 671 6 436 671 
5 671 6 436 671 
671 109 28 21 436 80 110 671 
671 109 28 21 436 80 110 671 
671 109 28 21 436 80 110 671 
671 109 28 21 436 80 110 671 
671 436 671 
671 436 671 
671 436 671 
5 671 6 436 671 
5 671 6 436 671 
671 436 671 
671 436 671 
671 436 671 
671 436 671 
671 436 671 
671 436 671 
671 436 671 
671 436 671 
671 436 671 
671 436 671 
671 436 671 
671 436 671 
671 436 671 
671 436 671 
671 436 36 671 
671 436 671 
671 436 671 
671 436 671 
671 436 671 
671 436 671 
671 436 671 
5 671 6 436 671 
5 671 6 436 671 
671 28 21 436 79 80 671 
671 28 21 436 79 80 671 
671 28 21 436 79 80 671 
671 28 21 436 79 80 671 
671 28 21 436 79 80 671 
671 28 21 436 79 80 671 
671 28 21 436 79 80 671 
671 28 21 436 79 80 671 
671 28 21 436 79 80 671 
671 436 671 
671 436 671 
671 436 671 
671 436 671 
671 436 671 
671 436 671 
5 671 6 436 671 
671 436 671 
671 436 671 
671 436 671 
671 436 671 
671 436 671 