36 122 123 122 
36 122 123 122 
36 122 123 122 
36 122 123 122 
36 122 123 122 
36 122 123 122 
36 122 123 122 
36 122 123 122 
36 122 123 122 
36 122 123 122 
36 122 123 122 
36 122 123 122 
36 122 123 122 
36 122 123 122 
36 122 123 122 
36 122 123 122 
36 122 123 122 
36 122 123 122 
36 122 123 122 
36 122 123 122 
36 122 123 122 
36 122 123 122 
36 122 123 122 
36 122 123 122 
36 122 123 122 
36 122 123 122 
36 122 123 122 
36 122 123 122 
36 122 123 122 
36 122 123 122 
36 122 123 122 
36 122 123 122 
36 122 123 122 
36 122 123 122 
36 122 123 122 
36 122 123 122 
36 122 123 122 
36 122 123 122 
36 122 123 122 
36 122 123 122 
36 122 123 122 
36 122 123 122 
36 122 123 122 
36 122 123 122 
36 122 123 122 
36 122 123 122 
36 122 123 122 
36 122 123 122 
36 122 123 122 
36 122 123 122 
36 122 123 122 
36 122 123 122 
36 122 123 122 
36 122 123 122 
36 122 123 122 
36 122 123 122 
36 122 123 122 
36 122 123 122 
36 122 123 122 
36 122 123 122 
5 8 36 122 123 122 
36 122 123 122 
36 122 123 122 
36 122 123 122 
36 122 123 122 
36 122 123 122 
36 122 123 122 
36 122 123 122 
36 122 123 122 
36 122 123 122 
36 122 123 122 
36 122 123 122 
36 122 123 122 
36 122 123 122 
36 122 123 122 
36 122 123 122 
36 122 123 122 
36 122 123 122 
36 122 123 122 
36 122 123 122 
36 122 123 122 
21 22 37 36 24 122 122 
21 22 37 36 24 122 122 
36 122 123 122 
36 122 123 122 
36 122 123 122 
36 122 123 122 
36 122 123 122 
36 122 123 122 
36 122 123 122 
36 122 123 122 
36 122 123 122 
36 122 123 122 
36 122 123 122 
36 122 123 122 
36 122 123 122 
36 122 123 122 
36 122 123 122 
36 122 123 122 
36 122 123 122 
36 122 123 122 
36 122 123 122 
5 8 36 122 123 122 
5 8 36 122 122 
36 122 123 122 
36 122 123 122 
36 122 123 122 
36 122 123 122 
36 122 123 122 
36 122 123 122 
36 122 123 122 
36 122 123 122 
36 122 123 122 
36 122 123 122 
36 122 123 122 
36 122 123 122 
36 122 123 122 
36 122 123 122 
36 122 123 122 
36 122 123 122 
5 6 36 122 123 122 
36 122 123 122 
36 122 123 122 
36 122 123 122 
36 122 123 122 
36 122 123 122 
36 122 123 122 
5 8 36 122 122 
36 122 123 122 
36 122 123 122 
159 36 122 123 130 122 
254 36 255 122 122 
36 122 123 122 
36 122 123 122 
36 122 123 122 
36 122 123 122 
36 122 123 122 
36 122 123 122 
36 122 123 122 
36 122 123 122 
36 122 123 122 
36 122 123 122 
36 122 123 122 
36 122 123 122 
36 122 123 122 
36 122 123 122 
36 122 123 122 
36 122 123 122 
36 122 123 122 
36 122 123 122 
36 122 123 122 
36 122 123 122 
36 122 123 122 
36 122 123 122 
5 8 36 122 123 122 
36 122 123 122 
36 122 123 122 
5 8 36 122 123 122 
36 122 123 122 
36 122 123 122 
36 122 123 122 
36 122 123 122 
36 122 123 122 
36 122 123 122 
36 122 123 122 
36 122 123 122 
36 122 123 122 
36 122 123 122 
36 122 123 122 
36 122 123 122 
36 122 123 122 
36 122 123 122 
36 122 123 122 
36 122 123 122 
36 122 123 122 
36 123 122 122 
36 122 123 122 