5 6 6 
5 6 61 6 
5 6 6 
5 6 9 6 
5 6 61 6 
5 358 6 61 6 
5 6 87 6 
5 62 6 63 6 
5 62 6 31 63 6 
5 62 6 31 63 6 
5 6 23 8 139 6 
5 6 61 6 
5 62 6 63 6 
5 6 6 
5 6 6 
5 6 503 11 10 6 
5 27 28 6 21 6 
5 358 6 61 6 
5 6 87 6 
5 6 518 6 
5 6 6 
5 6 6 
5 6 6 
5 6 6 
5 6 6 
5 6 6 
5 6 6 
5 6 31 6 
5 6 6 
5 6 6 
5 6 6 
5 6 6 
5 6 6 
5 6 6 
5 6 6 
5 6 6 
5 6 31 6 
5 6 9 6 
5 6 61 6 
5 6 61 6 
5 6 61 6 
5 6 61 6 
5 62 6 63 6 
5 6 6 
5 91 6 92 61 6 
5 91 6 92 61 6 
5 6 6 
5 6 6 
5 6 6 
5 6 6 
5 6 6 
5 6 6 
5 6 6 
5 6 6 
5 6 6 
5 6 6 
5 6 6 
5 6 6 
5 6 6 
5 6 6 
5 6 6 
5 6 6 
5 6 6 
5 6 6 
5 6 6 
5 6 6 
5 6 6 
5 6 6 
5 6 6 
5 6 6 
5 6 6 
5 6 6 
5 6 6 
5 6 6 
5 6 6 
5 6 6 
5 6 6 
5 6 6 
5 6 6 
5 6 6 
5 6 6 
5 6 6 
5 6 6 
5 6 6 
5 6 6 
5 6 31 6 
5 6 31 6 
5 6 6 
5 6 6 
5 6 61 6 
5 6 61 6 
5 6 87 6 
5 6 87 6 
5 6 87 6 
5 6 31 6 
5 6 87 6 
5 6 87 6 
5 6 87 6 
5 6 87 6 
5 6 87 6 
5 6 87 6 
5 6 87 6 
5 6 6 
5 6 6 
5 6 6 
5 6 9 6 
5 6 87 6 
5 6 6 
5 6 21 22 8 24 6 
5 6 6 
5 6 6 
5 6 8 6 
5 6 8 6 
5 62 6 63 6 
5 62 6 63 6 
5 6 21 9 37 24 6 
5 6 31 6 
5 6 31 6 
5 6 31 6 
5 6 31 6 
5 6 31 6 
5 6 31 6 
5 6 31 6 
5 27 28 6 21 6 
5 27 28 6 21 6 
5 6 61 6 
5 62 6 63 6 
5 62 6 63 6 
5 6 9 6 
5 27 28 6 21 6 
5 27 28 6 21 6 
5 27 28 6 21 6 
5 27 28 6 21 6 
5 27 28 6 21 6 
5 6 21 22 68 24 6 
5 6 31 6 
5 6 31 6 
5 6 31 6 
5 6 31 6 
5 6 31 6 
5 6 69 70 6 
5 6 6 
5 6 31 6 
5 27 28 6 21 31 6 
5 27 28 6 21 31 6 
5 6 31 6 
5 6 31 6 
5 6 6 
5 6 31 6 
5 6 31 6 
5 6 31 6 
5 6 31 6 
5 6 31 6 
5 6 31 6 
5 6 31 6 
5 6 31 6 
5 6 31 6 
5 6 31 6 
5 6 31 6 
5 6 6 
5 62 6 31 63 6 
5 62 6 31 63 6 
5 6 31 6 
5 6 61 6 
5 6 21 68 24 6 
5 6 6 
5 6 31 61 6 
5 6 21 68 24 6 
5 6 6 
5 6 6 
5 6 6 
5 6 6 
5 6 31 6 
5 6 21 31 68 24 6 
5 6 6 
5 6 23 6 
5 6 23 6 
5 6 23 6 
5 6 23 6 
5 6 518 6 
5 6 31 6 
5 6 518 6 
5 6 518 6 
5 6 31 6 
5 6 31 6 
5 6 6 
5 6 6 
5 6 6 
5 6 21 68 24 6 
5 91 6 92 6 
5 6 6 
5 6 6 
5 6 6 
5 6 31 6 
5 6 31 6 
5 6 31 6 
5 6 31 6 
5 6 31 6 
5 6 31 6 
5 6 31 6 
5 6 31 6 
5 6 31 6 
5 6 31 6 
5 6 31 6 
5 6 6 
5 6 6 
5 6 6 
5 6 6 
5 6 6 
5 6 6 
5 6 6 
5 6 6 
5 6 61 6 
5 6 6 
5 6 6 
5 6 23 158 6 
5 6 8 6 
5 6 23 8 158 6 
5 6 8 6 
5 6 21 31 68 24 6 
5 6 31 6 
5 6 31 6 
5 6 31 6 
5 6 31 6 
5 6 31 6 
5 6 31 6 
5 6 31 6 
5 6 31 6 
5 6 31 6 
5 6 31 6 
5 6 31 6 
5 6 31 6 
5 6 31 6 
5 6 21 31 68 24 6 
5 6 23 6 
5 6 8 6 
5 6 518 6 
5 521 6 6 
5 62 6 63 6 
5 62 6 63 6 
5 6 578 243 6 
5 28 6 21 31 6 
5 28 6 21 31 6 
5 28 6 21 31 6 
5 28 6 21 31 6 
5 28 6 21 31 6 
5 28 6 21 31 6 
5 28 6 21 31 6 
5 28 6 21 31 6 
5 28 6 21 31 6 
5 28 6 21 31 6 
5 28 6 21 31 6 
5 28 6 21 31 6 
5 6 31 6 
5 6 31 6 
5 6 31 6 
5 6 31 6 
5 6 31 6 
5 6 31 6 
5 6 31 6 
5 358 6 61 6 
5 6 21 37 24 6 
5 6 8 6 
5 6 8 6 
5 6 70 69 6 
5 62 6 63 6 
5 6 87 6 
5 27 28 6 21 546 6 
5 62 6 63 8 6 
5 6 31 6 
5 6 31 6 
5 6 31 6 
5 6 31 6 
5 6 31 6 
5 6 31 6 
5 6 31 6 
5 6 31 6 
5 6 31 6 
5 6 31 6 
5 6 31 6 
5 6 31 6 
5 6 31 6 
5 6 31 6 
5 6 31 6 
5 6 31 6 
5 6 31 6 
5 6 31 6 
5 6 31 6 
5 6 31 6 
5 6 31 6 
5 6 31 6 
5 6 31 6 
5 6 31 6 
5 6 31 6 
5 6 31 6 
5 6 31 6 
5 6 31 6 
5 6 31 6 
5 6 31 6 
5 6 31 6 
5 6 31 6 
5 6 31 6 
5 6 31 6 
5 6 31 6 
5 6 31 6 
5 6 31 6 
5 6 31 6 
5 6 31 6 
5 6 31 6 
5 6 31 6 
5 6 31 6 
5 6 31 6 
5 6 31 6 
5 6 31 6 
5 6 31 6 
5 6 31 6 
5 6 61 6 
5 6 61 6 
5 6 61 6 
5 6 6 
5 6 436 6 
5 6 6 
5 6 6 
5 6 9 6 
5 6 9 6 
5 6 21 31 68 24 6 
5 6 21 31 68 24 6 
5 6 21 31 68 24 6 
5 6 21 31 68 24 6 
5 6 21 31 68 24 6 
5 6 21 31 68 24 6 
5 6 21 31 68 24 6 
5 6 21 31 68 24 6 
5 6 21 31 68 24 6 
5 6 21 31 68 24 6 
5 6 21 31 68 24 6 
5 6 21 31 68 24 6 
5 6 21 31 68 24 6 
5 6 21 31 68 24 6 
5 6 21 31 68 24 6 
5 6 21 31 68 24 6 
5 6 21 31 68 24 6 
5 6 21 31 68 24 6 
5 6 21 31 68 24 6 
5 6 21 31 68 24 6 
5 6 21 31 68 24 6 
5 6 21 31 68 24 6 
5 6 21 31 68 24 6 
5 6 21 31 68 24 6 
5 6 21 31 68 24 6 
5 6 21 31 68 24 6 
5 6 21 31 68 24 6 
5 6 21 31 68 24 6 
5 6 21 31 68 24 6 
5 6 21 31 68 24 6 
5 6 21 31 68 24 6 
5 6 21 31 68 24 6 
5 6 21 31 68 24 6 
5 6 21 31 68 24 6 
5 6 21 31 68 24 6 
5 6 21 31 68 24 6 
5 6 21 31 68 24 6 
5 6 21 31 68 24 6 
5 6 21 31 68 24 6 
5 6 21 31 68 24 6 
5 6 21 31 68 24 6 
5 6 21 31 68 24 6 
5 6 21 31 68 24 6 
5 6 21 31 68 24 6 
5 6 21 31 68 24 6 
5 6 21 31 68 24 6 
5 6 21 31 68 24 6 
5 6 21 31 68 24 6 
5 6 21 31 68 24 6 
5 6 31 6 
5 6 31 6 
5 6 31 6 
5 6 21 31 68 24 6 
5 6 21 31 68 24 6 
5 6 21 31 68 24 6 
5 6 21 31 68 24 6 
5 6 21 31 68 24 6 
5 6 21 31 68 24 6 
5 6 21 31 68 24 6 
5 6 21 31 68 24 6 
5 6 21 31 68 24 6 
5 6 21 31 68 24 6 
5 6 21 31 68 24 6 
5 6 21 31 68 24 6 
5 6 21 31 68 24 6 
5 6 21 31 68 24 6 
5 6 21 31 68 24 6 
5 6 21 31 68 24 6 
5 6 21 31 68 24 6 
5 6 21 31 68 24 6 
5 6 21 31 68 24 6 
5 6 21 31 68 24 6 
5 6 21 31 68 24 6 
5 6 21 31 68 24 6 
5 6 21 31 68 24 6 
5 6 21 31 68 24 6 
5 6 21 31 68 24 6 
5 6 21 31 68 24 6 
5 6 21 31 68 24 6 
5 6 31 6 
5 6 31 6 
5 62 6 63 6 
5 62 6 63 6 
5 62 6 63 6 
5 62 6 63 6 
5 62 6 63 6 
5 62 6 63 6 
5 62 6 63 6 
5 62 6 63 6 
5 62 6 63 6 
5 62 6 63 6 
5 62 6 63 6 
5 62 6 63 6 
5 62 6 63 6 
5 62 6 63 6 
5 62 6 63 6 
5 62 6 63 243 6 
5 62 6 63 243 6 
5 62 6 63 6 
5 6 61 6 
5 6 61 6 
5 6 6 
5 6 6 
5 6 6 
5 6 6 
5 6 6 
5 6 6 
5 6 6 
5 6 6 
5 6 6 
5 62 6 63 6 
5 62 6 63 6 
5 62 6 63 6 
5 6 31 6 
5 6 31 6 
5 6 10 11 819 6 
5 6 23 139 6 
5 6 6 
5 6 131 6 
5 62 6 63 6 
5 6 21 37 24 6 
5 6 21 37 24 6 
5 6 21 37 24 6 
5 6 21 37 24 6 
5 6 6 
5 6 6 
5 6 87 6 
5 521 6 6 
5 6 31 6 
5 6 6 
5 6 6 
5 6 6 
5 6 6 
5 6 9 6 
5 6 597 23 61 6 
5 6 597 23 61 6 
5 6 61 6 
5 6 61 6 
5 6 61 6 
5 62 6 63 6 
5 62 6 63 6 
5 62 6 63 6 
5 62 6 63 6 
5 6 6 
5 6 6 
5 6 6 
5 6 9 6 
5 6 31 6 
5 6 31 6 
5 6 31 6 
5 6 31 6 
5 6 31 6 
5 6 31 6 
5 6 31 6 
5 6 31 6 
5 6 31 6 
5 6 31 6 
5 6 31 6 
5 6 31 6 
5 6 31 6 
5 6 31 6 
5 6 31 6 
5 6 21 31 68 24 6 
5 6 21 31 68 24 6 
5 6 21 31 68 24 6 
5 6 21 31 68 24 6 
5 6 21 31 68 24 6 
5 6 21 31 68 24 6 
5 6 21 31 68 24 6 
5 6 21 31 68 24 6 
5 6 21 31 68 24 6 
5 6 21 31 68 24 6 
5 6 21 31 68 24 6 
5 6 21 31 68 24 6 
5 6 21 31 68 24 6 
5 6 21 31 68 24 6 
5 6 21 31 68 24 6 
5 6 21 31 68 24 6 
5 6 21 31 68 24 6 
5 6 31 6 
5 6 31 6 
5 6 31 6 
5 6 31 6 
5 6 31 6 
5 6 31 6 
5 6 31 6 
5 6 31 6 
5 6 31 6 
5 6 31 6 
5 6 31 6 
5 6 31 6 
5 6 31 6 
5 6 31 6 
5 6 31 6 
5 6 31 6 
5 6 31 6 
5 6 31 6 
5 6 31 6 
5 6 31 6 
5 6 31 6 
5 6 31 6 
5 6 31 6 
5 6 31 6 
5 6 31 6 
5 62 6 63 6 
5 62 6 63 6 
5 6 6 
5 6 6 
5 6 31 6 
5 6 31 6 
5 6 6 
5 6 6 
5 6 6 
5 6 6 
5 62 6 63 6 
5 499 6 36 130 6 
5 6 6 
5 6 6 
5 6 87 6 
5 6 87 6 
5 6 31 6 
5 6 31 6 
5 62 6 63 6 
5 6 518 6 
5 62 6 63 6 
5 62 6 63 6 
5 62 6 63 6 
5 6 61 6 
5 62 6 63 6 
5 6 87 6 
5 6 6 
5 6 23 6 
5 6 6 
5 6 31 6 
5 6 6 
5 6 6 
5 6 6 
5 6 6 
5 6 6 
5 6 6 
5 6 6 
5 6 6 
5 6 6 
5 6 6 
5 6 6 
5 6 6 
5 6 6 
5 6 6 
5 6 6 
5 6 6 
5 6 6 
5 6 63 64 6 
5 6 8 6 
5 6 8 6 
5 6 31 6 
5 6 31 6 
5 62 6 63 6 
5 6 61 6 
5 6 61 6 
5 6 61 6 
5 6 61 6 
5 6 6 
5 6 518 6 
5 6 23 6 
5 6 8 6 
5 6 8 6 
5 6 8 6 
5 6 6 
5 62 6 63 6 
5 62 6 63 6 
5 6 31 6 
5 6 61 6 
5 6 61 6 
5 6 61 6 
5 91 6 92 61 6 
5 6 8 6 
5 6 8 9 6 
5 6 21 31 68 24 6 
5 6 21 31 68 24 6 
5 6 21 31 68 24 6 
5 6 21 31 68 24 6 
5 6 21 31 68 24 6 
5 6 21 31 68 24 6 
5 48 6 6 
5 48 6 6 
5 48 6 6 
5 6 6 
5 6 6 
5 6 6 
5 6 6 
5 6 6 
5 521 6 6 
5 6 533 6 
5 6 61 6 
5 6 61 6 
5 6 61 6 
5 6 61 6 
5 6 61 6 
5 6 6 
5 6 31 6 
5 6 31 6 
5 6 31 6 
5 6 31 6 
5 62 6 63 6 
5 6 6 
5 6 6 
5 62 6 63 6 
5 62 6 63 6 
5 62 6 63 6 
5 6 6 
5 6 6 
5 6 61 6 
5 6 61 6 
5 6 61 6 
5 6 61 6 
5 6 61 6 
5 6 61 6 
5 6 61 6 
5 6 6 
5 6 31 6 
5 6 9 6 
5 62 6 63 6 
5 6 518 6 
5 6 6 
5 6 31 6 
5 6 6 
5 6 6 
5 6 6 
5 358 6 61 6 
5 6 21 31 68 24 6 
5 6 21 31 68 24 6 
5 6 21 31 68 24 6 
5 6 21 31 68 24 6 
5 6 6 
5 6 6 
5 6 6 
5 6 21 6 
5 6 8 6 
5 27 28 6 21 31 6 
5 27 28 6 21 31 6 
5 6 61 6 
5 6 31 6 
5 6 6 
5 6 6 
5 6 6 
5 6 6 
5 6 6 
5 6 31 6 
5 6 36 6 
5 62 6 63 6 
5 62 6 63 6 
5 62 6 63 6 
5 6 31 6 
5 6 31 6 
5 6 31 6 
5 6 31 6 
5 6 31 6 
5 6 31 6 
5 6 31 6 
5 6 31 6 
5 6 31 6 
5 6 23 6 
5 6 6 
5 6 6 
5 6 31 61 6 
5 6 31 61 6 
5 6 6 
5 6 31 6 
5 6 6 
5 6 31 6 
5 6 31 6 
5 6 599 36 6 
5 6 31 6 
5 6 31 6 
5 6 31 6 
5 6 31 6 
5 6 31 6 
5 6 31 6 
5 6 31 6 
5 6 31 6 
5 6 31 6 
5 6 6 
5 6 6 
5 6 6 
5 62 6 63 6 
5 6 31 9 6 
5 6 31 9 6 
5 6 31 9 6 
5 6 31 9 6 
5 6 31 9 6 
5 6 31 9 6 
5 27 28 6 21 31 6 
5 6 21 68 24 6 
5 6 21 31 68 24 6 
5 6 6 
5 6 21 31 24 6 
5 6 31 6 
5 6 31 6 
5 6 31 6 
5 6 9 6 
5 6 61 6 
5 6 6 
5 6 6 
5 6 6 
5 6 63 64 6 
5 6 6 
5 6 31 6 
5 6 23 158 6 
5 6 6 
5 6 6 
5 6 31 6 
5 6 21 31 68 24 6 
5 6 6 
5 6 21 68 24 6 
5 6 31 6 
5 6 31 6 
5 6 31 6 
5 6 31 6 
5 91 6 92 6 
5 6 61 6 
5 6 61 6 
5 6 6 
5 6 31 6 
5 6 31 6 
5 6 31 6 
5 6 31 6 
5 6 31 6 
5 6 31 6 
5 6 31 6 
5 6 104 21 68 24 6 
5 6 6 
5 6 21 31 68 24 6 
5 6 21 31 68 24 6 
5 6 31 6 
5 6 31 6 
5 6 31 6 
5 6 31 6 
5 6 31 6 
5 6 31 6 
5 6 31 6 
5 6 6 
5 6 6 
5 6 6 
5 6 6 
5 6 21 68 24 6 
5 6 21 31 68 24 6 
5 6 31 6 
5 27 28 6 21 518 6 
5 6 21 31 68 24 6 
5 6 31 6 
5 6 31 6 
5 6 31 6 
5 6 6 
5 6 31 6 
5 6 8 6 
5 6 8 6 
5 6 8 6 
5 6 8 6 
5 6 8 6 
5 6 61 6 
5 6 9 6 
5 115 116 6 21 23 117 139 6 
5 6 6 
5 6 31 6 
5 6 31 6 
5 6 31 436 6 
5 6 8 6 
5 62 6 63 6 
5 62 6 63 6 
5 62 6 63 6 
5 62 6 63 6 
5 6 21 68 24 6 
5 6 6 
5 6 21 31 68 24 6 
5 6 31 6 
5 6 31 6 
5 6 31 6 
5 6 31 6 
5 6 31 6 
5 6 31 6 
5 6 6 
5 6 23 158 6 
5 6 23 158 6 
5 6 6 
5 6 6 
5 6 6 
5 6 6 
5 6 6 
5 6 6 
5 6 533 6 
5 6 8 142 36 6 
5 6 6 
5 6 518 6 
5 6 518 6 
5 6 518 6 
5 62 6 63 6 
5 6 31 6 
5 6 31 6 
5 91 6 92 6 
5 6 21 31 68 24 6 
5 6 21 31 68 24 6 
5 6 21 31 68 24 6 
5 6 21 31 68 24 6 
5 6 61 6 
5 6 31 6 
5 6 31 6 
5 6 6 
5 6 6 
5 6 6 
5 6 21 31 68 24 6 
5 6 21 31 68 24 6 
5 6 6 
5 6 104 21 68 24 6 
5 6 6 
5 6 31 6 
5 6 61 6 
5 6 31 6 
5 6 21 31 68 24 6 
5 6 21 31 68 24 6 
5 6 21 31 68 24 6 
5 6 21 31 68 24 6 
5 6 21 31 68 24 6 
5 6 21 31 68 24 6 
5 6 21 31 68 24 6 
5 6 21 31 68 24 6 
5 6 21 31 68 24 6 
5 6 21 31 68 24 6 
5 6 21 31 68 24 6 
5 6 21 31 68 24 6 
5 6 21 31 68 24 6 
5 6 518 6 
5 6 6 
5 6 6 
5 62 6 63 6 
5 6 384 254 36 407 6 
5 6 6 
5 62 6 63 6 
5 6 61 6 
5 6 61 6 
5 6 61 6 
5 6 61 6 
5 6 61 6 
5 6 61 6 
5 6 6 
5 6 6 
5 6 6 
5 62 6 63 6 
5 6 21 31 68 24 6 
5 6 21 31 68 24 6 
5 6 21 31 68 24 6 
5 6 21 31 68 24 6 
5 6 21 31 68 24 6 
5 6 21 31 68 24 6 
5 6 21 31 68 24 6 
5 6 21 31 68 24 6 
5 6 61 6 
5 6 61 6 
5 6 61 6 
5 6 21 31 68 24 6 
5 6 21 31 68 24 6 
5 6 21 31 68 24 6 
5 6 21 31 68 24 6 
5 6 21 31 68 24 6 
5 6 21 31 68 24 6 
5 6 6 
5 6 87 6 
5 6 31 6 
5 6 31 6 
5 6 31 6 
5 6 31 6 
5 6 31 6 
5 6 31 6 
5 6 31 6 
5 6 31 6 
5 6 87 6 
5 48 6 6 
5 6 31 6 
5 6 31 6 
5 6 31 6 
5 6 31 6 
5 6 31 6 
5 6 31 6 
5 6 31 6 
5 6 6 
5 62 6 63 6 
5 6 21 68 24 6 
5 6 21 68 24 6 
5 6 61 6 
5 6 61 6 
5 6 31 6 
5 6 8 87 6 
5 6 87 6 
5 6 31 6 
5 6 31 6 
5 6 31 6 
5 6 31 6 
5 6 31 6 
5 6 31 6 
5 6 31 6 
5 6 31 6 
5 6 518 6 
5 6 6 
5 6 61 6 
5 6 6 
5 6 518 6 
5 27 28 6 21 518 6 
5 27 28 6 21 518 6 
5 27 28 6 21 518 6 
5 62 6 63 6 
5 6 87 6 
5 6 8 6 
5 6 518 6 
5 62 6 63 6 
5 62 6 63 6 
5 62 6 63 6 
5 91 6 92 87 6 
5 91 6 92 87 6 
5 6 6 
5 6 63 64 6 
5 6 61 6 
5 6 61 6 
5 6 87 6 
5 48 6 6 
5 48 6 6 
5 48 6 6 
5 48 6 6 
5 48 6 6 
5 48 6 6 
5 48 6 6 
5 48 6 6 
5 48 6 6 
5 48 6 6 
5 48 6 6 
5 48 6 6 
5 48 6 6 
5 48 6 6 
5 48 6 6 
5 48 6 6 
5 48 6 6 
5 48 6 6 
5 48 6 6 
5 48 6 6 
5 6 6 
5 6 61 6 
5 6 61 6 
5 6 9 6 
5 6 6 
5 6 6 
5 6 6 
5 62 6 63 6 
5 6 87 6 
5 6 21 68 24 6 
5 6 6 
5 6 6 
5 6 87 6 
5 6 31 6 
5 6 31 6 
5 6 31 6 
5 6 31 6 
5 6 31 6 
5 6 31 6 
5 6 31 6 
5 6 31 6 
5 6 31 6 
5 6 21 68 24 6 
5 6 21 68 24 6 
5 62 6 63 6 
5 6 61 6 
5 6 61 6 
5 6 61 6 
5 6 61 6 
5 6 6 
5 62 6 63 6 
5 6 31 9 6 
5 62 6 63 23 158 6 
5 6 21 31 68 24 6 
5 6 21 68 24 6 
5 6 61 6 
5 6 6 
5 6 6 
5 6 6 
5 6 6 
5 6 6 
5 6 6 
5 431 112 6 248 113 6 
5 431 112 6 248 113 6 
5 6 31 6 
5 6 31 6 
5 6 31 6 
5 6 31 6 
5 6 6 
5 62 6 31 63 6 
5 6 6 
5 6 6 
5 6 6 
5 6 6 
5 6 61 6 
5 6 23 61 6 
5 6 31 6 
5 6 6 
5 6 6 
5 6 31 6 
5 6 31 6 
5 6 31 6 
5 6 6 
5 6 6 
5 6 6 
5 358 6 61 6 
5 6 6 
5 6 63 64 6 
5 62 6 21 63 6 
5 6 36 122 6 
5 6 31 6 
5 62 6 63 6 
5 6 6 
5 6 31 6 
5 6 31 6 
5 6 31 6 
5 6 61 6 
5 6 6 
5 6 6 
5 6 6 
5 6 6 
5 6 6 
5 6 518 6 
5 6 69 70 6 
5 6 6 
5 6 6 
5 6 31 6 
5 6 21 31 68 24 6 
5 6 21 31 68 24 6 
5 6 21 31 68 24 6 
5 6 21 31 68 24 6 
5 6 21 31 68 24 6 
5 6 6 
5 6 6 
5 6 61 6 
5 62 6 63 64 6 
5 6 31 6 
5 6 31 6 
5 6 8 6 
5 6 8 6 
5 6 8 6 
5 6 21 31 68 24 6 
5 6 31 6 
5 6 31 6 
5 6 61 6 
5 6 6 
5 6 6 
5 6 6 
5 6 6 
5 6 6 
5 6 21 31 68 24 6 
5 6 21 31 68 24 6 
5 6 21 31 68 24 6 
5 6 21 31 68 24 6 
5 6 21 31 68 24 6 
5 6 21 31 68 24 6 
5 6 21 31 68 24 6 
5 6 6 
5 62 6 63 6 
5 6 31 6 
5 6 6 
5 62 6 63 6 
5 62 6 63 6 
5 6 61 6 
5 6 6 
5 6 21 31 68 24 6 
5 6 21 31 68 24 6 
5 6 21 31 68 24 6 
5 6 21 31 68 24 6 
5 6 21 31 68 24 6 
5 6 21 31 68 24 6 
5 6 21 31 68 24 6 
5 6 61 6 
5 6 61 6 
5 6 61 6 
5 6 6 
5 6 6 
5 6 6 
5 6 6 
5 6 31 6 
5 6 31 6 
5 6 518 6 
5 62 6 63 6 
5 6 21 31 68 24 6 
5 6 21 31 68 24 6 
5 6 21 31 68 24 6 
5 6 21 31 68 24 6 
5 6 374 61 6 
5 6 31 6 
5 6 31 6 
5 6 31 6 
5 6 31 6 
5 6 31 6 
5 6 31 6 
5 91 6 92 6 
5 6 6 
5 6 6 
5 6 6 
5 6 8 6 
5 28 27 6 21 63 22 618 6 
5 6 6 
5 6 36 6 
5 6 87 6 
5 6 6 
5 6 31 6 
5 6 31 6 
5 6 31 6 
5 62 6 63 6 
5 6 31 8 6 
5 62 6 63 6 
5 62 6 63 6 
5 6 6 
5 6 6 
5 6 6 
5 6 6 
5 6 6 
5 6 6 
5 6 6 
5 6 6 
5 62 6 63 6 
5 6 6 
5 6 6 
5 6 6 
5 6 21 31 68 24 6 
5 6 21 31 68 24 6 
5 6 31 6 
5 6 31 6 
5 6 31 6 
5 6 31 6 
5 6 31 6 
5 6 31 6 
5 6 31 6 
5 6 31 6 
5 6 31 6 
5 6 31 6 
5 6 31 6 
5 6 31 6 
5 6 31 6 
5 6 31 6 
5 6 31 6 
5 6 31 6 
5 6 31 6 
5 6 31 6 
5 6 31 6 
5 6 31 6 
5 6 31 6 
5 6 31 6 
5 6 31 6 
5 6 6 
5 6 63 64 6 
5 6 31 6 
5 6 31 6 
5 6 31 6 
5 6 31 6 
5 6 31 6 
5 6 31 6 
5 6 31 6 
5 6 31 6 
5 6 31 6 
5 6 31 6 
5 6 31 6 
5 6 31 6 
5 6 31 6 
5 6 518 6 
5 6 31 6 
5 6 31 6 
5 6 31 6 
5 6 31 6 
5 6 31 6 
5 6 31 6 
5 6 21 31 68 24 6 
5 6 31 6 
5 6 31 6 
5 6 31 6 
5 6 31 6 
5 6 31 6 
5 6 31 6 
5 6 31 6 
5 6 31 6 
5 6 31 6 
5 6 31 6 
5 6 31 6 
5 6 31 6 
5 6 31 6 
5 6 31 6 
5 6 31 6 
5 6 31 6 
5 6 31 6 
5 6 6 
5 6 6 
5 6 31 6 
5 6 31 6 
5 6 31 6 
5 6 31 6 
5 6 31 6 
5 6 61 6 
5 6 21 31 68 24 6 
5 6 21 31 68 24 6 
5 6 21 31 68 24 6 
5 6 21 31 68 24 6 
5 48 6 6 
5 6 21 31 68 24 6 
5 6 61 6 
5 6 61 6 
5 6 21 31 68 24 6 
5 6 21 31 68 24 6 
5 6 21 31 68 24 6 
5 6 31 6 
5 6 8 6 
5 6 21 68 24 6 
5 6 31 6 
5 6 61 6 
5 6 6 
5 6 31 6 
5 6 31 6 
5 6 31 6 
5 6 21 31 68 24 6 
5 6 21 31 68 24 6 
5 6 21 31 68 24 6 
5 6 21 31 68 24 6 
5 6 21 31 68 24 6 
5 6 21 31 68 24 6 
5 6 21 31 68 24 6 
5 6 21 31 68 24 6 
5 6 21 31 68 24 6 
5 6 21 31 68 24 6 
5 6 21 31 68 24 6 
5 6 21 31 68 24 6 
5 6 21 31 68 24 6 
5 6 21 31 68 24 6 
5 6 21 31 68 24 6 
5 6 21 31 68 24 6 
5 6 21 31 68 24 6 
5 6 21 31 68 24 6 
5 6 21 31 68 24 6 
5 6 21 31 68 24 6 
5 6 21 31 68 24 6 
5 6 21 31 68 24 6 
5 6 21 31 68 24 6 
5 6 61 6 
5 6 6 
5 6 31 6 
5 6 31 6 
5 6 31 6 
5 6 21 31 68 24 6 
5 6 6 
5 6 31 6 
5 6 31 6 
5 6 31 6 
5 6 31 6 
5 6 31 6 
5 6 31 6 
5 6 31 6 
5 6 31 6 
5 6 31 6 
5 6 31 6 
5 6 6 
5 6 31 6 
5 6 6 
5 6 6 
5 6 6 
5 6 6 
5 6 61 6 
5 6 63 64 6 
5 6 63 64 6 
5 6 31 6 
5 6 31 6 
5 6 21 31 68 24 6 
5 28 6 21 106 508 6 
5 6 6 
5 6 21 31 68 24 6 
5 6 21 31 68 24 6 
5 6 21 31 68 24 6 
5 6 21 31 68 24 6 
5 6 21 31 68 24 6 
5 6 21 31 68 24 6 
5 6 21 31 68 24 6 
5 6 9 6 
5 6 6 
5 6 87 6 
5 6 87 6 
5 6 87 6 
5 62 6 63 6 
5 62 6 63 6 
5 6 6 
5 6 6 
5 6 31 6 
5 6 31 6 
5 62 6 63 6 
5 6 518 6 
5 6 87 6 
5 6 6 
5 6 61 6 
5 6 6 
5 6 6 
5 6 6 
5 6 6 
5 28 6 21 23 139 79 80 6 
5 6 61 6 
5 6 61 6 
5 62 6 63 64 6 
5 6 23 6 
5 6 64 63 6 
5 6 6 
5 6 6 
5 6 6 
5 6 6 
5 6 6 
5 6 6 
5 6 6 
5 6 6 
5 6 6 
5 6 6 
5 6 6 
5 6 6 
5 6 6 
5 6 6 
5 6 6 
5 6 6 
5 6 6 
5 6 6 
5 6 6 
5 6 6 
5 91 6 92 6 
5 91 6 92 61 6 
5 91 6 92 61 6 
5 6 61 6 
5 62 6 63 6 
5 6 6 
5 6 6 
5 6 31 36 6 
5 6 6 
5 6 6 
5 6 6 
5 6 6 
5 6 6 
5 6 6 
5 6 6 
5 6 6 
5 6 6 
5 6 6 
5 6 6 
5 6 6 
5 6 6 
5 6 6 
5 6 6 
5 6 6 
5 6 6 
5 6 6 
5 62 6 63 6 
5 6 31 6 
5 6 31 6 
5 6 31 6 
5 6 9 6 
5 6 21 31 68 24 6 
5 6 21 31 68 24 6 
5 62 6 63 6 
5 6 518 6 
5 6 518 6 
5 6 518 6 
5 6 518 6 
5 6 518 6 
5 6 518 6 
5 6 518 6 
5 6 518 6 
5 6 518 6 
5 6 518 6 
5 6 518 6 
5 6 518 6 
5 6 518 6 
5 6 518 6 
5 6 518 6 
5 6 518 6 
5 6 518 6 
5 6 518 6 
5 6 518 6 
5 6 518 6 
5 6 518 6 
5 6 518 6 
5 6 518 6 
5 6 518 6 
5 6 518 6 
5 6 518 6 
5 6 518 6 
5 6 518 6 
5 6 518 6 
5 6 518 6 
5 6 518 6 
5 6 518 6 
5 6 518 6 
5 6 518 6 
5 6 518 6 
5 6 518 6 
5 6 6 
5 28 27 6 21 63 22 618 36 6 
5 6 31 6 
5 6 31 6 
5 6 31 6 
5 6 31 6 
5 6 31 6 
5 6 31 6 
5 521 6 6 
5 6 518 6 
5 6 518 6 
5 6 518 6 
5 6 31 6 
5 6 31 6 
5 6 31 6 
5 6 31 6 
5 6 31 6 
5 6 31 6 
5 6 31 6 
5 6 31 6 
5 6 31 6 
5 6 31 6 
5 6 31 6 
5 6 31 6 
5 6 31 6 
5 6 31 6 
5 6 31 6 
5 6 31 6 
5 6 31 6 
5 6 31 6 
5 6 6 
5 6 31 6 
5 6 31 6 
5 28 6 21 23 158 79 80 6 
5 521 6 6 
5 62 6 63 6 
5 6 6 
5 6 6 
5 6 31 6 
5 6 21 31 68 24 6 
5 6 21 31 68 24 6 
5 6 21 31 68 24 6 
5 6 21 31 68 24 6 
5 6 21 31 68 24 6 
5 6 21 31 68 24 6 
5 6 21 31 68 24 6 
5 6 21 31 68 24 6 
5 6 21 31 68 24 6 
5 6 21 31 68 24 6 
5 6 21 31 68 24 6 
5 6 21 31 68 24 6 
5 6 21 68 24 6 
5 6 21 68 24 6 
5 6 6 
5 6 6 
5 6 23 6 
5 6 23 6 
5 6 23 6 
5 6 23 6 
5 6 31 6 
5 6 31 6 
5 6 31 6 
5 6 31 6 
5 6 31 6 
5 6 31 6 
5 6 31 6 
5 6 31 6 
5 6 31 6 
5 27 28 6 21 31 6 
5 6 6 
5 6 8 6 
5 6 8 6 
5 6 8 6 
5 6 21 31 68 24 6 
5 6 21 31 68 24 6 
5 6 21 31 68 24 6 
5 6 21 31 68 24 6 
5 6 21 31 68 24 6 
5 6 21 31 68 24 6 
5 6 21 31 68 24 6 
5 6 21 31 68 24 6 
5 6 21 31 68 24 6 
5 6 21 31 68 24 6 
5 6 21 31 68 24 6 
5 6 21 31 68 24 6 
5 6 21 31 68 24 6 
5 6 21 31 68 24 6 
5 6 21 31 68 24 6 
5 6 21 31 68 24 6 
5 6 21 31 68 24 6 
5 6 6 
5 6 31 6 
5 6 31 6 
5 6 31 6 
5 6 31 6 
5 6 6 
5 6 31 6 
5 27 28 6 21 6 
5 6 31 6 
5 6 518 6 
5 6 6 
5 6 87 6 
5 6 23 158 61 6 
5 6 31 6 
5 6 6 
5 6 9 6 
5 6 21 31 68 24 6 
5 6 6 
5 6 31 6 
5 6 31 6 
5 6 31 6 
5 6 31 6 
5 6 31 6 
5 6 31 6 
5 6 31 6 
5 6 31 6 
5 6 31 6 
5 6 31 6 
5 6 31 6 
5 6 31 6 
5 6 31 6 
5 6 31 6 
5 6 31 6 
5 6 31 6 
5 6 9 6 
5 6 6 
5 6 518 6 
5 6 8 6 
5 6 31 6 
5 6 6 
5 6 6 
5 6 6 
5 6 8 61 6 
5 6 8 61 6 
5 6 8 61 6 
5 6 8 61 6 
5 6 8 61 6 
5 6 6 
5 6 31 6 
5 6 31 6 
5 6 31 6 
5 91 6 92 61 6 
5 6 87 6 
5 6 87 6 
5 6 31 6 
5 6 31 6 
5 6 31 6 
5 6 31 6 
5 6 31 6 
5 6 31 8 6 
5 6 31 6 
5 6 21 68 24 6 
5 6 21 68 24 6 
5 6 21 68 24 6 
5 6 6 
5 6 31 6 
5 6 31 6 
5 6 6 
5 6 31 6 
5 6 8 6 
5 6 31 6 
5 6 8 6 
5 6 518 6 
5 6 61 6 
5 6 31 6 
5 6 87 6 
5 6 23 6 
5 62 6 63 6 
5 6 87 6 
91 5 6 92 6 
5 62 6 63 6 
5 6 6 
5 6 31 64 63 6 
5 6 21 31 68 24 6 
5 6 21 31 68 24 6 
5 6 21 31 68 24 6 
5 6 21 31 68 24 6 
5 6 21 31 68 24 6 
5 6 21 31 68 24 6 
5 6 21 31 68 24 6 
5 6 21 31 68 24 6 
5 6 21 31 68 24 6 
5 6 21 31 68 24 6 
5 6 21 31 68 24 6 
5 6 21 31 68 24 6 
5 6 6 
5 6 31 6 
5 6 31 6 
5 6 31 6 
5 6 31 6 
5 6 31 6 
5 6 31 6 
5 6 31 6 
5 6 31 6 
5 6 31 6 
5 6 31 6 
5 6 31 6 
5 6 31 6 
5 6 31 6 
5 6 31 6 
5 6 31 6 
5 6 31 6 
5 6 31 6 
5 6 31 6 
5 6 31 6 
5 6 31 6 
5 6 31 6 
5 6 31 6 
5 6 31 6 
5 6 31 6 
5 6 31 6 
5 6 31 6 
5 6 31 6 
5 6 31 6 
5 6 31 6 
5 6 31 6 
5 6 6 
5 6 6 
5 6 6 
5 6 6 
5 6 6 
5 6 6 
5 6 6 
5 6 31 6 
5 358 6 61 6 
5 6 6 
5 6 87 6 
5 6 518 6 
5 6 518 6 
5 6 63 6 
5 6 63 6 
5 6 6 
5 6 63 6 
5 6 63 6 
5 6 61 6 
5 6 6 
5 62 6 63 6 
5 62 6 63 6 
5 6 9 6 
5 6 6 
5 6 6 
5 6 6 
5 6 6 
5 6 6 
5 6 6 
5 6 6 
5 6 31 6 
5 6 61 6 
5 6 21 31 68 24 6 
5 6 21 31 68 24 6 
5 6 21 31 68 24 6 
5 6 21 31 68 24 6 
5 6 6 
5 6 6 
5 27 28 6 21 6 
5 6 6 
5 6 6 
5 6 6 
5 6 6 
5 6 6 
5 6 6 
5 6 6 
5 6 6 
5 6 6 
5 6 6 
5 6 6 
5 6 6 
5 6 6 
5 6 6 
5 6 6 
5 6 6 
5 6 6 
5 6 6 
5 6 6 
5 6 6 
5 6 6 
5 6 6 
5 6 6 
5 6 6 
5 6 6 
5 6 6 
5 6 6 
5 6 6 
5 6 518 6 
5 6 518 6 
5 6 61 6 
5 6 9 6 
5 6 6 
5 6 61 6 
5 6 6 
5 6 61 6 
5 6 6 
5 6 6 
5 6 6 
5 6 6 
5 6 21 31 68 24 6 
5 6 31 6 
5 6 31 6 
5 6 31 6 
5 6 31 6 
5 6 31 6 
5 6 31 6 
5 6 31 6 
5 6 31 6 
5 6 31 6 
5 6 31 6 
5 62 6 63 6 
5 6 6 
5 6 6 
5 6 6 
5 6 6 
5 6 21 31 68 24 6 
5 6 21 31 68 24 6 
5 6 21 31 68 24 6 
5 6 21 31 68 24 6 
5 6 21 31 68 24 6 
5 6 21 31 68 24 6 
5 6 21 31 68 24 6 
5 6 21 31 68 24 6 
5 6 21 31 68 24 6 
5 6 61 6 
5 6 61 6 
5 6 61 6 
5 6 61 6 
5 6 61 6 
5 6 61 6 
5 6 21 31 68 24 6 
5 6 6 
5 6 6 
5 6 31 6 
5 6 31 6 
5 6 61 6 
5 6 61 6 
5 6 6 
5 6 6 
5 6 6 
5 6 6 
5 6 6 
5 6 6 
5 6 6 
5 6 6 
5 6 6 
5 6 6 
5 6 6 
5 6 6 
5 6 6 
5 6 6 
5 6 6 
5 6 31 6 
5 6 9 6 
5 6 6 
5 6 6 
5 6 6 
5 6 6 
5 6 518 6 
5 6 8 6 
5 6 8 6 
5 6 6 
5 6 61 6 
5 6 21 31 68 24 6 
5 6 21 31 68 24 6 
5 6 21 31 68 24 6 
5 6 21 31 68 24 6 
5 6 6 
5 6 85 87 86 6 
5 6 85 87 86 6 
5 6 21 68 24 6 
5 6 31 6 
5 6 31 6 
5 6 31 6 
5 6 31 6 
5 6 31 6 
5 62 6 63 6 
5 6 61 6 
5 6 21 31 68 24 6 
5 6 36 6 
5 6 21 31 68 24 6 
5 6 31 6 
5 28 6 21 23 158 79 80 6 
5 6 6 
5 6 31 6 
5 6 31 6 
5 6 31 6 
5 6 31 6 
5 6 31 6 
5 6 31 6 
5 6 31 6 
5 6 31 8 6 
5 6 31 8 6 
5 6 31 8 6 
5 6 21 31 68 24 6 
5 6 6 
5 6 87 6 
5 6 87 6 
5 6 6 
5 6 21 31 68 24 6 
5 6 6 
5 6 31 6 
5 6 6 
5 6 31 6 
5 6 31 6 
5 6 31 6 
5 6 31 6 
5 6 6 
5 62 6 63 6 
5 6 21 31 68 24 6 
5 62 6 31 63 6 
5 6 6 
5 62 6 63 6 
5 62 6 63 6 
5 6 31 6 
5 6 31 6 
5 6 31 6 
5 6 31 6 
5 6 31 6 
5 6 31 6 
5 6 31 6 
5 6 31 6 
5 6 31 6 
5 6 31 6 
5 6 31 6 
5 6 31 6 
5 6 31 6 
5 6 31 6 
5 6 31 6 
5 6 31 6 
5 6 31 6 
5 6 31 6 
5 6 31 6 
5 6 6 
5 6 104 21 68 24 6 
5 6 9 6 
5 6 31 6 
5 6 21 31 68 24 6 
5 6 87 6 
5 6 21 68 24 6 
5 6 31 6 
5 6 21 31 68 24 6 
5 62 6 63 6 
5 62 6 63 6 
5 6 21 31 68 24 6 
5 6 21 31 68 24 6 
5 6 21 31 68 24 6 
5 6 6 
5 6 21 68 24 6 
5 6 21 31 68 24 6 
5 6 21 31 68 24 6 
5 6 21 31 68 24 6 
5 6 21 31 68 24 6 
5 6 21 31 68 24 6 
5 6 31 6 
5 6 31 6 
5 62 6 63 6 
5 6 31 6 
5 6 6 
5 6 31 6 
5 6 31 6 
5 6 31 6 
5 6 31 6 
5 6 31 6 
5 6 21 68 24 6 
5 6 6 
5 6 31 6 
5 6 9 6 
5 6 31 6 
5 6 31 6 
5 6 21 22 24 6 
5 6 6 
5 6 8 35 6 
5 6 61 6 
5 6 31 6 
5 6 31 6 
5 6 31 6 
5 6 61 6 
5 6 61 6 
5 6 61 6 
5 6 6 
5 62 6 63 6 
5 62 6 63 6 
5 6 6 
5 6 31 6 
5 6 31 6 
5 6 31 6 
5 6 31 6 
5 6 31 6 
5 6 31 6 
5 6 6 
5 48 6 6 
5 161 6 6 
5 6 31 6 
5 6 6 
5 6 6 
5 6 6 
5 6 61 6 
5 6 31 6 
5 6 21 31 68 24 6 
5 6 21 31 68 24 6 
5 6 31 6 
5 62 6 63 6 
5 6 21 68 24 6 
5 6 21 68 24 6 
5 6 21 68 24 6 
5 6 6 
5 6 87 6 
5 6 87 6 
5 6 6 
5 62 6 63 6 
5 6 31 6 
5 6 61 6 
5 6 61 6 
5 6 61 6 
5 6 6 
5 6 23 139 6 
5 6 21 31 68 24 6 
5 6 31 61 6 
5 6 31 61 6 
5 6 6 
5 6 6 
5 6 6 
5 6 6 
5 6 6 
5 6 6 
5 6 61 6 
5 521 6 6 
5 6 6 
5 6 6 
5 6 6 
5 6 518 6 
5 6 61 6 
5 6 31 6 
5 6 31 6 
5 6 31 6 
5 6 6 
5 6 31 6 
5 6 31 6 
5 6 31 6 
5 6 31 6 
5 6 31 6 
5 6 6 
5 6 6 
5 6 6 
5 6 6 
5 6 6 
5 6 6 
5 6 6 
5 6 6 
5 6 6 
5 6 6 
5 6 6 
5 6 31 6 
5 6 104 21 68 24 6 
5 6 61 6 
5 6 61 6 
5 6 6 
5 6 6 
5 6 6 
5 6 31 6 
5 6 31 6 
5 6 6 
5 6 6 
5 6 6 
5 6 31 6 
5 6 31 6 
5 6 31 6 
5 62 6 63 61 6 
5 6 503 11 10 61 6 
5 6 6 
5 6 6 
5 6 6 
5 6 6 
5 6 6 
5 6 6 
5 6 6 
5 6 6 
5 6 6 
5 6 6 
5 6 6 
5 6 6 
5 6 6 
5 6 6 
5 6 6 
5 6 6 
5 6 6 
5 6 6 
5 6 6 
5 6 6 
5 6 6 
5 62 6 63 61 6 
5 6 104 21 68 24 6 
5 6 21 31 68 24 6 
5 6 6 
5 6 21 31 68 24 6 
5 6 31 6 
5 6 31 6 
5 6 31 6 
5 6 31 6 
5 6 31 6 
5 6 31 6 
5 6 31 6 
5 6 31 6 
5 6 31 6 
5 6 6 
5 6 6 
5 6 6 
5 6 6 
5 6 21 31 68 24 6 
5 6 21 31 68 24 6 
5 6 21 31 68 24 6 
5 6 21 31 68 24 6 
5 6 61 6 
5 6 61 6 
5 6 64 63 6 
5 6 6 
5 6 6 
5 6 63 8 6 
5 6 61 6 
5 6 61 6 
5 6 61 6 
5 6 31 6 
5 6 31 6 
5 6 6 
5 600 230 6 243 11 10 253 125 6 
5 600 230 6 243 11 10 253 125 6 
5 600 230 6 243 11 10 253 125 6 
5 6 21 31 68 24 6 
5 6 21 31 68 24 6 
5 6 21 31 68 24 6 
5 6 21 31 68 24 6 
5 6 21 31 68 24 6 
5 6 21 31 68 24 6 
5 6 21 31 68 24 6 
5 6 21 31 68 24 6 
5 6 6 
5 6 6 
5 6 36 61 122 6 
5 6 36 61 122 6 
5 6 36 61 122 6 
5 6 36 61 122 6 
5 6 6 
5 62 6 63 64 6 
5 62 6 63 64 6 
5 6 518 6 
5 6 61 6 
5 6 23 8 158 6 
5 6 23 8 158 6 
5 6 23 8 158 6 
5 6 21 68 24 6 
5 6 21 68 24 6 
5 6 21 68 24 6 
5 6 6 
5 6 6 
5 6 6 
5 6 21 31 68 24 6 
5 6 23 158 6 
5 6 6 
5 6 31 436 6 
5 6 6 
5 6 6 
5 6 6 
5 6 6 
5 6 6 
5 6 6 
5 6 6 
5 6 6 
5 6 6 
5 6 6 
5 6 6 
5 6 6 
5 6 6 
5 6 6 
5 6 6 
5 6 6 
5 6 6 
5 6 6 
5 6 6 
5 6 6 
5 6 31 6 
5 6 31 6 
5 6 31 6 
5 6 31 6 
5 6 31 6 
5 6 6 
5 6 6 
5 6 6 
5 6 21 68 24 6 
5 6 21 68 24 6 
5 6 21 68 24 6 
5 6 6 
5 6 6 
5 6 6 
5 6 6 
5 6 6 
5 6 31 6 
5 6 31 6 
5 6 21 31 68 24 6 
5 6 21 31 68 24 6 
5 6 21 31 68 24 6 
5 6 31 61 6 
5 6 6 
5 6 21 31 68 24 6 
5 6 31 6 
5 6 31 6 
5 6 31 6 
5 6 31 6 
5 6 31 6 
5 6 31 6 
5 6 31 6 
5 6 31 6 
5 6 31 6 
5 6 31 6 
5 6 31 6 
5 6 31 6 
5 6 31 6 
5 6 31 6 
5 6 31 6 
5 6 31 6 
5 6 31 6 
5 6 31 6 
5 6 31 6 
5 6 31 6 
5 6 31 6 
5 6 31 6 
5 6 31 6 
5 6 31 6 
5 6 31 6 
5 6 31 6 
5 6 21 31 68 24 6 
5 6 6 
5 6 31 6 
5 6 31 6 
5 6 31 6 
5 6 31 6 
5 6 31 6 
5 6 31 6 
5 6 31 6 
5 6 31 6 
5 6 31 6 
5 6 31 6 
5 6 31 6 
5 6 31 6 
5 6 31 6 
5 6 31 6 
5 6 31 6 
5 6 31 6 
5 6 31 6 
5 6 31 6 
5 6 31 6 
5 6 6 
5 6 6 
5 6 6 
5 6 31 6 
5 6 6 
5 6 61 6 
5 6 31 6 
5 6 61 6 
5 6 61 6 
5 6 6 
5 6 31 6 
5 62 6 31 63 6 
5 62 6 31 63 6 
5 6 6 
5 6 6 
5 6 6 
5 6 8 6 
5 6 31 6 
5 62 6 63 6 
5 6 23 61 6 
5 6 21 31 68 24 6 
5 6 6 
5 6 6 
5 6 6 
5 6 6 
5 6 6 
5 6 31 6 
5 62 6 63 6 
5 6 6 
5 6 61 6 
5 62 6 63 64 6 
5 62 6 63 64 6 
5 62 6 63 64 6 
5 62 6 63 64 6 
5 62 6 63 64 6 
5 6 31 6 
5 6 6 
5 6 31 6 
5 62 6 21 63 68 24 6 
5 6 61 6 
5 6 21 22 24 6 
5 6 6 
5 6 6 
5 6 518 6 
5 6 31 6 
5 6 31 6 
5 6 31 6 
5 6 23 158 139 6 
5 6 31 6 
5 6 31 6 
5 6 31 6 
5 6 31 6 
5 6 31 6 
5 6 31 131 6 
5 6 31 131 6 
5 6 21 61 68 24 6 
5 6 31 6 
5 6 31 6 
5 6 6 
5 6 6 
5 6 21 31 68 24 6 
5 6 21 31 68 24 6 
5 6 21 31 68 24 6 
5 6 6 
5 6 31 6 
5 6 6 
5 6 6 
5 6 6 
5 6 6 
5 6 6 
5 6 6 
5 6 6 
5 6 6 
5 6 6 
5 6 6 
5 6 6 
5 6 31 6 
5 6 31 6 
5 6 31 6 
5 6 518 6 
5 6 6 
5 6 6 
5 6 6 
5 6 6 
5 6 6 
5 6 6 
5 6 21 31 68 24 6 
5 6 21 31 68 24 6 
5 6 21 31 68 24 6 
5 6 21 31 68 24 6 
5 6 61 6 
5 6 21 22 24 6 
5 6 31 6 
5 6 31 6 
5 6 31 6 
5 6 31 6 
5 6 6 
5 6 8 61 6 
5 6 6 
5 6 31 23 6 
5 6 61 6 
5 6 31 6 
5 6 31 6 
5 6 31 6 
5 48 6 8 6 
5 6 31 6 
5 62 6 63 518 6 
5 6 31 6 
5 6 61 6 
5 6 31 6 
5 6 31 6 
5 6 31 6 
5 6 31 6 
5 6 518 6 
5 6 6 
5 6 6 
5 6 6 
5 521 6 6 
5 6 8 6 
5 6 8 6 
5 6 21 31 68 24 6 
5 6 31 6 
5 6 31 6 
5 6 31 6 
5 6 518 6 
5 6 6 
5 6 31 6 
5 6 31 6 
5 6 8 61 6 
5 6 31 6 
5 6 6 
5 6 6 
5 6 21 68 24 6 
5 6 21 68 24 6 
5 6 21 68 24 6 
5 6 6 
5 6 6 
5 6 6 
5 6 31 6 
5 6 31 6 
5 6 31 6 
5 6 31 6 
5 104 6 21 68 24 6 
5 6 518 6 
5 6 31 6 
5 6 31 6 
5 6 31 6 
5 6 31 6 
5 6 31 6 
5 6 31 6 
5 6 31 6 
5 6 31 6 
5 6 31 6 
5 6 6 
5 6 6 
5 6 6 
5 6 6 
5 358 6 61 6 
5 6 31 6 
5 6 436 6 
5 6 31 6 
5 6 6 
5 6 31 6 
5 6 6 
5 6 31 6 
5 6 31 6 
5 6 21 22 24 6 
5 6 23 158 6 
5 6 87 6 
5 6 8 6 
5 6 6 
5 6 21 31 68 24 6 
5 6 21 31 68 24 6 
5 6 21 31 68 24 6 
5 6 21 31 68 24 6 
5 6 6 
5 6 6 
5 6 87 6 
5 6 21 31 68 24 6 
5 6 21 31 68 24 6 
5 6 21 31 68 24 6 
5 6 21 31 68 24 6 
5 6 21 31 68 24 6 
5 6 21 31 68 24 6 
5 6 21 31 68 24 6 
5 6 21 31 68 24 6 
5 6 21 31 68 24 6 
5 6 21 31 68 24 6 
5 6 21 31 68 24 6 
5 6 21 31 68 24 6 
5 6 61 6 
5 6 21 31 68 24 6 
5 6 21 31 68 24 6 
5 6 21 31 68 24 6 
5 6 21 31 68 24 6 
5 6 21 31 68 24 6 
5 6 21 31 68 24 6 
5 6 21 31 68 24 6 
5 6 21 31 68 24 6 
5 6 21 31 68 24 6 
5 6 21 31 68 24 6 
5 6 21 31 68 24 6 
5 6 21 31 68 24 6 
5 6 21 31 68 24 6 
5 6 21 31 68 24 6 
5 6 21 31 68 24 6 
5 6 21 31 68 24 6 
5 6 21 31 68 24 6 
5 6 21 31 68 24 6 
5 6 6 
5 6 8 9 6 
5 6 23 139 6 
5 6 23 139 6 
5 6 23 139 6 
5 6 23 139 6 
5 6 23 139 6 
5 6 61 6 
5 6 21 31 68 24 6 
5 6 21 31 68 24 6 
5 6 21 31 68 24 6 
5 6 21 31 68 24 6 
5 6 21 31 68 24 6 
5 6 21 31 68 24 6 
5 6 21 31 68 24 6 
5 6 21 31 68 24 6 
5 6 21 31 68 24 6 
5 6 61 6 
5 6 31 6 
5 6 31 6 
5 6 31 6 
5 171 6 162 8 172 6 
5 521 6 6 
5 6 21 31 68 24 6 
5 27 28 6 21 6 
5 27 28 6 21 6 
5 27 28 6 21 6 
5 6 21 31 68 24 6 
5 6 21 31 68 24 6 
5 6 21 31 68 24 6 
5 6 61 6 
5 6 473 11 10 6 
5 6 31 6 
5 6 8 6 
5 6 8 35 6 
5 6 6 
5 6 6 
5 6 6 
5 6 31 6 
5 6 6 
5 91 6 92 6 
5 91 6 92 6 
5 6 6 
5 6 6 
5 6 6 
5 6 31 6 
5 6 6 
5 6 31 6 
5 6 518 6 
5 6 518 6 
5 6 518 6 
5 6 518 6 
5 6 518 6 
5 6 518 6 
5 6 8 6 
5 6 518 6 
5 6 6 
5 6 6 
5 6 31 6 
5 6 31 6 
5 6 31 6 
5 6 31 6 
5 6 31 6 
5 6 31 6 
5 6 31 6 
5 6 31 6 
5 6 6 
5 6 6 
5 28 27 6 21 63 22 618 6 
5 6 31 6 
5 6 31 6 
5 6 31 6 
5 6 31 6 
5 6 31 6 
5 6 31 6 
5 6 31 25 6 
5 6 31 6 
5 6 31 6 
5 6 6 
5 6 21 31 68 24 6 
5 6 21 31 68 24 6 
5 6 21 31 68 24 6 
5 6 31 6 
5 6 6 
5 6 6 
5 6 6 
5 6 31 6 
5 6 31 6 
5 6 31 6 
5 6 31 6 
5 6 31 6 
5 6 31 6 
5 6 31 6 
5 6 6 
5 6 6 
5 6 21 31 68 24 6 
5 6 6 
5 6 31 6 
5 6 61 6 
5 6 31 6 
5 6 31 6 
5 6 31 6 
5 6 6 
5 6 31 6 
5 6 23 158 6 
5 6 61 6 
5 6 61 6 
5 6 21 31 68 24 6 
5 6 21 31 68 24 6 
5 6 31 6 
5 6 61 6 
5 6 31 6 
5 6 518 6 
5 6 87 6 
5 6 21 31 68 24 6 
5 6 21 31 68 24 6 
5 6 31 6 
5 6 31 6 
5 6 31 6 
5 6 31 6 
5 6 31 6 
5 6 31 6 
5 6 31 6 
5 6 31 6 
5 6 23 139 6 
5 6 518 6 
5 6 31 6 
5 6 31 6 
5 6 31 6 
5 6 31 6 
5 6 31 6 
5 6 31 6 
5 6 31 6 
5 6 31 6 
5 6 31 6 
5 6 31 6 
5 6 31 6 
5 62 6 31 63 6 
5 6 61 6 
5 27 28 6 21 6 
5 6 21 31 68 24 6 
5 6 31 6 
5 6 31 6 
5 6 31 6 
5 6 31 6 
5 6 31 6 
5 6 31 6 
5 6 6 
5 6 31 6 
5 6 31 6 
5 6 61 6 
5 6 6 
5 6 6 
5 6 31 436 6 
5 6 31 436 6 
5 6 8 6 
5 6 21 68 24 6 
5 6 21 68 24 6 
5 6 31 6 
5 6 31 6 
5 6 23 139 6 
5 6 31 6 
5 6 31 6 
5 62 6 63 6 
5 62 6 63 6 
5 115 116 6 21 117 6 
5 6 31 6 
5 6 31 6 
5 6 31 6 
5 6 31 6 
5 6 31 6 
5 6 21 31 68 24 6 
5 6 31 6 
5 6 31 6 
5 6 31 6 
5 6 31 6 
5 6 31 6 
5 6 31 6 
5 6 31 6 
5 6 31 6 
5 6 6 
5 6 6 
5 6 6 
5 6 6 
5 6 6 
5 6 6 
5 6 6 
5 6 6 
5 6 6 
5 6 6 
5 6 6 
5 6 6 
5 6 6 
5 6 6 
5 6 6 
5 6 518 6 
5 6 6 
5 6 31 6 
5 6 31 6 
5 6 31 6 
5 6 31 6 
5 6 31 6 
5 6 31 6 
5 6 31 6 
5 6 31 6 
5 6 31 6 
5 6 31 6 
5 6 31 6 
5 6 31 6 
5 6 31 6 
5 6 6 
5 6 21 31 68 24 6 
5 6 21 31 68 24 6 
5 6 6 
5 6 6 
5 6 6 
5 6 6 
5 6 6 
5 6 6 
5 6 6 
5 6 6 
5 6 6 
5 6 6 
5 6 6 
5 6 6 
5 6 6 
5 6 6 
5 6 6 
5 6 6 
5 6 6 
5 6 6 
5 6 6 
5 6 6 
5 6 6 
5 6 6 
5 6 6 
5 6 6 
5 6 6 
5 6 6 
5 6 6 
5 6 6 
5 6 6 
5 6 6 
5 6 6 
5 6 6 
5 6 6 
5 6 6 
5 6 6 
5 6 6 
5 6 6 
5 6 6 
5 6 6 
5 6 6 
5 6 6 
5 6 6 
5 6 6 
5 6 6 
5 6 6 
5 6 6 
5 6 6 
5 6 6 
5 6 6 
5 6 6 
5 6 6 
5 6 6 
5 6 6 
5 6 6 
5 6 6 
5 6 6 
5 6 6 
5 6 6 
5 6 6 
5 6 6 
5 6 6 
5 6 6 
5 6 6 
5 6 6 
5 6 6 
5 6 6 
5 6 6 
5 6 6 
5 6 6 