5 27 28 6 21 8 8 
5 27 28 6 21 8 8 
5 27 28 6 21 8 8 
5 8 8 
5 8 8 
5 8 8 
5 8 8 
5 8 8 
5 8 8 
5 27 28 21 8 8 
5 62 6 63 8 8 
5 8 8 
5 8 8 
5 8 8 
5 8 8 
5 8 35 8 
5 6 8 8 
5 8 8 
5 8 8 
5 112 6 8 113 8 
5 187 8 165 8 
5 6 8 8 
5 6 8 8 
5 6 8 8 
5 6 8 8 
5 6 8 8 
5 6 8 8 
5 6 8 8 
5 6 8 8 
5 6 8 8 
5 6 8 8 
5 232 8 233 8 
5 8 8 
5 8 8 
5 8 8 
5 8 8 
5 62 6 63 8 8 
5 8 12 8 
5 6 8 8 
5 8 8 
5 8 8 
5 8 8 
5 8 8 
5 8 8 
5 8 8 
5 8 8 
5 8 8 
5 8 8 
5 8 8 
5 8 8 
5 8 8 
5 8 8 
5 8 8 
5 8 8 
5 8 8 
5 8 8 