5 21 22 8 68 24 8 
5 27 28 6 21 8 8 
5 27 28 6 21 8 8 
5 8 8 
5 176 162 8 8 
5 8 35 8 
5 8 8 
5 231 8 8 
5 8 8 
5 8 8 
5 8 8 
5 8 8 
5 8 8 
5 8 8 
5 62 6 63 8 8 
5 62 6 63 8 8 
5 62 6 63 8 8 
5 62 6 63 8 8 
5 62 6 63 8 8 
5 8 165 8 
5 101 373 8 8 
5 101 373 8 8 
5 8 8 
177 5 112 8 113 8 
177 5 112 8 113 8 
177 5 112 8 113 8 
177 5 112 8 113 8 
177 5 112 8 113 8 
5 8 8 
5 8 8 
5 8 35 8 
5 8 8 
5 8 8 
5 8 8 
5 8 8 
5 8 8 
5 8 8 
5 8 8 
5 8 8 
5 8 8 
5 8 8 
5 143 8 144 8 
5 8 8 
5 8 8 
5 62 6 63 8 8 
5 6 63 8 8 
5 8 8 
5 8 8 
5 8 8 
5 8 8 
5 8 35 8 
5 62 6 63 8 8 
5 8 35 8 
5 143 8 144 8 
5 8 8 
5 8 8 
5 8 8 
5 8 8 
5 8 8 
5 8 8 
5 6 8 8 
5 62 6 63 8 8 
5 8 8 
5 8 8 
5 143 8 144 8 
5 8 8 
5 8 8 
5 8 8 
5 8 8 
5 8 35 8 
5 8 8 
5 8 8 
5 8 35 8 
5 8 35 8 
5 8 8 
5 8 8 
5 8 8 
5 8 8 
5 8 8 
5 8 8 
5 8 8 
5 8 8 
5 27 28 6 21 8 8 
5 8 35 8 
5 21 8 68 24 8 
5 8 8 
5 8 8 
5 8 8 
5 8 8 
5 6 63 8 35 8 
5 6 63 8 35 8 
5 8 35 8 
5 8 8 
5 62 6 63 8 8 
5 143 8 144 8 
5 62 6 63 8 8 
5 8 8 
5 8 8 
5 8 8 
5 8 8 
5 8 8 
5 8 8 
5 8 8 
5 8 8 
5 8 8 
5 8 8 
5 8 8 
5 8 8 
5 8 8 
5 8 8 
5 8 8 
5 8 8 
5 8 8 
5 8 8 
5 8 8 
5 8 8 
5 8 8 
5 8 8 
5 8 8 
5 8 8 
5 8 8 
5 8 8 
5 8 8 
5 8 8 
5 8 8 
5 8 8 
5 8 8 
5 8 8 
5 8 8 
5 8 8 
5 8 8 
5 8 8 
5 8 8 
5 8 8 
5 8 8 
5 8 8 
5 8 8 
5 8 8 
5 8 8 
5 8 8 
5 8 8 
5 8 8 
5 8 8 
5 8 8 
5 8 8 
5 8 8 
5 8 8 
5 8 8 
5 8 8 
5 8 8 
5 8 8 
5 8 8 
5 8 8 
5 8 8 
5 8 8 
5 8 8 
5 8 8 
5 8 8 
5 8 8 
5 8 8 
5 8 8 
5 8 8 
5 8 8 
5 8 8 
5 8 8 
5 8 8 
5 8 8 
5 8 8 
5 8 8 
5 8 8 