5 6 6 
5 6 6 
5 6 6 
5 6 61 6 
5 62 6 63 6 
5 6 61 6 
5 62 6 63 6 
5 62 6 63 6 
5 6 61 6 
5 6 61 6 
5 62 6 63 6 
5 62 6 63 6 
5 6 61 6 
5 6 61 6 
5 6 61 6 
5 62 6 63 6 
5 6 61 6 
5 6 6 
5 6 6 
5 6 6 
5 6 61 6 
5 62 6 63 6 
5 62 6 63 6 
5 6 61 6 
5 6 63 61 6 
5 6 6 
5 6 6 
5 6 6 
5 6 6 
5 6 61 6 
5 62 6 63 6 
5 6 6 
5 572 6 413 61 6 
5 62 6 63 6 
5 62 6 63 6 
5 62 6 63 6 
5 62 6 63 6 
5 62 6 63 6 
5 6 61 6 
5 6 6 
5 6 6 
5 6 6 
5 6 6 
5 6 6 
5 6 6 
5 6 6 
5 6 6 
5 6 6 
5 6 6 
5 6 6 
5 6 6 
5 6 6 
5 6 6 
5 6 6 
5 6 6 
5 6 6 
5 6 6 
5 6 6 
5 6 6 
5 6 6 
5 6 6 
5 6 6 
5 6 6 
5 6 6 
5 6 6 
5 6 6 
5 6 6 
5 6 6 
5 6 6 
5 6 6 
5 6 6 
5 6 6 
5 6 6 
5 6 6 
5 6 6 
5 6 6 
5 6 6 
5 6 6 