5 162 227 8 8 
5 109 28 21 162 227 8 80 110 8 
5 162 227 8 8 
5 162 227 8 8 
5 162 227 8 8 
5 162 227 8 8 
5 450 48 6 8 8 
5 162 227 8 8 
5 162 227 8 8 
5 109 28 21 162 227 8 80 110 8 
5 162 227 8 8 
5 162 227 8 8 
5 162 227 8 8 
5 162 227 8 8 
5 162 227 8 8 
5 162 227 8 8 
5 162 227 8 8 
5 162 227 8 8 
5 109 28 21 162 227 8 80 110 8 
5 109 28 21 8 80 110 8 
5 162 227 8 8 
5 162 227 8 8 
5 162 227 8 8 
5 162 227 8 8 
5 162 227 8 8 
5 162 227 8 8 
5 162 227 8 8 
5 162 227 8 8 
5 162 227 8 8 
5 162 227 8 8 
5 109 28 21 162 227 8 80 110 8 
5 162 227 8 8 
5 162 227 8 8 
5 162 227 8 8 
5 162 227 8 8 
5 162 227 8 8 
5 162 227 8 8 
5 162 227 8 8 
5 162 227 8 8 
5 230 162 8 11 10 253 125 8 
5 162 227 8 8 
5 162 227 8 8 
5 8 8 
5 162 8 8 
5 162 8 8 
5 162 8 8 
5 162 8 8 
5 162 8 8 
5 162 8 8 
5 162 8 8 
5 162 8 8 
5 162 8 8 
5 162 8 8 
5 162 8 8 
5 162 8 8 
5 162 8 8 