283 283 
283 283 
283 283 
283 283 
283 283 
283 283 
283 283 
283 283 
283 283 
283 283 
283 283 
283 283 
283 283 
283 283 
283 283 
283 283 
283 283 
283 283 
283 283 
283 283 
283 283 
283 283 
283 283 
283 283 
283 283 
283 283 
283 283 
283 283 
283 283 
283 283 
21 22 68 24 283 283 
283 283 
283 283 
283 283 
283 283 
91 5 6 92 283 283 
283 283 
283 283 
283 283 
283 283 
283 283 
283 283 
283 283 
283 283 
283 283 
283 283 
283 283 
283 283 
283 283 
177 112 113 309 310 283 283 
283 283 
283 283 
283 283 
283 283 
283 283 
283 283 
283 283 
177 112 113 309 310 283 283 
283 283 
283 283 
283 283 
283 283 
131 283 283 
283 283 
283 283 
283 283 
283 283 
283 283 
283 283 
283 283 
283 283 
283 283 
283 283 
283 283 
283 283 
283 283 
283 283 
283 283 
283 283 
5 6 283 283 
283 283 
283 283 
283 283 
283 283 
283 283 
283 283 
283 283 
283 283 
283 283 
283 283 
283 283 
283 283 
283 283 
283 283 
283 283 
283 283 
283 283 
177 112 113 309 310 283 283 
283 283 
283 283 
283 283 
283 283 
283 283 
283 283 
283 283 
283 283 
283 283 
283 283 
283 283 
283 283 
283 283 
283 283 
283 283 
283 283 
283 283 
283 283 
283 283 
283 283 
283 283 
254 36 255 283 283 
283 283 
283 283 
91 5 6 92 283 283 
283 283 
283 283 
283 283 
283 283 
283 283 
283 283 
283 283 
283 283 
283 283 
283 283 
131 283 283 
283 283 
283 283 
283 283 
283 283 
283 283 