25 268 268 
25 268 268 
25 268 268 
25 142 36 268 268 
25 142 36 268 268 
25 268 268 
25 268 268 
25 268 268 
25 268 268 
25 268 268 
25 268 268 
25 268 268 
25 268 268 
25 268 268 
25 268 268 
25 268 268 
25 268 268 
25 268 268 
25 268 268 
25 268 268 
25 268 268 
25 268 268 
25 268 268 
25 268 268 
25 268 268 
25 268 268 
25 268 268 
25 268 268 
25 268 268 
21 25 268 268 
25 268 268 
25 268 268 
25 268 268 
5 25 8 268 268 
5 25 8 268 268 
5 25 8 268 268 
25 268 268 
25 268 268 
25 268 268 
25 268 268 
25 268 268 
25 268 268 
25 268 268 
25 268 268 
25 268 268 
25 268 268 
25 268 268 
25 268 268 
25 268 268 
25 268 268 
25 268 268 
25 268 268 
25 268 268 
25 268 268 
25 268 268 
25 268 268 
25 268 268 
25 268 268 
25 268 268 
25 268 268 
25 268 268 
25 268 268 
25 268 268 
25 268 268 
25 268 268 
25 268 268 
25 268 268 
25 268 268 
5 25 8 268 268 
25 268 268 
25 268 268 
25 268 268 
25 268 268 
25 268 268 
25 268 268 
413 25 268 268 
413 25 268 268 
25 268 268 
25 268 268 
5 6 25 268 268 
25 268 268 
25 268 268 
25 268 268 
25 268 268 
25 268 268 
25 268 268 
25 268 268 
25 268 268 
25 268 268 
25 268 268 
25 268 268 
25 268 268 
25 268 268 
25 268 268 
25 268 268 
25 268 268 
25 268 268 
25 268 268 
25 268 268 
25 268 268 
5 25 8 268 268 
25 268 268 
25 142 36 268 268 
25 142 36 268 268 
25 142 36 268 268 
5 25 8 268 268 
159 25 36 268 130 268 
25 268 268 
25 268 268 
25 268 268 
25 268 268 
25 268 268 
25 268 268 
25 268 268 
25 268 268 
25 268 268 
25 268 268 
25 268 268 
25 268 268 
25 268 268 
25 268 268 
25 268 268 
25 268 268 
25 268 268 
25 268 268 
25 268 268 
25 268 268 