21 352 22 99 353 357 100 353 
21 352 22 99 353 357 100 353 
21 22 352 353 99 68 24 100 353 
21 22 352 353 99 68 24 100 353 
21 22 352 99 353 100 353 
21 352 22 99 353 357 100 353 
21 22 352 353 99 68 24 100 353 
5 6 21 352 22 99 353 357 100 353 
21 22 352 99 353 100 353 
21 22 352 353 99 68 24 100 353 
5 6 21 22 352 99 353 100 353 
21 352 22 99 353 357 100 353 
28 21 22 352 353 99 68 111 24 80 100 353 
21 352 22 99 353 357 100 353 
21 352 22 99 353 357 100 353 
21 352 22 99 353 357 100 353 
21 22 352 99 353 100 353 
5 6 21 352 22 99 353 357 100 353 
104 21 22 352 353 99 68 24 100 353 
21 352 22 99 353 357 100 353 
21 352 22 99 353 36 357 100 130 353 
21 352 22 99 353 357 100 353 
21 352 22 99 353 357 100 353 
104 21 22 352 353 99 68 24 100 353 
104 21 22 352 353 99 68 24 100 353 
21 22 352 99 353 100 353 