5 8 35 8 
5 6 21 8 9 37 24 8 
5 177 112 8 113 8 
5 8 12 8 
5 6 8 9 8 
5 8 35 8 
5 8 12 8 
5 8 12 8 
5 8 12 8 
5 21 8 8 
5 21 8 8 
5 21 8 8 
5 8 12 8 
5 8 8 
5 8 120 8 
5 8 120 8 
5 8 120 8 
5 6 8 9 8 
5 6 8 9 8 
5 6 8 9 8 
5 6 8 9 8 
5 8 35 8 
5 177 112 8 113 8 
5 177 112 8 113 8 
5 8 8 
5 112 8 113 8 
5 177 112 8 113 8 
5 177 112 8 113 8 
5 177 112 8 113 8 
5 177 112 8 113 8 
5 177 112 8 113 8 
5 177 112 8 113 8 
5 177 112 8 113 8 
5 177 112 8 113 8 
5 177 112 8 113 8 
5 177 112 8 113 8 
5 177 112 8 113 8 
5 8 8 
5 8 8 
5 8 8 
5 8 8 
5 8 8 
5 8 8 
5 8 8 
5 8 8 
5 8 8 
5 8 8 
5 8 12 8 
5 112 8 113 8 
5 177 112 8 113 8 
5 177 112 8 113 8 
5 177 112 8 113 8 
5 177 112 8 113 8 
177 5 112 8 113 8 
5 137 101 8 8 
5 8 8 
177 5 112 8 113 8 
5 8 8 
5 8 12 8 
5 8 12 8 
5 8 8 
5 8 8 
5 8 12 8 
5 8 12 8 
5 8 12 8 
5 8 12 8 
5 8 12 8 
5 8 12 8 
5 6 8 9 8 
5 6 8 9 8 
5 8 12 8 
5 8 12 8 
5 8 12 8 
5 8 12 8 
5 8 12 8 
5 8 12 8 
5 8 12 8 
5 8 12 8 
5 8 12 8 
5 8 8 
5 8 35 8 
5 8 8 
5 8 12 8 
5 177 112 8 113 8 
5 177 112 8 113 8 
177 5 112 8 113 8 
177 5 112 8 113 8 
177 5 112 8 113 8 
177 5 112 8 113 8 
177 5 112 8 113 8 
177 5 112 8 113 8 
177 5 112 8 113 8 
177 5 112 8 113 8 
177 5 112 8 113 8 
177 5 112 8 113 8 
177 5 112 8 113 8 
177 5 112 8 113 8 
177 5 112 8 113 8 
177 5 112 8 113 8 
177 5 112 8 113 8 
177 5 112 8 113 8 
177 5 112 8 113 8 
177 5 112 8 113 8 
177 5 112 8 113 8 
177 5 112 8 113 8 
177 5 112 8 113 8 
177 5 112 8 113 8 
177 5 112 8 113 8 
177 5 112 8 113 8 
177 5 112 8 113 8 
177 5 112 8 113 8 
177 5 112 8 113 8 
177 5 112 8 113 8 
177 5 112 8 113 8 
177 5 112 8 113 8 
177 5 112 8 113 8 
177 5 112 8 113 8 
5 6 8 9 8 
5 8 8 
5 8 8 
5 8 8 
5 8 8 
5 8 8 
5 8 8 
5 8 8 
177 5 112 8 113 8 
177 5 112 8 113 8 
177 5 112 8 113 8 
177 5 112 8 113 8 
177 5 112 8 113 8 
177 5 112 8 113 8 
177 5 112 8 113 8 
177 5 112 8 113 8 
177 5 112 8 113 8 
177 5 112 8 113 8 
177 5 112 8 113 8 
177 5 112 8 113 8 
177 5 112 8 113 8 
177 5 112 8 113 8 
177 5 112 8 113 8 
177 5 112 8 113 8 
5 8 120 8 
177 5 112 8 113 8 
177 5 112 8 113 8 
5 8 8 
5 8 35 8 
5 101 8 8 
5 137 101 8 8 
177 5 112 8 113 8 
5 8 120 8 
177 5 112 8 113 8 
177 5 112 8 113 8 
177 5 112 8 113 8 
177 5 112 8 113 8 
177 5 112 8 113 8 
177 5 112 8 113 8 
177 5 112 8 113 8 
177 5 112 8 113 8 
177 5 112 8 113 8 
177 5 112 8 113 8 
177 5 112 8 113 8 
177 5 112 8 113 8 
5 8 8 
5 8 35 8 
5 8 12 8 
5 8 12 8 
5 8 12 8 
5 101 8 208 8 
5 177 112 8 113 8 
5 8 12 8 
5 177 112 8 113 8 
5 8 12 8 
5 8 35 8 
5 8 8 
5 8 8 
5 8 12 8 
5 8 35 8 
5 101 395 8 8 
5 8 8 
5 8 8 
5 8 8 
5 8 120 8 
5 8 120 8 
5 8 120 8 
5 8 8 
5 8 12 8 
5 8 12 8 
5 8 12 8 
5 8 12 8 
5 8 8 
5 8 12 8 
5 8 8 
5 8 12 8 
5 8 8 
5 8 35 8 
5 8 120 8 
5 8 120 8 
5 8 35 8 
177 5 112 8 113 8 
5 8 8 
5 8 12 8 
5 8 35 8 
5 8 12 8 
5 6 8 9 8 
177 5 112 8 113 8 
177 5 112 8 113 8 
177 5 112 8 113 8 
177 5 112 8 113 8 
177 5 112 8 113 8 
5 8 12 8 
5 8 12 8 
5 6 8 9 8 
5 6 8 9 8 
5 8 12 8 
5 8 371 8 
5 8 12 8 
5 8 12 8 
5 6 8 9 8 
177 5 112 8 113 8 
5 112 8 113 8 
5 8 12 8 
5 21 8 8 
5 177 112 8 113 8 
5 8 12 8 
5 8 8 
5 8 12 8 
5 8 12 8 
5 8 35 8 
5 8 12 8 
5 8 12 8 
5 8 35 8 
177 5 112 8 113 8 
5 8 12 8 
5 8 12 8 
5 8 12 8 
5 8 12 8 
5 8 12 8 
5 8 35 8 
5 8 35 8 
5 8 8 
5 8 12 8 
5 8 12 8 
5 8 8 
5 8 12 8 
5 8 12 8 
5 8 12 8 
5 8 35 8 
5 6 8 8 
5 8 12 8 
5 6 8 9 8 
5 101 8 102 8 
5 8 12 8 
5 8 35 8 
5 8 12 8 
5 6 8 9 8 
5 8 8 
5 8 12 8 
5 8 12 8 
5 8 12 8 
5 8 8 
177 5 112 8 113 8 
177 5 112 8 113 8 
5 177 112 8 113 8 
5 27 28 21 8 546 8 
5 8 12 8 
5 8 12 8 
161 5 8 8 
161 5 8 8 
5 8 8 
5 8 8 
5 8 8 
5 162 8 8 
5 8 12 8 
5 8 35 8 
5 8 12 8 
177 5 112 8 113 8 
177 5 112 8 113 8 
177 5 112 8 113 8 
177 5 112 8 113 8 
177 5 112 8 113 8 
177 5 112 8 113 8 
177 5 112 8 113 8 
5 8 35 8 
177 5 112 8 113 8 
177 5 112 8 113 8 
177 5 112 8 113 8 
177 5 112 8 113 8 
177 5 112 8 113 8 
177 5 112 8 113 8 
177 5 112 8 113 8 
177 5 112 8 113 8 
177 5 112 8 113 8 
177 5 112 8 113 8 
177 5 112 8 113 8 
177 5 112 8 113 8 
177 5 112 8 113 8 
177 5 112 8 113 8 
177 5 112 8 113 8 
177 5 112 8 113 8 
177 5 112 8 113 8 
177 5 112 8 113 8 
177 5 112 8 113 8 
177 5 112 8 113 8 
177 5 112 8 113 8 
177 5 112 8 113 8 
177 5 112 8 113 8 
177 5 112 8 113 8 
177 5 112 8 113 8 
177 5 112 8 113 8 
177 5 112 8 113 8 
177 5 112 8 113 8 
177 5 112 8 113 8 
177 5 112 8 113 8 
177 5 112 8 113 8 
177 5 112 8 113 8 
177 5 112 8 113 8 
177 5 112 8 113 8 
177 5 112 8 113 8 
177 5 112 8 113 8 
177 5 112 8 113 8 
177 5 112 8 113 8 
177 5 112 8 113 8 
177 5 112 8 113 8 
177 5 112 8 113 8 
177 5 112 8 113 8 
177 5 112 8 113 8 
177 5 112 8 113 8 
177 5 112 8 113 8 
177 5 112 8 113 8 
177 5 112 8 113 8 
177 5 112 8 113 8 
177 5 112 8 113 8 
177 5 112 8 113 8 
177 5 112 8 113 8 
177 5 112 8 113 8 
177 5 112 8 113 8 
177 5 112 8 113 8 
177 5 112 8 113 8 
177 5 112 8 113 8 
177 5 112 8 113 8 
177 5 112 8 113 8 
177 5 112 8 113 8 
177 5 112 8 113 8 
5 8 8 
5 8 12 8 
5 8 12 8 
5 8 12 8 
5 8 8 
5 8 8 
5 177 112 8 113 8 
5 177 112 8 113 8 
161 5 8 8 
161 5 8 8 
5 8 8 
5 232 8 233 8 
5 232 8 233 8 
5 8 8 
5 8 8 
177 5 112 8 113 8 
177 5 112 8 113 8 
5 8 8 
5 8 12 8 
5 6 8 9 8 
5 8 8 
5 8 12 8 
5 8 12 8 
5 8 8 
177 5 112 8 113 8 
5 8 12 8 
5 8 12 8 
5 8 8 
5 8 8 
5 8 8 
5 8 8 
5 8 8 
5 8 8 
5 8 8 
5 8 8 
5 8 8 
5 8 8 
5 8 8 
5 8 8 
5 8 8 
5 8 8 
5 8 8 
5 8 8 
5 8 8 
5 8 12 8 
5 8 12 8 
5 8 12 8 
5 8 12 8 
5 8 12 8 
5 8 12 8 
5 8 12 8 
5 8 12 8 
5 8 12 8 
5 8 12 8 
5 8 8 
5 8 8 
5 8 35 8 
5 8 35 8 
5 8 8 
5 8 8 
5 8 8 
5 8 12 8 
5 8 12 8 
5 8 12 8 
5 8 12 8 
5 8 8 
5 8 8 
5 8 8 
5 8 8 
5 8 8 
5 8 8 
5 8 8 
5 8 8 
5 8 8 
5 8 8 
5 8 8 
5 8 8 
5 8 8 
5 8 8 
5 8 8 
5 8 8 
5 8 8 
5 8 8 
5 8 8 
5 8 8 
5 8 8 
5 8 8 
5 8 8 
5 8 8 
5 8 8 
5 8 8 
5 8 8 
5 8 8 
5 8 8 
5 8 8 
5 8 8 
5 8 8 
5 8 8 
5 8 8 
5 8 8 
5 8 8 
5 8 8 
5 8 8 
5 8 8 
5 8 8 
5 8 8 
5 8 8 
5 8 8 
5 8 8 
5 8 8 
5 8 8 
5 8 8 
5 8 8 
5 8 8 
5 8 8 
5 8 8 
5 8 8 
5 8 8 