5 8 8 
5 8 8 
5 8 8 
5 8 35 8 
5 8 8 
5 8 35 8 
5 101 8 102 8 
5 8 35 8 
5 8 8 
5 101 8 8 
5 8 35 8 
5 8 35 8 
5 8 8 
5 8 8 
5 8 8 
5 8 35 8 
5 8 35 8 
5 8 35 8 
5 8 8 
5 197 8 8 
5 8 8 
5 8 8 
5 8 8 
5 101 8 8 
5 8 35 8 
5 8 35 8 
5 8 35 8 
5 8 35 8 
5 8 35 8 
5 8 35 8 
5 8 35 8 
5 8 8 
5 8 8 
5 8 8 
5 8 35 8 
5 8 8 
5 101 8 8 
5 8 35 8 
5 8 35 8 
5 8 8 
5 101 8 208 8 
5 101 8 8 
5 8 35 8 
5 8 35 8 
5 8 8 
5 8 35 8 
5 8 35 8 
5 8 35 8 
5 8 8 
5 8 8 
5 8 8 
5 8 8 
5 101 8 102 8 
5 8 35 8 
5 8 8 
5 8 8 
5 8 35 8 
5 8 35 8 
5 8 35 8 
5 8 8 
5 8 8 
5 101 8 8 
5 101 8 208 8 
5 101 8 208 8 
5 101 8 8 
5 101 8 8 
5 8 35 8 
5 8 35 8 
5 8 35 8 
5 8 168 8 
5 176 162 8 8 
5 8 35 8 
5 8 35 8 
5 101 8 8 
5 101 373 8 8 
5 8 8 
5 8 35 8 
5 8 35 8 
5 8 35 8 
5 8 8 
5 101 8 8 
5 8 8 
5 8 35 8 
5 101 8 208 8 
5 101 8 208 8 
5 8 8 
5 6 8 87 8 
5 8 8 
5 101 8 208 8 
5 101 8 8 
5 8 8 
5 8 8 
5 8 35 8 
5 8 35 8 
5 101 8 8 
5 8 8 
5 101 8 8 
5 8 8 
5 8 8 
5 8 8 
5 8 35 8 
5 8 35 8 
5 8 8 
5 8 8 
5 8 8 
5 101 8 8 
5 101 373 8 8 
5 8 35 8 
5 101 8 8 
5 101 8 8 
5 101 8 8 
5 101 8 208 8 
5 101 8 8 
5 8 8 
5 8 35 8 
5 8 35 8 
5 8 35 8 
5 8 35 8 
5 101 8 8 
5 8 8 
5 8 35 8 
5 101 8 8 
5 8 8 
5 8 8 
5 8 8 
5 8 8 
5 8 8 
5 8 8 
5 8 8 
5 8 8 
5 8 8 
5 8 8 
5 8 8 
5 8 8 
5 8 8 
5 8 8 
5 8 8 
5 8 8 
5 8 8 
5 8 8 
5 8 8 
5 8 8 
5 8 8 
5 8 8 
5 8 8 
5 8 8 
5 8 8 
5 8 8 
5 8 8 
5 8 8 
5 8 8 
5 8 8 
5 8 8 
5 8 8 
5 8 8 
5 8 8 
5 8 8 
5 8 8 
5 8 8 
5 8 8 
5 8 8 
5 8 8 
5 8 8 
5 8 8 
5 8 8 
5 8 8 
5 8 8 
5 8 8 
5 8 8 
5 8 8 
5 8 8 
5 8 8 
5 8 8 
5 8 8 
5 8 8 
5 8 8 
5 8 8 
5 8 8 
5 8 8 
5 8 8 
5 8 8 
5 8 8 
5 8 8 
5 8 8 
5 8 8 
5 8 8 
5 8 8 
5 8 8 
5 8 8 
5 8 8 
5 8 8 
5 8 8 
5 8 8 
5 8 8 
5 8 8 
5 8 8 
5 8 8 
5 8 8 
5 8 8 
5 8 8 
5 8 8 
5 8 8 
5 8 8 
5 8 8 
5 8 8 
5 8 8 
5 8 8 
5 8 8 
5 8 8 
5 8 8 
5 8 8 
5 8 8 
5 8 8 
5 8 8 
5 8 8 
5 8 8 
5 8 8 
5 8 8 
5 8 8 
5 8 8 
5 8 8 
5 8 8 
5 8 8 