5 143 8 144 8 
5 143 8 144 8 
5 8 8 
5 8 8 
5 8 8 
5 143 8 144 8 
5 143 8 144 8 
5 143 8 144 8 
5 143 8 144 8 
5 8 8 
5 8 8 
5 8 8 
5 8 8 
5 8 8 
5 8 8 
5 8 8 
5 8 8 
5 8 393 8 
5 8 8 
5 8 8 
5 8 8 
5 8 8 
5 143 8 144 8 
5 8 8 
5 143 8 144 8 
5 171 162 8 416 8 
5 8 8 
5 8 8 
5 8 8 
5 8 8 
5 8 8 
5 8 8 
5 8 8 
5 8 8 
5 8 8 
5 8 8 
5 8 8 
5 8 8 
5 8 8 
5 8 8 
5 8 8 
5 143 8 144 8 
5 6 8 61 8 
5 8 8 
5 91 6 92 8 8 
5 8 8 
5 8 8 
5 8 8 
5 8 8 
5 8 8 
5 8 8 
5 8 8 
5 143 8 144 8 
5 143 8 144 8 
5 8 8 
5 8 8 
5 8 8 
5 8 8 
5 8 8 
5 143 8 144 8 
5 143 8 144 8 
5 143 8 144 8 
5 8 8 
5 143 8 144 8 
5 143 8 144 8 
5 8 8 
5 8 8 
5 8 8 
5 8 8 
5 8 8 
5 8 8 
5 8 8 
5 8 8 
5 8 8 
5 8 8 
5 91 6 92 8 8 
5 8 142 36 8 
5 8 8 
5 143 8 144 8 
5 143 8 144 8 
5 143 8 144 8 
5 388 389 8 390 8 
5 162 8 8 
5 8 8 
5 8 8 
5 8 36 122 8 
5 143 8 144 8 
5 91 6 8 92 144 8 
5 143 8 144 8 
5 8 8 
5 8 8 
5 8 8 
5 8 8 
5 8 8 
5 8 8 
5 8 8 
5 8 8 
5 8 8 
5 8 8 
5 8 8 
5 8 8 
5 8 8 
5 143 8 144 8 
5 143 8 144 8 
5 8 8 
5 169 162 170 8 8 
5 162 8 8 
5 143 8 144 8 
5 162 8 419 8 
5 143 8 144 8 
5 143 8 144 8 
5 143 8 144 8 
5 143 8 144 8 
5 143 8 144 8 
5 143 8 144 8 
5 143 8 144 8 
5 189 8 144 8 
5 8 8 
5 143 8 144 8 
5 143 8 144 8 
5 143 8 144 8 
5 143 8 144 8 
5 143 8 144 8 
5 8 144 8 
5 143 8 144 8 
5 143 8 144 8 
5 143 8 144 8 
5 8 8 
5 8 156 144 8 
5 8 8 
5 143 8 144 8 
5 143 8 144 8 
5 8 8 
5 8 8 
5 143 8 144 8 
5 143 8 144 8 
5 143 8 144 8 
5 143 8 144 8 
5 143 8 144 8 
5 143 8 144 8 
5 8 35 8 
5 143 8 144 8 
5 143 8 144 8 
5 143 8 144 8 
5 143 8 144 8 
5 143 8 144 8 
5 143 8 144 8 
5 143 8 144 8 
5 8 8 
5 8 8 
5 143 8 144 8 
5 143 8 144 8 
5 91 6 92 8 8 
5 143 8 144 8 
5 8 8 
5 8 8 
5 8 8 
5 8 8 
5 8 156 144 8 
5 8 8 
5 143 8 144 8 
5 91 6 8 92 156 144 8 
5 8 8 
5 8 8 
5 8 8 
5 8 8 
5 143 8 144 8 
5 143 8 144 8 
5 143 8 144 8 
5 8 156 144 8 
5 143 8 144 8 
5 143 8 144 8 
5 143 8 144 8 
5 143 8 144 8 
5 143 8 144 8 
5 8 8 
5 143 8 144 8 
5 143 8 144 8 
5 143 8 144 8 
5 143 8 144 8 
5 8 8 
5 8 8 
5 91 6 92 8 8 
5 8 156 144 8 
5 143 8 144 8 
5 143 8 144 8 
5 143 8 144 8 
5 8 168 8 
5 8 168 8 
5 143 8 144 8 
5 143 8 144 8 
5 143 8 144 8 
5 143 8 144 8 
5 8 8 
5 8 8 
5 189 143 8 144 8 
5 143 8 144 8 
5 8 156 144 8 
5 8 8 
5 143 8 144 8 
5 162 8 198 35 8 
5 454 8 8 
5 8 8 
5 8 8 
5 8 8 
5 8 8 
5 8 8 
5 8 8 
5 8 8 
5 8 393 8 
5 143 8 144 8 
5 143 8 144 8 
5 8 8 
5 8 8 
5 8 8 
5 8 8 
5 143 8 144 8 
5 143 8 144 8 
5 143 8 144 8 
5 8 8 
5 8 165 8 
5 8 165 8 
5 143 8 144 8 
5 143 8 144 8 
5 8 8 
5 143 8 144 8 
5 8 8 
5 143 8 144 8 
5 143 8 144 8 
5 196 197 143 8 144 8 
5 143 8 144 8 
5 6 8 61 8 
5 143 8 144 8 
5 143 8 144 8 
5 460 8 36 8 
5 143 8 144 8 
5 143 8 144 8 
5 143 8 144 8 
5 8 8 
5 8 8 
5 171 162 8 172 8 
5 8 8 
5 143 8 144 8 
5 143 8 144 8 
5 8 8 
5 143 8 144 8 
5 91 6 143 8 92 144 8 
5 143 8 144 8 
5 143 8 144 8 
5 8 8 
5 8 8 
5 8 393 8 
5 143 8 144 8 
5 143 8 144 8 
5 189 8 144 8 
5 8 8 
5 8 8 
5 454 8 8 
5 143 8 144 8 
5 143 8 144 8 
5 143 8 144 8 
5 143 8 144 8 
5 143 8 144 8 
5 143 8 144 8 
5 143 8 144 8 
5 171 162 8 416 8 
5 8 8 
5 8 8 
5 143 8 144 8 
5 8 8 
5 169 162 170 8 8 
5 162 221 8 8 
5 91 6 92 8 8 
5 143 8 144 8 
5 454 458 8 8 
5 8 8 
5 143 8 144 8 
5 143 8 144 8 
5 8 8 
5 8 8 
5 143 8 144 8 
5 8 8 
5 8 8 
5 8 8 
5 8 8 
5 143 8 144 8 
5 143 8 144 8 
5 143 8 144 8 
5 8 8 
5 143 8 144 8 
5 143 8 144 8 
5 28 21 8 8 
5 585 8 144 8 
5 8 168 8 
5 8 168 8 
5 8 168 8 
5 388 389 8 390 8 
5 8 8 
5 8 8 
5 8 168 8 
5 8 168 8 
5 8 8 
5 143 8 144 8 
5 143 8 144 8 
5 8 8 
5 8 165 8 
5 8 8 
5 8 8 
5 143 8 144 8 
5 8 8 
5 196 197 8 8 
5 196 197 8 8 
5 585 8 144 8 
5 8 8 
5 8 8 
5 8 8 
5 8 8 
5 8 8 
5 143 8 144 8 
5 8 168 8 
5 8 8 
5 143 8 144 8 
5 8 8 
5 8 35 8 
5 8 8 
5 162 8 8 
5 8 8 
5 143 8 144 8 
5 91 6 143 92 8 144 8 
5 143 8 144 8 
5 8 8 
5 8 8 
5 8 8 
5 8 8 
5 8 8 
5 143 8 144 8 
5 8 142 36 8 
5 143 8 144 8 
5 143 8 144 8 
5 143 8 144 8 
5 143 8 144 8 
5 8 8 
5 143 8 144 8 
5 8 8 
5 8 8 
5 8 8 
5 8 8 
5 143 8 144 8 
5 143 8 144 168 8 
5 8 8 
5 8 8 
5 8 8 
5 8 8 
5 196 197 8 8 
5 196 197 8 8 
5 196 197 8 8 
5 8 8 
5 8 8 
5 143 8 144 8 
5 8 8 
5 143 8 144 8 
5 8 8 
5 8 8 
5 143 8 144 8 
5 143 8 144 8 
5 8 8 
5 8 168 8 
5 8 168 8 
5 8 8 
5 143 8 144 8 
5 28 21 8 156 144 203 8 
5 28 21 8 156 144 203 8 
5 8 36 122 8 
5 8 168 8 
5 143 8 144 8 
5 143 8 144 8 
5 8 168 8 
5 8 8 
5 143 8 144 8 
5 143 8 144 8 
5 143 8 144 8 
5 143 8 144 8 
5 8 8 
5 8 8 
5 8 8 
5 8 8 
5 8 8 
5 8 8 
5 8 8 
5 8 8 
5 8 8 
5 8 8 
5 8 8 
5 8 8 
5 8 8 
5 8 8 
5 8 8 
5 8 8 
5 8 8 
5 8 8 
5 8 8 
5 8 8 
5 8 8 
5 8 8 
5 8 8 
5 8 8 
5 8 8 
5 8 8 
5 8 8 
5 8 8 
5 8 8 
5 8 8 
5 8 8 
5 8 8 
5 8 8 
5 8 8 
5 8 8 
5 8 8 
5 143 8 144 8 
5 143 8 144 8 
5 143 8 144 8 
5 143 8 144 8 
5 143 8 144 8 
5 143 8 144 8 
5 8 8 
5 8 8 
5 143 8 144 8 
5 143 8 144 8 
5 176 162 8 8 
5 8 8 
5 8 393 8 
5 8 8 
5 8 8 
5 8 8 
5 8 8 
5 189 8 144 8 
5 8 8 
5 8 8 
5 8 8 
5 8 8 
5 143 8 144 8 
5 8 393 8 
5 8 393 8 
5 143 8 144 8 
5 8 8 
5 8 8 
5 8 8 
5 143 8 144 8 
5 143 8 144 8 
5 143 8 144 8 
5 8 8 
5 8 8 
5 8 8 
5 8 8 
5 8 8 
5 8 8 
5 8 8 
5 8 8 
5 8 8 
5 8 8 
5 143 8 144 8 
5 143 8 144 8 
5 162 8 198 8 
5 8 168 8 
5 8 8 
5 8 8 
5 143 8 144 8 
5 143 8 144 8 
5 143 8 144 8 
5 171 162 8 416 8 
5 171 162 8 172 8 
5 8 8 
5 8 8 
5 143 8 144 8 
5 8 8 
5 171 162 8 416 8 
5 459 8 8 
5 143 8 144 8 
5 8 8 
5 143 8 144 8 
5 459 8 8 
5 459 8 8 
5 171 162 8 416 8 
5 171 162 8 416 8 
5 8 168 8 
5 8 8 
5 8 142 36 8 
5 143 8 144 8 
5 8 8 
5 8 8 
5 162 8 198 8 
5 143 8 144 8 
5 8 393 8 
5 8 393 8 
5 143 8 144 8 
5 8 8 
5 143 8 144 8 
5 8 8 
5 143 8 144 8 
5 459 8 8 
5 459 8 8 
5 459 8 8 
5 459 8 8 
5 459 8 8 
5 459 8 8 
5 459 8 8 
5 459 8 8 
5 162 8 419 8 
5 162 8 419 8 
5 8 8 
5 143 8 144 8 
5 8 393 8 
5 143 8 144 8 
5 143 8 144 8 
5 143 8 144 8 
5 143 8 144 8 
5 143 8 144 8 
5 91 6 92 8 8 
5 143 8 144 8 
5 8 8 
5 8 8 
5 8 8 
5 143 8 144 8 
5 143 8 144 8 
5 143 8 144 8 
5 143 8 144 8 
5 8 8 
5 459 8 8 
5 459 8 8 
5 8 8 
5 8 393 8 
5 8 8 
5 8 8 
5 143 8 144 8 
5 6 8 61 8 
5 6 8 61 8 
5 143 8 144 8 
5 143 8 144 8 
5 143 8 144 8 
5 8 8 
5 143 8 144 8 
5 189 8 144 8 
5 196 197 176 162 8 8 
5 143 8 144 8 
5 143 8 144 8 
5 8 8 
5 143 8 144 8 
5 143 8 144 8 
5 8 168 8 
5 143 8 144 8 
5 8 165 8 
5 8 393 8 
5 189 8 144 8 
5 143 8 144 8 
5 8 168 8 
5 196 197 8 8 
5 196 197 8 8 
5 196 197 8 8 
5 196 197 8 8 
5 196 197 8 8 
5 8 393 8 
5 143 8 144 8 
5 143 8 144 8 
5 143 8 144 8 
5 143 8 144 8 
5 8 8 
5 143 8 144 8 
5 143 8 144 8 
5 8 168 8 
5 189 8 144 8 
5 143 8 144 8 
5 8 393 8 
5 8 393 8 
5 143 8 144 8 
5 8 8 
5 8 8 
5 8 393 8 
5 143 8 144 8 
5 143 8 144 8 
5 143 8 144 8 
5 143 8 144 8 
5 143 8 144 8 
5 8 8 
5 8 8 
5 143 8 144 8 
5 143 8 144 8 
5 143 8 144 8 
5 8 8 
5 8 8 
5 143 8 144 8 
5 8 8 
5 143 8 144 8 
5 8 8 
5 8 8 
5 8 8 
5 8 8 
5 8 8 
5 143 8 144 8 
5 143 8 144 8 
5 8 8 
5 8 8 
5 8 8 
5 143 8 144 8 
5 143 8 144 8 
5 8 8 
5 8 8 
5 8 8 
5 143 8 144 8 
5 8 8 
5 8 8 
5 143 8 144 8 
5 143 8 144 8 
5 162 8 419 8 
5 143 8 144 8 
5 143 8 144 8 
5 8 8 
5 8 393 8 
5 8 393 8 
5 8 8 
5 143 8 144 8 
5 143 8 144 8 
5 8 8 
5 8 8 
5 143 8 144 8 
5 143 8 144 8 
5 143 8 144 8 
5 8 8 
5 162 8 419 8 
5 162 8 419 8 
5 8 8 
5 8 8 
5 171 162 8 416 8 
5 8 8 
5 8 8 
5 143 8 144 8 
5 143 8 144 8 
5 143 8 144 8 
5 143 8 144 8 
5 143 8 144 8 
5 143 8 144 8 
5 8 8 
5 143 8 144 8 
5 143 8 144 8 
5 8 8 
5 91 6 143 92 8 144 8 
5 8 165 8 
5 143 8 144 8 
5 143 8 144 8 
5 8 156 144 8 
5 8 156 144 8 
5 8 393 8 
5 8 393 8 
5 8 165 8 
5 143 8 144 8 
5 585 8 144 8 
5 8 8 
5 143 8 144 8 
5 143 8 144 8 
5 143 8 144 8 
5 143 8 144 8 
5 196 197 162 8 8 
5 254 8 36 255 8 
5 143 8 144 8 
5 143 8 144 8 
5 143 8 144 8 
5 171 162 8 416 8 
5 8 8 
5 8 393 8 
5 8 8 
5 8 8 
5 143 8 144 8 
5 143 8 144 8 
5 8 168 8 
5 143 8 144 8 
5 143 8 144 8 
5 8 8 
5 8 8 
5 8 8 
5 143 8 144 8 
5 8 393 8 
5 143 8 144 8 
5 8 8 
5 8 8 
5 8 8 
5 143 8 144 8 
5 143 8 144 8 
5 143 8 144 8 
5 143 8 144 8 
5 143 8 144 8 
5 143 8 144 8 
5 143 8 144 8 
5 143 8 144 8 
5 143 8 144 8 
5 143 8 144 8 
5 143 8 144 8 
5 8 8 
5 143 8 144 8 
5 8 8 
5 8 8 
5 8 8 
5 8 8 
5 8 8 
5 8 8 
5 143 8 144 8 
5 143 8 144 8 
5 8 8 
5 8 393 8 
5 196 197 8 8 
5 143 8 144 8 
5 143 8 144 8 
5 143 8 144 8 
5 143 8 144 8 
5 143 8 36 144 122 8 
5 8 8 
5 162 8 419 8 
5 8 8 
5 8 8 
5 143 8 144 8 
5 143 8 144 8 
5 91 6 92 8 8 
5 8 8 
5 143 8 144 8 
5 143 8 144 8 
5 143 8 144 8 
5 143 8 144 8 
5 143 8 144 8 
5 143 8 144 8 
5 162 8 419 8 
5 8 393 8 
5 8 8 
5 143 8 144 8 
5 143 8 144 8 
5 161 143 8 144 8 
5 143 8 144 8 
5 8 8 
5 143 8 144 8 
5 8 8 
5 143 8 144 8 
5 8 8 
5 8 8 
5 8 8 
5 8 8 
5 8 8 
5 8 8 
5 8 8 
5 8 8 
5 8 8 
5 8 8 
5 8 8 
5 189 8 144 8 
5 143 8 144 8 
5 8 8 
5 143 8 144 8 
5 8 8 
5 143 8 144 8 
5 8 8 
5 8 168 8 
5 8 168 8 
5 8 168 8 
5 459 8 8 
5 8 8 
5 143 8 144 8 
5 8 8 
5 143 8 144 8 
5 8 8 
5 143 8 144 8 
5 143 8 144 8 
5 8 8 
5 143 8 144 8 
5 8 8 
5 8 8 
5 8 8 
5 8 8 
5 8 8 
5 143 8 144 8 
5 8 8 
5 143 8 144 8 
5 143 8 144 8 
5 8 8 
5 8 8 
5 143 8 144 8 
5 143 8 144 8 
5 8 8 
5 8 8 
5 143 8 144 8 
5 8 8 
5 143 8 144 8 
5 143 8 144 8 
5 143 8 144 8 
5 143 8 144 8 
5 8 8 
5 8 8 
5 143 8 144 8 
5 143 8 144 8 
5 143 8 144 8 
5 143 8 144 8 
5 8 35 8 
5 171 162 8 416 8 
5 143 8 144 8 
5 143 8 144 8 
5 143 8 144 8 
5 8 8 
5 8 8 
5 171 162 8 416 8 
5 8 8 
5 143 8 144 8 
5 143 8 144 8 
5 143 8 144 8 
5 143 8 144 8 
5 189 8 144 8 
5 8 8 
5 8 8 
5 8 8 
5 8 8 
5 8 8 
5 143 8 144 8 
5 143 8 144 8 
5 8 8 
5 143 8 144 8 
5 143 8 144 8 
5 8 156 144 8 
5 8 8 
5 8 8 
5 8 8 
5 8 8 
5 8 8 
5 8 8 
5 143 8 144 8 
5 8 8 
5 143 8 144 8 
5 143 8 144 8 
5 8 8 
5 8 8 
5 8 8 
5 143 8 144 8 
5 143 8 144 8 
5 143 8 144 8 
5 91 6 92 8 8 
5 162 221 8 8 
5 8 8 
5 143 8 144 8 
5 143 8 144 8 
5 143 8 144 8 
5 8 393 8 
5 8 8 
5 8 8 
5 585 8 144 8 
5 8 142 36 8 
5 415 162 8 8 
5 143 8 144 8 
5 189 143 8 144 8 
5 162 8 419 8 
5 8 8 
5 8 8 
5 91 6 92 8 8 
5 143 8 144 8 
5 8 120 8 
5 171 162 8 416 8 
5 143 8 144 8 
5 143 8 144 8 
5 143 8 144 8 
5 8 8 
5 143 8 144 8 
5 91 6 92 8 8 
5 143 8 144 8 
5 171 162 8 416 8 
5 143 8 144 8 
5 143 8 144 8 
5 143 8 144 8 
5 143 8 144 8 
5 143 8 144 8 
5 143 8 144 8 
5 143 8 144 8 
5 143 8 144 8 
5 143 8 144 8 
5 585 8 144 8 
5 143 8 144 8 
5 143 8 144 8 
5 143 8 144 8 
5 143 8 144 8 
5 143 8 144 8 
5 143 8 144 8 
5 143 8 144 8 
5 91 6 92 8 8 
5 454 458 143 8 144 8 
5 8 168 8 
5 143 8 144 8 
5 143 8 144 8 
5 8 8 
5 143 8 144 8 
5 8 8 
5 143 8 144 8 
5 8 8 
5 8 393 8 
5 8 8 
5 8 8 
5 143 8 144 8 
5 143 8 144 8 
5 8 8 
5 143 8 144 8 
5 143 8 144 8 
5 8 8 
5 8 8 
5 8 8 
5 8 168 8 
5 196 197 8 8 
5 8 144 8 
5 8 8 
5 143 8 144 8 
5 91 6 92 8 8 
5 143 8 144 8 
5 143 8 144 8 
5 143 8 144 8 
5 143 8 144 8 
5 8 8 
5 8 8 
5 143 8 144 8 
5 8 8 
5 8 393 8 
5 8 8 
5 8 8 
5 8 8 
5 8 8 
5 585 8 144 8 
5 8 393 8 
5 143 8 144 8 
5 143 8 144 8 
5 143 8 144 8 
5 143 8 144 8 
5 143 8 144 8 
5 8 8 
5 8 8 
5 8 8 
5 143 8 144 8 
5 8 8 
5 8 156 144 8 
5 8 8 
5 143 8 144 8 
5 143 8 144 8 
5 143 8 144 8 
5 8 8 
5 8 8 
5 8 8 
5 143 8 144 8 
5 143 8 144 8 
5 143 8 144 8 
5 8 8 
5 8 8 
5 8 8 
5 8 8 
5 143 8 144 8 
5 143 8 144 8 
5 143 8 144 8 
5 143 8 144 8 
5 143 8 144 8 
5 143 8 144 8 
5 8 8 
5 8 8 
5 118 143 8 36 144 8 
5 143 8 144 8 
5 8 8 
5 162 221 8 8 
5 143 8 144 8 
5 143 8 144 8 
5 143 8 144 8 
5 143 8 144 8 
5 143 8 144 8 
5 143 8 144 8 
5 8 8 
5 8 8 
5 143 8 144 8 
5 143 8 144 8 
5 8 8 
5 8 8 
5 8 8 
5 143 8 144 8 
5 8 8 
5 8 8 
5 143 8 144 8 
5 8 8 
5 143 8 144 8 
5 239 162 8 8 
5 143 8 144 8 
5 143 8 144 8 
5 143 8 144 8 
5 8 8 
5 143 8 144 8 
5 8 8 
5 8 8 
5 8 393 8 
5 143 8 144 8 
5 143 8 144 8 
5 143 8 144 8 
5 143 8 144 8 
5 143 8 144 8 
5 8 8 
5 8 8 
5 8 8 
5 143 8 144 8 
5 8 8 
5 143 8 144 8 
5 143 8 144 8 
5 8 8 
5 8 8 
5 143 8 144 8 
5 143 8 144 8 
5 8 8 
5 8 142 36 8 
5 8 142 36 8 
5 143 8 144 8 
5 143 8 144 8 
5 143 8 144 8 
5 8 8 
5 143 8 144 8 
5 8 8 
5 143 8 144 8 
5 8 8 
5 8 8 
5 8 8 
5 8 144 8 
5 8 36 122 8 
5 8 8 
5 8 8 
5 8 8 
5 143 8 144 8 
5 8 168 8 
5 8 8 
5 91 6 92 8 8 
5 8 393 8 
5 8 8 
5 143 8 144 8 
5 143 8 144 8 
5 8 8 
5 8 8 
5 8 8 
5 8 8 
5 143 8 144 8 
5 143 8 144 8 
5 143 8 144 8 
5 143 8 144 8 
5 143 8 144 8 
5 8 8 
5 143 8 144 8 
5 8 8 
5 91 6 92 8 8 
5 143 8 144 8 
5 143 8 144 8 
5 8 8 
5 143 8 144 8 
5 8 8 
5 143 8 144 8 
5 8 8 
5 8 8 
5 8 168 8 
5 8 168 8 
5 143 8 144 8 
5 8 156 144 8 
5 143 8 144 8 
5 143 8 144 8 
5 171 162 8 416 8 
5 8 156 144 8 
5 8 156 144 8 
5 8 156 144 8 
5 143 8 144 8 
5 8 8 
5 143 8 144 8 
5 143 8 144 8 
5 8 8 
5 8 8 
5 8 8 
5 8 8 
5 143 8 144 8 
5 143 8 144 8 
5 143 8 144 8 
5 143 8 144 8 
5 8 8 
5 8 8 
5 8 8 
5 8 8 
5 8 8 
5 8 8 
5 8 8 
5 8 168 8 
5 8 168 8 
5 8 8 
5 8 156 144 8 
5 8 8 
5 143 8 144 8 
5 8 8 
5 8 8 
5 8 393 8 
5 143 8 144 8 
5 143 8 144 8 
5 143 8 144 8 
5 8 393 8 
5 189 8 144 8 
5 8 8 
5 8 8 
5 8 8 
5 143 8 144 8 
5 143 8 144 8 
5 91 6 92 8 8 
5 189 143 8 144 8 
5 454 458 143 8 144 8 
5 8 8 
5 8 8 
5 143 8 144 8 
5 143 8 144 8 
5 162 8 8 
5 8 8 
5 143 8 144 8 
5 8 8 
5 8 8 
5 8 8 
5 8 8 
5 8 8 
5 143 8 144 8 
5 143 8 144 8 
5 143 8 144 8 
5 143 8 144 8 
5 143 8 144 8 
5 143 8 144 8 
5 91 6 92 8 8 
5 143 8 144 8 
5 143 8 144 8 
5 459 8 8 
5 459 8 8 
5 459 8 8 
5 143 8 144 8 
5 8 8 
5 8 8 
5 8 8 
5 143 8 144 8 
5 8 8 
5 143 8 144 8 
5 143 8 144 8 
5 8 8 
5 143 8 144 8 
5 8 8 
5 143 8 144 8 
5 143 8 144 8 
5 143 8 144 8 
5 143 8 144 8 
5 8 168 8 
5 143 8 144 8 
5 143 8 144 8 
5 8 8 
5 8 8 
5 143 8 144 8 
5 435 21 143 8 117 144 8 
5 8 8 
5 143 8 144 8 
5 143 8 144 8 
5 143 8 144 8 
5 8 8 
5 91 6 92 8 8 
5 91 6 92 8 8 
5 8 8 
5 8 8 
5 8 8 
5 8 8 
5 8 8 
5 8 8 
5 8 8 
5 8 8 
5 143 8 144 8 
5 8 8 
5 8 168 8 
5 8 8 
5 8 8 
5 8 8 
5 143 8 144 8 
5 143 8 144 8 
5 435 21 143 8 117 144 8 
5 230 8 142 11 10 36 253 125 8 
5 8 8 
5 8 8 
5 8 8 
5 143 8 144 8 
5 8 8 
5 8 8 
5 162 8 8 
5 8 165 8 
5 8 156 144 8 
5 143 8 144 8 
5 8 8 
5 8 8 
5 8 8 
5 143 8 144 8 
5 143 8 144 8 
5 143 8 144 8 
5 8 8 
5 143 8 144 8 
5 8 8 
5 143 8 144 8 
5 91 6 92 8 8 
5 91 6 92 8 8 
5 454 458 8 8 
5 8 8 
5 143 8 144 8 
5 143 8 144 8 
5 8 8 
5 8 8 
5 8 8 
5 8 8 
5 143 8 144 8 
5 143 8 144 8 
5 8 165 8 
5 8 8 
5 8 8 
5 189 8 144 8 
5 8 8 
5 8 8 
5 8 8 
5 143 8 144 8 
5 161 8 8 
5 8 8 
5 8 8 
5 8 8 
5 8 8 
5 8 8 
5 143 8 144 8 
5 143 8 144 8 
5 8 156 144 8 
5 143 8 144 8 
5 143 8 144 8 
5 143 8 144 8 
5 143 8 144 8 
5 143 8 144 8 
5 8 8 
5 8 8 
5 143 8 144 8 
5 143 8 144 8 
5 143 8 144 8 
5 8 8 
5 585 8 144 8 
5 143 8 144 8 
5 8 8 
5 8 393 8 
5 8 168 8 
5 8 8 
5 143 8 144 8 
5 143 8 144 8 
5 8 8 
5 8 8 
5 8 8 
5 8 8 
5 8 8 
5 143 8 144 8 
5 8 8 
5 91 6 92 8 8 
5 21 459 8 8 
5 143 8 144 8 
5 143 8 144 8 
5 8 8 
5 8 8 
5 8 8 
5 162 227 8 8 
5 8 8 
5 143 8 144 8 
5 8 8 
5 8 8 
5 8 8 
5 143 8 144 8 
5 8 8 
5 143 8 144 8 
5 143 8 144 8 
5 143 8 144 8 
5 8 8 
5 169 162 170 8 8 
5 143 8 144 8 
5 143 8 144 8 
5 143 8 144 8 
5 8 393 8 
5 8 8 
5 143 8 144 8 
5 8 8 
5 143 8 144 8 
5 143 8 144 8 
5 8 8 
5 6 63 8 61 8 
5 143 8 144 8 
5 143 8 144 8 
5 8 8 
5 143 8 144 8 
5 8 8 
5 189 8 144 8 
5 143 8 144 8 
5 8 393 8 
5 8 393 8 
5 143 8 144 8 
5 143 8 144 8 
5 143 8 144 8 
5 143 8 144 8 
5 143 8 144 8 
5 143 8 144 8 
5 8 8 
5 459 8 8 
5 8 8 
5 196 197 8 8 
5 196 197 8 8 
5 196 197 8 8 
5 196 197 8 8 
5 196 197 8 8 
5 196 197 8 8 
5 8 8 
5 143 8 144 8 
5 143 8 144 8 
5 143 8 144 8 
5 143 8 144 8 
5 143 8 144 8 
5 143 8 144 8 
5 196 197 8 8 
5 8 8 
5 8 8 
5 377 162 8 8 
5 143 8 144 8 
5 143 8 144 8 
5 143 8 144 8 
5 143 8 144 8 
5 8 8 
5 143 8 144 8 
5 8 8 
5 8 8 
5 143 8 144 8 
5 8 8 
5 8 8 
5 91 6 8 36 8 
5 143 8 144 8 
5 8 393 8 
5 8 8 
5 143 8 144 8 
5 585 8 144 8 
5 8 8 
5 8 156 144 8 
5 143 8 144 8 
5 143 8 144 8 
5 8 8 
5 143 8 144 8 
5 143 8 144 8 
5 8 8 
5 8 8 
5 8 8 
5 143 8 144 8 
5 143 8 144 8 
5 143 8 144 8 
5 143 8 144 8 
5 455 8 8 
5 8 8 
5 143 8 144 8 
5 143 8 144 8 
5 8 8 
5 8 8 
5 8 8 
5 8 8 
5 143 8 144 8 
5 459 8 8 
5 459 8 8 
5 143 8 144 8 
5 454 458 8 8 
5 454 458 8 8 
5 454 458 8 8 
5 143 8 144 8 
5 143 8 144 8 
5 143 8 144 8 
5 143 8 144 8 
5 143 8 144 8 
5 143 8 144 8 
5 143 8 144 8 
5 143 8 144 8 
5 162 8 8 
5 162 8 8 
5 143 8 144 8 
5 143 8 144 8 
5 8 8 
5 8 8 
5 143 8 144 8 
5 143 8 144 8 
5 143 8 144 8 
5 143 8 144 8 
5 8 142 36 8 
5 143 8 144 8 
5 8 168 8 
5 8 8 
5 143 8 144 8 
5 143 8 144 8 
5 162 221 8 8 
5 143 8 144 8 
5 143 8 144 8 
5 143 8 144 8 
5 8 8 
5 8 8 
5 8 156 144 8 
5 143 8 144 8 
5 143 8 144 8 
5 143 8 144 8 
5 189 143 8 144 8 
5 143 8 144 8 
5 585 8 144 8 
5 8 8 
5 143 8 144 8 
5 143 8 144 8 
5 8 35 8 
5 91 6 92 8 8 
5 8 8 
5 143 8 144 8 
5 8 393 8 
5 143 8 144 8 
5 143 8 144 8 
5 143 8 144 8 
5 143 8 144 8 
5 143 8 144 8 
5 143 8 144 8 
5 8 8 
5 143 8 144 8 
5 8 8 
5 143 8 144 8 
5 8 8 
5 143 8 144 8 
5 143 8 144 8 
5 143 8 144 8 
5 143 8 144 8 
5 143 8 144 8 
5 8 142 36 8 
5 8 142 36 8 
5 143 8 144 8 
5 143 8 144 8 
5 454 8 8 
5 143 8 144 8 
5 8 8 
5 143 8 144 8 
5 143 8 144 8 
5 143 8 144 8 
5 143 8 144 8 
5 143 8 144 8 
5 143 8 144 8 
5 8 8 
5 91 6 92 8 8 
5 8 8 
5 143 8 144 8 
5 143 8 144 8 
5 8 8 
5 8 8 
5 8 8 
5 8 8 
5 8 8 
5 143 8 144 8 
5 143 8 144 8 
5 143 8 144 8 
5 8 8 
5 237 238 8 8 
5 143 8 144 8 
5 143 8 144 8 
5 143 8 144 8 
5 8 8 
5 8 8 
5 8 8 
5 8 168 8 
5 8 8 
5 8 8 
5 143 8 144 8 
5 143 8 144 8 
5 8 8 
5 8 8 
5 143 8 144 8 
5 143 8 144 8 
5 8 8 
5 8 8 
5 8 8 
5 8 8 
5 143 8 144 8 
5 143 8 144 8 
5 8 8 
5 8 8 
5 143 8 144 8 
5 176 162 8 8 
5 8 8 
5 21 8 68 24 8 
5 143 8 144 8 
5 8 8 
5 8 8 
5 8 8 
5 143 8 144 8 
5 143 8 144 8 
5 8 36 122 8 
5 8 36 122 8 
5 143 8 144 8 
5 8 8 
5 8 8 
5 143 8 144 8 
5 143 8 144 8 
5 8 393 8 
5 8 8 
5 585 8 144 8 
5 585 8 144 8 
5 585 8 144 8 
5 585 8 144 8 
5 8 393 8 
5 8 393 8 
5 8 393 8 
5 8 393 8 
5 8 8 
5 8 8 
5 8 8 
5 8 8 
5 8 8 
5 8 8 
5 8 8 
5 143 8 144 8 
5 8 8 
5 143 8 144 8 
5 8 8 
5 8 8 
5 8 8 
5 8 8 
5 8 8 
5 8 8 
5 143 8 144 8 
5 143 8 144 8 
5 8 8 
5 8 8 
5 8 8 
5 143 8 144 8 
5 143 8 144 8 
5 143 8 144 8 
5 8 8 
5 8 35 8 
5 8 35 8 
5 162 221 8 8 
5 143 8 144 8 
5 143 8 144 8 
5 143 8 144 8 
5 8 8 
5 143 8 144 8 
5 8 8 
5 143 8 144 8 
5 8 393 8 
5 8 393 8 
5 8 393 8 
5 8 8 
5 8 8 
5 8 8 
5 143 8 144 8 
5 8 144 8 
5 143 8 144 8 
5 143 8 144 8 
5 8 8 
5 143 8 144 8 
5 230 8 142 11 10 36 253 125 8 
5 143 8 144 8 
5 143 8 144 8 
5 143 162 8 144 8 
5 143 8 144 8 
5 143 8 144 8 
5 143 8 144 8 
5 8 8 
5 143 8 144 8 
5 143 8 144 8 
5 143 8 144 8 
5 8 8 
5 8 168 8 
5 189 143 8 144 8 
5 189 143 8 144 8 
5 143 8 144 8 
5 8 8 
5 8 36 122 8 
5 8 8 
5 189 8 144 8 
5 189 8 144 8 
5 8 8 
5 91 6 92 8 8 
5 8 35 8 
5 143 8 144 8 
5 8 393 8 
5 8 393 8 
5 8 8 
5 8 8 
5 8 8 
5 143 8 144 8 
5 143 8 144 8 
5 8 165 8 
5 143 8 144 8 
5 143 8 144 8 
5 8 8 
5 8 8 
5 143 8 144 8 
5 143 8 144 8 
5 8 8 
5 8 8 
5 143 8 144 8 
5 143 8 144 8 
5 143 8 144 8 
5 8 8 
5 8 8 
5 8 168 8 
5 8 8 
5 143 8 144 8 
5 143 8 144 8 
5 8 8 
5 8 8 
5 8 8 
5 8 8 
5 8 8 
5 8 35 8 
5 8 8 
5 91 6 162 8 92 8 
5 143 8 144 8 
5 8 8 
5 8 8 
5 143 8 144 8 
5 143 8 144 8 
5 143 8 144 8 
5 8 8 
5 162 8 8 
5 143 8 144 8 
5 344 162 8 8 
5 143 8 144 8 
5 91 6 92 8 8 
5 585 8 144 8 
5 8 8 
5 91 6 92 8 8 
5 8 168 8 
5 8 142 36 8 
5 143 8 144 8 
5 8 8 
5 8 8 
5 8 8 
5 8 8 
5 143 8 144 8 
5 143 8 144 8 
5 161 8 8 
5 8 168 8 
5 8 168 8 
5 143 8 144 8 
5 8 8 
5 8 8 
5 8 8 
5 8 8 
5 8 8 
5 143 8 144 8 
5 8 8 
5 162 8 8 
5 143 8 144 8 
5 143 8 144 8 
5 8 168 8 
5 143 8 144 8 
5 143 8 144 8 
5 171 162 8 416 8 
5 143 8 144 8 
5 344 162 8 8 
5 8 36 584 8 
5 91 6 92 8 8 
5 143 8 144 8 
5 143 8 144 8 
5 143 8 144 8 
5 143 8 144 8 
5 143 8 144 8 
5 143 8 144 8 
5 143 8 144 8 
5 8 8 
5 8 8 
5 91 6 92 8 8 
5 91 6 92 8 8 
5 91 6 92 8 8 
5 143 8 144 8 
5 8 8 
5 8 36 122 165 8 
5 143 8 144 8 
5 162 8 8 
5 143 8 144 8 
5 143 8 144 8 
5 143 8 144 8 
5 8 165 8 
5 377 162 8 8 
5 143 8 144 8 
5 143 8 144 8 
5 143 8 144 8 
5 459 8 8 
5 8 168 8 
5 143 8 144 8 
5 143 8 144 8 
5 8 156 144 8 
5 143 8 144 8 
5 143 8 144 8 
5 8 8 
5 143 8 144 8 
5 143 8 144 8 
5 8 142 36 8 
5 143 8 144 8 
5 143 8 144 8 
5 8 8 
5 161 143 8 144 8 
5 161 143 8 144 8 
5 161 143 8 144 8 
5 143 8 144 8 
5 143 8 144 8 
5 143 8 144 8 
5 143 8 144 8 
5 143 8 144 8 
5 143 8 144 8 
5 143 8 144 8 
5 143 8 144 8 
5 143 8 144 8 
5 143 8 144 8 
5 8 8 
5 8 393 8 
5 143 8 144 8 
5 91 6 92 8 8 
5 143 8 144 8 
5 171 162 8 416 8 
5 189 143 8 144 8 
5 8 8 
5 8 168 8 
5 143 8 144 8 
5 143 8 144 8 
5 8 36 122 8 
5 143 8 144 8 
5 8 8 
5 8 8 
5 143 8 144 8 
5 8 8 
5 8 8 
5 143 8 144 8 
5 143 8 144 8 
5 143 8 144 8 
5 171 162 8 416 8 
5 8 8 
5 143 8 144 8 
5 8 8 
5 143 8 144 8 
5 8 8 
5 8 393 8 
5 143 8 144 8 
5 8 8 
5 8 8 
5 8 8 
5 143 8 144 8 
5 8 156 144 8 
5 8 393 8 
5 8 8 
5 8 8 
5 143 8 144 8 
5 8 393 8 
5 143 8 144 8 
5 189 8 144 8 
5 8 8 
5 143 8 144 8 
5 8 168 8 
5 8 8 
5 8 8 
5 8 8 
5 8 8 
5 8 8 
5 8 8 
5 8 8 
5 8 8 
5 8 8 
5 8 8 
5 8 8 
5 8 8 
5 91 6 92 8 8 
5 143 8 144 8 
5 8 8 
5 8 8 
5 8 8 
5 143 8 144 8 
5 8 8 
5 143 8 144 8 
5 143 8 144 8 
5 143 8 144 8 
5 143 8 144 8 
5 8 8 
5 8 8 
5 143 8 144 8 
5 8 8 
5 143 8 144 8 
5 143 8 144 8 
5 8 393 8 
5 91 6 143 8 92 144 8 
5 91 6 92 8 8 
5 91 6 92 8 8 
5 91 6 92 8 8 
5 8 8 
5 143 8 144 8 
5 143 8 144 8 
5 143 8 144 8 
5 143 8 144 8 
5 143 8 144 8 
5 143 8 144 8 
5 143 8 144 8 
5 8 8 
5 8 8 
5 8 8 
5 8 8 
5 8 156 144 8 
5 171 162 8 416 8 
5 171 162 8 416 8 
5 143 8 144 8 
5 143 8 144 8 
5 8 8 
5 8 8 
5 143 8 144 8 
5 143 8 144 8 
5 143 8 144 8 
5 8 8 
5 143 8 144 8 
5 8 8 
5 8 8 
5 8 8 
5 143 8 144 8 
5 143 8 144 8 
5 143 8 144 8 
5 8 8 
5 8 8 
5 8 35 8 
5 8 35 8 
5 585 8 144 8 
5 143 8 144 8 
5 143 8 144 8 
5 8 8 
5 8 393 8 
5 8 8 
5 8 8 
5 143 8 144 8 
5 143 8 144 8 
5 143 8 144 8 
5 8 8 
5 143 8 144 8 
5 143 8 144 8 
5 143 8 144 8 
5 143 8 144 8 
5 8 168 8 
5 8 8 
5 8 8 
5 8 8 
5 8 8 
5 8 8 
5 8 8 
5 8 8 
5 143 8 144 8 
5 143 8 144 8 
5 143 8 144 8 
5 143 8 144 8 
5 143 8 144 8 
5 8 8 
5 8 8 
5 8 8 
5 8 8 
5 8 8 
5 8 8 
5 143 8 144 8 
5 143 8 144 8 
5 143 8 144 8 
5 143 8 144 8 
5 143 8 144 8 
5 162 8 8 
5 143 8 144 8 
5 8 168 8 
5 8 8 
5 8 8 
5 8 8 
5 8 8 
5 143 8 144 8 
5 8 8 
5 8 8 
5 8 8 
5 143 8 144 8 
5 143 8 144 8 
5 8 393 8 
5 8 8 
5 8 8 
5 143 8 144 8 
5 8 8 
5 436 8 8 
5 585 8 144 8 
5 8 8 
5 585 8 144 8 
5 143 8 144 8 
5 143 8 144 8 
5 143 8 144 8 
5 143 8 144 8 
5 8 8 
5 8 8 
5 143 8 144 8 
5 8 8 
5 143 8 144 8 
5 143 8 144 8 
5 143 8 144 8 
5 143 8 144 8 
5 143 8 144 8 
5 8 8 
5 8 168 8 
5 143 8 144 8 
5 8 168 8 
5 143 8 144 8 
5 143 8 144 8 
5 143 8 144 8 
5 143 8 144 8 
5 143 8 144 8 
5 143 8 144 8 
5 143 8 144 8 
5 8 165 8 
5 143 8 144 8 
5 143 8 144 8 
5 143 8 144 8 
5 143 8 144 8 
5 8 8 
5 8 8 
5 8 156 144 8 
5 8 8 
5 8 8 
5 8 8 
5 8 36 122 8 
5 8 8 
5 8 8 
5 8 8 
5 143 8 144 8 
5 143 8 144 8 
5 143 8 144 8 
5 8 8 
5 143 8 144 8 
5 8 156 144 8 
5 8 8 
5 8 168 8 
5 143 8 144 8 
5 8 8 
5 143 8 144 8 
5 143 8 144 8 
5 8 8 
5 8 8 
5 8 393 8 
5 8 8 
5 8 8 
5 8 8 
5 8 8 
5 8 8 
5 143 8 144 8 
5 8 8 
5 8 8 
5 8 8 
5 8 8 
5 8 168 8 
5 8 8 
5 8 8 
5 8 8 
5 143 8 144 8 
5 8 8 
5 8 168 8 
5 8 168 8 
5 143 8 144 8 
5 8 8 
5 8 8 
5 8 8 
5 8 168 8 
5 8 168 8 
5 8 168 8 
5 8 168 8 
5 8 168 8 
5 8 168 8 
5 8 168 8 
5 8 168 8 
5 8 168 8 
5 8 168 8 
5 143 8 144 8 
5 8 8 
5 8 8 
5 8 8 
5 8 8 
5 143 8 144 8 
5 143 8 144 8 
5 143 8 144 8 
5 143 8 144 8 
5 8 8 
5 8 8 
5 8 8 
5 8 8 
5 196 197 143 8 144 8 
5 143 8 144 8 
5 91 6 92 8 8 
5 143 8 144 8 
5 8 8 
5 143 8 144 8 
5 143 8 144 8 
5 143 8 144 8 
5 143 8 144 8 
5 8 8 
5 8 8 
5 143 8 144 8 
5 8 8 
5 8 8 
5 8 8 
5 8 8 
5 8 8 
5 8 8 
5 8 8 
5 8 8 
5 8 8 
5 8 8 
5 8 8 
5 8 8 
5 8 8 
5 8 8 
5 8 8 
5 8 8 
5 8 8 
5 8 8 
5 8 8 
5 8 8 
5 8 8 
5 143 8 144 8 
5 143 8 144 8 
5 388 389 8 142 390 36 8 
5 8 168 8 
5 143 8 144 8 
5 143 8 144 8 
5 143 8 144 8 
5 8 8 
5 8 8 
5 8 8 
5 8 8 
5 8 8 
5 8 8 
5 8 8 
5 8 8 
5 8 8 
5 8 8 
5 8 8 
5 8 8 
5 8 8 
5 8 8 
5 8 8 
5 8 8 
5 8 8 
5 8 8 
5 8 8 
5 8 8 
5 8 8 
5 8 8 
5 8 8 
5 8 8 
5 8 8 
5 8 8 
5 8 8 
5 8 8 
5 8 8 
5 8 8 
5 8 8 
5 8 8 
5 8 8 
5 8 8 
5 8 8 
5 8 8 
5 8 8 
5 8 8 
5 8 8 
5 8 8 
5 8 8 
5 143 8 144 8 
5 8 8 
5 8 8 
5 8 8 
5 8 8 
5 8 8 
5 8 8 
5 8 8 
5 8 8 
5 8 8 
5 8 8 
5 8 8 
5 8 8 
5 8 8 
5 8 8 
5 8 8 
5 8 8 
5 8 8 
5 8 8 
5 8 8 
5 8 8 
5 8 8 
5 8 8 
5 8 8 
5 8 8 
5 8 8 
5 8 8 
5 8 8 
5 8 8 
5 8 8 
5 8 8 
5 8 8 
5 8 8 
5 8 8 
5 8 8 
5 8 8 
5 8 8 
5 8 8 
5 8 8 
5 8 8 
5 8 8 
5 8 8 
5 8 8 
5 8 8 
5 8 8 
5 8 8 
5 8 8 
5 8 8 
5 8 8 
5 8 8 
5 8 8 
5 8 8 
5 8 8 
5 8 8 
5 8 8 
5 8 8 
5 8 8 
5 8 8 
5 8 8 
5 8 8 
5 8 8 
5 8 8 
5 8 8 
5 8 8 
5 8 8 
5 8 8 
5 8 8 
5 8 8 
5 8 8 
5 8 8 
5 8 8 
5 8 8 
5 8 8 
5 8 8 
5 8 8 
5 8 8 
5 8 8 
5 8 8 
5 8 8 
5 8 8 
5 8 8 
5 8 8 
5 8 8 
5 8 8 
5 8 8 
5 8 8 
5 8 8 
5 8 8 
5 8 8 
5 8 8 
5 8 8 
5 8 8 
5 8 8 
5 8 144 8 
5 8 8 
5 8 8 
5 8 8 
5 8 8 
5 8 8 
5 8 8 
5 8 8 
5 8 8 
5 8 8 
5 8 8 
5 8 8 
5 8 8 
5 8 8 
5 8 8 
5 8 8 