5 27 28 21 22 143 8 37 144 24 27 
5 27 28 21 22 143 8 37 144 24 27 
133 27 28 21 22 68 24 27 
133 27 28 21 22 68 24 27 
133 27 28 21 22 68 24 27 
27 28 21 22 68 24 27 
133 27 28 21 22 68 24 27 
133 27 28 21 22 68 24 27 
81 27 28 21 22 82 68 24 27 
133 27 28 21 22 68 24 27 
5 27 28 21 22 143 8 37 144 24 27 
28 27 21 22 27 
5 358 27 28 6 21 61 27 
5 358 27 28 6 21 61 27 
133 27 28 21 22 68 24 27 
133 27 28 21 22 68 24 27 
5 27 28 6 21 22 64 63 475 27 
27 28 21 22 68 24 27 
81 27 28 21 22 82 68 24 27 
81 27 28 21 22 82 68 24 27 
81 27 28 21 22 82 68 24 27 
81 27 28 21 22 82 68 24 27 
27 28 21 22 37 24 27 
5 27 28 21 22 143 8 37 144 24 27 
133 27 28 21 22 68 24 27 
5 27 28 21 22 143 8 37 144 24 27 
27 28 21 22 68 24 27 
28 27 21 22 617 27 
28 27 21 22 617 27 
28 27 21 22 617 27 
27 28 21 22 68 24 27 
27 28 21 22 68 24 27 
27 28 21 22 68 24 27 
27 28 21 22 68 24 27 
256 27 28 21 22 27 
256 27 28 21 22 27 
133 27 28 21 22 68 24 27 
81 27 28 21 22 82 24 27 
81 27 28 21 22 82 24 27 
133 27 28 21 22 68 24 27 
133 27 28 21 22 68 24 27 
28 27 21 22 27 
28 27 21 22 27 
28 27 21 22 27 
28 27 21 22 27 
28 27 21 22 27 
133 27 28 21 22 68 24 27 
133 27 28 21 22 68 24 27 
27 28 21 22 37 24 27 
27 28 21 22 37 24 27 
133 27 28 21 22 68 24 27 
133 27 28 21 22 68 24 27 
81 27 28 21 22 82 24 27 
27 28 21 22 68 24 27 
27 28 21 22 68 24 27 
81 27 28 21 22 82 24 27 
133 27 28 21 22 68 24 27 
133 27 28 21 22 68 24 27 
133 27 28 21 22 68 24 27 
28 27 21 22 27 
28 27 21 22 27 
256 27 28 21 22 263 24 27 
28 27 21 22 27 
5 27 28 21 22 143 8 37 144 24 27 
133 27 28 21 22 68 24 27 
133 27 28 21 22 68 24 27 
27 28 21 22 68 24 27 
27 28 21 22 37 24 27 
133 27 28 21 22 68 24 27 
133 27 28 21 22 68 24 27 
133 27 28 21 22 68 24 27 
354 27 28 21 22 68 24 27 
81 27 28 21 22 82 24 27 
27 28 21 22 68 24 27 
27 28 21 22 68 24 27 
27 28 21 22 68 24 27 
27 28 21 22 68 24 27 
27 28 21 22 68 24 27 
133 27 28 21 22 68 24 27 
5 27 28 21 22 143 8 37 144 24 27 
81 27 28 21 22 82 24 27 
133 27 28 21 22 68 24 27 
27 28 21 22 68 24 27 
133 27 28 21 22 68 24 27 
133 27 28 21 22 68 24 27 
27 28 21 22 68 24 27 
133 27 28 21 22 68 24 27 
27 28 21 22 68 24 27 
27 28 21 22 68 24 27 
27 28 21 22 68 24 27 
27 28 21 22 68 24 27 
27 28 21 22 68 24 27 
27 28 21 22 68 24 27 
27 28 21 22 68 24 27 
133 27 28 21 22 68 24 27 
133 27 28 21 22 68 24 27 
133 27 28 21 22 68 24 27 
133 27 28 21 22 68 24 27 
27 28 21 22 68 24 27 
133 27 28 21 22 68 24 27 
27 28 21 22 68 24 27 
81 27 28 21 22 82 24 27 
81 27 28 21 22 82 24 27 
81 27 28 21 22 82 68 24 27 
81 27 28 21 22 82 68 24 27 
81 27 28 21 22 82 68 24 27 
81 27 28 21 22 82 68 24 27 
81 27 28 21 22 82 68 24 27 
81 27 28 21 22 82 68 24 27 
81 27 28 21 22 82 68 24 27 
81 27 28 21 22 82 24 27 
81 27 28 21 22 82 24 27 
27 28 21 22 68 24 27 
133 27 28 21 22 68 24 27 
133 27 28 21 22 68 24 27 
133 27 28 21 22 68 24 27 
256 27 28 21 22 68 24 27 
256 27 28 21 22 68 24 27 
5 27 28 21 22 143 8 37 144 24 27 
27 28 21 22 68 24 27 
27 28 21 22 68 24 27 
27 28 21 22 68 24 27 
27 28 21 22 68 24 27 
27 28 21 22 68 24 27 
27 28 21 22 469 27 
27 28 21 22 469 27 
81 27 28 21 22 82 24 27 
5 27 28 21 22 143 8 37 144 24 27 
27 28 21 22 37 24 27 
133 27 28 21 22 68 24 27 
28 27 21 22 617 27 
133 27 28 21 22 68 24 27 
133 27 28 21 22 68 24 27 
133 27 28 21 22 68 24 27 
5 27 28 21 22 143 8 37 144 24 27 
27 28 21 22 68 24 27 
133 27 28 21 22 68 24 27 
27 28 21 22 37 24 27 
133 27 28 21 22 68 24 27 
27 28 21 22 37 24 27 
27 28 21 22 37 24 27 
27 28 21 22 37 24 27 
27 28 21 22 37 24 27 
27 28 21 22 68 24 27 
27 28 21 22 68 24 27 
27 28 21 22 68 24 27 
354 27 28 21 22 68 24 27 
5 27 28 21 22 143 8 37 144 24 27 
5 27 28 21 22 143 8 37 144 24 27 
133 27 28 21 22 68 24 27 
171 5 28 27 21 22 162 8 172 27 
81 27 28 21 22 82 24 27 
133 27 28 21 22 68 24 27 
28 27 21 22 496 27 
28 27 21 22 546 27 
28 27 21 22 203 27 
5 27 28 6 21 61 27 
28 109 27 21 22 364 80 27 
28 27 21 22 27 
28 27 21 22 27 
27 28 21 22 546 24 27 
28 27 21 22 617 27 
28 27 21 22 27 
28 27 21 22 496 27 
256 27 28 21 22 27 
27 28 21 22 24 27 
28 27 21 22 27 
28 27 21 22 27 
28 27 21 22 617 27 
28 27 21 22 27 
28 27 21 22 27 
28 27 21 22 68 24 27 
28 27 21 22 27 
256 27 28 21 22 27 
5 28 27 6 21 63 22 618 27 
28 27 21 22 27 
28 27 21 22 27 
28 27 21 22 80 79 27 
28 27 21 22 27 
28 27 21 22 254 36 27 
28 27 21 22 27 
28 27 21 22 27 
5 28 27 6 21 63 22 27 
28 27 21 22 617 27 
28 27 21 22 27 
28 27 21 22 27 
28 27 21 22 546 27 
28 27 21 22 546 27 
28 27 21 22 27 
28 27 21 22 27 
28 27 21 22 546 27 
28 27 21 22 27 
28 27 21 22 496 27 
28 27 21 22 27 
5 27 28 6 21 27 
28 27 21 22 27 
28 27 21 22 106 508 27 
28 27 21 22 27 
27 28 21 22 24 27 
28 27 21 22 27 
28 27 21 22 27 
27 28 21 22 27 
28 27 21 22 496 27 
28 27 21 22 546 27 
28 27 21 22 27 
28 27 21 22 27 
28 27 21 22 27 
28 27 21 22 27 
27 28 21 22 24 27 
28 27 21 22 546 27 
28 27 21 22 68 24 496 27 
28 27 21 22 617 27 
5 27 28 6 21 63 22 618 27 
5 28 27 21 22 8 617 27 
28 27 21 22 689 27 
28 27 21 22 617 27 
28 27 21 22 27 
28 27 21 22 27 
27 28 21 22 617 27 
256 27 28 21 22 27 
27 28 21 22 27 
28 27 21 22 617 27 
28 27 21 22 496 27 
28 27 21 22 106 508 27 
28 27 21 22 546 27 
28 27 21 22 546 27 
28 27 21 22 27 
5 62 27 28 6 21 63 27 
28 27 21 22 27 
28 27 21 22 27 
5 62 28 27 6 21 22 63 27 
28 27 21 22 27 
28 27 21 22 27 
5 28 27 6 21 63 22 618 27 
5 28 27 6 21 22 64 63 546 27 
28 27 21 22 689 27 
28 27 21 22 27 
256 27 28 21 22 27 
133 27 28 21 22 68 24 27 
133 27 28 21 22 68 24 27 
28 27 21 22 27 
28 27 21 22 27 
28 27 21 22 27 
28 27 21 22 27 
28 27 21 22 27 
28 27 21 22 27 
28 27 21 22 203 27 
28 27 21 22 27 
28 27 21 22 27 
256 27 28 21 22 27 
5 28 27 6 21 22 27 
133 27 28 21 22 68 24 27 
133 27 28 21 22 68 24 27 
256 27 28 21 22 27 
28 27 21 22 683 684 27 
28 27 21 22 546 27 
133 27 28 21 22 68 24 27 
28 27 21 22 27 
27 28 21 36 27 
27 28 21 22 68 24 27 
133 27 28 21 22 68 24 27 
28 109 27 21 22 364 80 110 27 
28 27 21 22 548 106 68 24 27 
28 27 21 22 548 106 68 24 27 
28 27 21 22 548 106 68 24 27 
28 27 21 22 548 106 68 24 27 
133 27 28 21 22 68 24 27 
133 27 28 21 22 68 24 27 
133 27 28 21 22 68 24 27 
28 109 27 21 22 364 80 27 
133 27 28 21 22 68 24 27 
133 27 28 21 22 68 24 27 
133 27 28 21 22 68 24 27 
133 27 28 21 22 68 24 27 
27 28 21 22 68 24 27 
28 27 21 22 27 
28 27 21 22 27 
27 28 21 22 68 24 27 
133 27 28 21 22 68 24 27 
133 27 28 21 22 68 24 27 
27 28 21 22 68 24 27 
81 27 28 21 22 82 24 27 
133 27 28 21 22 68 24 27 
27 28 21 22 473 11 10 27 
5 27 28 21 22 143 8 37 144 24 27 
27 28 21 22 68 24 27 
133 27 28 21 22 68 24 27 
5 48 27 28 6 21 61 27 
27 28 21 509 22 475 27 
81 27 28 21 22 82 24 27 
5 27 28 21 11 10 125 27 
27 28 21 22 68 24 27 
28 27 21 22 617 27 
28 27 21 22 617 27 
27 28 21 22 68 24 27 
28 27 21 22 27 
28 27 21 22 27 
133 27 28 21 22 68 24 27 
133 27 28 21 22 68 24 27 
133 27 28 21 22 68 24 27 
133 27 28 21 22 68 24 27 
133 27 28 21 22 68 24 27 
81 27 28 21 22 82 24 27 
81 27 28 21 22 82 24 27 
81 27 28 21 22 82 24 27 
28 27 21 22 27 
133 27 28 21 22 68 24 27 
133 27 28 21 22 68 24 27 
133 27 28 21 22 68 24 27 
133 27 28 21 22 68 24 27 
133 27 28 21 22 68 24 27 
28 27 21 22 617 27 
354 27 28 21 22 68 24 27 
28 27 21 22 496 27 
28 27 21 22 496 27 
28 27 21 22 496 27 
27 28 21 22 68 24 27 
133 27 28 21 22 68 24 27 
81 27 28 21 22 82 24 27 
27 28 21 22 68 24 27 
256 27 28 21 509 22 27 
256 27 28 21 509 22 27 
28 27 21 22 27 
27 28 21 22 37 24 27 
27 28 21 22 37 24 27 
28 27 21 22 68 24 27 
28 27 21 22 68 24 27 
133 27 28 21 22 68 24 27 
27 28 21 22 68 24 27 
27 28 21 22 68 24 27 
28 27 21 22 27 
27 28 21 22 68 24 27 
27 28 21 22 68 24 27 
256 27 28 21 22 27 
27 28 21 473 11 10 27 
27 28 21 473 11 10 27 
5 27 28 6 21 27 
133 27 28 21 22 68 24 27 
133 27 28 21 22 68 24 27 
81 27 28 21 22 82 24 27 
756 27 28 21 10 11 125 27 
756 27 28 21 10 11 125 27 
28 27 21 22 111 80 27 
5 28 27 21 22 617 27 
133 27 28 21 22 68 24 27 
28 27 21 22 27 
81 27 28 21 22 82 24 27 
28 27 21 22 546 27 
28 27 21 22 546 27 
133 27 28 21 22 68 24 27 
133 27 28 21 22 68 24 27 
27 28 21 22 68 24 27 
27 28 21 22 68 24 27 
28 109 27 21 22 80 110 27 
28 27 21 22 27 
28 27 21 22 27 
133 27 28 21 22 68 24 27 
27 28 21 617 27 
5 27 28 21 8 27 
27 28 21 22 68 24 27 
27 28 21 22 469 27 
81 27 28 21 22 82 24 27 
27 28 21 22 68 24 27 
133 27 28 21 22 68 24 27 
133 27 28 21 22 68 24 27 
133 27 28 21 22 68 24 27 
28 27 21 22 617 27 
81 27 28 21 22 82 24 27 
27 28 21 27 
27 28 21 22 68 24 27 
133 27 28 21 22 68 24 27 
354 27 28 21 22 68 24 27 
354 27 28 21 22 68 24 27 
81 27 28 21 22 82 24 27 
133 27 28 21 22 68 24 27 
28 27 21 22 659 27 
27 28 21 22 68 24 27 
5 28 27 21 22 80 79 27 
28 27 21 22 111 80 27 
81 27 28 21 22 82 24 27 
28 27 21 22 617 27 
28 27 21 22 617 27 
81 27 28 21 22 82 24 27 
27 28 21 549 22 24 27 
133 27 28 21 22 68 24 27 
27 28 21 22 68 24 27 
28 27 21 22 27 
28 27 21 22 27 
256 27 28 21 22 27 
28 27 21 22 27 
133 354 27 28 21 22 68 24 27 
28 27 21 22 27 
133 27 28 21 22 68 24 27 
133 27 28 21 22 68 24 27 
256 27 28 21 22 68 24 27 
27 28 21 22 68 24 27 
256 27 28 21 22 27 
133 27 28 21 22 68 24 27 
28 27 21 22 27 
28 27 21 22 27 
133 27 28 21 22 68 24 27 
5 28 27 21 22 617 27 
5 28 27 21 22 617 27 
28 27 21 22 617 27 
27 28 21 22 68 24 27 
28 27 21 22 688 80 79 27 
133 27 28 21 22 68 24 27 
28 27 21 509 22 266 27 
28 27 21 22 27 
28 27 21 22 27 
27 28 21 22 24 27 
27 28 21 22 24 27 
133 27 28 21 22 68 24 27 
27 28 21 22 68 24 27 
133 27 28 21 22 68 24 27 
133 27 28 21 22 68 24 27 
28 27 21 22 111 80 27 
27 28 21 22 24 27 
27 28 21 22 24 27 
133 27 28 21 22 68 24 27 
133 27 28 21 22 68 24 27 
354 27 28 21 22 68 24 27 
28 27 21 22 27 
133 27 28 21 22 68 24 27 
28 27 21 22 617 27 
354 27 28 21 22 68 24 27 
5 27 28 21 8 27 
5 48 27 28 6 21 27 
27 28 21 22 68 24 27 
27 28 21 22 68 24 27 
354 27 28 21 22 68 24 27 
27 28 21 22 68 24 27 
27 28 21 22 475 27 
27 28 21 549 22 24 27 
27 28 21 22 68 24 27 
5 27 28 6 21 63 27 
27 28 21 22 68 24 27 
27 28 21 22 68 24 27 
28 27 21 22 27 
28 27 21 22 27 
28 27 21 22 111 80 27 
28 27 21 22 111 80 27 
28 27 21 22 111 80 27 
27 28 21 22 68 24 27 
27 28 21 22 808 27 
133 27 28 21 22 68 24 27 
28 27 21 22 27 
133 27 28 21 22 68 24 27 
28 27 21 22 203 27 
28 27 21 22 106 508 27 
133 27 28 21 22 68 24 27 
5 62 27 28 6 21 63 27 
28 27 21 22 617 27 
27 28 21 22 475 27 
28 27 21 22 111 80 27 
27 28 21 22 659 27 
5 28 27 21 22 101 8 27 
28 27 21 22 27 
28 27 21 22 27 
133 27 28 21 22 68 24 27 
28 27 21 22 546 27 
28 27 21 22 27 
28 27 21 22 111 80 27 
27 28 21 27 
28 27 21 22 27 
28 27 21 22 27 
27 28 21 22 68 24 27 
28 27 21 22 27 
28 27 21 22 27 
28 27 21 22 27 
28 27 21 22 27 
28 27 21 22 27 
28 27 21 22 27 
81 27 28 21 22 82 24 27 
28 27 21 22 617 27 
27 28 21 22 617 24 27 
28 27 21 22 496 27 
27 28 21 22 24 27 
28 27 21 22 68 24 27 
27 28 21 22 68 24 27 
28 27 21 22 27 
28 27 21 22 617 27 
28 27 21 22 106 508 27 
28 27 21 22 27 
28 27 21 22 546 835 203 27 
28 27 21 22 617 27 
28 27 21 22 546 27 
28 27 21 22 27 
28 27 21 22 27 
27 28 21 22 68 24 27 
28 27 21 22 80 79 27 
28 27 21 22 659 27 
28 27 21 22 546 27 
133 27 28 21 22 68 24 27 
28 27 21 22 203 27 
27 28 21 22 68 24 27 
28 27 21 22 27 
28 27 21 22 27 
28 27 21 22 27 
27 28 21 22 68 24 27 
28 27 21 22 27 
28 27 21 22 27 
27 28 21 22 68 24 27 
28 27 21 22 27 
27 28 21 511 27 
28 27 21 22 617 27 
28 27 21 22 617 27 
27 28 21 22 68 24 27 
27 28 21 22 68 24 27 
28 27 21 22 27 
28 27 21 22 27 
28 27 21 22 111 80 27 
28 27 21 22 617 27 
28 27 21 22 27 
133 27 28 21 22 68 24 27 
28 27 21 22 617 27 
28 27 21 22 617 27 
27 28 21 22 27 
28 109 27 21 22 80 110 27 
28 27 21 22 27 
28 109 27 21 22 364 80 27 
28 27 21 22 496 27 
28 27 21 22 27 
28 27 21 22 27 
28 27 21 22 496 27 
5 28 27 6 21 22 61 626 27 
27 28 21 603 22 24 27 
27 28 21 22 68 24 27 
28 27 21 22 27 
28 27 21 22 617 27 
28 27 21 22 27 
28 27 21 22 27 
28 27 21 603 22 27 
28 27 21 603 22 27 
28 27 21 22 27 
28 27 21 22 203 27 
28 115 116 27 21 22 117 27 
28 27 21 509 22 27 
27 28 104 21 22 68 24 27 
28 27 21 22 27 
28 27 21 22 27 
28 27 21 22 436 27 
5 28 27 21 22 8 27 
27 28 21 22 473 11 10 24 27 
171 5 27 28 21 22 162 8 172 68 24 27 
27 28 21 22 68 24 27 
28 27 21 22 68 24 27 
5 28 27 6 21 63 22 618 27 
27 28 21 22 68 24 27 
28 27 21 22 27 
28 27 21 22 27 
28 27 21 22 27 
28 27 21 22 203 27 
27 28 21 22 24 27 
28 27 21 22 27 
28 27 21 22 617 27 
5 27 28 21 22 8 27 
28 27 21 603 22 27 
27 28 21 27 
28 27 21 22 27 
28 27 21 22 27 
28 27 21 22 27 
28 27 21 22 27 
28 27 21 22 106 508 27 
28 27 21 22 27 
5 62 27 28 6 21 63 27 
28 27 21 22 68 24 27 
28 109 27 21 22 364 80 27 
28 27 21 22 27 
28 27 21 22 27 
28 27 21 22 27 
28 27 21 22 548 106 24 27 
28 27 21 22 617 27 
171 5 28 27 21 22 162 8 172 106 508 27 
28 27 21 22 27 
472 28 109 27 21 22 80 79 27 
28 27 21 22 27 
28 27 21 22 546 496 27 
28 27 21 22 689 27 
27 28 104 21 22 68 24 27 
28 27 21 22 27 
28 27 21 22 27 
28 27 21 22 496 27 
28 27 21 22 68 24 27 
472 28 109 27 21 22 80 27 
28 27 21 22 27 
28 27 21 22 27 
28 27 21 22 27 
28 27 21 22 27 
28 27 21 22 27 
28 27 21 22 27 
28 27 21 22 496 27 
28 27 21 22 546 27 
28 27 21 22 27 
28 27 21 22 27 
28 27 21 22 27 
27 28 21 22 808 27 
28 27 21 22 27 
28 27 21 22 68 24 27 
28 27 21 22 496 27 
28 27 21 22 27 
28 27 21 22 835 203 27 
28 27 21 22 27 
27 28 21 22 546 24 27 
28 27 21 22 27 
28 27 21 22 68 24 27 
5 28 27 6 21 22 61 27 
27 28 21 22 24 27 
27 28 21 22 24 27 
28 27 21 22 27 
28 27 21 22 27 
28 27 21 22 496 27 
28 27 21 22 546 27 
256 27 28 21 22 27 
27 28 104 21 22 68 24 27 
28 27 21 22 546 27 
28 27 21 22 27 
28 27 21 22 27 
28 27 21 22 68 546 24 27 
28 27 21 22 27 
28 27 21 22 27 
28 27 21 22 546 27 
27 28 21 22 68 24 27 
28 27 21 22 27 
28 27 21 22 27 
28 27 21 22 27 
28 27 21 22 27 
28 27 21 22 80 79 27 
28 27 21 22 27 
28 27 21 22 80 79 27 
28 27 21 22 27 
28 109 27 21 22 364 80 27 
28 27 21 22 496 27 
28 27 21 22 27 
28 27 21 22 496 27 
28 27 21 22 617 27 
28 27 21 22 27 
256 27 28 21 22 27 
256 27 28 21 22 27 
28 27 21 22 27 
28 27 21 22 496 27 
28 27 21 22 27 
28 27 21 22 27 
28 27 21 22 546 27 
28 27 21 22 27 
28 27 21 22 79 80 27 
28 27 21 22 79 80 27 
28 27 21 22 27 
28 27 21 22 546 27 
28 27 21 22 27 
5 62 28 27 6 21 22 63 27 
28 27 21 22 27 
28 27 21 22 27 
28 27 21 22 27 
28 27 21 22 27 
27 28 21 22 24 27 
28 27 21 22 27 
28 27 21 22 27 
358 5 28 27 6 21 22 61 27 
28 27 21 22 617 27 
28 27 21 22 27 
28 27 21 22 27 
28 27 21 22 27 
28 27 21 22 27 
5 27 28 21 22 143 8 37 144 24 27 
28 27 21 22 546 27 
28 27 21 22 546 27 
28 27 21 22 27 
27 28 104 21 22 68 24 27 
28 27 21 22 27 
27 28 21 27 
28 27 21 22 80 79 27 
28 27 21 22 617 27 
27 28 21 22 68 24 27 
28 27 21 22 27 
28 27 21 22 27 
28 27 21 22 27 
28 27 21 22 27 
28 27 21 22 80 79 27 
28 27 21 22 27 
28 27 21 22 27 
28 27 21 22 27 
171 5 28 27 21 22 162 8 172 27 
28 27 21 22 617 27 
28 27 21 22 27 
28 27 21 22 27 
28 27 21 22 496 27 
91 5 28 27 6 21 22 92 27 
28 27 21 22 27 
28 27 21 22 27 
28 27 21 22 27 
28 27 21 22 27 
28 27 21 22 27 
28 27 21 22 27 
28 27 21 22 27 
28 27 21 22 617 27 
28 27 21 22 496 27 
28 27 21 22 546 27 
256 27 28 21 22 27 
256 27 28 21 22 27 
28 27 21 22 27 
5 28 27 6 21 63 22 618 27 
28 27 21 22 68 24 27 
28 27 21 22 617 27 
256 27 28 21 22 27 
28 27 21 22 27 
28 27 21 22 617 27 
28 27 21 22 27 
256 27 28 21 22 27 
28 27 21 22 27 
28 27 21 22 546 27 
28 27 21 22 27 
28 27 21 22 27 
28 27 21 22 389 390 672 203 27 
27 28 21 27 
27 28 21 27 
27 28 21 27 
27 28 21 27 
27 28 21 27 
27 28 21 27 
28 27 21 22 27 
28 27 21 22 27 
28 27 21 22 27 
28 27 21 22 27 
28 27 21 22 27 
28 27 21 22 27 
28 27 21 22 27 
28 27 21 22 27 
28 27 21 22 27 
28 27 21 22 27 
28 27 21 22 27 
27 28 21 22 68 24 27 
5 28 27 6 21 63 22 618 27 
133 27 28 21 22 68 24 27 
133 27 28 21 22 68 24 27 
133 27 28 21 22 68 24 27 
28 27 21 22 27 
28 27 21 22 659 27 
28 27 21 22 27 
133 27 28 21 22 68 24 27 
472 28 109 27 21 22 80 79 27 
28 27 21 22 111 80 27 
109 28 27 21 22 24 80 110 27 
28 27 21 22 68 546 24 27 
133 27 28 21 22 68 24 27 
133 27 28 21 22 68 24 27 
256 27 28 21 22 27 
109 28 27 21 22 24 80 110 27 
28 27 21 22 27 
28 27 21 22 27 
28 27 21 22 27 
81 27 28 21 22 82 24 27 
28 27 21 22 68 24 27 
5 27 28 21 8 27 
28 27 21 22 548 106 68 24 27 
5 27 28 6 21 61 27 
133 27 28 21 22 68 24 27 
28 27 21 22 27 
27 28 21 27 
27 28 21 22 68 24 27 
27 28 21 22 68 24 27 
28 27 21 22 27 
133 27 28 21 22 68 24 27 
133 27 28 21 22 68 24 27 
28 27 21 22 27 
28 27 21 22 496 27 
28 27 21 22 27 
5 27 28 6 21 63 27 
28 27 21 22 546 27 
5 27 28 6 21 61 27 
28 27 21 22 27 
28 27 21 22 27 
27 28 104 21 22 68 24 27 
5 62 27 28 6 21 63 27 
28 27 21 22 80 79 27 
5 28 27 6 21 22 111 80 27 
28 27 21 22 80 79 27 
161 27 28 21 27 
28 27 21 22 111 80 27 
28 27 21 22 617 27 
28 27 21 22 617 27 
28 27 21 22 617 27 
28 27 21 22 27 
28 27 21 22 203 27 
28 27 21 22 203 27 
27 28 21 27 
28 27 21 22 27 
28 27 21 22 546 80 79 27 
109 28 27 21 22 68 24 80 110 27 
28 27 21 22 27 
28 27 21 22 27 
28 27 21 22 27 
109 28 27 21 22 24 80 110 27 
28 27 21 22 617 27 
27 28 21 22 68 24 27 
28 27 21 22 617 27 
27 28 21 22 24 27 
27 28 21 27 
27 28 21 22 90 27 
28 27 21 22 27 
256 28 27 21 22 203 27 
27 28 21 22 24 27 
133 27 28 21 22 68 24 27 
133 27 28 21 22 68 24 27 
28 27 21 22 617 27 
28 27 21 509 22 27 
28 27 21 22 27 
28 27 21 22 496 27 
28 27 21 22 203 27 
28 27 21 22 27 
27 28 384 21 254 36 407 27 
28 27 21 22 27 
28 27 21 22 27 
27 28 21 22 68 24 27 
133 27 28 21 22 68 24 27 
28 27 21 22 496 27 
28 27 21 22 27 
28 27 21 22 617 27 
27 28 21 22 473 11 10 27 
28 27 21 22 27 
28 27 21 22 496 27 
27 28 21 22 24 27 
27 28 21 22 68 24 27 
27 28 21 22 263 68 24 27 
28 27 21 22 617 27 
28 27 21 22 617 27 
27 28 21 22 68 24 27 
472 28 109 27 21 22 80 27 
28 27 21 22 203 27 
28 27 21 22 106 508 27 
28 27 21 22 27 
5 28 27 6 21 63 22 618 27 
28 27 21 22 27 
28 27 21 22 617 27 
5 28 27 6 21 63 22 618 27 
5 28 27 6 21 63 22 618 27 
28 27 21 603 22 27 
27 28 21 22 90 496 27 
28 27 21 22 27 
27 28 21 22 90 27 
27 28 21 22 68 24 27 
28 27 21 22 617 27 
27 28 21 509 22 24 27 
5 28 27 21 22 27 
28 109 27 21 22 364 80 27 
28 27 21 22 617 27 
28 27 21 22 27 
28 27 21 22 27 
256 27 28 21 384 22 254 36 407 27 
28 27 21 22 617 27 
28 27 21 22 27 
28 27 21 22 546 27 
109 28 27 21 22 24 80 110 27 
28 27 21 22 546 27 
28 27 21 22 27 
28 27 21 22 27 
27 28 21 22 24 27 
28 27 21 22 27 
28 27 21 22 106 508 203 27 
28 27 21 22 27 
28 27 21 22 27 
27 28 21 22 68 24 27 
133 27 28 21 22 68 24 27 
27 28 21 22 68 24 27 
28 27 21 22 617 27 
27 28 21 22 68 24 27 
27 28 21 22 68 24 27 
133 27 28 21 22 68 24 27 
28 27 21 22 617 27 
27 28 21 22 68 24 27 
27 28 21 22 68 24 27 
27 28 21 22 68 24 27 
5 62 28 27 6 21 22 63 27 
28 27 21 22 27 
27 28 21 22 68 24 27 
27 28 21 22 68 24 27 
354 27 28 21 22 68 24 27 
28 27 21 22 617 27 
28 27 21 22 27 
28 27 21 22 27 
5 62 28 27 6 21 63 22 27 
28 27 21 22 27 
5 91 27 28 6 21 61 27 
28 27 21 22 27 
28 27 21 22 27 
28 27 21 22 496 27 
28 27 21 22 496 27 
28 27 21 22 27 
28 27 21 22 27 
28 27 21 22 27 
28 27 21 22 617 27 
28 27 21 22 617 27 
28 27 21 22 27 
28 27 21 22 106 508 27 
256 27 28 21 22 27 
256 27 28 21 22 27 
27 28 21 22 469 27 
27 28 21 22 68 24 27 
28 27 21 22 27 
28 27 21 22 27 
28 27 21 22 27 
27 28 21 22 475 27 
28 27 21 22 27 
28 27 21 22 27 
28 27 21 22 27 
28 27 21 22 546 27 
28 27 21 22 546 27 
27 28 21 22 27 
27 28 21 22 27 
28 27 21 22 546 27 
5 28 27 21 22 27 
27 28 21 22 24 27 
28 27 21 22 835 203 27 
28 27 21 22 835 203 27 
28 115 116 27 21 22 117 27 
256 27 28 21 22 27 
256 27 28 21 22 27 
133 27 28 21 22 68 24 27 
28 27 21 22 617 27 
28 27 21 22 27 
28 27 21 22 27 
256 27 28 21 22 27 
28 27 21 22 106 508 27 
5 28 27 6 21 63 22 618 27 
28 27 21 22 656 27 
91 5 28 109 27 6 21 22 92 364 80 27 
28 27 21 22 27 
28 27 21 22 617 27 
28 27 21 22 106 508 27 
27 28 21 22 68 24 27 
28 27 21 22 27 
28 27 21 22 27 
28 27 21 22 27 
5 28 27 6 21 22 64 63 27 
28 27 21 22 27 
5 28 27 6 21 63 22 618 27 
28 27 21 22 496 27 
28 27 21 22 27 
28 27 21 22 254 36 27 
28 27 21 22 254 36 27 
28 27 21 22 27 
27 28 21 22 24 496 27 
28 27 21 22 27 
28 27 21 22 80 79 27 
28 27 21 22 80 79 27 
28 27 21 22 27 
28 27 21 22 27 
256 27 28 21 22 27 
28 27 21 22 27 
28 27 21 22 106 508 27 
28 27 21 22 106 508 27 
28 27 21 22 27 
5 62 28 27 6 21 22 63 27 
28 27 21 22 27 
28 27 21 22 106 508 27 
28 27 21 22 266 27 
28 27 21 22 266 27 
91 5 28 27 6 21 22 92 27 
5 28 27 6 21 63 22 618 27 
173 118 28 27 21 22 36 27 
28 27 21 22 548 106 27 
28 27 21 22 68 24 27 
171 5 28 27 21 22 162 8 172 617 27 
28 27 21 22 360 80 79 27 
28 27 21 22 360 80 79 27 
28 27 21 22 27 
28 27 21 22 689 27 
27 28 21 22 469 27 
28 27 21 22 203 27 
28 27 21 22 27 
5 28 27 6 21 63 22 618 27 
28 27 21 22 203 27 
28 27 21 22 27 
28 27 21 22 546 27 
28 27 21 22 27 
28 27 21 22 27 
28 27 21 22 27 
28 27 21 22 80 79 27 
27 28 21 22 24 496 27 
28 27 21 22 80 79 27 
28 27 21 22 27 
28 27 21 22 27 
28 27 21 22 27 
28 27 21 22 27 
27 28 21 22 37 24 27 
27 28 21 22 37 24 27 
28 27 21 22 27 
28 27 21 22 27 
5 28 27 6 21 63 22 618 27 
28 27 21 22 27 
28 27 21 22 203 27 
27 28 21 509 22 24 27 
28 27 21 22 27 
28 27 21 22 27 
28 27 21 22 546 27 
358 5 27 28 6 21 22 61 27 
27 28 21 22 68 24 27 
28 27 21 22 27 
28 27 21 22 546 27 
256 27 28 21 22 27 
28 27 21 22 27 
27 28 21 22 24 27 
28 27 21 22 27 
28 27 21 22 546 27 
28 27 21 22 27 
28 27 21 22 27 
5 28 27 21 22 8 35 27 
28 27 21 22 27 
28 27 21 22 617 27 
27 28 104 21 22 68 24 27 
5 28 27 6 21 63 22 618 27 
27 28 21 22 24 27 
28 27 21 22 27 
28 27 21 22 27 
27 28 21 22 469 27 
28 27 21 22 68 24 27 
28 27 21 22 27 
28 27 21 22 27 
28 27 21 22 27 
28 27 21 22 106 508 27 
28 27 21 22 27 
28 27 21 22 546 27 
28 27 21 22 27 
28 27 21 22 27 
28 27 21 22 27 
28 27 21 22 27 
27 28 21 22 24 27 
28 27 21 22 27 
28 27 21 22 27 
28 27 21 22 27 
28 27 21 22 27 
28 27 21 22 27 
28 27 21 22 142 36 27 
27 28 21 22 68 24 27 
28 27 21 22 546 27 
133 27 28 21 22 68 24 27 
28 27 21 22 27 
28 27 21 22 617 27 
28 109 27 21 22 364 80 27 
28 27 21 22 617 27 
28 27 21 22 27 
28 27 21 22 27 
28 27 21 509 22 27 
28 27 21 22 27 
5 28 27 6 21 63 22 618 27 
28 27 21 22 496 27 
28 27 21 22 80 79 27 
28 27 21 22 80 79 27 
28 27 21 22 27 
28 27 21 22 203 27 
28 27 104 21 22 68 111 24 80 27 
28 27 21 254 22 36 255 27 
28 27 21 22 68 24 27 
28 27 21 22 27 
28 27 21 22 27 
28 27 21 22 27 
28 27 21 22 27 
28 27 21 22 546 27 
28 27 21 22 27 
28 27 21 22 203 27 
5 62 28 27 6 21 22 63 27 
28 27 21 22 27 
28 27 21 22 111 80 27 
28 27 21 22 27 
27 28 21 22 27 
27 28 21 22 27 
28 27 21 22 27 
256 27 28 21 22 27 
28 27 21 22 27 
28 27 21 22 27 
28 27 21 22 496 27 
28 27 21 22 689 27 
28 27 21 22 27 
28 27 21 22 546 27 
28 27 21 22 27 
256 27 28 21 22 27 
28 109 27 21 22 364 80 27 
28 27 21 22 617 27 
27 28 21 22 68 24 27 
28 27 21 22 27 
28 27 21 22 27 
28 27 21 22 27 
28 27 21 22 27 
28 27 21 22 27 
28 27 21 22 496 27 
28 27 21 22 683 684 27 
28 27 21 22 27 
28 27 21 22 27 
28 27 21 254 22 36 255 27 
28 27 21 22 27 
161 28 27 21 22 27 
5 28 27 6 21 22 23 27 
27 28 21 22 27 
28 27 21 22 27 
28 27 21 22 27 
28 27 21 22 203 27 
28 27 21 22 203 27 
5 62 28 27 6 21 22 63 27 
28 27 21 22 27 
28 27 21 22 27 
28 27 21 22 546 27 
28 27 21 22 27 
5 28 27 21 22 8 27 
28 27 21 22 617 27 
28 27 21 22 683 684 27 
28 115 116 27 21 22 117 27 
28 27 21 22 496 27 
28 27 21 22 27 
28 27 21 22 27 
28 27 21 22 142 36 27 
28 27 21 22 27 
28 27 21 22 36 27 
28 27 21 22 27 
28 27 21 22 683 684 27 
28 27 21 22 27 
28 27 21 22 27 
5 27 28 6 21 63 27 
28 27 21 22 27 
28 27 21 22 27 
28 27 21 22 27 
28 27 21 22 27 
256 27 28 21 22 68 24 27 
5 28 27 6 21 22 64 63 27 
28 27 21 22 68 24 27 
28 27 21 22 689 27 
5 28 27 21 22 8 27 
28 27 21 22 546 27 
256 27 28 21 22 27 
27 28 104 21 22 68 24 27 
27 28 21 27 
28 27 21 22 27 
28 27 21 22 27 
27 28 21 27 
28 27 21 22 27 
28 27 21 22 27 
28 27 21 22 106 508 27 
5 27 28 6 21 63 27 
28 27 21 22 27 
27 28 104 21 22 68 24 27 
28 27 21 22 617 27 
28 27 21 22 68 546 24 27 
28 27 21 22 617 27 
28 27 21 22 254 36 27 
28 27 21 22 689 27 
28 27 21 22 27 
28 27 21 22 27 
28 27 21 22 27 
28 27 21 22 27 
28 27 21 22 80 79 27 
27 28 21 27 
27 28 21 27 
28 27 21 22 27 
28 27 21 22 27 
28 27 21 22 111 80 27 
28 27 21 22 27 
28 27 21 22 27 
28 27 21 22 27 
28 27 21 22 68 24 27 
28 27 21 22 106 508 27 
28 27 21 22 617 27 
27 28 384 21 254 36 407 27 
27 28 21 27 
5 27 28 21 27 
109 28 27 21 22 24 80 110 27 
109 28 27 21 22 24 80 110 27 
28 27 21 22 27 
28 27 21 22 111 80 27 
28 27 21 22 203 27 
28 27 21 22 27 
27 28 21 22 24 496 27 
133 27 28 21 22 68 24 27 
5 27 28 6 21 22 90 27 
5 27 28 6 21 63 22 618 24 27 
28 27 21 22 106 508 27 
27 28 21 27 
28 27 21 22 617 27 
28 27 21 22 27 
27 28 21 22 27 
28 27 21 22 27 
28 27 21 22 27 
28 27 21 22 106 508 27 
28 27 21 22 27 
28 27 21 22 27 
28 27 21 22 617 27 
27 28 21 27 
27 28 21 22 68 24 27 
28 27 21 22 106 508 27 
28 27 21 22 106 508 203 27 
28 27 21 22 283 27 
28 27 21 22 689 27 
28 27 21 22 548 689 106 27 
256 27 28 21 22 27 
28 27 21 22 27 
28 27 21 22 27 
133 27 28 21 22 68 24 27 
28 27 21 22 617 27 
28 27 21 509 22 266 27 
28 27 21 22 27 
28 27 21 22 546 27 
28 27 21 22 203 27 
27 28 21 22 27 
28 27 21 22 203 27 
28 27 21 22 27 
28 27 21 22 27 
28 27 21 22 27 
28 27 21 22 203 27 
28 27 21 22 27 
28 27 21 22 27 
28 27 21 22 546 27 
133 27 28 21 22 68 24 27 
109 28 27 21 22 24 80 110 27 
28 27 21 22 27 
28 27 21 22 27 
28 27 21 22 27 
28 27 21 22 546 27 
28 27 21 22 546 27 
472 28 109 27 21 22 80 79 27 
28 27 21 22 27 
28 27 21 22 27 
27 28 21 22 469 27 
28 27 21 22 27 
28 27 21 22 27 
28 27 21 22 27 
28 27 21 22 496 27 
28 27 21 22 617 27 
27 28 21 22 24 27 
5 62 28 27 6 21 22 63 27 
28 27 21 22 27 
28 27 21 22 27 
27 28 21 22 24 27 
28 27 21 22 689 27 
28 27 21 22 546 27 
27 28 21 22 68 24 27 
28 27 21 22 27 
5 28 27 6 21 63 22 618 27 
28 27 21 22 496 27 
28 27 21 22 617 27 
28 27 21 22 27 
28 27 21 22 27 
28 27 21 22 27 
256 27 28 21 22 27 
28 27 21 22 27 
28 27 21 22 27 
28 27 21 22 27 
28 27 21 22 68 24 27 
28 27 21 22 80 79 27 
28 27 21 22 617 27 
5 27 28 6 21 63 27 
28 27 21 22 496 27 
28 27 21 22 689 27 
28 27 21 22 27 
28 27 21 22 27 
28 27 21 22 27 
28 27 21 22 27 
5 27 28 21 22 24 27 
27 28 104 21 22 68 24 27 
28 27 21 22 27 
28 27 21 22 617 27 
27 28 21 22 24 27 
28 27 21 22 27 
28 27 21 22 27 
27 28 21 22 475 27 
28 27 21 22 27 
27 28 21 22 24 27 
28 27 21 22 617 27 
28 27 21 22 617 27 
28 27 21 603 22 27 
5 27 28 21 22 27 
28 27 21 22 27 
27 28 21 22 27 
28 27 21 22 27 
28 27 21 22 27 
28 27 21 22 68 24 27 
28 27 21 22 27 
28 27 21 22 27 
28 27 21 22 80 79 27 
28 27 21 22 27 
28 27 21 22 27 
28 27 21 603 22 27 
5 28 27 21 22 8 617 27 
28 27 21 22 27 
27 28 21 22 24 27 
27 28 21 22 24 27 
28 27 21 22 27 
28 27 21 22 27 
28 27 21 22 27 
27 28 21 22 27 
28 27 21 22 203 27 
28 27 21 22 27 
28 27 21 603 22 27 
91 5 28 27 6 21 22 92 27 
28 27 21 22 27 
28 27 21 22 68 546 24 27 
28 27 21 22 27 
28 27 21 22 27 
256 27 28 21 22 27 
28 27 21 22 27 
256 27 28 21 22 27 
256 27 28 21 22 27 
27 28 21 22 68 24 27 
28 27 21 22 27 
28 27 21 22 617 27 
28 27 21 22 27 
28 27 21 22 27 
256 27 28 21 22 27 
28 27 21 22 27 
28 27 21 22 27 
5 28 27 6 21 63 22 618 27 
28 27 21 22 27 
28 27 21 22 617 27 
28 27 21 22 203 27 
28 27 21 22 254 36 27 
28 27 21 22 27 
28 27 21 22 27 
28 27 21 22 617 27 
28 27 21 22 496 27 
5 27 28 6 21 22 24 27 
28 27 21 22 617 27 
27 28 21 22 24 27 
28 27 21 22 27 
5 27 28 21 8 144 27 
28 27 21 22 27 
28 27 21 22 27 
256 27 28 21 22 27 
28 27 21 22 617 27 
28 27 21 603 22 27 
28 27 21 22 27 
28 27 21 22 617 27 
5 28 27 21 22 8 27 
27 28 21 22 68 24 27 
28 27 21 22 27 
28 27 21 22 27 
28 27 21 22 27 
28 27 21 22 27 
28 27 21 22 27 
171 5 28 27 21 22 162 8 172 27 
28 27 21 22 68 24 27 
28 27 21 22 496 27 
28 109 27 21 22 80 110 27 
27 28 21 27 
28 27 21 22 835 203 27 
28 27 21 22 27 
28 27 21 22 27 
28 27 21 22 27 
28 27 21 22 27 
28 27 21 22 27 
28 27 21 22 27 
28 27 21 22 617 27 
28 27 21 22 27 
28 27 21 22 27 
28 27 21 22 617 27 
27 28 21 22 68 24 27 
28 27 21 22 27 
28 27 21 22 27 
28 27 21 22 27 
5 28 27 6 21 22 27 
27 28 104 21 22 68 24 27 
28 27 21 22 27 
28 27 21 22 689 27 
28 27 21 22 27 
28 27 21 22 496 27 
28 27 21 22 546 27 
28 27 21 22 27 
133 27 28 21 22 68 24 27 
5 27 28 21 27 
27 28 21 22 68 24 27 
28 27 21 22 27 
28 27 21 22 27 
28 27 21 22 27 
28 109 27 21 22 364 80 27 
28 27 133 21 22 689 68 24 27 
28 27 21 22 27 
28 27 21 22 27 
28 109 27 21 22 364 80 27 
28 27 21 22 27 
28 27 21 22 617 27 
28 27 21 22 27 
27 28 104 21 22 68 24 27 
27 28 21 22 68 24 27 
28 27 21 22 27 
28 27 21 22 27 
28 27 21 22 617 27 
28 27 21 22 27 
28 27 21 22 659 27 
28 27 21 22 27 
28 27 21 22 27 
28 27 21 22 546 27 
27 28 21 22 68 24 27 
28 27 21 22 27 
27 28 21 22 68 24 27 
27 28 21 22 68 24 27 
28 27 21 22 546 27 
27 28 21 22 68 24 27 
28 27 21 22 80 79 27 
5 27 28 6 21 22 27 
28 27 21 22 617 27 
27 28 21 22 24 27 
28 27 21 22 27 
28 27 21 22 203 27 
28 27 21 22 617 27 
28 27 21 22 27 
27 28 21 22 24 27 
91 5 28 27 6 21 22 92 27 
28 27 21 22 27 
27 28 21 22 68 24 27 
27 28 21 22 27 
27 28 21 22 24 27 
28 27 21 22 546 27 
28 27 21 22 546 27 
28 27 21 22 546 27 
28 27 21 22 546 27 
27 28 21 22 24 27 
28 27 21 22 80 79 27 
28 27 21 22 617 27 
27 28 21 22 68 24 27 
28 27 21 22 27 
28 27 21 22 689 27 
28 27 21 22 617 27 
27 28 21 22 263 24 27 
28 27 21 22 546 27 
133 27 28 21 22 68 24 27 
28 27 21 22 546 27 
28 27 21 22 27 
27 28 21 22 24 27 
28 27 21 22 27 
28 27 21 549 22 27 
27 28 21 22 68 24 27 
28 27 21 22 617 27 
133 27 28 21 22 68 24 27 
28 27 21 22 106 508 27 
28 27 21 509 22 27 
5 27 28 21 27 
28 27 21 22 617 27 
91 5 28 27 6 21 22 92 27 
5 27 28 6 21 63 22 618 27 
256 27 28 21 22 27 
5 28 27 6 21 63 22 618 27 
28 27 21 22 27 
28 27 21 22 27 
28 27 21 22 27 
28 27 21 22 27 
28 27 21 603 22 27 
28 27 21 22 27 
28 27 21 22 617 27 
28 27 21 254 22 36 255 617 27 
48 5 27 28 6 21 426 27 
28 27 21 413 487 603 22 27 
28 27 21 22 546 27 
27 28 21 603 22 24 27 
28 27 21 22 68 24 27 
28 27 21 22 27 
28 27 21 22 546 27 
27 28 104 21 22 68 24 27 
5 28 27 21 22 8 27 
5 28 27 6 21 22 27 
28 27 21 22 617 27 
133 27 28 21 22 68 24 27 
5 28 27 6 21 63 22 618 27 
28 27 21 603 22 27 
28 27 21 22 68 546 24 27 
256 28 27 21 22 27 
28 27 21 22 27 
5 28 27 6 21 63 22 618 27 
28 27 21 22 617 27 
28 27 21 22 79 80 27 
5 28 27 6 21 63 22 618 27 
28 27 21 22 27 
27 28 21 22 68 24 27 
28 27 21 22 27 
28 27 21 22 27 
28 27 21 22 80 79 27 
28 27 21 22 80 79 27 
28 27 21 22 27 
28 27 21 22 27 
28 27 21 22 496 27 
28 27 21 22 27 
28 27 21 22 546 496 27 
354 27 28 21 22 68 24 27 
5 28 27 6 21 22 27 
27 28 21 36 584 27 
28 27 21 22 27 
28 27 21 22 68 546 24 27 
28 27 21 22 27 
27 28 21 27 
28 27 21 22 203 27 
28 27 21 22 27 
354 27 28 21 22 68 24 27 
28 27 21 22 27 
28 27 21 22 27 
28 27 21 22 27 
28 27 21 22 27 
28 27 21 22 27 
256 27 28 21 22 27 
256 27 28 21 22 27 
28 27 21 22 27 
28 27 21 22 27 
28 27 21 22 27 
28 27 21 22 689 27 
27 28 21 22 68 24 27 
28 27 21 22 27 
28 27 21 22 27 
28 27 21 22 27 
28 27 21 22 27 
5 27 28 6 21 63 27 
28 27 21 22 203 27 
28 27 21 22 27 
28 27 21 22 27 
28 27 21 22 27 
28 27 21 22 27 
28 115 116 27 21 22 117 27 
28 27 21 22 106 508 27 
28 27 21 22 617 27 
28 27 21 22 27 
28 27 21 22 27 
28 27 21 22 27 
28 27 21 22 27 
28 27 21 22 27 
28 27 21 22 27 
28 27 21 22 27 
28 27 21 22 27 
28 27 21 22 27 
28 27 21 22 68 546 24 27 
28 27 21 22 27 
28 27 21 22 617 27 
28 27 21 22 27 
28 115 116 27 21 22 117 27 
256 27 28 21 22 27 
5 28 27 6 21 22 64 63 27 
5 28 27 6 21 22 64 63 27 
28 27 21 22 496 27 
27 28 21 22 24 27 
28 27 21 22 27 
28 109 27 21 22 364 80 27 
28 27 21 22 27 
28 27 21 22 27 
28 27 21 22 617 27 
28 27 21 22 27 
28 27 21 22 27 
28 27 21 22 27 
28 27 21 603 22 27 
28 27 21 22 27 
28 27 21 22 203 27 
28 27 21 22 27 
27 28 21 22 99 362 27 
28 27 21 22 617 27 
28 27 21 22 27 
28 27 21 22 496 27 
28 27 21 22 27 
28 27 21 22 27 
28 27 21 22 546 27 
28 27 21 22 496 27 
28 27 21 22 617 27 
28 27 21 22 27 
28 27 21 22 27 
28 27 21 22 496 27 
28 27 21 22 27 
28 27 21 22 27 
28 27 21 22 27 
5 28 27 6 21 63 22 618 27 
28 27 21 22 27 
28 27 21 22 27 
28 27 21 22 27 
5 28 27 6 21 63 22 618 27 
28 27 21 22 27 
256 27 28 21 22 27 
28 27 21 22 27 
256 27 28 21 22 27 
28 27 21 22 689 27 
5 28 27 21 22 8 27 
28 27 21 22 27 
28 27 21 22 254 36 27 
28 27 21 22 546 27 
28 27 21 22 27 
28 27 21 22 27 
28 27 21 22 27 
171 5 28 27 21 22 162 8 172 27 
27 28 21 22 27 
28 27 21 22 27 
28 27 21 22 27 
28 27 21 22 27 
28 27 21 22 27 
28 27 21 22 27 
256 27 28 21 22 27 
28 27 21 22 27 
28 27 21 22 617 27 
28 27 21 22 27 
5 28 27 6 21 22 23 546 139 27 
28 27 21 22 27 
28 27 21 22 617 27 
28 27 21 22 27 
28 27 21 22 27 
28 27 21 22 27 
28 27 21 22 27 
28 27 21 22 27 
28 27 21 22 27 
28 27 21 22 27 
28 27 21 22 27 
28 27 21 22 27 
28 27 21 22 27 
28 27 21 22 27 
28 27 21 22 27 
48 5 28 27 6 21 22 426 27 
28 27 21 22 27 
28 27 21 22 27 
28 27 21 22 496 27 
28 27 21 22 27 
28 27 21 22 27 
48 5 27 28 6 21 22 426 27 
28 27 21 22 617 27 
28 27 21 22 27 
28 27 21 22 27 
28 27 21 22 106 508 27 
28 27 21 22 27 
27 28 21 22 24 27 
28 27 21 22 27 
28 27 21 22 27 
28 27 21 22 27 
28 27 21 22 27 
48 5 27 28 6 21 22 27 
133 27 28 21 22 68 24 27 
28 27 21 22 27 
27 28 21 22 68 24 27 
27 28 21 22 68 24 27 
28 27 21 22 617 27 
28 27 21 22 27 
28 27 21 22 106 508 27 
28 27 21 22 546 496 27 
28 27 21 22 546 27 
28 27 21 22 546 27 
28 27 21 22 27 
28 27 21 22 27 
27 28 21 22 68 24 27 
27 28 21 22 469 27 
28 27 21 22 27 
256 27 28 21 22 546 27 
27 28 21 22 24 27 
27 28 21 22 24 27 
27 28 21 22 24 27 
256 5 27 28 6 21 22 64 63 27 
27 28 21 22 68 24 27 
28 27 21 22 27 
28 27 21 22 27 
256 27 28 21 22 27 
256 27 28 21 22 27 
28 27 21 22 27 
28 27 21 22 546 27 
27 28 21 22 24 27 
28 27 21 22 27 
28 27 21 22 27 
27 28 21 22 24 27 
28 27 21 22 27 
5 62 28 27 6 21 22 63 27 
5 62 28 27 6 21 22 63 27 
28 27 21 22 80 79 27 
27 28 21 22 24 27 
28 27 21 22 27 
5 62 28 27 6 21 22 63 27 
27 28 21 22 24 27 
5 28 27 21 22 8 27 
5 28 27 6 21 63 22 618 27 
5 28 27 6 21 63 22 618 27 
28 27 21 22 27 
5 62 28 27 6 21 22 63 27 
28 27 21 22 80 79 27 
28 27 21 22 617 27 
27 28 21 22 68 24 27 
28 27 21 22 203 27 
5 62 27 28 6 21 22 63 27 
28 27 21 22 27 
28 27 21 22 27 
28 27 21 22 27 
28 27 21 22 27 
28 27 21 22 27 
28 27 21 22 27 
256 27 28 21 22 27 
28 27 21 22 27 
28 27 21 22 27 
28 27 21 22 27 
28 27 21 22 27 
28 27 21 22 617 27 
28 27 21 22 617 27 
28 27 21 22 27 
109 28 27 21 22 24 80 110 27 
28 27 21 22 27 
27 28 21 22 68 24 27 
28 27 21 22 27 
28 27 21 22 689 27 
28 27 21 22 203 27 
28 27 21 22 496 27 
28 27 21 22 27 
28 27 21 22 111 80 27 
28 27 21 22 496 27 
27 28 21 22 68 24 27 
28 27 21 22 27 
28 27 21 22 27 
256 27 28 21 22 27 
27 28 21 22 27 
28 27 21 22 546 27 
28 27 21 22 27 
27 28 21 22 24 27 
28 27 21 22 659 27 
28 27 21 22 27 
28 27 21 22 27 
28 27 21 22 27 
27 28 21 22 546 24 27 
27 28 21 22 546 24 27 
28 27 21 22 546 496 27 
27 28 21 22 27 
28 27 21 159 22 36 130 27 
27 28 21 22 37 24 27 
27 28 21 22 24 27 
28 27 21 22 68 546 24 27 
118 28 27 21 22 132 36 27 
256 27 28 21 22 27 
5 27 28 6 21 22 27 
28 27 21 22 27 
27 28 21 22 24 496 27 
28 27 21 22 546 27 
27 28 21 22 68 24 27 
28 27 21 22 27 
5 28 27 6 21 22 27 
28 27 21 22 27 
27 28 104 21 22 68 24 27 
28 27 21 22 27 
28 27 21 22 27 
27 28 21 36 584 27 
5 27 28 21 22 143 8 37 144 24 27 
28 27 21 22 27 
28 27 21 22 27 
28 27 21 22 27 
28 27 21 22 27 
28 27 21 22 546 27 
28 27 21 22 27 
27 28 21 22 68 24 27 
5 27 28 6 21 27 
28 27 21 22 266 27 
28 27 21 22 27 
28 27 21 22 27 
28 27 21 22 473 11 10 27 
28 27 21 22 27 
28 27 21 22 27 
28 27 21 22 546 496 27 
27 28 21 22 546 27 
28 27 21 22 617 27 
28 27 21 22 617 27 
28 27 21 22 546 27 
5 28 27 169 21 22 162 170 8 203 27 
28 27 21 22 27 
28 27 21 22 546 27 
28 27 21 22 27 
28 27 21 22 27 
28 27 21 22 27 
27 28 21 22 68 24 27 
28 27 21 22 27 
5 28 27 6 21 22 27 
28 27 21 22 27 
28 27 21 509 22 266 27 
28 27 21 22 27 
28 27 21 22 27 
28 27 21 22 27 
5 62 28 27 6 21 22 63 27 
28 27 21 22 617 27 
28 27 21 22 27 
28 27 21 22 27 
28 27 21 22 617 27 
28 27 21 22 27 
28 27 21 22 27 
256 27 28 21 22 27 
28 27 21 22 27 
28 27 21 22 203 27 
28 27 21 509 22 617 27 
27 28 21 22 68 24 27 
27 28 21 22 68 24 27 
27 28 21 22 24 27 
28 27 21 22 27 
27 28 21 22 99 362 27 
5 28 27 6 21 22 61 27 
256 27 28 21 22 27 
28 27 21 22 546 27 
28 27 21 22 27 
28 27 21 22 27 
28 27 21 22 27 
28 27 21 22 27 
28 27 21 22 27 
28 27 21 22 546 27 
81 27 28 21 22 82 24 27 
28 27 21 22 27 
28 27 21 22 27 
28 27 21 22 27 
28 27 21 22 27 
28 27 21 22 27 
28 27 21 22 27 
28 27 21 22 617 27 
28 27 21 22 27 
27 28 104 21 22 68 24 27 
28 27 21 22 27 
28 27 21 22 27 
28 27 21 22 27 
28 27 21 22 689 27 
28 27 21 22 496 27 
5 28 27 6 21 63 22 618 27 
28 27 21 22 27 
28 27 21 22 27 
256 27 28 21 22 68 24 27 
28 27 21 22 27 
28 354 27 21 22 68 24 27 
256 27 28 21 22 27 
28 27 21 22 27 
28 27 21 22 27 
28 27 21 22 27 
28 27 21 22 27 
28 27 21 22 689 27 
27 28 21 22 24 27 
28 27 21 22 689 27 
28 27 21 22 79 80 27 
28 27 21 22 27 
28 27 21 22 496 27 
28 27 21 22 548 106 27 
28 27 21 22 80 79 27 
28 27 21 22 27 
28 27 21 22 656 27 
28 27 21 22 546 27 
27 28 104 21 22 68 24 27 
28 27 21 22 27 
28 27 21 22 80 79 27 
28 27 21 22 617 27 
28 27 21 22 546 27 
28 27 21 22 106 508 27 
28 27 21 22 106 508 27 
28 27 21 22 106 508 27 
28 27 21 22 546 27 
256 27 28 21 22 496 27 
28 27 21 22 617 27 
91 5 28 27 6 21 22 92 27 
28 27 21 22 27 
28 27 21 22 27 
28 27 21 22 27 
28 27 21 549 22 27 
28 27 21 22 617 27 
28 27 21 22 689 27 
28 27 21 22 27 
48 5 28 27 6 21 22 426 27 
28 27 21 22 27 
27 28 104 21 22 68 24 27 
28 27 21 22 203 27 
28 27 21 22 27 
27 28 21 22 546 27 
28 27 21 22 27 
28 109 27 21 22 364 80 27 
28 27 21 22 27 
256 27 28 21 22 27 
28 27 21 22 27 
28 27 21 22 27 
28 27 21 22 27 
28 27 21 22 617 27 
27 28 21 22 27 
28 27 21 22 27 
81 133 27 28 21 22 82 68 24 27 
81 133 27 28 21 22 82 68 24 27 
28 27 21 22 496 27 
28 27 21 22 203 27 
48 5 28 27 6 21 22 426 27 
256 27 28 21 22 27 
28 27 21 22 27 
28 27 21 22 546 27 
28 27 21 22 27 
28 27 21 22 27 
28 27 21 22 27 
5 28 27 21 22 8 35 27 
28 27 21 22 27 
28 27 21 22 546 27 
28 27 21 22 68 24 27 
28 27 21 22 27 
28 27 21 22 27 
28 27 21 22 617 27 
28 27 21 22 496 27 
28 27 21 22 496 27 
28 27 21 22 689 27 
28 27 21 22 546 27 
28 27 21 22 27 
28 27 21 22 546 496 27 
28 27 21 22 546 27 
28 27 21 22 27 
28 27 21 22 689 27 
28 27 21 22 27 
28 27 21 22 27 
28 27 21 22 27 
28 27 21 22 27 
28 27 21 22 27 
28 27 21 22 617 27 
28 27 21 22 617 27 
28 27 21 22 617 27 
5 62 28 27 6 21 22 63 27 
28 27 21 22 27 
28 27 21 22 27 
27 28 21 22 469 27 
28 27 21 22 27 
28 27 21 22 27 
28 27 21 22 27 
27 28 104 21 22 68 24 27 
247 28 27 112 21 22 248 250 113 249 27 
28 27 21 22 617 27 
171 5 28 27 21 22 162 8 172 27 
28 27 21 22 27 
28 27 21 22 27 
28 27 21 22 27 
256 27 28 21 22 27 
28 27 21 22 27 
27 28 21 22 68 24 27 
28 27 21 22 27 
28 27 21 22 27 
28 27 21 22 27 
28 27 21 22 27 
28 27 21 22 27 
28 27 21 22 27 
28 27 21 22 27 
91 5 28 27 6 21 22 92 27 
28 27 21 22 27 
28 27 21 22 27 
28 27 21 22 689 27 
28 27 21 22 27 
28 27 21 22 27 
28 109 27 21 22 80 110 27 
28 27 21 22 27 
28 27 21 22 546 496 27 
28 27 21 22 689 27 
28 27 21 22 689 27 
28 27 21 22 27 
28 27 21 22 27 
28 27 21 22 27 
28 27 21 22 27 
28 27 21 22 27 
28 27 21 603 22 27 
28 27 21 22 617 27 
28 27 21 22 106 508 27 
28 27 21 22 27 
28 27 21 22 546 27 
133 27 28 21 22 68 24 27 
28 27 21 22 546 27 
28 27 21 22 106 508 27 
256 27 28 21 22 27 
28 27 21 22 27 
133 27 28 21 22 68 24 27 
133 27 28 21 22 68 24 27 
28 27 21 22 27 
28 27 21 22 27 
28 27 21 22 27 
28 27 21 22 546 27 
28 27 21 22 27 
28 27 21 22 617 27 
177 28 112 27 21 22 113 27 
28 27 21 22 27 
28 27 21 22 546 27 
91 5 28 27 6 21 22 92 27 
28 27 21 22 617 27 
28 27 21 509 22 27 
27 28 21 22 808 36 584 27 
28 27 21 22 27 
27 28 21 22 808 27 
28 27 21 22 27 
28 27 21 22 27 
28 27 21 603 22 27 
28 27 21 22 27 
256 27 28 21 22 27 
28 27 21 22 27 
28 27 21 22 27 
28 27 21 22 27 
28 27 21 22 27 
5 28 27 6 21 22 617 27 
28 27 21 413 487 603 22 27 
28 27 21 22 546 27 
27 28 21 22 24 27 
28 27 21 22 27 
171 5 28 27 21 22 162 8 172 27 
28 27 21 22 617 27 
109 28 27 21 22 24 80 110 27 
28 27 21 22 546 27 
28 27 21 22 27 
28 27 21 22 27 
256 27 28 21 22 27 
28 27 21 22 27 
28 27 21 22 27 
28 27 21 22 111 80 27 
256 27 28 21 22 27 
27 28 21 22 24 27 
28 27 21 22 27 
28 27 21 22 27 
28 27 21 22 617 27 
5 28 27 6 21 63 22 618 27 
256 27 28 21 22 617 27 
28 27 21 22 546 27 
5 28 27 6 21 22 64 63 27 
28 27 21 22 27 
28 27 21 22 27 
28 27 21 22 203 27 
5 62 27 28 6 21 22 63 27 
5 28 27 6 21 22 61 27 
28 27 21 22 27 
5 28 27 6 21 63 22 618 27 
28 27 21 22 617 27 
28 27 21 22 27 
28 27 21 22 496 27 
27 28 21 22 24 27 
28 27 21 22 27 
28 27 21 22 27 
28 27 21 22 546 27 
28 27 21 22 27 
28 27 21 22 617 27 
28 27 21 22 27 
28 27 21 22 27 
28 27 21 22 617 27 
256 27 28 21 22 27 
48 5 28 27 6 21 22 426 27 
27 28 21 22 24 27 
28 27 21 22 27 
28 27 21 22 27 
28 27 21 22 27 
28 27 21 22 27 
28 27 21 22 27 
28 27 21 22 27 
28 27 21 22 27 
28 27 21 22 27 
5 27 28 6 21 27 
28 27 21 22 27 
28 27 21 22 254 36 27 
28 27 21 22 27 
27 28 21 22 68 24 27 
256 27 28 21 22 27 
91 5 28 27 6 21 22 92 496 27 
28 27 21 22 546 27 
28 27 21 22 617 27 
5 27 28 6 21 63 64 27 
28 27 21 22 80 79 27 
28 27 21 22 68 24 27 
28 27 21 22 617 27 
109 28 27 21 22 24 80 110 27 
28 27 21 22 27 
28 27 21 22 27 
28 27 21 22 27 
27 28 21 22 24 496 27 
28 27 21 22 27 
28 27 21 22 617 27 
28 27 21 22 27 
28 27 21 22 360 80 27 
5 28 27 6 21 22 64 63 27 
28 27 21 22 546 27 
28 27 21 22 27 
28 27 21 22 546 27 
27 28 21 22 90 27 
28 27 21 22 27 
28 27 21 22 27 
28 27 21 22 27 
28 27 21 22 617 27 
28 27 21 22 27 
28 27 21 22 835 203 27 
28 27 21 22 27 
28 27 21 22 27 
5 28 27 6 21 22 27 
28 27 21 22 27 
28 27 21 22 27 
28 27 21 22 27 
28 27 21 22 835 203 27 
5 28 27 6 21 22 27 
27 28 21 22 475 27 
27 28 21 22 68 24 27 
28 27 21 22 546 496 27 
171 5 27 28 21 22 162 8 172 27 
28 27 21 22 27 
256 27 28 21 22 27 
28 27 21 22 27 
28 27 21 22 27 
28 27 21 22 27 
28 27 21 22 546 27 
28 27 21 22 80 79 27 
28 27 21 22 27 
28 27 21 22 27 
27 28 21 22 808 27 
5 27 28 6 21 27 
28 27 21 22 27 
28 27 21 22 27 
28 27 21 22 27 
28 27 21 22 27 
28 27 21 22 80 79 27 
28 27 21 22 617 27 
28 27 21 22 27 
28 27 21 22 27 
28 27 21 22 27 
28 27 21 22 27 
28 27 21 22 617 27 
28 27 21 22 68 24 835 203 27 
28 27 21 603 22 27 
256 27 28 21 22 27 
28 27 21 22 27 
27 28 21 22 617 24 27 
28 27 21 22 27 
28 27 21 22 27 
27 28 365 21 22 99 100 27 
5 28 27 21 22 27 
28 27 21 22 27 
28 27 21 22 27 
5 28 27 21 22 8 27 
5 28 27 21 22 8 27 
5 28 27 21 22 546 27 
28 27 21 22 106 508 27 
28 27 21 22 106 508 27 
28 27 21 22 617 27 
247 112 27 28 21 22 248 250 113 249 27 
28 27 21 22 27 
28 27 21 22 27 
256 27 28 21 22 27 
28 27 21 22 27 
28 27 21 22 27 
28 27 21 22 546 27 
28 27 21 22 27 
5 28 27 21 22 8 27 
28 27 21 22 27 
28 27 21 22 27 
28 27 21 22 27 
28 27 21 22 27 
28 27 21 22 27 
28 27 21 22 617 27 
28 27 21 22 27 
28 27 21 22 27 
28 27 21 22 27 
28 27 21 22 27 
28 27 21 22 27 
28 27 21 22 27 
28 27 21 22 27 
256 27 28 21 22 27 
28 27 21 22 27 
28 27 21 22 27 
28 27 21 22 546 27 
28 27 21 22 27 
28 27 21 22 27 
28 27 21 22 27 
28 27 21 22 68 24 27 
28 27 21 22 27 
28 27 21 22 27 
28 27 21 22 27 
28 27 21 22 68 24 27 
28 27 21 22 27 
28 27 21 22 27 
28 27 21 22 27 
28 27 21 22 27 
28 27 21 22 27 
133 27 28 21 22 68 24 27 
133 27 28 21 22 68 24 27 
28 27 21 22 27 
28 27 21 22 27 
28 27 21 22 27 
28 27 21 22 27 
28 27 21 22 27 
27 28 21 22 68 24 27 
28 27 21 22 27 
5 28 27 6 21 63 22 618 27 
28 27 21 22 27 
28 27 21 22 106 508 27 
28 27 21 22 27 
5 62 28 27 6 21 22 63 617 27 
28 27 21 22 27 
28 27 21 22 27 
28 27 21 22 496 27 
5 28 27 6 21 22 64 63 27 
91 5 27 28 6 21 22 92 24 27 
28 27 21 22 27 
171 5 28 27 21 22 162 8 172 27 
28 27 21 22 27 
28 27 21 22 617 27 
28 27 21 22 27 
28 27 21 22 27 
27 28 21 22 68 24 27 
28 27 21 22 27 
256 27 28 21 22 27 
28 27 21 22 496 27 
28 27 21 22 496 27 
28 27 21 22 27 
28 27 21 22 27 
28 27 21 22 496 27 
27 28 21 22 68 24 27 
28 27 21 22 689 27 
28 27 21 22 496 27 
28 27 21 22 546 27 
256 27 28 21 22 27 
27 28 21 22 546 24 27 
28 27 21 22 546 496 27 
28 27 21 22 656 27 
28 27 21 22 546 27 
28 27 21 22 27 
28 27 21 22 617 27 
256 48 5 27 28 6 21 22 426 27 
28 27 21 22 27 
28 27 21 22 27 
28 27 21 22 27 
28 27 21 22 27 
28 27 21 22 27 
28 27 21 22 546 27 
28 27 21 22 546 27 
28 27 21 22 617 27 
28 27 21 22 27 
27 28 21 22 24 27 
133 27 28 21 22 68 24 27 
28 27 21 22 27 
28 27 21 22 27 
358 5 28 27 6 21 22 61 27 
28 27 21 22 27 
28 27 21 22 27 
28 27 21 22 27 
28 27 21 22 496 27 
28 27 21 22 27 
28 27 21 22 27 
28 27 21 22 27 
28 27 21 22 27 
28 27 21 22 27 
28 27 21 22 27 
28 27 21 22 27 
28 27 21 22 546 27 
28 27 21 22 617 27 
28 27 21 22 27 
28 27 21 22 27 
28 27 21 22 473 11 10 27 
28 27 21 22 27 
28 27 21 22 546 27 
28 27 21 22 546 27 
28 27 21 22 27 
28 27 21 22 27 
28 27 21 22 27 
28 27 21 22 27 
28 27 21 603 22 27 
28 27 21 22 27 
28 27 21 22 617 27 
28 27 21 22 27 
28 27 21 22 27 
28 27 21 22 27 
27 28 21 27 
28 27 21 22 27 
27 28 21 22 546 27 
28 27 21 22 27 
28 27 21 22 37 24 27 
28 27 21 22 689 27 
256 27 28 21 22 27 
28 27 21 22 27 
28 27 21 22 546 27 
28 27 21 22 27 
28 27 21 22 27 
28 27 21 22 27 
27 28 21 22 68 24 27 
28 27 21 22 617 27 
28 27 21 22 27 
28 27 21 22 27 
28 27 21 22 27 
28 27 21 22 27 
28 27 21 603 22 27 
256 27 28 21 22 27 
28 27 21 22 68 24 27 
27 28 21 22 68 24 27 
28 27 21 22 27 
28 27 21 22 27 
28 27 21 22 27 
28 27 21 22 27 
28 27 21 22 27 
27 28 21 22 68 24 27 
28 27 21 22 27 
28 27 21 22 27 
28 27 21 22 27 
28 27 21 22 27 
28 27 21 22 27 
28 27 21 22 27 
28 27 21 22 27 
28 27 21 22 27 
28 27 21 22 27 
28 27 21 22 27 
28 27 21 22 27 
28 27 21 22 27 
28 27 21 22 27 
28 27 21 22 546 27 
28 27 21 603 22 27 
27 28 21 22 808 27 
28 27 21 22 546 27 
28 27 21 22 546 27 
28 27 21 603 22 27 
28 27 21 22 546 27 
28 27 21 22 27 
28 27 21 22 27 
28 27 21 22 27 
28 27 21 22 27 
28 27 21 22 27 
28 27 21 22 27 
28 27 21 22 27 
28 27 21 22 27 
28 27 21 22 27 
28 27 21 22 27 
28 27 21 22 27 
28 27 21 22 27 
28 27 21 22 27 
28 27 21 22 27 
28 27 21 22 27 
28 27 21 22 27 
28 27 21 22 27 
28 27 21 22 27 
28 27 21 22 27 
28 27 21 22 27 
28 27 21 22 27 
28 27 21 22 27 
28 27 21 22 27 
28 27 21 22 27 
28 27 21 22 27 
28 27 21 22 27 
28 27 21 22 27 
28 27 21 22 27 
28 27 21 22 27 
28 27 21 22 27 
28 27 21 22 27 
28 27 21 22 27 
28 27 21 22 27 
28 27 21 22 27 
28 27 21 22 27 
27 28 21 22 27 
28 27 21 22 27 
28 27 21 22 27 
28 27 21 22 27 
28 27 21 22 27 
28 27 21 22 27 
28 27 21 22 27 
28 27 21 22 27 
28 27 21 22 27 
28 27 21 22 27 
28 27 21 22 27 
28 27 21 22 27 
28 27 21 22 27 
28 27 21 22 27 
28 27 21 22 27 
28 27 21 22 27 
28 27 21 22 27 
28 27 21 22 27 
28 27 21 22 27 
28 27 21 22 27 
28 27 21 22 27 
28 27 21 22 27 
28 27 21 22 27 
28 27 21 22 27 
28 27 21 22 27 
28 27 21 22 27 
28 27 21 22 27 
28 27 21 22 27 
28 27 21 22 27 
28 27 21 22 27 
28 27 21 22 27 
28 27 21 22 27 
28 27 21 22 27 
28 27 21 22 27 
28 27 21 22 27 
28 27 21 22 27 
28 27 21 22 27 
28 27 21 22 27 
28 27 21 22 27 
28 27 21 22 27 
28 27 21 22 27 
28 27 21 22 27 
28 27 21 22 27 
28 27 21 22 27 
28 27 21 22 27 
28 27 21 22 27 
28 27 21 22 27 
28 27 21 22 27 
28 27 21 22 27 
28 27 21 22 27 
28 27 21 22 27 
28 27 21 22 27 
28 27 21 22 27 
28 27 21 22 27 
28 27 21 22 27 
28 27 21 22 27 
28 27 21 22 27 
28 27 21 22 27 
28 27 21 22 27 
28 27 21 22 27 
28 27 21 22 27 
28 27 21 22 27 
28 27 21 22 27 
28 27 21 22 27 
28 27 21 22 27 
28 27 21 22 27 
28 27 21 22 27 
28 27 21 22 27 
28 27 21 22 27 
28 27 21 22 27 
28 27 21 22 27 
28 27 21 22 27 
28 27 21 22 27 
28 27 21 22 27 
28 27 21 22 27 
28 27 21 22 27 
28 27 21 22 27 
28 27 21 22 27 
28 27 21 22 27 
28 27 21 22 27 
28 27 21 22 27 
28 27 21 22 27 
28 27 21 22 27 
28 27 21 22 27 
28 27 21 22 27 
28 27 21 22 27 
28 27 21 22 27 
28 27 21 22 27 
28 27 21 22 27 
28 27 21 22 27 
27 28 21 22 24 27 
28 27 21 22 27 
28 27 21 22 27 
28 27 21 22 27 
28 27 21 22 27 
28 27 21 22 27 
28 27 21 22 27 
28 27 21 22 27 
28 27 21 22 27 
28 27 21 22 27 
28 27 21 22 27 
28 27 21 22 27 
28 27 21 22 27 
28 27 21 22 27 
28 27 21 22 27 
28 27 21 22 27 
28 27 21 22 27 
28 27 21 22 27 
28 27 21 22 27 
28 27 21 22 27 
28 27 21 22 27 
28 27 21 22 27 
28 27 21 22 27 
28 27 21 22 27 
28 27 21 22 27 
28 27 21 22 27 
28 27 21 22 27 
28 27 21 22 27 
28 27 21 22 27 
28 27 21 22 27 
28 27 21 22 27 
28 27 21 22 27 
28 27 21 22 27 
28 27 21 22 27 
28 27 21 22 27 
28 27 21 22 27 
28 27 21 22 27 
28 27 21 22 27 
28 27 21 22 27 