5 62 6 63 522 522 
5 62 6 63 522 522 
5 62 6 63 522 522 
5 6 63 64 522 522 
5 62 6 63 522 522 
5 62 6 63 522 522 
5 62 6 63 522 522 
5 62 6 63 522 522 
5 62 6 63 522 522 
5 62 6 63 522 522 
5 62 6 63 522 522 
5 62 6 63 522 522 
5 62 6 63 522 522 
5 62 6 63 522 522 
5 62 6 63 522 522 
5 62 6 63 522 522 
5 62 6 63 522 522 
5 62 6 63 522 522 
5 62 6 63 522 522 
5 62 6 63 522 522 
5 62 6 63 522 522 
5 62 6 63 522 522 
5 62 6 63 522 522 
5 62 6 63 522 522 
5 62 6 63 522 522 
5 62 6 63 522 522 
5 62 6 63 522 522 
5 62 6 63 522 522 
5 62 6 63 522 522 
5 62 6 63 522 522 
5 62 6 63 522 522 
5 62 6 63 522 522 
5 62 6 63 522 522 
5 62 6 63 522 522 
5 62 6 63 522 522 
5 62 6 63 522 522 
5 62 6 63 522 522 
5 62 6 63 522 522 
5 62 6 63 522 522 
5 62 6 63 522 522 
5 62 6 63 522 522 
5 62 6 63 522 522 
5 62 6 63 522 522 
5 62 6 63 522 522 
5 62 6 63 522 522 
5 62 6 63 522 522 
5 62 6 63 522 522 
5 62 6 63 522 522 
5 62 6 63 522 522 
5 62 6 63 522 522 
5 62 6 63 522 522 
5 62 6 63 522 522 
5 62 6 63 522 522 
5 62 6 63 522 522 
5 62 6 63 522 522 
5 62 6 63 522 522 
5 62 6 63 522 522 
5 62 6 63 522 522 
5 62 28 6 21 63 22 522 522 
5 62 6 63 522 522 
5 62 6 63 522 522 
5 62 6 63 522 522 
5 62 6 63 522 522 
5 62 6 63 522 522 
5 62 6 63 522 522 
5 62 6 63 522 522 
5 62 6 63 522 522 
5 62 6 63 522 522 
5 62 6 63 522 522 
5 6 63 522 522 
5 62 6 63 522 522 
5 62 6 63 522 522 
5 62 6 63 522 522 
5 62 6 63 522 522 
5 62 6 63 522 522 
5 27 28 6 21 63 522 522 