21 22 68 24 21 
81 21 22 82 24 21 
21 22 68 24 21 
21 22 68 24 21 
81 21 22 82 24 21 
81 21 22 82 24 21 
81 21 22 82 24 21 
81 21 22 82 24 21 
81 21 22 82 24 21 
81 21 22 82 24 21 
81 21 22 82 24 21 
81 21 22 82 24 21 
81 21 22 82 24 21 
133 21 22 68 24 21 
81 21 22 82 24 21 
81 21 22 82 24 21 
81 21 22 82 24 21 
81 21 22 82 24 21 
81 21 22 82 24 21 
81 21 22 82 24 21 
81 21 22 82 24 21 
81 21 22 82 24 21 
81 21 22 82 24 21 
81 21 22 82 24 21 
81 21 22 82 24 21 
81 21 22 82 24 21 
81 21 22 82 68 24 21 
81 21 22 82 68 24 21 
81 21 22 82 68 24 21 
81 21 22 82 68 24 21 
81 21 22 82 24 21 
81 21 22 82 68 24 21 
21 22 68 24 21 
21 22 68 24 21 
133 21 22 68 24 21 
21 22 68 24 21 
81 21 22 82 24 21 
81 21 22 82 68 24 21 
21 22 68 24 21 
133 21 22 68 24 21 