21 22 510 21 
21 22 510 21 
21 22 510 21 
21 22 510 21 
21 22 510 21 
21 22 510 21 
81 21 22 82 68 24 21 
133 21 22 68 24 21 
81 21 22 82 24 21 
21 22 68 24 21 
21 22 24 21 
21 22 68 24 21 
81 21 22 82 68 24 21 
133 21 22 68 24 21 
21 22 68 24 21 
21 22 68 24 21 
21 22 68 24 21 
21 22 68 24 21 
21 22 68 24 21 
21 22 68 24 21 
21 22 21 
21 22 68 24 21 
21 22 68 24 21 
21 22 510 68 24 21 
21 22 510 21 
21 22 510 21 
21 22 510 21 
21 22 510 21 
21 22 510 21 
21 22 510 21 
21 22 510 68 24 21 
21 22 510 21 
21 22 510 21 
21 22 510 21 
21 22 510 21 
21 22 510 21 
21 22 510 21 
21 22 510 21 
21 22 510 21 
21 22 510 21 
21 22 510 21 
21 22 510 21 
21 22 510 21 
21 22 510 21 
21 22 510 21 
21 22 510 21 
21 22 510 21 
21 22 510 21 
21 22 510 21 
21 22 510 21 
21 22 510 21 
21 22 510 21 
21 22 510 21 
21 22 510 21 
21 22 510 21 
21 22 510 21 
21 22 510 21 
21 22 510 21 
21 22 510 21 
21 22 510 21 
21 22 510 21 
21 22 510 21 
21 22 510 21 
21 22 510 21 
21 22 510 21 
21 22 510 21 
21 22 510 21 
21 22 510 21 
21 22 510 21 
21 22 510 21 
21 22 510 21 
21 22 510 21 
21 22 436 21 
21 22 510 21 
21 22 68 24 21 
21 22 68 24 21 
21 22 510 68 24 21 
81 21 22 82 68 24 21 
21 22 68 24 21 
133 21 22 68 24 21 
21 21 
21 22 68 24 21 
21 22 68 24 21 
81 21 22 82 68 24 21 
81 21 22 82 68 24 21 
21 22 68 24 21 
81 21 22 82 68 24 21 
81 21 22 82 68 24 21 
81 21 22 82 24 21 
21 22 510 21 
21 22 68 24 21 
21 22 68 24 21 
21 22 68 24 21 
21 22 510 21 
21 22 510 21 
21 22 510 21 
21 22 510 21 
21 22 68 24 21 
21 22 510 21 
21 22 510 21 
21 22 68 24 21 
21 22 68 24 21 
21 22 510 21 
21 22 510 21 
21 22 510 21 
21 22 510 21 
21 22 510 21 
21 22 510 21 
21 22 510 21 
21 22 510 21 
21 22 510 21 
21 22 510 21 
21 22 510 21 
21 22 510 21 
21 22 21 
5 21 22 510 21 
21 22 510 21 
500 21 22 99 21 
21 22 68 24 21 
5 21 22 510 21 
21 22 510 68 24 21 
21 22 510 21 
21 22 510 21 
21 22 510 21 
21 22 68 24 21 
21 22 510 68 24 21 
81 21 22 82 68 24 21 
21 22 510 21 
21 22 510 21 
21 22 510 21 
500 21 22 99 21 
21 22 510 21 
21 22 510 21 
21 22 510 21 
21 22 510 21 
21 22 510 21 
21 22 510 21 
21 22 510 21 
21 22 510 21 
21 22 510 21 
21 22 510 21 
21 22 510 21 
21 22 510 21 
21 22 510 21 
21 22 510 21 
21 22 510 21 
21 22 510 21 
21 22 510 21 
21 22 510 21 
21 22 510 21 
21 22 510 21 
21 22 510 21 
21 22 510 21 
21 22 510 21 
21 22 510 21 
21 22 510 21 
21 22 510 21 
21 22 510 21 
21 22 510 21 
21 22 510 21 
21 22 510 21 
21 22 510 21 
21 22 510 21 
21 22 510 21 
21 22 510 21 
21 22 510 21 
21 22 510 21 
21 22 510 21 
21 22 510 21 
21 22 510 21 
21 22 510 21 
21 22 510 21 
21 22 510 21 
21 22 510 21 
21 22 510 21 
21 22 510 21 
21 22 510 21 
21 22 510 21 
21 22 510 21 
21 22 510 21 
21 22 510 21 
21 22 510 21 
21 22 510 21 
21 22 510 21 
21 22 510 21 
21 22 510 21 
21 22 510 21 
21 22 510 21 
21 22 510 21 
21 22 510 21 
21 22 510 21 
21 22 510 21 
21 22 510 21 
21 22 510 21 
21 22 510 21 
21 22 510 21 
21 22 510 21 
21 22 510 21 
21 22 510 21 
21 22 510 21 
21 22 510 21 
21 22 510 21 
21 22 510 21 
21 22 510 21 
21 22 510 21 
21 22 510 21 
21 22 510 21 
21 22 510 21 
21 22 510 21 
21 22 510 68 24 21 
21 22 475 21 
21 22 510 21 
21 22 68 24 21 
81 21 22 82 68 24 21 
81 21 22 82 24 21 
21 22 510 21 
21 22 510 21 
81 21 22 82 68 24 21 
21 22 510 21 
21 22 510 21 
21 22 68 24 21 
5 6 21 22 61 21 
5 6 21 22 61 21 
21 22 510 21 
21 22 510 21 
21 22 510 21 
21 22 510 21 
21 22 510 21 
21 22 510 21 
21 22 510 21 
21 22 510 21 
21 22 510 21 
21 22 510 21 
21 22 510 21 
21 22 510 21 
21 22 510 21 
21 22 510 21 
21 22 510 21 
21 22 510 21 
21 22 510 21 
21 22 510 21 
21 22 510 21 
21 22 510 21 
21 22 510 21 
21 22 510 21 
21 22 510 21 
21 22 510 21 
21 22 510 68 24 21 
21 22 68 24 21 
81 21 22 82 68 24 21 
21 22 510 21 
21 22 68 24 21 
21 22 68 24 21 
21 22 68 24 21 
21 22 68 24 21 
21 22 68 24 21 
21 22 510 21 
21 22 510 21 
21 22 510 21 
21 22 510 21 
21 22 510 21 
21 22 510 21 
21 22 510 21 
21 22 510 21 
21 22 510 21 
21 22 510 21 
21 22 510 21 
21 22 510 21 
21 22 510 21 
21 22 510 21 
21 22 510 21 
21 22 510 21 
21 22 510 21 
21 22 510 21 
21 22 510 21 
21 22 510 21 
21 22 510 21 
21 22 510 21 
21 22 510 21 
21 22 510 21 
21 22 510 21 
21 22 510 21 
21 22 510 21 
21 22 510 21 
21 22 510 21 
21 22 510 21 
21 22 510 21 
21 22 510 21 
21 22 510 21 
21 22 510 21 
21 22 510 21 
21 22 510 21 
21 22 510 21 
21 22 510 21 
21 22 510 21 
21 22 510 21 
21 22 21 
21 22 510 21 
21 22 510 21 
21 22 510 68 24 21 
21 22 510 68 24 21 
21 22 510 68 24 21 
21 22 510 68 24 21 
21 22 510 21 
5 6 21 22 510 61 21 
21 22 510 68 24 21 
5 6 21 22 510 61 21 
81 21 22 82 68 24 21 
21 22 510 21 
21 22 510 21 
21 22 68 24 21 
81 21 22 82 68 24 21 
21 22 510 21 
21 22 510 21 
21 22 510 21 
21 22 510 21 
21 22 68 24 21 
21 22 510 21 
21 22 510 21 
21 22 510 21 
21 22 510 21 
21 22 510 21 
21 22 510 21 
21 22 68 24 21 
21 22 510 21 
21 22 510 21 
21 22 510 21 
21 22 510 21 
21 22 510 21 
21 22 510 21 
21 22 510 21 
21 22 510 21 
21 22 510 21 
21 22 510 21 
21 22 510 21 
21 22 510 21 
21 22 510 21 
21 22 510 21 
21 22 510 21 
21 22 510 21 
21 22 510 21 
21 22 510 21 
21 22 510 21 
21 22 510 21 
21 22 510 21 
21 22 510 21 
21 22 510 21 
21 22 510 21 
21 22 510 21 
21 22 510 21 
21 22 510 21 
21 22 510 21 
21 22 510 21 
21 22 510 21 
21 22 510 21 
21 22 510 21 
21 22 510 21 
21 22 510 21 
21 22 510 21 
21 22 510 21 
21 22 510 21 
21 22 510 21 
21 22 510 21 
21 22 510 21 
21 22 510 21 
21 22 510 21 
21 22 510 21 
21 22 510 21 
21 22 510 21 
21 22 510 21 
21 22 510 21 
21 22 510 21 
21 22 510 21 
21 22 510 21 
21 22 510 21 
21 22 510 21 
21 22 510 21 
21 22 510 21 
21 22 510 21 
21 22 510 21 
21 22 510 21 
21 22 510 21 
21 22 510 21 
21 22 510 21 
21 22 510 21 
21 22 510 21 
21 22 510 21 
21 22 510 21 
21 22 510 21 
21 22 510 21 
5 6 21 22 61 21 
5 6 21 22 61 21 
21 22 21 
21 22 21 
21 22 21 
21 22 21 
21 22 21 
21 22 21 
21 22 21 
21 22 21 
21 22 21 
21 22 21 
21 22 21 
21 22 21 
21 22 21 
21 22 21 
21 22 21 
21 22 21 
21 22 21 
21 22 21 
21 22 21 
21 22 21 
21 22 21 
21 22 21 
21 22 21 
21 22 21 