21 22 37 24 37 
21 22 37 24 37 
5 21 22 143 8 37 144 24 37 
5 21 22 143 8 37 144 24 37 
5 21 22 143 8 37 144 24 37 
5 21 22 143 8 37 144 24 37 
21 22 37 24 37 
21 22 37 24 37 
21 22 37 24 37 
21 22 37 24 37 
21 22 37 24 37 
21 22 37 24 37 
21 22 37 24 37 
21 22 37 24 37 
21 22 37 24 37 
21 22 37 24 37 
21 22 37 24 37 
21 22 37 24 37 
21 22 37 24 37 
21 22 37 24 37 
21 22 37 24 37 
21 22 37 24 37 
21 22 37 24 37 
21 22 37 24 37 
21 22 37 24 37 
21 22 37 24 37 
21 22 37 24 37 
21 22 37 24 37 
21 22 37 24 37 
21 22 37 24 37 
21 22 37 24 37 
21 22 37 24 37 
21 22 37 24 37 
21 22 37 24 37 
21 22 37 24 37 
5 21 22 143 8 37 144 24 37 
21 22 37 24 37 
21 22 37 24 37 
21 22 37 24 37 
21 22 37 24 37 
21 22 37 24 37 
21 22 37 24 37 
21 22 37 24 37 
21 22 37 24 37 
5 21 22 143 8 37 144 24 37 
21 22 37 24 37 
21 22 37 24 37 
21 22 37 24 37 
21 22 37 24 37 
21 22 37 24 37 
5 21 22 143 8 37 144 24 37 
5 21 22 143 8 37 144 24 37 
5 21 22 143 8 37 144 24 37 
21 22 37 24 37 
21 22 37 24 37 
21 22 37 24 37 
21 22 37 24 37 
21 22 37 24 37 
21 22 37 24 37 
21 22 37 24 37 
21 22 37 24 37 
21 22 37 24 37 
21 22 37 24 37 
21 22 37 24 37 
21 22 37 24 37 
21 22 37 24 37 
21 22 37 24 37 
21 22 37 24 37 
21 22 37 24 37 
21 22 37 24 37 
21 22 37 24 37 
21 22 37 24 37 
21 22 37 24 37 
21 22 37 24 37 
21 22 37 24 37 
21 22 37 24 37 
21 22 37 24 37 
21 22 37 24 37 
21 536 10 11 37 24 125 37 
21 536 10 11 37 24 125 37 
21 22 37 24 37 
21 22 37 24 37 
21 22 37 24 37 
5 6 21 22 578 243 37 24 37 
5 21 22 143 8 37 144 24 37 
5 21 22 143 8 37 144 24 37 
5 21 22 143 8 37 144 24 37 
5 21 22 143 8 37 144 24 37 
5 21 22 143 8 37 144 24 37 
21 22 37 24 37 
21 22 37 24 37 
21 22 37 24 37 
21 22 37 24 37 
21 22 37 24 37 
21 22 37 24 37 
21 536 10 11 37 24 125 37 