5 21 22 143 8 37 144 24 37 
5 21 22 143 8 37 144 24 37 
5 21 22 143 8 37 144 24 37 
5 21 22 143 8 37 144 24 37 
5 21 22 143 8 37 144 24 37 
5 21 22 143 8 37 144 24 37 
21 22 37 24 37 
21 22 37 24 37 
21 22 37 24 37 
21 22 37 24 37 
21 22 37 24 37 
5 21 22 143 8 37 144 24 37 
5 21 22 143 8 37 144 24 37 
5 21 22 143 8 37 144 24 37 
5 21 22 143 8 37 144 24 37 
5 21 22 143 8 37 144 24 37 
5 21 22 143 8 37 144 24 37 
5 21 22 143 8 37 144 24 37 
5 21 22 143 8 37 144 24 37 
5 21 22 143 8 37 144 24 37 
5 21 22 143 8 37 144 24 37 
5 21 22 143 8 37 144 24 37 
133 21 22 37 68 24 37 
21 22 37 24 37 
21 22 37 24 37 
21 22 37 24 37 
21 22 37 24 37 
21 22 37 24 37 
21 22 37 24 37 
21 22 37 24 37 
21 22 37 24 37 
21 22 37 24 37 
21 22 37 24 37 
21 22 37 24 37 
21 22 37 24 37 
21 22 37 24 37 
21 22 37 24 37 
21 22 37 24 37 
21 22 37 24 37 
21 22 37 24 37 
5 21 22 143 8 37 144 24 37 
5 21 22 143 8 37 144 24 37 
5 21 22 143 8 37 144 24 37 
5 21 22 143 8 37 144 24 37 
5 21 22 143 8 37 144 24 37 
5 21 22 143 8 37 144 24 37 
5 21 22 143 8 37 144 24 37 
5 21 22 143 8 37 144 24 37 
5 21 22 143 8 37 144 24 37 
133 21 22 37 68 24 37 
21 22 37 24 37 
21 22 37 24 37 
21 22 37 24 37 
21 22 37 24 37 
21 22 37 24 37 
21 22 37 24 37 
21 22 37 24 37 
21 22 37 24 37 
21 22 37 24 37 
21 22 37 24 37 
21 22 37 24 37 
21 22 37 24 37 
21 22 37 24 37 
21 22 37 24 37 
21 22 37 24 37 
21 22 37 24 37 
21 22 37 24 37 
21 22 37 24 37 
21 22 37 24 37 
21 22 37 24 37 
21 22 37 24 37 
21 22 37 24 37 
21 22 37 24 37 
21 22 37 24 37 
5 21 22 143 8 37 144 24 37 
5 21 22 143 8 37 144 24 37 
5 21 22 143 8 37 144 24 37 
5 21 22 143 8 37 144 24 37 
5 21 22 143 8 37 144 24 37 
81 21 22 37 82 24 37 
5 21 22 143 8 37 144 24 37 
5 21 22 143 8 37 144 24 37 
21 22 37 24 37 
21 22 37 24 37 
21 22 37 24 37 
21 22 37 24 37 
21 22 37 24 37 
21 22 37 24 37 
21 22 37 24 37 
21 22 37 24 37 
21 22 37 24 37 
21 22 37 24 37 
21 22 37 24 37 
5 21 22 143 8 37 144 24 37 
5 21 22 143 8 37 144 24 37 
5 21 22 143 8 37 144 24 37 
5 21 22 143 8 37 144 24 37 
5 21 22 143 8 37 144 24 37 
5 21 22 143 8 37 144 24 37 
5 21 22 143 8 37 144 24 37 
5 21 22 143 8 37 144 24 37 
5 21 22 143 8 37 144 24 37 
5 21 22 143 8 37 144 24 37 
21 22 37 24 37 
5 21 22 143 8 37 144 24 37 
5 21 22 143 8 37 144 24 37 
21 22 37 68 24 37 
5 21 22 143 8 37 144 24 37 
5 21 22 143 8 37 144 24 37 
5 21 22 143 8 37 144 24 37 
5 21 22 143 8 37 144 24 37 
5 21 22 143 8 37 144 24 37 
5 21 22 143 8 37 144 24 37 
133 21 22 37 68 24 37 
21 22 37 24 37 
21 22 37 24 37 
21 22 37 24 37 
5 21 22 143 8 37 144 24 37 
5 21 22 143 8 37 144 24 37 
5 21 22 143 8 37 144 24 37 
21 22 37 24 37 
21 22 37 24 37 
21 22 37 24 37 
5 21 22 143 8 37 144 24 37 
5 21 22 143 8 37 144 24 37 
5 21 22 143 8 37 144 24 37 
5 21 22 143 8 37 144 24 37 
5 21 22 143 8 37 144 24 37 
5 21 22 143 8 37 144 24 37 
5 21 22 143 8 37 144 24 37 
5 21 22 143 8 37 144 24 37 
5 21 22 143 8 37 144 24 37 
5 21 22 143 8 37 144 24 37 
5 21 22 143 8 37 144 24 37 
5 21 22 143 8 37 144 24 37 
5 21 22 143 8 37 144 24 37 
5 21 22 143 8 37 144 24 37 
5 21 22 143 8 37 144 24 37 
5 21 22 143 8 37 144 24 37 
5 21 22 143 8 37 144 24 37 
5 21 22 143 8 37 144 24 37 
21 22 37 24 37 
21 22 37 24 37 
21 22 37 24 37 
21 22 37 24 37 
21 22 37 24 37 
5 21 22 143 8 37 144 24 37 
5 21 22 143 8 37 144 24 37 
5 21 22 143 8 37 144 24 37 
5 21 22 143 8 37 144 24 37 
5 21 22 143 8 37 144 24 37 
5 21 22 143 8 37 144 24 37 
5 21 22 143 8 37 144 24 37 
5 21 22 143 8 37 144 24 37 
5 21 22 143 8 37 144 24 37 
5 21 22 143 8 37 144 24 37 
21 22 37 24 37 
21 22 37 24 37 
21 22 37 24 37 
5 21 22 143 8 37 144 24 37 
5 21 22 143 8 37 144 24 37 
5 21 22 143 8 37 144 24 37 
5 21 22 143 8 37 144 24 37 
5 21 22 143 8 37 144 24 37 
21 22 37 24 37 
21 22 37 24 37 
21 22 37 24 37 
21 22 37 24 37 
21 22 37 24 37 
21 22 37 24 37 
21 22 37 24 37 
21 22 37 24 37 
21 22 37 24 37 
21 22 37 24 37 
21 22 37 24 37 
5 21 22 143 8 37 144 24 37 
21 22 37 24 37 
21 22 37 24 37 
21 22 37 24 37 
5 21 22 143 8 37 144 24 37 
21 22 37 68 24 37 
5 21 22 143 8 37 144 24 37 
5 21 22 143 8 37 144 24 37 
5 21 22 143 8 37 144 24 37 
5 21 22 143 8 37 144 24 37 
5 21 22 143 8 37 144 24 37 
5 21 22 143 8 37 144 24 37 
5 21 22 143 8 37 144 24 37 
21 22 37 24 37 
21 22 37 24 37 
5 21 22 143 8 37 144 24 37 
5 21 22 143 8 37 144 24 37 
5 21 22 143 8 37 144 24 37 
5 21 22 143 8 37 144 24 37 
133 21 22 37 68 24 37 
133 21 22 37 68 24 37 
5 21 22 143 8 37 144 24 37 
133 21 22 37 68 24 37 
133 21 22 37 68 24 37 
21 22 263 37 24 37 
21 22 263 37 24 37 
5 21 22 143 8 37 144 24 37 
133 21 22 37 68 24 37 
5 21 22 143 8 37 144 24 37 
133 21 22 37 68 24 37 
21 22 37 24 37 
5 21 22 143 8 37 144 24 37 
5 21 22 143 8 37 144 24 37 
5 21 22 143 8 37 144 24 37 
5 21 22 143 8 37 144 24 37 
5 21 22 143 8 37 144 24 37 
21 22 37 24 37 
21 22 37 24 37 
21 22 37 24 37 
21 22 37 24 37 
21 22 37 24 37 
21 22 37 24 37 
21 22 37 24 37 
21 22 37 24 37 
21 22 37 24 37 
21 22 37 24 37 
21 22 37 24 37 
21 22 37 24 37 
21 22 37 24 37 
21 22 37 24 37 
21 22 37 24 37 
21 22 37 24 37 
21 22 37 24 37 
21 22 37 24 37 
21 22 37 24 37 
21 22 37 24 37 
21 22 37 68 24 37 
21 22 37 68 24 37 
21 22 37 24 37 
21 22 37 24 37 
21 22 37 24 37 
21 22 37 24 37 
21 22 37 24 37 
21 22 37 24 37 
21 22 37 24 37 
21 22 37 24 37 
21 22 37 24 37 
21 22 37 24 37 
21 22 37 24 37 
21 22 37 24 37 
21 22 37 24 37 
21 22 37 24 37 
21 22 37 24 37 
21 22 37 24 37 
21 22 37 24 37 
21 22 37 24 37 
21 22 37 24 37 
21 22 37 24 37 
21 22 37 24 37 
21 22 37 24 37 
21 22 37 24 37 
21 22 37 24 37 
21 22 37 24 37 
21 22 37 24 37 
21 22 37 24 37 
21 22 37 24 37 
5 21 22 143 8 37 144 24 37 
21 22 37 68 24 37 
133 21 22 37 68 24 37 
5 21 22 143 8 37 144 24 37 
21 22 37 24 37 
21 22 37 24 37 
21 22 37 24 37 
21 22 37 24 37 
21 22 37 24 37 
21 22 37 24 37 
21 22 37 24 37 
5 21 22 143 8 37 144 24 37 
5 21 22 143 8 37 144 24 37 
5 21 22 143 8 37 144 24 37 
5 21 22 143 8 37 144 24 37 
5 21 22 143 8 37 144 24 37 
5 21 22 143 8 37 144 24 37 
21 22 37 24 37 
5 21 22 143 8 37 144 24 37 
5 21 22 143 8 37 144 24 37 
5 21 22 143 8 37 144 24 37 
21 37 24 37 