515 436 515 
515 436 515 
515 436 515 
515 436 515 
515 436 515 
515 436 515 
515 436 515 
515 436 515 
515 436 515 
515 436 515 
515 436 515 
515 436 515 
515 436 25 26 515 
515 436 25 26 515 
515 436 515 
515 436 515 
515 436 515 
515 436 515 
515 436 25 26 515 
515 436 25 26 515 
5 515 6 436 23 515 
5 515 6 436 23 515 
5 515 6 436 23 515 
5 515 6 436 23 515 
5 515 6 436 23 515 
5 515 6 436 23 515 
5 515 6 436 23 515 
515 436 515 
515 436 515 
515 436 515 
515 436 515 
515 436 515 
515 436 515 
515 436 515 
515 436 515 
515 436 515 
515 436 515 
515 436 515 
515 436 515 
515 436 515 
515 436 515 
515 436 515 
515 436 515 
515 436 515 
515 436 25 26 515 
515 436 25 26 515 
515 436 25 26 515 
515 436 25 26 515 
515 436 515 
515 436 25 26 515 
515 436 25 26 515 
515 436 515 
515 436 25 26 515 
515 436 25 26 515 
515 436 515 
515 436 515 
515 436 25 26 515 
515 436 25 26 515 
515 436 25 26 515 
515 436 515 
515 436 515 
515 436 515 
515 436 515 
515 436 515 
515 436 515 
515 436 515 
515 436 515 
515 436 515 
515 436 515 
515 436 515 
515 436 515 
515 436 515 
515 436 515 
515 436 515 
515 436 515 
515 436 515 
515 436 515 
515 436 515 
515 436 515 
515 436 515 
515 436 515 
515 436 515 
515 436 515 
515 436 515 
515 436 515 
515 436 515 
515 436 515 
515 436 515 
515 436 515 
515 436 515 
515 21 436 515 
515 436 515 
515 436 515 
515 436 515 
515 436 515 
515 436 515 
515 436 515 
515 436 515 
515 436 515 
515 436 515 
515 436 515 
515 436 515 
515 436 515 
515 436 515 
515 436 515 
515 436 515 
515 436 515 
515 436 25 26 515 
515 436 25 26 515 
515 436 515 
515 436 515 
515 436 515 
515 436 515 
515 436 515 
515 436 515 
515 112 436 113 516 515 
515 112 436 113 516 515 
515 112 436 113 516 515 
515 112 436 113 516 515 
515 436 515 
515 436 515 
515 254 436 36 255 515 
515 254 436 36 255 515 
515 436 515 
515 436 515 
515 436 515 
515 436 515 
515 436 515 
515 436 515 
515 436 515 
515 436 515 
515 436 515 
515 436 515 
515 436 515 
515 436 515 
515 436 25 26 515 
515 436 25 26 515 
515 436 515 
515 436 25 26 515 
515 436 515 
515 436 515 
515 436 515 
515 436 515 
515 436 515 
515 436 515 
515 436 515 
515 436 515 
515 436 515 
515 436 515 
515 436 515 
515 436 515 
515 436 515 
515 436 515 
515 436 25 26 515 
515 436 515 
515 436 515 
515 436 25 26 515 
515 436 515 
515 436 515 
515 436 515 
515 436 515 
515 436 515 
515 436 515 
515 436 515 
515 436 515 
515 436 515 
515 436 515 
515 436 515 
515 436 515 
515 436 515 
515 21 352 353 99 436 100 515 
515 21 352 353 99 436 100 515 
515 436 515 
515 21 352 353 99 436 100 515 
515 21 352 353 99 436 100 515 
515 436 515 
515 436 515 
515 436 515 
515 436 515 
515 21 352 353 99 436 100 515 
515 21 352 353 99 436 100 515 
515 436 515 
515 436 515 
515 436 515 
515 21 436 515 
515 21 436 515 
515 21 436 515 
515 21 436 515 
515 436 515 
515 436 515 
515 436 515 
515 436 515 
515 436 515 
515 436 515 
515 436 515 
515 436 515 
515 436 515 
515 436 515 
515 436 515 
515 436 515 
515 436 515 
515 436 515 
515 436 515 
515 436 515 
515 436 515 
515 436 515 
515 436 515 
515 436 515 
515 436 515 
515 436 515 
515 436 515 
515 436 515 
515 436 515 
515 436 515 
515 436 515 
515 436 515 
515 436 515 
515 436 515 
515 436 515 
515 436 515 
515 436 515 
515 436 515 
515 436 515 
5 515 6 436 23 515 
5 515 6 436 23 515 
515 436 515 
515 436 515 
515 436 515 
91 5 515 6 436 92 515 
515 436 515 
515 436 515 
515 436 515 
515 436 515 
515 436 515 
515 436 515 
515 436 515 
515 436 515 
515 436 515 
515 436 25 26 515 
515 436 515 
515 436 515 
515 436 515 
515 436 515 
515 436 515 
515 436 515 
515 436 515 
515 436 515 
515 436 515 
515 436 515 
515 436 515 
515 436 515 
515 436 515 
515 436 515 
515 436 515 
515 436 515 
515 436 515 
515 436 515 
515 436 515 
515 436 515 
515 436 515 
515 436 515 
515 436 515 
515 436 515 
515 436 515 
515 436 515 
515 436 515 
515 436 515 
515 436 515 
515 436 515 
515 436 515 
515 436 515 
515 436 515 
515 436 515 
515 436 515 
5 515 6 436 23 515 
515 436 515 
515 436 515 
515 436 515 
515 436 515 
515 436 515 
515 436 515 
515 436 515 
515 436 515 
515 436 515 
515 436 515 
515 436 515 