1 15 38 16 
1 15 16 
1 15 16 
1 15 16 
1 15 16 
1 15 16 
1 15 16 
1 15 16 
1 15 16 
1 15 16 
1 15 16 
1 15 16 
1 15 16 
1 15 16 
1 15 51 16 375 78 
1 15 16 
1 15 16 
1 15 16 
1 15 16 
1 15 16 
1 15 16 
1 15 16 
1 164 15 16 
1 15 16 
1 15 16 
1 15 16 
1 15 16 
1 15 16 
1 15 16 
1 15 16 
1 15 16 
1 15 16 
1 15 16 
1 15 16 
1 15 2 16 3 
1 15 16 
1 15 16 
1 15 16 
1 15 16 
1 15 16 
1 15 16 
1 15 16 
1 15 16 
1 15 16 
1 15 16 
1 15 16 
1 15 16 
1 15 38 16 
1 15 16 
1 15 16 
1 15 16 
1 15 16 
1 15 16 
1 15 16 
1 15 16 
1 15 16 
1 15 16 
1 15 16 
1 15 16 
1 15 16 
1 15 16 
1 15 16 
1 15 16 
1 15 16 
1 15 16 
1 15 16 
1 15 16 
1 15 16 
1 15 16 
1 15 16 
1 15 16 
1 15 16 
1 15 16 
1 15 16 
1 15 51 16 375 78 
1 15 16 
1 15 16 
1 15 16 
1 15 51 16 375 78 
1 15 16 
1 15 16 
1 15 16 
1 15 16 
1 15 16 
1 15 16 
1 15 16 
1 15 16 
1 15 16 
1 15 16 
1 15 16 
1 15 16 
1 15 16 
1 15 16 
1 15 16 
1 15 16 
1 15 16 
1 15 16 
1 15 16 
1 15 16 
1 15 51 601 16 
1 15 16 
1 15 16 
1 15 16 
1 15 16 
1 15 16 
1 15 16 
1 15 16 
1 15 38 39 16 
1 15 16 
1 15 16 
1 15 16 
1 15 16 
1 15 16 
1 15 16 
1 15 16 
1 15 16 
1 15 51 601 16 
1 15 16 
1 15 16 
1 15 16 
1 15 16 
1 15 16 
1 15 16 
1 15 16 
1 15 16 
1 15 16 
1 15 16 
1 15 16 
1 15 16 
1 15 16 
1 15 16 
1 15 16 
1 15 16 
1 15 16 
1 15 16 
1 15 16 
1 15 16 
1 15 16 
1 15 16 
1 15 16 
1 15 16 
1 15 16 
1 15 16 
1 15 16 
1 15 16 
1 15 16 
1 15 16 
1 15 38 39 16 
1 15 16 
1 15 16 
1 15 16 
1 15 16 
1 15 16 
1 15 16 
1 15 16 
1 15 16 
1 15 16 
1 15 16 
1 15 16 
1 15 16 
1 15 16 
1 15 16 
1 15 16 
1 15 16 
1 15 16 
1 15 16 
1 15 16 
1 15 2 16 3 
1 15 16 
1 15 16 
1 15 16 
1 15 16 
1 15 16 
1 15 16 
1 15 16 
1 15 16 
1 15 16 
1 15 16 
1 15 16 
1 15 16 
1 15 16 
1 15 16 
1 15 16 
1 15 16 
1 15 16 
1 15 16 
1 15 16 
1 15 16 
1 15 16 
1 15 16 
1 15 16 
1 15 16 
1 15 16 
1 15 16 
1 15 16 
1 15 16 
1 15 16 
1 15 16 
1 15 16 
1 15 16 
1 15 16 
1 15 16 
1 15 16 
1 15 16 
1 15 16 
1 15 16 
1 15 16 
1 15 16 
1 15 16 
1 15 16 
1 15 16 
1 15 16 
1 15 16 
1 15 16 
1 15 16 
1 15 16 
1 15 16 
1 15 16 
1 15 16 
1 15 55 16 56 57 
1 15 55 16 56 57 
1 15 16 
1 15 16 
1 15 16 
1 15 16 
1 15 16 
1 15 16 
1 15 16 
1 15 16 
1 15 16 
1 15 16 
1 15 16 
1 15 16 
1 15 16 
1 15 16 
1 15 16 
1 15 16 
1 15 16 
1 15 16 
1 15 16 
1 15 16 
1 15 16 
1 15 16 
1 15 16 
1 15 16 
1 15 16 
1 15 16 
1 15 16 
1 15 16 
1 15 16 
1 15 16 
1 15 16 
1 15 16 
1 15 16 
1 15 16 
1 15 16 
1 15 16 
1 15 16 
1 15 16 
1 15 16 
1 15 16 
1 15 16 
1 15 16 
1 15 16 
1 184 15 185 16 
1 15 16 
1 15 16 
1 15 16 
1 15 16 
1 15 16 
1 15 16 
1 15 16 
1 15 16 
1 15 16 
1 15 16 
1 15 16 
1 15 16 
1 15 2 16 3 
1 15 16 
1 15 16 
1 15 16 
1 15 16 
1 15 16 
1 15 16 
1 15 16 
1 15 16 
1 15 16 43 
1 15 16 
1 15 16 
1 15 16 
1 15 16 
1 15 16 
1 15 16 
1 15 16 
1 15 16 
1 15 16 
1 15 16 
1 15 16 
1 15 16 
1 15 16 
1 15 16 
1 15 16 
1 15 16 
1 15 16 43 
1 15 16 
1 15 16 
1 15 16 
1 15 16 
1 15 16 
1 15 16 
1 15 38 39 16 
1 15 16 
1 15 38 39 16 
1 15 16 
1 15 38 39 16 
1 15 16 
1 15 16 
1 15 16 
1 15 16 
1 15 16 
1 15 16 
1 15 16 
1 15 51 16 375 78 
1 15 16 43 
1 15 16 
1 15 16 
1 15 16 
1 15 16 
1 15 16 
1 15 16 
1 15 16 
1 15 16 
1 15 16 
1 15 16 
1 15 16 
1 15 16 
1 15 16 
1 15 16 
1 15 16 
1 15 16 
1 15 16 
1 15 16 
1 15 16 
1 15 16 
1 15 16 
1 15 16 
1 15 16 
1 15 16 
1 15 16 
1 15 16 
1 15 16 
1 15 16 
1 15 16 
1 15 16 
1 15 16 
1 15 16 
1 15 16 
1 15 16 
1 15 16 
1 15 16 
1 15 16 
1 15 16 
1 15 16 
1 15 16 
1 15 16 
1 15 16 
1 15 16 
1 15 16 
1 15 16 
1 15 16 
1 15 16 
1 15 16 
1 15 16 
1 15 16 
1 15 16 
1 15 16 
1 15 16 
1 15 16 
1 15 16 
1 15 16 
1 15 16 
1 15 16 
1 15 16 
1 15 16 
1 15 16 
1 15 16 
1 15 51 601 16 
1 15 16 
1 15 16 
1 15 16 
1 15 16 
1 15 16 
1 15 16 
1 15 16 
1 15 16 
1 15 16 
1 15 16 
1 15 16 
1 15 16 
1 15 16 
1 15 16 
1 164 15 16 
1 15 16 
1 15 16 
1 15 16 
1 15 16 
1 15 16 
1 15 16 
1 15 16 
1 15 16 
1 15 16 
1 15 16 
1 15 2 16 3 
1 15 16 
1 15 16 
1 15 16 
1 15 16 
1 15 16 
1 15 16 
1 15 16 
1 15 16 
1 15 16 
1 15 16 
1 15 16 
1 15 16 
1 15 16 
1 15 16 
1 15 16 
1 15 16 
1 15 16 
1 15 16 
1 15 16 
1 15 16 
1 15 51 16 375 78 
1 15 16 
1 15 16 
1 15 51 16 375 78 
1 15 16 
1 15 16 
1 15 16 43 
1 15 16 
1 15 16 
1 15 16 
1 15 16 
1 15 16 
1 15 16 
1 15 16 
1 15 16 
1 15 16 
1 15 16 
1 15 16 
1 15 16 
1 15 16 
1 15 16 
1 15 16 
1 15 16 
1 15 16 
1 15 16 
1 15 16 
1 15 16 
1 15 16 
1 15 16 
1 15 16 