1 2 
1 2 
1 2 
1 2 
1 2 
1 2 
1 2 124 
1 2 
1 2 
1 2 
1 2 
1 2 
1 2 
1 93 2 94 
1 2 
1 2 
1 2 
1 2 
1 2 
1 2 
1 2 
1 51 2 
1 2 
1 2 
1 74 51 2 77 78 
1 2 
1 2 
1 2 124 
1 2 
1 2 
1 2 
1 2 
1 2 
1 2 
1 2 
1 2 
1 2 
1 2 
1 74 51 2 77 78 
1 51 2 
1 2 
1 2 
1 2 
1 2 
1 2 
1 2 
1 2 
1 2 
1 2 
1 2 
1 2 
1 2 
1 2 
1 2 
1 2 
1 2 
1 2 
1 2 
1 2 
1 2 
1 2 
1 2 
1 2 
1 2 
1 2 
1 2 
1 2 
1 2 
1 2 
1 2 
1 2 
1 2 
1 2 
1 2 
1 2 
1 2 
1 2 
1 2 
1 2 
1 2 
1 2 
1 2 
1 2 
1 15 2 
1 2 
1 2 
1 2 
1 2 
1 2 
1 2 
1 2 
1 2 
1 2 
1 2 
1 2 124 
1 2 
1 2 
1 2 
1 2 
1 2 
1 2 
1 2 
1 2 
1 2 
1 2 
1 2 
1 2 
1 2 
1 2 
1 2 
1 2 
1 2 
1 2 
1 2 
1 2 
1 2 
1 2 
1 2 124 
1 2 
1 2 
1 2 
1 2 
1 2 
1 2 
1 2 
1 2 
1 2 
1 2 
1 2 
1 2 
1 2 
1 2 
1 2 
1 2 
1 2 
1 2 
1 259 19 2 
1 51 2 
1 2 
1 2 
1 2 
1 2 
1 2 
1 2 
1 2 
1 2 
1 2 
1 2 
1 2 
1 2 
1 2 
1 2 
1 2 
1 2 
1 2 
1 2 
1 2 
1 2 
1 2 
1 2 
1 2 
1 2 
1 2 
1 93 2 94 
1 2 
1 2 
1 46 47 2 
1 2 
1 2 
1 2 
1 2 124 
1 356 15 2 43 
1 2 
1 2 
1 2 
1 2 
1 2 
1 2 
1 2 
1 2 
1 2 
1 2 
1 2 
1 2 
1 2 
1 2 
1 2 
1 2 
1 2 
1 93 2 94 
1 15 400 401 2 
1 2 