182 136 42 563 
182 136 42 563 
182 136 42 563 
182 136 42 563 
182 136 42 563 
182 136 42 560 563 
182 136 42 563 
182 136 42 563 
182 136 42 560 563 
182 136 42 563 
182 136 42 563 
182 136 42 563 
182 136 42 563 
1 15 182 136 42 563 
182 136 42 563 
182 136 42 563 
182 136 42 563 
182 136 42 183 563 
182 136 42 563 
182 136 42 563 
182 136 42 563 
182 136 42 183 563 
182 136 42 563 
182 136 42 563 
182 136 334 42 563 
182 136 42 563 
182 51 136 42 563 
182 136 42 563 
182 136 42 563 
182 136 42 563 
182 136 42 563 
182 136 42 563 
182 136 42 563 
182 136 42 563 
182 51 136 42 563 
1 15 182 136 42 563 
182 136 42 563 
182 136 42 563 
570 182 136 42 563 
182 136 42 563 
182 136 42 563 
182 136 42 563 
182 136 42 563 
182 136 42 563 
182 136 42 563 
182 136 42 563 
182 136 42 563 
182 136 42 563 
182 136 42 563 
182 136 42 563 
182 136 42 563 
182 136 42 563 
182 136 42 563 
182 136 42 563 
182 136 42 563 
182 136 42 563 
182 136 42 563 
182 136 42 563 
182 136 42 563 
1 15 182 401 136 42 563 
182 136 42 563 
182 136 42 563 
182 136 42 563 
182 136 42 560 563 
182 136 42 563 
182 136 42 563 
182 136 42 563 
182 136 42 563 
182 136 42 563 
182 136 42 563 
182 136 42 563 
182 136 42 563 
182 136 42 563 
182 136 42 183 563 
182 136 42 563 
182 136 42 563 
182 136 42 563 
182 136 42 563 
182 136 42 563 
182 136 42 563 
182 136 42 563 
182 136 42 563 
182 136 42 563 
182 136 42 563 
182 136 42 563 
182 136 42 563 
182 136 42 563 
182 136 42 563 
182 136 42 563 
182 136 42 563 
182 136 42 563 
182 136 42 563 
182 136 42 563 
182 136 42 563 
182 136 42 563 
570 182 136 42 563 
570 182 136 42 563 
182 136 42 563 
182 136 42 563 
182 136 42 563 
182 136 42 563 
182 136 42 563 
182 136 42 563 
182 136 42 563 
182 136 42 563 
182 136 42 563 
182 136 42 563 
182 136 42 563 
182 136 42 563 
570 182 136 42 563 
182 136 42 563 
182 136 42 563 
182 136 42 563 
182 136 42 563 
182 136 42 563 
182 136 42 563 
182 136 42 563 
182 136 42 563 
570 182 136 42 563 
182 136 42 563 
1 15 182 136 42 563 
182 136 42 563 
182 136 42 563 
182 136 42 563 
182 136 42 563 
182 136 42 560 563 
182 136 42 563 
182 136 42 563 
182 136 42 563 
1 182 136 42 563 
182 136 42 563 
182 136 42 563 
182 136 42 563 
182 136 42 563 
182 136 42 563 
182 136 42 563 
182 136 42 563 
182 136 42 563 
182 136 42 563 
182 136 42 563 
182 136 42 563 
182 136 42 563 
1 15 182 401 136 42 563 
182 136 42 563 
182 136 42 563 
182 136 42 563 381 
182 136 42 563 
182 136 42 563 
182 136 42 563 
182 136 42 563 
570 182 136 42 563 
182 136 42 563 
182 136 42 563 
182 136 42 563 
182 136 42 563 
182 136 42 563 
182 136 42 563 
182 136 42 563 
182 136 42 563 
182 136 42 563 
182 136 42 563 
182 136 42 563 
182 136 42 563 
182 136 42 563 
182 136 42 563 
182 136 42 563 
182 136 42 563 
182 136 42 563 
182 136 42 563 
182 136 42 563 
182 136 42 183 563 
182 136 42 563 
182 136 42 563 
182 136 42 563 