186 
186 
186 1 2 
186 
186 
186 
186 
186 
186 
186 
186 
186 
1 186 15 43 
186 
186 
186 642 
186 
186 1 2 
186 
186 54 51 
186 
186 642 
186 1 15 
186 
186 
186 
186 
186 42 
1 186 15 43 
1 186 15 43 
1 186 2 167 
186 
186 
186 
186 54 51 
186 
186 
186 697 334 
186 
186 
186 
186 42 108 
186 
186 
186 1 2 
186 54 51 
186 
186 
186 
186 
186 
186 
186 
186 
186 
186 
186 
186 
186 
186 
186 
186 
186 
186 
186 
186 
186 
1 186 15 43 
186 
186 42 108 
186 
186 
186 
186 
186 
186 
186 
186 
186 
186 
186 
186 1 15 
186 
186 1 15 
186 
186 
186 
186 448 
186 
186 
186 
186 
186 
186 
186 
186 
186 
186 
186 
186 
186 
186 
186 
186 
186 
186 
186 
186 54 51 
186 
186 42 108 
186 
186 
186 
1 186 15 43 
186 
186 
186 
186 58 59 60 
186 
186 59 128 60 160 
186 
186 
186 54 51 
186 
1 186 15 43 
1 186 15 43 
186 
186 58 59 60 149 150 
186 
186 
186 
186 
186 
186 
186 
186 
186 
186 
186 
186 
186 
186 
186 1 2 
186 
186 
186 1 2 
186 
186 
186 
186 
186 
186 
186 334 
186 
1 186 15 43 
186 
186 
1 186 15 43 
186 
186 
186 
186 
186 
186 
186 
186 
186 
186 
1 186 15 43 
186 
186 
186 
186 
186 
186 
186 
186 
186 
186 
186 
186 
186 
186 
186 
186 
186 
186 
186 
186 
186 
186 
186 
186 
186 
186 
186 
186 
186 
186 
186 
1 186 15 43 
186 
186 
186 
186 
186 
186 
1 186 15 43 
186 
186 
186 
186 
186 
186 
186 
186 
186 267 457 
186 
186 
186 
186 
186 
186 
186 
1 186 15 43 
186 
186 
186 
186 
186 
186 
186 
186 
1 186 15 43 
186 
186 
186 
186 
186 
186 
186 
186 
186 
186 54 51 
186 
186 
186 
186 
186 
186 
186 
186 
186 
186 
186 58 59 60 149 150 
186 
186 
186 
186 
186 
186 
186 
186 
186 
186 
186 
186 59 128 135 60 
186 42 108 
186 
186 
186 
186 
186 
186 
186 
1 186 15 43 
186 
186 
186 
186 
186 
186 
186 
186 
186 59 128 135 60 
186 
186 
186 
186 
186 
186 
186 
186 
186 
1 186 15 43 
186 
186 
186 
186 
186 
1 186 15 43 
186 42 108 
186 
1 186 15 43 
186 