43 21 
1 18 43 21 
1 18 69 
1 18 69 
1 18 69 
1 18 69 
1 18 69 
1 18 69 
1 18 69 
1 18 69 
1 48 49 18 50 138 69 
43 21 
43 21 
1 18 43 21 
43 21 
43 21 
43 21 
139 21 
1 18 69 
1 18 69 
1 18 69 
1 18 69 
1 18 69 
1 18 69 
1 18 69 
1 18 69 
1 140 141 18 69 
1 140 141 18 69 
1 140 141 18 69 
1 140 141 18 69 
1 140 141 18 69 
1 140 141 18 69 
1 140 141 18 69 
1 140 141 18 69 
1 140 141 18 69 
1 140 141 18 69 
1 140 141 18 69 
1 140 141 18 69 
1 140 141 18 69 
43 21 
43 21 
43 21 
1 18 69 
43 21 
1 18 69 
1 18 69 
1 18 69 
1 18 69 
1 140 18 69 
1 140 18 69 
1 140 18 21 69 
1 18 69 
1 18 69 
1 48 49 18 50 138 69 
1 140 18 69 
43 21 
43 21 
1 45 147 18 148 21 69 
1 18 69 
1 18 69 
1 18 69 
1 18 69 
1 18 69 
1 18 69 
1 18 69 
1 18 69 
1 18 69 
1 18 69 
1 18 69 
1 18 69 
1 18 69 
1 18 69 
1 18 69 
43 21 
43 21 
1 140 18 69 
1 18 69 
1 18 69 
1 24 2 25 18 69 
1 18 69 
1 18 69 
1 18 69 
1 18 69 
43 21 
43 21 
1 18 69 
1 18 69 
1 18 69 
1 18 69 
1 18 69 
1 28 18 69 
1 18 69 
1 18 69 
1 18 69 
1 18 69 
43 21 
43 21 131 
43 21 
1 18 69 
1 18 69 
