54 53 51 257 611 
54 53 51 257 611 
470 54 53 190 51 257 611 192 
54 53 51 257 611 
54 53 51 257 611 
54 53 51 257 611 
54 53 51 257 611 
54 53 51 257 611 
54 53 51 257 611 
54 53 51 257 611 
54 53 51 257 611 
54 53 51 257 611 
54 53 51 257 611 
54 53 51 257 611 
54 53 51 257 313 611 78 
54 53 51 257 611 
54 53 51 257 611 
54 53 51 257 611 
54 53 51 257 611 
54 53 51 257 611 
54 53 51 257 611 
54 53 51 257 611 
54 53 51 257 611 
54 53 51 257 611 
54 53 51 257 611 
54 53 51 257 611 
470 54 53 190 51 257 611 192 
54 53 51 257 611 
54 53 51 257 611 
54 53 51 257 611 
54 53 51 257 611 
54 53 51 257 611 
54 53 51 257 611 
54 53 51 257 611 
54 53 51 257 611 
54 53 51 257 611 
54 53 51 257 611 
54 53 51 257 611 
54 53 51 257 611 
54 53 51 257 611 
54 53 51 257 611 
54 53 51 257 611 
1 54 53 15 51 257 611 
54 53 51 257 611 
54 53 51 257 611 
54 53 51 257 611 
54 53 51 257 611 
54 53 51 257 611 
1 54 53 15 51 257 611 
54 53 51 257 611 
54 53 51 257 643 56 57 611 
54 53 51 257 611 
54 53 51 257 611 
54 53 51 257 611 
54 53 51 257 611 
54 53 51 257 611 
54 53 51 257 611 
54 53 51 257 611 
54 53 51 257 611 