292 293 294 
292 293 294 
1 292 15 293 294 
292 40 293 147 42 294 
292 293 294 
184 1 292 15 293 185 294 
292 293 294 
292 293 294 
292 293 294 
292 293 294 
292 293 294 
292 293 294 
292 146 40 293 42 294 
292 293 294 
292 293 294 
292 293 294 
292 293 294 
184 1 292 15 293 185 294 
292 293 411 294 412 
292 293 294 
292 293 294 
292 293 294 
292 293 294 
292 293 294 
292 293 294 
292 293 294 
292 293 294 
292 293 294 
292 293 294 
292 293 294 
1 292 293 294 
292 293 294 
292 293 294 
1 292 293 294 
292 293 294 
292 293 294 
292 293 294 
292 293 294 
292 293 411 294 412 
292 293 294 
292 293 294 
292 293 294 
292 293 294 
292 293 294 
292 293 294 
292 293 294 
292 293 294 
292 293 294 
292 293 294 
292 293 294 
292 293 294 
292 293 294 
292 293 294 
292 293 294 
292 293 294 
292 293 294 
292 293 294 
292 293 294 
292 293 294 
1 292 293 294 
292 293 294 
292 293 294 
292 293 294 
292 293 294 
292 293 294 
292 293 294 
1 292 293 294 
292 293 294 
1 292 293 294 
292 293 294 
292 293 294 
292 293 294 
292 293 294 
292 293 294 
292 293 294 
292 293 294 
292 293 294 
1 292 93 293 2 94 294 
292 293 294 
292 293 294 
292 293 294 
1 292 293 294 
292 293 294 
292 293 294 
292 293 294 
292 293 294 
292 293 294 
40 292 293 41 42 294 
292 293 294 
1 292 293 294 
292 293 294 
292 293 294 
292 40 293 147 42 294 
292 293 294 
292 293 294 
292 293 294 
292 293 294 
292 293 294 
292 293 294 
292 293 294 
292 293 294 
292 293 294 
1 292 93 293 2 94 294 
58 292 59 293 60 149 294 150 
1 292 293 294 
292 293 294 
292 293 294 
292 293 294 
292 293 294 
292 293 294 
292 293 294 
292 293 294 
1 292 93 293 2 94 294 
58 292 59 293 60 149 294 150 
292 293 294 
292 293 294 
292 293 294 
292 293 294 
292 293 294 
292 293 294 
292 293 294 
292 293 294 
292 293 294 
292 293 294 
292 293 294 
292 293 294 
292 293 294 
292 293 294 
1 292 15 293 294 
292 293 294 
292 293 294 
292 293 294 
292 293 294 
292 293 294 
292 293 294 
292 293 294 
292 448 293 294 
1 292 293 294 
292 293 294 
292 293 294 
1 292 293 294 
292 293 294 
292 293 294 
292 293 294 
292 293 294 
292 293 294 
292 293 294 
292 293 294 
292 293 294 
292 293 294 
292 293 294 
292 293 294 
292 293 294 
1 292 293 294 
292 293 294 
1 292 293 294 
292 293 294 
292 293 294 
292 293 294 
292 293 294 
292 293 294 
292 293 294 
292 146 40 293 42 294 
292 293 294 
292 293 294 
292 293 294 
292 293 294 
292 293 294 
292 293 294 
292 293 294 
1 292 93 293 2 94 294 
292 293 294 
292 293 294 
184 1 292 15 293 185 294 
1 292 293 294 
292 293 294 
292 293 294 
292 293 294 
292 293 294 
292 293 294 
292 293 294 
292 293 294 
292 293 294 
292 293 294 
1 292 293 294 
1 292 293 294 
292 293 294 
292 293 294 
292 293 294 
292 293 294 
1 292 293 294 
292 293 294 
1 292 293 294 
1 292 293 294 
292 293 294 
292 293 294 
292 293 294 
1 292 293 294 
292 293 294 
1 292 293 294 
292 293 294 
292 293 294 
292 293 294 
292 293 294 
292 293 294 
292 293 294 
292 293 294 
292 293 294 
292 293 294 
292 293 294 
292 293 294 
292 293 294 
292 293 294 
292 293 294 
40 292 293 41 42 294 
292 293 294 
292 293 294 
292 293 294 
292 293 294 
1 292 293 294 
292 293 294 
1 292 293 294 
292 293 294 
292 293 294 
292 293 294 
292 136 293 42 174 294 
292 293 406 294 
292 293 294 
1 292 293 294 
292 293 294 
1 292 293 294 
1 292 293 294 
292 293 294 
292 293 294 
1 292 15 293 294 
184 1 292 15 293 185 294 
292 293 294 
292 293 294 
292 293 294 
292 293 294 
1 292 293 294 
292 293 294 
292 293 294 
292 293 294 
292 293 294 
292 293 294 
292 293 294 
292 293 294 
292 293 294 
292 293 294 
292 293 294 
1 292 293 294 
292 293 294 
292 293 294 
292 293 294 
292 293 294 
292 293 294 
292 293 294 
292 293 294 
292 293 294 
292 293 294 
1 292 293 294 
1 292 293 294 
292 293 294 
292 293 294 
292 293 294 
1 292 293 294 
292 293 294 
40 292 293 41 42 294 
292 293 294 
40 292 293 41 42 294 
292 293 294 
292 293 294 
292 293 294 
1 292 293 294 
1 292 293 294 
292 293 294 
40 292 293 41 42 294 
1 292 93 293 2 94 294 
292 293 294 
292 293 294 
292 293 294 
292 293 294 
292 136 293 42 174 294 
292 293 294 
292 293 294 
292 293 294 
292 293 294 
58 292 59 293 60 149 294 150 
292 293 294 
292 293 294 
292 293 294 
292 293 294 
1 292 93 293 2 94 294 
1 292 293 294 
292 293 294 
292 293 294 
292 293 294 
292 40 293 147 42 294 
292 293 294 
292 293 294 
292 293 294 
292 293 294 
292 293 294 
1 292 293 294 
292 293 294 
184 1 292 15 293 185 294 
292 293 294 
292 293 294 
292 293 294 
292 293 294 
292 293 294 
292 293 294 
1 292 93 293 2 94 294 
292 293 294 
292 293 294 
292 293 294 
292 293 294 
292 293 294 
292 293 294 
292 40 293 147 42 294 
292 293 294 
292 293 294 
292 293 294 
292 293 294 
292 293 294 
292 293 294 
292 293 294 
292 293 294 
292 293 294 
292 293 294 
292 293 294 
292 293 294 
292 293 294 
292 293 294 
292 293 294 
184 1 292 15 293 185 294 
58 292 59 293 60 149 294 150 
292 293 294 
292 293 294 
292 293 294 
292 293 294 
292 293 294 
292 293 294 
292 293 294 
292 293 294 
1 292 293 294 
292 293 294 
292 293 294 
292 293 294 
292 293 294 
292 293 294 
292 293 294 
292 293 294 
292 293 294 
292 293 294 
292 293 294 
292 293 294 
292 293 294 
292 293 294 
292 293 294 
292 293 294 
292 293 294 
292 293 294 
292 293 294 
292 293 294 
292 293 294 
292 293 294 
292 293 294 
292 293 294 
292 293 294 
292 293 294 
1 292 293 294 
292 293 294 
1 292 293 294 
292 293 294 
292 293 294 
292 293 294 
292 293 294 
1 292 293 294 
292 293 294 
292 293 294 
292 293 294 
292 445 293 42 294 108 
292 293 294 
292 293 294 
292 293 294 
292 293 294 
292 293 294 
292 293 294 
292 293 294 
292 293 294 
292 293 294 
292 293 294 
1 292 293 294 
292 293 294 
292 293 294 
292 293 294 
292 293 294 
292 293 294 
292 293 294 
292 293 294 
292 293 294 
292 293 294 
292 293 294 
292 293 294 
292 293 294 
292 293 294 
292 293 294 
292 293 294 
292 293 294 
292 293 294 
292 293 294 
292 293 294 
292 293 294 
1 292 293 294 
292 293 294 
292 293 294 
292 293 294 
292 293 294 
292 293 294 
292 293 294 
292 293 294 
292 293 294 
292 293 294 
292 293 294 
292 293 294 
292 293 294 
292 293 294 
292 293 294 
292 293 294 
292 293 294 
1 292 93 293 2 94 294 
292 293 294 
1 292 15 293 294 
292 293 294 
40 292 293 41 42 294 
292 293 294 
292 293 294 
292 293 294 
292 293 294 
292 293 294 
292 293 294 
292 293 294 
292 293 294 
292 293 294 
292 293 294 
292 293 294 
292 293 294 
292 293 294 
292 293 294 
1 292 293 294 
292 293 294 
292 293 294 
292 293 294 
292 293 294 
292 293 294 
292 293 294 
292 293 294 
292 293 294 
292 293 294 
292 293 294 
1 292 293 294 
292 293 294 
1 292 293 294 
1 292 293 294 
292 293 294 
292 293 294 
292 293 294 
292 293 294 
292 293 294 
1 292 293 294 
292 293 294 
292 293 294 
292 293 294 
292 293 294 
58 292 59 293 60 149 294 150 
292 293 294 
292 293 294 
1 292 293 294 
292 293 294 
292 293 294 
292 293 294 
292 293 294 
292 293 294 
40 292 293 41 42 294 
292 293 294 
292 293 294 
292 293 294 
292 293 294 
292 293 294 
292 293 294 
1 292 293 294 
292 293 294 
184 1 292 15 293 185 294 
292 40 293 147 42 294 
292 293 294 
292 293 294 
292 293 294 
292 293 294 
292 293 294 
292 293 294 
1 292 293 294 
292 293 294 
292 293 294 
1 292 293 294 
292 293 294 
292 293 294 
292 293 294 
292 293 294 
292 293 294 
292 293 294 
292 293 294 
1 292 293 294 
292 293 294 
1 292 293 294 
292 293 294 
292 293 294 
1 292 93 293 2 94 294 
292 293 294 
292 293 294 
292 293 294 
292 293 294 
292 293 294 
292 293 294 
292 293 294 
292 293 294 
292 293 294 
292 293 294 
292 293 294 
292 293 294 
292 293 294 
1 292 293 294 
292 293 294 
292 293 294 
292 293 294 
292 293 294 
292 293 294 
292 293 294 
292 293 294 
292 136 293 42 174 294 
1 292 293 294 
292 293 294 
292 293 294 
292 293 294 
292 293 294 
1 292 293 294 
292 293 294 
292 293 294 
292 293 294 
292 293 294 
292 293 294 
292 293 294 
292 293 294 
1 292 293 294 
292 293 294 
292 293 294 
292 293 294 
292 293 294 
292 293 294 
292 267 293 294 
184 1 292 15 293 185 294 
292 293 294 
292 293 294 
292 293 294 
292 293 294 
1 292 293 294 
292 293 294 
292 293 294 
1 292 293 294 
292 293 294 
292 293 294 
292 293 294 
292 293 294 
1 292 93 293 2 94 294 
292 293 294 
292 40 293 147 42 294 
1 292 293 294 
292 293 294 
292 293 294 
292 293 294 
292 293 294 
1 292 293 294 
292 293 294 
292 293 294 
1 292 293 294 
292 293 294 
292 293 294 
292 293 294 
292 293 294 
292 293 294 
292 293 294 
184 1 292 15 293 185 294 
292 293 294 
1 292 293 294 
292 293 294 
292 293 294 
292 293 294 
292 293 294 
292 136 293 42 174 294 
292 293 294 
292 293 294 
292 293 294 
292 293 294 
292 293 294 
292 293 294 
292 293 294 
292 293 294 
292 293 294 
292 293 294 
292 293 294 
292 293 294 
1 292 293 294 
292 293 294 
292 293 294 
292 293 294 
292 293 294 
292 293 294 
292 293 294 
292 293 294 
292 293 294 
292 293 294 
292 293 294 
292 293 294 
1 292 293 294 
292 293 294 
1 292 293 294 
292 293 294 
1 292 293 294 
292 293 294 
292 293 294 
292 293 294 
292 293 294 
184 1 292 15 293 185 294 
292 293 294 
1 292 93 293 2 94 294 
292 293 294 
292 40 293 147 42 294 
292 293 294 
292 293 294 
292 293 294 
292 293 294 
1 292 293 294 
292 293 294 
292 293 294 
292 293 294 
292 293 294 
292 293 294 
292 293 294 
292 293 294 
292 293 294 
292 293 294 
1 292 293 294 
292 293 294 
292 293 294 
292 293 294 
292 293 294 
292 293 294 
292 293 294 
292 293 294 
292 293 294 
292 293 294 
292 293 294 
292 293 294 
292 293 294 
292 293 294 
292 293 294 
292 293 294 
292 293 294 
292 293 294 
292 293 294 
292 293 294 
292 293 294 
292 293 294 
292 293 294 
292 293 294 
292 293 294 
292 40 293 147 42 294 
1 292 15 293 43 294 
292 293 294 
292 293 294 
292 293 294 
292 293 294 
292 293 294 
292 293 294 
292 293 294 
292 293 294 
292 136 293 42 174 294 
292 293 294 
292 293 294 
292 293 294 
292 293 294 
292 293 294 
1 292 293 294 
292 293 294 
292 293 294 
292 293 294 
292 293 294 
292 293 294 
292 293 294 
292 293 294 
292 293 294 
292 293 294 
292 293 294 
292 293 294 
292 293 294 
292 293 294 
292 293 294 
1 292 293 294 
292 293 294 
292 293 294 
292 293 294 
292 293 294 
292 293 294 
292 293 294 
292 293 294 
292 293 294 
1 292 293 294 
292 293 294 
292 293 294 
292 293 294 
292 136 293 42 174 294 
292 293 294 
1 292 293 294 
1 292 93 293 2 94 294 
292 293 294 
292 293 294 
292 293 294 
1 292 293 294 
292 293 294 
292 293 294 
292 293 294 
292 293 294 
292 293 294 
292 293 294 
292 293 294 
292 293 294 
292 293 294 
292 293 294 
292 293 294 
1 292 293 294 
292 293 294 
292 293 294 
1 292 293 294 
292 293 294 
292 445 293 42 294 108 
292 293 294 
292 293 294 
40 292 293 41 42 294 
292 293 294 
292 293 294 
292 146 40 293 42 294 
292 293 294 
292 293 294 
184 1 292 15 293 185 294 
1 292 293 294 
292 293 294 
292 293 294 
292 293 294 
292 293 294 
292 293 294 
292 293 294 
292 293 294 
292 293 294 
292 293 294 
292 293 57 294 
292 293 294 
292 293 411 294 412 
292 293 294 
292 293 294 
1 292 93 293 2 94 294 
292 293 294 
1 292 93 293 2 94 294 
292 293 294 
292 293 294 
292 293 294 
292 293 294 
292 293 294 
292 293 294 
292 40 293 147 42 294 
292 40 293 147 42 294 
184 1 292 15 293 185 294 
1 292 293 294 
292 293 294 
292 293 294 
1 292 293 294 
292 293 294 
292 293 294 
292 293 294 
292 293 294 
292 293 294 
292 293 294 
292 293 294 
292 293 294 
292 293 294 
292 293 294 
292 293 294 
292 293 294 
292 293 294 
292 40 293 147 42 294 
292 293 294 
292 293 294 
292 293 294 
292 293 294 
292 293 294 
292 293 294 
292 293 294 
292 293 294 
292 293 294 
292 293 294 
292 293 294 
292 293 294 
292 293 294 
292 293 294 
292 293 294 
184 1 292 15 293 185 294 
292 293 294 