778 334 38 39 
778 334 
778 334 
778 334 
778 334 
778 334 
778 334 
1 778 15 334 202 
778 334 
778 334 
778 334 
778 334 
778 334 
778 334 
778 334 
778 334 38 39 
778 334 
778 334 
778 334 
778 334 
778 334 42 
778 334 
778 334 38 39 
778 334 
778 334 
778 334 
778 51 348 350 349 334 351 
778 51 348 350 349 334 351 
778 334 
778 334 
778 334 
778 334 
778 334 
778 334 
778 51 348 350 349 334 351 
778 334 
778 334 
778 334 
778 334 
778 51 334 
778 334 
778 334 
619 334 
619 334 
619 334 
619 334 
778 334 
778 334 38 39 
778 334 
778 334 
778 334 
778 334 
778 334 
619 334 38 39 
778 334 38 39 
619 334 38 39 
778 334 
778 334 
778 334 
778 334 
778 334 
778 334 
778 334 
778 334 
778 334 
778 334 
778 334 
778 334 38 39 
778 334 
778 334 
778 334 
778 334 
778 334 
778 334 
778 334 
619 334 
619 334 
619 334 
778 334 
619 334 
619 334 
619 334 
619 334 
619 334 
778 334 
778 334 
778 334 
778 334 
778 334 
778 334 38 39 
619 334 
619 334 
619 334 
184 1 619 15 334 185 
619 334 
184 1 619 15 334 185 
619 334 
619 334 
619 334 
619 334 
778 334 
778 334 
778 334 
778 334 
778 334 
778 334 
778 334 
778 334 
778 334 
778 334 38 39 
778 334 
778 334 
778 334 
778 334 
778 334 
778 334 
778 334 
778 334 
778 334 
778 334 
778 334 
778 334 42 
778 334 38 39 
778 334 38 39 
778 334 
778 334 
778 334 
778 334 
778 334 
778 334 
778 334 
778 334 
778 334 
778 334 
778 334 
778 334 
778 334 
778 334 
778 334 
778 334 
778 334 
778 334 
778 334 
778 334 
778 334 
778 334 
778 334 
778 334 
778 334 
778 334 
778 334 
778 334 38 39 
778 334 
778 334 
778 334 
619 334 57 
778 334 
1 778 15 334 
619 334 
619 334 
619 334 
619 334 
619 334 
778 334 38 39 
778 334 
619 334 
619 334 
619 334 
778 334 
619 334 
619 334 
619 334 
619 334 
619 334 
619 51 334 313 78 
619 51 334 313 78 
778 334 
778 334 38 39 
1 778 15 334 202 
778 334 
778 334 
778 334 
778 334 
778 334 
778 334 
778 334 
1 778 15 334 202 
619 334 
619 334 
619 334 
778 334 
778 334 
778 136 334 42 174 
778 334 38 39 
778 334 
778 334 
778 334 
778 334 
778 334 
778 334 
778 51 334 
778 51 334 
778 334 
778 334 
778 334 
778 334 
778 136 334 42 174 
778 334 38 39 
778 51 334 
778 136 334 42 174 
778 334 
778 334 
778 334 
778 334 
778 334 
778 334 
778 334 
778 334 
778 334 
778 334 
778 334 
778 334 
778 334 
778 53 54 51 334 
778 51 334 313 78 
778 334 
778 334 
778 51 334 
778 334 
778 334 
778 334 
619 334 
778 334 
778 334 
778 334 
778 334 
778 334 
619 334 38 39 
619 334 
778 334 
778 334 
778 334 
778 334 
778 334 
778 334 
778 334 
619 334 
619 334 
619 334 
778 334 
778 334 
778 334 
778 334 
778 334 
778 334 
778 334 
778 334 
778 334 
778 334 
778 334 
778 334 
619 334 
1 778 15 334 202 