1 2 115 116 
1 2 3 4 
1 2 4 
1 2 115 116 
1 2 115 116 
1 118 2 115 4 
1 2 115 116 
1 2 4 
1 2 115 116 
1 2 4 
1 2 4 
1 2 4 
1 24 2 25 4 
1 2 4 
1 2 4 
1 2 4 
1 2 4 
1 2 4 
1 2 4 
1 19 2 20 4 
1 2 4 
1 2 3 4 
1 2 115 116 
1 2 4 
1 27 2 28 4 
1 2 4 
1 2 115 116 
1 2 115 116 
1 123 2 
1 2 18 4 
1 2 4 
1 2 115 116 
1 2 115 116 
1 2 115 116 
1 2 4 
1 2 4 
1 2 4 
1 11 2 4 
1 2 115 116 
1 2 4 125 
1 2 4 
1 123 2 21 
1 2 4 
1 2 21 4 131 
1 123 2 
1 2 132 4 
1 2 3 4 
1 2 15 133 
1 2 4 
1 2 135 15 133 
1 2 135 15 133 
1 2 4 
1 2 21 4 131 
1 2 4 
1 2 4 
1 123 2 
1 2 4 
1 2 4 
1 2 4 
1 2 4 
1 2 115 116 
1 2 115 116 
1 2 115 116 
1 2 115 116 
1 2 28 115 116 
1 2 115 116 
1 2 4 
1 2 4 
1 2 3 4 
1 2 3 4 
1 2 115 116 
1 2 115 116 
1 2 115 116 
1 2 115 116 
1 2 115 116 
1 2 115 116 
1 2 115 116 
1 118 2 115 116 
1 2 115 116 
1 118 2 115 116 
1 2 115 116 
1 2 115 116 
1 2 115 116 
1 2 115 116 
1 2 115 116 
1 2 115 116 
1 2 115 116 
1 26 27 2 28 115 116 
1 2 115 116 
1 2 4 
1 2 115 116 
1 2 115 116 
1 2 115 116 
1 2 4 
1 2 3 4 
1 2 4 
1 2 4 
1 2 3 4 
1 2 4 
1 2 4 
