574 575 788 789 
574 792 789 
574 575 788 789 
574 792 789 
574 575 788 789 
574 575 788 789 
574 792 789 
574 575 788 789 
574 792 789 
574 575 788 789 
574 792 789 
574 575 788 789 
574 792 789 
574 575 788 789 
574 792 789 
574 575 788 789 
574 792 789 
574 575 788 789 
574 792 789 
574 575 788 789 
574 792 789 
574 575 788 789 
574 792 789 
574 575 788 789 
574 792 789 
574 575 788 789 
574 792 789 
574 575 788 789 
574 792 789 
574 575 788 789 
574 792 789 
574 575 788 789 
574 792 789 
574 575 788 789 
574 792 789 
574 575 788 789 
574 792 789 
574 575 788 789 
574 788 789 
574 792 789 
574 575 788 789 
574 792 789 
574 575 788 789 
574 792 789 
574 575 788 789 
574 792 789 
574 575 788 789 
574 792 789 
574 575 788 789 
574 788 789 
574 792 789 
574 575 788 789 
574 792 789 
574 788 789 
574 792 789 
574 788 789 
574 792 789 
574 575 788 789 
574 792 789 
574 575 788 789 
574 792 789 
574 575 788 789 
574 792 789 
574 575 788 789 
574 792 789 
574 575 788 789 
574 792 789 
574 575 788 789 
574 792 789 
574 575 788 789 
574 792 789 
574 788 789 
574 792 789 
574 575 788 789 
574 792 789 
574 575 788 789 
574 792 789 
574 575 788 789 
574 792 789 
574 575 788 789 
574 792 789 
574 575 788 789 
574 792 789 
574 575 788 789 
574 792 789 
574 575 788 789 
574 792 789 
574 788 789 
574 792 789 
574 575 788 789 
574 792 789 
574 575 788 789 
574 792 789 
574 575 788 789 
574 792 789 