51 257 540 313 78 
51 257 540 78 
184 1 15 51 257 185 540 78 
51 257 540 78 
1 355 15 51 257 349 540 541 43 78 351 
51 257 540 313 78 
51 257 540 78 
1 15 51 257 540 78 
51 257 542 540 78 
51 257 540 313 78 
367 51 257 349 540 78 
367 51 257 349 540 78 
51 257 540 78 
51 257 540 313 78 
51 257 540 313 78 
51 257 540 313 78 
51 257 540 78 
51 257 540 313 78 
51 257 540 313 78 
51 257 540 78 
51 257 540 78 
51 257 540 313 78 
51 257 540 313 78 
51 257 540 78 
51 257 540 313 78 
51 257 540 313 78 
51 257 540 313 78 
51 257 540 313 78 
51 257 540 313 78 
51 257 540 78 
51 257 540 78 
51 257 540 78 
51 257 540 313 78 
51 257 540 313 78 
51 257 540 313 78 
51 257 540 313 78 
51 257 540 313 78 
51 257 540 313 78 
51 257 540 313 78 
51 257 540 313 78 
51 257 540 313 78 
51 257 540 313 78 
51 257 540 313 78 
51 257 540 78 
51 257 540 78 