1 15 641 
1 15 641 
1 15 641 
1 15 641 
1 15 641 
1 15 641 
1 15 641 
1 15 641 
1 15 641 
1 15 641 
1 15 641 
1 15 641 
1 15 641 
1 15 641 
1 15 641 
1 15 641 
1 15 641 
1 15 641 
1 15 641 
1 15 641 
1 15 641 
1 15 641 
1 15 641 
1 15 641 
1 15 641 
1 15 641 
1 15 641 
1 15 641 
1 15 641 
1 184 15 185 641 
1 15 42 641 
1 15 641 
1 184 15 185 641 
1 15 42 641 
1 53 54 15 51 641 
1 15 641 
1 15 641 
1 15 641 
1 15 641 
1 15 641 
1 15 641 
1 15 641 
1 15 641 
1 15 641 
1 15 641 
1 15 641 
1 15 641 
1 15 641 
1 15 641 
1 15 641 
1 15 641 
1 15 641 
1 15 641 
1 15 641 
1 15 641 
1 15 641 
1 15 641 
1 15 641 
1 15 641 
1 15 641 
1 15 641 
1 15 641 
1 15 641 
1 15 641 
1 15 641 
1 15 641 
1 15 641 
1 15 641 
1 15 641 
1 15 641 
1 15 641 
1 15 641 
1 15 641 
1 15 641 
1 15 641 
1 442 15 401 641 
1 15 43 641 
1 15 43 641 
1 442 15 401 641 
1 15 641 
1 15 641 
1 15 641 
1 15 51 313 78 641 
1 15 641 
1 15 641 
1 15 641 
1 15 51 313 78 641 
1 15 641 
1 15 641 
1 15 641 
1 15 641 
1 15 641 
1 15 641 
1 15 641 
1 15 641 
1 15 641 
1 15 641 
1 15 641 
1 15 641 
1 15 641 
1 15 641 
1 15 641 
1 15 641 
1 15 641 
1 15 641 
1 15 641 
1 15 641 
1 15 641 
1 15 51 313 78 641 
1 15 641 
1 15 641 
1 15 641 
1 15 641 
1 15 641 
1 15 641 
1 15 641 
1 15 641 
1 15 641 
1 15 641 
1 15 641 
1 15 641 
1 15 641 
1 15 641 
1 15 641 
1 15 641 
1 15 641 
1 15 641 
1 15 641 
1 15 641 
1 15 641 
1 15 641 
1 15 641 
1 15 641 
1 15 641 
1 15 641 
1 15 641 
1 15 51 313 78 641 
1 15 641 
1 15 641 
1 15 641 
1 15 51 313 78 641 
1 15 641 
1 15 641 
1 15 641 
1 15 641 
1 15 641 
1 15 641 
1 15 641 
1 15 51 313 78 641 
1 15 641 
1 15 641 
1 15 641 
1 15 641 
1 15 641 
1 15 641 
1 15 641 
1 15 641 
1 15 641 
1 15 641 
1 15 641 
1 15 641 
1 15 641 
1 15 641 
1 15 641 
1 15 641 
1 15 641 
1 15 641 
1 15 641 
1 15 641 
1 15 641 
1 15 2 641 4 
1 15 641 
1 15 2 641 4 
1 15 641 
1 15 641 
1 15 641 
1 15 641 
1 15 641 
1 15 641 
1 15 641 
1 15 641 
1 15 641 
1 15 641 
1 15 641 
1 15 641 
1 15 641 
1 15 641 
1 15 641 
1 15 641 
1 15 641 
1 15 641 
1 15 641 
1 15 641 
1 15 641 
1 15 641 
1 15 641 
1 15 641 
1 15 641 
1 15 641 
1 15 641 
1 15 641 
1 15 51 641 
1 15 641 
1 15 641 
1 15 641 
1 15 641 
1 15 641 
1 15 641 
1 15 641 
1 15 641 
1 15 641 
1 15 641 
1 15 641 
1 15 641 
1 53 54 15 51 641 
1 15 641 
1 15 641 
1 15 641 
1 15 641 
1 15 641 
1 15 641 
1 15 641 
1 15 641 
1 15 641 
1 15 641 
1 15 641 
1 15 641 
1 15 641 
1 15 93 2 94 641 
1 15 641 
1 15 641 
1 15 641 
1 15 641 
1 15 641 
1 15 641 
1 15 641 
1 15 641 
1 15 641 
1 15 641 
1 15 641 
1 15 641 
1 15 641 
1 15 641 
1 15 641 
1 15 93 2 94 641 
1 15 641 
1 15 641 
1 15 641 
1 15 641 
1 15 641 
1 15 641 
1 15 641 
1 15 641 
1 15 641 
1 15 641 
1 15 641 
1 15 641 
1 15 641 
1 15 641 
1 15 641 
1 15 641 
1 15 641 
1 15 641 
1 15 641 
1 15 641 
1 15 641 
1 15 641 
1 15 641 
1 15 641 
1 15 641 
1 15 641 
1 15 641 
1 53 54 15 51 641 
1 15 641 
1 15 641 
1 15 641 
1 15 641 
1 15 641 
1 15 641 
1 15 641 
1 15 641 
1 15 641 
1 15 641 
1 15 641 
1 15 641 
1 15 51 641 
1 15 641 
1 15 641 
1 15 641 
1 15 641 
1 15 641 
1 15 641 
1 15 641 
1 15 641 
1 15 641 
1 15 641 
1 15 641 
1 15 641 
1 15 641 
1 15 641 
1 15 641 
1 15 641 
1 15 641 
1 53 54 15 51 641 
1 15 641 
1 15 641 
1 15 641 
1 15 641 
1 15 641 
1 15 641 
1 15 641 
1 15 641 
1 15 641 
1 15 641 
1 15 641 
1 15 641 
1 15 641 
1 15 641 
1 15 641 
1 15 641 
1 15 641 
1 15 641 
1 15 641 
1 15 641 
1 15 641 
1 15 641 
1 15 641 
1 15 641 
1 15 641 
1 15 641 
1 15 641 
1 15 641 
1 15 641 
1 15 641 
1 15 641 
1 15 641 
1 15 641 
1 15 641 
1 15 641 
1 15 641 
1 15 641 
1 15 641 
1 15 641 
1 15 641 
1 15 641 
1 15 641 
1 15 641 
1 15 641 
1 15 641 
1 15 641 
1 15 641 
1 15 641 
1 15 641 
1 15 641 
1 15 641 
1 15 641 
1 15 641 
1 15 641 
1 15 641 
1 15 641 
1 15 641 
1 15 641 
1 15 641 
1 15 641 
1 15 641 
1 15 641 
1 15 641 
1 15 641 
1 15 641 
1 15 641 
1 15 641 
1 15 641 
1 15 641 
1 15 641 
1 15 641 
1 15 641 
1 15 641 
1 15 641 
1 15 641 
1 15 641 
1 15 641 
1 15 641 
1 15 641 
1 15 641 
1 15 641 
1 15 641 
1 15 641 
1 15 641 
1 15 641 
1 15 641 
1 15 641 
1 15 641 
1 15 641 
1 15 641 
1 15 641 
1 15 641 
1 15 641 
1 15 641 
1 15 641 
1 15 641 
1 15 641 
1 15 641 
1 15 641 
1 15 641 
1 15 641 
1 15 641 
1 15 641 
1 15 641 
1 15 641 
1 15 641 
1 15 641 
1 15 641 
1 15 641 
1 15 641 
1 15 641 
1 15 641 
1 15 641 
1 15 641 
1 15 641 
1 15 641 
1 15 55 56 57 641 
1 15 641 
1 15 55 56 57 641 
1 15 641 
1 442 15 401 641 
1 15 641 
1 15 641 
1 15 641 
1 15 641 
1 442 15 401 641 