1 18 51 
1 52 18 
1 52 18 
1 18 54 
1 52 18 
1 18 54 
1 18 54 
1 52 18 
1 18 54 
1 52 18 
1 18 54 
1 18 51 
1 52 18 
1 18 54 
1 18 51 
1 18 54 
1 52 18 
1 52 18 
1 18 54 
1 18 51 
1 18 51 
1 18 51 
1 57 18 
1 52 18 
1 18 54 
1 18 54 
1 18 54 
1 52 18 
1 18 54 
1 52 18 
1 52 18 
1 52 18 
1 52 18 
36 21 22 
36 21 37 22 
36 21 37 22 
36 21 22 
1 52 18 
1 52 18 
36 21 22 
36 21 37 22 
36 21 22 
36 21 37 22 
36 21 22 
36 21 37 22 
36 21 37 22 
1 36 18 21 22 
36 21 37 22 
1 57 18 
1 52 18 
1 52 18 
1 52 18 
1 18 61 
1 18 61 
1 52 18 
1 52 18 
1 52 18 
1 52 18 
1 52 18 
1 52 18 
1 18 54 
1 52 18 
1 18 54 
1 57 18 
1 52 18 
1 18 54 
1 18 54 
1 18 54 
1 52 18 
1 52 18 
1 52 18 
1 52 18 
1 18 54 
1 52 18 
1 52 18 
1 52 18 
1 52 18 
1 18 61 
1 57 18 
1 52 18 
1 57 18 
1 52 18 
1 52 18 
1 18 51 
1 52 18 
1 57 18 
1 18 54 
1 18 54 
1 57 18 
1 52 18 
1 18 54 
1 18 54 
1 18 54 
1 18 54 
1 57 18 
1 52 18 
1 52 18 
1 18 54 
1 57 18 
1 18 61 
