1 295 140 19 2 141 
1 295 140 19 2 141 
1 295 140 19 2 141 
1 295 140 19 2 141 
1 295 140 19 2 141 
1 295 140 19 2 141 
1 295 140 19 2 141 
1 295 140 19 2 141 
1 295 140 19 2 141 
1 295 140 19 2 141 
1 295 140 19 2 141 
1 295 140 19 2 141 
1 295 140 19 2 141 
1 295 140 19 2 141 
1 295 140 19 2 141 
1 295 140 19 2 141 
1 295 140 19 2 141 
1 295 140 19 2 141 
1 295 140 19 2 141 
1 295 140 19 2 141 
1 295 140 19 2 141 
1 295 140 19 2 141 
1 295 140 19 2 141 
1 295 140 19 2 141 
1 295 140 19 2 141 
1 295 140 19 2 141 
1 295 140 19 2 141 
1 295 140 19 2 141 
1 295 140 19 2 141 
1 295 140 19 2 141 
1 295 140 19 2 141 
1 295 140 19 2 141 
1 295 140 19 2 141 
1 295 140 19 2 141 
1 295 140 19 2 141 
1 295 140 19 2 141 
1 295 140 19 2 141 
1 295 140 19 2 141 
1 295 140 19 2 141 
1 295 140 19 2 141 
1 295 140 19 2 141 
1 295 140 19 2 141 
1 295 140 19 2 141 
1 295 140 19 2 141 
1 295 140 19 2 141 
1 295 140 19 2 141 
1 295 140 19 2 141 
1 295 140 19 38 2 229 141 
1 295 140 19 2 141 
1 295 140 19 2 141 
1 295 140 19 2 141 
1 295 140 19 2 141 
1 295 140 19 2 141 
1 295 140 19 2 141 
1 295 140 19 2 141 
1 295 140 19 2 141 
1 295 140 19 2 141 
1 295 140 19 2 141 
1 295 140 19 2 141 
1 295 140 19 2 141 
1 295 140 19 2 141 
1 295 140 19 2 141 
1 295 140 19 2 141 
1 295 140 19 2 141 
1 295 140 19 2 141 
1 295 140 19 2 141 
1 295 140 19 2 141 
1 295 140 19 2 141 
1 295 140 19 2 141 
1 295 140 19 2 141 
1 295 140 19 2 141 
1 295 140 19 2 141 
1 295 140 19 2 141 
1 295 140 19 2 141 
1 295 140 19 2 141 
1 295 140 19 2 141 
1 295 140 19 2 141 
1 295 140 19 2 141 
1 295 140 19 2 141 
1 295 140 19 2 141 
1 295 140 19 2 141 
1 295 140 19 2 141 
1 295 140 19 2 141 
1 295 140 19 2 141 
1 295 140 19 2 141 
1 295 140 19 2 141 
1 295 140 19 2 141 
1 295 140 19 2 141 
1 295 140 19 2 141 
1 295 140 19 2 141 
1 295 140 19 2 141 
1 295 140 19 2 141 
1 295 140 19 2 141 