54 190 51 257 555 479 192 
54 190 51 257 479 192 
54 190 51 257 479 192 
54 190 51 257 479 192 
54 190 51 257 479 192 222 
54 190 51 257 479 192 222 
54 190 51 257 479 192 222 
54 190 51 257 479 192 222 
54 190 51 257 479 375 78 192 
54 190 51 257 479 192 222 
54 190 51 257 479 192 222 
54 190 51 257 479 192 222 
54 190 51 257 479 192 
54 190 51 257 479 192 222 
54 190 51 257 479 192 
54 190 51 257 479 192 222 
54 190 51 257 479 192 222 
54 190 51 257 479 192 222 
54 190 51 257 479 192 222 
54 190 51 257 479 192 222 
54 190 51 257 479 192 222 
54 190 51 257 479 192 
54 190 51 257 479 192 222 
54 190 51 257 479 192 
54 190 51 257 479 192 
54 190 51 257 479 192 
54 190 51 257 479 192 
54 190 51 257 479 192 222 
54 190 51 257 479 192 
54 190 51 257 479 192 
54 190 51 257 479 192 
54 190 51 257 479 192 
54 190 51 257 479 192 222 
54 190 51 257 479 192 222 
54 190 51 257 479 192 
54 190 51 257 479 192 222 
54 190 51 257 479 192 
54 190 51 257 479 192 222 
54 190 51 257 479 192 222 
54 190 51 257 479 375 78 192 
54 190 51 257 479 192 222 
54 190 51 257 479 192 222 
54 190 51 257 479 192 
54 190 51 257 479 192 
54 190 51 257 479 192 
54 190 51 257 479 192 
54 190 51 257 479 192 222 
54 190 51 257 479 192 
54 190 51 257 479 192 
54 190 51 257 479 192 
54 190 51 257 479 192 
54 190 51 257 479 192 222 
54 190 51 257 479 192 222 
54 190 51 257 479 192 
54 190 51 257 479 192 
54 190 51 257 479 192 222 
54 190 51 257 479 192 
54 190 51 257 479 192 222 
54 190 51 257 479 192 222 
54 190 51 257 479 192 
54 190 51 257 479 192 
54 190 51 257 479 192 
54 190 51 257 479 192 
54 190 51 257 479 192 222 
54 190 51 257 479 192 222 
54 190 51 257 479 192 222 
54 190 51 257 479 192 222 
54 190 51 257 479 192 222 
54 190 51 257 479 192 222 
54 190 51 257 479 192 222 
54 190 51 257 479 192 
54 190 51 257 479 192 
54 190 51 257 479 192 
54 190 51 257 479 192 
54 190 51 257 479 192 
54 190 51 257 479 192 
54 190 51 257 479 192 
54 190 51 257 479 192 
54 190 51 257 479 192 
54 190 51 257 479 192 
54 190 51 257 479 192 222 
54 190 51 257 479 192 
54 190 51 257 479 192 
54 190 51 257 479 192 
54 190 51 257 479 192 
54 190 51 257 479 192 
54 190 51 257 479 192 
54 190 51 257 479 192 222 
54 190 51 257 479 192 222 
54 190 51 257 479 192 
54 190 51 257 479 192 222 
54 190 51 257 479 192 
54 190 51 257 479 192 
54 190 51 257 479 192 
54 190 51 257 479 192 
54 190 51 257 479 192 
54 190 51 257 479 192 
54 190 51 257 479 192 
54 190 51 257 479 192 
54 190 51 257 479 192 
54 190 51 257 479 192 
54 190 51 257 479 192 
54 190 51 257 479 192 222 
54 190 51 257 479 192 
54 190 51 257 479 192 222 
54 190 51 257 479 192 222 
54 190 51 257 479 192 
54 190 51 257 479 192 
54 190 51 257 479 192 222 
54 190 51 257 479 192 
54 190 51 257 479 192 
54 190 51 257 479 192 
54 190 51 257 479 192 
54 190 51 257 479 192 222 
54 190 51 257 479 192 
54 190 51 257 479 192 
54 190 51 257 479 192 
54 190 51 257 479 192 
54 190 51 257 479 192 
54 190 51 257 479 192 
54 190 51 257 479 192 