292 293 294 
292 293 294 
292 293 294 
292 293 294 
292 293 294 
292 293 294 
292 293 294 
292 293 294 
1 292 293 294 
292 293 294 
1 292 15 293 202 234 294 
292 293 294 
292 293 294 
292 293 294 
1 292 93 293 2 94 294 
292 293 294 
292 293 294 
292 293 294 
292 293 294 
292 293 294 
292 293 294 
292 293 294 
292 293 294 
1 292 293 294 
292 293 294 
292 293 294 
292 293 294 
1 292 93 293 2 94 294 
292 293 294 
292 293 294 
1 292 93 293 2 94 294 
292 293 294 
292 293 294 
1 292 293 294 
292 293 294 
292 293 294 
292 293 294 
292 293 294 
292 293 294 
1 292 15 293 202 234 294 
292 293 294 
292 293 294 
292 293 294 
292 293 294 
1 292 293 294 
292 293 294 
292 293 294 
292 293 294 
292 293 294 
292 293 294 
292 293 294 
292 293 294 
292 293 294 
292 445 293 42 294 108 
292 293 294 
292 293 294 
292 293 294 
292 293 294 
292 293 294 
292 293 294 
292 293 294 
292 293 294 
292 293 294 
292 293 294 
292 293 294 
292 293 294 
1 292 15 293 202 234 294 
292 293 294 
292 293 294 
292 293 294 
292 293 294 
292 293 294 
292 293 294 
292 293 294 
292 293 294 
292 293 294 
292 293 294 
292 136 293 42 174 294 
292 293 294 
292 293 294 
1 292 293 294 
292 293 294 
1 292 293 294 
292 293 294 
292 293 294 
292 293 294 
292 293 294 
292 293 294 
292 293 294 
292 293 294 
292 293 294 
292 293 294 
292 293 294 
292 293 294 
292 293 294 
292 293 294 
1 292 293 294 
292 293 294 
292 293 294 
292 293 294 
292 293 294 
292 293 294 
292 293 294 
292 293 294 
292 293 294 
292 293 294 
292 293 294 
292 293 294 
292 293 294 
292 293 294 
292 293 294 
292 293 294 
292 293 294 
292 293 294 
292 293 294 
292 293 294 
292 293 294 
1 292 93 293 2 94 294 
292 293 294 
292 293 294 
292 293 294 
292 293 294 
292 293 294 
292 293 294 
292 293 294 
292 293 294 
292 293 294 
292 293 294 
292 293 294 
292 293 294 
292 293 294 
292 293 294 
292 293 294 
292 293 294 
292 293 294 
292 293 294 
292 293 294 
292 293 294 
292 293 294 
292 293 294 
292 293 294 
292 293 294 
292 293 294 
292 293 294 
1 292 293 294 
292 293 294 
292 293 294 
292 293 294 
292 293 294 
292 293 294 
292 293 294 
292 293 294 
1 292 293 294 
292 293 294 
1 292 293 294 
292 293 294 
1 292 15 293 202 234 294 
292 293 294 
292 293 294 
292 293 294 
292 293 294 
292 293 294 
1 292 293 294 
292 293 294 
292 293 294 
292 293 294 
292 293 294 
292 293 294 
292 293 294 
292 293 294 
292 293 294 
292 293 294 
292 293 294 
292 136 293 42 174 294 
292 293 294 
292 293 294 
292 293 294 
292 293 294 
1 292 293 294 
292 293 294 
292 293 294 
292 293 294 
292 293 294 
1 292 293 294 
292 293 294 
292 293 294 
292 293 294 
1 292 293 294 
292 293 294 
292 293 294 
292 293 294 
292 293 294 
292 293 294 
1 292 293 294 
292 293 294 
292 293 294 
292 293 294 
292 293 294 
292 293 294 
292 293 294 
292 293 294 
292 293 294 
292 293 294 
292 293 294 
292 293 294 
292 293 294 
292 293 294 
292 293 294 
292 293 294 
292 293 294 
292 293 411 294 412 
292 293 294 
292 293 294 
292 293 294 
292 293 294 
292 293 294 
292 293 294 
292 293 294 
292 293 294 
292 293 294 
292 293 294 
1 292 15 293 202 234 294 
292 293 294 
1 292 293 294 
292 293 294 
292 293 294 
292 293 294 
292 293 294 
292 293 294 
292 293 294 
292 293 294 
1 292 293 294 
1 292 15 293 202 234 294 
292 293 294 
292 293 294 
292 293 294 
292 40 293 147 42 294 
292 293 294 
292 293 294 
1 292 293 294 
292 293 294 
292 293 294 
292 293 294 
292 293 294 
292 293 294 
1 292 15 293 202 234 294 
292 293 294 
292 293 294 
292 293 294 
292 293 294 
292 293 294 
1 292 293 294 
292 293 294 
292 293 294 
292 293 294 
1 292 293 294 
292 293 294 
292 293 294 
292 293 294 
292 293 294 
1 292 293 294 
292 293 294 
292 293 294 
292 293 294 
292 293 294 
292 293 294 
292 293 294 
292 293 294 
292 293 294 
292 293 294 
292 293 294 
292 293 294 
292 293 294 
292 293 294 
1 292 293 294 
292 293 294 
292 293 294 
292 293 294 
292 293 294 
292 293 294 
292 293 294 
292 293 294 
292 293 294 
292 293 294 
292 293 294 
292 293 294 
1 292 293 294 
292 293 294 
292 293 294 
292 293 294 
292 293 294 
292 293 294 
292 293 294 
292 293 294 
1 292 15 293 202 234 294 
292 293 294 
292 293 294 
292 293 294 
292 293 294 
292 293 294 
292 293 294 
292 293 294 
292 293 294 
292 293 294 
292 293 294 
292 293 294 
292 293 294 
292 293 294 
292 293 294 
292 293 294 
292 293 294 
292 293 294 
292 293 294 
292 293 294 
292 293 294 
292 293 294 
1 292 293 294 
292 293 294 
292 293 294 
292 293 294 
292 293 294 
292 293 294 
292 293 294 
292 293 294 
292 293 294 
292 293 294 
292 293 294 
292 293 294 
292 293 294 
292 40 293 147 42 294 
292 293 294 
292 293 294 
292 293 294 
292 293 294 
292 293 294 
292 293 294 
292 293 294 
292 293 294 
292 293 294 
292 293 294 
292 293 294 
1 292 293 294 
292 293 294 
292 293 294 
292 293 294 
292 293 294 
1 292 19 293 2 294 
292 293 294 
292 40 293 147 42 294 
292 293 294 
292 293 294 
292 293 294 
292 293 294 
292 293 294 
292 293 294 
292 293 294 
292 293 294 
292 293 294 
292 293 294 
292 293 294 
292 293 294 
292 293 294 
292 293 294 
292 293 294 
1 292 293 294 
292 293 294 
292 293 294 
292 293 294 
292 293 294 
292 293 294 
292 293 294 
292 293 294 
292 293 294 
292 293 294 
292 293 294 
292 293 294 
292 293 294 
292 293 294 
292 293 294 
1 292 293 294 
292 293 294 
292 293 294 
292 293 294 
292 293 294 
292 293 294 
292 293 294 
292 293 294 
292 293 294 
1 292 15 293 294 
292 293 294 
292 293 294 
292 293 294 
292 293 294 
292 293 294 
292 293 294 
292 293 294 
292 293 294 
292 293 294 
292 293 294 
292 293 294 
292 293 294 
292 293 294 
292 293 294 
292 293 294 
292 293 294 
292 293 294 
292 293 294 
292 293 294 
292 293 294 
292 293 294 
292 293 294 
292 293 294 
1 292 293 294 
292 293 294 
292 293 294 
292 40 293 147 42 294 
292 293 294 
292 293 294 
292 293 294 
292 293 294 
292 293 294 
292 293 294 
292 293 294 
292 293 294 
292 293 294 
292 293 294 
292 293 294 
292 293 294 
40 292 293 41 42 294 
292 293 294 
292 293 294 
1 292 293 294 
292 293 294 
292 293 294 
292 293 294 
292 293 294 
292 293 294 
292 293 294 
292 293 294 
292 293 294 
292 293 294 
292 293 294 
292 293 294 
292 293 294 
292 293 294 
292 293 294 
292 293 294 
292 293 294 
292 293 294 
292 293 294 
292 293 294 
292 293 294 
292 293 294 
292 293 294 
292 293 294 
292 293 294 
292 293 294 
292 293 294 
292 293 294 
292 293 294 
1 292 293 294 
292 293 294 
292 293 294 
292 293 294 
1 292 293 294 
292 293 294 
292 293 294 
292 293 294 
1 292 15 293 202 234 294 
292 293 406 294 
292 293 294 
292 293 294 
292 293 294 
292 293 294 
292 293 294 
292 293 294 
292 293 294 
292 293 294 
292 293 294 
292 293 294 
292 293 294 
292 293 294 
292 293 294 
292 293 294 
292 293 294 
292 293 294 
292 293 294 
292 293 294 
292 293 294 
292 293 294 
292 293 294 
292 293 294 
1 292 293 294 
292 293 294 
292 293 294 
292 293 294 
292 293 294 
292 293 294 
292 293 294 
1 292 15 293 202 234 294 
292 293 406 294 
292 293 294 
292 293 294 
292 293 294 
1 292 293 294 
1 292 293 294 
292 293 294 
292 293 294 
292 293 294 
292 293 294 
292 293 294 
292 293 294 
292 293 294 
292 293 294 
292 293 294 
292 293 294 
292 293 294 
292 293 294 
292 293 294 
292 293 294 
292 293 294 
292 293 294 
292 293 294 
292 293 294 
292 293 294 
292 293 294 
292 293 294 
292 293 294 
292 293 294 
292 293 294 
292 293 294 
292 293 294 
292 293 294 
292 293 294 
292 293 294 
292 293 294 
292 293 294 
292 293 294 
292 293 294 
292 293 294 
292 293 294 
292 293 294 
292 293 294 
292 293 294 
292 293 294 
292 293 294 
292 293 294 
292 293 294 
292 293 294 
292 293 294 
292 293 294 
292 293 294 
292 293 294 
292 293 294 
292 293 294 
292 293 294 
292 293 294 
292 293 294 
292 293 294 
292 293 294 
292 293 294 
292 293 294 
292 293 294 
292 293 294 
292 293 294 
292 293 294 