51 257 375 78 
1 51 257 93 2 375 94 78 
51 257 375 78 
1 51 257 93 2 375 94 78 
1 51 257 93 2 375 94 78 
1 51 257 93 2 375 94 78 
1 15 51 257 375 78 
1 51 257 93 2 375 94 78 
1 51 257 93 2 375 94 78 
1 51 257 93 2 375 94 78 
1 15 51 257 375 78 
51 257 375 78 
51 257 375 78 
1 51 257 93 2 375 94 78 
51 257 375 78 
1 51 257 93 2 375 94 78 
1 51 257 93 2 375 94 78 
51 257 375 78 
1 51 257 93 2 375 94 78 
1 51 257 93 2 375 94 78 
51 257 540 375 78 
51 257 375 78 
1 51 257 93 2 375 94 78 
51 257 540 375 78 
51 257 540 375 78 
1 15 51 257 375 78 
51 257 375 313 78 
51 257 375 78 
1 51 257 93 2 375 94 78 
1 51 257 93 2 375 94 78 
51 257 375 313 78 
51 257 375 78 
51 257 375 313 78 
1 51 257 93 2 375 94 78 
51 257 375 313 78 
51 257 375 313 78 
51 257 375 313 78 
51 257 375 78 
51 257 375 313 78 
1 51 257 93 2 375 94 78 
1 51 257 93 2 375 94 78 
1 51 257 93 2 375 94 78 
51 257 375 313 78 
51 257 375 78 
1 51 257 93 2 375 94 78 
51 257 375 78 
1 51 257 93 2 375 94 78 
1 15 51 257 375 78 
51 257 375 78 
51 257 375 78 
51 257 375 78 
74 51 257 77 78 
74 51 257 77 78 
51 257 375 78 
1 51 257 93 2 375 94 78 
451 51 257 375 313 78 
51 257 375 78 
51 257 375 313 78 
51 257 375 313 78 
51 257 375 78 
51 257 375 78 
51 257 375 78 
1 51 257 93 2 375 94 78 
51 257 375 313 78 
51 257 375 78 
51 257 375 313 78 
51 257 375 78 
51 257 540 375 78 
51 257 375 78 
51 257 375 78 
51 257 375 78 
51 257 375 78 
1 51 257 93 2 375 94 78 
51 257 375 78 
51 257 540 375 78 
51 257 375 78 
1 51 257 93 2 375 94 78 
1 51 257 93 2 375 94 78 
1 51 257 93 2 375 94 78 
51 257 375 78 
1 51 257 93 2 375 94 78 
51 257 375 78 
51 257 375 78 
51 257 375 78 
1 51 257 93 2 375 94 78 
51 257 375 78 
1 51 257 93 2 375 94 78 
1 51 257 93 2 375 94 78 
1 51 257 93 2 375 94 78 
51 257 375 78 
51 257 375 78 
1 51 257 93 2 375 94 78 
1 51 257 375 78 
51 257 375 78 
51 257 375 78 
51 257 375 313 78 
1 51 257 93 2 375 94 78 
51 257 540 375 78 
1 51 257 93 2 375 94 78 
1 51 257 93 2 375 94 78 
51 257 540 375 78 
1 51 257 93 2 375 94 78 
51 257 375 78 
51 257 375 78 
1 51 257 93 2 375 94 78 
51 257 375 78 
51 257 375 78 
1 51 257 93 2 375 94 78 
51 257 540 375 78 
51 257 375 78 
51 257 540 375 78 
51 257 540 375 78 
51 257 375 78 
51 257 375 78 
1 15 51 257 375 78 
51 257 375 78 
51 257 540 375 78 
51 257 375 78 
51 257 375 78 
51 257 375 78 
1 51 257 93 2 375 94 78 
51 257 375 313 78 
51 257 375 78 
51 257 375 78 
51 257 375 78 
1 51 257 93 2 375 94 78 
1 51 257 375 78 
1 51 257 93 2 375 94 78 
51 257 375 313 78 
51 257 375 78 
51 257 375 78 
51 257 375 78 
51 257 375 78 
51 257 375 78 
51 257 375 78 
1 51 257 93 2 375 94 78 
51 257 375 78 
1 51 257 93 2 375 94 78 
51 257 375 78 
51 257 375 313 78 
51 257 375 78 
51 257 375 78 
1 51 257 375 78 
51 257 375 78 
51 257 375 78 
1 51 257 93 2 375 94 78 
51 257 375 313 78 
1 15 51 257 400 401 375 78 
51 257 375 78 
190 54 51 257 375 78 192 269 
51 257 375 78 
51 257 375 78 
1 51 257 93 2 375 94 78 
1 51 257 93 2 375 94 78 
51 257 375 78 
1 15 51 257 400 401 375 78 
51 257 375 78 
51 257 375 78 
1 51 257 93 2 375 94 78 
1 51 257 93 2 375 94 78 
51 257 375 78 
1 51 257 93 2 375 94 78 
51 257 375 78 
51 257 540 375 78 
51 257 375 78 
1 51 257 93 2 375 94 78 
74 51 257 77 78 
74 51 257 77 78 
74 51 257 77 78 
1 51 257 93 2 375 94 78 
1 51 257 93 2 375 94 78 
1 51 257 93 2 375 94 78 
1 51 257 93 2 375 94 78 
51 257 375 313 78 
1 51 257 93 2 375 94 78 
1 51 257 93 2 375 94 78 
51 257 375 78 
51 257 375 78 
51 257 375 78 
1 51 257 93 2 375 94 78 
51 257 375 78 
1 51 257 93 2 375 94 78 
74 51 257 77 313 78 
1 51 257 93 2 375 94 78 
51 257 375 78 
51 257 375 313 78 
51 257 375 78 
1 51 257 93 2 375 94 78 
1 51 257 93 2 375 94 78 
1 51 257 375 78 
1 51 257 93 2 375 94 78 
51 257 540 375 78 
51 257 375 78 
51 257 375 78 
51 257 375 78 
51 257 375 78 
51 257 375 78 
51 257 375 78 
51 257 375 78 
1 15 51 257 375 78 
74 51 257 77 78 
51 257 375 78 
1 51 257 93 2 375 94 78 
51 257 375 313 78 
51 257 375 78 
1 51 257 93 2 375 94 78 
51 257 375 78 
1 51 257 93 2 375 94 78 
1 51 257 93 2 375 94 78 
51 257 375 78 
51 257 375 78 
1 51 257 93 2 375 94 78 
51 257 375 78 
1 51 257 93 2 375 94 78 
1 51 257 375 78 
1 51 257 93 2 375 94 78 
1 51 257 93 2 375 94 78 
1 51 257 93 2 375 94 78 
51 257 375 78 
51 257 375 78 
51 257 375 78 
1 51 257 93 2 375 94 78 
51 257 375 78 
51 257 375 78 
51 257 375 78 
51 257 375 78 
51 257 375 78 
1 51 257 93 2 375 94 78 
51 257 375 78 
1 51 257 93 2 375 94 78 
1 15 51 257 375 78 
1 51 257 93 2 375 94 78 
51 257 375 78 
51 257 375 313 78 
1 51 257 93 2 375 94 78 
51 257 375 78 
1 51 257 93 2 375 94 78 
1 51 257 93 2 375 94 78 
51 257 375 78 
51 257 375 78 
51 257 375 78 
51 257 375 78 
51 257 375 78 
1 15 51 257 16 375 78 
51 257 375 313 78 
51 257 375 78 
51 257 375 78 
51 257 375 313 78 
40 51 257 375 42 78 
51 257 375 42 78 
74 51 257 77 313 78 
74 51 257 77 78 
74 51 257 77 78 
74 51 257 77 78 
74 51 257 77 78 
74 51 257 77 78 
74 51 257 77 313 78 
1 15 51 257 375 78 
51 257 375 78 
1 51 257 93 2 375 94 78 
51 257 375 78 
51 257 375 313 78 
1 51 257 93 2 375 94 78 
1 51 257 93 2 375 94 78 
51 257 375 313 78 
1 51 257 93 2 375 94 78 
1 51 257 93 2 375 94 78 
1 51 257 93 2 375 94 78 
1 51 257 93 2 375 94 78 
51 257 375 78 
51 257 375 78 
51 257 375 78 
51 257 375 78 
51 257 375 78 
1 51 257 93 2 375 94 78 
74 51 257 77 78 
74 51 257 77 78 
1 51 257 93 2 375 94 78 
1 15 51 257 375 78 
1 51 257 93 2 375 94 78 
51 257 375 78 
51 257 375 78 
1 51 257 93 2 375 94 78 
51 257 375 78 
1 51 257 93 2 375 94 78 
1 15 51 257 375 78 
1 15 51 257 375 78 
1 51 257 93 2 375 94 78 
51 257 375 78 
51 257 375 78 
1 15 51 257 16 375 78 
51 257 375 78 
51 257 375 313 78 
51 257 375 78 
1 51 257 93 2 375 94 78 
51 257 375 78 
51 257 375 78 
1 51 257 93 2 375 94 78 
51 257 375 78 
51 257 375 78 
74 51 257 77 313 78 
74 51 257 77 313 78 
74 51 257 77 78 
74 51 257 77 78 
74 51 257 77 78 
51 257 375 78 
1 51 257 93 2 375 94 78 
74 51 257 77 78 
74 51 257 77 78 
1 51 257 93 2 375 94 78 
51 257 375 78 
1 51 257 93 2 375 94 78 
1 15 51 257 375 78 
51 257 375 78 
1 51 257 93 2 375 94 78 
51 257 375 78 
51 257 375 78 
51 257 375 78 
51 257 375 313 78 
51 257 375 78 
74 51 257 77 78 
74 51 257 77 78 
51 257 375 78 
51 257 375 78 
1 51 257 93 2 375 94 78 
51 257 375 78 
1 51 257 93 2 375 94 78 
51 257 375 78 
51 257 375 78 
74 51 257 77 313 78 
74 51 257 77 78 
74 51 257 77 78 
1 51 257 93 2 375 94 78 
1 51 257 93 2 375 94 78 
1 51 257 93 2 375 94 78 
51 257 375 313 78 
1 51 257 93 2 375 94 78 
1 51 257 93 2 375 94 78 
451 51 257 375 313 78 
51 257 375 313 78 
51 257 375 313 78 
51 257 375 78 
51 257 375 78 
51 257 375 78 
51 257 375 78 
51 257 375 78 
51 257 375 78 
1 51 257 93 2 375 94 78 
51 257 375 313 78 
1 51 257 93 2 375 94 78 
51 257 375 313 78 
51 257 375 78 
51 257 375 78 
1 51 257 93 2 375 94 78 
51 257 375 78 
1 51 257 93 2 375 94 78 
1 51 257 93 2 375 94 78 
51 257 375 313 78 
51 257 375 78 
51 257 375 78 
1 51 257 93 2 375 94 78 
51 257 375 313 78 
51 257 375 78 
1 15 51 257 16 375 78 
51 257 375 78 
51 257 375 78 
51 257 375 313 78 
40 51 257 375 42 78 
51 257 375 42 78 
51 257 375 313 78 
51 257 375 78 
51 257 375 78 
51 257 540 375 78 
51 257 540 375 78 
51 257 540 375 78 
51 257 375 78 
1 51 257 93 2 375 94 78 
1 51 257 93 2 375 94 78 
51 257 375 78 
51 257 375 313 78 
51 257 375 313 78 
51 257 375 313 78 
51 257 375 313 78 
51 257 375 313 78 
51 257 375 313 78 
51 257 375 78 
51 257 375 313 78 
184 1 15 51 257 185 375 78 
51 257 375 313 78 
51 257 375 78 
51 257 375 78 
1 15 51 257 375 78 
1 51 257 93 2 375 94 78 
1 51 257 93 2 375 94 78 
299 59 51 257 128 375 60 78 
74 51 257 77 78 
190 54 51 257 375 78 192 269 
74 51 257 77 78 
51 257 375 78 
51 257 375 78 
1 51 257 93 2 375 94 78 
74 51 257 77 78 
74 51 257 77 78 
1 15 51 257 375 78 
51 257 375 78 
1 51 257 93 2 375 94 78 
51 257 375 78 
1 51 257 93 2 375 94 78 
1 15 51 257 375 78 
1 51 257 93 2 375 94 78 
51 257 375 78 
51 257 375 313 78 
51 257 540 375 78 
74 51 257 77 313 78 
74 51 257 77 78 
74 51 257 77 78 
51 257 375 78 
1 51 257 93 2 375 94 78 
51 257 375 313 78 
1 51 257 93 2 375 94 78 
1 51 257 93 2 375 94 78 
51 257 375 78 
1 51 257 93 2 375 94 78 
1 51 257 93 2 375 94 78 
1 51 257 93 2 375 94 78 
51 257 375 78 
1 51 257 93 2 375 94 78 
51 257 375 78 
51 257 375 78 
51 257 375 78 
51 257 375 313 78 
51 257 375 78 
51 257 375 78 
51 257 375 78 
1 51 257 93 2 375 94 78 
1 51 257 93 2 375 94 78 
1 51 257 93 2 375 94 78 
58 59 51 257 375 60 78 
1 51 257 93 2 375 94 78 
1 51 257 93 2 375 94 78 
51 257 375 78 
51 257 540 375 78 
1 51 257 93 2 375 94 78 
51 257 540 375 78 
51 257 375 313 78 
1 51 257 375 78 
1 51 257 93 2 375 94 78 
1 51 257 93 2 375 94 78 
51 257 375 78 
51 257 375 78 
51 257 540 375 78 
1 51 257 93 2 375 94 78 
1 51 257 93 2 375 94 78 
1 51 257 93 2 375 94 78 
51 257 540 375 78 
1 51 257 93 2 375 94 78 
51 257 375 78 
51 257 375 78 
1 51 257 93 2 375 94 78 
1 51 257 93 2 375 94 78 
1 51 257 93 2 375 94 78 
51 257 375 78 
51 257 375 78 
51 257 375 78 
51 257 375 78 
51 257 375 78 
51 257 375 78 
51 257 375 78 
184 1 15 51 257 185 375 78 
51 257 375 78 
1 51 257 93 2 375 94 78 
51 257 375 78 
1 51 257 93 2 375 94 78 
51 257 375 78 
51 257 375 78 
51 257 375 78 
51 257 375 78 
184 1 15 51 257 185 375 78 
51 257 375 78 
51 257 540 375 78 
51 257 375 78 
51 257 375 78 
51 257 375 78 
51 257 375 78 
51 257 375 313 78 
1 51 257 93 2 375 94 78 
51 257 375 78 
51 257 375 78 
51 257 375 78 
1 51 257 93 2 375 94 78 
1 51 257 93 2 375 94 78 
51 257 375 78 
184 1 15 51 257 185 375 78 
51 257 375 78 
51 257 375 78 
1 51 257 93 2 375 94 78 
184 1 15 51 257 185 375 78 
51 257 375 78 
51 257 375 78 
1 15 51 257 375 78 
51 257 375 78 
51 257 375 78 
51 257 375 78 
51 257 375 78 
1 15 51 257 375 78 
51 257 375 78 
51 257 375 78 
51 257 375 78 
451 51 257 375 313 78 
51 257 375 78 
1 15 51 257 375 78 
1 15 51 257 375 78 
1 15 51 257 375 78 
1 51 257 93 2 375 94 78 
51 257 375 78 
51 257 375 78 
1 51 257 93 2 375 94 78 
1 51 257 93 2 375 94 78 
51 257 540 375 78 
51 257 375 78 
51 257 375 78 
51 257 375 78 
51 257 375 78 
1 51 257 93 2 375 94 78 
1 51 257 93 2 375 94 78 
1 51 257 93 2 375 94 78 
1 51 257 93 2 375 94 78 
51 257 375 78 
51 257 375 78 
1 51 257 93 2 375 94 78 
51 257 375 78 
51 257 540 375 78 
51 257 375 78 
51 257 375 78 
51 257 375 78 
1 51 257 93 2 375 94 78 
51 257 375 78 
1 51 257 93 2 375 94 78 
51 257 375 78 
299 59 51 257 128 375 60 78 
1 51 257 93 2 375 94 78 
1 51 257 93 2 375 94 78 
51 257 375 78 
51 257 375 78 
51 257 375 78 
1 51 257 93 2 375 94 78 
1 51 257 93 2 375 94 78 
51 257 375 313 78 
1 51 257 93 2 375 94 78 
51 257 375 313 78 
1 51 257 93 2 375 94 78 
1 51 257 93 2 375 94 78 
51 257 375 78 
51 257 375 78 
74 51 257 77 78 
74 51 257 77 78 
51 257 540 375 78 
51 257 375 313 78 
1 51 257 93 2 375 94 78 
51 257 375 78 
51 257 375 78 