1 15 
1 54 15 51 222 192 
1 15 
1 15 
1 15 
1 15 451 51 313 78 
1 15 51 313 78 
1 53 54 15 51 
1 15 602 
1 15 602 
1 15 
1 53 54 15 51 
1 15 
1 442 15 401 
1 15 641 
1 15 602 
1 15 602 
1 15 602 
1 15 
1 184 15 185 
1 15 
1 15 602 
1 15 
1 184 15 185 
1 15 
1 15 
1 15 
1 15 602 
1 15 602 
1 15 602 
1 15 602 
1 15 602 
1 15 602 
1 15 
1 15 42 
1 15 202 
1 15 602 
1 15 602 
1 15 202 2 592 
1 53 54 15 51 
1 54 15 51 
1 15 2 
1 15 
1 15 
1 15 202 234 
1 15 202 42 592 108 
1 15 
1 15 
1 15 
1 15 
1 15 
1 15 
1 15 
1 184 15 185 
1 15 
1 15 
1 15 2 
1 15 
1 15 
1 15 
1 15 
1 15 
1 15 145 42 
1 15 
1 15 
1 15 
1 15 645 
1 15 43 
1 15 645 
1 15 2 
1 15 
1 15 
1 15 
1 15 
1 15 
1 15 
1 15 
1 299 59 15 128 60 
1 15 
1 15 451 51 313 78 
1 15 501 502 42 
1 15 451 51 313 78 
1 15 451 51 313 78 
1 15 
1 15 451 51 313 78 
1 15 42 
1 15 602 
1 15 
1 15 
1 15 42 108 
1 15 
1 15 
1 15 
1 15 602 
1 184 15 185 
1 15 602 
1 15 602 
1 15 602 
1 15 602 
1 15 
1 15 400 401 
1 15 
1 15 
1 15 334 
1 15 
1 15 602 
1 15 2 
1 15 51 602 313 78 
1 15 
1 15 202 2 234 
1 15 
1 15 602 
1 15 602 
1 15 
1 15 42 
1 15 602 
1 15 602 
1 15 602 
1 15 51 602 
1 15 602 16 
1 53 54 15 51 602 
1 15 602 
1 53 54 15 51 602 
1 15 
1 97 15 19 2 98 
1 15 202 592 
1 15 43 
1 15 42 
1 15 602 
1 15 
1 15 
1 15 
1 15 
1 15 
1 15 602 
1 15 602 
1 15 602 
1 15 602 
1 15 602 43 
1 15 602 
1 15 
1 15 602 
1 15 602 
1 15 602 
1 15 
1 15 51 602 313 78 
1 15 51 602 313 78 
1 15 602 
1 15 602 
1 15 602 
1 15 602 
1 15 602 
1 15 602 
1 15 602 
1 15 602 
1 15 602 
1 15 602 2 
1 15 602 
1 15 602 
1 15 602 16 
1 15 602 334 
1 15 602 
1 15 602 
1 15 145 42 
1 15 602 
1 15 
1 15 602 43 
1 15 51 602 78 
1 15 
1 15 
1 15 
1 15 55 56 57 
1 15 602 
1 15 602 
1 15 51 602 313 78 
1 15 401 
1 15 401 
1 15 401 
1 15 401 
1 15 
1 15 51 602 313 78 
1 15 
1 15 
1 442 15 401 
1 15 602 
1 184 15 185 
1 15 
1 15 
1 15 602 
1 97 15 602 19 2 98 
1 15 602 
1 15 602 
1 442 15 602 401 
1 15 602 
1 15 602 
1 15 602 
1 15 602 
1 15 602 
1 15 602 
1 15 602 
1 15 
1 15 42 
1 15 602 
1 15 602 
1 15 
1 15 
1 15 
1 15 
1 15 
1 15 
1 15 
1 53 54 15 51 602 
1 15 
1 15 602 
1 15 602 
1 15 202 234 
1 15 602 
1 15 202 2 234 
1 15 2 
1 15 602 
1 53 54 15 51 602 
1 15 602 
1 15 602 
1 15 602 
1 15 602 
1 15 602 
1 15 602 
1 15 602 
1 15 602 
1 15 51 602 313 78 
1 15 602 
1 15 602 16 
1 15 602 
1 15 51 602 313 78 
1 15 
1 15 602 
1 15 602 
1 15 
1 15 
1 15 
1 15 42 
1 15 
1 442 15 602 401 
1 442 15 602 401 
1 15 
1 15 
1 15 602 
1 15 602 
1 15 602 
1 53 54 15 51 602 439 
1 15 602 
1 442 15 401 
1 15 
1 53 54 15 51 602 
1 15 602 
1 15 602 202 
1 15 602 
1 15 602 
1 15 602 
1 15 602 
1 15 602 
1 15 602 
1 15 602 
1 15 602 334 
1 15 
1 15 
1 15 43 
1 15 
1 15 
1 15 602 
1 15 
1 15 602 
1 15 602 
1 15 51 602 313 78 
1 15 51 602 313 78 
1 15 602 
1 15 51 602 313 78 
1 15 602 
1 15 602 
1 15 602 
1 15 602 
1 442 15 602 401 
1 15 602 
1 15 602 
1 442 15 602 401 
1 15 602 
1 15 602 
1 15 602 
1 15 602 
1 15 602 
1 15 602 
1 15 602 
1 15 602 
1 15 602 400 401 
1 15 602 
1 15 602 
1 15 602 
1 15 602 
1 15 602 
1 15 602 
1 15 602 
1 15 602 
1 15 
1 15 602 
1 15 602 
1 15 451 51 313 78 
1 15 602 
1 15 602 
1 15 602 
1 15 602 
1 53 54 15 51 602 
1 15 602 
1 15 602 
1 15 602 
1 15 602 
1 15 
1 15 202 592 
1 15 202 592 
1 15 202 42 592 108 
1 15 
1 15 42 
1 15 
1 15 
1 15 602 
1 15 602 
1 15 602 
1 15 602 
1 15 602 
1 15 602 
1 15 
1 442 15 602 401 
1 15 602 
1 54 15 51 602 
1 15 602 
1 15 602 
1 15 602 
1 15 602 
1 15 602 
1 15 602 
1 15 51 602 313 78 
1 15 602 42 
1 15 602 
1 15 602 
1 15 602 
1 15 602 
1 15 602 
1 15 602 
1 15 602 
1 53 54 15 51 602 439 
1 15 602 
1 15 602 42 
1 184 15 602 185 
1 15 602 
1 15 602 
1 15 602 16 
1 15 602 
1 15 602 
1 15 602 16 
1 15 602 16 
1 15 602 16 
1 15 602 2 
1 15 602 
1 40 15 41 42 
1 15 602 
1 15 602 16 
1 15 602 
1 15 602 
1 15 602 
1 53 54 15 51 602 
1 15 602 
1 15 602 
1 15 602 
1 15 602 42 
1 15 602 
1 15 602 
1 15 602 
1 15 602 
1 15 602 
1 15 602 
1 15 602 
1 15 602 
1 15 602 
1 15 602 
1 15 602 
1 15 602 
1 15 602 
1 15 602 
1 15 602 
1 15 602 
1 15 602 
1 15 602 
1 15 602 
1 15 602 
1 15 602 
1 15 602 
1 15 602 
1 15 602 
1 15 602 
1 15 602 
1 15 602 
1 15 602 
1 15 602 
1 15 602 
1 15 602 
1 15 
1 15 602 
1 15 43 
1 15 
1 15 
1 442 15 401 
1 15 
1 53 54 15 51 
1 40 15 41 42 
1 67 15 
1 54 15 51 222 192 
1 15 
1 15 
1 97 15 19 2 98 
1 184 15 185 
1 15 51 375 78 
1 184 15 185 
1 15 
1 15 42 
1 15 
1 15 
1 15 202 592 
1 442 15 401 
1 442 15 401 
1 442 15 401 
1 442 15 401 
1 442 15 401 
1 442 15 401 
1 15 
1 15 
1 15 
1 15 
1 15 42 
1 15 
1 15 602 
1 15 
1 15 42 
1 15 202 234 
1 15 
1 53 54 15 51 621 
1 53 54 15 51 
1 15 602 
1 15 602 
1 15 602 
1 15 602 
1 15 43 
1 15 602 43 
1 15 
1 15 
1 15 602 16 
1 15 602 
1 15 602 
1 15 602 
1 15 
1 15 602 42 
1 15 202 592 43 
1 15 202 592 43 
1 15 
1 15 
1 15 
1 15 
1 15 
1 15 
1 53 54 15 51 
1 15 145 42 
1 15 
1 15 602 145 42 
1 15 602 
1 15 602 
1 15 602 
1 15 602 42 
1 15 602 42 
1 15 602 
1 15 602 
1 15 602 
1 15 602 
1 15 202 
1 15 
1 15 602 
1 15 602 
1 15 602 
1 15 
1 15 602 
1 15 602 
1 15 602 
1 15 602 
1 15 602 
1 15 602 
1 15 602 
1 15 602 
1 15 602 
1 15 602 
1 15 602 38 39 
1 15 602 
1 15 602 
1 15 602 
1 15 602 
1 15 602 42 
1 15 602 
1 15 602 
1 15 602 16 
1 15 602 
1 15 602 
1 15 602 
1 15 602 
1 15 602 
1 15 602 42 
1 15 602 
1 15 602 
1 15 602 
1 15 602 
1 15 602 
1 15 602 
1 15 602 
1 15 51 602 313 78 
1 15 602 
1 15 602 
1 15 602 
1 15 602 
1 15 602 
1 15 602 
1 15 602 42 
1 15 602 
1 15 602 
1 15 602 
1 15 
1 15 56 57 181 
1 15 42 
1 15 
1 15 602 
1 15 
1 15 
1 15 
1 15 
1 15 602 
1 15 602 
1 15 602 
1 15 602 
1 15 
1 15 
1 15 
1 15 
1 15 42 
1 442 15 401 
1 15 
1 54 15 51 
1 15 
1 15 182 136 42 183 
1 15 202 234 
1 15 602 
1 15 
1 15 
1 15 202 234 
1 184 15 185 
1 15 602 
1 15 602 
1 15 
1 15 602 
1 15 51 313 78 
1 15 602 
1 15 
1 15 602 
1 15 
1 15 267 457 
1 15 267 457 
1 15 602 
1 184 15 185 
1 15 334 
1 15 
1 15 
1 184 15 185 
1 15 267 457 
1 184 15 185 
1 15 602 
1 15 
1 15 602 
1 15 602 16 
1 54 15 51 
1 15 202 2 592 
1 15 202 592 
1 15 202 592 234 
1 15 202 592 
1 15 2 
1 15 602 
1 15 
1 15 602 
1 15 602 
1 15 51 602 313 78 
1 15 
1 97 15 19 2 98 
1 15 
1 15 
1 15 202 592 234 
1 15 202 592 
1 15 
1 15 202 234 
1 67 15 
1 15 602 
1 15 
1 15 
1 15 602 
1 15 43 
1 15 602 
1 15 
1 15 
1 15 
1 15 51 78 
1 15 400 401 
1 15 
1 15 602 
1 15 602 
1 15 602 
1 40 15 42 
1 15 
1 15 202 234 
1 15 202 234 
1 15 202 234 
1 15 202 592 
1 15 202 234 
1 15 
1 15 602 
1 15 602 
1 15 602 
1 15 602 
1 15 
1 15 
1 15 602 
1 15 51 313 78 
1 442 15 401 
1 15 602 
1 15 2 
1 15 
1 15 
1 15 202 234 
1 15 202 234 
1 15 202 234 
1 15 202 234 
1 40 15 202 42 234 
1 15 202 234 
1 442 15 401 
1 15 602 
1 15 602 
1 15 
1 15 
1 15 602 
1 15 602 
1 15 
1 15 
1 15 
1 15 43 
1 15 602 
1 15 602 
1 15 602 
1 15 602 
1 184 15 185 
1 15 
1 15 236 202 234 
1 15 
1 15 602 
1 15 602 
1 15 602 
1 15 43 
1 15 602 
1 15 145 42 
1 15 42 
1 15 602 
1 15 602 
1 15 602 
1 15 602 
1 15 202 592 
1 15 
1 15 
1 15 
1 15 
1 53 54 15 51 
1 15 51 602 313 78 
1 15 51 602 313 78 
1 15 602 
1 15 602 
1 15 51 602 313 78 
1 15 51 602 313 78 
1 15 602 
1 15 51 313 78 
1 15 
1 15 602 
1 15 602 
1 15 602 
1 15 
1 15 602 
1 15 
1 15 602 
1 15 602 
1 15 202 592 
1 15 400 401 
1 15 
1 15 602 
1 15 602 
1 15 602 
1 15 
1 408 409 15 51 602 52 
1 15 602 
1 15 602 
1 40 15 41 42 
1 15 
1 184 15 185 
1 15 
1 15 602 
1 15 602 
1 15 602 
1 15 602 
1 15 602 
1 15 602 
1 15 602 
1 15 
1 15 602 
1 15 145 42 
1 15 602 
1 15 602 
1 15 602 
1 442 15 401 
1 15 602 
1 15 
1 15 
1 15 602 
1 15 602 
1 40 15 41 42 
1 15 
1 15 602 
1 15 202 592 234 
1 15 
1 15 
1 15 
1 15 602 
1 97 15 19 2 98 
1 15 602 
1 15 602 43 
1 15 602 
1 15 602 
1 15 602 
1 15 
1 15 43 
1 15 
1 15 
1 15 602 
1 15 602 
1 15 602 
1 15 602 
1 15 602 
1 15 602 
1 15 602 
1 15 
1 15 51 313 78 
1 15 602 
1 15 602 16 
1 15 602 
1 15 602 
1 15 602 
1 15 602 
1 15 602 
1 15 602 
1 15 602 
1 15 602 
1 15 602 
1 15 602 
1 15 
1 15 51 602 313 78 
1 15 
1 15 602 
1 15 
1 15 602 
1 442 15 602 401 
1 15 602 
1 15 602 
1 15 602 
1 15 602 
1 15 602 
1 15 602 
1 15 602 
1 15 602 
1 15 602 
1 15 602 2 
1 15 602 
1 15 202 592 
1 15 
1 15 602 
1 15 602 
1 15 602 
1 15 202 234 
1 15 602 
1 15 602 
1 15 602 
1 15 602 
1 15 
1 15 
1 15 602 
1 15 602 
1 15 602 
1 15 602 
1 15 602 
1 15 602 
1 15 602 
1 15 
1 15 202 234 
1 15 202 234 
1 15 
1 442 15 401 
1 15 602 
1 15 
1 15 
1 15 43 
1 15 643 56 57 
1 15 55 56 57 
1 15 602 
1 15 
1 15 
1 15 
1 15 
1 15 267 457 
1 15 
1 15 114 
1 15 602 
1 15 602 
1 15 602 
1 15 602 
1 15 
1 15 602 
1 15 602 
1 15 602 
1 15 602 
1 15 602 42 
1 15 
1 15 602 
1 15 602 
1 15 
1 15 
1 15 602 
1 15 
1 54 15 51 602 
1 15 43 
1 15 602 
1 15 602 
1 15 602 2 
1 15 602 
1 15 602 
1 15 451 51 602 313 78 
1 15 602 
1 15 602 2 
1 15 602 
1 15 602 
1 15 602 
1 15 602 43 
1 15 602 
1 15 
1 15 
1 15 
1 15 643 56 57 
1 15 
1 15 2 
1 15 202 234 
1 15 202 234 
1 15 202 234 
1 15 202 234 
1 15 202 234 
1 15 
1 15 42 
1 15 
1 15 42 
1 15 51 313 78 
1 15 602 
1 15 51 602 313 78 
1 15 51 602 313 78 
1 15 451 51 602 313 78 
1 15 
1 15 451 51 602 313 78 
1 15 51 602 313 78 
1 15 602 
1 15 
1 15 202 2 592 
1 15 202 234 
1 15 602 
1 15 51 602 313 78 
1 15 602 
1 15 43 
1 15 602 
1 15 602 
1 15 
1 15 
1 53 54 15 51 602 
1 53 54 15 51 602 
1 53 54 15 51 602 
1 53 54 15 51 602 
1 53 54 15 51 602 
1 53 54 15 51 602 
1 15 602 
1 53 54 15 51 602 
1 15 
1 15 602 
1 15 
1 15 
1 15 602 
1 15 602 
1 15 
1 15 
1 15 602 
1 15 
1 15 643 56 57 
1 15 602 641 
1 15 51 602 313 78 
1 15 202 234 
1 15 202 592 
1 15 602 
1 15 602 
1 15 
1 15 602 
1 15 602 
1 15 602 
1 15 602 
1 15 602 
1 15 602 
1 15 602 
1 15 
1 15 51 313 78 
1 15 
1 15 
1 15 42 
1 15 602 
1 15 51 313 78 
1 15 
1 15 
1 97 15 19 2 98 
1 15 202 
1 15 602 
1 15 
1 15 602 
1 15 602 
1 15 51 313 78 
1 15 
1 15 
1 15 
1 15 
1 15 202 234 
1 15 202 234 
1 15 2 
1 15 
1 15 
1 15 
1 15 
1 15 
1 15 
1 15 
1 15 
1 15 
1 15 
1 15 
1 15 
1 15 
1 15 
1 15 
1 15 
1 15 
1 15 
1 15 
1 15 
1 15 
1 54 15 51 602 
1 54 15 51 602 
1 15 602 
1 15 
1 15 
1 15 
1 15 602 
1 15 16 
1 442 15 401 
1 54 15 51 222 192 
1 15 
1 15 
1 15 602 
1 15 602 
1 15 602 
1 442 15 602 401 
1 15 
1 15 602 
1 15 602 
1 53 54 15 51 602 
1 53 54 15 51 602 
1 15 
1 54 15 51 
1 15 646 43 
1 15 
1 15 
1 15 
1 15 
1 15 602 
1 54 15 51 
1 15 602 
1 54 15 51 202 592 222 192 
1 15 451 51 602 313 78 
1 15 602 
1 15 
1 97 15 602 19 2 98 
1 15 602 
1 15 602 
1 54 15 51 602 
1 97 15 602 19 2 98 
1 53 54 15 51 602 
1 15 
1 15 
1 15 602 
1 15 602 
1 15 602 
1 15 602 
1 15 2 
1 15 602 
1 15 
1 15 
1 15 
1 15 
1 15 
1 15 202 592 
1 15 602 
1 40 15 41 42 
1 15 
1 15 602 
1 15 602 
1 15 602 
1 15 602 43 
1 15 602 
1 15 602 
1 58 59 15 602 60 
1 15 602 
1 15 560 42 
1 15 
1 15 
1 15 602 
1 15 
1 15 202 592 
1 442 15 602 401 
1 15 602 
1 15 602 
1 15 202 592 
1 15 602 
1 15 602 38 39 
1 15 602 
1 15 
1 15 
1 53 54 15 51 
1 15 
1 15 
1 442 15 602 401 
1 15 602 
1 15 602 
1 15 602 
1 15 602 
1 15 602 
1 15 602 
1 15 
1 15 643 56 57 
1 15 202 592 
1 184 15 185 
1 15 602 
1 15 602 
1 15 51 602 313 78 
1 15 51 602 313 78 
1 184 15 602 185 
1 15 602 
1 15 602 
1 15 602 
1 15 202 592 
1 15 
1 15 
1 15 
1 15 145 42 
1 15 
1 15 602 
1 15 602 
1 15 602 
1 15 602 
1 15 602 
1 15 602 
1 15 602 
1 15 
1 15 202 
1 53 54 15 51 602 
1 15 602 
1 442 15 401 
1 442 15 401 
1 15 202 592 
1 15 
1 15 602 
1 15 602 
1 15 602 
1 15 602 
1 15 602 
1 15 602 43 
1 15 602 
1 15 202 592 
1 15 202 234 
1 15 202 592 
1 15 
1 15 
1 15 
1 15 
1 15 602 
1 15 602 
1 15 
1 15 
1 15 
1 15 602 
1 15 51 313 78 
1 15 602 
1 54 15 51 202 592 222 192 
1 15 602 
1 15 602 16 
1 15 602 
1 15 602 
1 15 602 
1 15 602 
1 15 
1 15 212 56 57 213 181 
1 15 
1 15 
1 15 
1 184 15 185 
1 15 
1 15 
1 15 
1 15 602 
1 15 602 
1 15 602 
1 15 602 
1 15 2 
1 15 602 
1 15 
1 15 
1 15 51 313 78 
1 15 51 313 78 
1 15 51 313 78 
1 15 
1 15 51 313 78 
1 15 51 313 78 
1 15 
1 15 
1 15 
1 15 
1 15 
1 15 202 592 
1 15 602 2 
1 15 602 
1 15 602 
1 15 602 
1 15 602 
1 15 602 
1 15 602 
1 15 602 
1 15 602 
1 15 602 
1 15 602 
1 15 602 
1 15 602 
1 15 602 
1 15 602 
1 15 602 
1 15 602 
1 15 602 
1 15 602 
1 15 602 
1 15 602 
1 15 602 
1 15 602 
1 15 602 
1 15 602 
1 15 
1 15 
1 15 602 
1 15 602 43 
1 15 51 602 78 
1 15 602 
1 15 602 
1 15 602 
1 15 602 
1 15 602 
1 15 602 
1 15 602 
1 15 602 
1 15 602 
1 15 602 
1 15 602 
1 15 602 
1 15 602 
1 15 602 
1 15 602 
1 15 602 
1 15 602 
1 15 
1 15 602 
1 15 602 
1 15 51 602 313 78 
1 15 602 
1 15 602 
1 15 602 
1 15 602 
1 15 602 
1 15 602 
1 15 602 
1 15 51 602 313 78 
1 15 602 
1 15 602 
1 15 602 
1 53 54 15 51 
1 15 602 
1 442 15 401 
1 15 
1 15 602 
1 15 602 
1 15 602 
1 442 15 602 401 
1 442 15 602 401 
1 15 602 
1 15 202 234 
1 15 602 
1 15 602 
1 15 602 
1 15 602 
1 15 
1 15 602 
1 15 51 202 592 313 78 
1 15 202 42 592 108 
1 15 602 
1 15 602 
1 15 602 
1 15 602 
1 15 602 
1 15 602 
1 15 602 
1 15 202 234 
1 15 602 
1 15 602 
1 15 602 
1 15 602 2 
1 15 
1 15 
1 15 51 602 375 78 
1 15 
1 15 
1 15 602 
1 15 
1 15 51 313 78 
1 15 51 313 78 
1 15 51 313 78 
1 15 
1 15 
1 15 
1 15 51 602 313 78 
1 15 
1 15 51 313 78 
1 15 51 313 78 
1 15 602 
1 15 
1 15 602 
1 15 
1 15 
1 15 51 602 313 78 
1 15 202 592 
1 15 560 42 
1 15 602 
1 53 54 15 51 602 
1 15 602 
1 15 602 
1 15 
1 15 602 
1 15 602 
1 15 602 
1 15 602 
1 15 602 
1 15 602 
1 15 602 
1 15 602 
1 15 602 43 
1 15 602 
1 15 602 
1 15 602 
1 15 
1 15 
1 184 15 185 
1 15 51 313 78 
1 15 43 
1 184 15 185 
1 15 
1 15 602 145 42 
1 15 602 
1 15 602 
1 15 
1 15 51 602 313 78 
1 15 
1 15 43 
1 15 51 602 313 78 
1 15 602 
1 15 
1 15 602 
1 15 602 
1 15 
1 15 602 
1 15 
1 15 
1 15 114 
1 15 602 
1 15 56 57 181 
1 15 51 313 78 
1 15 
1 15 
1 15 43 
1 15 43 
1 15 
1 15 
1 15 334 
1 184 15 185 
1 15 
1 15 202 2 234 
1 15 
1 15 2 
1 15 202 592 
1 15 202 234 
1 15 
1 15 42 
1 15 202 592 
1 15 
1 15 
1 15 2 
1 15 
1 15 
1 15 
1 15 
1 15 
1 15 
1 15 
1 15 
1 15 
1 15 
1 15 
1 15 
1 15 
1 15 
1 15 
1 15 
1 15 
1 15 
1 15 
1 15 202 592 
1 15 202 592 43 
1 15 202 145 42 234 
1 15 
1 15 51 
1 442 15 602 401 
1 15 602 
1 15 602 
1 15 602 
1 15 51 602 313 78 
1 15 602 
1 15 602 
1 15 602 
1 15 602 
1 15 602 
1 15 602 
1 15 602 
1 15 602 
1 15 602 
1 15 602 
1 15 602 
1 15 602 
1 15 602 
1 15 602 
1 15 602 
1 164 15 
1 15 602 43 
1 15 602 
1 15 602 
1 15 602 
1 15 602 
1 15 602 
1 15 
1 15 602 
1 15 
1 15 
1 15 
1 15 
1 15 
1 15 
1 15 
1 15 
1 15 
1 15 
1 15 
1 15 
1 15 
1 15 
1 15 
1 15 
1 15 
1 15 
1 15 
1 15 
1 15 
1 15 
1 15 
1 15 
1 15 
1 15 
1 15 
1 15 
1 15 
1 15 
1 15 
1 15 
1 15 
1 15 
1 15 
1 164 15 330 
1 15 602 
1 15 602 
1 15 602 
1 15 602 
1 15 602 
1 15 602 
1 15 602 
1 15 
1 15 602 
1 15 602 
1 15 602 
1 442 15 401 
1 15 
1 442 15 401 
1 53 54 15 51 
1 53 54 15 51 
1 54 15 51 602 
1 15 602 
1 15 602 
1 15 602 43 
1 15 602 
1 15 602 
1 15 602 
1 15 602 
1 15 602 
1 15 602 
1 15 602 
1 15 602 
1 15 602 
1 15 602 
1 15 602 
1 15 602 
1 54 15 51 202 592 222 192 
1 15 
1 53 54 15 51 401 616 
1 15 
1 15 
1 15 602 
1 15 602 
1 15 602 
1 15 602 
1 15 602 
1 15 602 
1 15 602 
1 15 602 
1 15 602 
1 15 602 
1 15 602 
1 15 602 
1 15 602 
1 15 
1 15 
1 15 
1 53 54 15 51 602 
1 184 15 185 
1 184 15 185 
1 184 15 185 
1 184 15 185 
1 15 602 
1 15 602 
1 15 602 
1 15 602 
1 15 602 
1 15 602 
1 15 602 
1 15 602 
1 15 602 
1 15 602 
1 15 
1 264 15 602 38 
1 15 602 
1 15 602 
1 15 602 
1 15 602 
1 15 51 602 313 78 
1 15 602 
1 15 602 
1 15 602 
1 15 602 42 
1 15 602 
1 15 602 
1 15 602 
1 15 602 
1 15 51 602 313 78 
1 15 51 602 313 78 
1 15 51 602 313 78 
1 15 602 
1 15 602 
1 15 51 602 313 78 
1 15 602 43 
1 15 
1 15 602 
1 15 602 
1 15 602 
1 15 
1 58 59 15 602 60 
1 15 
1 15 51 602 313 78 
1 15 602 
1 15 
1 15 136 42 174 
1 15 202 592 
1 15 602 
1 53 54 15 51 
1 15 602 
1 15 602 
1 15 
1 15 602 
1 15 602 
1 15 602 
1 15 602 
1 15 602 
1 53 54 15 51 602 
1 15 
1 15 602 
1 15 602 
1 15 602 
1 15 602 
1 442 15 602 401 
1 15 602 
1 15 602 
1 15 602 
1 15 602 
1 15 602 
1 15 602 
1 15 202 
1 15 602 
1 15 602 2 
1 15 
1 15 
1 15 
1 15 202 234 
1 15 202 234 
1 15 
1 15 
1 15 202 234 
1 442 15 602 401 
1 15 602 
1 15 602 43 
1 15 42 108 
1 15 202 592 
1 15 
1 15 
1 15 602 
1 15 602 
1 15 602 
1 442 15 602 401 
1 15 602 
1 15 602 
1 15 
1 15 602 
1 15 602 
1 15 602 
1 15 
1 15 602 
1 15 51 602 313 78 
1 15 602 16 
1 15 602 43 
1 15 51 602 313 78 
1 15 602 
1 15 
1 15 
1 15 
1 15 602 
1 15 114 
1 15 
1 97 15 19 2 98 
1 15 
1 15 56 57 181 
1 15 
1 15 602 
1 53 54 15 51 602 
1 15 
1 15 
1 15 602 
1 15 2 
1 15 602 
1 15 602 
1 15 602 
1 15 602 
1 15 602 
1 15 602 
1 15 602 
1 15 602 
1 15 602 
1 15 602 
1 15 602 43 
1 15 602 
1 15 602 
1 15 602 
1 15 602 
1 15 602 
1 15 51 602 313 78 
1 15 602 
1 15 602 
1 15 602 
1 15 602 
1 15 602 
1 15 602 
1 15 602 
1 15 602 
1 15 602 
1 15 602 
1 15 602 
1 15 602 
1 15 602 
1 15 602 
1 15 602 
1 15 602 
1 15 602 
1 15 602 
1 15 602 
1 15 602 
1 15 602 
1 15 602 
1 15 602 
1 15 602 
1 15 602 643 56 57 
1 15 602 
1 15 602 
1 15 
1 15 51 313 78 
1 15 602 
1 15 
1 15 602 
1 15 
1 15 602 
1 15 602 
1 15 
1 15 
1 442 15 401 
1 15 
1 442 15 401 
1 15 202 234 
1 15 
1 15 
1 15 
1 15 55 56 57 
1 442 15 401 
1 15 
1 15 
1 53 54 15 51 440 
1 59 15 60 
1 15 
1 15 
1 15 602 
1 15 202 592 
1 15 602 
1 15 
1 15 602 43 
1 15 602 
1 15 
1 15 
1 15 
1 442 15 401 
1 15 
1 54 15 51 
1 15 
1 15 
1 15 
1 15 
1 53 54 15 51 
1 442 15 401 
1 442 15 401 
1 442 15 401 
1 15 
1 442 15 401 
1 15 
1 442 15 401 
1 15 
1 15 
1 442 15 401 
1 442 15 401 
1 442 15 401 
1 15 
1 15 
1 442 15 401 
1 442 15 401 
1 442 15 401 
1 442 15 401 
1 15 
1 442 15 401 
1 15 51 313 78 
1 15 51 313 78 
1 15 202 592 
1 15 602 
1 15 602 
1 15 202 2 234 
1 15 
1 15 
1 15 
1 15 
1 15 
1 442 15 401 
1 15 602 
1 15 602 
1 15 602 
1 15 602 
1 15 602 
1 15 602 
1 53 54 15 51 602 
1 15 602 
1 15 51 602 313 78 
1 15 602 
1 15 602 
1 15 
1 15 
1 15 
1 15 
1 15 
1 15 602 
1 15 602 
1 15 602 
1 15 602 
1 15 602 
1 15 602 
1 15 602 
1 15 602 
1 15 602 
1 15 202 592 
1 15 2 
1 15 
1 15 
1 15 43 
1 15 
1 15 602 
1 15 
1 15 602 42 
1 15 602 
1 15 602 
1 15 202 2 592 
1 408 409 15 51 202 52 592 
1 184 15 185 
1 15 
1 15 
1 15 602 
1 15 602 
1 15 602 
1 15 602 
1 15 602 
1 15 602 
1 15 602 
1 15 602 
1 15 602 
1 97 15 19 2 98 
1 15 602 
1 15 602 
1 15 602 
1 15 602 
1 15 
1 15 
1 15 
1 15 
1 15 602 
1 15 602 
1 15 602 
1 15 
1 15 
1 15 602 
1 15 602 
1 15 602 
1 15 602 643 56 57 
1 15 
1 184 15 185 
1 184 15 185 
1 15 
1 15 51 602 313 78 
1 15 602 
1 15 602 
1 15 602 
1 97 15 602 19 2 98 
1 15 602 
1 15 202 592 43 
1 15 51 602 313 78 
1 15 202 592 
1 15 602 
1 74 15 51 602 77 78 
1 54 15 51 202 592 222 192 
1 15 602 
1 15 602 
1 15 602 
1 15 602 
1 15 602 
1 15 602 
1 15 602 
1 15 602 
1 15 43 
1 442 15 602 401 
1 442 15 401 
1 15 
1 15 602 
1 15 
1 15 602 
1 15 
1 15 602 
1 15 
1 15 602 
1 15 
1 442 15 401 
1 15 602 
1 15 602 
1 15 602 
1 15 
1 15 
1 15 602 
1 15 602 
1 15 602 
1 15 
1 15 51 313 78 
1 15 602 
1 15 602 
1 15 42 
1 53 54 15 51 602 
1 15 602 
1 53 54 15 51 602 
1 15 602 
1 15 602 
1 442 15 401 
1 15 602 
1 54 15 51 602 
1 15 602 
1 15 602 
1 53 54 15 51 602 
1 15 602 
1 15 
1 15 602 
1 54 15 51 602 
1 15 602 
1 15 
1 15 
1 15 602 
1 15 602 
1 15 602 
1 15 51 313 78 
1 15 602 
1 15 602 
1 15 602 
1 15 51 313 78 
1 15 
1 15 602 43 
1 15 602 43 
1 15 602 43 
1 15 
1 15 602 
1 15 602 
1 15 602 
1 15 602 
1 15 602 
1 15 602 
1 15 602 43 
1 15 602 
1 184 15 185 
1 442 15 602 401 
1 15 43 
1 15 602 
1 15 602 
1 15 602 
1 15 602 
1 15 602 
1 15 602 2 
1 442 15 401 
1 15 602 
1 442 15 602 401 
1 15 602 
1 15 
1 15 
1 15 95 96 
1 15 
1 15 202 592 
1 15 602 
1 15 602 
1 15 602 
1 15 202 592 
1 15 202 592 
1 15 202 592 
1 15 43 
1 15 602 42 108 
1 15 
1 15 
1 15 51 602 78 
1 15 602 
1 15 602 
1 15 602 
1 15 602 
1 15 602 
1 184 15 185 
1 15 
1 15 2 
1 15 602 
1 15 
1 15 
1 15 
1 15 
1 15 602 
1 15 602 2 
1 15 51 602 313 78 
1 15 602 
1 15 
1 15 
1 15 
1 15 
1 97 15 19 2 98 
1 15 
1 15 
1 15 202 
1 97 15 19 2 98 
1 15 602 
1 15 
1 15 
1 15 114 
1 15 43 
1 184 15 185 
1 15 602 
1 54 15 51 602 222 192 
1 15 602 43 
1 15 
1 15 
1 15 
1 15 
1 53 54 15 51 
1 15 202 592 
1 15 202 234 
1 15 145 42 
1 15 602 
1 442 15 401 
1 15 602 
1 15 602 
1 15 202 592 
1 15 602 
1 15 602 
1 15 602 
1 15 602 
1 15 602 
1 15 602 
1 15 602 
1 15 602 
1 15 602 
1 15 
1 15 
1 15 
1 15 
1 15 
1 15 
1 15 
1 15 
1 15 
1 15 
1 15 
1 15 602 
1 15 16 
1 15 202 592 
1 15 202 592 
1 15 51 602 313 78 
1 15 51 602 313 78 
1 15 
1 15 602 
1 15 602 
1 15 
1 15 602 16 
1 15 602 
1 54 15 51 602 222 192 
1 15 602 43 
1 15 602 43 
1 15 
1 15 43 
1 15 51 602 313 78 
1 53 54 15 51 602 
1 15 602 
1 15 602 
1 15 602 
1 53 54 15 51 602 
1 15 602 
1 15 51 602 313 78 
1 15 602 
1 15 51 602 313 78 
1 15 51 602 313 78 
1 15 602 
1 15 602 
1 15 602 
1 15 602 
1 15 602 
1 53 54 15 51 602 
1 15 602 
1 15 602 
1 15 602 
1 15 602 
1 442 15 401 
1 15 602 
1 15 602 43 
1 53 54 15 51 602 
1 15 602 
1 15 602 
1 15 602 
1 15 602 
1 15 602 
1 15 602 
1 15 602 
1 15 602 
1 15 602 
1 15 602 
1 15 
1 15 
1 15 
1 15 
1 15 602 
1 15 602 
1 15 602 
1 15 602 
1 15 202 592 
1 15 602 
1 442 15 401 
1 15 
1 442 15 401 
1 442 15 401 
1 15 202 2 234 
1 15 
1 15 
1 15 602 
1 15 602 
1 15 16 
1 15 
1 15 
1 15 
1 15 602 
1 15 602 
1 442 15 602 401 
1 15 
1 15 51 602 313 78 
1 15 602 43 
1 15 602 
1 15 51 602 313 78 
1 15 
1 97 15 19 2 98 
1 15 202 234 
1 15 202 234 
1 15 202 234 
1 15 202 234 
1 15 
1 184 15 185 
1 15 
1 15 
1 15 
1 15 202 234 
1 15 202 234 
1 15 202 234 
1 15 602 
1 15 602 
1 15 51 602 313 78 
1 15 51 202 592 
1 15 202 592 
1 54 15 51 
1 15 602 
1 15 202 592 
1 15 
1 53 54 15 51 602 
1 15 
1 15 51 602 313 78 
1 15 51 602 313 78 
1 15 51 602 313 78 
1 15 51 602 313 78 
1 15 51 602 313 78 
1 15 51 602 313 78 
1 15 51 602 313 78 
1 15 51 602 313 78 
1 15 51 602 313 78 
1 15 51 602 313 78 
1 15 51 602 313 78 
1 15 51 602 313 78 
1 15 51 602 313 78 
1 15 51 602 313 78 
1 15 51 602 313 78 
1 15 51 602 313 78 
1 15 602 
1 15 602 
1 15 602 
1 15 602 
1 15 602 
1 15 602 
1 15 602 
1 15 602 
1 15 602 
1 15 602 
1 15 602 
1 15 
1 15 
1 442 15 401 
1 15 602 
1 15 602 
1 15 602 
1 442 15 401 
1 15 602 
1 53 54 15 51 602 
1 15 602 
1 15 602 43 
1 15 602 43 
1 15 602 43 
1 15 51 313 78 
1 15 602 
1 15 602 
1 53 54 15 51 602 
1 15 602 
1 15 602 
1 15 602 
1 15 602 
1 15 602 
1 15 602 
1 15 602 
1 15 602 
1 15 602 
1 15 602 
1 15 602 
1 15 602 
1 15 602 
1 15 602 
1 442 15 602 401 
1 15 602 
1 15 602 
1 15 602 
1 15 602 
1 15 51 602 313 78 
1 15 51 602 313 78 
1 15 51 602 313 78 
1 15 602 
1 15 602 
1 15 602 
1 53 54 15 51 602 
1 15 602 
1 15 
1 15 
1 15 
1 15 602 
1 15 602 
1 15 602 
1 15 602 
1 15 602 
1 15 602 
1 15 51 602 313 78 
1 15 51 602 313 78 
1 15 602 
1 15 602 
1 15 602 
1 15 602 
1 15 602 
1 15 602 
1 15 602 
1 15 602 
1 15 
1 15 
1 15 
1 15 
1 15 
1 15 
1 15 602 
1 15 202 234 
1 15 202 234 
1 15 602 
1 15 42 
1 15 602 
1 15 602 
1 15 2 
1 15 
1 15 2 
1 15 
1 15 602 
1 53 54 15 51 
1 15 202 592 
1 15 602 
1 15 602 
1 15 602 
1 15 
1 15 
1 15 
1 15 
1 53 54 15 51 
1 15 
1 54 15 51 202 234 222 192 
1 15 
1 15 
1 15 
1 15 95 96 
1 53 54 15 51 
1 15 602 
1 15 
1 15 602 
1 97 15 19 2 98 
1 15 202 592 
1 15 602 
1 15 
1 442 15 401 
1 442 15 602 401 
1 15 602 
1 15 602 
1 15 51 602 313 78 
1 15 202 592 
1 15 602 
1 15 602 
1 184 15 185 
1 442 15 602 401 
1 15 602 
1 15 602 
1 15 602 
1 54 15 51 202 234 222 192 
1 15 
1 15 602 
1 15 602 
1 15 602 
1 15 602 
1 15 602 560 42 
1 15 602 
1 15 
1 15 602 
1 15 
1 15 
1 15 643 56 57 
1 15 56 57 
1 15 
1 184 15 185 
1 184 15 185 
1 184 15 185 
1 15 602 
1 15 602 
1 15 602 
1 15 602 
1 442 15 602 401 
1 15 51 602 313 78 
1 15 602 
1 15 16 
1 15 
1 15 602 
1 15 43 
1 299 59 15 128 60 
1 15 602 
1 15 602 
1 15 602 
1 15 51 602 313 78 
1 15 602 
1 15 43 
1 15 
1 15 602 
1 15 602 
1 15 602 
1 15 602 643 56 57 
1 15 
1 15 202 592 
1 15 
1 15 
1 15 
1 15 602 
1 15 602 
1 15 602 
1 15 602 
1 15 602 
1 15 
1 15 602 
1 15 202 42 592 
1 15 2 
1 15 602 
1 15 602 
1 15 602 
1 54 15 51 202 234 222 192 
1 15 
1 15 
1 15 42 
1 15 
1 15 
1 15 
1 15 602 
1 15 51 602 313 78 
1 15 602 
1 15 51 602 375 78 
1 15 
1 15 
1 15 602 
1 53 54 15 51 602 
1 15 43 
1 53 54 15 51 
1 15 
1 15 602 
1 15 
1 15 602 43 
1 15 
1 15 
1 15 42 
1 15 42 
1 15 602 
1 15 602 
1 442 15 602 401 
1 15 602 
1 15 602 
1 15 602 
1 15 602 
1 15 602 
1 15 602 
1 15 602 43 
1 15 602 
1 15 602 
1 15 602 
1 15 602 
1 15 602 
1 15 602 43 
1 442 15 602 401 
1 442 15 602 401 
1 15 
1 15 43 
1 15 602 
1 15 602 
1 15 602 
1 15 
1 15 
1 15 
1 15 602 
1 15 602 
1 15 
1 15 202 592 
1 15 602 16 
1 15 602 
1 15 602 
1 15 602 
1 184 15 602 185 
1 15 602 
1 15 602 
1 15 
1 15 
1 15 43 
1 15 602 
1 184 15 185 
1 15 602 
1 15 602 
1 15 602 
1 15 602 
1 15 602 
1 15 602 
1 53 54 15 51 602 401 616 
1 15 602 
1 15 602 38 
1 15 602 
1 15 202 234 
1 15 602 
1 15 602 
1 15 51 602 313 78 
1 15 602 
1 15 
1 15 602 
1 15 602 42 
1 15 602 
1 15 602 
1 15 602 42 
1 15 602 
1 15 602 
1 15 602 
1 15 602 
1 15 602 2 
1 15 602 
1 15 602 
1 15 602 
1 15 
1 54 15 51 602 
1 15 202 234 
1 15 202 560 42 234 
1 15 202 42 234 
1 15 202 234 
1 15 202 234 
1 15 202 592 
1 15 602 
1 15 602 
1 15 602 
1 15 602 
1 15 602 
1 15 51 602 78 
1 15 602 
1 15 602 
1 15 602 
1 408 409 15 51 202 52 234 
1 15 602 
1 15 602 
1 15 602 
1 15 
1 184 15 185 
1 15 602 
1 15 602 
1 15 602 
1 15 602 
1 15 602 
1 15 602 
1 15 602 
1 15 
1 15 
1 15 602 
1 15 602 
1 15 602 43 
1 15 
1 15 
1 15 
1 15 602 
1 53 54 15 51 602 
1 184 15 185 
1 184 15 185 
1 15 602 
1 15 602 
1 15 602 
1 15 602 
1 15 
1 15 16 
1 15 602 
1 15 602 
1 15 51 602 78 
1 15 602 
1 15 51 602 313 78 
1 15 602 
1 15 
1 15 
1 15 
1 442 15 401 
1 15 
1 15 602 
1 15 51 602 78 
1 15 602 
1 15 602 
1 15 602 
1 15 602 43 
1 15 602 43 
1 15 
1 15 
1 15 602 
1 15 602 
1 15 602 
1 15 602 400 401 
1 15 51 602 313 78 
1 15 
1 15 51 602 313 78 
1 15 602 
1 15 602 38 
1 15 602 
1 15 55 56 57 
1 15 
1 15 
1 15 
1 15 51 602 313 78 
1 15 
1 15 
1 97 15 19 2 98 
1 15 602 
1 15 602 
1 15 602 
1 15 602 
1 15 51 602 313 78 
1 186 15 602 
1 15 602 
1 15 55 56 57 
1 15 602 
1 15 602 
1 15 
1 15 602 
1 15 202 592 
1 15 602 
1 15 602 
1 15 602 
1 15 
1 15 602 
1 15 202 592 234 
1 15 202 592 
1 15 202 592 
1 442 15 602 401 
1 15 
1 15 602 43 
1 15 202 592 
1 15 43 
1 15 43 
1 15 
1 442 15 602 401 
1 15 602 
1 15 602 
1 15 602 
1 53 54 15 51 602 
1 15 602 
1 184 15 602 185 
1 15 602 
1 15 602 
1 15 602 
1 15 202 234 
1 15 602 
1 15 602 
1 442 15 602 401 
1 442 15 602 401 
1 15 602 
1 15 602 
1 442 15 602 401 
1 442 15 602 401 
1 15 602 
1 15 602 
1 15 602 
1 15 602 
1 15 602 
1 15 202 592 43 
1 15 
1 15 602 
1 15 602 
1 15 602 
1 15 
1 15 602 
1 15 602 
1 15 602 
1 15 
1 15 602 43 
1 15 602 
1 15 202 592 43 
1 15 
1 15 56 57 
1 15 
1 15 
1 15 602 
1 15 602 
1 15 602 
1 15 51 602 313 78 
1 15 602 
1 15 202 592 
1 15 602 
1 15 602 
1 53 54 15 51 
1 15 
1 15 
1 15 602 
1 15 602 
1 15 602 
1 15 602 
1 15 602 
1 15 602 
1 15 51 602 313 78 
1 15 602 
1 15 602 
1 15 602 
1 15 602 
1 15 602 
1 15 51 602 313 78 
1 15 602 
1 15 
1 15 51 602 313 78 
1 15 
1 53 54 15 51 602 401 616 
1 15 602 
1 15 602 
1 15 602 
1 15 
1 15 202 234 
1 15 
1 15 602 
1 15 602 
1 164 15 330 
1 15 602 43 
1 15 
1 15 602 
1 15 
1 15 602 
1 15 602 
1 15 602 
1 15 602 
1 15 51 602 313 78 
1 15 51 602 313 78 
1 15 51 602 313 78 
1 15 602 
1 15 602 
1 15 602 
1 15 602 
1 15 602 
1 15 51 602 313 78 
1 15 602 
1 15 602 
1 15 602 
1 15 602 
1 15 602 
1 15 
1 442 15 401 
1 15 602 43 
1 15 
1 15 602 
1 15 602 
1 15 602 
1 356 15 602 43 
1 15 602 
1 15 602 
1 15 
1 442 15 602 401 
1 15 602 
1 15 
1 15 
1 15 602 
1 15 602 42 
1 15 602 
1 15 602 
1 15 602 
1 184 15 185 
1 15 51 602 313 78 
1 15 
1 15 55 56 57 
1 15 602 
1 15 202 145 42 234 
1 15 602 
1 15 43 
1 15 602 
1 15 602 
1 15 
1 15 602 
1 15 43 
1 40 15 42 
1 15 602 
1 15 602 
1 15 602 
1 15 602 
1 15 202 234 
1 15 202 42 234 
1 15 602 
1 15 
1 53 54 15 51 602 
1 15 56 57 181 
1 15 602 
1 15 202 592 
1 15 202 592 
1 15 202 43 234 
1 15 
1 15 602 43 
1 15 602 43 
1 54 15 51 202 234 222 192 
1 15 602 
1 442 15 602 401 
1 15 602 
1 54 15 51 202 234 222 192 
1 15 602 
1 15 602 
1 15 602 
1 442 15 401 
1 15 202 234 
1 442 15 602 401 
1 15 602 
1 15 602 43 
1 15 182 136 42 563 
1 15 602 
1 15 