54 53 51 257 440 
54 53 51 257 440 
54 53 51 257 440 
54 53 51 257 440 
54 53 51 257 313 440 78 
54 53 51 257 440 
54 53 51 257 440 
54 53 51 257 440 
54 53 51 257 440 
54 53 51 257 440 
54 53 51 257 440 
1 54 53 51 257 2 440 
54 53 51 257 440 
54 53 51 257 440 
54 53 51 257 440 
54 53 51 257 440 
54 53 51 257 440 
54 53 51 257 440 
54 53 51 257 313 440 78 
54 53 51 257 440 
54 53 51 257 440 
54 53 51 257 440 
54 53 51 257 440 
54 53 51 257 440 
54 53 51 257 440 
54 53 51 257 440 
54 53 51 257 440 
54 53 51 257 313 440 78 
54 53 51 257 313 440 78 
54 53 51 257 440 
54 53 51 257 313 440 78 
54 53 51 257 440 
54 53 51 257 440 
54 53 51 257 440 
1 54 53 51 257 2 440 
1 54 53 51 257 2 440 
54 53 51 257 440 
54 53 51 257 440 
54 53 51 257 440 
54 53 51 257 440 
54 53 51 257 440 
54 53 51 257 440 
54 53 51 257 440 
54 53 51 257 440 
54 53 51 257 440 
54 53 51 257 440 
54 53 51 257 440 
54 53 51 257 440 
54 53 51 257 440 
54 53 51 257 440 
54 53 51 257 440 
54 53 51 257 440 
54 53 51 257 440 
54 53 51 257 440 
54 53 51 257 440 
54 53 51 257 440 