53 54 51 257 138 
51 257 
51 257 138 
51 257 138 
51 257 138 
51 257 138 
51 257 138 
51 257 138 
51 257 138 
51 257 138 
51 257 138 
51 257 138 
51 257 138 
51 257 138 
51 257 138 
51 257 606 
51 257 138 
51 257 138 
51 257 138 
51 257 138 
51 257 138 
51 257 138 
51 257 138 
51 257 138 
51 257 606 
51 257 
51 257 606 
51 257 138 
51 257 138 
51 257 138 
51 257 138 313 78 
51 257 138 
51 257 138 
51 257 138 
51 257 138 
51 257 138 
51 257 138 
51 257 138 
51 257 138 
51 257 138 
51 257 138 
51 257 138 
51 257 138 
51 257 138 
51 257 138 
51 257 138 
51 257 138 
51 257 138 
51 257 138 
51 257 138 
51 257 138 
51 257 138 
51 257 138 
51 257 138 
51 257 138 
51 257 138 
51 257 138 
51 257 138 
51 257 138 
51 257 138 
51 257 138 313 78 
51 257 138 
51 257 138 
51 257 
51 257 606 
51 257 138 
51 257 138 
51 257 138 
51 257 620 138 
51 257 138 
53 54 51 257 138 
51 257 138 
51 257 138 
53 54 51 257 138 
51 257 138 
51 257 138 
51 257 138 
51 257 138 
51 257 138 
51 257 138 
51 257 138 
51 257 138 
51 257 138 
51 257 138 
51 257 138 
51 257 138 
51 257 606 
53 54 51 257 138 
51 257 138 
51 257 138 
51 257 138 
51 257 138 
51 257 138 
51 257 138 
51 257 138 
51 257 138 
51 257 138 
51 257 138 
51 257 138 
51 257 138 
51 257 138 
51 257 138 
51 257 138 
51 257 138 
51 257 138 
51 257 138 
51 257 138 
51 257 138 
51 257 138 
51 257 138 
51 257 138 
51 257 138 
51 257 138 
51 257 138 
51 257 138 
51 257 138 
51 257 138 
51 257 138 
51 257 138 
53 54 51 257 138 
51 257 138 
53 54 51 257 138 
51 257 138 
51 257 138 
51 257 138 
51 257 138 
51 257 138 
51 257 138 
51 257 138 
51 257 138 
51 257 138 
51 257 138 
53 54 51 257 138 
51 257 138 
51 257 138 
51 257 138 
51 257 620 138 
51 257 138 
51 257 138 
51 257 138 
51 257 138 
51 257 138 
51 257 138 
51 257 138 
51 257 138 
51 257 138 
51 257 138 
51 257 138 
51 257 138 
51 257 138 
51 257 138 
51 257 138 
51 257 138 
51 257 138 
51 257 138 
51 257 138 
51 257 138 
51 257 138 
51 257 138 
51 257 138 
51 257 
51 257 138 
51 257 138 
51 257 138 
53 54 51 257 138 
51 257 606 
51 257 138 
51 257 138 
51 257 138 
51 257 138 
51 257 138 145 42 
51 257 138 
51 257 138 313 78 
51 257 138 
51 257 138 
53 54 51 257 138 
51 257 138 
51 257 138 
53 54 51 257 138 
51 257 138 
51 257 138 
51 257 138 
51 257 138 
51 257 138 
51 257 138 
51 257 138 
51 257 138 
51 257 138 
51 257 
51 257 138 
51 257 138 
51 257 138 
51 257 138 
53 54 51 257 138 
53 54 51 257 138 
51 257 138 313 78 
51 257 138 
51 257 138 
51 257 138 
51 257 138 
51 257 138 
51 257 138 
51 257 138 
51 257 138 
51 257 138 
51 257 138 
51 257 138 
51 257 138 
51 257 138 
51 257 
51 257 138 
51 257 138 
51 257 138 
51 257 138 
51 257 138 
51 257 138 
51 257 138 
51 257 138 