1 2 3 4 
1 2 4 
1 2 4 
1 2 4 
1 11 2 4 
1 2 4 
1 2 4 
1 11 2 4 
1 2 4 
1 2 4 
1 2 14 4 
1 2 4 
1 2 4 
1 2 4 
1 2 4 
1 2 4 
1 2 4 
1 2 15 4 
1 2 4 
1 2 4 
1 2 4 
1 2 18 4 
1 2 4 
1 2 4 
1 2 4 
1 2 4 
1 2 4 
1 2 4 
1 2 4 
1 2 4 
1 2 4 
1 2 4 
1 19 2 20 4 
1 2 4 
1 2 4 
1 2 4 
1 2 21 4 22 
1 2 4 
1 2 4 
1 2 4 
1 2 4 
1 2 4 
1 2 4 
1 2 4 
1 2 4 
1 2 4 
1 2 4 
1 2 4 
1 2 4 
1 2 18 4 
1 2 4 
1 2 4 
1 24 2 25 4 
1 2 4 
1 2 4 
1 2 4 
1 2 4 
1 2 4 
1 2 4 
1 2 4 
1 2 4 
1 2 4 
1 2 4 
1 2 4 
1 2 4 
1 2 4 
1 26 27 2 28 4 
1 2 4 
1 24 2 25 4 
1 2 4 
1 2 4 
1 2 4 
1 2 4 
1 24 2 25 4 
1 2 4 
1 2 4 
1 2 4 
1 2 4 
1 2 4 
1 2 15 4 
1 29 2 30 21 4 
1 2 4 
1 2 4 
1 24 2 25 4 
1 2 18 4 
1 2 18 4 
1 2 4 
1 2 4 
1 2 4 
1 2 4 
1 2 4 
1 2 4 
1 2 4 
1 2 4 
1 2 4 
1 11 2 4 
1 2 4 
1 2 4 
1 2 4 
1 2 4 
