449 56 57 213 181 
449 56 57 213 181 
449 56 57 213 181 
449 56 57 213 181 
449 56 57 213 181 
449 56 57 213 181 
449 56 57 213 181 
1 449 56 57 213 181 
449 56 57 213 181 
449 56 57 213 181 
1 449 56 57 213 181 
449 56 57 213 181 
449 56 57 213 181 
449 56 57 213 181 
449 56 57 213 181 
449 56 57 213 181 
449 56 57 213 181 
449 56 57 213 181 
449 56 57 213 181 
449 212 56 57 213 181 
1 449 56 57 213 181 
449 56 57 213 181 
449 56 57 213 181 
1 449 56 57 213 181 
449 56 57 213 181 
449 56 57 213 181 
449 56 57 213 181 
449 56 57 213 181 
1 15 449 56 57 213 181 
449 56 57 213 181 
449 56 57 213 181 
449 56 57 213 181 
1 449 56 57 213 181 
1 449 56 57 213 181 
449 56 57 213 181 
449 56 57 213 181 
1 449 56 57 213 181 
449 56 57 213 181 
449 56 57 213 181 
449 56 57 213 181 
449 56 57 213 181 
449 56 57 213 181 
449 56 57 213 181 
1 15 449 56 57 213 181 
1 15 449 56 57 213 181 
449 56 57 213 181 
449 56 57 213 181 
449 56 57 213 181 
449 56 57 213 181 
449 56 57 213 181 
449 56 57 213 181 
449 56 57 213 181 
449 56 57 213 181 
449 56 57 213 181 
449 56 57 213 181 
1 15 449 56 57 213 181 