1 54 51 257 476 329 19 2 192 
51 257 138 
54 51 257 476 192 
54 51 257 476 192 
54 51 257 476 192 
54 51 257 476 192 
54 51 257 476 192 
184 1 54 15 51 257 476 185 192 
54 51 257 476 192 
74 51 257 77 313 78 
74 51 257 77 313 78 
1 54 15 51 257 476 192 
54 51 257 476 192 
74 51 257 334 77 78 
54 51 257 476 192 
54 51 257 476 192 
54 355 51 257 476 349 192 351 
54 51 257 476 192 
54 51 257 476 192 
54 51 257 476 192 
74 51 257 77 313 78 
54 51 257 476 192 
54 51 257 476 192 
54 51 257 476 192 
54 51 257 476 192 
54 51 257 476 192 
54 51 257 476 192 
54 51 257 476 192 
54 51 257 476 192 
54 51 257 476 192 
54 51 257 476 192 
54 51 257 476 192 
54 51 257 476 192 
54 51 257 476 192 
54 51 257 476 192 
54 51 257 476 192 
54 51 257 476 192 
184 1 54 15 51 257 476 185 192 
54 51 257 476 192 
54 51 257 476 192 
54 51 257 476 192 
54 51 257 476 192 
54 51 257 476 192 
54 51 257 476 192 
54 51 257 476 192 
54 51 257 476 192 
54 51 257 476 192 
54 51 257 476 192 
54 51 257 476 192 
54 51 257 476 192 
54 51 257 476 192 
54 51 257 476 192 
54 51 257 476 192 
54 51 257 476 192 
54 51 257 476 192 
54 51 257 476 192 
51 257 348 349 350 351 
54 51 257 476 192 
54 51 257 476 192 
54 51 257 476 192 
54 51 257 476 192 
54 51 257 476 192 
54 51 257 476 192 
54 355 51 257 476 349 192 351 
54 51 257 476 192 
54 51 257 476 192 
54 51 257 476 192 
54 51 257 476 192 222 
54 190 51 257 476 191 192 
54 51 257 476 192 
54 51 257 476 192 
54 51 257 476 192 
54 51 257 476 192 
54 51 257 476 192 
54 190 51 257 476 191 192 
54 190 51 257 191 192 
54 51 257 476 192 
54 51 257 476 192 
54 51 257 476 465 192 
54 51 257 476 192 
54 51 257 476 192 
54 51 257 476 192 
54 51 257 476 192 
54 51 257 476 192 
54 51 257 476 192 
54 51 257 476 192 
54 51 257 476 192 
54 51 257 476 192 
54 51 257 476 192 
54 51 257 476 192 
54 51 257 476 192 
54 51 257 476 192 
54 51 257 476 192 
54 51 257 476 192 
54 51 257 476 192 
54 51 257 476 192 
54 51 257 476 192 
54 51 257 476 192 
54 51 257 476 192 
54 51 257 476 192 
51 257 313 78 
51 257 138 
367 51 257 349 
54 190 51 257 191 192 
54 190 51 257 191 192 
54 51 257 476 192 
54 51 257 476 192 
54 51 257 476 192 222 
54 51 257 476 192 222 
54 51 257 476 192 
54 51 257 476 192 
54 51 257 476 192 
54 51 257 476 192 
54 51 257 476 192 
54 51 257 476 192 
54 51 257 476 192 
54 51 257 476 192 
54 51 257 476 192 
54 51 257 476 192 
54 51 257 476 192 
54 51 257 476 192 
54 51 257 476 192 
54 51 257 476 192 
54 51 257 476 192 
54 51 257 476 192 
54 51 257 476 192 
54 51 257 476 192 
54 51 257 476 192 
54 51 257 476 192 
54 51 257 476 192 
54 51 257 476 192 
54 51 257 476 192 
54 51 257 476 192 
54 51 257 476 192 
54 51 257 476 192 
54 51 257 476 192 
54 51 257 476 192 
54 51 257 476 192 
54 51 257 476 192 
54 51 257 476 192 
51 257 313 78 
51 257 313 78 
54 51 257 476 192 
54 51 257 476 192 
54 51 257 476 192 
54 51 257 476 192 
54 51 257 476 192 
54 51 257 476 192 
54 51 257 476 192 
367 51 257 349 
54 51 257 476 192 
54 51 257 476 192 
54 51 257 476 192 
58 54 59 51 257 476 60 192 
54 51 257 476 192 
367 51 257 349 
54 51 257 476 192 
51 257 313 78 
54 51 257 476 192 
54 51 257 476 192 
1 54 15 51 257 476 192 
54 51 257 476 192 
54 51 257 476 192 
54 51 257 476 192 
54 51 257 476 192 
54 51 257 476 192 
54 51 257 476 192 
54 51 257 476 192 
54 51 257 476 192 
54 51 257 476 192 
54 51 257 476 192 
54 51 257 476 192 
51 257 138 
184 1 54 15 51 257 476 185 192 
54 51 257 476 192 
54 51 257 476 192 222 
54 51 257 476 192 222 
54 51 257 476 192 
51 257 313 78 
51 257 313 78 
51 257 313 78 
54 51 257 476 192 
54 51 257 476 192 
58 54 59 51 257 476 60 192 
51 257 313 78 
51 257 313 78 
51 257 313 78 
51 257 313 78 
54 190 51 257 191 192 
54 190 51 257 191 192 
452 51 257 313 78 
54 190 51 257 191 192 
54 190 51 257 191 192 
54 51 257 476 192 
54 190 51 257 191 192 
54 51 257 476 192 
54 51 257 476 192 
54 51 257 476 192 
54 51 257 476 192 
54 264 51 257 476 38 192 
54 51 257 476 192 
1 54 51 257 476 192 
54 51 257 476 192 
314 51 257 313 78 
451 51 257 313 78 
51 257 313 78 
51 257 313 78 
51 257 313 78 
451 51 257 313 78 
51 257 313 78 
314 51 257 313 78 
314 51 257 313 78 
51 257 313 78 
51 257 313 78 
51 257 313 78 
51 257 313 78 
51 257 313 78 
51 257 313 78 
184 1 54 15 51 257 476 185 192 
54 51 257 476 192 
184 1 54 15 51 257 476 185 192 
51 257 
54 51 257 476 192 
54 51 257 476 192 
184 1 54 15 51 257 476 185 192 
184 1 54 15 51 257 476 185 192 
184 1 54 15 51 257 476 185 192 
51 257 313 78 
74 51 257 77 313 78 
451 51 257 313 78 
314 51 257 313 78 
51 257 313 78 
451 51 257 313 78 
51 257 313 78 
51 257 313 78 
51 257 313 78 
314 51 257 313 78 
451 51 257 313 78 
314 51 257 313 78 
314 51 257 313 78 
51 257 313 78 
51 257 313 78 
51 257 313 78 
51 257 313 78 
314 51 257 313 78 
314 51 257 313 78 
51 257 138 
51 257 313 78 
51 257 313 78 
54 51 257 476 192 
54 51 257 476 192 
54 51 257 476 192 
184 1 54 15 51 257 476 185 192 
54 51 257 476 192 
54 51 257 476 192 
54 51 257 476 192 
184 1 54 15 51 257 476 185 192 
184 1 54 15 51 257 476 185 192 
54 51 257 476 334 192 
54 51 257 476 192 
54 355 51 257 476 349 192 351 
54 190 51 257 191 192 
54 51 257 476 192 
51 257 138 
51 257 138 
54 51 257 476 192 
54 51 257 476 192 
54 51 257 476 192 
54 51 257 476 192 
54 190 51 257 191 192 
54 51 257 476 192 
54 51 257 476 192 
54 51 257 476 192 
54 51 257 476 192 
54 51 257 476 192 222 
51 257 138 
54 51 257 476 192 
54 51 257 476 192 
54 51 257 476 192 
54 51 257 476 192 
54 51 257 476 192 
54 51 257 476 192 
54 51 257 476 192 
51 257 313 78 
54 51 257 476 192 
54 51 257 476 192 
54 51 257 476 192 
51 257 313 78 
314 51 257 313 78 
314 51 257 313 78 
51 257 313 78 
51 257 313 78 
51 257 313 78 
54 51 257 476 192 
54 51 257 476 192 
54 51 257 476 192 
54 51 257 476 192 
1 54 51 257 476 192 
54 51 257 476 192 
54 51 257 476 192 
54 51 257 476 192 
54 51 257 476 192 
54 51 257 476 192 
54 51 257 476 192 
54 51 257 476 192 
54 51 257 476 192 
54 51 257 476 192 
54 51 257 476 192 
54 51 257 476 192 
54 51 257 476 192 
54 51 257 476 192 
54 51 257 476 192 
54 51 257 476 192 
54 51 257 476 192 
184 1 54 15 51 257 476 185 192 
314 51 257 313 78 
1 74 15 51 257 77 78 
54 51 257 476 192 
54 51 257 476 192 
54 51 257 476 192 
54 51 257 476 192 
54 51 257 476 192 
51 257 313 78 
54 51 257 476 192 
54 51 257 476 192 
54 51 257 476 192 
54 51 257 476 192 
54 51 257 476 192 
54 51 257 476 192 
54 51 257 476 192 
54 51 257 476 192 
54 51 257 476 192 
54 51 257 476 192 
54 51 257 476 192 
184 1 54 15 51 257 476 185 192 
54 51 257 476 192 
54 51 257 476 192 
54 51 257 476 192 
54 51 257 476 192 
54 51 257 476 192 
54 51 257 476 192 
54 51 257 476 192 
54 51 257 476 192 
54 51 257 476 192 
54 51 257 476 192 
54 51 257 476 192 
54 51 257 476 192 
54 51 257 476 192 
54 51 257 476 192 
54 51 257 476 192 
54 51 257 476 192 
54 51 257 476 192 
54 51 257 476 192 222 
54 190 53 51 257 191 192 
54 190 51 257 191 192 
54 190 51 257 191 192 
367 51 257 349 
54 51 257 476 192 
54 51 257 476 192 
54 51 257 476 192 
51 257 313 78 
54 51 257 476 192 
1 54 15 51 257 400 401 476 192 
54 51 257 476 192 
54 355 51 257 476 349 192 351 
54 51 257 476 192 
54 355 51 257 476 349 192 351 
54 355 51 257 476 349 192 351 
54 355 51 257 476 349 192 351 
54 355 51 257 476 349 192 351 
54 51 257 476 192 
58 54 59 51 257 476 60 192 
54 51 257 476 192 222 
54 51 257 476 192 
367 51 257 349 
54 51 257 476 192 
54 51 257 476 192 
54 51 257 476 192 
54 51 257 476 192 
54 51 257 476 192 
54 51 257 476 192 
54 51 257 476 192 
54 51 257 476 192 
54 51 257 476 192 
51 257 138 
54 51 257 476 192 
51 257 138 
54 51 257 476 192 
54 51 257 476 192 
54 51 257 476 192 
54 51 257 476 192 
54 51 257 476 192 222 
54 51 257 476 192 222 
54 51 257 476 192 222 
54 51 257 476 192 222 
54 51 257 476 192 222 
54 51 257 476 192 222 
54 51 257 476 192 222 
51 257 138 145 42 
54 51 257 476 192 
51 257 313 78 
451 51 257 313 78 
51 257 313 78 
51 257 313 78 
54 51 257 476 192 
54 51 257 476 192 
54 51 257 476 192 
54 51 257 476 192 
54 51 257 476 192 
314 51 257 313 78 
51 257 313 78 
51 257 313 78 
51 257 313 78 
51 257 313 78 
51 257 313 78 
451 51 257 313 78 
51 257 313 78 
51 257 313 78 
51 257 313 78 
54 51 257 476 192 
54 355 51 257 476 349 192 351 
54 51 257 476 192 
54 51 257 476 192 
54 51 257 476 192 
54 51 257 476 192 
51 257 313 78 
54 190 51 257 191 192 
54 51 257 476 192 
314 51 257 313 78 
51 257 313 78 
451 51 257 313 78 
451 51 257 313 78 
451 51 257 313 78 
451 51 257 313 78 
451 51 257 313 78 
451 51 257 313 78 
451 51 257 313 78 
451 51 257 313 78 
451 51 257 313 78 
314 51 257 313 78 
51 257 313 78 
51 257 313 78 
51 257 313 78 
51 257 313 78 
51 257 313 78 
51 257 313 78 
451 51 257 313 78 
51 257 313 78 
51 257 313 78 
451 51 257 313 78 
51 257 313 78 
51 257 313 78 
51 257 313 78 
51 257 313 78 
51 257 313 78 
451 51 257 313 78 
54 51 257 476 192 
54 51 257 476 192 
54 51 257 476 192 
54 51 257 476 192 
54 51 257 476 192 
54 51 257 476 192 
54 51 257 476 192 
54 51 257 476 192 
54 51 257 476 192 
54 51 257 476 192 
54 51 257 476 192 222 
54 51 257 476 192 
54 51 257 476 192 
54 51 257 476 192 
51 257 348 349 350 351 
54 51 257 476 192 
54 51 257 476 192 222 
54 51 257 476 192 
54 51 257 476 192 
54 51 257 476 192 
54 51 257 476 192 
54 51 257 476 192 
54 51 257 476 192 
54 51 257 476 192 
74 51 257 77 313 78 
54 51 257 476 192 
314 51 257 313 78 
54 51 257 476 192 
54 51 257 476 192 
54 51 257 476 192 222 
54 51 257 476 192 222 
54 51 257 476 192 
54 51 257 476 192 
58 54 59 51 257 476 60 192 
54 51 257 476 192 
54 51 257 476 192 
54 51 257 476 192 
54 51 257 476 192 
51 257 313 78 
51 257 313 78 
51 257 138 
367 51 257 349 
54 51 257 476 192 
54 51 257 476 192 
54 51 257 476 192 
54 51 257 476 192 
54 51 257 476 192 
54 51 257 476 192 
54 51 257 476 192 
54 51 257 476 192 
51 257 349 351 
54 51 257 476 192 
54 51 257 476 192 
54 51 257 476 192 
54 51 257 476 192 222 
54 51 257 476 192 
54 51 257 476 192 
54 51 257 476 192 
54 51 257 476 192 
54 51 257 476 192 
54 51 257 476 192 
54 51 257 476 192 
54 51 257 476 192 
54 51 257 476 192 222 
54 51 257 476 192 
54 51 257 476 192 
54 51 257 476 192 
54 190 51 257 191 192 
54 51 257 476 192 
54 51 257 476 192 
54 51 257 476 192 
451 51 257 313 78 
51 257 313 78 
54 51 257 476 192 
54 51 257 476 192 
54 51 257 476 192 
54 190 53 51 257 191 192 
54 190 51 257 191 192 
54 190 51 257 191 192 
51 257 349 
51 257 138 
54 51 257 476 192 
54 51 257 476 192 
54 51 257 476 192 
54 51 257 476 192 
54 51 257 476 192 
54 51 257 476 192 
54 190 51 257 191 192 
51 257 313 78 
51 257 313 78 
51 257 313 78 
51 257 313 78 
54 190 51 257 191 192 
54 51 257 476 192 
54 190 51 257 191 192 
51 257 313 78 
51 257 313 78 
54 190 51 257 191 192 
54 51 257 476 192 
54 51 257 476 192 
54 51 257 476 192 
54 51 257 476 192 
54 51 257 476 192 
54 51 257 476 192 
54 51 257 476 192 
54 51 257 476 192 
54 51 257 476 192 
54 51 257 476 192 
54 51 257 476 192 
367 51 257 349 
451 51 257 313 78 
51 257 313 78 
54 51 257 476 192 
51 257 313 78 
51 257 313 78 
54 355 51 257 476 349 192 351 
54 51 257 476 192 
54 51 257 476 192 
51 257 313 78 
54 355 51 257 476 349 192 351 
451 51 257 313 78 
184 1 54 15 51 257 476 185 192 
367 51 257 349 
54 51 257 476 192 
54 51 257 476 192 
54 51 257 476 192 
54 51 257 476 192 
54 51 257 476 192 
54 51 257 476 192 
54 51 257 476 192 
54 51 257 476 192 
54 51 257 476 192 
54 51 257 476 192 
54 51 257 476 192 
54 51 257 476 192 
54 51 257 476 192 
54 51 257 476 192 
54 51 257 476 192 
54 51 257 476 192 
54 51 257 476 192 
54 51 257 476 192 
367 51 257 349 
54 51 257 476 192 
54 51 257 476 192 
54 355 51 257 476 349 192 351 
54 51 257 476 192 
451 51 257 313 78 
51 257 313 78 
1 54 51 257 93 476 2 94 192 
54 51 257 476 192 
54 51 257 476 192 
54 51 257 476 192 
54 51 257 476 192 
54 51 257 476 192 
54 51 257 476 192 
54 355 51 257 476 349 192 351 
54 51 257 476 192 
54 51 257 476 192 
54 51 257 476 192 
54 51 257 476 192 
54 51 257 476 192 
54 51 257 476 192 
54 51 257 476 192 
54 51 257 476 192 
54 51 257 476 192 
54 51 257 476 192 
54 51 257 476 192 
54 51 257 476 192 
54 51 257 476 192 
54 51 257 476 192 
51 257 313 78 
51 257 313 78 
314 51 257 313 78 
451 51 257 313 78 
51 257 313 78 
451 51 257 313 78 
51 257 313 78 
314 51 257 313 78 
54 51 257 476 192 
51 257 313 78 
54 51 257 476 192 
54 51 257 476 192 
51 257 313 78 
51 257 313 78 
54 51 257 476 192 
54 51 257 476 192 
54 51 257 476 192 
54 51 257 476 192 
54 51 257 476 192 
54 51 257 476 192 
54 51 257 476 192 
54 51 257 476 192 
54 51 257 476 192 
54 51 257 476 192 
54 51 257 476 192 
54 51 257 476 192 
54 51 257 476 192 
54 51 257 476 192 
54 51 257 476 192 
54 51 257 476 192 
54 51 257 476 192 
54 51 257 476 192 
54 51 257 476 192 
54 51 257 476 192 
54 51 257 476 192 
54 51 257 476 192 
54 51 257 476 192 
54 51 257 476 192 
54 51 257 476 192 
54 51 257 476 192 
54 51 257 476 192 
54 51 257 476 192 
54 51 257 476 192 
54 51 257 476 192 
54 51 257 476 192 
54 51 257 476 192 
54 51 257 476 192 
54 51 257 476 192 
54 51 257 476 192 
54 51 257 476 192 
54 51 257 476 192 
54 51 257 476 192 
54 355 51 257 476 349 192 351 
184 1 54 15 51 257 476 185 192 
51 257 313 78 
51 257 138 
54 51 257 476 192 
54 51 257 476 192 
54 51 257 476 192 
54 51 257 476 192 
51 257 334 
54 51 257 476 192 
54 51 257 476 192 
367 51 257 349 
54 51 257 476 192 
54 51 257 476 192 
54 51 257 476 192 
54 51 257 476 192 
54 51 257 476 192 
54 51 257 476 192 
51 257 
367 51 257 349 
54 51 257 476 192 
54 51 257 476 192 
54 51 257 476 192 
54 51 257 476 192 
54 51 257 476 192 
54 51 257 476 192 
54 51 257 476 192 
54 51 257 476 192 
51 257 138 
54 51 257 476 192 
54 51 257 476 192 
184 1 54 15 51 257 476 185 192 
51 257 138 
54 53 51 257 476 192 
314 51 257 313 78 
51 257 313 78 
54 190 51 257 191 192 
54 53 51 257 476 192 
54 53 51 257 476 192 
54 53 51 257 476 192 
54 53 51 257 476 192 
54 190 51 257 191 192 
1 54 51 257 476 329 19 2 192 
1 54 51 257 476 329 19 2 192 
1 54 51 257 476 329 19 2 192 
54 51 257 476 192 
54 51 257 476 192 
54 51 257 476 192 
54 51 257 476 192 222 
54 51 257 476 192 
1 15 51 257 
54 51 257 476 192 
54 51 257 476 192 
54 51 257 476 192 
54 51 257 476 192 
54 51 257 476 192 
54 51 257 476 192 
54 51 257 476 192 
54 51 257 476 192 
54 51 257 476 192 
54 51 257 476 192 
54 51 257 476 192 
54 51 257 476 192 
54 51 257 476 192 
54 51 257 476 192 
54 51 257 476 192 
54 51 257 476 192 222 
54 51 257 476 192 
54 51 257 476 192 
54 51 257 476 192 
54 51 257 476 192 
1 15 51 257 43 
54 51 257 476 192 
314 51 257 313 78 
51 257 313 78 
54 190 51 257 191 192 
51 257 313 78 
51 257 313 78 
51 257 313 78 
54 51 257 476 192 
54 51 257 476 192 
54 51 257 476 192 
54 51 257 476 192 
54 51 257 476 192 
54 51 257 476 192 
54 51 257 476 192 
54 51 257 476 192 
54 51 257 476 192 
54 51 257 476 192 
54 51 257 476 192 
54 51 257 476 192 
54 51 257 476 192 
54 51 257 476 192 
51 257 138 
54 51 257 476 192 
54 51 257 476 192 
54 51 257 476 192 
51 257 313 78 
54 51 257 476 192 
54 51 257 476 192 
54 51 257 476 192 
54 51 257 476 192 
54 51 257 476 192 
54 51 257 476 192 
54 51 257 476 192 
54 51 257 476 192 
451 51 257 313 78 
54 51 257 476 192 
54 51 257 476 192 
54 51 257 476 192 
51 257 
54 51 257 476 192 
54 51 257 476 192 
54 190 51 257 191 192 
54 51 257 476 192 
54 51 257 476 192 
1 54 51 257 476 329 19 2 192 
51 257 
54 51 257 476 192 
54 51 257 476 192 
54 51 257 476 192 
451 51 257 313 78 
1 51 257 348 349 350 2 351 
451 51 257 313 78 
54 51 257 476 192 
54 51 257 476 192 
54 355 51 257 476 349 192 351 
54 51 257 476 192 
54 51 257 476 192 
1 54 15 51 257 476 192 
54 51 257 476 192 
54 51 257 476 192 
54 51 257 476 192 
54 190 51 257 191 192 
54 51 257 476 192 
51 257 313 78 
51 257 138 
54 51 257 476 192 
54 51 257 476 192 
54 51 257 476 192 
54 51 257 476 192 
54 51 257 476 192 
54 51 257 476 192 
54 51 257 476 192 
51 257 313 78 
54 51 257 476 192 
54 51 257 476 192 
54 190 51 257 191 192 
54 51 257 476 192 
54 51 257 476 192 
51 257 313 78 
54 51 257 476 192 
51 257 138 
54 51 257 476 192 
54 51 257 476 192 
54 51 257 476 192 
54 51 257 476 192 
54 190 51 257 191 192 
54 190 51 257 191 192 
54 51 257 476 192 
54 51 257 476 192 
51 257 138 
54 51 257 476 192 
54 51 257 476 192 
54 51 257 476 192 
54 51 257 476 192 
54 51 257 476 192 
54 51 257 476 192 
54 51 257 476 192 
54 51 257 476 192 222 
54 51 257 476 192 222 
54 51 257 476 192 222 
54 51 257 476 192 
51 257 313 78 
54 51 257 476 192 
51 257 
54 51 257 476 192 
54 51 257 476 192 
54 51 257 476 192 
54 51 257 476 192 
54 51 257 476 192 
54 51 257 476 192 
54 51 257 476 192 
54 51 257 476 192 
54 51 257 476 192 
1 54 15 51 257 476 43 192 
184 1 54 15 51 257 476 185 192 
54 51 257 476 192 
314 51 257 313 78 
451 51 257 313 78 
51 257 313 78 
314 51 257 313 78 
51 257 313 78 
51 257 313 78 
51 257 313 78 
51 257 313 78 
51 257 313 78 
51 257 313 78 
51 257 313 78 
451 51 257 313 78 
54 190 51 257 191 192 
1 54 51 257 476 192 
367 51 257 349 
54 51 257 476 192 
54 51 257 476 192 
451 51 257 313 78 
451 51 257 313 78 
54 51 257 476 192 
51 257 313 78 
51 257 313 78 
54 51 257 476 192 
451 51 257 313 78 
451 51 257 313 78 
451 51 257 313 78 
54 51 257 476 192 
54 51 257 476 192 
54 51 257 476 192 
54 51 257 476 192 
51 257 313 78 
51 257 313 78 
54 51 257 476 192 
184 1 54 15 51 257 476 185 192 
54 51 257 476 192 
184 1 54 15 51 257 476 185 192 
54 51 257 476 192 
51 257 138 
54 51 257 476 192 
54 51 257 476 192 
54 51 257 453 223 313 78 
51 257 313 78 
51 257 313 78 
451 51 257 313 78 
314 51 257 313 78 
51 257 313 78 
51 257 313 78 
54 51 257 476 192 
54 51 257 476 192 222 
54 51 257 476 192 222 
54 51 257 476 192 222 
54 51 257 476 192 222 
54 51 257 476 192 222 
54 51 257 476 192 222 
54 51 257 476 192 
54 51 257 476 192 
54 51 257 476 192 
54 51 257 476 192 
54 51 257 476 192 
54 51 257 476 192 
54 51 257 476 192 
54 51 257 476 192 
54 51 257 476 192 
54 51 257 476 192 
54 51 257 476 192 
54 51 257 476 192 
54 51 257 476 192 
54 51 257 476 192 
54 51 257 476 192 
54 51 257 476 192 
54 51 257 476 192 
54 51 257 476 192 
54 51 257 476 192 
54 51 257 476 192 
58 54 59 51 257 476 60 192 
54 51 257 476 192 
54 51 257 476 192 
51 257 
54 51 257 476 192 
54 51 257 476 192 
54 51 257 476 192 222 
54 51 257 476 192 
54 51 257 476 192 
54 51 257 476 192 
54 51 257 476 192 
54 51 257 476 192 222 
54 355 51 257 476 349 192 351 
54 51 257 476 192 
54 355 51 257 476 349 192 351 
54 51 257 476 192 
54 51 257 476 192 
54 51 257 476 192 
54 190 51 257 191 192 
54 355 51 257 476 349 192 351 
1 54 51 257 93 476 2 94 192 
54 51 257 476 192 
54 51 257 476 192 
54 51 257 476 192 
54 51 257 476 192 
54 51 257 476 192 
54 51 257 476 192 
54 51 257 476 192 
54 51 257 476 192 
54 51 257 476 192 
54 51 257 476 192 
54 51 257 476 192 
51 257 313 78 
451 51 257 313 78 
51 257 313 78 
451 51 257 313 78 
54 51 257 476 192 
54 51 257 476 192 
54 51 257 476 192 
54 51 257 476 192 
54 51 257 476 192 
54 51 257 476 192 
54 51 257 476 192 
54 51 257 476 192 
54 51 257 476 192 
54 51 257 476 192 
54 51 257 476 192 
54 51 257 476 192 
54 51 257 476 192 
54 51 257 476 192 
54 51 257 476 192 
54 51 257 476 192 
54 51 257 476 192 
54 51 257 476 192 
54 51 257 476 192 
367 51 257 349 
54 51 257 476 192 
54 51 257 476 192 
54 51 257 476 192 
54 51 257 476 192 
54 51 257 476 192 
51 257 138 
54 51 257 476 192 
51 257 313 78 
54 51 257 476 192 
54 51 257 476 192 
54 51 257 476 192 
54 51 257 476 192 
54 51 257 476 192 
54 51 257 476 192 
54 51 257 476 192 
54 51 257 476 192 
54 51 257 476 192 
54 51 257 476 192 222 
54 190 51 257 191 192 
54 51 257 476 192 
54 51 257 476 192 
54 190 51 257 191 192 
54 190 51 257 191 192 
51 257 313 78 
54 51 257 476 192 222 
54 51 257 476 192 
54 51 257 476 192 
54 51 257 476 192 
54 51 257 476 192 
54 51 257 476 192 
54 51 257 476 192 
54 51 257 476 192 
54 51 257 476 192 
54 51 257 476 192 
54 51 257 476 192 
184 1 15 51 257 185 
54 51 257 476 192 222 
54 51 257 476 192 
54 51 257 476 192 
54 51 257 476 192 
54 51 257 476 192 
54 51 257 476 192 
314 51 257 313 78 
451 51 257 313 78 
451 51 257 313 78 
51 257 313 78 
51 257 313 78 
51 257 313 78 
51 257 313 78 
51 257 138 313 78 
54 51 257 476 192 
54 51 257 476 192 
54 51 257 476 192 
54 51 257 476 192 
54 51 257 476 192 
54 51 257 476 192 
54 51 257 476 192 
54 51 257 476 192 
184 1 54 15 51 257 476 185 192 
54 51 257 476 192 
51 257 313 78 
54 51 257 476 192 
51 257 313 78 
54 51 257 476 192 
54 51 257 476 192 
54 51 257 476 192 
184 1 54 15 51 257 476 185 192 
451 51 257 313 78 
54 51 257 476 192 
54 51 257 476 192 
54 51 257 476 192 
54 51 257 476 192 
54 51 257 476 192 
1 54 51 257 476 192 
54 51 257 476 192 
54 51 257 476 192 
54 51 257 476 192 
54 51 257 476 192 
54 51 257 476 192 
54 51 257 476 192 
54 51 257 476 192 
54 51 257 476 192 
54 51 257 476 192 
54 51 257 476 192 
54 51 257 476 192 
54 190 53 51 257 191 192 
54 51 257 476 192 
51 257 313 78 
54 51 257 476 192 
54 51 257 476 192 
54 51 257 476 192 
54 51 257 476 192 
54 51 257 476 192 
54 51 257 476 192 
54 51 257 476 192 
54 51 257 476 192 
54 51 257 476 192 
54 51 257 476 192 
54 51 257 476 192 
54 51 257 476 192 
54 51 257 476 192 
54 51 257 476 192 
54 355 51 257 476 349 192 351 
54 51 257 476 192 
54 51 257 476 192 
54 51 257 476 192 
54 51 257 476 192 
367 51 257 349 
54 51 257 476 192 
54 51 257 476 192 
54 51 257 476 192 
54 51 257 476 192 
54 51 257 476 192 
54 51 257 476 192 
54 51 257 476 192 
54 51 257 476 42 192 
54 51 257 476 192 
54 51 257 476 192 
54 51 257 476 192 
54 51 257 476 192 
54 51 257 476 192 
54 51 257 476 192 
54 51 257 476 192 
51 257 
54 51 257 476 192 
54 51 257 476 192 222 
54 51 257 476 212 56 57 192 213 181 
54 51 257 476 192 
54 51 257 476 192 
54 51 257 476 192 
54 51 257 476 192 
54 190 51 257 191 192 
54 190 51 257 191 192 
54 51 257 476 192 
54 51 257 476 192 
54 51 257 476 192 
1 54 51 257 476 2 192 
54 51 257 476 192 
54 51 257 476 192 
54 51 257 476 192 222 
54 51 257 476 192 222 
54 51 257 476 192 
54 51 257 476 192 222 
54 51 257 476 192 222 
54 51 257 476 192 222 
54 51 257 476 192 
54 51 257 476 192 
51 257 313 78 
54 51 257 476 192 
54 51 257 476 192 
314 51 257 313 78 
54 51 257 476 192 222 
54 51 257 476 349 192 363 
54 51 257 476 192 
54 51 257 476 192 
51 257 313 78 
367 51 257 349 
367 51 257 349 
367 51 257 349 
54 51 257 476 192 
54 51 257 476 192 
54 51 257 476 192 
54 51 257 476 192 
54 51 257 476 192 
54 51 257 476 192 
54 51 257 476 192 
54 51 257 476 192 
451 51 257 313 78 
54 51 257 476 192 
51 257 313 78 
51 257 313 78 
54 51 257 476 192 
54 51 257 476 192 
54 51 257 476 192 
54 51 257 476 192 
54 51 257 476 192 
54 51 257 476 192 
54 51 257 476 192 
54 51 257 476 192 
54 51 257 476 192 
54 355 51 257 476 349 192 351 
54 51 257 476 192 
54 51 257 476 192 
54 51 257 476 192 
54 51 257 476 192 
54 51 257 476 192 
54 51 257 476 192 
54 51 257 476 192 
51 257 313 78 
54 51 257 476 192 
54 51 257 476 192 
54 51 257 476 192 
54 51 257 476 192 
54 51 257 476 192 
367 51 257 349 313 78 
54 51 257 476 192 
54 51 257 476 192 
54 51 257 476 192 
54 51 257 476 192 
54 51 257 476 192 
54 51 257 476 192 
367 51 257 349 
54 51 257 476 192 
54 51 257 476 192 
54 53 51 257 476 192 
54 51 257 476 192 
54 51 257 476 192 
54 51 257 476 192 
54 51 257 476 192 
54 51 257 476 192 
51 257 138 
54 355 51 257 476 349 192 351 
54 51 257 476 192 222 
54 51 257 476 192 
54 51 257 476 192 
54 51 257 476 192 
54 51 257 476 192 
54 51 257 476 192 
54 51 257 476 192 
54 51 257 476 192 
54 51 257 476 192 
54 51 257 476 192 
54 51 257 476 192 
54 51 257 476 192 
54 51 257 476 192 
184 1 54 15 51 257 476 185 192 
54 51 257 476 192 
54 51 257 476 192 
54 51 257 476 192 222 
51 257 313 78 
51 257 313 78 
51 257 313 78 
54 51 257 465 313 78 
51 257 313 78 
51 257 313 78 
51 257 313 78 
314 51 257 313 78 
54 51 257 476 192 
54 51 257 476 192 
54 51 257 476 192 
54 51 257 476 192 
51 257 
54 355 51 257 476 349 192 351 
54 51 257 476 192 
54 51 257 476 192 
54 51 257 476 192 
54 51 257 476 192 
54 51 257 476 192 
184 1 54 15 51 257 476 185 192 
54 51 257 476 192 
54 51 257 476 192 
54 51 257 476 192 
54 51 257 476 192 
54 51 257 476 192 
54 51 257 476 192 
54 51 257 476 192 
54 51 257 476 192 
314 51 257 313 78 
54 51 257 476 192 
58 54 59 51 257 476 60 192 
184 1 54 15 51 257 476 185 192 
54 51 257 476 192 
54 51 257 476 192 
54 51 257 476 192 
54 51 257 476 192 
54 51 257 476 192 
54 355 51 257 476 349 192 351 
54 51 257 476 192 
54 51 257 476 192 
54 51 257 476 192 
54 51 257 476 192 
51 257 313 78 
51 257 313 78 
51 257 313 78 
51 257 313 78 
51 257 313 78 
51 257 313 78 
54 355 51 257 476 349 192 351 
51 257 313 78 
54 51 257 476 192 
54 51 257 476 192 
54 51 257 476 192 
51 257 349 
314 51 257 313 78 
51 257 313 78 
51 257 313 78 
54 51 257 476 192 
54 51 257 476 192 
54 51 257 476 192 
51 257 
51 257 313 78 
51 257 138 
54 51 257 476 192 
54 51 257 476 192 
54 51 257 476 192 
54 51 257 476 192 
54 51 257 476 192 
54 51 257 476 192 
54 190 51 257 191 192 
54 51 257 476 192 
54 51 257 476 192 
54 51 257 476 192 
51 257 313 78 
54 51 257 476 192 
54 51 257 476 192 
451 51 257 313 78 
51 257 313 78 
1 54 51 257 476 192 
54 51 257 476 192 
51 257 313 78 
51 257 313 78 
51 257 313 78 
54 51 257 476 192 
54 190 51 257 465 191 192 
54 51 257 476 192 
54 51 257 476 192 
54 51 257 476 192 
54 51 257 476 192 
54 51 257 476 192 
54 51 257 476 192 
54 51 257 476 192 
54 190 51 257 191 192 
54 51 257 476 192 
54 51 257 476 192 
54 51 257 476 192 
54 51 257 476 192 
51 257 138 
51 257 
54 51 257 476 192 
54 51 257 476 192 
54 51 257 476 192 
54 51 257 476 192 
54 51 257 476 192 
54 51 257 476 192 
54 51 257 476 192 
54 51 257 476 192 
54 51 257 476 192 
54 51 257 476 192 
54 51 257 476 192 
51 257 349 351 
54 51 257 476 192 222 
54 51 257 476 192 222 
54 51 257 476 192 222 
54 51 257 476 192 
54 51 257 476 192 
54 51 257 476 192 
54 51 257 476 192 
54 51 257 476 192 
54 451 51 257 476 313 78 192 
54 51 257 476 192 
54 51 257 476 192 
51 257 138 
54 51 257 476 192 
54 51 257 476 192 
54 51 257 476 192 
54 51 257 476 192 
54 51 257 476 192 
54 51 257 476 192 
54 51 257 476 192 
54 51 257 476 192 
54 51 257 476 192 
54 51 257 476 192 
54 51 257 476 192 
54 51 257 476 192 
54 51 257 476 192 
54 51 257 476 192 
54 51 257 476 192 
54 51 257 476 192 
51 257 313 78 
54 51 257 476 192 
54 51 257 476 192 
54 51 257 476 192 
54 51 257 476 192 
58 54 59 51 257 476 60 192 
58 54 59 51 257 476 60 192 
58 54 59 51 257 476 60 192 
54 51 257 476 192 222 
1 54 15 51 257 476 43 192 
58 54 59 51 257 476 60 192 
54 51 257 476 192 
54 51 257 476 192 
54 53 51 257 
54 51 257 476 192 
54 51 257 476 192 
54 51 257 476 192 
54 51 257 476 192 
54 51 257 476 192 
54 51 257 476 192 
54 51 257 476 192 
54 51 257 476 192 
54 51 257 476 192 
54 51 257 476 192 
54 51 257 476 192 
51 257 313 78 
314 51 257 313 78 
51 257 313 78 
51 257 313 78 
51 257 313 78 
51 257 313 78 
74 51 257 77 78 
184 1 54 15 51 257 476 185 192 
54 51 257 476 192 
54 51 257 476 192 
451 51 257 313 78 
58 54 59 51 257 476 60 192 
54 355 51 257 476 349 192 351 
54 51 257 476 192 
51 257 313 78 
54 51 257 476 192 
54 51 257 476 192 
54 51 257 476 192 
54 53 51 257 138 
54 51 257 476 192 
54 51 257 476 192 
54 51 257 476 192 
54 51 257 476 192 222 
54 51 257 476 192 
51 257 540 78 
54 51 257 476 192 
54 51 257 476 192 
54 51 257 476 192 
54 51 257 476 192 
54 51 257 476 192 
184 1 54 15 51 257 476 185 192 
51 348 257 349 350 359 351 
54 51 257 476 192 222 
54 51 257 476 192 
54 51 257 476 192 
54 51 257 476 192 
54 51 257 476 192 
54 51 257 476 192 
54 51 257 476 192 
451 51 257 313 78 
54 53 51 257 
54 53 51 257 42 73 
54 51 257 476 192 
54 51 257 476 192 
54 51 257 476 192 
54 51 257 476 192 
54 190 53 51 257 191 192 
54 51 257 476 192 
54 51 257 476 192 
54 51 257 476 192 
51 257 313 78 
451 51 257 313 78 
54 51 257 476 192 
54 51 257 476 192 
54 51 257 476 192 
54 51 257 476 192 
54 51 257 476 192 
54 51 257 476 192 
54 51 257 476 192 
54 51 257 476 192 
54 51 257 476 192 
54 51 257 476 192 
54 51 257 476 192 
54 51 257 476 192 
51 257 313 78 
54 51 257 476 192 
54 355 51 257 476 349 192 351 
54 51 257 476 192 
54 51 257 476 192 
54 51 257 476 192 
54 190 51 257 191 192 
51 257 313 78 
51 257 313 78 
54 51 257 476 192 
54 51 257 476 192 
54 51 257 476 192 
54 51 257 476 192 
54 51 257 476 192 
54 51 257 476 192 
54 51 257 476 192 
54 51 257 476 192 
54 51 257 476 192 
54 51 257 476 192 
54 51 257 476 192 
54 51 257 476 192 222 
54 51 257 476 192 
54 51 257 476 192 
54 51 257 476 192 222 
54 51 257 476 192 222 
51 257 313 78 
314 51 257 313 78 
54 51 257 476 192 222 
54 51 257 476 192 222 
54 51 257 476 192 
51 257 313 78 
314 51 257 313 78 
51 257 313 78 
51 257 313 78 
51 257 313 78 
51 257 313 78 
355 51 257 349 351 
58 54 59 51 257 476 60 192 
58 54 59 51 257 476 60 192 
54 51 257 476 57 192 
54 51 257 476 192 
51 257 313 78 
54 53 51 257 476 192 
54 51 257 476 192 
54 51 257 476 192 
54 51 257 476 192 
54 51 257 476 192 
54 51 257 476 192 
54 51 257 476 192 
314 51 257 313 78 
51 257 313 78 
51 257 313 78 
54 51 257 476 192 
54 51 257 476 192 
54 51 257 476 192 
54 51 257 476 192 
54 51 257 476 192 
54 51 257 476 192 
54 51 257 476 192 
54 51 257 476 192 
54 51 257 476 192 
51 257 313 78 
51 257 313 78 
54 51 257 476 192 
54 51 257 476 192 
54 51 257 476 192 
54 51 257 476 192 
54 51 257 476 192 
54 51 257 476 192 
54 51 257 476 192 
54 51 257 476 192 
54 51 257 476 192 
54 51 257 476 192 
54 51 257 476 192 
54 51 257 476 192 
54 51 257 476 192 
54 51 257 476 192 
51 257 349 351 
1 51 257 138 2 
54 51 257 476 192 
54 51 257 476 192 
51 257 313 78 
51 257 313 78 
54 51 257 476 192 
54 51 257 476 192 
54 51 257 476 192 
54 51 257 476 192 
54 51 257 476 192 
54 51 257 476 192 
54 51 257 476 192 
54 51 257 476 192 
54 51 257 476 192 
54 51 257 476 192 
54 51 257 476 192 
54 51 257 476 192 
54 51 257 476 192 
54 51 257 476 192 
54 51 257 476 192 
54 51 257 476 192 
54 51 257 476 192 
54 190 51 257 191 192 
54 51 257 476 192 
54 51 257 476 192 
51 257 138 
54 51 257 476 192 
54 51 257 476 192 
54 51 257 476 192 
54 51 257 476 192 
54 51 257 476 192 
54 51 257 476 192 
54 51 257 476 192 
54 51 257 476 192 
54 51 257 476 192 
54 51 257 476 192 
54 51 257 476 192 
54 51 257 476 192 
1 54 51 257 476 192 
54 51 257 476 192 
54 51 257 476 192 
54 51 257 476 192 
1 54 15 51 257 400 401 476 192 
54 51 257 476 192 
54 51 257 476 192 
54 51 257 476 192 
54 51 257 476 192 
54 51 257 476 192 
54 51 257 476 192 
54 51 257 476 192 
54 51 257 476 192 
54 51 257 476 192 
54 51 257 476 192 
54 51 257 476 192 
54 51 257 476 192 
54 51 257 95 476 192 96 
54 51 257 476 192 
54 51 257 476 192 
54 51 257 476 192 
54 51 257 476 192 
54 51 257 476 192 
54 51 257 476 192 
54 51 257 476 192 
54 51 257 476 192 
355 51 257 349 351 
54 51 257 476 192 
54 51 257 476 192 
54 51 257 476 192 
184 1 54 15 51 257 476 185 192 
54 51 257 476 192 
54 51 257 476 192 
54 51 257 476 192 
54 51 257 476 192 
54 51 257 476 192 
54 51 257 476 192 
54 51 257 476 42 192 
54 51 257 476 192 
54 51 257 476 192 
54 51 257 476 192 
54 51 257 476 192 
54 51 257 476 192 
54 51 257 476 192 
54 51 257 476 192 
54 51 257 476 192 
54 51 257 476 192 
54 51 257 476 192 
54 51 257 476 192 
54 51 257 476 192 
54 51 257 476 192 
54 51 257 476 192 
54 51 257 476 192 
54 51 257 476 192 
54 51 257 476 192 
54 51 257 476 192 
54 51 257 476 192 
54 51 257 476 192 
54 51 257 476 192 
54 51 257 476 192 
54 51 257 476 192 
54 51 257 476 192 
51 257 
54 51 257 476 192 
54 51 257 476 192 
54 51 257 476 192 
54 51 257 476 192 
54 51 257 476 192 
54 51 257 476 192 
54 51 257 476 192 
54 51 257 476 192 
54 51 257 476 192 
54 51 257 476 192 
54 51 257 476 192 
54 51 257 476 192 
54 51 257 476 192 
54 51 257 476 192 
54 51 257 476 192 
54 51 257 476 192 
54 51 257 476 192 
54 51 257 476 192 
54 51 257 476 192 
54 51 257 476 192 222 
54 51 257 476 192 
54 51 257 476 192 
54 51 257 476 192 
54 51 257 476 192 
54 51 257 476 192 
54 51 257 476 192 
54 51 257 476 192 
51 257 
51 257 
54 51 257 476 192 
54 51 257 476 192 
54 51 257 476 192 
54 51 257 476 192 
54 51 257 476 192 
54 51 257 476 192 
51 257 348 349 350 351 
54 51 257 476 192 
367 51 257 349 
54 51 257 476 192 
54 51 257 476 192 
54 51 257 476 192 
54 51 257 476 192 
51 257 
54 51 257 476 192 
54 51 257 476 192 
54 51 257 476 192 
54 51 257 476 192 
54 51 257 476 192 
54 51 257 476 192 
54 51 257 476 192 
54 51 257 476 192 
54 51 257 476 192 
54 51 257 476 192 
54 51 257 476 192 
54 51 257 476 192 
54 51 257 476 192 
51 257 348 349 350 351 
54 51 257 476 192 
54 51 257 476 192 
54 51 257 476 192 
54 51 257 476 192 
54 51 257 476 192 
54 51 257 476 192 
51 257 138 
51 257 138 
51 257 313 78 
54 51 257 476 192 
54 53 51 257 476 192 
54 51 257 476 192 
54 51 257 476 192 
54 51 257 476 192 
54 51 257 476 192 
367 51 257 349 
54 51 257 476 192 
184 1 54 15 51 257 476 185 192 
54 51 257 476 192 
54 51 257 476 192 
54 51 257 476 192 
184 1 54 15 51 257 476 185 192 
54 51 257 476 192 222 
184 1 54 15 51 257 476 185 192 
54 51 257 476 192 222 
451 51 257 313 78 
51 257 313 78 
54 51 257 476 192 
54 51 257 476 192 
51 257 313 78 
314 51 257 313 78 
51 257 313 78 
51 257 313 78 
51 257 313 78 
54 51 257 476 192 
367 51 257 349 
51 257 313 78 
51 257 313 78 
54 51 257 476 192 
54 51 257 476 192 
54 51 257 476 192 
54 51 257 476 192 
51 257 313 78 
51 257 313 78 
51 257 313 78 
51 257 313 78 
51 257 313 78 
54 51 257 476 192 
367 51 257 349 
54 51 257 476 192 
51 257 313 78 
314 51 257 313 78 
51 257 313 78 
51 257 313 78 
51 257 313 78 
51 257 313 78 
54 51 257 476 192 
54 51 257 476 192 
54 51 257 476 192 
54 51 257 476 192 
54 51 257 476 192 
51 257 138 
54 51 257 476 192 
54 51 257 476 192 
54 51 257 476 192 
54 51 257 476 192 
54 51 257 476 192 
54 51 257 476 192 
54 51 257 476 192 
54 51 257 476 192 
54 51 257 476 192 
54 51 257 476 192 
54 51 257 476 192 
51 257 313 78 
1 54 51 257 476 2 192 
54 51 257 476 192 
54 51 257 476 192 
54 51 257 476 192 
314 51 257 313 78 
51 257 313 78 
451 51 257 313 78 
314 51 257 313 78 
51 257 313 78 
451 51 257 313 78 
51 257 313 78 
51 257 313 78 
51 257 313 78 
451 51 257 313 78 
451 51 257 313 78 
451 51 257 313 78 
451 51 257 313 78 
451 51 257 313 78 
451 51 257 313 78 
51 257 313 78 
51 257 313 78 
1 54 15 51 257 476 43 192 
54 51 257 476 192 
314 51 257 313 78 
54 51 257 476 192 
1 54 51 257 476 192 
54 51 257 476 192 
54 51 257 476 192 
54 51 257 476 192 
54 51 257 476 192 
54 51 257 476 192 
54 51 257 476 192 
54 51 257 476 192 
51 257 
54 51 257 476 192 
54 51 257 476 192 
54 51 257 476 192 
54 51 257 476 192 
54 51 257 476 192 
184 1 54 15 51 257 476 185 192 
54 51 257 476 192 
54 51 257 476 192 
54 51 257 476 192 
54 51 257 476 192 
54 51 257 476 192 
314 51 257 313 78 
451 51 257 313 78 
54 51 257 476 192 
54 51 257 476 192 
54 51 257 476 192 
54 51 257 476 192 
54 190 51 257 191 192 
54 51 257 476 192 
54 51 257 476 192 
54 51 257 476 192 
54 51 257 476 192 
54 51 257 476 192 
54 51 257 476 192 
54 51 257 476 192 
54 51 257 476 192 
54 51 257 476 192 
54 51 257 476 192 
54 51 257 476 192 
54 51 257 476 192 
54 51 257 476 192 
54 51 257 476 192 
184 1 54 15 51 257 476 185 192 
184 1 54 15 51 257 476 185 192 
54 190 51 257 191 192 
54 51 257 476 192 
54 51 257 476 192 
54 51 257 476 192 
54 51 257 476 192 
54 51 257 476 192 
54 51 257 476 192 
54 51 257 476 192 
54 51 257 476 192 
54 51 257 476 192 
54 51 257 476 192 
54 51 257 476 192 
58 54 59 51 257 476 60 192 
54 51 257 476 192 
54 51 257 476 192 
54 51 257 476 192 
54 51 257 476 192 
54 51 257 476 192 
54 51 257 476 192 
54 51 257 476 42 192 
54 51 257 476 192 
54 51 257 476 192 
54 51 257 476 192 
54 51 257 476 192 
54 51 257 476 192 
54 51 257 476 192 
1 54 15 51 257 476 43 192 
54 51 257 476 192 
54 51 257 476 192 
54 51 257 476 192 
54 51 257 476 192 
54 190 53 51 257 191 192 
54 51 257 476 192 
54 53 51 257 476 192 
54 51 257 476 192 
54 51 257 476 192 
54 51 257 476 192 
54 51 257 476 192 
51 257 313 78 
51 257 313 78 
51 257 313 78 
451 51 257 313 78 
451 51 257 313 78 
54 51 257 476 192 
54 51 257 476 192 
54 51 257 476 192 
51 257 138 
54 51 257 476 192 
54 51 257 476 192 
51 257 138 
51 257 138 
54 51 257 476 192 
54 51 257 476 192 
54 51 257 476 192 
54 51 257 476 192 
58 54 59 51 257 476 60 192 
367 51 257 349 
54 51 257 476 192 
54 51 257 476 192 
54 190 51 257 191 192 
54 190 51 257 191 192 
54 190 51 257 191 192 
54 51 257 476 192 
54 51 257 476 192 
54 51 257 476 192 
54 51 257 476 192 
54 51 257 476 192 
54 51 257 476 192 
54 51 257 476 192 
54 51 257 476 192 
54 51 257 476 192 
54 51 257 476 192 
54 51 257 476 192 222 
51 257 138 
54 51 257 476 192 
54 51 257 476 192 
51 257 313 78 
51 257 313 78 
51 257 313 78 
54 51 257 476 192 
54 51 257 476 192 
53 54 51 257 313 78 
51 257 313 78 
51 257 313 78 
54 51 257 476 192 
54 51 257 476 192 
54 51 257 476 192 
54 51 257 476 192 
54 51 257 476 192 
54 51 257 476 192 
54 51 257 476 192 
54 51 257 476 192 
54 51 257 476 192 
54 355 51 257 476 349 192 351 
54 355 51 257 476 349 192 351 
54 51 257 476 192 
54 355 51 257 476 349 192 351 
54 51 257 476 192 
54 51 257 476 192 
54 51 257 476 192 
54 51 257 476 192 
54 51 257 476 192 
54 51 257 476 192 
54 190 51 257 191 192 
54 51 257 476 192 
54 51 257 476 192 
54 190 51 257 191 192 
54 51 257 476 192 
54 51 257 476 192 
54 51 257 476 192 
51 257 138 
54 51 257 476 192 
54 51 257 476 192 
54 51 257 476 192 
54 51 257 476 192 
51 257 
58 54 59 51 257 476 60 192 
54 51 257 476 192 
54 51 257 476 192 
54 51 257 476 192 
54 51 257 476 192 
54 51 257 476 192 
54 51 257 476 192 
54 51 257 476 192 
54 51 257 476 192 
54 51 257 476 192 
54 51 257 476 192 
54 51 257 476 192 
54 51 257 476 192 
54 51 257 476 192 
54 51 257 476 192 
54 51 257 476 192 
54 51 257 476 192 
54 51 257 476 192 
54 51 257 476 192 
51 257 138 
54 51 257 476 192 
54 51 257 476 192 
54 51 257 476 192 
54 355 51 257 476 349 192 351 
54 51 257 476 192 
51 257 313 78 
54 355 51 257 476 349 192 351 
54 51 257 476 192 
54 51 257 476 192 
54 51 257 476 192 
54 51 257 476 192 
367 51 257 349 
51 257 313 78 
54 51 257 476 192 
54 355 51 257 476 349 192 351 
54 51 257 476 192 
54 51 257 476 192 
54 51 257 476 192 
54 51 257 476 192 
54 51 257 476 192 
54 51 257 476 192 
54 51 257 476 192 
54 51 257 476 192 
54 51 257 476 192 
54 51 257 476 192 
367 51 257 349 
367 51 257 349 
54 51 257 476 192 
54 355 51 257 476 349 192 351 
54 51 257 476 192 
367 51 257 349 
54 51 257 476 192 
54 51 257 476 192 
314 51 257 313 78 
54 51 257 476 192 
54 51 257 476 192 
54 51 257 476 192 
54 51 257 476 192 
54 51 257 476 192 222 
54 51 257 476 192 222 
54 51 257 476 192 
54 51 257 476 192 
54 51 257 476 192 
54 51 257 476 192 
54 51 257 476 192 
54 51 257 476 192 
54 51 257 476 192 
58 54 59 51 257 476 60 192 
58 54 59 51 257 476 60 192 
54 51 257 476 192 
54 355 51 257 476 349 192 351 
54 51 257 476 192 
54 51 257 476 192 
58 54 59 51 257 476 60 192 
58 54 59 51 257 476 60 192 
54 51 257 476 192 
54 51 257 476 192 
54 51 257 476 192 
54 51 257 476 192 
54 51 257 476 192 
54 51 257 476 192 
51 257 313 78 
54 51 257 476 192 
54 51 257 476 192 
54 51 257 476 192 
54 51 257 476 192 
54 51 257 476 192 
51 257 138 
54 51 257 476 192 
54 51 257 476 192 
54 51 257 476 192 
1 54 51 257 476 2 192 
54 51 257 476 192 
54 51 257 476 192 
54 51 257 476 192 
54 51 257 476 192 
54 51 257 476 192 
54 355 51 257 476 349 192 351 
54 355 51 257 476 349 192 351 
54 51 257 476 192 
54 51 257 476 192 
54 51 257 476 192 
1 54 51 257 476 192 
54 51 257 476 192 
54 51 257 476 192 
54 51 257 476 192 
54 51 257 476 192 
54 51 257 476 192 
54 51 257 476 192 
54 51 257 476 192 
54 51 257 476 192 
54 190 51 257 191 192 
54 51 257 476 192 
54 51 257 476 192 
1 54 51 257 476 192 
54 51 257 476 192 
54 51 257 476 192 
54 51 257 476 192 
54 190 51 257 191 192 
54 51 257 476 192 
54 51 257 476 192 
54 51 257 476 192 
54 51 257 476 192 
54 51 257 476 192 
54 51 257 476 192 
54 51 257 476 192 
54 51 257 476 192 
58 54 59 51 257 476 60 192 
54 51 257 476 192 
54 51 257 476 192 
54 190 53 51 257 191 192 
54 51 257 476 192 
54 51 257 476 192 
54 51 257 476 192 
54 51 257 476 192 
367 51 257 349 
54 51 257 476 192 
54 51 257 476 192 
54 51 257 476 192 
367 51 257 349 
51 257 313 78 
367 51 257 349 
54 51 257 476 192 
51 257 334 
51 257 
54 51 257 476 192 
54 51 257 476 192 
54 51 257 476 192 
1 54 15 51 257 476 192 
51 257 313 78 
54 51 257 476 192 
51 257 
54 51 257 476 192 
54 51 257 476 192 222 
314 51 257 313 78 
54 51 257 476 192 
54 51 257 476 192 
54 51 257 476 192 
54 51 257 476 192 
51 257 334 
54 51 257 476 192 
54 51 257 476 192 
54 51 257 476 192 
54 51 257 476 192 
54 51 257 476 192 
54 355 51 257 476 349 192 351 
1 54 15 51 257 476 43 192 
54 51 257 476 192 
54 51 257 476 192 
54 51 257 476 192 
54 51 257 476 192 
54 355 51 257 476 349 192 351 
54 51 257 476 192 
54 51 257 476 192 
54 51 257 476 192 
54 51 257 476 192 
54 51 257 476 192 
54 51 257 476 192 
54 51 257 476 192 
51 257 349 351 
54 51 257 476 192 
367 51 257 349 
54 51 257 476 192 
54 51 257 476 192 
54 51 257 476 192 
54 355 51 257 476 349 192 351 
54 51 257 476 192 
54 51 257 476 192 
54 51 257 476 192 
54 51 257 476 192 
51 257 313 78 
54 51 257 476 192 
54 51 257 476 192 
54 51 257 476 192 
54 51 257 476 192 
54 51 257 476 192 222 
54 51 257 476 192 
367 51 257 349 
367 51 257 349 
54 51 257 476 192 
54 51 257 476 192 
54 51 257 476 192 
54 51 257 476 192 
54 51 257 476 192 
54 355 51 257 476 349 192 351 
54 51 257 476 192 
54 51 257 476 192 
54 51 257 476 192 
54 51 257 476 192 
51 257 313 78 
54 51 257 476 192 
355 51 257 349 351 
54 51 257 476 192 
54 51 257 476 192 
367 51 257 349 
54 51 257 476 192 
54 51 257 476 192 
54 51 257 476 192 
54 51 257 476 192 
54 51 257 476 192 
54 355 51 257 476 349 192 351 
54 51 257 476 192 
51 257 
367 51 257 349 
367 51 257 349 
54 51 257 476 192 
54 51 257 476 192 
54 51 257 476 192 
54 51 257 476 192 
51 257 313 78 
51 257 313 78 
54 51 257 476 192 
51 257 313 78 
451 51 257 313 78 
54 51 257 476 192 
54 51 257 476 192 
54 51 257 476 192 
54 51 257 476 192 
54 51 257 476 192 
54 51 257 476 192 
54 51 257 476 192 
54 51 257 476 192 
54 51 257 476 192 
54 51 257 476 192 
54 51 257 476 192 
54 51 257 476 192 
54 51 257 476 192 
54 51 257 476 192 
54 51 257 476 192 
54 51 257 476 192 
54 51 257 476 192 
54 51 257 476 192 
54 51 257 476 192 
54 51 257 476 192 
54 51 257 476 192 
54 51 257 476 192 
54 51 257 476 192 
54 51 257 476 192 
54 190 51 257 191 192 
54 51 257 476 192 
54 51 257 476 192 
51 257 
54 355 51 257 476 349 192 351 
54 51 257 476 192 222 
54 51 257 476 192 
54 51 257 476 192 
54 51 257 476 192 
54 51 257 476 192 
54 51 257 476 192 
54 51 257 476 192 
54 51 257 476 192 
51 257 138 
367 51 257 349 
54 51 257 476 192 
54 51 257 476 192 
54 51 257 476 192 
54 51 257 476 192 
54 51 257 476 192 
54 51 257 476 192 
54 51 257 476 192 
51 257 313 78 
51 257 313 78 
451 51 257 313 78 
451 51 257 313 78 
451 51 257 313 78 
54 51 257 476 192 
54 355 51 257 476 349 192 351 
58 54 59 51 257 476 60 192 
54 51 257 476 192 
54 51 257 476 192 
54 51 257 476 192 
54 51 257 476 192 
54 51 257 476 192 
54 51 257 476 192 
54 51 257 476 192 
54 51 257 476 192 
54 51 257 476 192 
54 51 257 476 192 
54 51 257 476 192 
54 51 257 476 192 
54 51 257 476 192 
367 51 257 349 
54 51 257 476 192 
54 51 257 476 192 
54 51 257 476 192 
54 51 257 476 192 
54 51 257 476 192 
314 51 257 313 78 
314 51 257 313 78 
51 257 313 78 
54 51 257 476 192 
54 51 257 476 192 
54 51 257 476 192 
54 51 257 476 192 
54 51 257 476 192 
54 51 257 476 192 
54 51 257 476 192 
54 51 257 476 313 78 192 
54 51 257 476 192 
54 51 257 476 192 
54 51 257 476 192 
54 51 257 476 192 
54 51 257 476 192 
54 51 257 476 192 
54 51 257 476 192 
54 51 257 476 192 
54 51 257 476 192 
54 51 257 476 192 
54 51 257 476 192 
54 51 257 476 192 
51 257 138 
451 51 257 313 78 
51 257 313 78 
54 51 257 476 192 
51 257 313 78 
54 51 257 476 192 
451 51 257 313 78 
58 54 59 51 257 476 60 192 
54 51 257 476 192 
54 51 257 476 192 
54 51 257 476 192 
54 51 257 476 192 
54 51 257 476 192 
54 51 257 476 192 
54 51 257 476 192 
54 51 257 476 192 
54 51 257 476 192 
51 257 313 78 
54 51 257 476 192 
54 51 257 476 192 
54 51 257 476 192 
54 51 257 476 192 
54 51 257 476 192 
54 51 257 476 192 
367 51 257 349 
54 51 257 476 192 
54 51 257 476 192 
54 51 257 476 192 
54 51 257 476 192 
54 51 257 476 192 
54 51 257 476 192 
54 51 257 476 192 
54 51 257 476 192 
54 51 257 476 192 
54 51 257 476 192 
54 51 257 476 192 
58 54 59 51 257 476 60 192 
54 51 257 476 192 
54 51 257 476 192 
54 355 51 257 476 349 192 351 
54 51 257 476 192 
54 51 257 476 192 
54 51 257 476 192 
51 257 313 78 
451 51 257 313 78 
54 51 257 476 192 
54 51 257 476 192 
54 51 257 476 192 
54 51 257 476 192 
54 51 257 476 192 
54 51 257 476 192 
54 51 257 476 192 
54 51 257 476 192 
54 51 257 476 192 
54 51 257 476 192 
54 51 257 476 192 
54 51 257 476 192 
54 51 257 476 192 
54 51 257 476 192 
54 51 257 476 192 
54 51 257 476 192 
54 51 257 476 192 
54 51 257 476 192 
54 51 257 476 192 
54 51 257 476 192 
54 51 257 476 192 
54 51 257 476 192 
54 51 257 476 192 
54 51 257 476 192 
54 51 257 476 192 
54 51 257 476 192 
54 51 257 476 192 
54 51 257 476 192 
54 51 257 476 192 
54 51 257 476 192 
54 51 257 476 192 
54 51 257 476 192 
54 51 257 476 192 
54 51 257 476 192 
54 51 257 476 192 
54 51 257 476 192 
54 51 257 476 192 
54 51 257 476 192 
54 51 257 476 192 
54 51 257 476 192 
54 51 257 476 192 
54 51 257 476 192 
54 51 257 476 192 
54 51 257 476 192 
54 51 257 476 192 
54 51 257 476 192 
367 51 257 349 
51 257 
54 51 257 476 192 
54 51 257 476 192 222 
54 51 257 476 192 
51 257 313 78 
54 51 257 476 192 
54 51 257 476 192 
451 51 257 313 78 
51 257 313 78 
367 51 257 349 
54 51 257 476 192 
51 257 138 
54 51 257 476 192 
54 51 257 476 192 
54 51 257 476 192 
54 51 257 476 192 
54 51 257 476 192 
54 51 257 476 192 
54 51 257 476 192 
54 51 257 476 192 
54 51 257 476 192 
54 51 257 476 192 
54 51 257 476 192 
54 51 257 476 192 
54 51 257 476 192 
54 51 257 476 192 
54 51 257 476 192 
54 51 257 476 192 
54 51 257 476 192 
54 51 257 476 192 
54 51 257 476 192 
54 51 257 476 192 
54 51 257 476 192 
54 51 257 476 192 
54 51 257 476 192 
54 51 257 476 192 
54 51 257 476 192 
54 51 257 476 192 
54 51 257 476 192 
54 51 257 476 192 
54 51 257 476 192 
1 54 15 51 257 476 16 192 
54 51 257 476 192 
54 51 257 476 192 222 
54 51 257 476 192 
54 51 257 476 192 
54 51 257 476 192 
54 51 257 476 192 
54 51 257 476 192 
54 51 257 476 192 
54 51 257 476 192 
54 51 257 476 192 
54 51 257 476 192 
54 51 257 476 192 
54 51 257 476 192 
54 51 257 476 192 
54 51 257 476 192 
54 51 257 476 192 
54 51 257 476 192 
54 51 257 476 192 
54 51 257 476 192 
54 51 257 476 192 
54 51 257 476 192 
54 51 257 476 192 
54 51 257 476 192 
54 51 257 476 192 
54 51 257 476 192 
54 51 257 476 192 
54 51 257 476 192 
54 51 257 476 192 
54 51 257 476 192 
54 51 257 476 192 
54 51 257 476 192 
54 51 257 476 192 
54 51 257 476 192 
54 51 257 476 192 
54 51 257 476 192 
54 51 257 476 192 
54 51 257 476 192 
54 51 257 476 192 
54 51 257 476 192 
54 51 257 476 192 
54 355 51 257 476 349 192 351 
54 51 257 476 192 
184 1 54 15 51 257 476 185 192 
54 51 257 476 192 222 
54 51 257 476 192 
54 355 51 257 476 349 192 351 
54 51 257 476 192 
54 51 257 476 192 
54 51 257 476 192 
54 51 257 476 192 
54 51 257 476 192 
54 51 257 476 192 
54 51 257 476 192 
54 51 257 476 192 
54 51 257 476 192 
51 257 313 78 
54 51 257 476 192 
54 51 257 476 192 
54 51 257 476 192 
54 51 257 476 192 
54 51 257 476 192 
54 51 257 476 192 
54 51 257 476 192 
54 51 257 476 192 
54 51 257 476 192 
54 51 257 476 192 
54 51 257 476 192 
54 51 257 476 192 
54 190 51 257 191 192 
54 51 257 476 192 
54 51 257 476 192 
54 51 257 476 192 
54 51 257 476 192 
367 51 257 349 
54 51 257 476 192 
54 51 257 476 192 
54 51 257 476 192 
54 51 257 476 192 
51 257 349 351 
54 51 257 476 192 
54 51 257 476 192 