184 1 15 51 348 257 349 350 185 359 351 
51 348 257 349 350 359 351 
51 348 257 349 350 359 351 
51 348 257 349 350 359 351 
51 348 257 349 350 359 351 
51 348 257 349 350 359 351 
51 348 257 349 350 359 351 
51 348 257 349 350 359 351 
51 348 257 349 350 359 351 
51 348 257 349 350 359 351 
51 348 257 349 350 359 351 
51 348 257 349 350 359 351 
51 348 257 349 350 359 351 
51 348 257 349 350 42 359 351 108 
51 348 257 349 350 359 313 78 351 
51 348 257 349 350 359 351 
190 54 51 348 257 349 350 359 192 351 269 
51 348 257 349 350 359 351 
51 348 257 349 350 359 351 
51 348 257 349 350 359 351 
1 15 51 348 257 349 350 359 443 351 
51 348 257 349 350 359 351 
1 15 51 348 257 349 350 359 351 
51 348 257 349 350 359 351 
51 348 257 349 350 359 351 
51 348 257 349 350 359 351 
51 348 257 349 350 359 351 
51 348 257 349 350 359 351 
51 348 257 349 350 359 351 
51 348 257 349 350 359 351 
51 348 257 349 350 359 351 
1 15 51 348 257 349 350 359 351 
51 348 257 349 350 359 351 
51 348 257 349 350 359 351 
51 348 257 349 350 359 351 
51 348 257 349 350 359 351 