1 15 114 
1 15 114 
1 15 114 
1 15 114 
1 15 114 
1 15 2 114 
1 15 114 
1 15 114 
1 15 114 
1 15 114 
1 15 51 375 114 78 
1 15 114 
1 184 15 185 114 
1 15 114 
1 15 114 
1 15 114 
1 15 114 
1 15 114 
1 15 114 
1 15 114 
1 15 114 
1 15 114 
1 15 114 
1 15 2 114 
1 15 114 
1 15 114 
1 15 114 
1 15 114 
1 15 114 
1 15 114 
1 15 114 
1 15 114 
1 15 114 
1 15 114 
1 15 114 
1 15 114 
1 15 114 
1 15 114 
1 15 2 114 
1 15 114 
1 15 114 
1 15 114 
1 15 114 
1 15 114 
1 15 114 
1 15 114 
1 15 114 
1 15 114 
1 15 114 
1 15 114 
1 15 114 
1 15 114 
1 15 114 
1 15 114 
1 15 114 
1 15 114 
1 15 114 
1 15 114 
1 15 114 
1 15 114 
1 15 114 
1 15 114 
1 15 114 
1 15 114 
1 15 114 
1 15 114 
1 15 114 
1 15 114 
1 15 114 
1 15 114 
1 15 114 
1 15 114 
1 15 114 
1 15 114 
1 15 114 
1 15 114 
1 15 114 
1 15 114 
1 15 114 
1 15 114 
1 15 114 
1 15 114 
1 15 114 
1 15 114 
1 15 114 
1 15 114 
1 15 114 
1 15 114 
1 15 114 
1 15 114 
1 15 114 
1 15 114 
1 15 114 
1 15 114 
1 15 114 
1 15 114 
1 15 114 
1 15 114 
1 15 114 
1 15 114 
1 15 114 
1 15 114 
1 15 114 
1 15 114 
1 15 114 
1 15 114 
1 15 114 
1 15 114 
1 15 114 
1 15 114 
1 15 114 
1 15 114 
1 15 114 
1 15 114 
1 15 114 
1 15 114 
1 15 114 
1 15 114 
1 15 114 
1 15 114 
1 15 114 
1 15 114 
1 15 114 
1 15 114 
1 15 114 
1 15 114 
1 15 114 
1 15 114 
1 15 114 
1 15 114 
1 15 114 
1 15 114 
1 15 114 
1 15 114 
1 15 114 
1 15 114 
1 15 114 
1 15 114 
1 15 114 
1 15 114 
1 15 114 
1 15 114 
1 15 114 
1 15 114 
1 15 114 
1 15 114 
1 15 114 
1 15 114 
1 15 114 
1 15 114 
1 15 114 
1 15 114 
1 15 114 
1 15 114 
1 15 114 
1 15 114 
1 15 114 
1 15 114 
1 15 114 
1 15 114 
1 15 2 114 
1 15 114 
1 15 114 
1 15 114 
1 15 114 
1 15 114 
1 15 114 
1 15 114 
1 15 114 
1 15 114 
1 15 114 
1 15 114 
1 15 114 
1 15 114 
1 15 114 
1 15 114 
1 15 114 
1 15 114 
1 15 114 
1 15 114 
1 15 114 
1 15 114 
1 15 114 
1 15 114 
1 15 29 2 114 30 
1 15 114 
1 15 2 114 
1 15 114 
1 15 114 
1 15 114 
1 15 114 
1 15 114 
1 15 114 
1 15 114 
1 15 114 
1 15 114 
1 15 114 
1 15 114 
1 15 114 
1 15 114 
1 184 15 185 114 
1 15 114 
1 15 114 
1 15 114 
1 15 114 
1 15 114 
1 15 114 
1 15 114 
1 15 114 
1 15 114 
1 15 114 
1 15 114 
1 15 114 
1 15 114 
1 15 114 
1 15 114 
1 15 114 
1 15 2 114 
1 15 114 
1 15 114 
1 15 114 
1 15 114 
1 15 114 