51 257 348 349 350 351 
51 257 348 349 350 351 
51 257 348 349 350 351 
51 257 348 349 350 351 
51 257 348 349 350 351 
51 257 348 349 350 351 
51 257 348 349 350 351 
51 257 348 349 350 351 
51 257 348 349 350 351 
51 257 348 349 350 351 
51 257 348 349 350 351 
51 257 348 349 350 351 
51 257 348 349 350 351 
51 257 348 349 350 351 
51 257 348 349 350 351 
51 257 348 349 350 351 
51 257 348 349 350 351 
51 257 348 349 350 351 
51 257 348 349 350 351 
51 257 348 349 350 351 
51 257 348 349 350 351 
51 257 348 349 350 351 
51 257 348 349 350 351 
51 257 348 349 350 351 
51 257 348 349 350 351 
51 257 348 349 350 351 
51 257 348 349 350 351 
51 257 348 349 350 351 
51 257 348 349 350 351 
51 257 348 349 350 351 
51 257 348 349 350 351 
51 257 348 349 350 351 
51 257 348 349 350 351 
51 257 348 349 350 351 
51 257 348 349 350 351 
51 257 348 350 349 351 
51 257 348 349 350 351 
51 257 348 349 350 351 
51 257 348 349 350 351 
51 257 348 349 350 351 
51 257 348 349 350 351 
51 257 348 349 350 351 
51 257 348 349 350 351 
51 257 348 349 350 351 
51 257 348 349 350 351 
51 257 348 349 350 351 
51 257 348 349 350 351 
51 257 348 349 350 351 
51 257 348 349 350 351 
51 257 348 349 350 351 
51 257 348 349 350 351 
51 257 348 349 350 351 
51 257 348 349 350 351 
51 257 348 349 350 351 
51 257 348 349 350 351 
51 257 348 349 350 351 
51 257 348 349 350 351 
51 257 348 349 350 351 
51 257 348 349 350 351 
51 257 348 349 350 351 
51 257 348 349 350 351 
51 257 348 349 350 351 
51 257 348 349 350 351 
51 257 348 349 350 351 
51 257 348 349 350 351 
51 257 348 349 350 351 
51 257 348 349 350 351 
51 257 348 349 350 351 
51 257 348 349 350 351 
51 257 348 349 350 351 
51 257 348 349 350 351 
51 257 348 349 350 351 
51 257 348 349 350 351 
51 257 348 349 350 351 
51 257 348 349 350 351 
51 257 348 349 350 351 
51 257 348 349 350 351 
51 257 348 349 350 351 
51 257 348 349 350 351 
51 257 348 349 350 351 
51 257 348 349 350 351 
51 257 348 349 350 351 
51 257 348 349 350 351 
51 257 348 349 350 351 
40 51 257 348 349 350 42 351 
51 257 348 349 350 351 
51 257 348 349 350 351 
51 257 348 349 350 351 
51 257 348 349 350 351 
51 257 348 349 350 351 
51 257 348 349 350 351 
51 257 348 349 350 351 
51 257 348 349 350 351 
51 257 348 349 350 351 
51 257 348 349 350 351 
51 257 348 349 350 351 
51 257 348 349 350 351 
1 15 51 257 348 349 350 43 351 
51 257 348 349 350 351 
51 257 348 349 350 351 
51 257 348 349 350 351 
51 257 348 349 350 351 
51 257 348 349 350 351 
51 257 348 349 350 351 
51 257 348 349 350 351 
51 257 348 349 350 351 
51 257 348 349 350 351 
51 257 348 349 350 351 
51 257 348 349 350 351 
51 257 348 349 350 351 
51 257 348 349 350 351 
51 257 348 349 350 351 
51 257 348 349 350 351 
51 257 348 349 350 351 
51 257 348 349 350 351 
51 257 348 349 350 351 
51 257 348 349 350 351 
51 257 348 349 350 351 
51 257 348 349 350 351 
51 257 348 349 350 351 
51 257 348 349 350 351 
51 257 348 349 350 351 
51 257 348 349 350 351 
51 257 348 349 350 351 
51 257 348 349 350 351 
51 257 348 349 350 351 
51 257 348 349 350 351 
51 257 348 349 350 351 
51 257 348 349 350 351 
51 257 348 349 350 351 
51 257 348 349 350 351 
51 257 348 349 350 351 
51 257 348 349 350 351 
51 257 348 349 350 351 
51 257 348 349 350 351 
51 257 348 349 350 351 
51 257 348 349 350 351 
51 257 348 349 350 351 
51 257 348 349 350 351 
51 257 348 349 350 351 
51 257 348 349 350 351 
51 257 348 349 350 351 
51 257 348 349 350 351 
51 257 348 349 350 351 
51 257 348 349 350 351 
51 257 348 349 350 351 
51 257 348 349 350 351 
51 257 348 349 350 351 
51 257 348 349 350 351 
51 257 348 349 350 351 
51 257 348 349 350 351 
51 257 348 349 350 351 
51 257 348 349 350 351 
51 257 348 349 350 351 
51 257 348 349 350 351 
51 257 348 349 350 351 
51 257 348 349 350 351 
51 257 348 349 350 351 
51 257 348 349 350 351 
51 257 348 349 350 351 
51 257 348 349 350 351 
51 257 348 349 350 351 
51 257 348 349 350 351 
51 257 348 349 350 351 
51 257 348 349 350 351 
51 257 348 349 350 351 
51 257 348 349 350 351 
51 257 348 349 350 351 
51 257 348 349 350 351 
51 257 348 349 350 351 
51 257 348 349 350 351 
51 257 348 349 350 351 
51 257 348 349 350 351 
51 257 348 349 350 351 
51 257 348 349 350 351 
51 257 348 349 350 351 
51 257 348 349 350 351 
51 257 348 349 350 351 
51 257 348 349 350 351 
51 257 348 349 350 351 
51 257 348 349 350 351 
51 257 348 349 350 351 
51 257 348 349 350 351 
51 257 348 349 350 351 
51 257 348 349 350 351 
51 257 348 349 350 351 
51 257 348 349 350 351 
1 15 51 257 348 349 350 351 
51 257 348 349 350 351 
51 257 348 349 350 351 
51 257 348 349 350 351 
51 257 348 349 350 351 
51 257 348 349 350 351 
51 257 348 349 350 351 
51 257 348 349 350 351 
51 257 348 349 350 351 
51 257 348 349 350 351 
51 257 348 349 350 351 
51 257 348 349 350 351 
51 257 348 349 350 351 
51 257 348 349 350 351 
51 257 348 349 350 351 
51 257 348 349 350 351 
51 257 348 349 350 351 