1 698 19 2 
1 698 19 2 
1 698 19 2 
1 698 19 2 
1 698 19 2 
1 698 19 2 
1 698 19 2 
1 698 19 2 
1 698 19 2 
1 698 19 2 
1 698 19 2 
1 698 19 2 
1 698 19 2 
1 698 19 2 
1 698 19 2 
1 698 19 2 
1 698 19 2 
1 698 19 2 
1 698 19 2 
1 698 19 2 
1 698 19 2 
1 698 19 2 
1 698 19 2 
1 698 19 2 
1 698 19 2 
1 698 19 2 
1 698 19 2 
1 698 19 2 
1 698 19 2 
1 698 19 2 
1 698 19 2 
1 698 19 2 
1 698 19 2 
1 698 19 2 
1 698 19 2 
1 698 19 2 
1 698 19 2 
1 698 19 2 
1 698 19 2 
1 698 19 2 
1 698 19 2 
1 698 19 2 
1 698 15 19 2 
1 698 19 2 
1 698 19 2 699 
1 698 19 2 
1 698 19 2 
1 698 19 2 
1 698 19 2 
1 698 19 2 
1 698 19 2 
1 698 19 2 
1 698 19 2 
1 698 19 2 
1 698 19 2 699 
1 698 19 2 
1 700 19 701 2 
1 700 19 701 2 
1 698 19 2 
1 698 19 2 
1 698 19 2 
1 698 19 2 
1 698 19 2 
1 698 19 2 
1 698 19 2 
1 698 19 2 
1 698 19 2 
1 698 19 2 
1 698 19 2 
1 698 19 2 
1 698 19 2 
1 698 19 2 
1 698 19 2 
1 698 19 2 
1 698 19 2 
1 698 19 2 
1 698 19 2 
1 698 19 2 
1 698 19 2 
1 698 19 2 
1 698 19 2 
1 698 19 2 
1 698 19 2 
1 698 19 2 
1 702 700 15 19 701 2 554 
1 698 19 2 
1 698 19 2 
1 698 19 2 
1 698 19 2 
1 698 19 2 
1 698 19 2 
1 698 19 2 
1 698 19 2 
1 698 19 2 
1 698 19 2 
1 698 19 2 
1 698 19 2 
1 698 19 2 
1 698 19 2 
1 698 19 2 
1 698 19 2 
1 698 19 2 
1 698 19 2 699 
1 698 19 2 
1 700 19 701 2 
1 698 19 2 
1 700 19 701 2 
1 698 19 2 
1 698 19 2 
1 698 19 2 
1 698 19 2 
1 698 19 2 
1 698 19 2 
1 698 19 2 
1 700 19 701 2 
1 698 19 2 
1 698 19 2 
1 698 19 2 
1 698 19 2 
1 698 19 2 
1 698 19 2 
1 698 19 2 
1 698 19 2 
1 698 19 2 
1 698 19 2 
1 698 19 2 
1 698 19 2 699 
1 700 19 701 2 
1 700 19 701 2 
1 700 19 701 2 
1 700 19 701 2 
1 700 19 701 2 
1 698 19 2 
1 698 19 2 
1 698 19 2 
1 698 19 2 
1 698 19 2 
1 698 19 2 
1 698 19 2 
1 698 19 2 
1 698 19 2 699 
1 698 19 2 
1 698 19 2 
1 698 19 2 
1 698 19 2 
1 698 19 2 
1 698 19 2 
1 698 19 2 
1 698 19 2 
1 698 19 2 
1 700 19 701 2 
1 700 19 701 2 
1 700 19 701 2 
1 700 19 701 2 
1 700 19 701 2 
1 700 19 701 2 
1 700 19 701 2 
1 698 19 2 699 
1 698 19 2 
1 698 19 2 
1 698 19 2 
1 698 19 2 
1 698 19 2 
1 698 19 2 
1 698 19 2 
1 698 19 2 
1 698 19 2 