51 348 257 349 359 351 
51 348 257 349 359 351 
51 348 257 349 359 351 
51 348 257 349 359 351 
51 348 257 349 359 351 
51 348 257 349 359 351 
51 348 257 349 359 351 
51 348 257 349 359 351 
51 348 257 349 359 351 
51 348 257 349 359 351 
264 51 348 257 349 38 359 351 
51 348 257 349 359 351 
51 348 257 349 359 351 
1 15 51 348 257 349 359 43 351 
1 15 51 348 257 349 202 359 351 
51 348 257 349 359 351 
51 348 257 349 359 351 
51 348 257 349 359 351 
51 348 257 349 359 351 
51 348 257 349 359 351 
51 348 257 349 359 351 
51 348 257 349 42 359 351 
51 348 257 349 359 351 
51 348 257 349 145 42 359 351 
51 348 257 349 359 351 
1 15 51 348 257 349 359 443 351 
51 348 257 349 359 351 
51 348 257 349 359 351 
51 348 257 349 359 351 
1 15 51 348 257 349 359 351 
51 348 257 349 359 351 
51 348 257 349 359 351 
1 15 51 348 257 349 202 359 234 351 
51 348 257 349 359 351 
51 348 257 349 359 351 
51 348 257 349 359 351 
51 348 257 349 359 351 
51 348 257 349 359 351 
51 348 257 349 359 351 
51 348 257 349 359 351 
51 348 257 349 359 351 
51 348 257 349 359 351 
51 348 257 349 359 351 
51 348 257 349 359 351 
51 348 257 349 359 351 
51 348 257 349 359 351 
51 348 257 349 359 351 
51 348 257 349 359 351 
1 15 51 348 257 349 359 43 351 
1 15 51 348 257 349 359 43 351 
51 348 257 349 359 351 
51 348 257 349 359 351 
51 348 257 349 359 351 
51 348 257 349 359 351 
51 348 257 349 359 351 
51 348 257 349 359 351 
51 348 257 349 359 351 
51 348 257 349 359 351 
51 348 257 349 359 351 
51 348 257 349 359 351 
51 348 257 349 359 351 
51 348 257 349 359 351 
51 348 257 349 359 351 
51 348 257 349 359 351 
51 348 257 349 359 351 
51 348 257 349 359 351 
51 348 257 349 359 351 
51 348 257 349 359 351 
51 348 257 349 359 351 
51 348 257 349 359 351 
51 348 257 349 359 351 
51 348 257 349 359 351 
51 348 257 349 359 351 
51 348 257 349 359 351 
51 348 257 349 359 351 
51 348 257 349 359 351 
51 348 257 349 359 351 
51 348 257 349 359 351 
51 348 257 349 359 351 
1 15 51 348 257 349 202 359 234 351 
51 348 257 349 359 351 
51 348 257 349 359 351 
51 348 257 349 359 351 
51 348 257 349 359 351 
51 348 257 349 359 351 
51 348 257 349 359 351 
1 15 51 348 257 349 202 359 234 351 
51 348 257 349 359 351 
51 348 257 349 359 351 
51 348 257 349 359 351 
51 348 257 349 359 351 
51 348 257 349 359 351 
51 348 257 349 359 351 
51 348 257 349 359 351 
51 348 257 349 359 351 
51 348 257 349 359 351 
51 348 257 349 359 351 
51 348 257 349 359 351 
51 348 257 349 359 351 
51 348 257 349 359 351 
51 348 257 349 359 351 
51 348 257 349 359 351 
1 15 51 348 257 349 359 351 
51 348 257 349 359 351 
51 348 257 349 359 351 
190 54 51 348 257 349 359 192 351 
51 348 257 349 359 351 
186 51 348 257 349 359 351 
51 348 257 349 359 351 
51 348 257 349 359 351 
51 348 257 349 359 351 
51 348 257 349 359 351 
51 348 257 349 359 351 
51 348 257 349 359 351 
51 348 257 349 359 351 
51 348 257 349 359 351 
51 348 257 349 359 351 
51 348 257 349 359 351 
51 348 257 349 359 351 
51 348 257 349 359 351 
1 15 51 348 257 349 359 351 
51 348 257 349 359 351 
51 348 257 349 359 351 
51 348 257 349 359 351 
51 348 257 349 359 351 
51 348 257 349 359 351 
51 348 257 349 359 351 
51 348 257 349 359 351 
51 348 257 349 359 351 
51 348 257 349 359 351 
1 15 51 348 257 349 359 351 
51 348 257 349 359 351 
51 348 257 349 359 351 
51 348 257 349 359 351 
51 348 257 349 359 351 
51 348 257 349 359 351 
51 348 257 349 359 351 
51 348 257 349 359 351 
51 348 257 349 359 351 
51 348 257 349 359 351 
51 348 257 349 359 351 
51 348 257 349 359 351 
51 348 257 349 359 351 
51 348 257 349 359 351 
51 348 257 349 359 351 
51 348 257 349 359 351 
51 348 257 349 359 351 
51 348 257 349 359 351 
1 15 51 348 257 349 359 351 
51 348 257 349 359 351 
51 348 257 349 359 313 78 351 
51 348 257 349 359 351 
51 348 257 349 359 351 
51 348 257 349 359 351 
51 348 257 349 359 351 
51 348 257 349 359 351 
51 348 257 349 359 351 
51 348 257 349 359 351 
51 348 257 349 359 351 
1 15 51 348 257 349 359 351 
51 348 257 349 359 351 
51 348 257 349 359 351 
51 348 257 349 359 351 
51 348 257 349 359 351 
51 348 257 349 359 351 
51 348 257 349 359 351 
51 348 257 349 359 351 
51 348 257 349 359 351 
1 15 51 348 257 349 359 351 
51 348 257 349 359 351 
51 348 257 349 359 351 
51 348 257 349 359 351 
51 348 257 349 359 351 
51 348 257 349 359 351 
51 348 257 349 359 351 
51 348 257 349 359 351 
51 348 257 349 359 351 
51 348 257 349 359 351 
51 348 257 349 359 351 
51 348 257 349 359 351 
51 348 257 349 359 351 
51 348 257 349 359 351 
51 348 257 349 359 351 
51 348 257 349 359 351 
51 348 257 349 359 351 
51 348 257 349 350 359 351 
51 348 257 349 359 351 
1 15 51 348 257 349 202 359 234 351 
51 348 257 349 359 351 
51 348 257 349 359 351 
51 348 257 349 359 351 
51 348 257 349 359 351 
1 15 51 348 257 349 359 351 
51 348 257 349 359 351 
1 15 51 348 257 349 359 351 
51 348 257 349 359 351 
51 348 257 349 359 351 
51 348 257 349 359 351 
51 348 257 349 359 351 
51 348 257 349 359 351 
51 348 257 349 359 351 
51 348 257 349 359 351 
51 348 257 349 359 351 
51 348 257 349 359 351 
51 348 257 349 359 351 
51 348 257 349 145 42 359 351 