1 2 145 42 
145 42 
145 42 
145 42 
1 2 145 42 
145 42 
145 42 
145 42 
145 42 
145 42 
1 2 145 42 
145 42 
145 42 
145 42 
145 42 
1 2 145 42 
145 42 
145 42 
145 42 
1 2 145 42 
1 2 145 42 
1 2 145 42 
145 42 
67 145 42 
145 42 
145 42 
145 42 
145 42 
145 42 
145 42 
145 42 
1 2 145 42 
145 42 
145 42 
1 2 145 42 
145 42 
145 42 
145 42 
145 42 
145 42 
1 15 145 42 43 
145 42 
1 2 145 42 
145 42 
145 42 
145 42 
145 42 
145 42 
145 42 
145 42 
145 42 
145 42 
145 42 
145 42 
145 42 
145 42 
145 42 
145 42 
145 42 
145 42 
145 42 
145 42 
145 42 
1 2 145 42 
1 2 145 42 
145 42 
145 42 
145 42 
145 42 
145 42 
145 42 
145 42 
145 42 
145 42 
145 42 
145 42 
145 42 
55 145 56 57 42 
1 2 145 42 
145 42 