1 15 51 401 400 313 78 
1 442 15 401 400 
1 15 401 400 
1 15 401 400 
1 15 401 400 
1 442 15 401 400 
1 442 15 401 
1 442 15 401 400 
1 15 401 400 
1 442 15 401 400 
1 15 401 400 
1 15 401 400 
1 15 51 401 400 313 78 
1 15 401 400 
1 442 15 401 400 
1 442 15 401 400 
1 15 401 400 
1 15 401 400 
1 442 15 401 400 
1 15 401 400 
1 15 401 400 
1 442 15 401 400 
1 15 401 400 
1 15 401 400 
1 442 15 401 400 
1 15 51 401 400 313 78 
1 15 401 400 
1 15 401 400 
1 15 401 400 
1 53 54 15 51 401 400 
1 15 401 400 
1 442 15 401 400 
1 15 401 400 
1 15 51 401 400 313 78 
1 15 401 400 
1 15 401 400 
1 15 401 400 
1 15 51 401 400 313 78 
1 15 401 400 
1 15 401 400 
1 442 15 401 
1 442 15 401 