1 15 334 514 
334 514 
334 38 39 514 
1 15 334 514 
334 514 
1 15 334 514 
334 514 
334 514 
334 514 
334 514 
334 514 
334 514 
334 514 
334 38 39 514 
334 514 
334 514 
334 514 
97 1 19 334 2 305 514 
334 514 
334 514 
334 514 
334 514 
334 514 
334 38 39 514 
334 514 
334 514 
334 514 
334 514 
1 15 334 514 
334 514 
334 514 
334 514 
334 514 
334 514 
334 38 39 514 
1 15 334 514 
334 514 
334 514 
334 514 
334 514 
334 514 
334 514 
334 514 
334 514 
334 514 
334 514 
1 15 334 514 
334 38 39 514 
334 514 
334 514 
334 514 
334 514 
334 514 
334 514 
1 15 334 514 
334 514 
334 514 
186 334 514 
334 38 39 514 
334 514 
334 514 
184 1 15 334 185 514 
1 15 334 514 
334 514 
334 514 
334 514 
334 514 
334 38 39 514 
1 15 334 514 
334 514 
334 514 
334 514 
334 514 
334 514 
334 38 39 514 
334 38 39 514 
334 514 
334 514 
334 514 
334 514 
1 15 334 514 
334 514 
334 514 
334 514 
334 514 
334 514 
334 514 
334 514 
334 514 
334 514 
334 38 39 514 
1 15 334 514 
334 514 
1 15 334 514 
334 514 
1 15 334 514 
334 514 
334 514 
334 514 
334 514 
334 514 
1 15 334 514 
334 38 39 514 
334 514 
334 514 
334 514 
1 15 334 514 
334 514 
1 15 334 514 
334 514 
1 15 334 514 
1 15 334 514 
334 514 
1 15 334 514 
334 514 
334 514 
1 15 334 514 
334 514 
334 514 
334 514 
334 514 
1 15 334 514 
334 514 
334 514 
334 514 
334 514 
334 38 39 514 
334 514 
334 514 
334 514 
334 514 
334 514 
334 514 
334 514 
334 514 
334 38 39 514 
334 514 
334 514 
1 15 334 514 
334 514 
1 15 334 514 
334 514 
334 514 
97 1 19 334 2 305 514 
334 38 39 514 
334 514 
334 514 
334 514 
334 514 
1 15 334 514 
334 514 
334 514 
334 514 
51 334 514 
334 514 
334 514 
334 514 
184 1 15 334 185 514 
186 334 514 
51 334 514 
334 514 
334 514 
334 514 
334 514 
334 514 
1 15 334 514 
334 514 
1 15 334 514 
334 514 
334 514 
334 514 
334 514 
1 15 334 514 
334 514 
1 15 334 514 
334 514 
334 514 
334 514 
334 514 
1 15 334 514 
334 514 
334 514 
334 514 
1 15 334 514 
1 15 334 514 
334 38 39 514 
334 514 
334 514 
334 514 
334 514 
1 15 334 514 
334 514 
334 514 
334 38 39 514 
334 514 
1 15 334 514 
334 514 
334 514 
334 514 
334 38 39 514 
1 15 334 514 
334 38 39 514 
334 38 39 514 
334 514 
334 514 
334 514 
334 514 
334 514 
334 514 
334 514 
334 514 
334 514 
334 514 
334 514 
334 514 
1 15 334 514 
334 514 
334 514 
334 514 
334 514 
334 514 
334 514 
1 15 334 514 
334 514 
1 15 334 514 
334 514 
334 514 
334 514 
334 514 
1 15 334 514 
334 514 
334 514 
334 514 
1 15 334 514 
334 514 
334 514 
334 514 
1 15 334 514 
1 15 334 514 
334 514 
184 1 15 334 185 514 
334 514 
334 514 
334 514 
334 514 
334 514 
334 514 
334 514 
1 15 334 514 
1 15 334 514 
334 514 
334 514 