314 51 257 375 313 78 
314 51 257 375 313 78 
314 51 257 375 313 78 
314 51 257 375 313 78 
314 51 257 375 313 78 
314 51 257 375 313 78 
51 257 375 313 78 
314 51 257 375 313 78 
451 51 257 375 313 78 
51 257 375 313 78 
51 257 375 313 78 
314 51 257 375 313 78 
314 51 257 375 313 78 
314 51 257 375 313 78 
314 51 257 375 313 78 
51 257 375 313 78 
314 51 257 375 313 78 
314 51 257 375 313 78 
314 51 257 375 313 78 
314 51 257 375 313 78 
314 51 257 375 313 78 
314 51 257 375 313 78 
314 51 257 375 313 78 
51 257 375 313 78 
314 51 257 375 313 78 
314 51 257 375 313 78 
314 51 257 375 313 78 
314 51 257 375 313 78 
314 51 257 375 313 78 
314 51 257 375 313 78 
314 51 257 375 313 78 
51 257 375 313 78 
51 257 375 313 78 
51 257 375 313 78 
97 1 51 257 19 2 98 375 313 78 
314 51 257 375 313 78 
314 51 257 375 313 78 
51 257 375 313 78 
314 51 257 375 313 78 
314 51 257 375 313 78 
51 257 375 313 78 
51 257 375 313 78 
51 257 375 313 78 
51 257 375 313 78 
314 51 257 375 313 78 
452 51 257 375 313 78 
314 51 257 375 313 78 
51 257 375 313 78 
51 257 375 313 78 
314 51 257 375 313 78 
51 257 375 313 78 
452 51 257 375 313 78 
51 257 375 313 78 
314 51 257 375 313 78 
314 51 257 375 313 78 
314 51 257 375 313 78 
314 54 51 257 375 313 78 222 192 
314 51 257 375 313 78 
314 51 257 375 313 78 
51 257 375 313 78 
51 257 375 313 78 
314 51 257 375 313 78 
51 257 375 313 78 
51 257 375 313 78 
51 257 375 313 78 
314 51 257 375 313 78 
51 257 375 313 78 
51 257 375 313 78 
51 257 375 313 78 
314 51 257 375 313 78 
314 51 257 375 313 78 
51 257 375 313 78 
51 257 375 313 78 
51 257 375 313 78 
314 51 257 375 313 78 
314 51 257 375 313 78 
51 257 375 313 78 
314 51 257 375 313 78 
51 257 375 313 78 
314 51 257 375 313 78 
314 51 257 375 313 78 
314 51 257 375 313 78 
51 257 375 313 78 
314 51 257 375 313 78 
51 257 375 313 78 
51 257 375 313 78 
51 257 375 313 78 
451 51 257 375 313 78 
451 51 257 375 313 78 
51 257 375 313 78 
97 1 51 257 19 2 98 375 313 78 
314 51 257 375 313 78 
51 257 375 313 78 
314 51 257 375 313 78 
314 51 257 375 313 78 
314 54 51 257 375 313 78 222 192 
314 51 257 375 313 78 
452 51 257 375 313 78 
314 51 257 375 313 78 
314 51 257 375 313 78 
51 257 375 313 78 
314 51 257 375 313 78 
314 51 257 375 313 78 
314 51 257 375 313 78 
51 257 375 313 78 
314 51 257 375 313 78 
314 51 257 375 313 78 
314 51 257 375 313 78 
314 51 257 375 313 78 
314 51 257 375 313 78 
51 257 375 313 78 
51 257 375 313 78 
314 51 257 375 313 78 
314 51 257 375 313 78 
314 51 257 375 313 78 
314 51 257 375 313 78 
51 257 375 313 78 
51 257 375 313 78 
314 51 257 375 313 78 
314 51 257 375 313 78 
51 257 375 313 78 
452 51 257 375 313 78 
51 257 375 313 78 
314 51 257 375 313 78 
51 257 375 313 78 
51 257 375 313 78 
314 51 257 375 313 78 
51 257 375 313 78 
51 257 375 313 78 
51 257 375 313 78 
452 51 257 375 313 78 
51 257 375 313 78 
314 51 257 375 313 78 
314 51 257 375 313 78 
314 51 257 375 313 78 
51 257 375 313 78 
314 51 257 375 313 78 
51 257 375 313 78 
51 257 375 313 78 
452 51 257 375 313 78 
451 51 257 375 313 78 
314 51 257 375 313 78 
51 257 375 313 78 
452 51 257 375 313 78 
314 51 257 375 313 78 
314 51 257 375 313 78 
314 51 257 375 313 78 
314 51 257 375 313 78 
314 51 257 375 313 78 
51 257 375 313 78 
314 51 257 375 313 78 
314 51 257 375 313 78 
51 257 375 313 78 
51 257 375 313 78 
314 51 257 375 313 78 
314 51 257 375 313 78 
314 51 257 375 313 78 
51 257 375 313 78 
51 257 375 313 78 
314 51 257 375 313 78 
51 257 375 313 78 
51 257 375 313 78 
314 51 257 375 313 78 
314 51 257 375 313 78 
314 51 257 375 313 78 
314 51 257 375 313 78 
314 51 257 375 313 78 
314 51 257 375 313 78 
51 257 375 313 78 
51 257 375 313 78 
452 51 257 375 313 78 
51 257 375 313 78 
51 257 375 313 78 
51 257 375 313 78 
51 257 375 313 78 
452 51 257 375 313 78 
314 51 257 375 313 78 
51 257 375 313 78 
314 51 257 375 313 78 
314 51 257 375 313 78 
314 51 257 375 313 78 
51 257 375 313 78 
51 257 375 313 78 
314 51 257 375 313 78 
314 51 257 375 313 78 
51 257 375 313 78 
314 51 257 375 313 78 
314 51 257 375 313 78 
51 257 375 313 78 
314 51 257 375 313 78 
314 51 257 375 313 78 
51 257 375 313 78 
51 257 375 313 78 
51 257 375 313 78 
314 51 257 375 313 78 
314 51 257 375 313 78 
314 51 257 375 313 78 
314 51 257 375 313 78 
314 51 257 375 313 78 
314 51 257 375 313 78 
51 257 375 313 78 
314 51 257 375 313 78 
314 51 257 375 313 78 
314 51 257 375 313 78 
51 257 375 313 78 
51 257 375 313 78 
314 51 257 375 313 78 
51 257 375 313 78 
314 51 257 375 313 78 
314 51 257 375 313 78 
51 257 375 313 78 
314 51 257 375 313 78 
314 51 257 375 313 78 
314 51 257 375 313 78 
51 257 375 313 78 
314 51 257 375 313 78 
314 51 257 375 313 78 
314 51 257 375 313 78 
51 257 375 313 78 
51 257 375 313 78 
51 257 375 313 78 
314 51 257 375 313 78 
451 51 257 375 313 78 
314 51 257 375 313 78 
314 51 257 375 313 78 
51 257 375 313 78 
97 1 51 257 19 2 98 375 313 78 
51 257 375 313 78 
314 51 257 375 313 78 
314 51 257 375 313 78 
314 51 257 375 313 78 
314 51 257 375 313 78 
314 51 257 375 313 78 
314 51 257 375 313 78 
314 51 257 375 313 78 
314 51 257 375 313 78 
314 51 257 375 313 78 
314 51 257 375 313 78 
314 51 257 375 313 78 
314 51 257 375 313 78 
314 51 257 375 313 78 
51 257 375 313 78 
51 257 375 313 78 
51 257 375 313 78 
51 257 375 313 78 
51 257 375 313 78 
51 257 375 313 78 
51 257 375 313 78 
51 257 375 313 78 
51 257 375 313 78 
314 51 257 375 313 78 
51 257 375 313 78 
97 1 51 257 19 2 98 375 313 78 
51 257 375 313 78 
51 257 375 313 78 
314 51 257 375 313 78 
314 51 257 375 313 78 
51 257 375 313 78 
452 51 257 375 313 78 
51 257 375 313 78 
314 51 257 375 313 78 
314 51 257 375 313 78 
314 51 257 375 313 78 
314 51 257 375 313 78 
314 51 257 375 313 78 
451 51 257 375 313 78 
314 51 257 375 313 78 
314 51 257 375 313 78 
51 257 375 313 78 
314 54 51 257 375 313 78 222 192 
314 51 257 375 313 78 
51 257 375 313 78 
314 51 257 375 313 78 
314 51 257 375 313 78 
314 51 257 375 313 78 
314 51 257 375 313 78 
51 257 375 313 78 
51 257 375 313 78 
314 51 257 375 313 78 
51 257 375 313 78 
314 51 257 375 313 78 
314 51 257 375 313 78 
51 257 375 313 78 