334 514 
334 
334 514 
334 514 
334 38 39 514 
334 514 
1 15 334 514 
334 514 
334 38 39 514 
334 514 
334 514 
334 514 
334 
334 514 
446 51 334 
334 
334 
334 514 
51 334 
334 514 
334 
334 
334 
334 
334 
334 514 
51 334 
334 
1 15 334 514 
334 
446 51 334 313 78 
448 446 334 
446 334 
97 1 19 334 2 305 514 
334 514 
334 514 
446 51 334 313 78 
448 446 334 
446 334 
334 514 
1 15 334 514 
334 514 
334 
334 514 
334 
334 38 39 514 
334 
51 334 
334 
334 
1 15 334 514 
334 514 
334 
334 38 39 514 
334 38 39 514 
334 514 
334 
334 514 
334 
334 514 
334 514 
334 514 
334 
334 514 
334 514 
334 
334 514 
184 1 15 334 185 514 
334 514 
334 
334 514 
334 
334 
334 38 39 514 
334 514 
334 
334 
334 
334 514 
334 514 
334 
334 514 
334 514 
334 
334 
1 15 334 514 
334 
334 
334 514 
1 15 334 202 514 
334 514 
334 514 
334 514 
334 514 
334 514 
334 
334 
334 
51 334 
334 514 
334 514 
334 
334 514 
334 514 
1 15 334 514 
334 
334 514 
334 
334 
334 514 
334 
334 514 
51 334 514 
334 514 
334 514 
334 514 
334 
334 514 
334 514 
334 
334 514 
334 514 
334 514 
334 
334 514 
446 334 
334 
51 334 514 
51 334 514 
1 15 334 514 
334 
334 
51 334 313 78 
334 514 
334 514 
334 
1 15 334 514 
446 334 
334 38 39 514 
334 38 39 514 
334 
334 
334 38 39 514 
334 514 
51 334 313 78 
1 15 334 514 
334 38 39 514 
334 
1 15 334 514 
334 
1 15 334 514 
334 514 
334 514 
334 
334 514 
51 334 
334 514 
1 15 334 514 
334 
334 
334 514 
334 
334 514 
334 514 
334 
334 
334 
1 15 334 514 
53 54 51 334 
334 
51 334 313 78 
334 514 
1 15 334 514 
334 
1 15 334 514 
1 15 334 514 
1 15 334 514 
334 
1 15 334 514 
334 514 
334 
334 
334 514 
334 514 
446 51 334 313 78 
446 334 
446 334 
446 334 
334 
1 15 334 514 
334 
334 514 
1 15 334 514 
334 
334 38 39 514 
334 
334 514 
334 
334 514 
334 
334 514 
334 514 
334 514 
334 
334 514 
334 
334 
1 15 334 514 
334 514 
334 
334 
448 334 
334 514 
1 15 334 514 
334 
334 514 
334 38 39 514 
334 514 
1 15 334 514 
1 15 334 514 
334 
334 514 
334 514 
334 
334 
334 
334 514 
334 
184 1 15 334 185 514 
334 38 39 514 
334 
334 
334 514 
334 514 
334 
334 
334 514 
334 514 
53 54 51 334 
334 514 
1 15 334 514 
334 514 
334 514 
334 514 
51 334 
334 
334 
334 
1 15 334 514 
334 
334 
334 514 
334 
51 334 
334 
334 514 
334 
448 334 
51 334 
334 
334 514 
1 15 334 514 
51 334 
334 
334 
334 
334 
334 514 
51 334 
334 514 
334 
53 54 446 51 334 
334 514 
334 514 
334 
334 514 
334 514 
446 334 
334 
334 
446 136 334 42 174 
334 514 
334 
446 334 
334 514 
334 514 