58 59 60 149 150 
58 59 60 149 150 
58 59 60 149 150 
58 59 60 149 150 
58 59 60 149 150 
58 59 60 149 150 
58 59 60 149 150 
58 59 60 149 150 
58 59 60 149 150 
58 59 60 149 150 
58 59 60 149 150 
58 59 60 149 150 
58 59 60 149 150 
58 59 60 149 150 
58 59 60 149 150 
58 59 60 149 150 
58 59 60 149 150 
58 59 60 149 150 
58 59 60 149 150 
58 59 60 149 150 
58 59 657 60 149 150 
58 59 60 149 150 
58 59 60 149 150 
58 59 60 149 150 
58 59 60 149 150 
58 59 60 149 150 
58 59 60 149 150 
58 59 60 149 150 
58 59 60 149 150 
58 59 60 149 150 
58 59 60 149 150 
58 59 60 149 150 
58 59 60 149 150 
58 59 60 149 150 
58 59 60 149 150 
58 59 60 149 150 
58 59 60 149 150 
58 59 60 149 150 
58 59 60 149 150 
58 59 60 149 150 
58 59 60 149 150 
58 59 60 149 150 
58 59 60 149 150 
58 59 60 149 150 
58 59 60 149 150 
58 59 60 149 150 
58 59 60 149 150 
58 59 60 149 150 
58 59 60 149 150 
58 59 60 149 150 
58 59 60 149 150 
58 59 60 149 150 
58 59 657 60 149 150 
1 58 59 15 60 43 149 150 
58 59 60 149 150 
58 59 60 149 150 
58 59 657 60 149 150 
58 59 657 60 149 150 
58 59 60 149 150 
58 59 60 149 150 
58 59 60 149 150 
58 59 60 149 150 
58 59 60 149 150 
58 59 60 149 150 
58 59 60 149 150 
58 59 60 149 150 
58 59 60 149 150 
58 59 60 149 150 
58 59 60 149 150 
58 59 60 149 150 
58 59 60 149 150 
58 59 60 149 150 
58 59 60 149 150 
58 59 60 149 150 
58 59 60 149 150 
58 59 60 149 150 
58 59 60 149 150 
58 59 657 60 149 150 
58 59 60 149 150 
58 59 60 149 150 
58 1 59 15 60 149 150 
58 59 60 149 150 
58 59 60 149 150 
58 59 60 149 150 
58 59 60 149 150 
58 59 60 149 150 
58 59 657 60 149 150 
58 59 60 149 150 
58 59 60 149 150 
58 59 60 149 150 
58 59 60 149 150 
58 59 60 149 150 
58 59 60 149 150 
58 59 60 149 150 
58 59 60 149 150 
58 59 60 149 150 
58 59 657 60 149 150 
58 59 60 149 150 
58 59 60 149 150 
58 59 60 149 150 
58 59 60 149 150 
58 59 60 149 150 
58 59 60 149 150 
58 59 60 149 150 
58 59 60 149 150 
58 59 60 149 150 
58 59 60 149 150 
58 59 60 149 150 
58 59 60 149 150 
58 59 60 149 150 
58 59 60 149 150 
58 59 60 149 150 
58 59 60 149 150 
58 59 60 149 150 
58 59 60 149 150 
58 59 60 149 150 
58 59 60 149 150 
58 59 60 149 150 
58 59 60 149 150 
58 59 60 149 150 
58 59 60 149 150 
58 59 60 149 150 
58 59 60 149 150 
58 59 60 149 150 
58 59 60 149 150 
58 59 60 149 150 
58 59 60 149 150 
58 59 60 149 150 
58 59 60 149 150 
58 59 60 149 150 
58 59 60 149 150 
58 59 60 149 150 
58 59 60 149 150 
58 59 60 149 150 
58 59 60 149 150 
58 59 60 149 150 
58 59 60 149 150 
58 59 60 149 150 
58 59 60 149 150 
58 59 60 149 150 381 
58 59 60 149 150 
58 59 60 149 150 
58 59 60 149 150 
58 59 60 149 150 
58 59 60 149 150 
58 59 60 149 150 
58 59 60 149 150 
58 59 60 149 150 
58 59 60 149 150 
58 59 60 149 150 
58 59 60 149 150 
58 59 60 149 150 
58 59 60 149 150 
58 59 60 149 150 
58 59 60 149 150 
58 59 60 149 150 
58 59 60 149 150 
58 59 60 149 150 
58 59 60 149 150 
58 59 60 149 150 
58 59 60 149 150 
58 59 60 149 150 
58 59 60 149 150 
58 59 60 149 150 
58 59 60 149 150 
58 59 60 149 150 
58 59 60 149 150 
58 59 60 149 150 
58 59 60 149 150 
58 59 60 149 150 
58 59 60 149 150 
58 59 60 149 150 
58 59 60 149 150 
58 59 60 149 150 
58 59 60 149 150 
58 59 60 149 150 
58 59 60 149 150 
58 59 60 149 150 
58 59 60 149 150 
58 59 60 149 150 
58 59 60 149 150 
58 59 60 149 150 
58 59 60 149 150 
58 59 60 149 150 
58 59 60 149 150 
58 59 60 149 150 
58 59 60 149 150 
58 59 60 149 150 
58 59 60 149 150 
58 59 60 149 150 
58 59 60 149 150 
58 59 60 149 150 
58 59 60 149 150 
58 59 60 149 150 
58 59 60 149 150 
58 59 60 149 150 
58 59 60 149 150 
58 59 60 149 150 
58 59 60 149 150 
58 59 60 149 150 
58 59 60 149 150 
58 59 60 149 150 
58 59 60 149 150 
58 59 60 149 150 
58 59 60 42 149 150 108 
58 59 60 149 150 
58 59 60 149 150 
58 59 60 149 150 
58 59 60 149 150 
58 59 60 149 150 
58 59 60 42 149 150 108 
58 59 60 149 150 
58 59 60 149 150 
58 59 60 149 150 
58 59 60 149 150 
58 59 60 149 150 
58 59 60 149 150 
58 59 60 149 150 
58 59 60 149 150 
58 59 60 149 150 
58 59 60 149 150 
58 59 60 149 150 
58 59 60 149 150 
58 59 60 149 150 
58 59 60 149 150 
58 59 60 149 150 
58 59 60 149 150 
58 59 60 149 150 
58 59 60 149 150 
58 59 60 149 150 
58 59 60 149 150 381 
58 59 60 149 150 
58 59 60 149 150 
58 59 60 149 150 
58 59 60 149 150 
1 58 59 60 149 150 
58 299 59 128 60 149 150 
58 59 60 149 150 
58 59 60 149 150 
58 59 60 149 150 
58 59 60 149 150 
58 59 60 149 150 
58 59 657 60 149 150 
58 59 60 149 150 
58 59 60 149 150 
58 59 657 60 149 150 
58 59 60 149 150 
58 59 60 149 150 
58 59 60 149 150 
58 59 60 149 150 
58 59 60 149 150 
58 59 60 149 150 
58 59 60 149 150 
1 58 59 60 149 150 
58 59 60 149 150 
184 1 58 59 15 185 60 149 150 
58 59 60 149 150 
58 59 60 149 150 
58 59 60 149 150 
58 59 60 149 150 
58 59 60 149 150 
58 59 60 149 150 
58 59 60 149 150 
58 59 60 149 150 
58 59 60 149 150 
1 58 59 60 149 150 
58 59 60 149 150 
58 59 60 149 150 
58 59 60 149 150 
58 59 60 149 150 
58 59 60 149 150 
58 59 60 149 150 
58 59 60 149 150 
58 59 60 149 150 
58 59 60 149 150 
58 59 60 149 150 
58 59 60 149 150 
58 59 60 149 150 
58 59 60 149 150 
58 59 60 149 150 
58 59 60 149 150 
58 59 60 149 150 
58 59 60 149 150 
58 59 60 149 150 
58 59 60 149 150 
58 59 60 149 150 
58 59 60 149 150 
58 59 657 60 149 150 
58 59 60 149 150 
58 59 60 149 150 
58 59 60 149 150 
58 59 60 149 150 
58 59 60 149 150 
58 59 60 149 150 
58 59 60 149 150 
58 59 60 149 150 
58 59 60 149 150 
58 59 60 149 150 
1 58 59 60 149 150 
58 59 60 149 150 
58 59 60 149 150 
58 59 60 149 150 
58 59 60 149 150 
58 59 60 149 150 
58 59 60 149 150 
58 59 60 149 150 
58 59 60 149 150 
58 59 60 149 150 
58 59 60 149 150 
58 59 60 149 150 
58 59 60 149 150 
58 59 60 149 150 
58 59 60 149 150 
58 59 60 149 150 
58 299 59 128 60 149 150 
58 59 60 149 150 
58 59 60 149 150 
58 59 60 149 150 
58 59 60 149 150 
58 59 60 149 150 
58 59 60 149 150 
58 59 60 149 150 
58 59 60 149 150 
58 59 60 149 150 
58 59 60 149 150 
58 59 60 149 150 
58 59 60 149 150 
58 59 60 149 150 
58 59 60 149 150 
58 59 60 149 150 
58 59 60 149 150 
58 59 60 149 150 
58 59 60 149 150 
58 59 60 149 150 
58 59 60 149 150 
58 59 60 149 150 
58 59 60 149 150 
58 59 60 149 150 
58 59 60 149 150 
58 59 60 149 150 
58 59 60 149 150 
58 59 60 149 150 
58 59 60 149 150 
58 59 60 149 150 
58 59 60 149 150 
58 59 60 149 150 
58 59 60 149 150 
58 59 60 149 150 
58 59 60 149 150 
1 58 59 60 149 150 
58 59 60 149 150 
58 59 60 149 150 
58 59 60 149 150 
58 59 60 149 150 
58 59 60 149 150 
58 59 60 149 150 
58 59 60 149 150 
58 59 60 149 150 
58 59 60 149 150 
58 59 60 149 150 
58 59 60 149 150 
58 59 60 149 150 
58 59 60 149 150 
58 59 60 149 150 
58 59 60 149 150 
58 59 60 149 150 
58 59 60 149 150 
1 58 59 15 60 43 149 150 
58 59 60 149 150 
1 58 59 60 149 150 
58 59 60 149 150 
58 59 60 149 150 
58 59 60 149 150 
58 59 60 149 150 
58 59 60 149 150 
58 59 60 149 150 
58 59 60 149 150 
58 59 60 149 150 
58 59 60 149 150 
58 59 60 149 150 
58 59 60 149 150 
58 59 60 149 150 
58 59 60 149 150 
58 59 60 149 150 
58 59 60 149 150 
58 59 60 149 150 
58 59 60 149 150 
58 59 60 149 150 
58 59 60 149 150 
58 59 60 149 150 
58 59 60 149 150 
58 59 60 149 150 
58 59 60 149 150 
58 59 60 149 150 
58 59 60 149 150 
58 59 60 149 150 
58 59 60 149 150 
58 59 60 149 150 
58 59 60 149 150 
58 59 60 149 150 
58 59 60 149 150 
58 59 60 149 150 
58 59 60 149 150 
58 59 60 149 150 
58 59 60 149 150 
58 59 60 149 150 
58 59 60 149 150 
58 59 60 149 150 
58 59 60 149 150 
58 59 60 149 150 