177 7 8 110 108 
177 7 8 110 108 
177 7 8 110 108 
177 7 8 110 108 
177 7 8 110 108 
177 7 8 110 108 
177 7 8 110 108 
177 7 8 110 108 
177 7 8 110 108 
177 7 8 110 108 
177 7 8 110 108 
177 7 8 110 108 
177 7 8 110 108 
177 7 8 110 108 
177 7 8 110 108 
177 7 8 110 108 
177 7 8 110 108 
177 7 8 110 108 
177 7 8 110 108 
177 7 8 110 108 
177 7 8 110 108 
177 7 8 110 108 
177 7 8 110 108 
177 7 8 110 108 
177 7 8 110 108 
177 7 8 110 108 
177 7 8 110 108 
177 7 8 110 108 
177 7 8 110 108 
177 7 8 110 108 
177 7 8 110 108 
177 7 8 110 108 
177 7 8 110 108 
177 7 8 110 108 
177 7 8 110 108 
177 7 8 110 108 
177 7 8 110 108 
177 7 8 110 108 
177 7 8 110 108 
177 7 8 110 108 
177 7 8 110 108 
177 7 8 110 108 
177 7 8 110 108 
177 7 8 110 108 
177 7 8 110 108 
177 7 8 110 108 
177 7 8 110 108 
177 7 8 110 108 
177 7 8 110 108 
177 7 8 110 108 
177 7 8 110 108 
177 7 8 110 108 
177 7 8 110 108 
177 7 8 110 108 
177 7 8 110 108 
177 7 8 110 108 
177 7 8 110 108 
177 7 8 110 108 
177 7 8 110 108 
177 7 8 110 108 
148 149 177 7 8 110 108 
177 7 8 110 108 
177 7 8 110 108 
177 7 8 110 108 
177 7 8 110 108 
177 7 8 110 108 
177 7 8 110 9 10 108 
177 7 8 110 108 
177 7 8 110 108 
177 7 8 110 108 
177 7 8 110 108 
177 7 8 110 108 
177 7 8 110 108 
177 7 8 110 108 
177 7 8 110 108 
177 7 8 110 108 
177 7 8 110 108 
177 7 8 110 108 
177 7 8 110 108 
177 7 8 110 108 
177 7 8 110 108 
177 7 8 110 108 
177 7 8 110 108 
148 149 177 7 8 110 108 
177 7 8 110 108 
177 7 8 110 108 
177 7 8 110 108 
177 7 8 110 108 
177 7 8 110 108 
177 7 8 110 108 
177 7 8 110 108 
177 7 8 110 108 
177 7 8 110 108 
177 7 8 110 108 
177 7 8 110 108 
177 7 8 110 108 
177 7 8 110 108 
177 7 8 110 108 
148 149 177 7 8 110 108 
177 7 8 110 108 
177 7 8 110 108 
148 149 177 7 8 110 108 
177 7 8 110 108 
177 7 8 110 108 
177 7 8 110 108 
177 7 8 110 108 
177 7 8 110 108 
148 149 177 7 8 110 108 
177 7 8 110 108 
177 7 8 110 108 
177 7 8 110 108 
177 7 8 110 108 
16 17 177 7 8 110 108 
177 7 8 110 108 
177 7 8 110 108 
177 7 8 110 108 
177 7 8 110 108 
177 7 8 110 108 
177 7 8 110 108 
177 7 8 110 108 
177 7 8 110 108 
177 7 8 110 108 
177 7 8 110 108 
177 7 8 110 108 
177 7 8 110 108 
177 7 8 110 108 
177 7 8 110 108 
177 7 8 110 108 
177 7 8 110 108 
177 7 8 110 108 
177 7 8 110 108 
177 7 8 110 108 
177 7 8 110 108 
177 7 8 110 108 
177 7 8 110 108 
177 7 8 110 108 
177 7 8 110 108 
177 7 8 110 108 
177 7 8 110 108 
148 149 177 7 8 110 108 
177 7 8 110 108 
177 7 8 110 108 
177 7 8 110 108 
177 7 8 110 108 
177 7 8 110 108 
177 7 8 110 108 
177 7 8 110 108 
177 7 8 110 108 
177 7 8 110 108 
177 7 8 110 108 
177 7 8 110 108 
177 7 8 110 108 
177 7 8 110 108 
177 7 8 110 108 
177 7 8 110 108 
148 149 177 7 8 110 108 
177 7 8 110 108 
177 7 8 110 108 
13 177 7 8 14 15 110 108 
177 7 8 110 108 
177 7 8 110 108 
177 7 8 110 108 
177 7 8 110 108 
177 7 8 110 108 
177 7 8 110 108 
177 7 8 110 108 
177 7 8 110 108 
177 7 8 110 108 
177 7 8 110 108 
177 7 8 110 108 
177 7 8 110 108 
177 7 8 110 108 
177 7 8 110 108 
177 7 8 110 108 
177 7 8 110 108 
148 149 177 7 8 110 108 
177 7 8 110 108 
177 7 8 110 108 
13 177 7 8 14 15 110 108 
177 7 8 110 108 
13 177 7 8 14 15 110 108 
177 7 8 110 108 
148 149 177 7 8 110 108 
16 17 177 7 8 110 108 
177 7 8 110 108 
148 149 177 7 8 110 108 
148 149 177 7 8 110 108 
177 7 8 110 108 
177 7 8 110 108 
177 7 8 110 108 
177 7 8 110 108 
177 7 8 110 108 
177 7 8 110 108 
177 7 8 110 108 
177 7 8 110 108 
148 149 177 7 8 110 108 
177 7 8 110 108 
148 149 177 7 8 110 108 
177 7 8 110 108 
177 7 8 110 108 
177 7 8 110 108 
177 7 8 110 108 
177 7 8 110 108 
148 149 177 7 8 110 108 
177 7 8 110 108 
177 7 8 110 108 
148 149 177 7 8 110 108 
177 7 8 110 108 
177 7 8 110 108 
148 149 177 7 8 110 108 
177 7 8 110 108 
177 7 8 110 108 
177 7 8 110 108 
177 7 8 110 108 
177 7 8 110 108 
177 7 8 110 108 
177 7 8 110 108 