184 7 8 46 48 108 
184 7 8 46 48 108 
184 7 8 46 48 108 
184 7 8 46 48 108 
27 184 7 8 44 46 43 48 108 
184 7 8 46 48 108 
184 7 8 46 48 108 
184 7 8 46 48 108 
184 7 8 46 48 108 
184 7 8 46 48 108 
184 7 8 46 48 108 
184 7 8 46 48 108 
184 7 8 46 48 108 
184 7 8 46 48 108 
184 7 8 46 48 108 
184 7 8 46 48 108 
184 7 8 46 48 108 
184 7 8 46 48 108 
184 7 8 46 48 108 
184 7 34 8 46 15 35 48 108 
184 7 8 46 48 108 
184 7 8 46 48 108 
184 7 8 46 48 108 
184 7 8 46 48 108 
184 7 8 46 48 108 
184 7 8 46 48 108 
184 7 8 46 48 108 
184 7 8 46 48 108 
184 7 8 46 48 108 
184 7 8 46 48 108 
184 7 8 46 48 108 
16 184 17 7 8 46 48 108 
184 7 8 46 48 108 
184 7 8 46 48 108 
184 7 8 46 48 108 
184 7 8 46 48 108 
184 7 8 46 48 108 
184 7 8 46 48 108 
184 7 8 46 48 108 
184 7 8 46 48 108 
184 7 8 46 48 108 
184 7 8 46 48 108 
184 7 8 46 48 108 
184 7 8 46 48 108 
184 7 8 46 48 108 
184 7 8 46 48 108 
184 7 8 46 48 108 
184 7 8 46 48 108 
184 7 8 46 48 108 
184 7 8 46 48 108 
184 7 8 46 48 108 
184 7 8 46 48 108 
184 7 8 46 48 108 
184 7 8 46 48 108 
184 7 8 46 48 108 
184 7 8 46 48 108 
184 7 8 46 48 108 
184 7 8 46 48 108 
184 7 8 46 48 108 
184 7 8 46 48 108 
184 7 8 46 48 108 
184 7 8 46 48 108 
184 7 8 46 48 108 
184 7 8 46 48 108 
184 7 8 46 48 108 
184 7 8 46 48 108 
184 7 8 46 48 108 
184 7 8 46 48 108 
184 7 8 46 48 108 
184 7 8 46 48 108 
184 7 8 46 48 108 
184 7 8 46 48 108 
184 7 8 46 48 108 
184 7 8 46 48 108 
184 7 8 46 48 108 
184 7 8 46 48 108 
184 7 8 46 48 108 
184 7 8 46 48 108 
184 7 8 46 48 108 
184 7 8 46 48 108 
184 7 8 46 48 108 
184 7 8 46 48 108 
184 7 8 46 48 108 
184 7 8 46 48 108 
184 7 8 46 48 108 
184 7 8 46 48 108 
184 7 8 46 48 108 
184 7 8 46 48 108 
184 7 8 46 48 108 
184 7 8 46 48 108 
184 7 8 46 48 108 
184 7 8 46 48 108 
184 7 8 46 48 108 
184 7 8 46 48 108 
184 7 8 46 48 108 
184 7 8 46 48 108 
184 7 8 46 48 108 
184 7 8 46 48 108 
184 7 8 46 48 108 
184 7 8 46 48 108 
16 184 17 7 8 46 48 108 
184 7 8 46 48 108 
16 184 17 7 8 46 48 108 
184 7 8 46 48 108 
184 7 8 46 48 108 
184 7 8 46 48 108 
184 7 8 46 48 108 
184 7 8 46 48 108 
184 7 8 46 48 108 
184 7 8 46 48 108 
184 7 8 46 48 108 
16 184 17 7 8 46 48 108 
184 7 8 46 48 108 
184 7 8 46 48 108 
184 7 8 46 48 108 
184 7 8 46 48 108 
184 7 8 46 48 108 
184 7 8 46 48 108 
184 7 8 46 48 108 
184 7 8 46 48 108 
16 184 17 7 8 46 48 108 
184 7 8 46 48 108 
184 7 8 46 48 108 
184 7 8 46 48 108 
184 7 8 46 48 108 
184 7 8 46 48 108 
184 7 8 46 48 108 
184 7 8 46 48 108 
184 7 8 46 48 108 
184 7 8 46 48 108 
184 7 8 46 48 108 
184 7 8 46 48 108 
184 7 8 46 48 108 
184 7 8 46 48 108 
184 7 8 46 48 108 
16 184 17 7 8 46 48 108 
184 7 8 46 48 108 
184 7 8 46 48 108 
184 7 8 46 48 108 
184 7 8 46 48 108 
184 7 8 46 48 108 
184 7 8 46 48 108 
184 7 8 46 48 108 
184 7 8 46 48 108 
184 7 8 46 48 108 
184 7 8 46 48 108 
32 16 17 184 7 8 46 33 48 108 
184 7 8 46 48 108 
184 7 8 46 48 108 
184 7 8 46 9 10 48 108 
184 7 8 46 48 108 
184 7 8 46 48 108 
184 7 8 46 48 108 
184 7 8 46 48 108 
184 7 8 46 48 108 
184 7 8 46 48 108 
184 7 8 46 48 108 
16 184 17 7 8 46 48 108 
184 7 8 46 48 108 
184 7 8 46 48 108 
184 7 8 46 48 108 
184 7 8 46 48 108 
184 7 8 46 48 108 
184 7 8 46 48 108 
184 7 8 46 48 108 
184 7 8 46 48 108 
184 7 8 46 48 108 
184 7 8 46 48 108 
184 7 8 46 48 108 
184 7 8 46 48 108 
184 7 8 46 48 108 
184 7 8 46 48 108 
184 7 8 46 48 108 
184 7 8 46 48 108 
184 7 8 46 48 108 
184 7 8 46 48 108 
184 7 8 46 48 108 
184 7 8 46 48 108 
184 7 8 46 48 108 
16 184 17 7 8 46 48 108 
184 7 8 46 48 108 
184 7 8 46 48 108 
184 7 8 46 48 108 
184 7 8 46 48 108 
184 7 8 46 48 108 
184 7 8 46 48 108 
184 7 8 46 48 108 
184 7 8 46 48 108 
184 7 8 46 48 108 
27 184 7 8 46 187 48 108 
184 7 8 46 48 108 
184 7 8 46 48 108 
184 7 8 46 48 108 
184 7 8 46 48 108 
184 7 8 46 48 108 
184 7 8 46 48 108 
184 7 8 46 48 108 
184 7 8 46 48 108 
184 7 8 46 48 108 
184 7 8 46 48 108 
184 7 8 46 48 108 
184 7 8 46 48 108 
184 7 8 46 48 108 
184 7 8 46 48 108 
16 184 17 7 8 46 48 108 
184 7 8 46 48 108 
184 7 8 46 48 108 
184 7 8 46 48 108 
184 7 8 46 48 108 
184 7 8 46 48 108 
16 184 17 7 8 46 48 108 
184 7 8 46 48 108 
184 7 8 46 48 108 
184 7 8 46 48 108 
184 7 8 46 48 108 
184 7 8 46 48 108 
184 7 8 46 48 108 
184 7 8 46 48 108 
184 7 8 46 48 108 
184 7 8 46 48 108 
184 7 8 46 48 108 
184 7 8 46 48 108 
184 7 8 46 48 108 
184 7 8 46 48 108 
184 7 8 46 48 108 
184 7 8 46 48 108 
184 7 8 46 48 108 
184 7 8 46 48 108 
184 7 8 46 48 108 
184 7 8 46 48 108 
184 7 8 46 48 108 
184 7 8 46 48 108 
184 7 8 46 48 108 
184 7 8 46 48 108 
184 7 8 46 48 108 
184 7 8 46 48 108 
184 7 8 46 48 108 
184 7 8 46 48 108 
184 7 8 46 48 108 
184 7 8 46 48 108 
184 7 8 46 48 108 
184 7 8 46 48 108 
184 7 8 46 48 108 
184 7 8 46 48 108 
184 7 8 46 48 108 
184 7 8 46 48 108 
184 7 8 46 48 108 
16 184 17 7 8 46 48 108 
184 7 8 46 48 108 
184 7 8 46 48 108 
184 7 8 46 48 108 
184 7 8 46 48 108 
184 7 8 46 48 108 
184 7 8 46 48 108 
184 7 8 46 48 108 
184 7 8 46 48 108 
184 7 8 46 48 108 
184 7 8 46 48 108 
184 7 8 46 48 108 
184 7 8 46 48 108 
184 7 8 46 48 108 
184 7 8 46 48 108 
184 7 8 46 48 108 
184 7 8 46 48 108 
184 7 8 46 48 108 
184 7 8 46 48 108 
184 7 8 46 48 108 
184 7 8 46 48 108 
184 7 8 46 48 108 
184 7 8 46 48 108 
184 7 8 46 48 108 
184 7 8 46 48 108 
184 7 8 46 48 108 
184 7 8 46 48 108 
184 7 8 46 48 108 
184 7 8 46 48 108 
184 7 8 46 48 108 
184 7 8 46 48 108 
184 7 8 46 48 108 
184 7 8 46 48 108 
26 27 184 7 8 46 48 108 
184 7 8 46 48 108 
184 7 8 46 48 108 
184 7 8 46 48 108 
184 7 8 46 48 108 
184 7 8 46 48 108 
184 7 8 46 48 108 
184 7 8 46 48 108 
184 7 8 46 48 108 
184 7 8 46 48 108 
184 7 8 46 48 108 
184 7 8 46 48 108 
184 7 8 46 48 108 
184 7 8 46 48 108 
184 7 8 46 48 108 
16 184 17 7 8 46 48 108 
184 7 8 46 48 108 
184 7 8 46 48 108 
184 7 8 46 48 108 
184 7 8 46 48 108 
16 184 17 7 8 46 48 108 
184 7 8 46 48 108 
27 184 7 8 44 46 43 48 108 
184 7 8 46 48 108 
184 7 8 46 48 108 
184 7 8 46 48 108 
184 7 8 46 48 108 
184 7 8 46 48 108 
184 7 8 46 48 108 
184 7 8 46 48 108 
184 7 8 46 48 108 
184 7 8 46 48 108 
184 7 8 46 48 108 
184 7 8 46 48 108 
184 7 8 46 48 108 
184 7 8 46 48 108 
184 7 8 46 48 108 
184 7 8 46 48 108 
184 7 8 46 48 108 
184 7 8 46 48 108 
184 7 8 46 48 108 
184 7 8 46 48 108 
184 7 8 46 48 108 
184 7 8 46 48 108 
184 7 8 46 48 108 
184 7 8 46 48 108 
32 16 17 184 7 8 46 33 48 108 
184 7 8 46 48 108 
16 184 17 7 8 46 48 108 
16 184 17 7 8 46 48 108 
184 7 8 46 48 108 
184 7 8 46 48 108 
184 7 8 46 48 108 
184 7 8 46 48 108 
184 7 8 46 48 108 
184 7 8 46 48 108 
184 7 8 46 48 108 
184 7 8 46 48 108 
184 7 8 46 48 108 
184 7 8 46 48 108 
184 7 8 46 48 108 
16 184 17 7 8 46 48 108 
184 7 8 46 48 108 
184 7 8 46 48 108 
184 7 8 46 48 108 
184 7 8 46 48 108 
184 7 8 46 48 108 
184 7 8 46 48 108 
16 184 17 7 8 46 48 108 
184 7 8 46 48 108 
184 7 8 46 48 108 
184 7 8 46 48 108 
184 7 8 46 48 108 
184 7 8 46 48 108 
184 7 8 46 48 108 
184 7 8 46 48 108 
184 7 8 46 48 108 
184 7 8 46 48 108 
184 7 8 46 48 108 
184 7 8 46 48 108 
184 7 8 46 48 108 
184 7 8 46 48 108 
16 184 17 7 8 46 48 108 
184 7 8 46 48 108 
184 7 8 46 48 108 
184 7 8 46 48 108 
184 7 8 46 48 108 
184 7 8 46 48 108 
184 7 8 46 48 108 
184 7 8 46 48 108 
184 7 8 46 48 108 
184 7 8 46 48 108 
184 7 8 46 48 108 
184 7 8 46 48 108 
184 7 8 46 48 108 
184 7 8 46 48 108 
184 7 8 46 48 108 
184 7 8 46 48 108 
184 7 8 46 48 108 
184 7 8 46 48 108 
184 7 8 46 48 108 
184 7 8 46 48 108 
184 7 8 46 48 108 
184 7 8 46 48 108 
184 7 8 46 48 108 
184 7 8 46 48 108 
184 7 8 46 48 108 
184 7 8 46 48 108 
184 7 8 46 48 108 
184 7 8 46 48 108 
184 7 8 46 48 108 
184 7 8 46 48 108 
184 7 8 46 48 108 
184 7 8 46 48 108 
184 7 8 46 48 108 
16 184 17 7 8 46 48 108 
184 7 8 46 48 108 
184 7 8 46 48 108 
184 7 8 46 48 108 
184 7 8 46 48 108 
184 7 8 46 48 108 
184 7 8 46 48 108 
184 7 8 46 48 108 
184 7 8 46 48 108 
184 7 8 46 48 108 
184 7 8 46 48 108 
184 7 8 46 48 108 
184 7 8 46 48 108 
184 7 8 46 48 108 
184 7 8 46 48 108 
184 7 8 46 48 108 
184 7 8 46 48 108 
184 7 8 46 48 108 
184 7 8 46 48 108 
184 7 8 46 48 108 
184 7 8 46 48 108 
184 7 8 46 48 108 
184 7 8 46 48 108 
184 7 8 46 48 108 
184 7 8 46 48 108 
16 17 184 7 8 46 62 48 108 
184 7 8 46 48 108 
184 7 8 46 48 108 
184 7 8 46 48 108 
184 7 8 46 48 108 
184 7 8 46 48 108 
184 7 8 46 48 108 
184 7 8 46 48 108 
184 7 8 46 48 108 
184 7 8 46 48 108 
184 7 8 46 48 108 
184 7 8 46 48 108 
184 7 8 46 48 108 
184 7 8 46 48 108 
184 7 8 46 48 108 
184 7 8 46 48 108 
184 7 8 46 48 108 
184 7 8 46 48 108 
184 7 8 46 48 108 
27 184 7 8 44 46 43 48 108 
184 7 8 46 48 108 
184 7 8 46 48 108 
184 7 8 46 48 108 
184 7 8 46 48 108 
184 7 8 46 48 108 
184 7 8 46 48 108 
16 184 17 7 8 46 48 108 
184 7 8 46 48 108 
184 7 8 46 48 108 
27 184 7 8 46 44 43 48 108 
184 7 8 46 48 108 
184 7 8 46 48 108 
184 7 8 46 48 108 
184 7 8 46 48 108 
184 7 8 46 48 108 
184 7 8 46 48 108 
184 7 8 46 48 108 
184 7 8 46 48 108 
184 7 8 46 48 108 
184 7 8 46 48 108 
184 7 8 46 48 108 
184 7 8 46 48 108 
184 7 8 46 48 108 
184 7 8 46 48 108 
184 7 8 46 48 108 
184 7 8 46 48 108 
184 7 8 46 48 108 
184 7 8 46 48 108 
184 7 8 46 3 65 48 108 
184 7 8 46 48 108 
184 7 8 46 48 108 
184 7 8 46 48 108 
184 7 8 46 48 108 
184 7 8 46 48 108 
184 7 8 46 48 108 
184 7 8 46 48 108 
184 7 8 46 48 108 
184 7 8 46 48 108 
184 7 8 46 48 108 
184 7 8 46 48 108 
184 7 8 46 48 108 
184 7 8 46 48 108 
184 7 8 46 48 108 
184 7 8 46 48 108 
184 7 8 46 48 108 
184 7 8 46 48 108 
184 7 8 46 48 108 
184 7 8 46 48 108 
184 7 8 46 48 108 
184 7 8 46 48 108 
184 7 8 46 48 108 
184 7 8 46 48 108 
184 7 8 46 48 108 
16 184 17 7 8 46 48 108 
184 7 8 46 48 108 
184 7 8 46 48 108 
184 7 8 46 186 48 108 
184 7 8 46 48 108 
184 7 8 46 48 108 
184 7 8 46 48 108 
184 7 8 46 48 108 
184 7 8 46 48 108 
184 7 8 46 48 108 
184 7 8 46 48 108 
184 7 8 46 48 108 
184 7 8 46 48 108 
184 7 8 46 48 108 
184 7 8 46 48 108 
42 27 184 7 8 46 43 48 81 108 
184 7 8 46 48 108 
184 7 8 46 48 108 
184 7 8 46 48 108 
184 7 8 46 48 108 
184 7 8 46 48 108 
184 7 8 46 48 108 
184 7 8 46 48 108 
184 7 8 46 48 108 
184 7 8 46 48 108 
184 7 8 46 48 108 
184 7 8 46 48 108 
184 7 8 46 48 108 
184 7 8 46 48 108 
184 7 8 46 48 108 
184 7 8 46 48 108 
184 7 8 46 48 108 
184 7 8 46 48 108 
184 7 8 46 48 108 
184 7 8 46 48 108 
184 7 8 46 48 108 
184 7 8 46 48 108 
184 7 8 46 48 108 
184 7 8 46 48 108 
184 7 8 46 48 108 
184 7 8 46 48 108 
184 7 8 46 48 108 
184 7 8 46 48 108 
184 7 8 46 48 108 
184 7 8 46 48 108 
184 7 8 46 48 108 
184 7 8 46 48 108 
184 7 8 46 48 108 
184 7 8 46 48 108 
184 7 8 46 48 108 
184 7 8 46 48 108 
184 7 8 46 48 108 
184 7 8 46 48 108 
184 7 8 46 48 108 
184 7 8 46 48 108 
184 7 8 46 48 108 
184 7 8 46 48 108 
184 7 8 46 48 108 
184 7 8 46 48 108 
184 7 8 46 48 108 
184 7 8 46 48 108 
184 7 8 46 48 108 
184 7 8 46 48 108 
184 7 8 46 48 108 
27 184 7 8 44 46 43 48 108 
184 7 8 46 48 108 
184 7 8 46 48 108 
184 7 8 46 48 108 
184 7 8 46 48 108 
184 7 8 46 48 108 
184 7 8 46 48 108 
184 7 8 46 48 108 
184 7 8 46 48 108 
184 7 8 46 48 108 
184 7 8 46 48 108 
184 7 8 46 48 108 
184 7 8 46 48 108 
184 7 8 46 48 108 
184 7 8 46 48 108 
184 7 8 46 48 108 
184 7 8 46 48 108 
73 184 7 8 138 46 74 48 108 
184 7 8 46 48 108 
184 7 8 46 48 108 
184 7 8 46 48 108 
184 7 8 46 48 108 
184 7 8 46 48 108 
16 184 17 7 8 46 48 108 
184 7 8 46 48 108 
184 7 8 46 48 108 
184 7 8 46 48 108 
184 7 8 46 48 108 
184 7 8 46 48 108 
184 7 8 46 48 108 
184 7 8 46 48 108 
184 7 8 46 48 108 
27 184 7 8 44 46 43 48 108 
184 7 8 46 48 108 
16 184 17 7 8 46 48 108 
184 7 8 46 48 108 
184 7 8 46 48 108 
184 7 8 46 48 108 
184 7 8 46 48 108 
184 7 8 46 48 108 
184 7 8 46 48 108 
184 7 8 46 48 108 
16 184 17 7 8 46 48 108 
184 7 8 46 48 108 
16 184 17 7 8 46 48 108 
184 7 8 46 48 108 
184 7 8 46 48 108 
184 7 8 46 48 108 
184 7 8 46 48 108 
184 7 8 46 48 108 
184 7 8 46 48 108 
184 7 8 46 48 108 
184 7 8 46 48 108 
184 7 8 46 48 108 
184 7 8 46 48 108 
184 7 8 46 48 108 
184 7 8 46 48 108 
184 7 8 46 48 108 
184 7 8 46 48 108 
16 184 7 8 46 48 108 
184 7 8 46 48 108 
184 7 8 295 46 48 108 
184 7 8 46 48 108 
184 7 8 46 48 108 
16 184 17 7 8 46 48 108 
184 7 8 46 48 108 
184 7 8 46 48 108 
184 7 8 46 48 108 
184 7 8 46 48 108 
184 7 8 46 48 108 
184 7 8 46 48 108 
184 7 8 46 48 108 
184 7 8 46 48 108 
184 7 8 46 48 108 
184 7 8 46 48 108 
184 7 8 46 48 108 
184 7 8 46 48 108 
184 7 8 46 48 108 
184 7 8 46 48 108 
184 7 8 46 48 108 
27 184 7 8 44 46 43 48 108 
184 7 8 46 48 108 
184 7 8 46 48 108 
184 7 8 46 48 108 
184 7 8 46 48 108 
184 7 8 46 48 108 
184 7 8 46 48 108 
184 7 8 46 48 108 
184 7 8 46 48 108 
184 7 8 46 48 108 
184 7 8 46 48 108 
184 7 8 46 48 108 
184 7 8 46 48 108 
184 7 8 46 48 108 
184 7 8 46 48 108 
184 7 8 46 48 108 
184 7 8 46 48 108 
184 7 8 46 48 108 
16 17 184 7 8 46 48 108 
184 7 8 46 48 108 
184 7 8 46 48 108 
184 7 8 46 48 108 
184 7 8 46 48 108 
184 7 8 46 48 108 
184 7 8 46 48 108 
184 7 8 46 48 108 
184 7 8 46 48 108 
184 7 8 46 48 108 
184 7 8 46 48 108 
184 7 8 46 48 108 
184 7 8 46 48 108 
184 7 8 46 48 108 
184 7 8 46 48 108 
16 27 17 184 7 8 44 46 43 48 108 
184 7 8 46 48 108 
184 7 8 46 48 108 
184 7 8 46 48 108 
184 7 8 46 48 108 
184 7 8 46 48 108 
184 7 8 46 48 108 
184 7 8 46 48 108 
184 7 8 46 48 108 
184 7 8 46 48 108 
184 7 8 46 48 108 
184 7 8 46 48 108 
27 184 7 8 44 46 43 48 108 
184 7 8 46 48 108 
184 7 8 46 48 108 
184 7 8 46 48 108 
184 7 8 46 48 108 
184 7 8 46 48 108 
184 7 8 46 48 108 
184 7 8 46 48 108 
184 7 8 46 48 108 
184 7 8 46 48 108 
184 7 8 46 48 108 
184 7 8 46 48 108 
184 7 8 46 48 108 
16 184 7 8 46 48 108 
184 7 8 46 48 108 
184 7 8 46 48 108 
184 7 8 46 48 108 
184 7 8 46 48 108 
184 7 8 46 48 108 
16 184 17 7 8 46 48 108 
184 7 8 46 48 108 
184 7 8 46 48 108 
184 7 8 46 48 108 
184 7 8 46 48 108 
184 7 8 46 48 108 
184 7 8 46 48 108 
184 7 8 46 48 108 
184 7 8 46 48 108 
184 7 8 46 48 108 
184 7 8 46 48 108 
184 7 8 46 48 108 
184 7 8 46 48 108 
184 7 8 46 48 108 
184 7 8 46 48 108 
184 7 8 46 48 108 
184 7 8 46 48 108 
184 7 8 46 48 108 
184 7 8 46 48 108 
184 7 8 46 48 108 
184 7 8 46 48 108 
184 7 8 46 48 108 
184 7 8 46 48 108 
184 7 8 46 48 108 
184 7 8 46 48 108 
184 7 8 46 48 108 
184 7 8 46 48 108 
184 7 8 46 48 108 
184 7 8 46 48 108 
184 7 8 46 48 108 
184 7 8 46 48 108 
16 27 184 7 8 44 46 19 43 48 108 
184 7 8 46 3 65 48 108 
184 7 8 46 48 108 
184 7 8 46 48 108 
184 7 8 46 48 108 
184 7 8 46 48 108 
184 7 8 46 48 108 
184 7 8 46 48 108 
16 184 17 7 8 46 48 108 
184 7 8 46 48 108 
184 7 8 46 48 108 
184 7 8 46 48 108 
184 7 8 46 48 108 
184 7 8 46 48 108 
184 7 8 46 48 108 
184 7 8 46 48 108 
184 7 8 46 48 108 
184 7 8 46 48 108 
184 7 8 46 48 108 
184 7 8 46 48 108 
184 7 8 46 48 108 
184 7 8 46 48 108 
27 184 7 8 44 46 43 48 108 
184 7 8 46 48 108 
27 184 7 8 46 71 43 48 108 
184 7 8 46 48 108 
184 7 8 46 48 108 
184 7 8 46 48 108 
184 7 8 46 48 108 
184 7 8 46 48 108 
184 7 8 46 48 108 
184 7 8 46 48 108 
184 7 8 46 48 108 
184 7 8 46 48 108 
184 7 8 46 48 108 
184 7 8 46 48 108 
184 7 8 46 48 108 
184 7 8 46 48 108 
184 7 8 46 48 108 
184 7 8 46 48 108 
16 184 17 7 8 46 48 108 
184 7 8 46 48 108 
184 7 8 46 48 108 
184 7 8 46 48 108 
184 7 8 46 48 108 
184 7 8 46 48 108 
184 7 8 46 48 108 
184 7 8 46 48 108 
184 7 8 46 48 108 
184 7 8 46 48 108 
184 7 8 46 48 108 
184 7 8 46 48 108 
184 7 8 46 48 108 
184 7 8 46 48 108 
184 7 8 46 48 108 
184 7 8 46 48 108 
184 7 8 46 48 108 
184 7 8 46 48 108 
184 7 8 46 48 108 
184 7 8 46 48 108 
184 7 8 46 48 108 
184 7 8 46 48 108 
184 7 8 46 48 108 
27 184 7 8 44 46 43 48 108 
184 7 8 46 48 108 
184 7 8 46 48 108 
184 7 8 46 48 108 
184 7 8 46 48 108 
184 7 8 46 48 108 
184 7 8 46 48 108 
184 7 8 46 48 108 
184 7 8 46 48 108 
184 7 8 46 48 108 
184 7 8 46 48 108 
184 7 8 46 48 108 
184 7 8 46 48 108 
184 7 8 46 48 108 
184 7 8 46 48 108 
184 7 8 46 48 108 
184 7 8 46 48 108 
184 7 8 46 48 108 
184 7 8 46 48 108 
184 7 8 46 48 108 
184 7 8 46 48 108 
26 27 184 7 8 46 48 108 
184 7 8 46 48 108 
184 7 8 46 48 108 
16 184 17 7 8 46 48 108 
184 7 8 46 48 108 
184 7 8 46 48 108 
184 7 8 46 48 108 
184 7 8 46 48 108 
184 7 8 46 48 108 
184 7 8 46 48 108 
184 7 8 46 48 108 
184 7 8 46 48 108 
184 7 8 46 48 108 
184 7 8 46 48 108 
184 7 8 46 48 108 
27 184 7 8 44 46 43 48 108 
184 7 8 46 48 108 
184 7 8 46 48 108 
184 7 8 46 48 108 
184 7 8 46 48 108 
184 7 8 46 48 108 
184 7 8 46 48 108 
184 7 8 46 48 108 
184 7 8 46 48 108 
184 7 8 46 48 108 
184 7 8 46 48 108 
184 7 8 46 48 108 
184 7 8 46 48 108 
184 7 8 46 48 108 
184 7 8 46 48 108 
184 7 8 46 48 108 
184 7 8 46 48 108 
184 7 8 46 48 108 
184 7 8 46 48 108 
184 7 8 46 48 108 
184 7 8 46 48 108 
184 7 8 46 48 108 
184 7 8 46 48 108 
184 7 8 46 48 108 
184 7 8 46 48 108 
184 7 8 46 48 108 
184 7 8 46 48 108 
184 7 8 46 48 108 
184 7 8 46 48 108 
184 7 8 46 48 108 
184 7 8 46 48 108 
184 7 8 46 48 108 
184 7 8 46 48 108 
184 7 8 46 48 108 
184 7 8 46 48 108 
184 7 8 46 48 108 
184 7 8 46 48 108 
184 7 8 46 48 108 
184 7 8 46 48 108 
184 7 8 46 48 108 
184 7 8 46 48 108 
184 7 8 46 48 108 
184 7 8 46 48 108 
184 7 8 46 48 108 
184 7 8 46 48 108 
184 7 8 46 48 108 
184 7 8 46 48 108 
27 184 7 8 44 46 43 48 108 
184 7 8 46 48 108 
184 7 8 46 48 108 
184 7 8 46 48 108 
184 7 8 46 48 108 
184 7 8 46 48 108 
184 7 8 46 48 108 
184 7 8 46 48 108 
184 7 8 46 48 108 
184 7 8 46 48 108 
184 7 8 46 48 108 
184 7 8 46 48 108 
184 7 8 46 48 108 
184 7 8 46 48 108 
184 7 8 46 48 108 
184 7 8 46 48 108 
184 7 8 46 48 108 
184 7 8 46 48 108 
184 7 8 46 48 108 
184 7 8 46 48 108 
184 7 8 46 48 108 
184 7 8 46 48 108 
184 7 8 46 48 108 
184 7 8 46 48 108 
184 7 8 46 48 108 
184 7 8 46 48 108 
184 7 8 46 48 108 
184 7 8 46 48 108 
184 7 8 46 48 108 
184 7 8 46 48 108 
184 7 8 46 48 108 
184 7 8 46 48 108 
184 7 8 46 48 108 
184 7 8 46 48 108 
184 7 8 46 48 108 
184 7 8 46 48 108 
184 7 8 46 48 108 
184 7 8 46 48 108 
184 7 8 46 48 108 
184 7 8 46 48 108 
27 184 7 8 44 46 43 48 108 
184 7 8 46 48 108 
184 7 8 46 48 108 
184 7 8 46 48 108 
184 7 8 46 48 108 
184 7 8 46 48 108 
184 7 8 46 48 108 
184 7 8 46 48 108 
184 7 8 46 48 108 
184 7 8 46 48 108 
184 7 8 46 48 108 
184 7 8 46 48 108 
184 7 8 46 48 108 
184 7 8 46 48 108 
184 7 8 46 48 108 
184 7 8 46 48 108 
184 7 8 46 48 108 
184 7 8 46 48 108 
184 7 8 46 48 108 
184 7 8 46 48 108 
184 7 8 46 48 108 
184 7 8 46 48 108 
184 7 8 46 48 108 
27 184 7 8 44 46 43 48 108 
184 7 8 46 48 108 
184 7 8 46 48 108 
184 7 8 46 51 48 108 
184 7 8 46 48 108 
184 7 8 46 48 108 
184 7 8 46 48 108 
184 7 8 46 48 108 
184 7 8 46 48 108 
184 7 8 46 48 108 
184 7 8 46 48 108 
184 7 8 46 48 108 
184 7 8 46 48 108 
184 7 8 46 48 108 
184 7 8 46 48 108 
184 7 8 46 48 108 
184 7 8 46 48 108 
184 7 8 46 48 108 
184 7 8 46 48 108 
184 7 8 46 48 108 
184 7 8 46 48 108 
184 7 8 46 48 108 
184 7 8 46 48 108 
184 7 8 46 48 108 
184 7 8 46 48 108 
184 7 8 46 48 108 
27 184 7 8 44 46 43 48 108 
184 7 8 46 48 108 
184 7 8 46 48 108 
16 184 7 8 46 19 48 108 
184 7 8 46 48 108 
184 7 8 295 46 48 108 
184 7 8 46 48 108 
184 7 8 46 48 108 
184 7 8 46 48 108 
184 7 8 46 48 108 
184 7 8 46 48 108 
184 7 8 46 48 108 
27 184 7 8 46 44 43 48 108 
184 7 8 46 48 108 
184 7 8 46 48 108 
184 7 8 46 48 108 
184 7 8 46 48 108 
184 7 8 46 186 48 108 
184 7 8 46 48 108 
184 7 8 46 48 108 
184 7 8 46 48 108 
184 7 8 46 48 108 
184 7 8 46 48 108 
184 7 8 46 48 108 
184 7 8 46 48 108 
184 7 8 46 48 108 
184 7 8 46 48 108 
184 7 8 46 48 108 
184 7 8 46 48 108 
184 7 8 46 48 108 
184 7 8 46 48 108 
184 7 8 46 48 108 
184 7 8 46 48 108 
184 7 8 46 48 108 
184 7 8 46 48 108 
184 7 8 46 48 108 
184 7 8 46 48 108 
184 7 8 46 48 108 
184 7 8 46 48 108 
184 7 8 46 48 108 
184 7 8 46 48 108 
184 7 8 46 48 108 
184 7 8 46 48 108 
184 7 8 46 48 108 
184 7 8 46 48 108 
184 7 8 46 48 108 
184 7 8 46 48 108 
184 7 8 46 48 108 
184 7 8 46 48 108 
184 7 8 46 48 108 
184 7 8 46 48 108 
184 7 8 46 48 108 
184 7 8 46 48 108 
27 184 7 8 44 46 43 48 108 
184 7 8 46 48 108 
184 7 8 46 48 108 
184 7 8 46 48 108 
184 7 8 46 48 108 
184 7 8 46 48 108 
184 7 8 46 48 108 
184 7 8 46 48 108 
184 7 8 46 48 108 
184 7 8 46 48 108 
184 7 8 46 48 108 
184 7 8 46 48 108 
184 7 8 46 48 108 
184 7 8 46 48 108 
32 16 17 184 7 8 46 33 48 108 
184 7 8 46 48 108 
184 7 8 46 48 108 
184 7 8 46 48 108 
184 7 8 46 48 108 
16 184 7 8 46 48 108 
184 7 8 46 48 108 
184 7 8 46 48 108 
184 7 8 46 48 108 
184 7 8 46 48 108 
184 7 8 46 48 108 
184 7 8 46 48 108 
184 7 8 46 48 108 
13 184 7 8 46 164 15 48 108 
184 7 8 46 48 108 
184 7 8 46 48 108 
16 184 7 8 46 48 108 
184 7 8 46 48 108 
184 7 8 46 48 108 
184 7 8 46 48 108 
184 7 8 46 48 108 
184 7 8 46 48 108 
184 7 8 46 48 108 
184 7 8 46 48 108 
184 7 8 46 48 108 
184 7 8 46 48 108 
184 7 8 46 48 108 
184 7 8 46 48 108 
184 7 8 46 48 108 
184 7 8 46 48 108 
184 7 8 46 48 108 
184 7 8 46 48 108 
184 7 8 46 48 108 
184 7 8 46 48 108 
184 7 8 46 48 108 
184 7 8 46 48 108 
184 7 8 46 48 108 
184 7 8 46 48 108 
184 7 8 46 48 108 
184 7 8 46 48 108 
184 7 8 46 48 108 
16 17 184 7 8 295 46 48 108 
184 7 8 46 48 108 
184 7 8 46 48 108 
184 7 8 295 46 48 108 
16 17 184 7 8 46 62 48 108 
16 17 184 7 8 46 62 48 108 
184 7 8 46 48 108 
27 184 7 8 44 46 43 48 108 
184 7 8 46 48 108 
184 7 8 46 48 108 
184 7 8 46 48 108 
184 7 8 46 48 108 
184 7 8 46 48 108 
184 7 8 46 48 108 
16 184 7 8 46 48 108 
184 7 8 46 48 108 
184 7 8 46 48 108 
184 7 8 46 48 108 
184 7 8 46 48 108 
184 7 8 46 48 108 
184 7 8 295 46 48 108 
184 7 8 46 48 108 