16 17 101 122 331 
16 17 101 122 331 
16 17 101 122 331 
16 17 101 122 331 
16 17 101 122 331 
16 17 101 122 331 
16 100 17 101 122 331 
16 17 101 122 331 
16 17 101 122 331 
16 17 101 122 331 
16 17 101 122 331 
16 17 101 122 331 
16 17 101 122 331 
16 17 101 122 331 
16 17 101 122 331 
16 17 101 122 331 
16 17 101 122 331 
16 100 17 101 122 331 
16 17 101 122 331 
16 100 17 101 122 331 
16 17 101 122 331 
16 17 101 122 331 
16 17 101 122 331 
16 17 101 122 331 
16 17 101 122 331 
16 17 101 122 331 
16 17 101 122 331 
16 17 101 122 331 
16 17 7 101 122 9 10 331 
16 17 101 122 331 
16 17 101 122 331 
16 17 101 122 331 
16 17 101 122 331 
16 17 101 122 331 
16 17 101 122 331 
16 17 101 122 15 331 
16 17 101 122 331 
16 17 101 122 331 
16 17 101 122 331 
16 17 101 122 331 
16 17 101 122 331 
16 17 101 122 331 
16 17 101 122 331 
16 17 101 122 331 
16 17 101 122 331 
16 17 101 122 331 
16 17 101 122 331 
16 17 101 122 331 
16 17 101 122 331 
16 17 101 122 331 
16 17 101 122 331 
16 17 101 122 331 
16 17 101 122 331 
16 17 101 122 331 
16 17 101 122 331 
16 17 101 122 331 
16 17 101 122 19 331 
16 17 101 122 331 
16 17 101 122 331 
16 17 101 122 331 
16 17 101 122 331 
16 17 101 122 331 
16 17 101 122 331 
16 17 101 122 331 
16 17 101 122 331 
16 17 101 122 331 
16 17 101 122 331 
16 17 101 122 331 
16 17 101 122 331 
16 17 101 122 331 
16 17 101 122 331 
16 17 101 122 331 
16 17 101 122 331 
16 17 101 122 331 
16 17 101 122 331 
16 17 101 122 331 
16 17 101 122 331 
16 100 17 101 122 331 
16 17 101 122 331 
16 17 101 122 331 
16 17 101 122 331 
16 17 101 122 331 
16 17 101 122 331 
16 17 101 122 331 
16 17 101 122 331 
16 17 101 122 331 
16 17 101 122 331 
16 17 101 122 331 
16 17 101 122 331 
16 17 101 122 331 
16 17 101 122 331 
16 17 101 122 331 
16 17 101 122 331 
16 17 101 122 15 331 
16 17 101 122 331 
16 17 101 122 331 
16 17 101 122 331 
16 17 101 122 331 
16 17 101 122 331 
16 17 101 122 331 
16 17 101 122 331 
16 17 101 122 331 
16 17 101 122 331 
16 17 101 122 331 
16 17 101 122 331 
16 17 101 122 331 
16 17 101 122 331 
16 100 17 101 122 331 
16 17 101 122 331 
16 17 101 122 331 
16 17 101 122 331 
16 17 101 122 331 
16 17 101 122 331 
16 17 101 122 331 
16 17 101 122 331 
16 17 101 122 331 
16 17 101 122 331 
16 17 101 122 331 
16 17 101 122 331 
16 17 101 122 331 
16 17 101 122 331 
16 17 101 122 331 
16 17 101 122 331 
16 17 101 122 331 
16 17 101 122 331 
16 17 101 122 331 
16 17 101 122 331 
16 17 101 122 331 
16 17 101 122 331 
16 17 101 122 331 
16 17 101 122 331 
16 17 101 122 331 
16 17 101 122 331 
16 17 101 122 331 
16 17 101 122 331 
16 17 101 122 331 
16 17 101 122 331 
16 17 101 122 331 
16 17 101 122 331 