27 181 42 7 8 43 176 
27 7 8 242 43 176 
27 7 8 44 43 176 
27 7 8 242 43 176 
27 7 8 44 43 176 
27 7 8 44 43 176 
27 7 8 44 43 176 
27 42 7 8 183 43 176 
27 42 7 8 183 43 176 
27 7 8 44 43 176 
27 7 8 44 43 176 
27 7 8 44 43 176 
27 7 8 44 43 176 
27 7 8 44 43 176 
27 7 8 44 43 176 
27 7 8 44 43 176 
27 184 7 8 44 46 43 48 176 
27 184 7 8 44 46 43 48 176 
27 184 7 8 44 46 43 48 176 
27 184 7 8 44 46 43 48 176 
27 184 7 8 44 46 43 48 176 
27 26 42 7 8 420 43 176 
27 42 7 8 420 43 176 
27 42 7 8 420 43 176 
27 42 7 8 420 43 176 
27 42 7 8 420 43 176 
27 184 7 8 44 46 43 48 176 
27 42 7 8 420 43 176 
27 42 7 8 420 43 176 
27 7 8 44 43 176 
27 42 7 8 420 43 176 
27 42 7 8 420 43 176 
32 16 27 17 7 8 44 33 43 176 
27 42 7 8 420 43 176 
27 7 8 44 43 176 
27 181 42 7 8 43 176 
27 7 8 44 43 176 
27 42 7 8 182 43 176 
27 181 42 7 8 43 176 
27 42 7 8 182 43 176 
27 181 42 7 8 43 176 
27 7 8 44 43 176 
27 184 7 8 44 46 43 48 176 
27 42 7 8 420 43 176 
27 7 8 44 43 176 
27 7 8 44 43 176 
27 7 8 44 43 176 
27 7 8 44 43 176 
27 42 7 8 183 43 176 
27 181 42 7 8 43 176 
27 7 8 44 43 176 
27 7 8 44 43 176 
27 7 8 44 43 176 
27 42 7 8 183 43 176 
27 7 8 44 43 176 
27 7 8 44 43 176 
32 16 27 17 7 8 44 33 43 176 
27 7 8 44 43 176 
27 7 8 44 43 176 
27 7 8 44 43 176 
27 7 8 44 43 176 
27 7 8 44 43 176 
27 7 8 44 43 176 
27 7 8 44 43 176 
27 42 7 8 183 43 176 
27 7 8 44 43 176 
27 181 42 7 8 43 176 
27 7 8 44 43 176 
27 7 8 44 43 176 
27 7 8 44 43 176 
27 7 8 44 43 176 
27 7 8 44 43 176 
27 7 8 44 43 176 
27 7 8 44 43 176 
27 7 8 44 43 176 
27 42 7 8 44 57 43 176 
27 7 8 242 43 83 176 
27 7 8 44 43 176 
16 27 7 8 44 19 43 176 
27 26 7 8 44 43 176 
27 7 8 44 43 176 
27 7 8 44 43 176 
27 7 8 44 43 176 
27 181 42 7 8 43 176 
27 7 8 44 43 176 
27 7 8 44 43 176 
27 7 8 44 43 176 
27 181 42 7 8 43 176 
27 181 42 7 8 43 176 
27 7 8 44 43 176 
27 7 8 44 43 176 
27 7 8 44 43 176 
27 7 8 44 43 176 
27 7 8 44 43 176 
27 7 8 44 43 176 
27 26 7 8 44 43 176 
27 7 8 44 43 176 
27 7 8 44 43 176 
27 181 42 7 8 43 176 
32 16 27 17 7 8 44 33 43 176 
27 7 8 44 43 176 
27 7 8 44 43 176 
27 7 8 44 43 176 
27 7 8 242 43 176 
27 7 8 44 43 176 
27 7 8 44 43 176 
27 7 8 44 43 176 
27 7 8 44 43 176 
27 7 8 242 43 83 176 
16 27 7 8 44 19 43 176 
27 7 8 44 43 176 
27 7 8 44 43 176 
27 7 8 44 43 176 
27 7 8 44 43 176 
27 7 8 44 43 176 
27 7 8 44 43 176 
27 7 8 44 43 176 
27 7 8 44 43 176 
27 7 8 44 43 176 
27 7 8 44 43 176 
27 184 7 8 44 46 43 48 176 
93 27 73 7 8 242 74 43 176 
27 7 8 242 43 83 176 
27 7 8 44 43 176 
93 27 73 7 8 242 74 43 176 
27 7 8 242 43 83 176 
27 7 8 44 43 176 
27 7 8 44 43 176 
27 7 8 44 43 176 
27 7 8 44 43 176 
27 7 8 44 43 176 
27 7 8 44 43 176 
27 7 8 44 43 176 
27 7 8 44 43 176 
27 7 8 44 43 83 176 
27 7 8 44 43 176 
27 30 7 31 8 242 43 176 
27 7 8 44 43 176 
27 7 8 44 43 176 
27 7 8 44 43 176 
27 7 8 44 43 176 
27 7 8 242 52 43 53 176 
27 7 8 44 43 176 
27 7 8 44 43 176 
27 7 8 44 43 83 176 
27 7 8 44 43 176 
27 7 8 44 43 83 176 
27 7 8 45 44 112 46 43 48 176 
27 7 8 44 43 176 
27 7 8 44 43 176 
27 7 8 44 43 176 
27 7 8 44 43 176 
27 184 7 8 44 46 43 48 176 
27 7 8 44 43 176 
27 7 8 44 43 176 
27 7 8 44 43 176 
27 184 7 8 44 46 43 48 176 
27 7 8 44 43 176 
27 7 8 44 43 176 
27 7 8 44 43 176 
27 7 8 44 43 176 
27 184 7 8 44 46 43 48 176 
27 7 8 44 43 83 176 
27 7 8 44 43 176 
27 7 8 242 43 176 
27 7 8 44 43 176 
27 26 7 8 242 43 176 
27 7 8 44 43 176 
27 7 8 44 43 176 
27 7 8 44 43 176 
93 27 73 7 8 242 74 43 176 
27 7 8 44 43 176 
27 184 7 8 44 46 43 48 176 
27 26 7 8 44 43 176 
27 181 42 7 8 43 176 
27 7 8 44 43 176 
27 7 8 44 43 176 
27 7 8 44 9 10 43 176 
27 7 8 44 43 176 
27 7 8 44 43 176 
27 7 8 44 46 43 51 176 
27 7 8 44 43 176 
27 7 8 44 43 176 
27 7 8 44 43 176 
27 7 8 44 43 176 
27 7 8 44 43 176 
27 7 8 44 43 176 
27 7 8 44 43 176 
27 42 7 8 183 43 176 
27 7 8 44 43 176 
27 7 8 44 43 176 
27 7 8 44 43 176 
27 7 8 44 43 176 
27 7 8 242 43 176 
27 7 8 44 43 176 
27 7 8 44 43 176 
27 7 8 44 43 176 
27 7 8 44 43 176 
27 7 8 44 43 176 
27 7 8 44 43 176 
27 7 8 44 43 176 
27 7 8 44 43 176 
27 7 8 44 43 176 
27 7 8 44 43 176 
27 7 8 242 43 176 
27 7 8 44 43 176 
27 7 8 44 43 176 
27 7 8 44 43 176 
27 7 8 44 43 176 
27 7 8 44 43 83 176 
27 7 8 44 43 176 
27 7 8 44 43 176 
27 7 8 44 43 176 
27 184 7 8 44 46 43 48 176 
27 7 8 44 43 176 
27 7 8 44 43 176 
27 7 8 44 43 176 
27 7 8 44 43 176 
27 7 8 44 43 176 
27 7 8 44 136 23 24 43 137 55 176 
27 7 8 44 43 176 
27 7 8 44 43 176 
27 7 8 44 43 176 
27 7 8 44 43 176 
27 7 8 44 43 176 
27 7 8 44 43 176 
27 7 8 44 43 176 
27 7 8 242 43 83 176 
27 7 8 44 43 176 
27 184 7 8 44 46 43 48 176 
27 7 8 242 43 176 
27 7 8 44 43 176 
27 7 8 44 43 176 
27 7 8 44 43 176 
27 7 8 44 43 176 
27 7 8 44 43 176 
27 7 8 242 43 176 
27 7 8 44 43 176 
27 7 8 44 43 176 
27 7 8 44 43 176 
27 7 8 44 43 176 
93 27 73 7 8 44 74 43 176 
27 7 8 44 43 176 
27 7 8 242 43 176 
27 7 8 44 43 176 
27 7 8 44 43 83 176 
27 7 8 44 43 83 176 
27 7 8 44 43 176 
27 7 8 44 43 176 
27 7 8 44 43 176 
27 7 8 44 43 176 
27 26 7 8 44 43 176 
27 184 7 8 44 46 43 48 176 
27 7 8 44 43 176 
27 7 8 44 43 176 
27 7 8 44 43 176 
27 7 8 44 43 176 
27 7 8 44 43 176 
27 7 8 44 43 176 
27 7 8 44 43 176 
27 7 8 44 43 176 
27 7 8 44 43 176 
27 7 8 44 43 176 
27 7 8 44 43 176 
27 7 8 44 43 176 
27 7 8 44 43 176 
27 7 8 44 43 176 
27 7 8 44 43 176 
27 7 8 44 43 176 
27 7 8 44 43 176 
27 7 8 44 43 176 
16 27 7 8 44 19 43 176 
27 26 7 8 44 43 176 
27 7 8 44 43 176 
27 7 8 44 43 176 
27 184 7 8 44 46 43 48 176 
27 42 7 8 183 43 176 
27 7 8 44 43 176 
27 7 8 44 43 176 
27 7 8 44 43 176 
27 7 8 44 43 176 
27 7 8 44 43 176 
27 7 8 44 43 176 
27 7 8 44 43 176 
27 7 8 44 43 176 
27 7 8 44 43 176 
27 7 8 44 43 176 
27 7 8 44 43 176 
27 7 8 44 43 176 
27 7 8 44 43 176 
27 7 8 44 43 176 
27 7 8 44 43 176 
27 7 8 44 43 176 
27 7 8 44 43 176 
27 7 8 44 43 176 
27 7 8 44 43 176 
27 7 8 44 43 176 
27 7 8 44 43 176 
27 7 8 44 43 176 
27 7 8 44 43 176 
27 7 8 44 43 176 
27 7 8 44 43 176 
27 7 8 44 43 176 
27 7 8 44 43 176 
27 7 8 44 43 176 
27 7 8 44 43 176 
27 7 8 44 43 176 
27 7 8 44 43 176 
27 7 8 44 43 176 
27 7 8 44 43 176 
27 7 8 44 43 83 176 
27 7 8 44 43 176 
27 7 8 44 43 176 
27 7 8 44 43 176 
27 7 8 44 43 176 
27 7 8 44 43 176 
27 7 8 44 43 176 
27 26 7 8 44 43 176 
27 184 7 8 44 46 43 48 176 
27 7 8 44 43 176 
27 7 8 44 43 176 
27 7 8 44 43 176 
27 7 8 44 43 176 
27 7 8 44 43 176 
27 7 8 44 43 176 
27 7 8 44 43 176 
27 7 8 44 43 176 
27 7 8 44 43 176 
27 7 8 44 43 176 
27 7 8 44 43 176 
27 7 8 44 43 176 
27 7 8 44 43 176 
27 7 8 44 43 176 
27 7 8 44 43 176 
27 7 8 44 43 176 
27 7 8 44 43 176 
27 7 8 44 43 176 
27 7 8 44 43 176 
27 7 8 44 43 176 
27 7 8 44 43 176 
27 42 7 8 183 43 176 
27 7 8 44 43 176 
27 7 8 44 43 176 
27 7 8 44 43 176 
27 7 8 44 43 176 
27 7 8 44 43 176 
27 7 8 44 43 176 
27 7 8 44 43 176 
27 7 8 44 43 176 
27 7 8 44 43 176 
27 7 8 44 43 176 
27 7 8 44 43 176 
27 7 8 242 43 176 
27 7 8 44 43 176 
32 16 27 17 7 8 44 33 43 176 
27 42 7 8 183 43 176 
27 7 8 44 43 176 
27 7 8 44 43 83 176 
27 7 8 44 43 176 
27 7 8 44 43 83 176 
93 27 73 7 8 242 74 43 176 
27 7 8 44 43 176 
27 7 8 44 43 176 
27 7 8 44 43 176 
27 7 8 44 43 176 
27 7 8 44 43 176 
27 7 8 44 43 176 
27 7 8 44 43 176 
27 7 8 44 43 176 
27 7 8 44 43 176 
27 7 8 44 43 176 
27 7 8 44 43 176 
27 7 8 44 43 176 
27 7 8 44 43 176 
27 42 7 8 182 43 176 
27 7 8 44 43 176 
27 7 8 44 43 176 
27 184 7 8 44 46 43 48 176 
27 7 8 44 43 176 
27 7 8 44 43 176 
27 7 8 44 43 176 
27 7 8 44 43 176 
27 7 8 44 43 176 
27 7 8 44 43 176 
27 7 8 44 43 176 
93 27 73 7 8 242 74 43 176 
27 7 8 44 43 176 
27 7 8 44 43 176 
27 7 8 44 43 176 
27 7 8 44 43 176 
27 7 8 242 43 83 176 
27 7 8 44 43 176 
27 7 8 44 43 176 
27 7 8 44 43 83 176 
27 7 8 44 43 176 
27 7 8 44 43 176 
27 7 8 44 43 176 
27 7 8 44 43 176 
27 7 8 44 43 176 
27 7 8 44 43 83 176 
27 7 8 242 43 176 
27 7 8 44 43 176 
27 7 8 44 43 176 
27 7 8 44 43 176 
27 7 8 44 43 176 
27 7 8 242 43 176 
27 7 8 44 43 176 
27 7 8 44 43 176 
27 7 8 44 43 176 
27 7 8 44 43 176 
27 7 8 44 43 176 
27 7 8 44 43 176 
27 7 8 44 43 176 
27 30 7 31 8 242 43 176 
93 27 73 7 8 242 74 43 176 
27 7 8 44 43 176 
27 184 7 8 44 46 43 48 176 
27 7 8 44 43 176 
27 7 8 44 43 176 
27 7 8 44 43 176 
27 7 8 44 43 176 
27 7 8 44 43 176 
27 7 8 44 43 176 
27 7 8 44 43 176 
27 7 8 44 43 176 
27 42 7 8 183 43 176 
27 184 7 8 44 46 43 48 176 
27 7 8 44 43 176 
27 7 8 44 43 176 
27 7 8 44 43 176 
27 7 8 44 43 176 
27 7 8 44 43 176 
27 7 8 44 43 176 
93 27 73 7 8 242 74 43 176 
27 7 8 44 43 176 
27 7 8 44 43 176 
16 27 7 8 44 196 37 19 43 176 
27 7 8 44 43 176 
16 27 7 8 44 43 176 
27 7 8 44 43 176 
27 7 8 44 43 176 
27 7 8 44 43 176 
27 7 8 44 43 176 
27 7 8 44 43 176 
27 7 8 44 43 176 
27 7 8 44 43 176 
27 7 8 44 43 176 
27 7 8 44 43 176 
27 7 8 44 43 176 
27 184 7 8 44 46 43 48 176 
27 7 8 44 43 176 
27 184 7 8 44 46 43 48 176 
27 181 42 7 8 43 176 
27 181 42 7 8 43 176 
27 7 8 44 43 176 
27 7 8 44 43 176 
27 7 8 44 43 176 
27 7 8 44 43 176 
27 7 8 242 43 83 176 
27 7 8 44 43 176 
27 7 8 44 43 176 
27 7 8 44 43 176 
27 7 8 44 43 176 
27 7 8 44 43 176 
27 7 8 44 43 176 
27 7 8 44 43 176 
27 7 8 44 43 176 
27 7 8 44 43 176 
93 27 73 7 8 44 74 43 176 
27 7 8 44 43 83 176 
27 7 8 44 43 176 
27 184 7 8 44 46 43 48 176 
27 7 8 44 43 176 
27 7 8 44 43 176 
27 7 8 44 43 83 176 
27 7 8 44 43 176 
27 7 8 44 43 176 
27 7 8 44 43 176 
27 7 8 44 43 176 
27 7 8 242 43 176 
27 7 8 44 43 176 
27 7 8 44 43 176 
27 7 8 44 43 176 
93 27 73 7 8 242 74 43 176 
27 7 8 44 43 176 
16 27 7 8 44 196 37 19 43 176 
27 7 8 44 43 176 
27 7 8 44 43 176 
27 7 8 44 43 83 176 
27 7 8 44 43 176 
27 7 8 44 43 176 
27 7 8 44 43 176 
27 7 8 44 43 176 
27 7 8 44 43 176 
27 7 8 242 43 176 
27 7 8 44 43 176 
27 7 8 44 43 176 
27 7 8 44 43 176 
27 42 7 8 183 43 176 
27 7 8 44 43 176 
27 7 8 44 43 176 
27 7 8 44 43 83 176 
93 27 73 7 8 242 74 43 176 
27 7 8 44 43 176 
27 7 8 242 43 176 
27 7 8 44 43 176 
27 7 8 44 43 176 
27 7 8 44 43 176 
27 7 8 44 43 176 
27 7 8 44 43 176 
27 7 8 44 43 176 
27 7 8 44 43 176 
27 7 8 44 43 176 
27 7 8 44 43 176 
27 7 8 44 43 176 
27 7 8 44 43 176 
27 7 8 44 43 176 
27 7 8 44 43 176 
27 7 8 44 43 176 
27 184 7 8 44 46 43 48 176 
27 7 8 44 43 176 
27 7 8 44 43 176 
27 7 8 44 43 176 
27 7 8 44 43 176 
93 27 73 7 8 242 74 43 176 
27 7 8 44 43 176 
27 7 8 44 43 176 
27 7 8 44 43 176 
27 7 8 44 43 176 
27 7 8 44 43 176 
27 7 8 44 43 176 
27 7 8 44 43 176 
27 7 8 44 43 176 
27 7 8 44 43 176 
27 7 8 44 43 176 
27 7 8 44 43 176 
27 7 8 44 43 176 
27 7 8 44 43 176 
27 7 8 44 43 176 
27 7 8 44 43 176 
27 7 8 44 43 176 
27 7 8 44 43 176 
27 7 8 44 43 176 
27 7 8 44 43 176 
27 7 8 44 43 176 
27 7 8 44 43 176 
27 7 8 44 43 176 
27 7 8 44 43 176 
27 7 8 44 43 176 
27 7 8 44 43 176 
27 7 8 44 43 176 
93 27 73 7 8 44 74 43 176 
27 7 8 242 43 176 
27 7 8 44 43 176 
27 7 8 44 43 176 
27 7 8 44 43 176 
27 7 8 44 43 176 
27 7 8 44 43 176 
27 7 8 44 43 176 
93 27 73 7 8 242 74 43 176 
27 184 7 8 44 46 43 48 176 
93 27 73 7 8 242 74 43 176 
27 7 8 44 43 176 
27 7 8 44 43 176 
27 7 8 44 43 176 
27 7 8 242 43 176 
27 7 8 44 43 176 
27 7 8 44 43 176 
27 7 8 242 43 176 
27 7 8 44 43 176 
27 7 8 44 43 176 
27 7 8 44 43 176 
27 7 8 44 43 176 
27 7 8 44 43 176 
27 7 8 44 43 176 
27 7 8 44 43 176 
27 7 8 44 43 176 
93 27 73 7 8 242 74 43 176 
27 7 8 242 43 83 176 
27 7 8 44 43 176 
27 7 8 44 43 176 
27 7 8 44 43 176 
27 7 8 44 43 176 
27 7 8 44 20 43 176 
27 7 8 44 43 176 
27 7 8 44 43 176 
93 27 73 7 8 242 74 43 176 
27 7 8 44 43 176 
27 7 8 44 43 176 
27 7 8 44 43 176 
27 7 8 44 43 176 
27 7 8 44 43 176 
27 184 7 8 44 46 43 48 176 
27 7 8 44 43 176 
27 7 8 44 43 176 
27 7 8 44 43 176 
27 7 8 44 43 176 
27 184 7 8 44 46 43 48 176 
27 7 8 44 43 176 
27 7 8 242 59 15 43 176 
93 27 73 7 8 44 74 43 176 
27 7 8 44 43 176 
27 7 8 44 43 176 
27 7 8 44 43 176 
27 7 8 44 43 176 
93 27 73 7 8 44 74 43 176 
27 7 8 44 43 176 
27 7 8 44 43 176 
27 7 8 44 43 176 
27 7 8 44 43 176 
27 7 8 44 43 176 
27 7 8 44 43 176 
27 7 8 44 43 176 
27 7 8 44 43 176 
27 7 8 242 43 176 
27 184 7 8 44 46 43 48 176 
27 7 8 44 43 176 
27 7 8 44 43 176 
27 7 8 44 43 176 
27 7 8 44 43 176 
27 7 8 44 43 176 
27 42 7 8 44 57 43 176 
27 7 8 44 43 176 
27 7 8 44 43 176 
27 7 8 44 43 176 
27 7 8 44 43 176 
27 7 8 44 43 176 
27 7 8 44 43 176 
27 7 8 44 43 176 
27 7 8 44 43 176 
27 7 8 44 43 176 
27 7 8 44 43 176 
27 184 7 8 44 46 43 48 176 
27 7 8 44 43 176 
27 7 8 44 43 176 
27 7 8 242 43 83 176 
93 27 73 7 8 242 74 43 176 
27 7 8 44 43 176 
27 7 8 242 43 176 
27 7 8 242 43 176 
27 7 8 242 43 83 176 
27 7 8 44 43 176 
27 7 8 242 43 83 176 
27 7 8 44 43 176 
27 7 8 44 43 176 
27 7 8 44 43 176 
27 7 8 44 43 176 
27 7 8 44 43 176 
27 7 8 242 43 176 
27 7 8 44 43 176 
27 7 8 44 43 176 
27 7 8 242 43 176 
27 184 7 8 44 46 43 48 176 
27 7 8 242 43 176 
27 7 8 44 43 176 
27 7 8 44 43 176 
27 7 8 44 43 176 
27 7 8 242 43 176 
27 7 8 44 43 176 
16 27 17 7 8 44 43 176 
27 7 8 44 43 176 
27 26 7 8 242 43 176 
27 7 8 44 43 176 
27 7 8 242 15 43 176 
27 7 8 44 43 176 
27 7 8 44 43 176 
27 7 8 44 43 176 
27 7 8 44 43 176 
27 7 8 44 43 176 
93 27 73 7 8 242 74 43 176 
27 7 8 242 43 176 
27 7 8 44 43 176 
27 7 8 44 43 176 
27 7 8 44 43 176 
27 184 7 8 44 46 43 48 176 
27 7 8 44 43 176 
27 7 8 44 43 176 
27 7 8 44 43 176 
27 7 8 44 43 176 
27 7 8 44 43 176 
27 7 8 44 43 176 
27 7 8 44 43 176 
27 7 8 44 43 176 
27 7 8 44 43 176 
27 7 8 44 43 176 
27 7 8 44 43 176 
27 7 8 44 43 176 
27 184 7 8 44 46 43 48 176 
27 7 8 44 43 176 
27 7 8 44 43 176 
27 7 8 242 43 83 176 
27 42 7 8 183 43 176 
32 16 27 17 7 8 44 33 43 176 
27 7 8 44 43 176 
27 7 8 44 43 176 
27 7 8 44 43 176 
27 7 8 44 43 176 
27 7 8 44 43 176 
27 7 8 242 3 163 43 176 
27 7 8 44 43 176 
27 7 8 44 43 176 
27 7 8 44 43 176 
27 7 8 44 43 176 
27 7 8 44 43 176 
27 7 8 44 43 176 
27 184 7 8 44 46 43 48 176 
27 7 8 242 43 176 
27 7 8 44 43 176 
27 7 8 44 43 176 
27 7 8 44 43 83 176 
27 7 8 242 43 83 176 
27 7 8 44 43 176 
27 7 8 242 43 176 
27 7 8 44 43 176 
27 7 8 44 43 176 
27 184 7 8 44 46 43 48 176 
27 26 7 8 242 43 176 
27 184 7 8 44 46 43 48 176 
27 7 8 44 43 176 
27 7 8 44 43 176 
27 7 8 44 43 176 
93 27 73 7 8 44 74 43 176 
27 7 8 44 43 176 
27 7 8 44 43 176 
27 7 8 44 43 176 
27 7 8 44 43 176 
27 7 8 44 43 176 
27 7 8 44 43 176 
27 7 8 44 43 176 
27 7 8 242 43 83 176 
27 7 8 242 43 176 
27 7 8 44 43 176 
27 7 8 44 43 176 
27 7 8 44 43 176 
27 7 8 44 43 176 
27 7 8 44 43 176 
27 7 8 44 43 176 
27 184 7 8 44 46 43 48 176 
27 7 8 44 43 176 
27 7 8 242 43 176 
27 7 8 44 43 176 
16 27 7 8 44 196 37 19 43 176 
27 7 8 44 43 176 
27 7 8 44 43 176 
27 7 8 242 43 176 
27 7 8 44 43 176 
27 7 8 44 43 176 
27 7 8 44 43 176 
27 7 8 44 43 176 
27 7 8 242 43 176 
27 7 8 44 43 176 
27 7 8 44 43 176 
27 7 8 44 43 176 
16 27 17 7 8 242 62 43 176 
27 7 8 44 43 176 
27 184 7 8 44 46 43 48 176 
27 7 8 44 43 176 
27 7 8 44 43 176 
27 7 8 242 52 43 53 176 
27 7 8 44 43 176 
27 7 8 44 43 176 
27 7 8 44 43 176 
27 7 8 44 43 176 
27 7 8 44 43 176 
27 7 8 44 43 176 
27 7 8 44 43 176 
27 7 8 44 43 176 
27 7 8 44 43 176 
27 7 8 242 43 83 176 
27 7 8 44 43 176 
27 7 8 44 43 176 
27 7 8 44 43 176 
27 7 8 44 43 176 
27 7 8 242 43 83 176 
16 27 7 8 44 196 37 19 43 176 
27 7 8 44 43 176 
27 7 8 44 43 176 
27 7 8 44 43 83 176 
27 7 8 44 43 176 
27 7 8 44 43 176 
27 7 8 44 43 176 
27 7 8 44 43 176 
27 7 8 242 43 83 176 
27 7 8 44 43 176 
27 7 8 44 43 176 
27 7 8 242 43 83 176 
93 27 73 7 8 242 74 43 176 
27 7 8 242 43 176 
27 7 8 44 43 176 
16 27 17 7 8 242 62 43 176 
27 7 8 44 43 176 
27 7 8 44 43 176 
27 7 8 242 43 83 176 
27 7 8 44 43 176 
27 7 8 242 43 176 
27 7 8 44 43 176 
27 7 8 44 43 176 
27 7 8 44 43 176 
27 7 8 44 43 176 
32 16 27 17 7 8 44 33 43 176 
27 7 8 44 43 176 
27 7 8 44 43 176 
27 184 7 8 44 46 43 48 176 
27 7 8 44 43 176 
27 7 8 44 43 176 
27 7 8 44 43 83 176 
27 7 8 44 43 176 
27 7 8 242 3 163 43 176 
27 7 8 242 43 176 
27 7 8 242 43 176 
27 7 8 44 43 83 176 
27 7 8 242 43 176 
27 7 8 44 43 176 
27 7 8 44 43 176 
27 7 8 44 43 176 
93 27 73 7 8 242 74 43 176 
16 27 7 8 44 196 37 19 43 176 
27 7 8 44 43 176 
27 7 8 44 43 176 
27 7 8 44 43 176 
27 7 8 44 43 176 
27 7 8 44 43 176 
27 7 8 44 43 176 
27 7 8 44 43 176 
27 184 7 8 44 46 43 48 176 
27 7 8 44 43 176 
27 7 8 44 43 176 
27 7 8 44 43 83 176 
27 7 8 44 43 176 
93 27 73 7 8 44 74 43 176 
27 7 8 242 43 83 176 
27 7 8 44 43 176 
27 7 8 242 43 176 
27 7 8 44 43 176 
27 7 8 242 43 83 176 
27 7 8 44 43 176 
27 7 8 44 43 176 
27 7 8 242 43 176 
27 7 8 242 43 83 176 
27 7 8 44 43 176 
27 7 8 44 43 176 
27 7 8 44 43 176 
27 7 8 44 43 176 
93 27 73 7 8 242 74 43 176 
27 7 8 44 43 176 
27 7 8 44 43 176 
16 27 17 7 8 44 62 43 176 
27 7 8 44 43 176 
27 7 8 44 43 176 
27 7 8 44 43 176 
27 7 8 44 43 176 
27 7 8 242 43 83 176 
27 7 8 44 43 176 
27 7 8 44 43 176 
32 16 27 17 7 8 44 33 43 176 
27 184 7 8 44 46 43 48 176 
27 7 8 44 43 176 
27 7 8 44 43 176 
27 7 8 242 43 83 176 
27 7 8 44 43 176 
27 7 8 44 43 176 
27 7 8 44 43 176 
27 7 8 44 43 176 
27 7 8 44 43 176 
27 7 8 44 43 176 
93 27 73 7 8 242 74 43 176 
27 7 8 242 43 83 176 
27 7 8 44 43 176 
27 7 8 44 43 176 
27 7 8 242 43 176 
27 7 8 44 43 176 
27 7 8 44 43 176 
27 7 8 44 43 176 
27 7 8 242 43 176 
93 27 73 7 8 242 74 43 176 
27 7 8 44 43 176 
27 7 8 44 43 176 
27 7 8 44 43 176 
27 7 8 44 43 176 
27 42 7 8 183 43 176 
32 16 27 17 7 8 44 33 43 176 
93 27 73 7 8 242 74 43 176 
27 7 8 44 43 176 
27 7 8 242 43 176 
27 7 8 44 43 176 
27 7 8 44 43 176 
27 42 7 8 183 43 176 
27 7 8 44 43 176 
27 7 8 44 43 176 
27 7 8 44 43 176 
27 7 8 44 43 176 
27 7 8 44 43 176 
27 7 8 242 43 83 176 
93 27 73 7 8 242 74 43 176 
93 27 73 7 8 242 74 43 176 
27 7 8 44 43 176 
27 7 8 44 43 176 
27 7 8 44 43 176 
27 7 8 44 43 176 
27 7 8 44 43 176 
27 7 8 242 43 176 
27 7 8 44 43 176 
27 7 8 44 43 176 
27 7 8 44 43 83 176 
27 7 8 242 43 83 176 
27 7 8 44 43 176 
27 26 7 8 242 43 176 
27 30 7 31 8 242 43 176 
27 7 8 44 43 176 
27 7 8 44 43 176 
32 16 27 17 7 8 44 33 43 176 
93 27 73 7 8 242 74 43 176 
27 7 8 242 43 176 
27 7 8 242 43 176 
27 7 8 44 43 176 
27 7 8 242 43 83 176 
93 27 73 7 8 242 74 43 176 
27 7 8 242 43 176 
27 7 8 242 43 176 
27 7 8 44 43 176 
27 7 8 44 43 176 
27 7 8 44 43 176 
27 7 8 44 43 176 
27 7 8 242 43 176 
27 7 8 44 43 176 
27 7 8 44 43 176 
27 7 8 242 43 83 176 
27 7 8 44 43 176 
27 7 8 242 43 176 
27 7 8 44 43 176 
27 7 8 44 43 176 
27 7 8 44 43 176 
27 7 8 44 43 176 
27 7 8 44 43 83 176 
27 7 8 44 43 176 
93 27 73 7 8 242 74 43 176 
27 7 8 44 43 176 
27 7 8 44 43 176 
27 7 8 44 43 176 
27 7 8 44 43 176 
93 27 73 7 8 242 74 43 176 
27 7 8 44 43 176 
27 7 8 242 43 176 
27 7 8 242 43 176 
27 7 8 44 43 176 
27 7 8 44 43 176 
27 7 8 44 43 176 
27 184 7 8 44 46 43 48 176 
27 63 7 8 242 3 43 176 
27 7 8 44 43 176 
27 7 8 44 43 176 
27 7 8 44 43 176 
27 7 8 44 43 176 
27 184 7 8 44 46 43 48 176 
93 27 73 7 8 242 74 43 176 
27 7 8 44 43 176 
27 7 8 44 43 176 
27 7 8 44 43 176 
27 7 8 44 43 176 
27 7 8 44 43 176 
27 7 8 44 43 176 
27 7 8 44 43 176 
27 7 8 44 43 176 
93 27 73 7 8 242 74 43 176 
27 7 8 242 43 83 176 
27 7 8 44 43 176 
27 7 8 44 43 176 
27 7 8 44 43 176 
27 7 8 44 43 176 
27 7 8 242 43 83 176 
93 27 73 7 8 242 74 43 176 
27 7 8 44 43 176 
27 7 8 44 43 176 
27 7 8 44 43 176 
93 27 73 7 8 242 74 43 176 
93 27 73 7 8 242 74 43 176 
93 27 73 7 8 242 74 43 176 
27 7 8 242 43 176 
27 7 8 44 43 176 
16 27 7 8 44 43 176 
27 7 8 242 43 176 
27 7 8 44 43 176 
27 7 8 44 43 176 
27 7 8 44 43 176 
27 7 8 44 43 176 
27 7 8 44 43 176 
93 27 73 7 8 242 74 43 176 
93 27 73 7 8 242 74 43 176 
93 27 73 7 8 242 74 43 176 
27 7 8 44 43 176 
27 7 8 44 43 176 
27 7 8 44 43 176 
27 7 8 44 43 176 
27 7 8 44 43 176 
27 7 8 44 43 176 
27 7 8 44 43 176 
27 7 8 44 43 176 
27 7 8 44 43 176 
27 7 8 44 43 176 
27 7 8 242 43 176 
27 7 8 44 43 176 
27 7 8 242 43 83 176 
27 7 8 44 43 176 
27 7 8 44 43 176 
27 184 7 8 44 46 43 48 176 
27 7 8 242 43 176 
27 7 8 44 43 83 176 
27 184 7 8 44 46 43 48 176 
93 27 73 7 8 242 74 43 176 
27 7 8 44 43 176 
27 7 8 242 59 15 43 176 
27 7 8 44 43 176 
93 27 73 7 8 242 74 43 176 
27 7 8 242 43 176 
93 27 73 7 8 242 74 43 176 
93 27 73 7 8 242 74 43 176 
93 27 73 7 8 242 74 43 176 
27 7 8 242 43 83 176 
93 27 73 7 8 242 74 43 176 
27 7 8 44 43 176 
93 27 73 7 8 242 74 43 176 
27 7 8 242 43 176 
27 42 7 8 183 43 176 
27 7 8 44 43 176 
27 7 8 44 43 176 
93 27 73 7 8 242 74 43 176 
27 7 8 44 43 176 
27 7 8 44 43 176 
27 7 8 242 43 83 176 
27 7 8 44 43 176 
27 7 8 44 43 176 
27 7 8 44 43 176 
27 7 8 242 43 176 
27 7 8 44 43 176 
27 7 8 44 43 176 
27 7 8 44 43 176 
27 7 8 242 43 83 176 
27 7 8 242 43 176 
16 27 17 7 8 242 62 43 176 
27 7 8 242 43 83 176 
27 7 8 44 43 83 176 
27 7 8 242 43 83 176 
27 7 8 44 43 176 
27 7 8 44 43 176 
27 7 8 44 43 176 
27 7 8 242 43 83 176 
27 7 8 44 43 176 
27 7 8 44 43 176 
27 7 8 44 43 176 
27 7 8 44 43 83 176 
27 7 8 44 43 176 
27 7 8 44 43 176 
27 7 8 44 43 176 
93 27 73 7 8 242 74 43 176 
93 27 73 7 8 242 74 43 176 
93 27 73 7 8 242 74 43 176 
93 27 73 7 8 242 74 43 176 
27 7 8 242 43 176 
27 7 8 44 43 176 
16 27 7 8 242 19 43 176 
27 7 8 242 43 176 
27 7 8 242 43 176 
27 7 8 44 43 176 
93 27 73 7 8 242 74 43 176 
27 7 8 44 43 176 
27 7 8 44 43 176 
27 7 8 44 43 176 
27 7 8 242 43 176 
27 7 8 44 43 176 
27 184 7 8 44 46 43 48 176 
27 7 8 44 43 176 
27 7 8 44 43 176 
27 7 8 44 43 176 
27 7 8 242 43 176 
27 7 8 44 43 176 
27 7 8 44 43 176 
27 7 8 44 43 176 
27 7 8 44 43 176 
93 27 73 7 8 242 74 43 176 
27 7 8 44 43 176 
27 7 8 44 43 176 
27 7 8 44 43 176 
27 7 8 242 43 83 176 
27 7 8 242 43 176 
93 27 73 7 8 242 74 43 176 
93 27 73 7 8 242 74 43 176 
27 7 8 242 43 176 
27 7 8 242 43 176 
27 7 8 44 43 176 
27 7 8 44 43 176 
27 7 8 44 43 176 
16 27 7 8 242 19 43 176 
27 7 8 242 43 176 
27 7 8 44 43 176 
27 7 8 44 43 176 
27 7 8 44 43 176 
27 7 8 44 43 176 
27 7 8 44 43 176 
27 7 8 44 43 176 
27 7 8 44 43 176 
27 7 8 44 43 176 
27 7 8 44 43 176 
27 7 8 44 43 176 
27 7 8 242 43 83 176 
93 27 73 7 8 242 74 43 176 
27 7 8 44 43 176 
27 7 8 44 43 176 
27 7 8 44 43 176 
27 7 8 44 43 176 
27 7 8 44 43 176 
27 7 8 44 43 176 
27 7 8 44 43 176 
27 7 8 44 43 176 
27 7 8 44 43 176 
27 7 8 44 43 176 
27 7 8 44 43 176 
27 7 8 44 43 176 
27 7 8 242 43 83 176 
27 7 8 242 43 176 
27 7 8 242 43 176 
27 7 8 242 43 83 176 
27 7 8 242 43 176 
27 7 8 242 43 176 
27 7 8 44 43 176 
27 7 8 242 43 176 
27 7 8 44 43 176 
93 27 73 7 8 242 74 43 176 
27 7 8 44 43 176 
27 7 8 242 43 176 
93 27 73 7 8 242 74 43 176 
27 184 7 8 44 46 43 48 176 
27 7 8 44 43 176 
27 7 8 44 43 176 
27 7 8 242 43 83 176 
27 7 8 44 43 176 
27 7 8 44 43 176 
27 7 8 44 43 176 
27 7 8 242 43 176 
27 7 8 44 43 176 
27 7 8 44 43 176 
27 7 8 44 43 176 
27 7 8 44 43 176 
27 7 8 44 43 176 
27 7 8 44 43 176 
27 7 8 44 43 176 
27 7 8 44 43 176 
27 7 8 44 43 176 
27 7 8 242 43 83 176 
27 7 8 44 43 176 
93 27 73 7 8 242 74 43 176 
27 7 8 44 43 83 176 
27 7 8 242 43 83 176 
93 27 73 7 8 242 74 43 176 
27 7 8 242 43 176 
27 7 8 44 43 176 
27 7 8 44 43 83 176 
27 7 8 44 43 83 176 
27 7 8 242 43 176 
27 7 8 44 43 176 
27 7 8 44 43 176 
27 7 8 242 43 176 
93 27 73 7 8 242 74 43 176 
93 27 73 7 8 242 74 43 176 
27 7 8 44 43 176 
27 7 8 44 43 176 
27 7 8 242 43 176 
27 7 8 44 43 176 
27 7 8 44 43 176 
27 7 8 44 43 176 
114 27 7 8 242 118 10 43 176 
27 7 8 44 43 176 
93 27 73 7 8 242 74 43 176 
27 7 8 44 43 83 176 
27 7 8 44 43 176 
27 7 8 44 43 176 
27 7 8 44 43 176 
27 7 8 44 43 176 
27 7 8 44 43 176 
27 7 8 44 43 176 
27 7 8 44 43 176 
27 7 8 44 43 176 
27 7 8 242 43 83 176 
27 7 8 44 43 176 
27 7 8 44 43 176 
93 27 73 7 8 242 74 43 176 
16 27 7 8 44 43 176 
27 7 8 242 43 83 176 
27 7 8 242 43 176 
27 7 8 242 43 83 176 
27 7 8 242 43 176 
27 7 8 242 43 176 
27 7 8 242 43 83 176 
27 7 8 44 43 176 
27 7 8 44 43 176 
27 7 8 242 43 83 176 
27 7 8 44 43 176 
27 7 8 44 43 176 
27 7 8 242 43 176 
27 7 8 44 43 176 
27 7 8 242 43 176 
27 7 8 242 43 176 
27 7 8 44 43 176 
27 7 8 44 43 176 
27 7 8 44 43 176 
16 27 17 7 8 44 70 43 176 
27 7 8 44 43 176 
27 7 8 44 43 176 
27 7 8 44 43 176 
32 16 27 17 7 8 44 33 43 176 
27 7 8 44 43 176 
27 7 8 242 43 83 176 
93 27 73 7 8 242 74 43 176 
27 7 8 44 43 176 
93 27 73 7 8 242 74 43 176 
27 7 8 44 43 176 
27 7 8 242 43 176 
27 7 8 44 43 176 
27 7 8 44 43 176 
27 7 8 44 43 176 
27 7 8 44 43 176 
93 27 73 7 8 242 74 43 176 
27 7 8 44 43 176 
27 7 8 44 43 176 
27 184 7 8 44 46 43 48 176 
93 27 73 7 8 242 74 43 176 
93 27 73 7 8 242 74 43 176 
27 7 8 242 43 83 176 
27 7 8 44 43 176 
32 16 27 17 7 8 44 33 43 176 
27 7 8 242 43 176 
27 7 8 44 43 176 
27 7 8 44 43 176 
27 7 8 44 43 176 
27 184 7 8 44 46 43 48 176 
93 27 73 7 8 242 74 43 176 
93 27 73 7 8 242 74 43 176 
27 7 8 242 43 83 176 
27 7 8 44 43 176 
27 7 8 44 43 176 
93 27 73 7 8 242 74 43 176 
27 7 8 44 43 176 
93 27 73 7 8 242 74 43 176 
27 7 8 44 43 176 
27 7 8 44 43 176 
16 27 7 8 44 43 176 
27 7 8 44 43 176 
27 7 8 242 43 176 
27 7 8 242 43 176 
27 7 8 242 43 176 
27 7 8 242 43 176 
27 7 8 242 43 176 
27 7 8 44 43 176 
27 7 8 242 43 176 
27 7 8 44 43 176 
27 7 8 44 43 176 
93 27 73 7 8 242 74 43 176 
27 7 8 44 43 176 
93 27 73 7 8 242 74 43 176 
27 7 8 44 43 176 
27 7 8 44 43 176 
27 7 8 44 43 176 
27 7 8 242 43 176 
27 7 8 44 43 176 
27 7 8 44 43 176 
27 7 8 44 43 176 
27 7 8 44 43 176 
27 7 8 44 43 176 
27 7 8 44 43 176 
27 184 7 8 44 46 43 48 176 
27 7 8 44 43 176 
27 7 8 44 43 176 
27 7 8 242 43 176 
93 27 73 7 8 242 74 43 176 
27 7 8 44 43 176 
27 181 42 7 8 43 176 
27 7 8 242 43 176 
27 7 8 44 43 176 
32 16 27 17 7 8 44 33 43 176 
27 7 8 44 43 176 
93 27 73 7 8 242 74 43 176 
27 7 8 44 43 176 
27 7 8 44 43 176 
27 7 8 44 43 176 
27 7 8 44 43 176 
16 27 17 7 8 242 62 43 176 
27 7 8 44 43 176 
27 7 8 44 43 176 
27 184 7 8 44 46 43 48 176 
27 7 8 44 43 176 
27 7 8 44 43 176 
27 7 8 44 43 176 
27 7 8 44 43 176 
27 7 8 44 43 176 
27 7 8 44 43 176 
27 7 8 44 43 176 
27 7 8 44 43 176 
27 7 8 44 43 176 
93 27 73 7 8 242 74 43 176 
27 7 8 44 43 176 
27 7 8 44 43 176 
27 7 8 44 43 176 
27 7 8 44 43 176 
27 7 8 242 43 176 
27 7 8 44 43 176 
93 27 73 7 8 44 74 43 176 
27 7 8 44 43 83 176 
27 7 8 242 43 176 
27 7 8 44 43 176 
93 27 73 7 8 242 74 43 176 
27 7 8 44 43 176 
27 7 8 44 43 176 
93 27 73 7 8 242 74 43 176 
27 7 8 242 43 176 
27 7 8 44 43 176 
27 7 8 44 43 176 
27 7 8 44 43 176 
27 7 8 44 43 176 
27 7 8 44 43 176 
27 7 8 44 43 176 
27 7 8 44 43 176 
27 7 8 242 43 83 176 
27 7 8 242 43 176 
27 7 8 242 43 176 
27 7 8 44 43 176 
27 7 8 44 43 176 
27 7 8 44 43 176 
27 7 8 44 43 176 
27 7 8 44 43 176 
27 7 8 44 43 176 
27 7 8 242 43 176 
27 7 8 242 43 176 
27 7 8 44 43 176 
93 27 73 7 8 242 74 43 176 
93 27 73 7 8 242 74 43 176 
27 7 8 242 43 176 
16 27 7 8 242 19 43 176 
27 7 8 44 43 176 
93 27 73 7 8 242 74 43 176 
27 7 8 44 43 176 
27 7 8 44 43 176 
27 7 8 44 43 176 
27 7 8 44 43 176 
93 27 73 7 8 44 74 43 176 
27 7 8 44 43 176 
27 7 8 44 43 176 
27 42 7 8 183 43 176 
93 27 73 7 8 242 74 43 176 
27 7 8 44 43 176 
27 184 7 8 44 46 43 48 176 
27 7 8 242 43 176 
27 7 8 44 43 176 
27 7 8 44 43 176 
27 7 8 44 43 176 
27 7 8 44 43 176 
27 7 8 44 43 176 
27 7 8 44 43 176 
27 7 8 44 43 176 
93 27 73 7 8 242 74 43 176 
27 184 7 8 44 46 43 48 176 
27 7 8 242 43 83 176 
93 27 73 7 8 242 74 43 176 
27 7 8 44 43 176 
27 7 8 242 43 176 
27 7 8 44 43 176 
27 7 8 44 43 176 
93 27 73 7 8 242 74 43 176 
27 7 8 242 43 176 
27 7 8 44 43 176 
27 7 8 44 43 176 
27 7 8 44 43 176 
93 27 73 7 8 242 74 43 176 
27 7 8 44 43 176 
27 7 8 44 43 176 
93 27 73 7 8 242 74 43 176 
27 7 8 242 43 176 
27 7 8 44 43 176 
27 7 8 242 43 176 
27 7 8 44 43 176 
27 7 8 44 43 176 
27 7 8 44 43 176 
27 7 8 242 43 176 
27 7 8 44 43 176 
27 7 8 44 43 176 
27 7 8 44 43 176 
27 7 8 44 43 176 
27 7 8 44 43 176 
27 7 8 242 43 176 
27 7 8 44 43 176 
27 7 8 44 43 176 
27 7 8 242 43 176 
27 7 8 44 43 176 
27 7 8 44 43 176 
93 27 73 7 8 242 74 43 176 
27 7 8 242 43 83 176 
27 7 8 242 43 83 176 
27 7 8 44 43 176 
27 7 8 44 43 176 
27 7 8 44 43 176 
93 27 73 7 8 242 74 43 176 
27 7 8 44 43 176 
27 7 8 44 43 176 
27 7 8 242 43 176 
27 7 8 44 43 176 
27 7 8 242 43 176 
93 27 73 7 8 242 74 43 176 
27 7 8 44 43 176 
27 184 7 8 44 46 43 48 176 
27 7 8 44 43 176 
27 7 8 44 43 176 
27 7 8 242 43 83 176 
27 7 8 44 43 176 
27 7 8 44 43 176 
27 7 8 44 43 176 
27 7 8 44 43 176 
32 16 27 17 7 8 44 33 43 176 
27 7 8 44 43 176 
27 7 8 44 43 176 
27 7 8 44 43 176 
27 7 8 44 43 176 
27 7 8 44 43 176 
27 7 8 44 43 176 
27 7 8 242 43 83 176 
27 7 8 44 43 176 
27 7 8 242 43 176 
27 7 8 44 43 176 
27 7 8 44 43 176 
27 7 8 44 43 176 
27 7 8 44 43 176 
27 7 8 44 43 176 
27 7 8 242 43 176 
27 7 8 44 43 176 
27 7 8 44 43 176 
27 7 8 44 43 176 
27 7 8 44 43 176 
27 7 8 44 43 176 
27 7 8 44 43 176 
27 7 8 242 43 176 
27 7 8 44 43 176 
27 7 8 44 43 176 
27 7 8 44 43 176 
27 7 8 44 43 176 
27 7 8 44 43 176 
27 7 8 44 43 176 
27 7 8 44 43 176 
27 7 8 44 43 176 
27 7 8 44 43 176 
27 7 8 44 43 176 
27 7 8 44 43 176 
27 7 8 44 43 176 
27 7 8 44 43 176 
27 7 8 44 43 176 
27 7 8 44 43 176 
27 7 8 44 43 176 
27 7 8 44 43 176 
27 7 8 44 43 176 
27 7 8 44 43 176 
27 7 8 242 43 176 
27 7 8 44 43 176 
27 7 8 44 43 176 
27 7 8 44 43 176 
27 7 8 44 43 176 
27 7 8 242 43 83 176 
27 7 8 44 43 176 
27 7 8 44 43 176 
27 7 8 44 43 176 
27 42 7 8 183 43 176 
27 7 8 44 15 43 176 
27 7 8 242 43 176 
27 7 8 242 43 83 176 
27 26 7 8 44 43 176 
27 7 8 44 43 176 
27 7 8 44 43 176 
27 7 8 44 43 176 
27 7 8 242 43 83 176 
27 7 8 44 43 176 
27 7 8 44 43 176 
27 7 8 44 43 176 
27 7 8 242 43 83 176 
27 7 8 44 43 176 
27 7 8 242 43 83 176 
93 27 73 7 8 242 74 43 176 
27 7 8 44 43 176 
27 7 8 44 43 176 
93 27 73 7 8 44 74 43 176 
27 7 8 44 43 176 
27 7 8 44 43 176 
27 7 8 242 43 176 
27 7 8 44 43 83 176 
27 7 8 44 43 176 
27 7 8 44 43 176 
27 7 8 44 43 176 
27 7 8 44 43 176 
27 7 8 44 43 176 
27 7 8 242 43 176 
93 27 73 7 8 242 74 43 176 
27 7 8 242 43 176 
27 7 8 44 43 176 
27 7 8 44 43 176 
27 7 8 44 43 176 
27 7 8 44 43 176 
27 7 8 44 43 176 
27 42 7 8 182 43 176 
27 7 8 242 43 83 176 
27 7 8 44 43 176 
27 42 7 8 183 43 176 
27 7 8 44 43 176 
27 7 8 44 43 176 
27 7 8 44 43 176 
27 7 8 44 43 176 
27 7 8 44 43 176 
27 7 8 44 43 176 
27 7 8 44 43 176 
27 7 8 242 43 176 
27 7 8 242 43 176 
27 7 8 44 43 176 
27 7 8 44 43 176 
27 7 8 44 43 176 
27 7 8 44 43 176 
27 42 7 8 183 43 176 
27 7 8 44 43 176 
27 7 8 44 43 176 
27 7 8 44 43 176 
27 7 8 44 43 176 
27 7 8 44 43 176 
27 7 8 44 43 176 
27 7 8 44 43 176 
27 7 8 44 43 176 
27 7 8 44 43 176 
27 7 8 44 43 176 
27 42 7 8 183 43 81 176 
27 7 8 242 43 83 176 
93 27 73 7 8 242 74 43 176 
27 7 8 44 43 176 
27 7 8 44 43 176 
27 7 8 44 43 176 
27 7 8 44 43 176 
27 7 8 242 43 83 176 
93 27 73 7 8 44 74 43 176 
27 7 8 242 43 176 
27 7 8 44 43 176 
27 7 8 44 43 176 
27 7 8 44 43 176 
27 7 8 44 43 176 
27 7 8 44 43 176 
27 7 8 44 43 176 
27 7 8 44 43 176 
27 7 8 44 43 176 
27 7 8 44 43 176 
27 7 8 44 43 176 
27 7 8 44 43 176 
27 7 8 242 43 83 176 
27 7 160 8 34 242 15 171 43 176 
27 42 7 8 183 43 176 
93 27 73 7 8 242 74 43 176 
27 7 8 44 43 176 
27 42 7 8 183 43 176 
27 7 8 44 43 176 
27 7 8 44 43 176 
27 7 8 44 43 176 
27 7 8 44 43 176 
27 7 8 44 43 176 
27 7 8 44 43 176 
27 7 8 44 43 176 
27 7 8 44 43 176 
27 7 8 44 43 176 
27 7 8 44 43 176 
27 7 8 44 43 176 
27 7 8 44 43 176 
27 7 8 44 43 176 
27 7 8 44 43 176 
16 27 7 8 242 19 43 176 
27 7 8 44 43 176 
27 7 8 44 43 176 
27 7 8 44 43 176 
27 7 8 44 43 176 
27 7 8 44 43 176 
27 7 8 44 43 176 
27 7 8 44 43 176 
27 7 8 44 43 176 
27 7 8 44 43 176 
27 7 8 44 43 176 
27 7 8 44 43 176 
27 7 8 242 43 83 176 
27 7 8 44 43 176 
27 7 8 242 43 176 
27 7 8 44 43 176 
93 27 73 7 8 242 74 43 176 
27 7 8 44 43 176 
27 7 8 44 43 176 
27 7 8 44 43 176 
93 27 73 7 8 242 74 43 176 
27 7 8 44 43 176 
27 7 8 44 43 176 
27 7 8 242 43 83 176 
27 7 8 44 43 176 
93 27 73 7 8 44 74 43 176 
27 42 7 8 183 43 176 
27 7 8 242 43 176 
27 7 8 44 43 176 
27 7 8 242 43 176 
27 7 8 44 43 176 
27 7 8 242 43 83 176 
27 7 8 44 43 176 
27 7 8 44 43 83 176 
27 7 8 44 43 176 
27 7 8 44 43 176 
27 7 8 44 43 176 
27 7 8 44 43 176 
27 7 8 44 43 176 
27 7 8 44 43 176 
27 7 8 44 43 176 
27 7 8 44 43 176 
27 7 8 44 43 176 
27 7 8 44 43 176 
27 7 8 44 43 176 
27 7 8 44 43 176 
27 7 8 44 43 176 
27 7 8 44 43 176 
27 42 7 8 183 43 176 
27 7 8 44 43 176 
27 7 8 44 43 176 
27 7 8 44 43 176 
27 7 8 44 43 176 
27 7 8 44 43 176 
32 16 27 17 7 8 242 33 43 176 
16 27 7 8 242 19 43 176 
27 7 8 44 43 176 
27 7 8 44 43 176 
27 7 8 242 43 83 176 
27 7 8 44 43 83 176 
27 7 8 44 43 176 
27 7 8 44 43 176 
27 7 8 44 43 176 
27 7 8 44 43 176 
32 16 27 17 7 8 242 33 43 176 
27 7 8 44 43 176 
27 7 8 242 43 176 
16 27 17 7 8 242 62 43 176 
32 16 27 17 7 8 44 33 43 176 
27 7 8 242 43 83 176 
27 42 7 8 183 43 176 
27 7 8 44 43 176 
27 7 8 242 43 176 
27 7 8 242 43 83 176 
93 27 73 7 8 242 74 43 176 
27 7 8 44 43 176 
27 7 8 44 43 176 
27 7 8 44 43 176 
27 7 8 44 43 176 
27 7 8 44 43 176 
27 7 8 44 43 176 
27 7 8 44 43 176 
27 7 8 44 43 176 
27 7 8 44 43 176 
27 7 8 44 43 176 
27 7 8 44 43 83 176 
27 7 8 44 43 176 
27 7 8 242 43 176 
27 7 8 44 43 176 
27 7 8 242 43 83 176 
27 7 8 44 43 176 
93 27 73 7 8 242 74 43 176 
27 7 8 44 43 176 
93 27 73 7 8 242 74 43 176 
27 7 8 242 43 176 
27 7 8 44 43 176 
27 7 8 44 43 176 
27 7 8 44 43 176 
27 7 8 44 43 176 
27 181 42 7 8 43 176 
27 7 8 44 43 176 
27 7 8 44 43 176 
27 7 8 44 43 176 
16 27 7 8 242 19 43 176 
27 7 8 242 43 83 176 
93 27 73 7 8 242 74 43 176 
27 7 8 44 43 176 
27 7 8 44 43 176 
27 7 8 44 43 176 
27 7 8 44 43 176 
27 7 8 44 43 176 
27 7 8 44 43 176 
27 7 8 44 43 176 
27 7 8 44 43 176 
27 7 8 44 43 176 
27 7 8 44 43 176 
27 7 8 44 43 176 
27 7 8 44 43 176 
27 7 8 44 43 176 
27 7 8 44 43 176 
27 7 8 242 43 176 
27 7 8 44 43 176 
27 7 8 44 43 176 
93 27 73 7 8 242 74 43 176 
27 7 8 44 43 176 
27 7 8 44 43 176 
27 7 8 44 43 176 
32 16 27 17 7 8 44 33 43 176 
27 7 8 44 43 176 
27 7 8 242 43 83 176 
27 7 8 242 43 83 176 
27 7 8 44 43 176 
27 7 8 242 43 176 
27 7 8 242 43 176 
27 7 8 242 43 176 
27 7 8 44 43 176 
27 7 8 44 43 176 
27 184 7 8 44 46 43 48 176 
27 7 8 44 43 176 
27 7 8 44 43 176 
27 7 8 44 43 176 
27 7 8 44 43 176 
27 7 8 44 43 176 
27 7 8 44 43 176 
27 7 8 44 43 176 
27 7 8 44 43 176 
27 7 8 44 43 176 
27 7 8 44 43 176 
27 7 8 44 43 176 
27 7 8 242 43 83 176 
27 7 8 44 43 176 
27 7 8 44 43 176 
27 7 8 44 43 176 
27 7 8 44 43 176 
27 7 8 44 43 176 
27 7 8 44 43 176 
27 7 8 44 43 176 
27 7 8 44 43 176 
27 7 8 44 43 176 
27 7 8 44 43 176 
27 7 8 44 43 176 
27 7 8 44 43 176 
27 7 8 242 43 176 
16 27 7 8 102 44 19 103 43 176 
32 16 27 17 7 8 44 33 43 176 
32 16 27 17 7 8 242 33 43 176 
27 7 8 44 43 176 
27 7 8 44 43 176 
27 7 8 242 43 83 176 
27 7 8 242 43 176 
32 16 27 17 7 8 44 33 43 176 
27 7 8 44 43 176 
27 7 8 44 43 176 
32 16 27 17 7 8 44 33 43 176 
27 7 8 44 43 176 
27 7 8 242 43 83 176 
27 7 8 44 43 176 
27 7 8 44 43 176 
27 7 8 44 43 176 
93 27 73 7 8 44 74 43 176 
27 7 8 44 43 176 
27 7 8 44 43 176 
27 7 8 44 43 176 
27 7 8 44 43 176 
16 27 7 8 242 43 176 
27 7 8 44 43 176 
27 7 8 44 43 176 
27 42 7 8 183 43 176 
27 7 8 242 43 83 176 
27 7 8 242 43 83 176 
27 7 8 44 43 176 
27 7 8 44 43 176 
27 7 8 44 43 176 
27 7 8 44 43 176 
32 16 27 17 7 8 44 33 43 176 
32 16 27 17 7 8 44 33 43 176 
27 7 8 242 43 83 176 
27 7 8 242 43 176 
27 7 8 44 43 176 
27 181 42 7 8 43 176 
27 7 8 242 43 176 
27 7 8 242 43 176 
27 7 8 242 43 176 
27 7 8 44 43 176 
27 7 8 44 43 176 
32 16 27 17 7 8 44 33 43 176 
27 7 8 44 43 176 
27 7 8 44 43 176 
27 7 8 44 43 176 
27 7 8 44 43 176 
27 42 7 8 183 43 176 
27 42 7 8 183 43 176 
27 7 8 44 43 176 
27 7 8 44 43 176 
93 27 73 7 8 242 74 43 176 
27 7 8 44 43 176 
27 42 7 8 183 43 176 
27 7 8 242 43 176 
27 7 8 242 43 176 
32 16 27 17 7 8 44 33 43 176 
27 42 7 8 182 43 176 
93 27 73 7 8 242 74 43 176 
27 7 8 44 43 176 
27 7 8 44 43 176 
27 7 8 44 43 176 
27 7 8 44 43 176 
27 7 8 242 43 176 
93 27 73 7 8 242 74 43 176 
16 27 7 8 242 43 176 
27 7 8 242 43 176 
27 7 8 44 43 176 
27 7 8 242 43 83 176 
27 7 8 44 43 176 
27 7 8 242 43 83 176 
32 16 27 17 7 8 44 33 43 176 
27 7 8 44 43 176 
27 181 42 7 8 43 176 
27 7 8 242 43 176 
27 7 8 242 43 176 
27 7 8 242 43 83 176 
27 7 8 242 43 83 176 
16 27 17 7 8 242 62 43 176 
16 27 17 7 8 242 62 43 176 
93 27 73 7 8 44 74 43 176 
27 7 8 44 43 176 
93 27 73 7 8 242 74 43 176 
27 7 8 44 43 176 
27 7 8 44 43 176 
27 7 8 242 43 176 
27 7 8 242 43 176 
27 7 8 44 43 176 
27 7 8 44 43 176 
93 27 73 7 8 242 74 43 176 
27 7 8 44 43 176 
27 7 8 242 43 176 
27 7 8 44 43 176 
93 27 73 7 8 242 74 43 176 
27 7 8 242 43 176 
27 7 8 242 43 176 
27 7 8 242 43 176 
27 7 8 44 43 176 
27 7 8 44 43 176 
93 27 73 7 8 242 74 43 176 
27 7 8 242 43 176 
27 7 8 242 43 176 
27 7 8 44 43 176 
27 7 8 44 43 176 
27 7 8 44 43 176 
16 27 17 7 8 242 62 43 176 
27 7 8 242 43 176 
27 7 8 44 43 83 176 
27 7 8 44 43 176 
27 7 8 242 43 176 
27 7 8 44 43 176 
27 7 8 44 43 176 
27 7 8 44 43 176 
27 7 8 44 43 176 
93 27 73 7 8 242 74 43 176 
27 7 8 242 43 176 
27 7 8 242 43 176 
27 7 8 242 43 83 176 
27 26 7 8 242 43 176 
27 7 8 242 43 176 
32 16 27 17 7 8 242 33 43 176 
27 7 8 44 43 176 
27 7 8 44 43 176 
27 7 8 44 43 176 
27 7 8 44 43 176 
27 7 8 44 43 176 
27 7 8 44 43 176 
27 7 8 44 43 176 
27 7 8 44 43 176 
27 7 8 44 43 176 
93 27 73 7 8 242 74 43 176 
27 7 8 242 43 176 
16 27 17 7 8 242 70 43 176 
27 7 8 242 43 83 176 
93 27 73 7 8 242 74 43 176 
27 7 8 44 43 83 176 
27 7 8 242 43 176 
27 7 8 44 43 176 
27 7 8 44 43 176 
27 7 8 242 43 176 
27 7 8 44 43 176 
27 7 8 44 43 176 
16 27 17 7 8 44 62 43 176 
27 7 8 44 43 176 
27 7 8 242 43 176 
27 7 8 242 43 176 
27 7 8 242 43 176 
27 7 8 44 43 176 
27 7 8 242 43 176 
93 27 73 7 8 242 74 43 176 
93 27 73 7 8 242 74 43 176 
27 7 8 242 43 176 
27 7 8 242 43 176 
93 27 73 7 8 242 74 43 176 
27 7 8 242 43 176 
27 7 8 242 43 176 
93 27 73 7 8 242 74 43 176 
32 16 27 17 7 8 44 33 43 176 
93 27 73 7 8 242 74 43 176 
27 26 7 8 44 43 176 
27 7 8 44 43 176 
27 7 8 242 43 176 
27 184 7 8 44 46 43 48 176 
27 7 8 44 43 176 
93 27 73 7 8 242 74 43 176 
16 27 17 7 8 44 62 43 176 
27 7 8 44 43 176 
27 7 8 44 43 176 
27 7 8 44 43 176 
27 7 8 44 43 176 
27 7 8 44 43 176 
27 7 8 242 43 83 176 
27 7 8 44 43 176 
93 27 73 7 8 242 74 43 176 
27 7 8 44 43 176 
27 7 8 44 43 176 
27 7 8 44 43 176 
27 7 8 44 43 176 
27 7 8 44 43 176 
27 7 8 44 43 176 
27 7 8 44 43 176 
27 7 8 44 43 176 
27 7 8 44 43 176 
27 7 8 44 43 176 
27 7 8 44 43 176 
27 7 8 44 43 176 
27 7 8 44 43 176 
27 7 8 44 43 176 
27 7 8 44 43 176 
32 16 27 17 7 8 44 33 43 176 
27 7 8 242 43 83 176 
27 7 8 44 43 176 
27 7 8 242 43 176 
27 7 8 242 43 83 176 
27 7 8 44 43 176 
27 7 8 44 43 176 
27 7 8 44 43 176 
27 7 8 44 43 176 
27 7 8 242 43 176 
27 7 8 242 43 83 176 
27 7 8 242 43 83 176 
27 7 8 44 43 176 
27 7 8 44 43 176 
27 7 8 242 43 176 
32 16 27 17 7 8 242 33 43 176 
27 7 8 242 43 176 
27 7 8 242 43 83 176 
27 7 8 44 43 176 
27 7 8 44 43 176 
27 7 8 242 43 83 176 
27 7 8 242 43 176 
32 16 27 17 7 8 242 33 43 176 
27 7 8 242 43 176 
32 16 27 17 7 8 242 33 43 176 
27 7 8 44 43 176 
16 27 17 7 8 242 62 43 176 
27 7 8 44 43 176 
27 7 8 44 43 176 
27 7 8 242 43 176 
27 7 8 44 43 176 
93 27 73 7 8 242 74 43 176 
27 7 8 242 43 176 
27 7 8 242 43 176 
27 7 8 182 176 
27 7 8 242 43 176 
27 7 8 44 43 176 
27 7 8 44 43 176 
27 7 8 44 43 176 
32 16 27 17 7 8 44 33 43 176 
27 7 8 44 43 176 
27 7 8 44 246 43 176 
27 7 8 44 43 176 
27 7 8 242 43 176 
27 7 8 44 43 176 
27 7 8 44 43 176 
27 7 8 44 43 176 
27 7 8 44 43 176 
27 7 8 44 43 176 
27 7 8 44 43 176 
27 7 8 44 43 176 
27 7 8 44 43 176 
27 7 8 242 43 176 
27 7 8 44 43 176 
27 7 8 242 3 163 43 176 
27 7 8 242 43 176 
27 7 8 44 43 176 
32 16 27 17 7 8 44 33 43 176 
27 7 8 242 43 176 
27 7 8 242 43 176 
27 7 8 242 43 176 
27 7 8 242 43 176 
27 7 8 242 43 176 
27 7 8 44 43 176 
27 7 8 242 43 176 
32 16 27 17 7 8 242 33 43 176 
27 7 8 242 295 46 43 48 176 
93 27 73 7 8 242 74 43 176 
27 7 8 242 43 176 
93 27 73 7 8 242 74 43 176 
27 7 8 242 43 176 
93 27 73 7 8 242 74 43 176 
27 7 8 242 43 176 
27 7 8 242 43 176 
27 7 8 242 43 176 
27 7 8 242 43 176 
27 7 8 44 43 176 
27 7 8 242 43 83 176 
27 7 8 242 43 176 
27 7 8 242 43 83 176 
93 27 73 7 8 242 74 43 176 
27 7 8 44 43 176 
27 7 8 242 43 176 
27 7 8 242 43 83 176 
27 7 8 242 43 176 
27 7 8 44 43 176 
27 7 8 44 43 176 
27 7 8 44 43 176 
27 7 8 44 43 176 
27 7 8 44 43 176 
27 7 8 44 43 176 
27 7 8 44 43 176 
27 7 8 44 43 83 176 
27 7 8 44 43 176 
93 27 73 7 8 242 74 43 176 
93 27 73 7 8 242 74 43 176 
27 7 8 242 43 176 
27 7 8 242 43 83 176 
27 7 8 242 43 176 
27 7 8 44 43 176 
27 7 8 242 43 176 
27 7 8 242 43 176 
93 27 73 7 8 242 74 43 176 
27 7 8 242 43 176 
27 7 8 242 43 176 
27 7 8 44 43 176 
27 7 8 44 43 176 
27 7 8 44 43 176 
27 7 8 242 43 176 
27 7 8 44 43 176 
27 7 8 44 43 176 
27 7 8 242 15 43 82 176 
27 7 8 242 43 176 
27 42 7 8 183 9 10 43 176 
27 7 8 44 43 176 
27 7 8 242 43 83 176 
27 7 8 242 43 176 
27 7 8 242 43 176 
27 7 8 242 43 83 176 
27 7 8 44 43 176 
27 7 8 242 43 176 
27 7 8 242 43 176 
27 7 8 242 43 176 
27 7 8 242 43 176 
27 7 8 242 43 176 
27 7 8 242 43 83 176 
27 7 8 242 43 176 
27 7 8 242 43 83 176 
27 7 8 44 43 176 
32 16 27 17 7 8 242 33 43 176 
27 7 8 242 43 176 
27 7 8 44 43 176 
32 16 27 17 7 8 242 33 43 176 
27 7 8 44 43 176 
27 7 8 44 43 176 
27 7 8 242 43 83 176 
27 7 8 242 43 83 176 
27 7 8 242 43 176 
27 7 8 44 43 176 
27 7 8 44 43 176 
27 7 8 242 43 176 
27 7 8 242 43 176 
27 7 8 242 43 83 176 
27 7 8 242 43 176 
27 7 8 242 43 176 
27 7 8 242 43 176 
27 7 8 44 43 176 
27 7 8 44 43 176 
27 181 42 7 8 43 176 
27 7 8 44 43 176 
27 7 8 242 43 176 
27 7 8 44 43 176 
27 7 8 242 43 176 
27 7 8 242 43 176 
27 7 8 242 43 176 
27 7 8 242 43 176 
27 7 8 44 43 176 
27 7 8 44 43 176 
27 7 8 242 43 176 
27 7 8 44 43 176 
93 27 73 7 8 242 74 43 176 
27 7 8 44 43 176 
32 16 27 17 7 8 44 33 43 176 
27 30 7 31 8 242 43 176 
27 7 8 242 43 176 
27 7 8 242 43 176 
27 7 8 44 43 176 
27 7 8 44 43 176 
27 7 8 44 43 176 
27 7 8 44 43 176 
27 7 8 242 43 176 
27 7 8 44 43 176 
93 27 73 7 8 242 74 43 176 
27 7 8 44 43 176 
32 16 27 17 7 8 242 33 43 176 
27 7 8 242 43 83 176 
16 27 7 8 242 37 19 228 43 176 
27 7 8 44 43 176 
27 7 8 44 43 176 
93 27 73 7 8 242 74 43 176 
27 7 8 44 43 176 
27 7 8 242 43 176 
27 7 8 44 43 83 176 
27 7 8 44 43 176 
93 27 73 7 8 242 74 43 176 
93 27 73 7 8 242 74 43 176 
27 7 8 242 43 176 
27 7 8 44 43 176 
27 7 8 242 43 176 
32 16 27 17 7 8 44 33 43 176 
32 16 27 17 7 8 44 33 43 176 
32 16 27 17 7 8 242 33 43 176 
32 16 27 17 7 8 242 33 43 176 
27 7 8 44 43 176 
27 7 8 242 43 83 176 
27 7 8 242 43 83 176 
27 7 8 44 43 176 
27 7 8 44 43 176 
32 16 27 17 7 8 242 33 43 176 
27 7 8 242 43 176 
27 7 8 242 43 176 
27 7 8 242 43 176 
27 7 8 242 43 176 
27 7 8 242 43 176 
93 27 73 7 8 44 74 43 176 
27 7 8 44 43 176 
27 7 8 242 43 176 
27 7 8 44 43 176 
27 7 8 44 43 176 
27 7 8 44 43 176 
27 7 8 44 43 176 
32 16 27 17 7 8 242 33 43 176 
27 7 8 242 43 176 
27 7 8 44 43 176 
27 7 8 242 43 176 
27 7 8 242 246 43 176 
27 7 8 44 43 176 
27 7 8 242 28 23 24 43 176 
27 7 8 242 43 176 
27 7 8 242 43 176 
27 7 8 44 43 83 176 
93 27 73 7 8 242 74 43 176 
27 7 8 242 43 176 
27 7 8 242 43 176 
27 7 8 242 43 176 
32 16 27 17 7 8 44 33 43 176 
27 7 8 242 43 176 
93 27 73 7 8 242 74 43 176 
93 27 73 7 8 242 74 43 176 
27 7 8 242 43 176 
16 27 17 7 8 44 62 43 176 
27 7 8 242 43 176 
27 7 8 44 43 176 
27 7 8 242 43 176 
27 7 8 44 43 176 
27 7 8 242 43 176 
27 7 8 242 43 176 
16 27 17 7 8 242 62 43 176 
27 7 8 242 43 176 
27 7 8 242 43 176 
27 7 8 242 43 176 
27 7 8 242 43 176 
27 7 8 242 43 176 
27 7 8 242 43 176 
16 27 7 8 242 19 43 176 
93 27 73 7 8 242 74 43 176 
27 7 8 44 43 176 
27 7 8 242 43 176 
32 16 27 17 7 8 44 33 43 176 
27 7 8 44 43 176 
27 7 8 44 43 176 