27 181 42 7 8 43 176 
27 42 7 8 183 43 176 
27 42 7 8 183 43 176 
27 26 42 7 8 420 43 176 
27 42 7 8 420 43 176 
27 42 7 8 420 43 176 
27 42 7 8 420 43 176 
27 42 7 8 420 43 176 
27 42 7 8 420 43 176 
27 42 7 8 420 43 176 
27 42 7 8 420 43 176 
27 42 7 8 420 43 176 
27 181 42 7 8 43 176 
27 42 7 8 182 43 176 
27 42 7 8 182 43 176 
27 42 7 8 420 43 176 
27 181 42 7 8 43 176 
27 42 7 8 183 43 176 
27 181 42 7 8 43 176 
27 42 7 8 183 43 176 
27 181 42 7 8 43 176 
27 181 42 7 8 43 176 
27 181 42 7 8 43 176 
27 181 42 7 8 43 176 
27 181 42 7 8 43 176 
27 181 42 7 8 43 176 
27 42 7 8 183 43 176 
27 42 7 8 183 43 176 
27 42 7 8 183 43 176 
27 42 7 8 183 43 176 
27 181 42 7 8 43 176 
27 181 42 7 8 43 176 
27 42 7 8 183 43 176 
27 42 7 8 183 43 176 
27 42 7 8 183 43 176 
27 42 7 8 183 43 176 
27 42 7 8 183 43 176 
27 42 7 8 183 43 176 
27 181 42 7 8 43 176 
27 42 7 8 183 43 176 
27 42 7 8 183 43 176 
27 42 7 8 183 43 176 
27 42 7 8 183 43 176 
27 42 7 8 183 43 176 
27 42 7 8 183 43 81 176 
27 42 7 8 183 43 176 
27 42 7 8 183 43 176 
27 42 7 8 183 43 176 
27 181 42 7 8 43 176 
27 42 7 8 182 43 176 
27 42 7 8 183 43 176 
27 181 42 7 8 43 176 
27 42 7 8 183 43 176 
27 42 7 8 182 43 176 
27 181 42 7 8 43 176 
27 42 7 8 183 43 176 
27 7 8 182 176 
27 42 7 8 183 43 176 
27 181 42 7 8 43 176 
27 42 7 8 183 9 10 43 176 