27 7 8 242 43 331 
27 7 8 242 43 83 331 
27 7 8 242 43 331 
27 7 8 242 43 331 
27 7 8 242 43 331 
27 7 8 242 43 331 
27 7 8 242 43 331 
16 27 17 7 8 242 70 43 331 
27 7 8 242 43 331 
27 7 8 242 43 331 
16 27 7 8 242 43 331 
27 7 8 242 43 331 
27 7 8 242 43 331 
93 27 73 7 8 242 74 43 331 
27 7 8 242 43 331 
27 7 8 242 43 331 
27 7 8 242 43 331 
27 7 8 242 43 331 
27 7 8 242 43 331 
27 7 8 242 43 331 
93 27 73 7 8 242 74 43 331 
27 7 8 242 43 331 
27 7 8 242 43 331 
16 27 7 8 242 196 37 19 43 331 
27 7 8 242 43 331 
27 7 8 242 43 331 
27 7 8 242 43 331 
32 16 27 17 7 8 242 33 43 331 
27 7 8 242 71 43 331 
27 7 8 242 43 331 
27 7 8 242 43 331 
27 7 8 242 43 331 
27 7 8 242 43 83 331 
27 7 8 242 43 331 
27 7 8 242 43 331 
27 7 8 242 43 331 
93 27 73 7 8 242 74 43 331 
93 27 73 7 8 242 74 43 331 
27 7 8 242 43 331 
27 7 8 242 43 331 
16 27 7 8 242 43 331 
27 7 8 242 43 331 
16 27 7 8 242 19 43 331 
27 7 8 242 43 83 331 
27 7 8 242 43 83 331 
27 7 8 242 43 83 331 
27 7 8 242 43 331 
27 7 8 242 43 331 
27 7 8 242 43 331 
27 7 8 242 43 83 331 
27 7 8 242 43 331 
93 27 73 7 8 242 74 43 331 
93 27 73 7 8 242 74 43 331 
27 7 8 242 43 331 
27 7 8 242 43 331 
27 7 8 242 43 83 331 
93 27 73 7 8 242 74 43 331 
27 7 8 242 43 83 331 
93 27 73 7 8 242 74 43 331 
93 27 73 7 8 242 74 43 331 
27 7 8 242 43 83 331 
93 27 73 7 8 242 74 43 331 
93 27 73 7 8 242 74 43 331 
93 27 73 7 8 242 74 43 331 
93 27 73 7 8 242 74 43 331 
27 7 8 242 43 331 
27 7 8 242 43 331 
27 7 8 242 43 83 331 