258 34 15 2 
258 34 15 2 
258 34 15 2 
258 34 15 2 
258 34 15 147 2 
258 34 15 147 2 
258 34 15 147 2 
258 34 15 2 
258 34 15 2 
258 34 15 2 
258 34 15 2 
258 34 15 2 
258 34 15 147 2 
258 34 15 2 
258 34 15 2 
258 34 15 2 
258 34 15 2 
258 34 15 147 2 
258 34 15 2 
258 34 15 2 
16 258 34 19 15 2 
258 34 15 2 
258 34 15 2 
258 34 15 2 
258 34 15 2 
258 34 15 2 
258 34 15 2 
258 34 15 2 
258 34 15 2 
258 34 15 35 2 
258 34 15 2 
258 34 15 2 
258 34 15 147 2 
258 34 15 147 2 
258 34 15 147 2 
258 34 15 2 
258 34 15 2 
258 34 15 2 
258 34 15 2 
258 34 15 2 
258 34 15 2 
258 34 15 2 
258 34 15 2 
258 34 15 2 
258 34 15 2 
258 34 15 2 
258 34 15 2 
258 34 15 2 
258 34 15 2 
258 34 15 2 
258 34 15 2 
258 34 15 2 
258 34 15 2 
258 34 15 2 
258 34 15 2 
258 34 15 2 
258 34 15 2 
258 34 15 2 
258 34 15 2 
258 34 15 2 