16 17 101 122 128 
16 17 101 122 128 
16 17 101 122 128 
16 17 101 122 19 128 
16 17 101 122 128 
16 17 101 122 128 
16 17 101 122 128 
16 17 101 122 128 
16 17 101 122 62 128 
16 17 101 122 128 
16 17 101 122 128 
16 17 101 122 128 
16 17 101 122 128 
16 100 17 101 122 128 
16 17 101 122 128 
16 17 101 122 128 
16 17 101 122 128 
16 17 101 122 128 
16 17 101 122 128 
16 17 101 122 128 
16 17 101 122 128 
16 17 101 122 128 
16 17 101 122 128 
16 13 17 101 122 14 15 128 
16 17 101 122 128 
16 17 101 122 128 
16 17 101 122 128 
16 17 101 122 128 
16 17 101 122 128 
16 100 17 101 122 128 
16 17 101 122 128 
16 17 101 122 128 
16 17 101 122 128 
16 17 101 122 128 
16 100 17 101 122 128 
16 17 101 122 128 
16 17 101 122 128 
16 17 101 122 128 
16 17 101 122 128 
16 17 101 122 128 
16 17 101 122 128 
16 17 101 122 128 
16 17 101 122 128 
16 17 101 122 128 
16 17 101 122 128 
16 100 17 101 122 128 
16 17 101 122 128 
16 17 101 122 128 
16 17 101 122 128 
16 17 101 122 128 
16 17 101 122 128 
16 17 101 122 128 
16 17 101 122 128 
16 100 17 101 122 128 
16 17 101 122 128 
16 100 17 101 122 128 
16 17 101 122 128 
16 17 101 122 128 
16 17 101 122 128 
16 100 17 101 122 128 
16 17 101 122 128 
16 17 101 122 128 
16 17 101 122 128 
16 17 101 122 128 
16 17 101 122 128 
16 17 101 122 128 
16 17 101 122 128 
16 17 101 122 128 
16 17 101 122 128 
16 17 101 122 128 
16 17 101 122 128 
16 17 101 122 128 
16 17 101 122 128 
16 17 101 122 128 
16 17 101 122 128 
16 17 101 122 128 
16 17 101 122 128 
16 17 101 122 128 
16 17 101 122 128 
16 17 101 122 128 
16 17 101 122 128 
16 17 101 122 128 
16 17 101 122 128 
16 17 101 122 128 
16 17 101 122 128 
16 17 101 122 128 
16 17 101 122 128 
16 17 101 122 128 
16 17 101 122 128 
16 17 101 122 128 
16 17 101 122 128 
16 17 101 122 128 
16 17 101 122 128 
16 17 101 122 128 
16 17 101 122 128 
16 17 101 122 128 
16 17 101 122 128 
16 17 101 122 128 
16 17 101 122 128 
16 17 101 122 128 
16 17 101 122 128 
16 17 101 122 128 
16 17 101 122 19 128 
16 17 101 122 128 
16 17 101 122 128 
16 26 27 17 7 101 122 128 
16 17 101 122 128 
16 17 101 122 128 
16 17 101 122 128 
16 17 101 122 128 
16 17 101 122 128 
16 17 101 122 128 
16 17 101 122 128 
16 17 101 122 128 
16 17 101 122 128 
16 100 17 101 122 128 
16 17 101 122 128 
16 17 101 122 128 
16 17 101 122 128 
16 17 101 122 128 
16 17 101 122 128 
16 17 101 122 128 
16 100 17 101 122 128 
16 17 101 122 128 
16 17 101 122 128 
16 17 101 122 128 
16 17 101 122 128 
16 17 101 122 128 
16 17 101 122 128 
16 17 101 122 128 
16 17 101 122 128 
16 17 101 122 128 
16 17 101 122 128 
16 17 101 122 128 
16 17 101 122 128 
16 17 101 122 128 
16 17 101 122 128 
16 17 101 122 128 
16 17 101 122 128 
16 17 101 122 128 
16 17 101 122 128 
16 17 101 122 128 
16 17 101 122 128 
16 17 101 122 128 
16 17 101 122 128 
16 17 101 122 128 
16 17 101 122 128 
16 17 101 122 128 
16 17 101 122 128 
16 17 101 122 128 
16 17 101 122 128 
16 17 101 122 128 
16 17 101 122 128 
16 17 101 122 128 
16 17 101 122 128 
16 26 27 17 7 101 122 124 128 
16 17 101 122 128 
16 17 101 122 128 
16 17 101 122 128 
16 17 101 122 128 
16 17 101 122 128 
16 17 101 122 128 
16 17 101 122 128 
16 17 101 122 128 
16 17 101 122 128 
16 17 101 122 128 
16 17 101 122 128 
16 17 101 122 128 
16 17 101 122 128 
16 17 101 122 128 
16 17 101 122 128 
16 17 101 122 128 
16 17 101 122 128 
16 17 101 122 128 
16 17 101 122 128 
16 17 101 122 128 
16 17 101 122 128 
16 17 101 122 128 
16 17 101 122 128 
16 17 101 122 128 
16 17 101 122 128 
16 17 101 122 128 
16 17 101 122 128 
16 17 101 122 128 
16 17 101 122 128 
16 17 101 122 128 
16 17 101 122 128 
16 17 101 122 128 
16 17 101 122 128 
16 17 101 122 128 
16 17 101 122 128 
16 17 101 122 128 
16 17 101 122 128 
16 17 101 122 128 
16 17 101 122 128 
16 17 101 122 128 
16 17 101 122 128 
16 17 101 122 128 
16 17 101 122 128 
16 17 101 122 19 128 
16 17 101 122 128 
16 17 101 122 128 
16 17 101 122 128 
16 17 101 122 128 
16 17 101 122 128 
16 17 101 122 128 
16 17 101 122 128 
16 17 101 122 128 
16 17 101 122 128 
16 17 101 122 128 
16 17 101 122 128 
16 17 101 122 128 
16 17 101 122 128 
16 17 101 122 128 
16 17 101 122 128 
16 17 101 122 128 
16 17 101 122 128 
16 17 101 122 128 
16 17 101 122 128 
16 17 101 122 128 
16 17 101 122 128 
16 17 101 122 128 
16 17 101 122 128 
16 100 17 101 122 128 
16 17 101 122 19 128 
16 17 101 122 128 
16 17 101 122 128 
16 17 101 122 128 
16 17 101 122 128 
16 17 101 122 128 
16 17 101 122 128 
16 17 101 122 128 
16 17 101 122 128 
16 17 101 122 128 
16 17 101 122 128 
16 100 17 101 122 128 
16 17 101 122 128 
16 17 101 122 128 
16 17 101 122 128 
16 17 101 122 128 
16 100 17 101 122 128 
16 17 101 122 128 
16 17 101 122 128 
16 17 101 122 128 
16 17 101 122 128 
16 17 101 122 128 
16 17 101 122 128 
16 17 101 122 128 
16 17 101 122 128 
16 17 101 122 128 
16 17 101 122 128 
16 17 101 122 128 
16 17 101 122 128 
16 17 101 122 128 
16 17 101 122 128 
16 17 101 122 128 
16 17 101 122 128 
16 17 101 122 128 
16 17 101 122 128 
16 17 101 122 128 
16 100 17 101 122 128 
16 17 101 122 128 
16 13 17 101 122 14 15 128 
16 17 101 122 128 
16 17 101 122 128 
16 17 101 122 19 128 
16 17 101 122 128 
16 17 101 122 128 
16 17 101 122 128 
16 17 101 122 128 
16 17 101 122 128 
16 17 101 122 128 
16 17 101 122 128 
16 17 101 122 128 
16 17 101 122 128 
16 17 101 122 128 
16 17 101 122 128 
16 17 101 122 128 
16 17 101 122 128 
16 17 101 122 128 
16 17 101 122 128 
16 17 101 122 128 
16 100 17 101 122 128 
16 17 101 122 128 
16 17 101 122 62 128 
16 32 17 101 122 33 128 
16 17 101 122 128 
16 17 101 122 128 
16 17 101 122 128 
16 17 101 122 128 
16 17 101 122 128 
16 17 101 122 128 
16 17 101 122 128 
16 17 101 122 128 
16 17 101 122 128 
16 17 101 122 96 128 
16 100 17 101 122 128 
16 17 101 122 128 
16 17 101 122 128 
16 17 101 122 128 
16 17 101 122 128 
16 17 101 122 128 
16 17 101 122 128 
16 17 101 122 128 
16 17 101 122 128 
16 17 101 122 128 
16 17 101 122 128 
16 17 101 122 128 
16 17 101 122 128 
16 17 101 122 128 
16 17 101 122 128 
16 17 101 122 128 
16 17 101 122 128 
16 17 101 122 128 
16 17 101 122 128 
16 17 101 122 128 
16 17 101 122 128 
16 17 101 122 128 
16 17 101 122 128 
16 17 101 122 128 
16 17 101 122 128 
16 17 101 122 128 
16 17 101 122 128 
16 17 101 122 128 
16 17 101 122 128 
16 17 101 122 128 
16 17 101 122 128 
16 17 101 122 128 
16 17 101 122 128 
16 17 101 122 128 
16 17 101 122 128 
16 17 101 122 128 
16 17 101 122 128 
16 17 101 122 128 
16 17 101 122 128 
16 17 101 122 128 
16 17 101 122 128 
16 17 101 122 128 
16 17 101 122 128 
16 17 101 122 128 
16 17 101 122 128 
16 17 101 122 128 
16 17 101 122 128 
16 17 101 122 128 
16 100 17 101 122 128 
16 17 101 122 128 
16 17 101 122 128 
16 17 101 122 128 
16 17 101 122 128 
16 17 101 122 128 
16 100 17 101 122 128 
16 100 17 101 122 128 
16 17 101 122 128 
16 17 101 122 128 
16 17 101 122 128 
16 17 101 122 128 
16 17 101 122 19 128 
16 17 101 122 128 
16 17 101 122 128 
16 17 101 122 128 
16 17 101 122 128 
16 17 101 122 128 
16 17 101 122 128 
16 17 101 122 128 
16 17 101 122 128 
16 17 101 122 128 
16 17 101 122 128 
16 17 101 122 128 
16 17 101 122 128 
16 17 101 122 128 
16 17 101 122 128 
16 17 101 122 128 
16 17 7 101 122 9 10 128 
16 17 7 101 122 9 10 128 
16 17 101 122 128 
16 17 7 101 122 9 10 128 
16 17 7 101 122 9 10 128 
16 17 101 122 128 
16 17 101 122 128 
16 17 7 101 122 9 10 128 
16 17 101 122 128 
16 100 17 101 122 128 
16 17 101 122 128 
16 17 101 122 128 