27 26 7 8 243 2 
27 26 7 8 243 2 
27 26 7 34 8 15 35 243 2 
16 27 26 17 7 8 243 2 
27 26 7 8 243 2 
27 26 7 8 243 2 
16 27 26 17 7 8 243 2 
27 26 7 8 243 2 
27 26 7 8 243 2 
27 26 7 8 243 2 
27 26 7 8 243 2 
27 26 7 8 243 2 
27 26 7 8 243 2 
16 27 26 17 7 8 243 2 
27 26 7 8 243 2 
27 26 7 8 243 2 
27 26 7 8 243 2 
27 26 7 8 243 2 
27 26 7 8 243 2 
16 100 27 26 17 7 8 101 243 2 
27 26 7 8 243 2 
27 26 7 8 243 2 
27 26 7 8 243 2 
16 27 26 7 8 243 2 
27 26 7 8 243 2 
16 27 26 17 7 8 243 2 
27 26 7 8 243 2 
27 26 7 8 243 2 
27 26 7 8 243 2 
27 26 7 8 243 2 
27 26 7 8 243 2 
27 26 7 8 243 2 
27 26 7 8 243 2 
27 26 7 8 243 2 
27 26 7 8 243 2 
27 26 7 8 243 2 
27 26 7 8 243 2 
16 27 26 7 8 243 2 
27 26 7 8 243 2 
27 26 7 8 243 2 
27 26 7 8 243 2 
27 26 7 8 243 2 
27 26 7 8 243 2 
27 26 7 8 243 2 
27 26 7 8 243 2 
27 26 7 8 243 2 
27 26 7 8 243 2 
27 26 7 8 243 2 
27 26 7 8 243 2 
27 26 7 8 243 2 
27 26 7 8 243 2 
27 26 7 8 243 2 
27 26 7 8 243 2 
27 26 7 8 243 2 
16 100 27 26 17 7 8 101 243 2 
27 26 7 8 243 2 
27 26 7 8 243 2 
27 26 7 8 243 2 
27 26 7 8 243 2 
27 26 7 8 243 2 
27 26 7 8 243 2 
27 26 7 8 243 2 
16 27 26 7 8 19 243 2 
27 26 7 8 243 2 
27 26 7 8 243 2 
27 26 7 8 243 2 
27 26 7 8 243 2 
27 26 7 8 243 2 
27 26 7 34 8 15 35 243 2 
27 26 7 8 243 2 
27 26 7 8 243 2 
27 26 7 8 243 2 
27 26 7 8 243 2 
27 26 7 8 243 2 
27 26 7 8 243 2 
16 27 26 17 7 8 243 2 
16 27 26 17 7 8 122 101 243 2 
16 27 26 17 7 8 243 2 
27 26 7 8 243 2 
27 26 7 8 243 2 
67 16 27 26 7 8 37 19 146 243 2 
27 26 7 8 243 2 
27 26 7 34 8 15 35 243 2 
27 26 7 8 243 2 
27 26 7 8 243 2 
27 26 7 8 243 2 
27 26 7 8 243 2 
27 26 7 8 243 2 
27 26 7 8 243 2 
27 26 7 8 243 2 
27 26 7 8 243 2 
27 26 7 8 243 2 
27 26 7 8 243 2 
27 26 7 8 243 2 
27 26 7 8 187 243 2 
27 26 7 8 243 2 
27 26 7 8 243 2 
27 26 7 8 243 2 
27 26 7 8 243 2 
27 26 7 8 243 2 
27 26 7 8 243 2 
27 26 7 8 243 2 
27 26 7 8 243 2 
27 26 7 8 243 2 
27 26 7 8 243 2 
27 26 7 8 243 2 
27 26 7 8 243 2 
27 26 7 8 243 2 
27 26 7 8 243 2 
27 26 7 8 243 2 
27 26 7 8 243 2 
27 26 7 8 243 2 
27 26 7 8 243 2 
27 26 7 8 243 2 
27 26 7 8 243 2 
27 26 7 8 243 2 
27 26 7 8 243 2 
27 26 7 8 411 243 2 
27 26 7 8 243 2 
27 26 7 8 243 2 
27 26 7 8 243 2 
27 26 7 8 243 2 
27 26 7 8 243 2 
27 26 7 8 243 2 
27 26 7 8 243 2 
27 26 7 8 246 243 2 
27 26 7 8 243 2 
27 26 7 8 243 2 
27 26 7 8 243 2 
27 26 7 8 243 2 
27 26 7 8 243 2 
27 26 7 8 243 2 
27 26 7 8 243 2 
27 26 7 8 243 2 
27 26 7 8 243 2 
16 100 27 26 17 7 8 101 243 2 
32 16 27 26 17 7 8 33 243 2 
27 26 7 8 243 2 
27 26 7 8 243 2 
27 26 7 8 243 2 
27 26 7 8 243 2 
27 26 7 8 243 2 
27 26 7 8 243 2 
27 26 7 8 243 2 
27 26 7 8 243 2 
27 26 7 8 243 2 
27 26 7 8 243 2 
27 26 7 8 243 2 
27 26 7 8 15 243 2 
16 27 26 7 8 19 243 2 
27 26 7 8 243 2 
27 26 7 8 243 2 
16 27 26 17 7 8 243 2 
27 26 7 8 243 2 
27 26 7 8 9 243 10 2 
16 27 26 17 7 8 122 101 243 2 
27 26 7 8 243 2 
27 26 7 8 243 2 
27 26 7 8 243 2 
27 26 7 8 9 243 10 2 
16 100 27 26 17 7 8 101 243 2 
27 26 7 34 8 15 35 243 2 
27 26 7 8 243 2 
27 26 7 8 243 2 
27 26 7 8 243 2 
27 26 7 8 243 2 
27 26 7 8 243 2 
27 26 7 8 243 2 
27 26 7 8 243 2 
27 26 7 8 243 2 
27 26 7 8 243 2 
27 26 7 8 243 2 
16 100 27 26 17 7 8 101 243 2 
27 26 7 8 243 2 
27 26 7 8 243 2 
16 27 26 7 8 243 2 
27 26 7 8 243 2 
27 26 7 8 243 2 
27 26 7 8 243 124 2 
27 26 7 8 243 2 
27 26 7 8 243 2 
27 26 7 8 243 2 
27 26 7 8 243 2 
27 26 7 8 243 2 
27 26 7 8 243 2 
27 26 7 8 243 2 
27 26 7 8 243 2 
27 26 7 8 243 2 
27 26 7 8 243 2 
27 26 7 8 243 2 
27 26 7 8 243 2 
27 26 7 8 243 2 
27 26 7 8 243 2 
27 26 7 8 243 2 
27 26 7 8 243 2 
27 26 7 8 243 2 
27 26 7 8 243 2 
27 26 7 8 243 2 
27 26 7 8 243 2 
27 26 7 8 243 2 
27 26 7 8 243 2 
27 26 7 8 243 2 
27 26 7 8 243 2 
27 26 7 8 243 2 
16 27 26 7 8 243 2 
27 26 7 8 243 2 
27 26 7 8 243 2 
27 26 7 8 243 2 
27 26 7 8 243 2 
27 26 7 8 243 2 
27 26 7 8 243 2 
27 26 7 8 243 2 
16 27 26 17 7 8 243 2 
27 26 7 8 243 2 
16 100 27 26 17 7 8 101 243 2 
27 26 7 8 243 2 
27 26 7 8 243 2 
27 26 7 8 243 2 
27 26 7 8 243 2 
27 26 7 8 243 2 
27 26 7 8 243 2 
27 26 7 8 243 2 
27 26 7 8 243 2 
27 26 7 8 243 2 
27 26 7 8 243 2 
27 26 7 8 243 2 
27 26 7 8 243 2 
27 26 7 8 243 2 
27 26 7 8 243 2 
27 26 7 8 243 2 
27 26 7 8 243 2 
27 26 7 8 243 2 
27 26 7 8 243 2 
27 26 7 8 243 2 
27 26 7 8 243 2 
27 26 7 8 243 2 
27 26 7 8 243 2 
27 26 7 8 243 2 
27 26 7 8 243 2 
16 27 26 7 8 19 243 2 
27 26 7 8 243 2 
27 26 7 8 243 2 
27 26 7 8 243 2 
27 26 7 8 243 2 
27 26 7 8 243 2 
27 26 7 8 243 2 
27 26 7 8 243 2 
27 26 7 8 243 2 
27 26 7 8 243 2 
67 16 27 26 7 8 37 19 146 243 2 
27 26 7 8 243 2 
27 26 7 8 243 2 
27 26 7 8 243 2 
27 26 7 8 243 2 
27 26 7 8 243 2 
27 26 7 8 243 2 
27 26 7 8 243 2 
27 26 7 8 243 2 
27 26 7 8 187 243 2 
27 26 7 8 243 2 
27 26 7 8 243 2 
27 26 7 8 243 2 
27 26 7 8 243 2 
27 26 7 8 243 2 
27 26 7 8 243 2 
27 26 7 8 243 2 
27 26 7 8 243 2 
27 26 7 8 243 2 
27 26 7 8 243 2 
27 26 7 8 243 2 
27 26 7 8 243 2 
16 27 26 17 7 8 243 2 
27 26 7 8 243 2 
16 100 27 26 17 7 8 101 243 2 
16 27 26 17 7 8 243 2 
16 100 27 26 17 7 8 101 243 2 
16 100 27 26 17 7 8 101 243 2 
27 26 7 8 243 2 
27 26 7 8 243 2 
27 26 7 34 8 15 35 243 2 
16 100 27 26 17 7 8 101 243 2 
27 26 7 8 243 2 
27 26 7 8 243 2 
27 26 7 8 243 2 
27 26 7 8 243 2 
27 26 7 8 243 2 
27 26 7 8 243 2 
27 26 7 8 243 2 
27 26 7 8 243 2 
27 26 7 8 99 23 24 243 2 
27 26 7 8 243 2 
27 26 7 8 243 2 
27 26 7 8 243 2 
27 26 7 8 243 2 
27 26 7 8 243 2 
27 26 7 8 243 2 
27 26 7 8 243 2 
27 26 7 8 243 2 
27 26 7 8 243 2 
27 26 7 8 243 2 
27 26 7 8 243 2 
16 27 26 17 7 8 243 2 
27 26 7 8 243 2 
16 27 26 17 7 8 243 2 
27 26 7 8 243 2 
27 26 7 8 243 2 
27 26 7 8 243 2 
27 26 7 8 243 2 
27 26 7 8 243 2 
27 26 7 8 243 2 
27 26 7 8 243 2 
27 26 7 8 243 2 
27 26 7 8 243 2 
27 26 7 8 243 2 
27 26 7 8 243 2 
27 26 7 8 243 2 
27 26 7 8 243 2 
27 26 7 8 243 2 
27 26 7 8 243 2 
27 26 7 8 243 2 
27 26 7 8 243 2 
27 26 7 8 243 2 
27 26 7 8 243 2 
27 26 7 8 243 2 
16 27 26 7 8 19 243 2 
27 26 7 8 243 2 
27 26 7 8 243 2 
27 26 7 8 243 2 
27 26 7 8 243 2 
27 26 7 8 243 2 
27 26 7 8 243 2 
27 26 7 8 243 2 
27 26 7 8 243 2 
27 26 7 8 243 2 
27 26 7 8 243 2 
27 26 7 8 243 2 
27 26 7 8 243 2 
27 26 7 8 243 2 
27 26 7 8 243 2 
27 26 7 8 243 2 
27 26 7 8 243 2 
27 26 7 8 243 2 
27 26 7 8 243 2 
27 26 7 8 243 2 
27 26 7 8 243 2 
27 26 7 8 243 2 
27 26 7 8 243 2 
27 26 7 8 243 2 
27 26 7 8 243 2 
27 26 7 8 243 2 
27 26 7 8 243 2 
27 26 7 8 243 2 
27 26 7 8 243 2 
27 26 7 8 243 2 
27 26 7 8 243 2 
27 26 7 8 243 2 
16 27 26 17 7 8 243 2 
27 26 7 8 243 2 
16 100 27 26 17 7 8 101 243 2 
27 26 7 8 243 2 
27 26 7 8 243 2 