12 7 8 9 10 2 
12 18 7 8 9 10 2 
12 7 8 9 10 2 
12 18 7 8 9 10 2 
12 18 7 8 9 10 2 
12 18 7 8 9 10 2 
12 18 7 8 9 10 2 
12 7 8 9 10 2 
12 18 7 8 9 10 2 
12 7 8 9 10 2 
12 7 8 9 10 2 
12 7 8 9 10 2 
12 7 8 9 10 2 
12 7 8 9 10 2 
12 18 7 8 9 10 2 
12 7 8 9 10 2 
12 7 8 9 10 2 
12 18 7 8 9 10 2 
12 18 7 8 9 10 2 
12 7 8 9 10 2 
12 18 7 8 9 10 2 
12 7 8 9 10 2 
12 7 8 9 10 2 
12 18 7 8 9 10 2 
12 18 7 8 9 10 2 
12 7 8 9 10 2 
12 18 7 8 9 10 2 
12 7 8 9 10 2 
12 18 7 8 9 10 2 
12 18 7 8 9 10 2 
12 18 7 8 9 10 2 
12 7 8 9 10 2 
12 7 8 9 10 2 
12 18 7 8 9 10 2 
12 7 8 9 10 2 
12 7 8 9 10 2 