16 17 310 229 2 
16 300 17 229 2 
16 300 17 229 2 
16 300 17 229 2 
16 300 17 229 2 
16 300 152 17 229 23 24 55 2 
16 300 17 229 2 
16 300 152 17 229 23 24 153 55 2 
16 300 17 229 2 
16 300 152 17 229 23 24 153 55 2 
16 300 17 229 2 
16 300 152 17 229 23 24 153 55 2 
16 300 17 229 2 
16 300 17 229 2 
16 300 17 229 2 
16 300 17 229 2 
16 300 17 229 2 
16 300 17 229 2 
16 300 17 229 2 
16 300 17 229 2 
16 300 17 229 2 
16 300 17 229 2 
16 300 17 229 2 
16 300 17 229 2 
16 300 17 229 2 
16 300 17 229 2 
16 300 152 17 229 23 24 153 55 2 
16 300 17 229 2 
16 300 17 229 2 
16 300 17 229 2 
16 300 17 229 2 
16 300 17 229 2 
16 300 17 229 2 
16 300 17 229 2 
16 300 17 229 2 
16 300 17 229 2 
16 300 17 229 2 
16 300 152 17 229 23 24 153 55 2 
16 300 17 229 2 
16 300 17 229 2 
16 300 17 229 15 2 
16 300 17 229 2 
16 300 17 229 2 
16 300 17 229 2 
16 300 17 229 2 
16 300 17 229 2 
16 300 17 229 2 
16 300 17 229 2 
16 300 17 229 2 
16 300 17 229 2 
16 300 17 229 2 
16 300 17 229 2 
16 300 17 229 2 
16 300 17 229 2 
16 300 17 229 2 
16 300 152 17 229 23 24 153 55 2 
16 300 17 229 2 
16 300 17 229 2 
16 300 17 229 2 
16 300 17 229 2 
16 300 17 229 2 
16 300 17 229 2 
16 300 17 229 2 
16 300 17 229 2 
16 300 17 229 2 
16 300 17 229 2 
16 300 17 229 2 
16 300 17 229 2 
16 300 17 229 2 
16 300 17 229 2 
16 300 17 229 2 
16 300 17 229 2 
16 300 17 229 2 
16 300 17 229 2 
16 300 17 229 2 
16 300 17 229 2 
16 300 17 229 2 
16 300 17 229 2 
16 152 300 251 17 23 24 229 55 2 
16 300 17 229 2 
16 300 17 229 2 
16 300 17 229 2 
16 300 17 229 2 
16 300 17 229 2 
16 300 17 229 2 
16 300 17 229 2 
16 300 17 24 229 2 
16 300 17 229 2 
16 300 17 229 2 
16 114 300 17 7 229 118 10 2 
16 300 17 229 2 
16 300 17 229 2 
16 300 17 229 2 
16 300 17 229 2 
16 300 17 229 2 
16 300 17 229 2 
16 300 17 229 2 
16 300 17 229 2 
16 300 17 229 2 
16 300 17 229 2 
16 300 17 229 2 
16 300 17 229 2 
16 300 17 229 2 
16 300 17 229 2 
16 300 17 229 2 
16 300 17 229 2 
16 300 152 17 229 23 24 55 2 
16 300 17 229 2 
16 300 17 229 2 
16 300 152 17 229 23 24 153 55 2 
16 300 152 17 229 23 24 153 55 2 
16 300 152 17 229 23 24 153 55 2 
16 300 17 229 2 
16 300 17 229 2 
16 300 152 17 229 23 24 153 55 2 
16 300 17 229 2 
16 300 17 229 2 
16 300 17 229 2 
16 300 17 229 2 
16 300 17 229 2 
16 300 17 229 2 
16 300 152 17 229 23 24 153 55 2 
16 300 17 229 2 
16 300 17 229 2 
16 300 152 17 229 23 24 153 55 2 
16 300 17 229 2 
16 300 17 229 2 
16 300 17 229 2 
16 300 17 229 2 
16 300 17 229 2 
16 300 17 229 2 
16 300 152 17 229 23 24 55 2 
16 300 17 229 2 
16 300 17 229 2 
16 300 17 229 2 
16 300 17 229 2 
16 300 17 229 2 
16 300 17 229 2 
16 300 152 17 229 23 24 153 55 2 
16 300 17 229 2 
16 300 152 17 229 23 24 153 55 2 
16 300 17 229 2 
16 300 17 229 2 
16 300 17 229 2 
16 300 152 17 229 23 24 153 55 2 
16 300 17 229 2 
16 300 152 17 229 23 24 153 55 2 
16 300 17 229 2 
16 300 17 229 2 
16 300 152 17 229 23 24 153 55 2 
16 300 152 17 229 23 24 153 55 2 
16 300 17 229 2 
16 300 152 17 229 23 24 153 55 2 
16 300 152 17 229 23 24 153 55 2 
16 300 152 17 229 23 24 153 55 2 
16 300 152 17 229 23 24 153 55 2 
16 300 152 17 229 23 24 153 55 2 
16 300 152 17 229 23 24 153 55 2 
16 300 152 17 229 23 24 153 55 2 
16 300 17 229 2 
16 300 152 17 229 23 24 153 55 2 
16 300 17 229 2 
16 300 17 229 2 
16 300 152 17 229 23 24 153 55 2 
16 300 152 17 229 23 24 153 55 2 
16 300 17 229 2 
16 300 17 229 2 
16 300 17 229 2 
16 300 152 17 229 23 24 153 55 2 
16 300 17 229 2 
16 300 17 229 2 
16 300 17 229 2 
16 300 17 229 2 
16 300 17 229 2 
16 300 17 229 2 
16 300 17 229 2 
16 300 17 229 2 
16 300 17 229 2 
16 114 300 17 7 229 118 10 2 
16 300 17 229 2 
16 300 17 229 2 
16 300 17 229 2 
16 300 17 229 2 
16 300 17 229 2 
16 300 152 17 229 23 24 153 55 2 
16 300 17 229 2 
16 300 17 229 2 
16 300 17 229 2 
16 300 17 229 2 
16 300 17 229 2 
16 300 152 17 229 23 24 55 2 
16 300 17 229 2 
16 300 152 17 229 23 24 153 55 2 
16 300 17 229 2 
16 300 17 229 2 
16 300 17 229 2 
16 300 17 229 2 
16 300 17 229 2 
16 300 17 229 2 
16 300 17 229 2 
16 300 17 229 2 
16 300 17 229 2 
16 300 17 229 2 
16 300 17 229 2 
16 300 17 229 2 
16 300 17 229 2 
16 300 17 229 2 
16 300 17 229 2 
16 300 17 229 2 
16 300 17 229 2 
16 300 152 17 229 23 24 153 55 2 
16 300 17 229 2 
16 300 17 229 2 
16 300 17 229 2 
16 300 17 229 2 
16 300 17 229 2 
16 300 17 229 2 
16 300 17 229 2 
16 300 17 229 2 
16 300 17 229 2 
16 300 17 229 2 
16 300 17 229 2 
16 300 17 229 2 
16 300 17 229 2 
16 300 152 17 229 23 24 55 2 
16 300 17 229 2 
16 300 17 229 2 
16 300 17 229 2 
16 300 17 229 2 
16 300 17 229 2 
16 300 17 229 2 
16 300 17 229 2 
16 300 17 229 2 
16 300 152 17 229 23 24 153 55 2 
16 300 17 229 2 
16 300 17 229 2 
16 300 17 229 2 
16 300 152 17 229 23 24 153 55 2 
16 300 17 229 2 
16 300 17 229 2 
16 300 17 229 2 
16 114 300 17 7 229 118 10 2 
16 300 17 229 2 
16 114 300 17 7 229 118 10 2 
16 300 17 229 2 
16 300 17 229 2 
16 300 17 229 2 
16 300 152 17 229 23 24 153 55 2 
16 300 17 229 2 
16 300 152 17 229 23 24 153 55 2 
16 300 152 17 229 23 24 153 55 2 
16 300 17 229 2 
16 300 152 17 229 23 24 153 55 2 
16 300 17 229 2 
16 300 17 229 2 
16 300 17 229 2 
16 300 17 229 2 
16 300 17 229 2 
16 300 17 229 2 
16 300 152 17 229 23 24 153 55 2 
16 300 17 19 229 2 
16 300 17 229 2 
16 300 17 229 2 
16 300 17 229 2 
16 300 17 229 2 
16 152 300 251 17 23 24 229 55 2 
16 300 17 229 2 
16 300 17 229 2 
16 300 17 229 2 
16 300 17 229 2 
16 300 17 229 2 
16 300 17 229 2 
16 300 17 229 2 
16 300 17 229 2 
16 300 17 229 2 
16 300 152 17 229 23 24 153 55 2 
16 300 152 17 229 23 24 153 55 2 
16 300 17 229 2 
16 300 17 229 2 
16 300 17 229 2 
16 114 300 17 7 229 118 10 2 
16 300 17 229 2 
16 300 152 17 229 23 24 153 55 2 
16 300 17 229 2 
16 300 17 229 2 
16 300 17 229 2 
16 300 17 229 2 
16 300 17 229 2 
16 300 17 229 2 
16 300 17 229 2 
16 300 17 229 2 
16 300 17 229 2 
16 300 17 229 2 
16 300 17 229 2 
16 300 17 229 2 
16 300 17 229 2 
16 300 17 229 2 
16 300 17 229 2 
16 300 17 229 2 
16 300 17 229 2 
16 300 17 229 2 
16 300 17 229 2 
16 300 17 229 2 
16 300 17 229 2 
16 300 17 229 2 
16 300 17 229 2 
16 300 17 229 2 
16 300 17 229 2 
16 300 17 229 2 
16 300 17 229 2 
16 300 17 229 2 
16 300 17 229 2 
16 300 17 229 2 
16 300 17 229 2 
16 300 17 229 2 
16 300 17 229 2 
16 300 17 229 2 
16 152 300 251 17 23 24 229 55 2 
16 300 17 229 2 
16 300 17 229 2 
16 300 17 229 2 
16 300 17 229 2 
16 300 17 229 2 
16 300 17 229 2 
16 300 17 229 2 
16 300 17 229 2 
16 300 17 229 2 
16 300 17 229 2 
16 300 152 17 229 23 24 153 55 2 
16 300 152 17 229 23 24 153 55 2 
16 300 17 229 2 
16 152 300 251 17 23 24 229 55 2 
16 152 300 251 17 23 24 229 55 2 
16 300 152 17 229 23 24 55 2 
16 300 17 229 2 
16 300 17 229 2 
16 300 17 229 2 
16 300 17 229 2 
16 300 17 229 2 
16 300 17 229 2 
16 300 17 229 2 
16 300 17 229 2 
16 300 17 229 2 
16 300 17 229 2 
16 300 17 229 2 
16 300 17 229 2 
16 300 17 229 2 
16 300 17 229 2 
16 300 17 229 2 
16 300 17 229 2 
16 152 300 251 17 23 24 229 55 2 
16 300 152 17 229 23 24 153 55 2 
16 300 152 17 229 23 24 153 55 2 
16 300 17 229 2 
16 300 17 229 2 
16 300 17 229 2 
16 152 300 251 17 23 24 229 55 2 
16 300 17 229 2 
16 300 17 229 2 
16 300 152 17 229 23 24 153 55 2 
16 300 17 229 2 
16 300 17 229 2 
16 300 17 229 2 
16 300 17 229 2 
16 300 17 229 2 
16 300 17 229 2 
16 300 17 229 2 
16 300 152 17 229 23 24 153 55 2 
16 300 17 229 2 
16 300 152 17 229 23 24 55 2 
16 300 152 17 229 23 24 55 2 
16 300 152 17 229 23 24 55 2 
16 300 152 17 229 23 24 55 2 
16 17 229 308 2 
16 300 17 229 2 
16 300 17 229 2 
16 300 17 229 2 
16 300 152 17 229 23 24 153 55 2 
16 300 17 229 2 
16 300 152 17 229 23 24 55 2 
16 300 17 229 2 
16 152 300 251 17 23 24 229 55 2 
16 300 17 229 2 
16 300 17 305 23 24 229 55 2 
16 300 17 229 2 
16 152 300 251 17 23 24 229 55 2 
16 300 17 229 2 
16 300 17 229 2 
16 300 17 229 2 
16 300 17 229 2 
16 300 17 229 23 24 55 2 
16 300 17 229 2 
16 300 17 229 2 
16 152 300 251 17 23 24 229 55 2 
16 300 17 229 2 
16 300 17 229 2 
16 300 17 229 2 
16 300 17 229 2 
16 300 152 17 229 23 24 153 55 2 
16 300 152 17 229 23 24 153 55 2 
16 300 17 229 2 
16 300 17 229 2 
16 300 17 229 2 
16 301 17 229 2 
16 300 17 229 2 
16 300 17 229 2 
16 300 17 229 2 
16 300 17 229 2 
16 318 152 17 229 23 24 55 2 
16 152 17 229 23 24 55 2 
16 300 17 229 2 
16 152 300 251 17 23 24 229 55 2 
16 300 17 229 2 
16 300 17 229 2 
16 300 17 229 2 
16 300 17 229 2 
16 300 17 229 2 
16 300 17 229 2 
16 300 17 229 2 
16 300 152 17 229 23 24 55 2 
16 114 300 17 7 229 118 10 2 
16 17 322 229 2 
16 17 310 229 2 
16 311 17 229 2 
16 301 17 229 2 
16 17 59 229 15 2 
16 301 17 229 2 
16 17 302 229 2 
16 152 301 17 229 23 24 153 55 2 
16 318 17 229 2 
16 17 229 308 2 
16 17 310 229 2 
16 17 229 2 
16 300 17 229 2 
16 300 17 229 2 
16 300 17 229 2 
16 300 152 17 229 23 24 153 55 2 
16 300 152 17 229 23 24 153 55 2 
16 300 17 229 2 
16 300 152 17 229 23 24 55 2 
16 300 17 229 2 
16 300 17 229 2 
16 300 17 229 2 
16 300 17 229 2 
16 17 59 229 15 299 2 
16 17 229 299 2 
16 17 325 229 2 
16 17 310 229 2 
16 17 310 229 2 
16 300 17 229 2 
16 300 17 229 2 
16 300 17 229 2 
16 300 152 17 229 23 24 153 55 2 
16 152 17 317 23 24 229 153 55 2 
16 300 17 229 2 
16 300 17 229 2 
16 300 17 229 2 
16 300 17 229 2 
16 300 152 17 229 23 24 153 55 2 
16 300 152 17 229 23 24 153 55 2 
16 300 17 229 293 240 2 
16 300 17 229 2 
16 300 152 17 229 23 24 153 55 2 
16 300 17 229 2 
16 300 17 229 2 
16 300 152 17 229 23 24 153 55 2 
16 300 17 229 2 
16 300 17 229 2 
16 300 152 17 229 23 24 153 55 2 
16 300 17 229 2 
16 300 17 229 2 
16 300 17 229 2 
16 300 17 229 2 
16 300 17 229 2 
16 300 17 229 2 
16 300 17 229 2 
16 300 17 229 2 
16 300 17 229 2 
16 300 17 229 2 
16 300 17 229 2 
16 300 17 229 2 
16 300 17 229 2 
16 300 17 229 2 
16 300 17 229 2 
16 300 17 229 2 
16 300 17 229 2 
16 300 152 17 229 23 24 55 2 
16 17 317 23 24 229 55 2 
16 17 229 308 2 
16 152 17 302 229 23 24 55 2 
16 17 302 229 2 
16 301 17 229 2 
16 17 302 229 2 
16 17 302 229 2 
16 17 302 229 2 
16 17 229 2 
16 152 301 17 229 23 24 153 55 2 
16 152 17 304 23 24 229 153 55 2 
16 152 17 304 23 24 229 153 55 2 
16 152 301 17 229 23 24 153 55 2 
16 152 17 304 23 24 229 153 55 2 
16 152 17 304 23 24 229 153 55 2 
16 300 17 229 2 
16 300 17 229 2 
16 300 17 229 2 
16 300 17 229 2 
16 152 300 251 17 23 24 229 55 2 
16 300 17 229 2 
16 300 17 229 2 
16 300 17 229 2 
16 301 17 229 2 
16 300 152 17 229 23 24 55 2 
16 152 300 251 17 23 24 229 55 2 
16 300 17 229 2 
16 300 17 229 2 
16 300 17 229 2 
16 300 17 229 2 
16 300 17 229 2 
16 300 17 229 2 
16 300 17 229 2 
16 300 17 229 2 
16 300 17 229 2 
16 300 17 229 2 
16 300 152 17 229 23 24 153 55 2 
16 300 17 229 2 
16 300 17 229 2 
16 300 17 229 2 
16 300 17 229 2 
16 300 17 229 2 
16 300 17 229 2 
16 300 17 229 2 
16 300 17 229 2 
16 300 152 17 229 23 24 153 55 2 
16 300 17 229 2 
16 300 17 229 2 
16 300 17 229 2 
16 300 17 229 2 
16 300 152 17 229 23 24 153 55 2 
16 300 17 229 2 
16 300 17 229 2 
16 300 152 17 229 23 24 153 55 2 
16 300 17 229 2 
16 300 17 229 2 
16 300 17 229 2 
16 300 17 229 2 
16 152 301 17 229 23 24 55 2 
16 152 300 251 17 23 24 229 55 2 
16 300 17 229 2 
16 300 17 229 2 
16 300 17 229 2 
16 300 17 229 2 
16 300 17 229 2 
16 300 17 229 2 
16 300 17 229 2 
16 300 17 59 229 15 2 
16 152 17 310 229 23 24 153 55 2 
16 300 17 229 2 
16 300 17 229 2 
16 300 17 229 2 
16 300 17 229 2 
16 300 17 229 2 
16 300 17 229 2 
16 300 17 229 2 
16 300 17 229 2 
16 300 152 17 229 23 24 55 2 
16 300 152 17 229 23 24 153 55 2 
16 300 152 17 229 23 24 55 2 
16 300 17 229 2 
16 300 17 229 2 
16 300 17 229 2 
16 300 17 229 2 
16 300 17 229 2 
16 300 17 229 2 
16 300 17 229 2 
16 300 17 229 2 
16 300 17 229 2 
16 300 17 229 2 
16 300 17 229 2 
16 300 17 229 2 
16 152 17 304 229 23 24 55 2 
16 300 17 229 2 
16 300 17 229 2 
16 300 17 229 2 
16 300 148 149 17 7 110 229 2 
16 152 300 251 17 23 24 229 55 2 
16 300 17 229 2 
16 300 17 229 2 
16 300 17 229 2 
16 300 17 229 2 
16 300 17 229 2 
16 300 17 229 2 
16 300 17 229 2 
16 300 152 17 229 23 24 153 55 2 
16 300 17 229 2 
16 300 17 229 2 
16 300 17 229 2 
16 300 17 229 2 
16 300 17 229 2 
16 300 152 17 229 23 24 55 2 
16 300 17 229 2 
16 300 17 229 2 
16 300 17 229 2 
16 300 17 229 2 
16 300 17 229 2 
16 300 17 229 2 
16 300 17 229 2 
16 300 17 229 2 
16 300 17 229 2 
16 300 17 229 2 
16 300 17 229 2 
16 300 17 229 2 
16 300 17 229 2 
16 300 17 229 2 
16 300 17 229 2 
16 300 17 229 2 
16 300 17 229 2 
16 300 17 229 2 
16 300 152 17 229 23 24 153 55 2 
16 300 17 229 2 
16 300 17 229 2 
16 300 17 229 2 
16 300 17 229 2 
16 300 17 229 2 
16 300 152 17 229 23 24 153 55 2 
16 300 17 229 2 
16 300 17 229 2 
16 300 17 229 2 
16 300 152 17 229 23 24 153 55 2 
16 300 17 229 2 
16 300 17 229 2 
16 300 17 229 2 
16 300 17 229 2 
16 152 301 17 229 23 24 153 55 2 
16 300 17 229 2 
16 300 17 229 2 
16 17 229 15 2 
16 17 229 308 2 
16 300 17 229 2 
16 300 17 229 2 
16 300 152 17 229 23 24 153 55 2 
16 300 17 229 2 
16 300 152 17 229 23 24 55 2 
16 300 152 17 229 23 24 153 55 2 
16 300 17 229 2 
16 300 17 229 2 
16 300 17 229 2 
16 300 17 229 2 
16 300 17 229 2 
16 300 17 229 2 
16 300 152 17 229 23 24 153 55 2 
16 300 17 229 2 
16 300 152 17 229 23 24 153 55 2 
16 300 152 17 229 23 24 153 55 2 
16 300 17 229 2 
16 300 17 229 2 
16 300 17 229 2 
16 300 17 229 2 
16 300 17 229 2 
16 300 152 17 229 23 24 153 55 2 
16 300 152 17 229 23 24 153 55 2 
16 17 302 229 2 
16 301 17 229 2 
16 17 302 229 2 
16 300 152 17 229 23 24 153 55 2 
16 300 17 229 2 
16 300 152 17 229 23 24 153 55 2 
16 300 17 229 2 
16 152 300 251 17 23 24 229 55 2 
16 300 17 229 2 
16 300 17 229 2 
16 300 17 229 2 
16 300 17 229 2 
16 300 17 229 2 
16 300 17 229 2 
16 300 17 229 2 
16 300 17 229 2 
16 300 17 229 2 
16 300 17 229 2 
16 300 17 229 2 
16 300 17 229 2 
16 300 17 229 2 
16 300 17 229 2 
16 300 152 17 229 23 24 153 55 2 
16 300 17 229 2 
16 300 17 229 2 
16 300 17 229 2 
16 300 17 229 2 
16 300 17 229 2 
16 300 17 229 2 
16 300 17 229 2 
16 300 17 229 2 
16 300 17 229 2 
16 300 17 229 2 
16 300 17 229 2 
16 300 17 229 2 
16 300 17 229 2 
16 300 17 229 2 
16 300 17 229 2 
16 300 17 229 2 
16 300 152 17 229 23 24 153 55 2 
16 17 229 2 
16 17 59 229 15 2 
16 152 303 17 229 23 24 55 2 
16 17 302 229 2 
16 300 17 229 2 
16 300 17 229 2 
16 300 17 229 2 
16 300 17 229 2 
16 300 17 229 2 
16 300 152 17 229 23 24 153 55 2 
16 300 17 229 2 
16 300 17 229 2 
16 300 17 229 2 
16 300 152 17 229 23 24 55 2 
16 300 152 17 229 23 24 55 2 
16 300 17 229 2 
16 300 152 17 229 23 24 153 55 2 
16 300 152 17 229 23 24 153 55 2 
16 300 152 17 229 23 24 153 55 2 
16 300 152 17 229 23 24 153 55 2 
16 300 152 17 229 23 24 153 55 2 
16 300 17 229 2 
16 300 152 17 229 23 24 153 55 2 
16 300 152 17 229 23 24 153 55 2 
16 300 152 17 229 23 24 153 55 2 
16 300 152 17 229 23 24 153 55 2 
16 300 17 229 2 
16 300 152 17 229 23 24 153 55 2 
16 300 17 229 2 
16 300 17 229 2 
16 300 152 17 229 23 24 153 55 2 
16 300 17 229 2 
16 17 302 229 2 
16 300 17 229 2 
16 300 17 229 2 
16 300 17 229 2 
16 300 17 229 2 
16 300 17 229 2 
16 300 148 149 17 7 110 229 2 
16 17 229 2 
16 300 152 17 229 23 24 153 55 2 
16 300 152 17 229 23 24 153 55 2 
16 300 17 229 2 
16 300 17 229 2 
16 300 17 229 2 
16 300 17 229 2 
16 300 17 229 2 
16 300 17 229 2 
16 300 17 229 2 
16 300 17 229 2 
16 17 229 2 
16 300 17 229 2 
16 300 152 17 229 23 24 153 55 2 
16 301 17 229 2 
16 152 300 251 17 23 24 229 55 2 
16 300 17 7 229 9 10 2 
16 152 301 17 229 23 24 55 2 
16 17 302 229 2 
16 300 301 17 229 2 
16 152 301 17 229 23 24 55 2 
16 152 301 17 229 23 24 55 2 
16 17 302 229 2 
16 152 17 302 229 23 24 55 2 
16 300 17 229 2 
16 300 17 229 2 
16 300 17 229 2 
16 300 17 229 2 
16 300 17 229 2 
16 300 17 229 2 
16 300 17 229 2 
16 300 17 229 2 
16 300 17 229 2 
16 300 17 229 2 
16 300 17 229 2 
16 300 17 229 2 
16 300 17 229 2 
16 300 17 229 2 
16 300 17 229 2 
16 300 17 229 2 
16 300 17 229 2 
16 300 17 229 2 
16 152 300 251 17 23 24 229 55 2 
16 152 300 251 17 23 24 229 55 2 
16 300 17 229 2 
16 300 17 229 2 
16 300 17 229 2 
16 300 17 229 2 
16 300 17 229 2 
16 300 17 229 2 
16 300 17 229 2 
16 300 17 229 2 
16 300 17 229 2 
16 300 17 229 2 
16 300 17 229 2 
16 300 17 229 2 
16 300 17 229 2 
16 300 17 229 2 
16 300 152 17 229 23 24 153 55 2 
16 300 152 17 229 23 24 153 55 2 
16 300 17 229 2 
16 300 17 229 2 
16 300 17 229 2 
16 300 17 229 2 
16 300 17 229 2 
16 300 17 229 2 
16 300 17 7 229 9 10 2 
16 300 17 229 2 
16 300 17 229 2 
16 300 17 229 2 
16 300 17 229 2 
16 300 152 17 229 23 24 153 55 2 
16 152 17 229 23 24 153 299 55 2 
16 300 152 17 229 23 24 153 55 2 
16 152 251 17 23 24 229 55 2 
16 17 302 229 2 
16 17 302 229 2 
16 17 302 229 2 
16 17 302 229 2 
16 300 17 229 2 
16 300 17 229 2 
16 303 17 229 2 
16 152 251 17 23 24 229 308 55 2 
16 300 17 229 2 
16 300 17 229 2 
16 300 17 229 2 
16 300 17 229 2 
16 300 17 229 2 
16 300 17 229 2 
16 300 17 229 2 
16 300 17 229 2 
16 300 17 229 2 
16 300 152 17 229 23 24 153 55 2 
16 300 152 17 229 23 24 153 55 2 
16 300 17 229 2 
16 300 17 229 2 
16 300 17 229 2 
16 300 152 17 229 23 24 55 2 
16 300 17 229 2 
16 311 17 229 2 
16 17 304 229 2 
16 17 229 308 2 
16 152 301 17 229 23 24 55 2 
16 152 17 302 229 23 24 55 2 
16 17 325 229 2 
16 17 302 229 2 
16 152 301 17 229 23 24 153 55 2 
16 152 303 17 229 23 24 153 55 2 
16 301 17 229 2 
16 152 17 23 24 229 153 55 2 
16 17 302 229 2 
16 300 17 229 2 
16 300 17 229 2 
16 300 17 229 2 
16 300 152 17 229 23 24 153 55 2 
16 300 17 229 2 
16 300 17 229 2 
16 300 17 229 2 
16 300 17 229 2 
16 300 152 17 229 23 24 153 55 2 
16 300 152 17 229 23 24 153 55 2 
16 300 152 17 229 23 24 153 55 2 
16 300 152 17 229 23 24 153 55 2 
16 300 152 17 229 23 24 153 55 2 
16 300 152 17 229 23 24 153 55 2 
16 300 152 17 229 23 24 153 55 2 
16 300 152 17 229 23 24 153 55 2 
16 300 152 17 229 23 24 153 55 2 
16 300 152 17 229 23 24 153 55 2 
16 300 152 17 229 23 24 153 55 2 
16 300 152 17 229 23 24 153 55 2 
16 300 152 17 229 23 24 153 55 2 
16 300 152 17 229 23 24 153 55 2 
16 300 152 17 229 23 24 153 55 2 
16 300 17 229 2 
16 300 17 229 2 
16 300 17 229 2 
16 300 17 229 2 
16 152 300 251 17 23 24 229 55 2 
16 300 17 229 2 
16 300 17 229 2 
16 300 17 229 2 
16 300 17 229 2 
16 300 17 229 2 
16 300 17 229 2 
16 300 17 229 2 
16 300 17 229 2 
16 300 17 229 2 
16 300 17 229 2 
16 300 17 229 2 
16 300 17 229 2 
16 300 17 229 2 
16 300 17 229 2 
16 300 17 229 2 
16 300 17 229 2 
16 300 152 17 229 23 24 153 55 2 
16 300 17 229 2 
16 300 17 229 2 
16 300 17 229 2 
16 300 17 229 2 
16 300 152 17 229 23 24 153 55 2 
16 300 152 17 229 23 24 153 55 2 
16 300 152 17 229 23 24 153 55 2 
16 300 17 229 2 
16 300 17 229 2 
16 300 152 17 229 23 24 153 55 2 
16 300 17 229 2 
16 300 17 229 2 
16 300 17 229 2 
16 300 17 229 2 
16 300 17 7 229 9 10 2 
16 300 17 7 229 9 10 2 
16 300 17 229 2 
16 300 17 229 2 
16 300 152 17 229 23 24 153 55 2 
16 300 17 229 2 
16 152 17 317 23 24 229 153 55 2 
16 17 310 229 2 
16 300 17 229 2 
16 300 17 229 2 
16 300 17 229 2 
16 300 17 229 2 
16 300 17 229 2 
16 17 325 229 2 
16 17 325 229 2 
16 152 17 325 229 326 23 24 55 2 
16 17 325 229 2 
16 152 17 302 229 23 24 55 2 
16 301 17 229 2 
16 301 17 229 2 
16 17 59 229 15 2 
16 17 325 229 2 
16 301 17 229 2 
16 152 17 304 23 24 229 153 55 2 
16 152 17 304 23 24 229 153 55 2 
16 152 17 325 229 326 23 24 55 2 
16 152 17 325 229 326 23 24 55 2 
16 152 17 325 229 326 23 24 55 2 
16 152 251 17 23 24 229 299 55 2 
16 152 17 23 24 229 153 55 2 
16 152 17 23 24 229 153 55 2 
16 301 17 229 2 
16 300 17 229 2 
16 301 17 229 2 
16 152 301 17 229 23 24 153 55 2 
16 301 17 229 2 
16 17 304 229 2 
16 104 17 302 229 315 2 
16 152 17 302 229 23 24 153 55 2 
16 17 229 2 
16 301 17 229 2 
16 300 17 229 2 
16 300 152 17 229 23 24 153 55 2 
16 17 310 229 2 
16 300 152 17 229 23 24 55 2 
16 152 251 17 23 24 229 55 2 
16 17 302 229 2 
16 301 17 229 2 
16 301 17 229 2 
16 17 302 229 2 
16 301 17 229 2 
16 300 17 229 2 
16 301 17 229 2 
16 301 17 7 229 2 
16 17 302 229 2 
16 301 17 229 2 
16 17 302 229 2 
16 301 17 229 2 
16 301 17 229 2 
16 300 17 229 2 
16 300 17 229 2 
16 300 17 229 2 
16 17 229 2 
16 300 17 229 2 
16 300 17 229 2 
16 300 17 229 2 
16 300 17 229 2 
16 300 17 229 2 
16 300 17 229 2 
16 300 17 229 2 
16 300 17 229 2 
16 300 17 7 229 9 10 2 
16 152 17 229 23 24 153 309 55 2 
16 312 17 229 2 
16 152 301 17 229 23 24 153 55 2 
16 104 17 302 229 315 2 
16 152 17 310 229 23 24 55 2 
16 300 17 229 2 
16 17 19 325 229 2 
16 145 17 325 229 2 
16 152 301 17 229 23 24 153 55 2 
16 152 300 251 17 23 24 229 55 2 
16 300 17 7 229 9 10 2 
16 300 152 17 229 23 24 55 2 
16 300 17 229 2 
16 300 17 19 229 2 
16 300 17 229 2 
16 300 17 229 2 
16 152 300 251 17 23 24 229 55 2 
16 152 300 251 17 23 24 229 55 2 
16 152 17 302 229 23 24 55 2 
16 152 301 17 229 23 24 55 2 
16 17 19 302 229 2 
16 152 301 17 229 23 24 153 55 2 
16 152 17 23 24 229 153 55 2 
16 300 17 229 2 
16 17 304 229 2 
16 318 17 229 2 
16 300 17 229 2 
16 152 17 229 23 24 153 299 55 2 
16 300 17 229 2 
16 152 17 229 23 24 153 299 55 2 
16 17 302 229 2 
16 152 17 229 23 24 153 299 55 2 
16 300 17 229 2 
16 300 17 229 2 
16 17 229 2 
16 301 17 229 2 
16 301 17 229 2 
16 104 17 302 229 315 2 
16 300 17 302 229 2 
16 17 302 229 2 
16 17 229 2 
16 17 302 229 2 
16 301 17 229 2 
16 301 17 229 2 
16 17 310 229 2 
16 17 229 309 2 
16 17 229 309 2 
16 301 17 229 2 
16 300 152 17 229 23 24 153 55 2 
16 17 310 229 2 
16 301 17 229 2 
16 301 17 229 2 
16 301 17 229 2 
16 300 17 229 2 
16 300 152 17 229 23 24 153 55 2 
16 17 302 229 23 24 55 2 
16 17 302 229 23 24 55 2 
16 17 302 229 2 
16 17 323 59 229 15 2 
16 17 302 229 2 
16 301 17 229 2 
16 142 17 143 302 144 229 2 
16 17 302 229 2 
16 17 302 229 2 
16 311 17 229 2 
16 300 17 229 2 
16 300 17 229 2 
16 152 17 302 229 23 24 55 2 
16 300 17 229 2 
16 17 302 229 23 24 55 2 
16 300 17 229 2 
16 300 17 229 2 
16 300 17 229 2 
16 300 17 229 2 
16 152 17 229 23 24 299 55 2 
16 152 303 17 229 23 24 55 2 
16 152 17 229 23 24 153 299 55 2 
16 301 17 229 2 
16 301 17 229 2 
16 300 17 229 2 
16 300 17 229 2 
16 152 301 17 229 23 24 55 2 
16 301 17 229 2 
16 152 17 306 229 23 24 153 55 2 
16 17 229 299 2 
16 300 17 229 2 
16 300 17 229 2 
16 301 17 229 2 
16 152 301 17 229 23 24 55 2 
16 301 17 229 2 
16 152 301 17 229 23 24 55 2 
16 301 17 229 2 
16 152 303 17 229 23 24 153 55 2 
16 152 17 229 23 24 299 55 2 
16 152 17 229 23 24 153 299 55 2 
16 152 17 229 23 24 299 55 2 
16 152 17 229 23 24 299 55 2 
16 300 17 229 2 
16 152 17 304 23 24 229 153 55 2 
16 152 301 17 229 23 24 153 55 2 
16 152 17 304 23 24 229 153 55 2 
16 301 17 229 2 
16 152 251 17 304 23 24 229 55 2 
16 152 17 229 23 24 153 299 55 2 
16 152 17 306 229 23 24 153 55 2 
16 17 23 24 229 55 2 
16 152 17 304 23 24 229 153 55 2 
16 152 17 304 23 24 229 153 55 2 
16 152 17 304 23 24 229 153 55 2 
16 301 17 229 2 
16 17 304 229 2 
16 152 17 306 229 23 24 153 55 2 
16 152 251 17 304 23 24 229 55 2 
16 152 17 306 229 23 24 153 55 2 
16 301 17 229 2 
16 300 17 229 2 
16 300 152 17 229 23 24 55 2 
16 152 301 17 229 23 24 153 55 2 
16 300 301 17 229 2 
16 300 17 229 2 
16 17 304 229 2 
16 300 17 229 2 
16 300 17 229 2 
16 17 302 229 2 
16 301 17 229 2 
16 152 251 17 304 23 24 229 55 2 
16 300 17 229 2 
16 300 17 229 2 
16 152 17 229 23 24 153 299 55 2 
16 301 17 229 2 
16 301 17 229 2 
16 300 17 229 2 
16 300 152 17 229 23 24 153 55 2 
16 152 251 17 304 23 24 229 55 2 
16 300 17 229 2 
16 301 17 229 2 
16 300 17 229 2 
16 301 17 229 2 
16 300 17 229 2 
16 152 17 23 24 229 153 55 2 
16 17 302 229 2 
16 17 229 2 
16 300 152 17 229 23 24 55 2 
16 300 17 229 2 
16 300 17 229 2 
16 300 17 229 2 
16 17 310 229 2 
16 300 17 229 2 
16 300 17 229 2 
16 17 302 229 2 
16 301 17 229 2 
16 301 17 229 2 
16 301 17 229 2 
16 17 229 309 2 
16 17 302 229 2 
16 152 301 17 229 23 24 153 55 2 
16 152 301 17 229 23 24 153 55 2 
16 301 17 229 2 
16 152 319 17 229 23 24 153 55 2 
16 17 229 62 309 2 
16 17 229 320 2 
16 17 302 229 2 
16 152 17 229 23 24 55 2 
16 17 229 2 
16 300 17 229 2 
16 300 152 17 229 23 24 153 55 2 
16 152 17 229 23 24 307 153 55 2 
16 301 17 229 2 
16 300 17 229 2 
16 300 17 229 2 
16 300 17 229 2 
16 300 17 229 2 
16 300 17 229 2 
16 301 17 229 2 
16 152 17 23 24 229 153 55 2 
16 17 302 229 2 
16 301 17 229 2 
16 152 301 251 17 229 23 24 55 2 
16 311 17 229 2 
16 301 17 229 2 
16 301 17 229 2 
16 301 17 59 229 15 2 
16 301 17 229 2 
16 301 17 229 2 
16 17 229 23 24 320 55 2 
16 300 17 7 229 9 10 2 
16 300 17 229 2 
16 301 17 229 2 
16 301 17 229 2 
16 300 17 229 2 
16 301 17 229 2 
16 152 301 17 229 23 24 55 2 
16 300 17 229 2 
16 17 229 23 24 320 55 2 
16 104 17 229 2 
16 17 229 23 24 320 55 2 
16 152 17 323 23 24 229 153 55 2 
16 301 17 229 2 
16 17 322 229 2 
16 301 17 229 2 
16 301 17 229 2 
16 17 229 2 
16 17 3 257 229 320 2 
16 152 17 229 23 24 153 299 55 2 
16 301 17 229 2 
16 17 229 299 2 
16 301 17 229 2 
16 152 301 17 229 23 24 55 2 
16 152 17 229 23 24 299 55 2 
16 152 17 306 229 23 24 153 55 2 
16 301 17 229 2 
16 301 17 229 2 
16 300 17 229 2 
16 17 304 229 2 
16 17 304 229 2 
16 17 24 229 2 
16 311 17 229 2 
16 17 304 229 2 
16 300 17 229 2 
16 300 17 229 2 
16 300 17 229 2 
16 300 17 229 2 
16 300 17 229 2 
16 300 17 229 2 
16 300 17 229 2 
16 300 17 229 2 
16 300 17 229 2 
16 300 17 229 2 
16 300 17 229 2 
16 300 17 229 2 
16 300 17 229 2 
16 300 17 229 2 
16 300 17 229 2 
16 300 17 229 2 
16 300 17 229 2 
16 300 17 229 2 
16 300 17 229 2 
16 300 17 229 2 
16 300 17 229 2 
16 142 17 143 302 144 229 2 
16 17 229 2 
16 152 303 17 229 23 24 153 55 2 
16 301 17 229 2 
16 17 229 299 2 
16 152 303 17 229 23 24 153 55 2 
16 17 229 307 2 
16 152 17 304 23 24 229 153 55 2 
16 301 17 229 2 
16 152 17 304 23 24 229 153 55 2 
16 152 17 304 23 24 229 153 55 2 
16 311 17 229 2 
16 300 17 229 2 
16 300 17 229 2 
16 300 17 229 2 
16 300 17 229 2 
16 300 152 17 229 23 24 153 55 2 
16 152 301 17 229 23 24 55 2 
16 300 17 229 2 
16 17 322 229 2 
16 17 310 229 2 
16 17 229 23 24 320 55 2 
16 301 17 229 2 
16 17 304 229 2 
16 300 17 229 2 
16 17 302 229 2 
16 17 229 2 
16 301 17 229 2 
16 17 302 229 2 
16 152 301 17 229 23 24 153 55 2 
16 17 302 229 2 
16 300 17 229 2 
16 300 17 229 2 
16 300 17 229 2 
16 300 17 229 2 
16 300 17 229 2 
16 300 17 229 2 
16 300 17 229 2 
16 300 17 229 2 
16 300 17 229 2 
16 300 17 229 2 
16 300 17 229 2 
16 300 17 229 2 
16 300 17 229 2 
16 300 17 229 2 
16 300 17 229 2 
16 300 17 229 2 
16 300 17 229 2 
16 300 17 229 2 
16 300 17 229 2 
16 300 17 229 2 
16 300 17 229 2 
16 300 17 229 2 
16 300 17 229 2 
16 17 304 229 2 
16 152 17 229 326 23 24 55 2 
16 17 304 229 2 
16 301 17 229 2 
16 152 301 17 229 23 24 153 55 2 
16 152 301 17 229 23 24 153 55 2 
16 152 301 17 229 23 24 153 55 2 
16 301 17 229 2 
16 152 301 17 229 23 24 55 2 
16 301 17 229 2 
16 17 310 229 2 
16 17 59 229 15 299 2 
16 301 17 229 2 
16 152 301 17 229 23 24 153 55 2 
16 152 301 17 229 23 24 153 55 2 
16 300 17 229 2 
16 300 17 229 2 
16 152 301 251 17 229 23 24 55 2 
16 152 301 251 17 229 23 24 55 2 
16 152 301 251 17 229 23 24 55 2 
16 142 17 143 302 144 229 2 
16 300 17 229 2 
16 152 301 251 17 229 23 24 55 2 
16 300 152 17 229 23 24 55 2 
16 300 152 17 229 23 24 153 55 2 
16 300 17 7 229 9 10 2 
16 300 17 229 2 
16 300 17 229 2 
16 300 17 229 2 
16 152 301 17 229 23 24 153 55 2 
16 152 17 229 23 24 153 299 55 2 
16 152 301 17 229 23 24 153 55 2 
16 17 310 229 2 
16 311 17 229 2 
16 17 229 307 2 
16 17 306 229 2 
16 301 17 229 2 
16 300 17 229 2 
16 17 310 229 23 24 55 2 
16 17 310 229 2 
16 17 304 229 2 
16 152 17 306 229 23 24 153 55 2 
16 152 301 17 229 23 24 55 2 
16 152 17 306 229 23 24 153 55 2 
16 152 17 306 229 23 24 153 55 2 
16 152 17 229 23 24 153 299 55 2 
16 152 17 229 23 24 299 55 2 
16 311 17 229 2 
16 311 17 229 2 
16 17 229 2 
16 152 17 23 24 229 153 55 2 
16 301 17 229 2 
16 301 17 229 2 
16 301 17 229 2 
16 17 304 229 2 
16 17 302 229 2 
16 17 59 229 15 2 
16 312 17 229 2 
16 17 302 229 2 
16 142 17 143 302 144 229 2 
16 152 17 229 326 23 24 55 2 
16 300 152 17 229 23 24 153 55 2 
16 300 152 17 229 23 24 153 55 2 
16 300 17 229 2 
16 300 17 229 2 
16 300 17 229 2 
16 300 17 229 2 
16 300 17 229 2 
16 300 152 17 229 23 24 153 55 2 
16 300 17 7 229 9 10 2 
16 300 17 7 229 9 10 2 
16 152 17 23 24 229 153 55 2 
16 152 17 229 23 24 153 299 55 2 
16 152 301 251 17 229 23 24 55 2 
16 17 302 229 2 
16 301 17 229 2 
16 152 17 229 23 24 153 299 55 2 
16 152 301 17 229 23 24 153 55 2 
16 17 229 309 2 
16 301 17 229 2 
16 300 301 17 229 2 
16 152 17 23 24 229 153 55 2 
16 152 17 229 23 24 153 299 55 2 
16 300 17 229 2 
16 301 17 59 229 15 2 
16 300 152 17 229 23 24 55 2 
16 17 59 229 15 320 2 
16 152 301 251 17 229 23 24 55 2 
16 301 17 229 2 
16 301 17 229 2 
16 300 17 229 2 
16 303 17 229 2 
16 300 17 229 2 
16 300 17 229 2 
16 13 17 164 15 229 2 
16 300 17 229 2 
16 300 17 229 2 
16 300 152 17 229 23 24 153 55 2 
16 300 152 17 229 23 24 153 55 2 
16 300 17 229 2 
16 311 17 229 2 
16 17 304 229 2 
16 152 301 17 229 23 24 153 55 2 
16 301 17 229 2 
16 300 152 17 229 23 24 55 2 
16 17 23 24 229 55 2 
16 301 17 229 2 
16 13 17 164 15 229 2 
16 300 17 19 229 2 
16 17 304 229 2 
16 17 229 320 2 
16 17 302 59 229 15 2 
16 301 17 229 23 24 55 2 
16 17 302 229 2 
16 17 302 229 2 
16 300 17 229 2 
16 300 50 17 3 229 2 
16 301 17 229 2 
16 17 229 309 2 
16 152 300 251 17 23 24 229 55 2 
16 17 229 2 
16 17 310 229 2 
16 17 229 308 2 
16 17 304 229 2 
16 17 304 229 2 
16 301 17 229 2 
16 152 17 302 229 23 24 153 55 2 
16 152 17 314 229 23 24 55 2 
16 152 17 304 23 24 229 153 55 2 
16 152 17 229 23 24 153 299 55 2 
16 17 23 24 229 55 2 
16 152 303 17 229 23 24 153 55 2 
16 300 152 17 229 23 24 153 55 2 
16 152 301 17 229 23 24 153 55 2 
16 152 17 229 23 24 307 153 55 2 
16 301 17 229 2 
16 17 302 229 2 
16 17 59 229 15 320 2 
16 17 59 229 15 320 2 
16 17 59 229 15 320 2 
16 17 59 229 15 320 2 
16 300 17 229 2 
16 300 152 17 229 23 24 153 55 2 
16 300 17 19 229 2 
16 152 17 229 23 24 153 299 55 2 
16 311 17 229 2 
16 17 229 309 2 
16 300 17 229 2 
16 152 17 229 326 23 24 55 2 
16 312 152 17 229 23 24 153 55 2 
16 152 301 17 229 23 24 153 55 2 
16 152 301 17 229 23 24 153 55 2 
16 311 17 229 2 
16 152 301 17 229 23 24 153 55 2 
16 152 301 17 229 23 24 153 55 2 
16 17 229 309 2 
16 300 17 229 2 
16 17 302 229 2 
16 17 302 229 2 
16 17 310 229 2 
16 152 301 17 229 23 24 153 55 2 
16 152 17 306 229 23 24 153 55 2 
16 152 301 17 229 23 24 153 55 2 
16 301 17 229 2 
16 17 302 229 2 
16 17 302 229 2 
16 152 17 229 23 24 55 2 
16 17 229 2 
16 17 306 229 2 
16 152 17 317 229 326 23 24 55 2 
16 301 17 229 2 
16 300 17 229 2 
16 300 152 17 229 23 24 153 55 2 
16 152 17 304 23 24 229 153 55 2 
16 152 17 23 24 229 153 55 2 
16 300 17 7 229 9 10 2 
16 300 17 7 229 9 10 2 
16 17 229 2 
16 311 17 229 2 
16 17 229 2 
16 17 229 299 2 
16 152 17 229 23 24 309 55 2 
16 17 310 229 2 
16 301 17 229 2 
16 301 17 229 2 
16 17 302 229 2 
16 17 302 229 2 
16 152 301 17 229 23 24 55 2 
16 152 17 310 229 23 24 55 2 
16 17 23 24 229 55 2 
16 300 17 229 2 
16 17 302 229 2 
16 17 229 299 2 
16 152 17 302 229 23 24 55 2 
16 152 17 306 229 23 24 153 55 2 
16 152 301 251 17 229 23 24 55 2 
16 17 302 229 23 24 55 2 
16 300 152 17 229 23 24 55 2 
16 300 152 17 229 23 24 55 2 
16 300 17 229 2 
16 300 17 229 2 
16 152 301 17 229 23 24 55 2 
16 17 304 229 2 
16 300 152 17 229 23 24 153 55 2 
16 17 23 24 229 55 2 
16 300 17 229 23 24 55 2 
16 300 17 229 2 
16 300 17 229 2 
16 17 229 308 2 
16 152 251 17 302 23 24 229 55 2 
16 300 17 229 2 
16 301 17 229 2 
16 152 301 251 17 229 23 24 55 2 
16 152 17 229 23 24 55 2 
16 17 325 229 2 
16 152 251 17 23 24 229 55 2 
16 300 152 17 229 23 24 153 55 2 
16 300 152 17 229 23 24 153 55 2 
16 17 229 2 
16 301 17 229 2 
16 17 306 229 2 
16 17 306 229 2 
16 17 304 229 2 
16 301 17 229 2 
16 312 152 17 229 23 24 153 55 2 
16 17 59 229 15 299 2 
16 17 304 229 2 
16 300 17 229 2 
16 152 17 229 23 24 299 55 2 
16 152 301 17 229 23 24 153 55 2 
16 301 17 229 2 
16 301 17 229 2 
16 152 301 17 229 23 24 55 2 
16 311 17 229 2 
16 301 17 229 2 
16 17 69 229 307 72 2 
16 17 229 308 2 
16 152 17 229 23 24 153 299 55 2 
16 301 17 229 2 
16 17 229 2 
16 311 17 229 2 
16 13 17 164 15 229 2 
16 152 17 229 23 24 153 299 55 2 
16 152 17 302 229 23 24 55 2 
16 17 302 229 2 
16 152 301 17 229 23 24 153 55 2 
16 152 303 17 229 23 24 153 55 2 
16 301 17 229 2 
16 152 301 17 229 23 24 55 2 
16 301 17 229 2 
16 17 229 309 2 
16 152 17 306 229 23 24 153 55 2 
16 152 17 304 23 24 229 153 55 2 
16 152 251 17 23 24 229 55 2 
16 311 17 229 62 2 
16 152 17 306 229 23 24 153 55 2 
16 152 17 304 23 24 229 153 55 2 
16 152 17 325 229 326 23 24 55 2 
16 17 302 229 2 
16 152 17 229 23 24 153 299 55 2 
16 17 310 229 2 
16 17 229 309 2 
16 152 17 304 23 24 229 153 55 2 
16 17 59 229 15 299 2 
16 152 301 17 229 23 24 153 55 2 
16 301 17 229 2 
16 301 17 229 2 
16 300 152 17 229 23 24 153 55 2 
16 311 17 229 2 
16 303 17 229 23 24 55 2 
16 17 310 229 2 
16 301 17 229 15 2 
16 17 23 24 229 55 2 
16 17 229 2 
16 152 251 17 23 24 229 299 55 2 
16 300 301 17 229 2 
16 300 17 229 2 
16 301 17 229 15 2 
16 152 17 302 229 23 24 153 55 2 
16 301 17 229 2 
16 152 17 302 229 23 24 153 55 2 
16 152 301 17 229 23 24 153 55 2 
16 301 17 229 2 
16 300 17 229 2 
16 152 17 229 23 24 55 2 
16 17 229 309 2 
16 152 301 17 229 23 24 55 2 
16 17 229 2 
16 152 251 17 23 24 229 55 2 
16 301 17 229 2 
16 152 17 302 229 23 24 55 2 
16 17 229 2 
16 152 301 17 229 23 24 55 2 
16 100 17 317 101 229 2 
16 152 17 317 229 23 24 55 2 
16 17 229 2 
16 17 229 2 
16 13 17 164 15 229 2 
16 17 229 2 
16 13 17 164 15 229 2 
16 13 17 164 15 229 2 
16 17 20 314 229 2 
16 152 301 17 229 23 24 153 55 2 
16 152 301 251 17 229 23 24 55 2 
16 152 301 17 229 23 24 153 55 2 
16 152 301 251 17 229 23 24 55 2 
16 152 251 17 23 24 229 55 2 
16 17 229 308 2 
16 152 251 17 23 24 229 55 2 
16 152 17 310 229 23 24 55 2 
16 152 251 17 23 24 229 308 55 2 
16 17 20 314 229 2 
16 17 304 229 2 
16 17 302 229 2 
16 300 17 229 2 
16 318 17 229 2 
16 152 251 17 23 24 229 55 2 
16 17 229 308 2 
16 17 229 308 2 
16 17 304 229 2 
16 300 17 229 2 
16 152 301 17 229 23 24 55 2 
16 152 17 23 24 229 153 55 2 
16 17 304 229 2 
16 301 17 229 2 
16 17 302 229 2 
16 301 17 229 2 
16 17 306 229 2 
16 17 306 229 2 
16 152 17 302 229 23 24 55 2 
16 301 17 229 2 
16 17 302 229 2 
16 17 59 229 15 320 2 
16 152 311 17 229 23 24 153 55 2 
16 152 17 302 229 23 24 55 2 
16 300 17 229 2 
16 17 229 308 2 
16 311 17 229 2 
16 300 17 229 2 
16 301 17 229 2 
16 301 17 229 2 
16 152 17 304 23 24 229 153 55 2 
16 300 17 229 2 
16 152 251 17 23 24 229 55 2 
16 17 304 229 2 
16 301 17 229 2 
16 301 17 229 2 
16 301 17 229 2 
16 152 17 306 229 23 24 55 2 
16 301 17 229 2 
16 17 229 2 
16 104 17 229 2 
16 152 17 229 23 24 153 299 55 2 
16 300 17 229 2 
16 17 3 257 229 320 2 
16 301 17 229 2 
16 152 17 306 229 23 24 55 2 
16 17 304 229 2 
16 301 17 229 2 
16 311 17 229 2 
16 300 17 229 2 
16 152 17 306 229 23 24 153 55 2 
16 301 17 229 2 
16 301 17 229 2 
16 301 17 3 65 229 2 
16 17 305 23 24 229 307 55 2 
16 301 17 229 2 
16 301 17 162 229 15 82 2 
16 152 17 306 229 23 24 153 55 2 
16 301 17 229 2 
16 17 310 229 2 
16 17 304 229 2 
16 17 304 229 2 
16 152 17 302 229 23 24 55 2 
16 152 17 229 23 24 153 299 55 2 
16 152 17 229 23 24 153 299 55 2 
16 152 17 229 23 24 55 2 
16 311 17 229 2 
16 152 17 23 24 229 153 55 2 
16 300 17 229 2 
16 17 304 229 2 
16 17 229 299 2 
16 17 23 24 229 55 2 
16 300 17 229 2 
16 152 301 17 229 23 24 55 2 
16 17 306 229 2 
16 152 17 229 23 24 299 55 2 
16 152 301 17 229 23 24 55 2 
16 152 301 17 229 23 24 55 2 
16 152 17 229 23 24 153 299 55 2 
16 152 301 17 229 23 24 55 2 
16 301 17 229 2 
16 301 17 122 101 229 2 
16 300 17 229 2 
16 300 152 17 229 23 24 153 55 2 
16 152 301 17 229 23 24 153 55 2 