7 8 45 46 112 3 48 108 
7 8 45 46 112 3 48 108 
7 8 45 46 112 3 48 108 
7 8 45 46 112 3 48 108 
7 8 45 46 112 3 48 108 
7 8 45 46 3 48 108 
7 8 45 46 112 3 48 108 
7 8 45 46 112 3 48 108 
7 8 45 46 112 3 48 108 
7 8 45 46 112 3 48 108 
7 8 45 46 112 3 48 108 
7 8 45 46 112 3 48 108 
7 8 45 46 112 3 48 108 
7 8 45 46 112 3 48 108 
7 8 45 46 112 3 48 108 
7 8 45 46 112 3 48 108 
7 8 45 46 112 3 48 108 
7 8 45 46 112 3 48 108 
7 8 45 46 112 3 48 108 
7 8 45 46 112 3 48 108 
7 8 45 46 112 3 48 108 
7 8 45 46 112 3 48 108 
7 8 45 46 112 3 48 108 
7 8 45 46 112 3 48 108 
7 8 45 46 112 3 48 108 
7 8 45 46 112 3 48 108 
7 8 45 46 112 3 48 108 
7 8 45 46 112 3 48 108 
7 8 45 46 112 3 48 108 
7 8 45 46 112 3 48 108 
7 8 45 46 112 3 48 108 
7 8 45 46 112 3 48 108 
7 8 45 46 112 3 48 108 
7 8 45 46 112 3 48 108 
7 8 45 46 112 3 48 108 
7 8 45 46 112 3 48 108 
7 8 45 46 112 3 48 108 
7 8 45 46 112 3 48 108 
7 8 45 46 112 3 48 108 
7 8 45 46 112 3 48 108 
7 8 45 46 112 3 48 108 
7 8 45 46 112 3 48 108 
7 8 45 46 112 3 48 108 
7 8 45 46 112 3 48 108 
7 8 45 46 112 3 48 108 
7 8 45 46 112 3 48 108 
7 8 45 46 112 3 48 108 
7 8 45 46 112 3 48 108 
7 8 45 46 112 3 48 108 
7 8 45 46 112 3 48 108 
7 8 45 46 112 3 48 108 
7 8 45 46 112 3 48 108 
7 8 45 46 112 3 48 108 
7 8 45 46 112 3 48 108 
7 8 45 46 112 3 48 108 
7 8 45 46 112 3 48 108 
7 8 45 46 112 3 48 108 
7 8 45 46 112 3 48 108 
7 8 45 46 112 3 48 108 
7 8 45 46 112 3 48 108 
7 8 45 46 112 3 48 108 
7 8 45 46 112 3 48 108 
7 8 45 46 112 3 48 108 
7 8 45 46 112 3 48 108 
7 8 45 46 112 3 48 108 
7 8 45 46 112 3 48 108 
7 8 45 46 112 3 48 108 
7 8 45 46 112 3 48 108 
7 8 45 46 112 3 48 108 
7 8 45 46 112 3 48 108 
7 8 45 46 112 3 48 108 
7 8 45 46 112 3 48 108 
7 8 45 46 112 3 48 108 
7 8 45 46 112 3 48 108 
7 8 45 46 112 3 48 108 
7 8 45 46 112 3 48 108 
7 8 45 46 112 3 48 108 
7 8 45 46 112 3 48 108 
7 8 45 46 112 3 48 108 
7 8 45 46 112 3 48 108 
7 8 45 46 112 3 48 108 
7 8 45 46 112 3 48 108 
7 8 45 46 112 3 48 108 
7 8 45 46 112 3 48 108 
7 8 45 46 112 3 48 108 
7 8 45 46 112 3 48 108 
7 8 45 46 112 3 48 108 
7 8 45 46 112 3 48 108 
7 8 45 46 112 3 48 108 
7 8 45 46 112 3 48 108 
32 16 17 7 8 3 33 108 
7 8 45 46 112 3 48 108 
7 8 45 46 112 3 48 108 
7 8 45 46 112 3 48 108 
7 8 45 46 112 3 48 108 
7 8 45 46 112 3 48 108 
7 8 45 46 112 3 48 108 
7 8 3 108 
7 8 45 46 112 3 48 108 
7 8 45 46 112 3 48 108 
7 8 45 46 112 3 48 108 
7 8 45 46 112 3 48 108 
16 17 7 8 45 46 112 3 48 108 
7 8 45 46 112 3 48 108 
7 8 45 46 112 3 48 108 
7 8 45 46 112 3 48 108 
7 8 45 46 112 3 48 108 
7 8 45 46 112 3 48 108 
7 8 45 46 112 3 48 108 
7 8 45 46 112 3 48 108 
7 8 45 46 112 3 48 108 
7 8 45 46 112 3 48 108 
7 8 45 46 112 3 48 108 
7 8 45 46 112 3 48 108 
7 8 45 46 112 3 48 108 
7 8 45 46 112 3 48 108 
7 8 45 46 112 3 48 108 
7 8 45 46 112 3 48 108 
7 8 45 46 112 3 48 108 
7 8 45 46 112 3 48 108 
7 8 45 46 112 3 48 108 
7 8 45 46 112 3 48 108 
7 8 45 46 112 3 48 108 
7 8 45 46 112 3 48 108 
7 8 45 112 46 3 48 108 
7 8 45 46 112 3 48 108 
7 8 45 46 112 3 48 108 
7 8 45 46 112 3 48 108 
7 8 45 46 112 3 48 108 
7 8 45 46 112 3 48 108 
7 8 45 46 112 3 48 108 
7 8 45 46 112 3 48 108 
7 8 45 46 112 3 48 108 
7 8 45 46 112 3 48 108 
7 8 45 46 112 3 48 108 
7 8 45 46 112 3 48 108 
7 8 45 112 46 3 48 108 
7 8 45 46 112 3 48 108 
7 8 45 46 112 3 48 108 
7 8 45 46 112 3 48 108 
7 8 45 46 112 3 48 108 
7 8 45 46 112 3 48 108 
7 8 45 46 112 3 48 108 
7 8 45 46 112 3 48 108 
7 8 45 46 112 3 48 108 
7 8 45 46 112 3 48 108 
7 8 45 46 112 3 48 108 