7 8 134 10 5 
7 8 134 10 5 
7 8 134 10 5 
7 8 134 10 5 
16 7 8 19 134 10 5 
7 8 134 10 5 
7 8 134 10 5 
7 8 134 10 5 
7 8 134 10 5 
16 7 8 19 134 10 5 
7 8 134 10 5 
7 8 134 15 10 5 
7 8 134 10 5 
7 8 134 10 5 
7 8 134 10 5 
7 8 134 10 5 
7 8 134 10 5 
7 8 134 10 5 
16 7 8 19 134 10 5 
7 8 134 10 5 
7 8 134 10 5 
7 8 134 10 5 
7 8 134 10 5 
7 8 134 10 5 
7 8 134 10 5 
7 8 134 10 5 
7 8 134 10 5 
7 8 134 10 5 
7 8 134 10 5 
16 7 8 19 134 10 5 
7 8 134 10 5 
7 8 134 10 5 
7 8 134 10 5 
7 8 134 10 5 
7 8 134 10 5 
7 8 134 10 5 
7 8 134 10 5 
7 8 134 10 5 
7 8 134 10 5 
16 7 8 19 134 10 5 
16 7 8 19 134 10 5 
7 8 134 10 5 
7 8 134 10 5 
7 8 134 10 5 
7 8 134 10 5 
16 17 7 8 134 10 5 
7 8 134 10 5 
7 8 134 10 5 
7 8 134 10 5 
7 8 134 10 5 
7 8 134 10 5 
7 8 134 10 5 
7 8 134 10 5 
7 8 134 10 5 
7 8 134 10 5 
114 7 8 134 118 10 5 
7 8 134 10 5 
7 8 134 10 5 
7 8 134 10 5 
7 8 134 10 5 
7 8 134 10 5 
7 8 134 10 5 
7 8 134 10 5 
7 8 134 10 5 
7 8 134 10 5 
7 8 134 10 5 
7 8 134 10 5 
7 8 134 10 5 
7 8 134 10 5 
7 8 134 10 5 
7 8 134 10 5 
16 17 7 8 134 96 10 5 
7 8 134 10 5 
7 8 134 10 5 
7 8 134 10 5 
7 8 134 10 5 
7 8 134 10 5 
7 8 134 10 5 
16 7 8 19 134 10 5 
7 8 134 10 5 
7 8 134 10 5 
7 8 134 10 5 
7 8 134 9 10 5 
7 8 134 10 5 
16 7 8 19 134 10 5 
7 8 134 10 5 
7 8 134 10 5 
7 8 134 10 5 
7 8 134 10 5 
7 8 28 134 23 24 10 5 
7 8 134 10 5 
7 8 134 10 5 
7 8 134 10 5 
7 8 134 10 5 
7 8 134 10 5 
7 8 134 10 5 
7 8 134 10 5 
114 115 7 8 116 134 118 10 5 
7 8 134 10 5 
7 8 134 10 5 
7 8 134 10 5 
7 8 134 10 5 
7 8 20 134 10 5 
7 8 134 10 5 
7 8 134 10 5 
7 8 134 9 10 5 
7 8 134 10 5 
7 8 134 10 5 
16 17 7 8 134 10 5 
7 8 134 10 5 
7 8 134 10 5 
7 8 134 10 5 
16 17 7 8 134 10 5 
16 17 7 8 134 10 5 
7 8 134 10 5 
7 8 134 10 5 
7 8 134 10 5 
7 8 134 10 5 
7 8 134 10 5 
7 8 134 10 5 
7 8 134 10 5 
7 8 134 10 5 
7 8 134 10 5 
7 8 134 9 10 5 
7 8 134 10 5 
7 8 134 10 5 
7 8 134 10 5 
7 8 134 10 5 
7 8 134 10 5 
7 8 134 10 5 
7 8 134 10 5 
7 40 8 134 15 10 5 
7 8 134 10 5 
7 8 134 10 5 
7 8 134 10 5 
16 7 8 19 134 10 5 
7 8 134 10 5 
7 8 134 10 5 
16 7 8 19 134 10 5 
7 8 134 10 5 
16 17 7 8 134 10 5 
7 8 134 10 5 
7 8 134 10 5 
7 8 134 10 5 
7 8 134 10 5 
7 8 134 10 5 
7 8 134 10 5 
27 7 8 134 10 5 
7 8 134 10 5 
7 8 134 10 5 
7 8 134 10 5 
7 8 134 10 5 
7 8 134 10 5 
7 8 134 10 5 
7 8 134 10 5 
7 8 134 10 5 
7 8 134 10 5 
7 8 134 10 5 
7 8 134 9 10 5 
7 8 134 9 10 5 
7 8 134 10 5 
7 8 134 10 5 
7 8 134 10 5 
7 8 134 10 5 
7 8 134 9 10 5 
7 8 134 10 5 
7 8 134 10 5 
7 8 134 10 5 
7 8 134 10 5 
30 31 7 8 134 10 5 
7 8 134 9 10 5 
7 8 134 9 10 5 
7 8 134 9 10 5 
7 8 134 10 5 
7 8 134 10 5 
26 27 7 8 134 10 124 5 
7 8 134 10 5 
7 8 134 10 5 
16 7 8 19 134 10 5 
7 8 134 10 5 
7 8 134 10 5 
7 8 134 10 5 
7 8 134 10 5 
7 8 134 10 5 
7 8 134 10 5 
7 8 134 10 5 
7 8 134 10 5 
7 8 134 10 5 
7 8 134 10 5 
7 8 134 10 5 
7 8 134 10 5 
7 8 134 10 5 
7 8 134 10 5 
7 8 134 10 5 
7 8 134 10 5 
7 8 134 10 5 
7 8 134 10 5 
7 8 134 10 5 
114 7 8 134 118 10 5 
7 8 134 10 5 
7 8 134 10 5 
7 8 358 134 10 5 
7 8 134 10 5 
7 8 134 10 5 
7 8 134 10 5 
7 8 134 10 5 
7 8 134 10 5 
7 8 134 10 5 
7 8 134 10 5 
16 7 8 19 134 10 5 
7 8 134 10 5 
26 27 7 8 134 10 5 
7 8 134 10 5 
7 8 134 10 5 
7 8 134 10 5 
7 8 134 10 5 
7 8 134 10 5 
7 8 134 10 5 
7 8 134 10 5 
7 8 134 10 5 
7 8 134 10 5 
7 8 134 10 5 
7 8 134 10 5 
7 8 134 10 5 
16 17 7 8 134 10 5 
7 8 134 10 5 
7 8 134 10 5 
16 7 8 102 19 134 103 10 5 
16 17 7 8 134 10 5 
7 8 134 10 5 
7 8 134 10 5 
7 8 134 10 5 
16 17 7 8 134 10 5 
7 8 134 10 5 
7 8 134 10 5 
7 8 134 10 5 
7 8 134 10 5 
7 8 134 10 5 
7 8 289 134 10 290 5 
7 8 134 10 5 
7 8 134 10 5 
7 8 134 10 5 
7 8 134 10 5 
7 8 134 10 5 
7 8 134 10 5 
7 8 134 10 5 
7 8 134 10 5 
7 8 134 9 10 5 
7 8 134 10 5 
7 8 134 10 5 
7 8 134 10 5 
7 8 134 10 5 
7 8 134 9 10 5 
7 8 134 9 10 5 
7 8 134 10 5 
16 7 8 102 19 134 103 10 5 
7 8 134 10 5 
7 8 134 10 5 
7 8 134 10 5 
16 17 7 8 134 96 10 5 
7 8 134 10 5 
7 8 134 10 5 
7 8 134 10 5 
7 8 134 9 10 5 
7 8 134 10 5 
7 8 134 10 5 
7 8 134 10 5 
7 8 134 10 5 
7 8 134 10 5 
114 7 8 134 118 10 5 
16 17 7 8 134 10 5 
7 8 134 9 10 5 
7 8 134 10 5 
7 8 134 10 5 
7 8 134 9 10 5 
7 8 134 10 5 
12 7 8 134 9 10 5 
7 8 134 10 5 
7 8 134 10 5 
7 8 134 10 5 
7 8 134 10 5 
7 8 134 10 5 
7 8 134 10 5 
7 8 134 10 5 
7 8 134 10 5 
7 8 134 10 5 
7 8 134 10 5 
7 8 134 10 5 
16 17 7 8 134 10 5 
7 8 134 10 5 
7 8 134 10 5 
7 8 134 10 5 
7 8 134 10 5 
7 8 134 10 5 
7 8 134 10 5 
7 8 134 10 5 
7 8 134 10 5 
7 8 134 10 5 
7 8 134 10 5 
7 8 134 10 5 
7 8 134 10 5 
16 7 8 102 19 134 103 10 5 
7 8 134 10 5 
7 8 134 10 5 
7 8 134 10 5 
7 8 134 10 5 
7 8 134 10 5 
7 8 134 10 5 
7 8 134 10 5 
7 8 134 10 5 
7 8 134 10 5 
16 7 8 19 134 10 5 
7 8 134 10 5 
7 8 28 134 23 24 10 5 
7 8 134 10 5 
7 8 134 10 5 
7 8 134 10 5 
7 8 134 10 5 
7 8 134 10 5 
7 8 134 10 5 
16 17 7 8 134 10 5 
7 8 134 10 5 
16 17 7 8 134 10 5 
7 8 134 10 5 
7 8 134 10 5 
7 8 134 10 5 
7 8 134 10 5 
7 8 134 10 5 
7 8 134 10 5 
7 8 134 10 5 
7 8 134 9 10 5 
7 8 134 9 10 5 
7 8 134 10 5 
7 8 134 10 5 
7 8 134 10 5 
16 17 7 8 134 10 5 
7 8 134 10 5 
7 8 134 10 5 
7 8 134 10 5 
7 8 134 10 5 
7 8 134 10 5 
7 8 134 10 5 
7 8 134 10 5 
7 8 134 10 5 
7 8 134 10 5 
16 17 7 8 134 10 5 
7 8 134 10 5 
7 8 134 10 5 
16 17 7 8 134 10 5 
7 8 134 10 5 
7 8 134 10 5 
12 7 8 134 9 10 5 
7 8 134 10 5 
7 8 134 10 5 
7 8 134 10 5 
7 8 134 10 5 
16 7 8 134 10 5 
7 8 134 10 5 
16 17 7 8 134 10 5 
7 8 134 10 5 
16 17 7 8 134 10 5 
7 8 134 9 10 5 
7 8 134 10 5 
7 8 134 10 5 
7 8 134 10 5 
16 17 7 8 134 10 5 
7 8 134 10 5 
7 8 20 134 10 5 
16 7 8 102 19 134 103 10 5 
7 8 134 10 5 
7 8 134 10 5 
7 8 134 10 5 
7 8 134 10 5 
7 8 134 10 5 
7 8 134 10 5 
7 8 134 10 5 
7 8 134 10 5 
7 8 134 10 5 
16 17 7 8 134 10 5 
7 8 134 10 5 
7 8 134 10 5 
7 8 134 10 5 
7 8 134 10 5 
7 8 134 10 5 
7 8 134 10 5 
7 8 134 10 5 
7 8 134 10 5 
7 8 134 10 5 
7 8 134 10 5 
7 8 134 10 5 
7 8 134 10 5 
7 8 134 10 5 
7 8 134 10 5 
7 8 134 10 5 
7 8 134 10 5 
16 17 7 8 134 10 5 
7 8 134 10 5 
7 8 134 9 10 5 
7 8 134 10 5 
7 8 134 10 5 
7 8 134 10 5 
16 17 7 8 134 10 5 
7 8 134 10 5 
16 17 7 8 134 10 5 
7 8 134 10 5 
7 8 134 10 5 
7 8 134 10 5 
7 8 134 10 5 
7 8 134 10 5 
16 17 7 8 134 10 5 
16 17 7 8 134 10 5 
7 8 134 10 5 
16 17 7 8 134 10 5 
7 8 134 10 5 
7 8 134 10 5 
7 8 134 10 5 
16 17 7 8 134 10 5 
7 8 134 10 5 
7 8 134 10 5 
7 8 134 10 5 
7 8 134 10 5 
7 8 134 10 5 
7 8 134 10 5 
7 8 134 10 5 
7 8 134 10 5 
7 8 134 10 5 
7 8 134 10 5 
7 8 134 10 5 
7 8 134 10 5 
7 8 134 10 5 
7 8 134 10 5 
7 8 134 10 5 
7 8 134 10 5 
7 8 134 10 5 
16 17 7 8 134 10 5 
7 8 134 10 5 
7 8 134 10 5 
7 8 134 10 5 
7 8 134 10 5 
7 8 28 134 23 24 10 5 
7 8 134 10 5 
7 8 134 10 5 
7 8 134 10 5 
7 8 134 10 5 
7 8 134 10 5 
7 8 134 10 5 
7 8 134 10 5 
7 8 134 10 5 
7 8 134 10 5 
30 31 7 8 134 10 5 
7 8 134 10 5 
7 8 134 10 5 
7 8 134 10 5 
7 8 134 10 5 
7 8 134 10 5 
16 7 8 134 10 5 
7 8 134 10 5 
7 8 134 9 10 5 
7 8 134 10 5 
7 8 134 10 5 
16 17 7 8 134 10 5 
7 8 134 10 5 
7 8 134 10 5 
16 7 8 102 19 134 103 10 5 
7 8 134 10 5 
16 17 7 8 134 10 5 
16 17 7 8 134 96 10 5 
7 8 134 10 5 
7 8 134 15 10 82 5 
7 8 134 10 5 
7 8 134 9 10 5 
16 17 7 8 134 10 5 
7 8 134 10 5 
7 8 134 10 5 
16 7 8 19 134 10 5 
7 8 134 10 5 
7 8 134 10 5 
7 8 134 10 5 
7 8 134 10 5 
7 8 134 10 5 
7 8 134 10 5 
7 8 134 10 5 
7 8 134 10 5 
7 8 134 10 5 
7 8 134 10 5 
7 8 134 10 5 
7 8 134 10 5 
7 8 134 10 5 
7 8 134 10 5 
7 8 134 10 5 
16 17 7 8 134 10 5 
16 7 8 19 134 10 5 
16 17 7 8 134 10 5 
7 8 28 134 23 24 10 5 
7 8 134 10 5 
7 8 28 134 23 24 10 5 
7 8 134 10 5 
7 8 134 10 5 
16 17 7 8 134 10 5 
7 8 134 10 5 
7 8 28 134 23 24 10 5 
16 17 7 8 134 10 5 
7 8 134 10 5 
7 8 134 10 5 
7 8 134 10 5 
7 8 134 10 5 
7 8 134 10 5 
7 8 134 10 5 
7 8 28 134 23 24 10 5 
7 8 134 10 5 
7 8 134 10 5 
16 7 8 19 134 84 10 5 
7 8 134 10 5 
7 8 134 9 10 5 
7 8 134 10 5 
16 17 7 8 134 10 5 
26 27 7 8 134 10 5 
7 8 134 10 5 
7 8 134 10 5 
16 17 7 8 134 10 5 
7 8 134 10 5 
7 8 134 10 5 
7 8 134 10 5 
7 8 134 10 5 
7 8 134 10 5 
7 8 134 10 5 
16 7 8 102 19 134 103 10 5 
7 8 134 10 5 
7 8 134 10 5 
7 8 134 10 5 
7 8 134 10 5 
16 17 7 8 134 10 5 
7 8 134 10 5 
7 8 134 10 5 
16 17 7 8 134 10 5 
16 17 7 8 134 10 5 
7 8 134 10 5 
7 8 134 10 5 
7 8 134 10 5 
16 17 7 8 134 10 5 
16 17 7 8 134 10 5 
7 8 134 10 5 
7 8 134 10 5 
7 8 134 9 10 5 
7 8 134 10 5 
7 8 134 10 5 
7 8 134 10 5 
7 8 134 10 5 
7 8 134 10 5 
16 17 7 8 134 10 5 
7 8 134 10 5 
7 8 134 10 5 
7 8 134 10 5 
7 8 134 10 5 
7 8 134 10 5 
7 8 134 10 5 
7 8 134 10 5 
7 8 134 10 5 
7 8 134 10 5 
7 8 134 10 5 
7 8 134 10 5 
7 8 134 10 5 
7 8 134 10 5 
7 8 134 10 5 
7 8 134 10 5 
7 8 134 10 5 
114 7 8 134 118 10 5 
7 8 134 10 5 
7 8 134 10 5 
7 8 134 10 5 
7 8 134 10 5 
7 8 134 10 5 
7 8 134 10 5 
7 8 134 10 5 
7 8 134 10 5 
7 8 134 10 5 
7 8 134 10 5 
7 8 134 10 5 
7 8 134 10 5 
7 8 134 10 5 
7 8 134 10 5 
7 8 134 10 5 
7 8 134 10 5 
7 8 134 10 5 
7 8 134 10 5 
7 8 134 10 5 
7 8 134 10 5 
7 8 134 10 5 
7 8 134 9 10 5 
7 8 134 10 5 
16 17 7 8 134 10 5 
7 8 134 10 5 
7 8 134 10 5 
7 8 134 10 5 
7 8 134 10 5 
7 8 134 10 5 
7 8 134 10 5 
7 8 134 10 5 
7 8 134 10 5 
7 8 134 10 5 
7 8 134 10 5 
7 8 134 9 10 5 
7 8 134 10 5 
7 8 134 10 5 
16 17 7 8 134 10 5 
7 8 134 10 5 
7 8 134 10 5 
16 17 7 8 134 10 5 
16 17 7 8 134 10 5 
16 17 7 8 134 10 5 
7 8 134 10 5 
7 8 134 10 5 
7 8 134 10 5 
7 8 134 10 5 
7 8 134 10 5 
7 8 134 10 5 
7 8 134 10 5 
7 8 134 10 5 
7 8 134 10 5 
16 17 7 8 134 10 5 
16 17 7 8 134 10 5 
7 8 134 10 5 
16 17 7 8 134 10 5 
7 8 134 10 5 
7 8 134 10 5 
7 8 134 10 5 
7 8 134 10 5 
7 8 134 10 5 
16 17 7 8 134 10 5 
7 8 134 10 5 
7 8 134 10 5 
7 8 134 10 5 
16 17 7 8 134 10 5 
7 8 134 10 5 
7 8 134 10 5 
7 8 134 10 5 
7 8 134 10 5 
7 8 134 10 5 
7 8 134 10 5 
7 8 134 10 5 
7 8 134 10 5 
7 8 134 10 5 
7 8 134 10 5 
7 8 134 10 5 
16 17 7 8 134 10 5 
7 8 134 10 5 
7 8 134 10 5 
7 8 134 10 5 
7 8 134 10 5 
16 17 7 8 134 10 5 
7 8 134 10 5 
7 8 134 10 5 
7 8 131 134 10 5 
7 8 134 10 5 
7 8 134 10 5 
7 8 134 10 5 
7 8 134 10 5 
7 8 134 10 5 
7 8 134 10 5 
7 8 134 10 5 
7 8 134 10 5 
7 8 134 10 5 
7 8 134 9 10 5 
7 8 134 10 5 
7 8 134 10 5 
7 8 134 10 5 
32 16 17 7 8 33 134 10 5 
16 7 8 19 134 10 5 
16 17 7 8 134 10 5 
7 8 134 10 5 
7 8 134 10 5 
7 8 134 10 5 
16 17 7 8 134 10 5 
7 8 134 10 5 
16 7 8 19 134 10 5 
16 17 7 8 134 10 5 
7 8 134 10 5 
16 17 7 8 134 10 5 
7 8 134 10 5 
7 8 134 10 5 
7 8 134 10 5 
16 17 7 8 134 229 10 5 
7 8 134 10 5 
114 7 8 134 118 10 5 
7 8 134 10 5 
16 17 7 8 134 10 5 
7 8 134 10 5 
7 8 134 10 5 
16 17 7 8 134 10 5 
7 8 134 10 5 
7 8 134 10 5 
7 8 134 10 5 
16 17 7 8 134 10 5 
16 17 7 8 134 10 5 
7 8 134 10 5 
7 8 134 10 5 
7 8 134 10 5 
7 8 134 10 5 
7 8 134 10 5 
7 8 134 10 5 
7 8 134 10 5 
7 8 134 10 5 
7 8 134 10 5 
7 8 134 10 5 
7 8 134 10 5 
7 8 134 10 5 
16 17 7 8 134 10 5 
7 8 134 10 5 
7 8 134 10 5 
16 17 7 8 134 10 5 
7 8 134 10 5 
7 8 134 10 5 
7 8 134 10 5 
7 8 134 10 5 
7 8 134 10 5 
7 8 134 10 5 
16 17 7 8 134 10 5 
7 8 134 10 5 
7 8 134 10 5 
7 8 134 10 5 
7 8 134 10 5 
7 8 134 10 5 
7 8 134 10 5 
7 8 134 10 5 
7 8 134 10 5 
7 8 134 10 5 
7 8 134 10 5 
7 8 134 10 5 
7 8 134 10 5 
26 27 7 8 134 10 5 
7 8 134 10 5 
7 8 134 10 5 
7 8 134 10 5 
7 8 134 10 5 
7 8 134 10 5 
7 8 134 10 5 
7 8 134 10 5 
7 8 134 10 5 
7 8 134 10 5 
7 8 134 10 5 
7 8 134 10 5 
7 8 134 10 5 
16 17 7 8 134 10 5 
7 8 134 10 5 
16 7 8 102 19 134 103 10 5 
16 17 7 8 134 10 5 
16 17 7 8 134 10 5 
16 17 7 8 134 10 5 
7 8 134 10 5 
7 8 134 10 5 
16 17 7 8 134 10 5 
7 8 134 10 5 
7 8 134 10 5 
7 8 134 10 5 
7 8 134 10 5 
7 8 134 10 5 
7 8 134 10 5 
7 8 134 10 5 
7 8 134 10 5 
16 17 7 8 134 10 5 
7 8 134 10 5 
7 8 134 10 5 
7 8 134 10 5 
16 17 7 8 134 10 5 
16 17 7 8 134 10 5 
7 8 134 10 5 
16 17 7 8 134 10 5 
7 8 134 10 5 
114 7 8 134 118 10 5 
7 8 134 10 5 
7 8 134 10 5 
16 17 7 8 134 10 5 
16 17 7 8 134 10 5 
16 17 7 8 134 10 5 
7 8 134 10 5 
7 8 134 10 5 
7 8 134 10 5 
7 8 134 10 5 
32 16 17 7 8 33 134 10 5 
7 8 134 10 5 
7 8 134 10 5 
7 8 134 10 5 
7 8 134 10 5 
7 8 134 10 5 
16 17 7 8 134 10 5 
7 8 134 10 5 
7 8 134 10 5 
7 8 134 10 5 
7 8 134 10 5 
16 17 7 8 134 10 5 
7 8 134 10 5 
7 8 134 10 5 
7 8 134 10 5 
7 8 134 10 5 
7 8 134 10 5 
16 17 7 8 134 10 5 
16 17 7 8 134 10 5 
7 8 134 10 5 
7 8 134 10 5 
16 17 7 8 134 10 5 
7 8 134 10 5 
7 8 134 10 5 
7 8 134 10 5 
7 8 134 10 5 
7 8 134 10 5 
7 8 134 10 5 
7 8 134 10 5 
16 17 7 8 134 10 5 
7 8 134 10 5 
7 8 134 10 5 
16 17 7 8 134 10 5 
7 8 134 10 5 
7 8 134 10 5 
7 8 134 10 5 
7 8 134 10 5 
7 8 134 10 5 
7 8 134 10 5 
16 17 7 8 134 10 5 
7 8 134 10 5 
7 8 134 10 5 
7 8 134 10 5 
7 8 134 10 5 
7 8 134 10 5 
7 8 134 10 5 
7 8 134 10 5 
7 8 134 10 5 
7 8 134 9 10 5 
7 8 134 10 5 
7 8 134 10 5 
16 17 7 8 134 10 5 
7 8 134 10 5 
16 17 7 8 134 10 5 
7 8 134 10 5 
7 8 134 10 5 
7 8 134 10 5 
7 8 134 10 5 
16 17 7 8 134 10 5 
7 8 134 10 5 
32 16 17 7 8 33 134 10 5 
7 8 134 10 5 
16 17 7 8 134 10 5 
16 17 7 8 134 10 5 
7 8 134 10 5 
7 8 134 10 5 
7 8 134 10 5 
7 8 134 10 5 
7 8 134 10 5 
7 8 59 134 15 10 5 
7 8 134 10 5 
7 8 134 10 5 
7 8 134 10 5 
16 17 7 8 134 10 5 
7 8 134 10 5 
16 17 7 8 134 10 5 
7 8 134 10 5 
7 8 134 10 5 
7 8 134 10 5 
7 8 134 10 5 
7 8 134 10 5 
7 8 134 10 5 
7 8 134 10 5 
7 8 134 10 5 
16 7 8 102 19 134 103 10 5 
7 8 134 10 5 
7 8 134 10 5 
7 8 134 10 5 
7 8 134 10 5 
7 8 134 10 5 
7 8 134 10 5 
7 8 134 10 5 
16 17 7 8 134 10 5 
16 17 7 8 134 10 5 
7 8 134 10 5 
7 8 134 10 5 
7 8 134 15 10 5 
7 8 28 134 23 24 10 5 
7 8 134 10 5 
7 8 134 10 5 
7 8 134 10 5 
26 27 7 8 134 10 5 
16 17 7 8 134 10 5 
7 8 134 10 5 
7 8 134 10 5 
16 17 7 8 134 10 5 
7 8 134 10 5 
7 8 134 10 5 
7 8 134 10 5 
7 8 134 10 5 
7 8 134 10 5 
7 8 134 9 10 5 
7 8 134 10 5 
7 8 134 10 5 
7 8 134 10 5 
7 8 134 10 5 
16 7 8 102 19 134 103 10 5 
7 8 134 10 5 
7 8 134 10 5 
7 8 134 10 5 
7 8 134 10 5 
7 8 134 10 5 
7 8 134 10 5 
16 17 7 8 134 10 5 
16 17 7 8 134 10 5 
7 8 134 10 5 
7 8 134 10 5 
7 8 134 10 5 
7 8 134 10 5 
7 8 134 10 5 
16 17 7 8 134 10 5 
7 8 134 10 5 
7 8 134 10 5 
7 8 134 10 5 
7 8 134 10 5 
16 7 8 102 19 134 103 10 5 
7 8 134 10 5 
7 8 134 10 5 
7 8 134 10 5 
7 8 134 10 5 
7 8 134 10 5 
7 8 134 10 5 
16 17 7 8 134 10 5 
7 8 134 10 5 
7 8 134 10 5 
7 8 134 10 5 
7 8 134 10 5 
7 8 134 10 5 
7 8 134 10 5 
7 8 134 10 5 
7 8 134 10 5 
7 8 134 10 5 
7 8 134 10 5 
7 8 134 10 5 
7 8 134 10 5 
7 8 134 9 10 5 
7 8 134 10 5 
7 8 134 10 5 
7 8 134 10 5 
7 8 134 10 5 
7 8 134 10 5 
114 7 8 134 118 10 5 
16 17 7 8 134 10 5 
7 8 134 10 5 
7 8 134 10 5 
7 8 134 10 5 
16 17 7 8 134 10 5 
7 8 134 10 5 
7 8 134 10 5 
7 8 134 10 5 
7 8 134 10 5 
7 8 134 10 5 
7 8 134 10 5 
16 17 7 8 134 10 5 
16 17 7 8 134 10 5 
7 8 134 10 5 
7 8 134 10 5 
7 8 134 10 5 
7 8 134 10 5 
7 8 134 10 5 
7 8 134 10 5 
7 8 134 10 5 
7 8 134 10 5 
7 8 134 10 5 
7 8 134 10 5 
7 8 134 10 5 
7 8 134 10 5 
16 17 7 8 134 10 5 
7 8 134 10 5 
32 16 17 7 8 33 134 10 5 
7 8 134 10 5 
7 8 134 10 5 
7 34 8 15 134 35 10 5 
7 8 134 10 5 
7 8 134 10 5 
16 17 7 8 134 10 5 
7 8 134 10 5 
7 8 134 10 5 
7 8 134 10 5 
16 17 7 8 134 10 5 
7 8 134 10 5 
7 8 134 10 5 
7 8 134 10 5 
7 8 134 10 5 
7 8 134 10 5 
16 17 7 8 134 10 5 
7 8 134 10 5 
7 8 134 10 5 
7 8 134 10 5 
7 8 134 10 5 
16 7 8 102 19 134 103 10 5 
32 16 17 7 8 33 134 10 5 
7 8 134 10 5 
7 8 134 9 10 5 
16 7 8 102 19 134 103 10 5 
7 8 134 10 5 
16 17 7 8 134 10 5 
7 8 134 10 5 
7 8 134 10 5 
7 8 134 10 5 
7 8 134 10 5 
7 8 134 10 5 
7 8 134 10 5 
16 17 7 8 134 10 5 
7 8 134 10 5 