7 8 9 10 108 
7 8 9 10 108 
12 7 8 9 10 108 
18 7 8 9 10 108 
7 8 9 10 108 
7 8 9 10 108 
18 7 8 9 10 108 
7 8 9 10 108 
7 8 9 10 108 
18 7 8 9 10 108 
18 7 8 9 10 108 
7 8 9 10 108 
7 8 9 10 108 
7 8 9 10 108 
7 8 9 10 108 
18 7 8 9 10 108 
18 7 8 9 10 108 
18 7 8 9 10 108 
18 7 8 9 10 108 
18 7 8 9 10 108 
18 7 8 9 10 108 
18 7 8 9 10 108 
18 7 8 9 10 108 
18 7 8 9 10 108 
7 8 9 10 108 
18 7 8 9 10 108 
18 7 8 9 10 108 
18 7 8 9 10 108 
18 7 8 9 10 108 
18 7 8 9 10 108 
7 8 9 10 108 
7 8 9 10 108 
18 7 8 9 10 108 
7 8 9 10 108 
7 8 9 10 108 
18 7 8 9 10 108 
18 7 8 9 10 108 
7 8 9 10 108 
7 8 9 10 108 
18 7 8 9 10 108 
18 7 8 9 10 108 
12 7 8 9 10 108 
18 7 8 9 10 108 
18 7 8 9 10 108 
18 7 8 9 10 108 
18 7 8 9 10 108 
7 8 9 10 108 
18 7 8 9 10 108 
18 7 8 9 10 108 
18 7 8 9 10 108 
18 7 8 9 10 108 
18 7 8 9 10 108 
7 8 9 10 108 
18 7 8 9 10 108 
7 8 9 10 108 
7 8 9 10 108 
18 7 8 9 10 108 
18 7 8 9 10 108 
18 7 8 9 10 108 
7 8 94 9 10 108 
18 7 8 9 10 108 
7 8 9 10 108 
18 7 8 9 10 108 
7 8 9 10 108 
18 7 8 9 10 108 
18 7 8 9 10 108 
32 16 17 7 8 33 9 10 108 
7 8 9 10 108 
18 7 8 9 10 108 
18 7 8 9 10 108 
18 7 8 9 10 108 
18 7 8 9 10 108 
18 7 8 9 10 108 
18 7 8 9 10 108 
18 7 8 9 10 108 
7 8 9 10 108 
18 7 8 9 10 108 
7 8 9 10 108 
18 7 8 9 10 108 
18 7 8 9 10 108 
18 7 8 9 10 108 
18 7 8 9 10 108 
18 7 8 9 10 108 
18 7 8 9 10 108 
18 7 8 9 10 108 
18 7 8 9 10 108 
18 7 8 9 10 108 
18 7 8 9 10 108 
18 7 8 9 10 108 
18 7 8 9 10 108 
7 8 9 10 108 
18 7 8 9 10 108 
18 7 8 9 10 108 
18 7 8 9 10 108 
7 8 9 10 108 
18 7 8 9 10 108 
7 8 9 10 108 
18 7 8 9 10 108 
18 7 8 9 10 108 
18 7 8 9 10 108 
7 8 9 10 108 
7 8 9 10 108 
18 7 8 9 10 108 
7 8 9 10 108 
18 7 8 9 10 108 
18 7 8 9 10 108 
18 7 8 9 10 108 
18 7 8 9 10 108 
7 8 9 10 108 