7 8 9 10 108 
7 8 9 10 108 
7 8 9 10 108 
7 8 9 10 108 
7 8 9 10 108 
7 8 9 10 108 
7 8 9 10 108 
7 8 9 10 108 
7 8 9 10 108 
7 8 9 10 108 
7 8 9 10 108 
27 7 8 9 10 108 
7 8 9 10 108 
7 8 9 10 108 
7 8 9 10 108 
7 8 9 10 108 
7 8 9 10 108 
7 8 9 10 108 
7 8 9 10 108 
7 8 9 10 108 
7 8 9 10 108 
7 8 9 10 108 
7 8 9 10 108 
7 8 9 10 108 
7 8 9 10 108 
7 8 9 10 108 
7 8 9 10 108 
7 8 9 10 108 
7 8 9 10 108 
7 8 9 10 108 
7 8 9 10 108 
7 8 9 10 108 
7 8 9 10 108 
7 8 9 10 108 
7 8 9 10 108 
7 8 9 10 108 
7 8 9 10 108 
7 8 9 10 108 
7 8 9 10 108 
7 8 9 10 108 
7 8 9 10 108 
7 8 9 10 108 
7 8 9 10 108 
7 8 9 10 108 
7 8 9 10 108 
7 8 9 10 108 
7 8 9 10 108 
7 8 9 10 108 
7 8 9 10 108 
7 8 9 10 108 
7 8 9 10 108 
7 8 9 10 108 
16 17 7 8 9 10 108 
7 8 9 10 108 
32 16 17 7 8 33 9 10 108 
7 8 9 10 108 
7 8 9 10 108 
7 8 9 10 108 
7 8 9 10 108 
7 8 9 10 108 
7 8 9 10 108 
7 8 9 10 108 
7 8 9 10 108 
7 8 9 10 108 
7 8 9 10 108 
7 8 9 10 108 
7 8 9 10 108 
7 8 9 10 108 
77 7 8 20 9 10 108 
7 8 9 10 108 
7 8 9 10 108 
7 8 9 10 108 
7 8 9 10 108 
7 8 9 10 108 
7 8 9 10 108 
7 8 9 10 108 
7 8 9 10 108 
7 8 9 10 108 
7 8 9 10 108 
7 8 9 10 108 
7 8 9 10 108 
7 8 9 10 108 
7 8 9 10 108 
7 8 9 10 108 
7 8 9 10 108 
7 8 9 10 108 
7 8 9 10 108 
7 8 9 10 108 
7 8 9 10 108 
7 8 9 10 108 
7 8 9 10 108 
7 8 9 10 108 
7 8 9 10 108 
7 8 9 10 108 
7 8 9 10 108 
7 8 9 10 108 
7 8 9 10 108 
18 7 8 9 10 108 
7 8 9 10 108 
7 8 9 10 108 
7 8 9 10 108 
7 8 9 10 108 
7 8 9 10 108 
7 8 9 10 108 
7 8 9 10 108 
7 8 9 10 108 
7 8 9 10 108 
7 8 9 10 108 
7 8 9 10 108 
7 8 9 10 108 
7 8 9 10 108 
7 8 9 10 108 
7 8 9 10 108 
7 8 9 10 108 
7 8 9 10 108 
7 8 94 9 10 108 
7 8 9 10 108 
7 8 9 10 108 
7 8 9 10 108 
7 8 9 10 108 
7 8 9 10 108 
7 8 9 10 108 
7 8 9 10 108 
7 8 9 10 108 
7 8 9 10 108 
7 8 9 10 108 
7 8 9 10 108 
7 8 9 10 108 
7 8 9 10 108 
7 8 9 10 108 
7 8 9 10 108 
7 8 9 10 108 
7 8 9 10 108 
7 8 9 10 108 
7 8 9 10 108 
18 7 8 9 10 108 
7 8 9 10 108 
18 7 8 9 10 108 
7 8 9 10 108 
18 7 8 9 10 108 
7 8 9 10 108 
18 7 8 9 10 108 
7 8 9 10 108 
7 8 9 10 108 
7 8 9 10 108 
18 7 8 9 10 108 
7 8 9 10 108 
18 7 8 9 10 108 
7 8 9 10 108 
27 7 8 9 10 83 43 108 
18 7 8 9 10 108 
7 8 9 10 108 
7 8 9 10 108 
7 8 9 10 108 
18 7 8 9 10 108 
7 8 9 10 108 
7 8 9 10 108 
27 7 8 9 71 10 43 108 
7 8 9 10 108 
26 27 7 8 9 10 108 
7 8 9 10 108 