7 8 9 10 108 
18 7 8 9 10 108 
7 8 9 10 108 
18 7 8 9 10 108 
7 8 9 10 108 
7 8 9 10 108 
7 8 9 10 108 
7 8 9 10 108 
18 7 8 9 10 108 
18 7 8 9 10 108 
18 7 8 9 10 108 
18 7 8 9 10 108 
7 8 9 10 108 
18 7 8 9 10 108 
18 7 8 9 10 108 
18 7 8 9 10 108 
7 8 9 10 108 
18 7 8 9 10 108 
18 7 8 9 10 108 
18 7 8 9 10 108 
18 7 8 9 10 108 
18 7 8 9 10 108 
18 7 8 9 10 108 
18 7 8 9 10 108 
18 7 8 9 10 108 
18 7 8 9 10 108 
18 7 8 9 10 108 
18 7 8 9 10 108 
7 8 9 10 108 
7 8 9 10 108 
7 8 9 10 108 
18 7 8 9 10 108 
18 7 8 9 10 108 
18 7 8 9 10 108 
18 7 8 9 10 108 
18 7 8 9 10 108 
7 8 9 10 108 
18 7 8 9 10 108 
18 7 8 9 10 108 
7 8 9 10 108 
18 7 8 9 10 108 
18 7 8 9 10 108 
18 7 8 9 10 108 
7 8 9 10 108 
18 7 8 9 10 108 
18 7 8 9 10 108 
18 7 8 9 10 108 
7 8 9 10 108 
7 8 9 10 108 
7 8 9 10 108 
7 8 9 10 108 
7 8 9 10 108 
18 7 8 9 10 108 
7 8 9 10 108 
16 7 8 9 10 108 
7 8 9 10 108 
7 8 9 10 108 
18 7 8 9 10 108 
7 8 9 10 108 
7 8 9 10 108 
7 8 9 10 108 
7 8 9 10 108 
7 8 9 10 108 
7 8 9 10 108 
7 8 9 10 108 
18 7 8 9 10 108 
7 8 9 10 108 
12 7 8 9 10 108 
7 8 9 10 108 
18 7 8 9 10 108 
7 8 9 10 108 
7 8 9 10 108 
18 7 8 9 10 108 
18 7 8 9 10 108 
7 8 9 10 108 
7 8 9 10 108 
7 8 9 10 108 
18 7 8 9 10 108 
18 7 8 9 10 108 
7 8 9 10 108 
18 7 8 9 10 108 
18 7 8 9 10 108 
7 8 9 10 108 
7 8 9 10 108 
12 7 8 9 10 108 
7 8 9 10 108 
7 8 9 10 108 
7 8 9 10 108 
7 8 9 10 108 
7 8 9 10 108 
7 8 9 10 108 
7 8 9 10 108 
18 7 8 9 10 108 
7 8 9 10 108 
7 8 9 10 108 
7 8 9 10 108 
7 8 9 10 108 
18 7 8 9 10 108 
7 8 9 10 108 
18 7 8 9 10 108 
7 8 9 10 108 
18 7 8 9 10 108 
7 8 9 10 108 
18 7 8 9 10 108 
7 8 9 10 108 
7 8 9 10 108 
7 8 9 10 108 
7 8 9 10 108 
7 8 9 10 108 
7 8 9 10 108 
7 8 9 10 108 
18 7 8 9 10 108 
18 7 8 9 10 108 
7 8 9 10 108 
18 7 8 9 10 108 
7 8 9 10 108 
7 8 9 10 108 
7 8 9 10 108 
18 7 8 9 10 108 
18 7 8 9 10 108 
18 7 8 9 10 108 
18 7 8 9 10 108 
7 8 9 10 108 
18 7 8 9 10 108 
7 8 9 10 108 
12 7 8 9 10 108 
7 8 9 10 108 
7 8 9 10 108 
7 8 9 10 108 
6 7 8 9 10 108 
7 8 9 10 108 
7 8 9 10 108 
7 8 9 10 108 
7 8 9 10 108 
7 8 9 10 108 
7 8 9 10 108 
7 8 9 10 108 
7 8 9 10 108 
7 8 9 10 108 