77 7 20 9 10 2 
20 39 2 
77 20 2 
16 77 17 20 70 2 
26 27 77 7 20 2 
77 20 2 
20 39 2 
77 20 24 2 
60 20 2 
61 20 2 
61 20 2 
25 20 2 
22 20 39 23 24 2 
20 2 
20 66 2 
16 17 20 66 2 
20 2 
25 20 28 23 24 2 
148 149 7 25 20 110 2 
77 20 2 
20 2 
16 17 20 69 2 
20 2 
77 20 2 
60 20 2 
7 20 2 
77 20 2 
20 2 
60 20 2 
60 20 2 
60 20 2 
60 20 2 
60 20 2 
60 20 2 
60 20 2 
60 20 2 
60 20 2 
60 20 2 
60 20 2 
60 20 2 
60 20 2 
60 20 2 
60 20 2 
61 20 2 
61 20 2 
61 20 2 
61 20 2 
61 20 2 
61 20 2 
61 20 2 
61 20 2 
20 39 2 
20 39 2 
20 39 2 
20 39 2 
16 61 17 20 69 2 
26 27 7 20 39 2 
20 2 
20 2 
20 39 2 
77 20 2 
60 20 2 
20 66 2 
20 2 
20 39 2 
20 2 
64 20 2 
64 20 3 65 2 
64 20 2 
20 2 
20 2 
20 66 2 
7 20 9 10 2 
7 20 2 
20 39 2 
20 2 
20 39 2 
60 20 2 
61 20 2 
61 20 2 
61 20 2 
61 20 2 
61 20 2 
61 20 2 
61 20 2 
61 20 2 
20 39 2 
20 2 
20 2 
20 66 2 
20 2 
20 2 
7 20 2 
60 20 2 
60 20 2 
26 27 77 7 20 2 
20 39 2 
20 39 2 
20 2 
77 7 20 2 
26 27 77 7 20 2 
26 27 77 7 20 2 
20 2 
26 27 7 20 2 
7 20 2 
20 2 
26 27 77 7 20 2 
20 78 2 
77 20 2 
16 17 20 70 2 
60 20 2 
77 20 2 
77 20 78 2 
20 39 2 
20 39 2 
20 39 2 
77 20 2 
77 20 2 
77 20 2 
20 2 
16 77 17 20 69 2 
7 20 2 
20 66 2 
20 2 
20 2 
77 20 2 
16 17 20 56 2 
20 2 
20 2 
32 16 17 20 33 2 
20 2 
16 17 20 69 2 
77 20 2 
58 20 2 
58 7 20 2 
58 20 2 
20 2 
60 20 2 
60 20 2 
60 20 2 
32 16 60 17 20 33 2 
60 20 2 
20 2 
77 7 20 9 10 2 
77 20 2 
77 7 20 9 10 2 
77 20 2 
20 39 2 
20 39 2 
20 39 2 
20 2 
16 61 17 20 69 2 
7 20 2 
20 39 2 
64 20 3 65 2 
64 20 2 
20 2 
20 2 
20 3 65 66 2 
7 20 2 
77 7 20 2 
77 7 20 2 
77 20 2 
60 20 2 
60 20 2 
60 20 2 
60 20 2 
60 20 2 
60 20 2 
61 20 2 
32 16 17 77 20 33 2 
77 20 2 
77 20 2 
20 2 
61 20 2 
77 34 20 15 35 2 
77 20 2 
77 20 2 
77 20 59 15 2 
64 20 2 
7 20 2 
7 25 20 9 10 2 
20 2 
60 20 2 
16 20 19 2 
26 27 7 20 2 
20 2 
77 20 2 
20 2 
77 7 20 9 10 2 
77 20 2 
60 20 2 
60 20 2 
60 20 2 
77 20 2 
20 2 
20 2 
20 66 2 
20 2 
20 2 
20 2 
20 2 
20 2 
26 27 77 7 20 2 
26 27 7 20 2 
60 20 2 
60 20 2 
61 20 2 
7 20 2 
20 66 2 
20 2 
77 20 2 
20 2 
77 20 2 
77 20 2 
7 20 2 
60 20 2 
77 20 2 
77 20 2 
20 66 2 
77 7 20 2 
20 66 2 
1 20 66 2 
20 2 
77 20 2 
20 2 
20 2 
77 20 2 
20 2 
20 78 2 
20 2 
20 2 
20 2 
20 2 
60 20 2 
7 46 20 39 51 2 
20 2 
25 20 2 
20 2 
20 2 
20 2 
20 39 2 
60 20 2 
60 20 2 
60 20 2 
61 20 2 
20 2 
7 20 2 
20 39 2 
77 20 2 
77 20 2 
20 66 2 
16 17 20 2 
20 2 
20 3 2 
26 27 7 20 2 
29 20 2 
7 20 2 
20 39 2 
20 2 
60 20 2 
60 20 2 
60 20 2 
60 20 2 
26 27 60 7 20 2 
20 2 
77 20 2 
77 20 2 
77 20 2 
26 27 77 7 20 2 
20 2 
20 2 
77 20 2 
77 20 2 
16 61 17 20 2 
16 61 17 20 2 
61 20 2 
77 7 20 2 
7 20 9 10 2 
7 20 2 
26 27 77 7 20 2 
7 20 9 10 2 
64 20 2 
64 20 2 
77 20 2 
20 2 
20 39 2 
20 66 2 
20 2 
77 20 2 
20 2 
20 15 82 2 
20 59 15 2 
26 27 7 25 20 2 
25 20 2 
77 7 20 9 10 2 
20 39 2 
32 16 58 17 20 33 2 
20 2 
20 2 
60 20 2 
60 20 2 
60 20 2 
60 20 2 
92 7 20 2 
20 2 
61 20 2 
77 20 2 
26 27 77 7 20 2 
42 27 7 20 43 81 2 
77 7 20 2 
16 17 20 66 2 
20 2 
20 66 2 
20 2 
20 2 
20 2 
20 2 
29 20 39 2 
60 20 2 
60 20 2 
60 20 2 
60 20 2 
60 20 2 
60 20 2 
60 20 2 
60 20 2 
20 66 2 
20 2 
20 2 
64 20 2 
20 2 
20 2 
20 2 
60 20 2 
60 20 2 
77 20 2 
77 20 2 
26 27 77 7 20 2 
77 20 2 
20 2 
16 20 2 
64 20 2 
64 20 3 65 2 
64 20 2 
20 66 2 
16 17 20 66 2 
16 17 20 66 2 
20 66 2 
16 61 17 20 2 
64 20 2 
20 39 2 
61 7 20 2 
61 20 2 
20 2 
20 2 
42 27 77 7 20 43 81 2 
20 2 
58 20 2 
60 20 2 
60 20 2 
60 20 2 
60 20 2 
60 20 2 
60 20 2 
60 20 2 
60 20 2 
60 20 2 
60 20 2 
60 20 2 
60 20 2 
60 20 2 
60 20 2 
60 20 2 
60 20 2 
77 20 2 
60 20 2 
20 3 2 
64 20 2 
64 20 2 
64 20 2 
64 20 2 
64 20 2 
64 20 2 
64 20 2 
64 20 2 
64 20 2 
64 20 2 
20 3 65 66 2 
20 3 65 66 2 
20 3 65 66 2 
20 66 2 
20 3 65 66 2 
20 66 2 
20 66 2 
20 3 65 66 2 
16 17 20 66 2 
20 3 65 66 2 
20 66 2 
20 66 2 
77 20 2 
77 7 20 9 10 2 
60 20 2 
60 20 2 
60 20 2 
60 20 2 
77 7 20 9 10 2 
77 20 2 
77 20 2 
20 2 
41 42 27 7 20 43 2 
61 20 2 
20 66 2 
77 20 2 
20 2 
64 20 3 65 2 
64 20 2 
64 20 3 65 2 
64 20 3 65 2 
64 20 2 
64 20 2 
16 77 20 19 2 
20 66 2 
20 66 2 
20 66 2 
20 66 2 
16 17 20 66 2 
77 20 2 
7 20 2 
77 34 20 15 35 2 
20 2 
77 20 2 
77 20 2 
20 2 
20 2 
58 20 2 
60 20 2 
60 20 2 
60 20 2 
60 20 2 
60 20 2 
60 20 2 
60 20 2 
60 20 2 
60 20 2 
60 20 2 
60 20 2 
60 20 2 
60 20 2 
60 20 2 
16 61 17 20 2 
77 20 2 
77 20 78 2 
77 20 2 
77 20 2 
25 20 2 
26 27 77 7 20 2 
20 2 
64 20 3 65 2 
64 20 2 
7 20 9 10 2 
20 3 65 66 2 
20 3 65 66 2 
20 2 
77 20 2 
20 2 
20 2 
20 39 2 
77 20 2 
20 2 
26 27 7 20 2 
20 2 
20 2 
77 20 2 
20 39 2 
20 66 2 
20 2 
20 2 
20 39 2 
20 2 
61 20 2 
77 20 2 
20 2 
60 20 2 
60 20 2 
60 20 2 
20 39 2 
73 20 74 2 
7 20 2 
20 2 
20 2 
20 2 
20 2 
20 2 
7 20 39 2 
77 20 3 2 
77 20 2 
61 42 27 7 20 43 81 2 
26 27 7 20 2 
20 2 
7 20 66 2 
20 66 2 
20 66 2 
20 66 2 
1 20 2 
20 39 2 
20 2 
26 27 7 20 2 
16 61 17 20 2 
20 2 
20 39 2 
58 20 2 
60 20 2 
60 20 2 
60 20 2 
60 20 2 
60 20 2 
60 20 2 
60 20 2 
60 20 2 
60 20 2 
60 20 2 
60 20 2 
60 20 2 
60 20 2 
60 20 2 
60 20 2 
60 20 2 
60 20 2 
60 20 2 
60 20 2 
60 20 2 
60 20 2 
60 20 2 
60 20 2 
60 20 2 
60 20 2 
60 20 2 
60 20 2 
60 20 2 
60 20 2 
60 20 2 
60 20 2 
32 16 60 17 20 33 2 
60 20 2 
60 20 2 
60 20 2 
32 16 60 17 20 33 2 
60 20 2 
60 20 2 
60 20 2 
60 20 2 
60 20 2 
60 20 2 
60 20 2 
60 20 2 
60 20 2 
60 20 2 
60 20 2 
60 20 2 
60 20 2 
60 20 2 
60 20 2 
60 20 2 
60 20 2 
60 20 2 
60 20 2 
60 20 2 
60 20 2 
60 20 2 
42 27 60 7 20 57 43 2 
60 20 2 
60 20 2 
60 20 2 
60 20 2 
60 63 3 20 2 
60 20 2 
60 20 2 
60 20 2 
60 20 2 
60 20 2 
60 20 2 
60 20 2 
60 20 2 
60 20 2 
60 20 2 
60 20 2 
60 20 2 
60 20 2 
60 20 2 
60 20 2 
60 20 2 
60 20 2 
60 20 2 
61 20 2 
61 20 2 
61 20 2 
61 20 2 
77 20 2 
77 20 2 
20 66 2 
61 20 2 
7 20 39 2 
20 2 
60 20 2 
25 20 2 
20 66 2 
20 66 2 
20 66 2 
7 20 2 
20 2 
16 61 17 20 2 
61 20 2 
77 20 2 
20 39 2 
58 20 2 
60 20 2 
60 20 2 
61 20 2 
61 20 2 
16 61 17 20 2 
61 20 2 
61 20 2 
16 61 17 20 2 
20 2 
64 34 20 15 35 2 
64 34 20 15 35 2 
20 2 
20 2 
20 66 2 
20 66 2 
20 2 
20 2 
20 39 2 
20 39 2 
20 2 
20 2 
32 16 60 17 20 33 2 
16 25 20 19 2 
61 20 2 
77 20 2 
77 20 2 
20 2 
20 39 2 
7 20 39 2 
20 39 2 
20 39 2 
61 20 2 
77 20 2 
7 20 9 10 2 
64 20 2 
64 20 2 
64 20 3 65 2 
20 2 
32 16 17 77 20 33 2 
20 66 2 
20 66 2 
20 66 2 
20 2 
20 2 
20 39 2 
7 20 2 
20 2 
20 39 2 
7 20 39 2 
61 20 2 
77 7 20 2 
77 20 2 
20 66 2 
20 2 
20 39 2 
20 2 
61 7 20 2 
20 2 
32 16 17 77 20 33 2 
77 20 78 2 
77 20 2 
20 2 
20 2 
20 2 
20 66 2 
20 66 2 
20 66 2 
20 2 
7 20 2 
26 27 7 20 2 
64 7 20 2 
60 20 2 
26 27 7 20 2 
20 2 
20 39 2 
7 20 39 2 
20 39 2 
20 39 2 
20 39 2 
22 20 39 23 24 2 
58 20 2 
58 20 2 
58 20 2 
32 16 58 17 20 33 2 
58 20 2 
58 20 2 
20 39 2 
58 20 2 
60 20 2 
60 20 2 
60 20 2 
60 20 2 
60 20 2 
60 20 2 
32 16 60 17 20 33 2 
60 20 2 
60 20 2 
61 20 2 
61 20 2 
61 20 2 
61 20 2 
61 20 2 
61 20 2 
16 61 17 20 2 
16 61 17 20 2 
67 16 61 37 20 19 68 2 
61 20 2 
77 20 2 
20 39 2 
20 66 2 
61 20 2 
20 2 
32 16 17 20 33 2 
16 64 17 20 69 72 2 
64 20 2 
64 20 2 
64 7 20 2 
64 7 20 2 
64 7 20 2 
77 7 20 2 
20 39 2 
40 20 15 2 
20 2 
20 2 
20 66 2 
20 66 2 
32 16 17 20 33 2 
20 3 65 66 2 
20 2 
7 20 2 
20 2 
20 2 
77 7 20 9 10 2 
7 20 39 2 
77 20 2 
77 20 2 
20 2 
32 16 58 17 20 33 2 
61 20 2 
61 20 2 
61 20 2 
61 20 2 
16 61 17 20 2 
16 61 17 20 2 
61 20 2 
77 20 2 
7 20 9 10 2 
20 39 2 
26 27 7 25 20 2 
26 27 77 7 20 2 
20 2 
20 2 
22 20 39 23 24 2 
16 17 20 69 66 2 
20 66 2 
20 66 2 
20 66 2 
20 66 2 
20 66 2 
20 66 2 
16 17 20 66 2 
20 66 2 
16 17 20 66 2 
20 66 2 
20 66 2 
20 66 2 
16 17 20 66 2 
20 66 2 
20 66 2 
16 17 20 66 2 
16 17 20 66 2 
20 66 2 
20 66 2 
20 66 2 
20 66 2 
20 66 2 
20 66 2 
20 66 2 
16 17 20 66 2 
16 17 20 66 2 
20 66 2 
20 66 2 
16 17 20 66 2 
20 66 2 
20 66 2 
20 3 65 66 2 
20 66 2 
20 66 2 
20 66 2 
20 3 65 66 2 
20 66 2 
16 17 20 66 2 
20 66 2 
20 3 65 66 2 
20 66 2 
20 66 2 
20 66 2 
20 66 2 
20 66 2 
20 66 2 
20 66 2 
25 20 2 
77 20 2 
20 39 2 
77 20 2 
20 2 
20 2 
20 39 2 
58 20 2 
58 20 2 
58 20 2 
58 20 2 
58 20 2 
7 20 2 
25 20 2 
60 20 2 
60 20 2 
60 20 2 
60 20 2 
60 20 2 
60 20 2 
60 20 2 
60 20 2 
60 20 2 
60 20 2 
61 20 2 
16 61 17 20 2 
16 61 17 20 2 
61 20 2 
61 20 2 
61 20 2 
61 20 2 
61 20 2 
61 20 2 
16 61 17 20 2 
77 20 2 
26 27 77 7 20 2 
77 20 2 
77 20 2 
77 34 20 15 35 2 
77 34 20 15 35 2 
77 20 2 
77 20 2 
77 20 2 
77 20 2 
77 20 2 
77 20 2 
77 20 2 
77 20 2 
77 20 2 
77 20 2 
60 20 2 
61 20 2 
22 20 39 23 24 2 
20 39 2 
61 20 2 
61 20 2 
61 20 2 
20 39 2 
16 61 17 20 2 
20 66 2 
61 20 2 
61 20 2 
20 2 
64 7 20 9 10 2 
16 17 20 66 2 
20 2 
64 20 2 
64 20 2 
64 20 2 
64 20 2 
64 20 2 
64 20 2 
64 20 2 
64 20 2 
64 20 2 
64 20 2 
64 20 2 
64 20 2 
64 20 2 
64 20 2 
64 20 2 
64 20 2 
64 20 2 
64 20 2 
64 20 2 
64 20 2 
64 20 2 
20 2 
20 66 2 
20 66 2 
20 66 2 
20 66 2 
20 66 2 
20 66 2 
20 66 2 
16 17 20 66 2 
20 66 2 
20 3 65 66 2 
20 66 2 
20 66 2 
20 66 2 
16 17 20 66 2 
20 3 65 66 2 
20 66 2 
16 17 20 66 2 
20 66 2 
20 39 2 
7 45 46 20 39 47 48 2 
20 39 2 
20 2 
20 39 2 
77 7 20 2 
20 2 
20 39 2 
26 27 7 20 2 
20 2 
20 2 
20 2 
20 2 
20 2 
20 2 
20 2 
20 2 
20 39 2 
20 39 2 
20 39 2 
20 39 2 
20 2 
7 20 39 2 
7 20 9 10 2 
20 2 
22 20 23 24 2 
20 39 2 
20 39 2 
20 39 2 
20 39 2 
20 2 
20 39 2 
61 20 2 
61 20 2 
61 20 2 
61 20 2 
29 61 20 2 
61 20 2 
61 20 2 
20 2 
20 2 
22 20 39 23 24 2 
20 2 
20 2 
20 2 
58 20 2 
58 20 2 
32 16 58 17 20 33 2 
7 20 39 2 
61 20 2 
61 20 2 
16 61 17 20 2 
61 20 2 
16 61 17 20 70 2 
61 20 2 
61 20 2 
61 20 2 
16 61 17 20 2 
61 77 20 2 
61 20 2 
20 39 2 
20 39 2 
7 46 20 39 51 2 
20 39 2 
162 20 15 82 2 
61 20 2 
61 20 2 
61 20 2 
61 20 2 
61 20 2 
61 20 2 
7 20 2 
20 39 2 
13 20 39 15 2 
16 25 20 19 2 
20 2 
20 39 2 
61 20 2 
61 20 2 
61 20 2 
16 61 17 20 2 
16 61 17 20 2 
61 20 2 
61 20 2 
61 20 2 
20 2 
20 2 
20 2 
20 2 
20 39 2 
20 39 2 
20 39 2 
20 39 2 
20 2 
64 20 2 
20 2 
20 2 
77 20 39 2 
20 39 2 
20 2 
64 20 2 
64 20 2 
64 20 2 
64 20 2 
64 20 2 
64 20 2 
64 20 2 
64 20 2 
64 20 2 
64 20 2 
64 20 2 
64 20 2 
20 2 
20 39 2 
27 7 20 71 43 2 
27 7 20 2 
26 27 7 20 2 
26 27 77 7 20 2 
20 39 2 
20 2 
20 2 
7 20 2 
20 39 2 
20 2 
20 39 2 
32 16 17 20 33 2 
20 66 2 
20 66 2 
20 66 2 
20 66 2 
20 2 
20 2 
16 20 39 2 
20 2 
16 17 20 69 72 2 
7 20 39 2 
20 39 2 
20 2 
7 45 46 20 39 47 48 2 
20 39 2 
7 45 46 20 47 48 2 
7 20 2 
20 15 2 
20 39 2 
20 2 
20 2 
25 20 2 
16 17 20 96 2 
32 16 17 77 20 33 2 
20 39 2 
20 39 2 
20 39 2 
20 39 2 
20 2 
7 20 2 
20 2 
20 39 2 
20 39 2 
7 20 39 2 
20 39 2 
20 39 2 
20 39 2 
20 39 2 
20 2 
16 20 39 2 
20 2 
20 2 
7 20 2 
20 2 
20 39 2 
42 27 7 20 57 43 2 
20 39 2 
20 39 2 
50 20 3 2 
7 45 46 20 39 47 48 2 
20 39 2 
20 39 2 
20 39 2 
20 39 2 
20 39 2 
7 20 39 2 
20 39 2 
20 2 
20 39 2 
7 20 39 2 
61 20 2 
20 2 
20 2 
20 2 
61 20 2 
20 2 
20 39 2 
20 2 
20 39 2 
20 39 2 
20 2 
20 39 2 
16 17 20 62 2 
20 2 
58 20 2 
58 20 2 
58 20 2 
58 20 2 
20 2 
7 20 2 
41 42 27 7 20 39 43 2 
42 27 7 20 39 57 43 2 
20 39 2 
20 39 2 
20 39 2 
20 2 
20 2 
20 2 
61 20 2 
61 20 2 
61 20 2 
61 20 2 
61 20 2 
16 61 17 20 2 
16 61 17 20 2 
61 20 2 
16 61 17 20 2 
61 20 2 
32 16 17 20 33 2 
77 20 15 2 
20 2 
20 2 
20 39 2 
20 39 2 
20 2 
61 20 2 
64 20 2 
20 39 2 
20 39 2 
20 39 2 
20 39 2 
20 2 
20 39 2 
20 39 2 
7 20 9 10 2 
61 20 2 
61 20 2 
20 66 2 
61 20 2 
61 20 2 
58 7 20 2 
20 2 
77 20 2 
16 36 37 20 38 19 2 
20 39 2 
20 39 2 
20 39 2 
20 39 2 
20 39 2 
20 39 2 
20 39 2 
32 16 17 25 20 33 2 
20 2 
20 2 
20 2 
20 39 2 
20 39 2 
16 36 37 20 38 19 2 
20 39 2 
20 39 2 
20 2 
20 2 
20 39 2 
20 39 2 
20 39 2 
20 39 2 
20 39 2 
20 39 2 
7 46 20 51 2 
20 2 
77 7 20 2 
20 2 
25 20 2 
64 25 20 2 
64 20 3 65 2 
64 20 2 
20 3 65 66 2 
20 66 2 
77 20 2 
32 16 17 20 33 2 
20 66 2 
20 66 2 
20 66 2 
20 2 
7 45 46 20 47 48 2 
20 2 
20 2 
20 15 82 2 
20 2 
20 39 2 
20 2 
89 90 20 2 
20 2 
42 27 7 20 39 57 43 2 
7 46 20 39 51 2 
20 39 2 
20 2 
20 2 
20 2 
20 2 
77 7 20 2 
77 20 2 
77 20 2 
20 2 
77 20 2 
20 39 2 
61 20 2 
61 20 2 
61 20 2 
61 20 2 
25 20 2 
20 39 2 
20 39 2 
7 20 2 
58 20 2 
20 2 
58 20 2 
58 20 2 
20 2 
58 20 2 
58 7 20 94 10 2 
32 16 58 17 20 33 2 
58 20 2 
20 2 
20 2 
25 20 2 
26 27 7 25 20 2 
60 20 2 
60 20 2 
60 20 2 
61 20 2 
61 20 15 2 
16 61 17 20 2 
61 20 2 
61 20 2 
61 20 2 
61 20 2 
61 20 2 
7 20 9 10 2 
25 20 2 
61 20 2 
61 20 15 2 
61 20 2 
61 20 2 
20 2 
20 2 
20 2 
20 39 2 
22 20 39 23 24 2 
20 39 2 
20 2 
20 2 
61 20 2 
20 2 
20 2 
64 20 2 
77 20 2 
60 77 20 2 
20 2 
20 2 
7 25 20 2 
64 20 2 
64 20 2 
7 20 2 
20 2 
20 2 
20 2 
77 20 2 
20 66 2 
16 17 20 66 2 
16 17 20 66 2 
16 17 20 66 2 
20 66 2 
20 66 2 
20 66 2 
20 66 2 
20 66 2 
20 66 2 
20 66 2 
20 66 2 
20 66 2 
20 66 2 
20 66 2 
20 66 2 
20 2 
20 66 2 
20 66 2 
20 66 2 
20 66 2 
20 66 2 
16 17 20 66 2 
20 66 2 
20 66 2 
20 66 2 
20 66 2 
20 66 2 
20 66 2 
20 66 2 
20 2 
20 2 
20 2 
20 2 
20 2 
20 2 
20 2 
20 2 
58 20 2 
77 7 20 2 
13 20 15 2 
29 20 39 2 
20 39 2 
20 2 
16 17 20 62 2 
20 2 
77 20 2 
26 27 77 7 20 2 
77 20 2 
77 20 2 
77 20 2 
20 39 2 
20 39 2 
77 20 2 
20 39 2 
20 2 
77 20 2 
20 39 2 
20 39 2 
20 39 2 
77 20 2 
26 27 7 25 20 2 
7 20 2 
20 2 
58 20 2 
20 2 
20 39 2 
20 39 2 
20 2 
20 2 
60 20 2 
61 20 2 
61 20 2 
61 20 2 
77 20 2 
20 66 2 
20 66 2 
20 2 
26 27 77 7 20 2 
26 27 77 7 20 2 
20 2 
20 39 2 
20 2 
20 66 2 
61 20 2 
61 20 2 
61 20 2 
20 66 2 
77 20 2 
20 66 2 
32 16 58 17 20 33 2 
20 2 
77 20 2 
77 20 2 
77 20 2 
77 20 2 
77 20 2 
20 2 
77 20 2 
20 2 
77 20 2 
20 2 
77 20 2 
77 20 2 
77 20 2 
20 2 
77 20 2 
77 20 2 
77 20 59 15 2 
20 2 
7 20 9 10 2 
20 66 2 
20 39 2 
20 39 2 
20 39 2 
20 39 2 
77 20 2 
64 20 2 
64 20 2 
20 2 
58 20 2 
20 2 
20 2 
16 17 20 66 2 
20 39 2 
20 2 
20 2 
20 2 
20 2 
20 2 
20 15 2 
20 2 
20 2 
20 2 
20 2 
34 20 15 35 2 
20 2 
7 20 39 2 
58 20 2 
58 20 2 
58 20 2 
58 20 2 
58 20 2 
58 20 2 
58 60 20 2 
58 20 2 
32 16 58 17 20 33 2 
20 2 
20 2 
16 61 17 20 2 
61 20 2 
61 20 2 
61 20 2 
20 39 2 
20 2 
20 2 
20 2 
64 20 2 
20 2 
22 20 39 23 24 2 
20 3 65 66 2 
20 2 
25 20 2 
26 27 7 20 39 2 
20 39 2 
20 2 
20 2 
20 39 2 
20 2 
64 20 2 
64 20 2 
64 20 3 65 2 
64 20 2 
64 20 2 
64 20 2 
64 20 2 
13 20 14 15 2 
20 2 
20 2 
20 66 2 
25 20 2 
20 2 
20 2 
20 2 
20 2 
20 2 
1 20 2 
20 2 
7 45 46 20 47 48 2 
20 39 2 
20 2 
20 2 
20 2 
7 20 2 
7 20 2 
20 39 2 
20 39 2 
20 2 
20 2 
32 16 58 17 20 33 2 
58 20 2 
32 16 58 17 20 33 2 
58 20 2 
58 20 2 
58 20 2 
32 16 58 17 20 33 2 
58 20 2 
58 20 2 
32 16 17 20 33 2 
32 16 58 17 20 33 2 
58 20 2 
32 16 58 17 20 33 2 
58 20 2 
58 20 2 
32 16 58 17 20 33 2 
58 20 2 
32 16 58 17 20 33 2 
32 16 58 17 20 33 2 
32 16 58 17 20 33 2 
58 20 2 
58 20 39 2 
20 2 
61 20 2 
61 20 2 
61 20 2 
16 61 17 20 2 
20 2 
25 20 2 
61 20 2 
16 61 17 20 2 
61 20 2 
20 15 82 2 
20 2 
20 39 2 
7 20 39 9 10 2 
20 39 2 
7 20 39 2 
29 20 2 
20 2 
20 2 
20 66 2 
16 17 20 66 2 
20 2 
20 2 
20 2 
20 2 
20 2 
20 2 
20 2 
20 2 
20 2 
58 20 2 
58 20 2 
58 20 2 
60 20 2 
60 20 2 
60 20 2 
60 20 2 
60 20 2 
60 20 2 
60 20 2 
60 20 2 
16 61 17 20 2 
61 20 2 
26 27 7 20 2 
20 39 2 
7 46 20 51 2 
20 39 2 
20 39 2 
20 2 
16 17 20 66 2 
61 20 2 
61 20 2 
61 20 2 
61 20 2 
61 20 2 
32 16 17 20 33 2 
20 2 
20 2 
20 2 
20 2 
20 2 
20 2 
16 17 20 2 
20 39 2 
7 46 20 39 51 2 
64 20 2 
64 20 2 
64 20 2 
64 20 2 
20 2 
20 2 
20 39 2 
31 141 20 66 2 
16 17 20 66 2 
16 17 20 66 2 
16 17 20 66 2 
20 66 2 
16 17 20 66 2 
16 17 20 66 2 
20 66 2 
20 66 2 
20 66 2 
7 20 2 
20 39 2 
20 2 
26 27 7 20 2 
77 20 2 
20 2 
20 66 2 
16 17 20 66 2 
16 64 17 20 69 2 
32 16 17 77 20 33 2 
64 20 3 65 2 
20 66 2 
20 66 2 
20 66 2 
20 66 2 
20 66 2 
20 66 2 
20 66 2 
20 66 2 
20 66 2 
20 66 2 
20 66 2 
20 66 2 
20 66 2 
20 66 2 
20 66 2 
16 17 20 66 2 
20 66 2 
16 17 20 66 2 
7 20 2 
20 2 
26 27 7 20 2 
20 2 
20 2 
20 2 
20 2 
20 2 
20 2 
20 2 
20 78 2 
20 2 
20 2 
32 16 58 17 20 33 2 
26 27 7 20 2 
26 27 7 20 2 
20 2 
20 2 
77 20 2 
77 20 2 
77 7 20 9 10 2 
61 20 2 
20 66 2 
20 2 
77 20 2 
20 2 
64 20 2 
64 20 2 
64 20 2 
64 20 2 
64 20 2 
64 20 2 
64 20 2 
64 20 2 
20 59 15 2 
61 20 2 
61 20 2 
42 27 7 20 49 43 2 
61 20 2 
61 20 2 
61 20 2 
61 20 2 
61 20 2 
61 20 2 
16 61 17 20 2 
61 20 2 
61 20 2 
61 20 2 
61 20 2 
16 61 17 20 2 
61 20 2 
61 20 2 
61 20 2 
20 2 
26 27 7 20 2 
20 39 2 
20 39 2 
20 2 
20 2 
20 39 2 
20 39 2 
20 2 
7 20 2 
20 2 
22 20 39 23 24 2 
20 2 
34 20 15 35 2 
20 2 
20 39 2 
7 46 20 91 2 
20 2 
20 2 
7 20 39 2 
7 20 39 2 
7 20 39 2 
20 2 
20 2 
29 20 2 
20 2 
7 20 2 
20 2 
20 2 
58 20 2 
58 20 2 
32 16 58 17 20 33 2 
58 20 2 
58 20 2 
58 20 2 
58 20 2 
58 20 2 
20 39 2 
20 2 
20 2 
32 16 60 17 20 33 2 
20 2 
61 20 2 
61 20 2 
16 61 17 20 2 
77 20 2 
77 20 2 
61 20 2 
61 20 2 
64 20 2 
64 20 2 
20 2 
26 27 77 7 20 2 
20 2 
16 61 17 20 2 
20 39 2 
20 66 2 
16 17 20 66 2 
20 66 2 
20 39 2 
20 66 2 
20 2 
20 2 
20 2 
20 39 2 
7 20 2 
7 20 9 10 2 
61 20 2 
64 20 2 
64 20 2 
64 20 2 
64 20 2 
64 20 2 
64 20 2 
64 20 2 
64 20 2 
20 2 
20 66 2 
20 2 
16 17 20 2 
7 20 2 
26 27 7 20 2 
20 39 2 
20 2 
20 2 
58 20 2 
20 2 
32 16 60 17 20 33 2 
60 20 2 
61 20 2 
61 20 2 
61 20 2 
20 2 
20 2 
20 2 
20 66 2 
20 66 2 
16 17 20 66 2 
20 66 2 
20 66 2 
20 2 
16 61 17 20 2 
16 61 17 20 2 
64 20 2 
64 20 2 
64 20 2 
16 17 20 66 2 
26 27 7 20 2 
20 2 
58 20 2 
58 20 2 
20 2 
64 20 2 
20 15 2 
20 2 
20 39 2 
20 2 
20 66 2 
20 39 2 
16 17 20 66 2 
16 17 20 66 2 
16 17 20 66 2 
20 2 
29 20 2 
20 15 2 
20 2 
20 2 
20 2 
20 2 
20 2 
32 16 17 77 20 33 2 
20 2 
20 2 
32 16 17 20 33 2 
20 2 
7 20 9 10 2 
20 2 
20 2 
20 2 
58 20 2 
58 20 2 
58 20 2 
58 20 2 
20 39 2 
20 39 2 
20 2 
16 17 20 69 2 
25 20 2 
20 2 
20 2 
20 2 
7 20 39 2 
16 61 17 20 69 2 
16 64 17 20 69 2 
64 20 2 
64 20 2 
64 20 2 
64 20 2 
64 20 2 
26 27 7 20 2 
20 2 
61 20 2 
26 27 7 20 39 2 
7 20 2 
20 2 
20 2 
20 2 
25 20 2 
26 27 7 20 2 
20 2 
64 20 2 
64 20 2 
64 20 2 
64 20 2 
64 20 2 
64 20 2 
64 20 2 
64 20 2 
64 20 2 
64 20 2 
16 64 17 20 69 2 
20 2 
27 7 20 95 2 
20 39 2 
29 20 2 
7 20 9 10 2 
20 2 
20 2 
64 20 2 
20 3 65 66 2 
20 66 2 
20 66 2 
20 66 2 
20 3 65 66 2 
20 3 65 66 2 
20 2 
20 2 
20 39 2 
20 2 
26 27 7 20 2 
20 2 
20 2 
20 2 
20 78 2 
25 20 2 
20 2 
20 2 
20 2 
20 2 
20 2 
20 2 
20 2 
20 2 
77 7 20 2 
20 2 
20 2 
20 2 
26 27 7 20 2 
20 2 
20 2 
20 2 
20 2 
20 2 
20 2 
20 2 
20 2 
20 2 
16 17 20 70 66 2 
20 2 
20 2 
20 2 
20 2 
20 2 
20 2 
20 2 
20 2 
40 20 15 2 
20 2 
20 2 
20 2 
64 20 3 65 2 
64 20 2 
64 20 2 
64 20 2 
16 64 17 20 2 
7 20 2 
58 20 2 
60 20 2 
20 66 2 
77 20 2 
20 2 
7 46 20 51 2 
77 20 2 
7 20 2 
20 2 
77 20 2 
77 20 2 
77 20 2 
77 20 2 
77 20 2 
20 39 2 
20 2 
20 2 
7 46 20 39 51 2 
61 20 2 
16 61 17 20 2 
20 2 
20 2 
20 2 
20 66 2 
20 66 2 
20 66 2 
61 20 2 
20 66 2 
77 20 2 
77 20 2 
77 20 2 
64 20 2 
64 20 2 
20 2 
20 39 2 
20 39 2 
20 2 
20 66 2 
32 16 17 20 33 66 2 
20 2 
20 2 
20 39 2 
29 20 2 
20 39 2 
20 2 
20 39 2 
20 39 2 
20 39 2 
20 2 
20 2 
20 39 2 
20 2 
20 2 
20 2 
20 2 
20 2 
20 2 
20 2 
61 20 2 
61 20 2 
76 20 2 
61 7 20 2 
20 2 
61 20 2 
20 39 2 
20 39 2 
7 46 20 51 2 
20 66 2 
16 17 20 66 2 
61 20 2 
61 20 2 
20 2 
20 2 
25 20 2 
64 20 2 
20 39 2 
20 39 2 
77 20 2 
20 2 
20 2 
20 39 2 
20 39 2 
64 20 2 
64 20 2 
64 20 2 
20 2 
20 2 
20 2 
20 2 
20 2 
20 39 2 
58 20 2 
20 39 2 
20 39 2 
61 20 2 
61 20 2 
61 20 2 
61 20 2 
61 20 2 
61 20 2 
61 20 2 
77 20 2 
77 20 2 
77 20 2 
77 20 2 
77 20 2 
77 20 2 
77 7 20 2 
20 2 
16 61 17 20 2 
20 3 65 66 2 
20 3 65 66 2 
61 20 2 
61 20 2 
61 20 2 
20 66 2 
20 66 2 
61 20 2 
61 20 2 
61 27 7 20 83 43 2 
16 61 17 20 2 
16 17 20 69 66 2 
64 20 2 
20 39 2 
20 2 
20 2 
7 20 2 
20 2 
20 39 2 
77 20 2 
20 2 
7 20 2 
20 2 
58 20 2 
58 20 2 
58 20 59 15 2 
58 20 2 
20 2 
77 20 2 
20 2 
20 39 2 
20 2 
61 20 2 
16 17 20 66 2 
20 2 
20 39 2 
64 20 2 
64 20 2 
64 20 2 
64 20 2 
20 2 
64 20 2 
20 39 2 
20 2 
20 2 
20 2 
58 20 2 
32 16 58 17 20 33 2 
58 20 2 
20 2 
20 2 
20 2 
20 2 
76 20 3 65 2 
20 2 
20 2 
64 20 2 
20 2 
77 7 20 9 10 2 
77 20 2 
77 20 2 
77 20 2 
20 66 2 
20 2 
77 20 2 
77 20 2 
77 20 2 
77 20 2 
77 20 15 2 
77 20 2 
77 20 2 
32 16 17 77 20 33 2 
77 20 2 
77 20 2 
77 20 2 
77 20 2 
77 20 2 
77 20 2 
77 20 2 
77 20 2 
16 77 20 19 2 
77 20 2 
77 20 2 
29 77 20 2 
77 20 2 
77 7 20 2 
77 20 2 
16 77 17 20 70 2 
20 2 
77 20 2 
77 34 20 15 35 2 
13 77 20 14 15 2 
77 7 20 9 10 2 
77 20 2 
77 20 2 
77 20 2 
77 20 2 
20 39 2 
77 7 20 2 
77 7 20 2 
77 20 2 
77 20 2 
20 2 
26 27 7 20 2 
42 27 7 20 57 43 2 
20 2 
7 20 9 10 2 
20 2 
77 20 2 
77 20 2 
20 2 
20 2 
20 2 
20 2 
20 2 
20 3 2 
20 2 
58 20 2 
58 20 2 
58 20 2 
58 20 2 
58 20 2 
32 16 58 17 20 33 2 
32 16 58 17 20 33 2 
58 20 2 
58 20 2 
58 20 2 
32 16 58 17 20 33 2 
58 20 2 
32 16 58 17 20 33 2 
32 16 58 17 20 33 2 
32 16 58 17 20 33 2 
32 16 58 17 20 33 2 
58 20 2 
58 20 2 
58 20 2 
32 16 58 17 20 33 2 
58 20 2 
58 20 2 
32 16 58 17 20 33 2 
32 16 58 17 20 33 2 
32 16 58 17 20 33 2 
58 20 2 
58 20 59 15 2 
58 20 59 15 2 
58 20 2 
58 20 2 
32 16 58 17 20 33 2 
32 16 58 17 20 33 2 
32 16 58 17 20 33 2 
32 16 58 17 20 33 2 
32 16 58 17 20 33 2 
32 16 58 17 20 33 2 
32 16 58 17 20 33 2 
32 16 58 17 20 33 2 
32 16 58 17 20 33 2 
32 16 58 17 20 33 2 
58 20 59 15 2 
32 16 58 17 20 33 2 
32 16 58 17 20 33 2 
58 20 2 
58 20 2 
32 16 58 17 20 33 2 
58 20 2 
20 2 
32 16 17 20 33 66 2 
64 20 2 
64 20 2 
64 20 2 
64 20 2 
20 66 2 
61 20 2 
61 20 2 
61 20 2 
61 20 2 
61 20 2 
61 20 2 
61 20 2 
61 20 2 
61 20 2 
64 20 2 
64 20 2 
64 7 20 2 
64 20 2 
64 20 2 
64 20 2 
20 66 2 
58 20 2 
61 20 2 
61 20 2 
20 3 65 66 2 
61 20 2 
20 2 
64 20 2 
20 66 2 
64 20 2 
20 66 2 
20 66 2 
64 20 2 
64 20 2 
64 20 2 
64 20 2 
64 20 2 
64 20 2 
20 2 
25 20 2 
61 20 2 
61 20 2 
16 61 17 20 2 
16 61 17 20 2 
16 61 17 20 2 
16 61 17 20 2 
16 61 17 20 2 
16 61 17 20 2 
20 66 2 
16 17 20 66 2 
16 17 20 66 2 
20 2 
20 39 2 
20 2 
77 20 2 
7 20 9 10 2 
16 61 17 20 2 
20 66 2 
16 17 20 66 2 
16 17 20 66 2 
16 17 20 66 2 
16 17 20 66 2 
20 2 
25 20 2 
20 2 
64 7 45 112 46 20 48 2 
64 7 45 112 46 20 48 2 
60 20 2 
16 17 20 66 2 
7 20 2 
20 2 
16 61 17 20 2 
76 20 2 
76 20 2 
76 20 2 
76 20 2 
76 20 2 
16 61 17 20 2 
61 20 2 
61 20 2 
20 66 2 
20 66 2 
20 66 2 
20 66 2 
20 66 2 
16 17 20 66 2 
20 2 
64 20 2 
64 20 2 
64 20 2 
64 20 2 
64 20 2 
64 20 2 
64 7 45 112 46 20 48 2 
64 20 2 
20 2 
20 2 
20 2 
60 20 2 
20 2 
29 20 2 
63 3 20 2 
63 3 20 2 
20 2 
76 20 2 
20 66 2 
20 66 2 
20 66 2 
20 39 23 24 55 2 
20 39 2 
32 16 58 17 20 33 2 
20 2 
58 20 2 
58 20 2 
58 20 2 
26 27 58 7 20 2 
58 20 2 
58 20 2 
58 20 2 
16 61 17 20 2 
16 61 17 20 2 
16 61 17 20 2 
16 61 17 20 2 
61 20 2 
61 20 2 
61 20 2 
61 20 2 
61 20 2 
61 20 2 
20 66 2 
20 66 2 
20 66 2 
20 66 2 
61 20 2 
61 20 2 
61 20 2 
20 66 2 
61 20 2 
20 66 2 
61 20 2 
20 66 2 
20 66 2 
61 20 2 
20 66 2 
32 16 17 20 33 2 
61 20 2 
20 2 
20 2 
20 2 
20 39 2 
20 2 
20 2 
20 2 
20 2 
58 20 2 
16 60 20 19 87 2 
60 20 2 
60 20 2 
16 17 20 66 2 
20 2 
20 2 
58 20 2 
20 2 
32 16 76 17 20 33 2 
76 20 2 
76 20 2 
76 20 2 
76 20 2 
76 20 2 
76 7 20 9 10 2 
76 20 2 
76 7 20 9 10 2 
76 7 20 9 10 2 
32 16 76 17 20 33 2 
32 16 76 17 20 33 2 
32 16 76 17 20 33 2 
76 20 2 
76 20 2 
76 20 2 
20 2 
7 25 20 2 
20 66 2 
16 17 20 66 2 
20 66 2 
20 2 
77 20 2 
20 2 
20 2 
20 2 
85 20 86 2 
20 2 
60 20 2 
61 20 2 
61 20 2 
16 61 17 20 62 2 
61 20 2 
20 66 2 
64 20 2 
64 20 2 
20 66 2 
16 17 20 66 2 
20 2 
20 2 
61 20 2 
60 20 2 
61 20 2 
58 20 2 
61 20 2 
32 16 61 17 20 33 2 
20 66 2 
20 66 2 
20 66 2 
20 66 2 
20 66 2 
61 20 2 
16 61 17 20 2 
20 66 2 
61 20 2 
16 61 17 20 2 
61 20 2 
20 66 2 
20 66 2 
20 66 2 
61 20 2 
64 20 2 
64 20 2 
64 20 2 
64 20 2 
64 20 2 
64 20 2 
61 20 2 
20 2 
20 2 
58 20 2 
26 27 7 20 2 
20 2 
20 2 
32 16 17 77 20 33 2 
32 16 17 77 20 33 2 
20 39 2 
20 66 2 
20 2 
20 39 2 
20 2 
20 66 2 
20 2 
20 2 
20 2 