27 26 7 8 165 2 
27 26 7 8 165 2 
27 26 7 8 165 2 
16 27 26 17 7 8 165 62 2 
27 26 7 8 165 2 
27 26 7 8 165 2 
27 26 7 31 141 8 165 2 
27 26 7 8 165 2 
16 27 26 7 8 165 2 
27 26 7 8 165 2 
27 26 7 8 165 2 
27 26 7 8 165 2 
27 26 7 8 165 2 
27 26 7 8 165 2 
27 26 7 8 165 2 
27 26 7 8 165 2 
27 26 7 8 165 2 
16 27 26 17 7 8 165 62 2 
27 26 7 8 165 2 
27 26 7 8 165 2 
27 26 7 8 165 2 
27 26 7 8 165 2 
27 26 7 8 165 2 
16 27 26 7 8 165 19 2 
27 26 7 8 165 187 2 
27 26 7 8 165 2 
27 26 7 8 165 2 
27 26 7 8 165 2 
27 26 7 8 165 2 
27 26 7 8 165 2 
27 26 7 8 165 2 
27 26 7 8 165 2 
27 26 7 8 165 2 
27 26 7 8 165 2 
27 26 7 8 165 2 
27 26 7 8 165 2 
27 26 7 8 165 2 
27 26 7 8 165 2 
27 26 7 8 165 2 
16 27 26 17 7 8 165 62 2 
27 26 7 8 165 2 
27 26 7 8 165 2 
27 26 7 8 165 2 
27 26 7 8 165 2 
27 26 7 8 165 2 
27 26 7 8 165 187 2 
27 26 7 8 165 2 
27 26 7 8 165 2 
27 26 7 8 165 2 
27 26 7 8 165 2 
27 26 7 8 165 2 
27 26 7 8 165 2 
27 26 7 8 165 2 
27 26 7 8 165 2 
16 27 26 17 7 8 165 62 2 
16 27 26 17 7 8 165 62 2 
27 26 7 8 165 2 
16 27 26 7 8 165 19 84 2 
27 26 7 8 165 2 
27 26 7 8 165 2 
27 26 7 8 165 2 
27 26 7 8 165 2 
27 26 7 8 165 2 
27 26 7 8 165 2 
27 26 7 8 165 2 
27 26 7 8 165 2 
27 26 7 8 165 2 
16 27 26 17 7 8 165 62 2 
27 26 7 8 165 2 
16 27 26 7 8 165 19 2 
27 26 7 8 165 2 
16 27 26 17 7 8 165 62 2 
27 26 7 8 165 2 
27 26 7 8 165 2 
27 26 7 8 165 2 
27 26 7 8 165 2 
27 26 7 8 165 2 
16 27 26 17 7 8 165 62 2 
16 27 26 17 7 8 165 62 2 
27 26 7 8 165 2 
27 26 7 8 165 2 
27 26 7 8 165 2 
27 26 7 8 165 2 
27 26 7 8 165 2 
27 26 7 8 165 2 
27 26 7 8 165 2 
27 26 7 8 165 2 
27 26 7 8 165 2 
16 27 26 17 7 8 165 62 2 
27 26 7 8 165 2 
27 26 7 8 165 2 
27 26 7 8 165 2 
27 26 7 8 165 2 
16 27 26 7 8 165 19 2 
27 26 7 8 165 2 
27 26 7 8 165 2 
27 26 12 7 8 165 9 10 2 
27 26 7 8 165 2 
27 26 7 8 165 2 
1 27 26 7 8 165 2 
27 26 7 8 165 2 
27 26 7 8 165 2 
16 27 26 17 7 8 165 62 2 
27 26 7 8 165 2 
27 26 7 8 165 2 
16 27 26 7 8 165 19 2 
27 26 7 8 165 2 
27 26 7 8 165 2 
27 26 7 8 165 2 
27 26 7 8 165 2 
27 26 7 8 165 2 
16 27 26 17 7 8 165 62 2 
27 26 7 8 165 2 
27 26 7 8 165 2 
27 26 7 8 165 2 
27 26 7 8 165 2 
27 26 7 8 165 2 
27 26 7 8 165 2 
27 26 7 8 165 2 
16 27 26 17 7 8 165 62 2 
27 26 7 8 165 2 
27 26 7 8 165 2 
27 26 7 8 165 2 
16 27 26 17 7 8 165 62 2 
27 26 7 8 165 2 
27 26 7 8 165 2 
27 26 7 8 165 2 
27 26 7 8 165 2 
27 26 7 8 165 2 
27 26 7 8 165 2 
16 27 26 17 7 8 165 62 2 
27 26 7 8 165 2 
27 26 7 8 165 2 
27 26 7 8 165 2 
27 26 7 8 165 2 
27 26 7 8 165 2 
27 26 7 8 165 2 
27 26 7 8 165 2 
27 26 7 8 165 2 
27 26 7 8 165 2 
27 26 7 8 165 2 
27 26 7 8 165 2 
27 26 7 8 165 2 
16 27 26 17 7 8 165 62 2 
27 26 7 8 165 2 
27 26 7 8 165 2 
16 27 26 17 7 8 165 2 
27 26 7 8 165 2 
27 26 7 8 165 2 
27 26 7 8 165 2 
27 26 7 8 165 2 
27 26 7 8 165 2 
27 26 7 8 165 2 
27 26 7 8 165 2 
27 26 7 8 165 2 
16 27 26 17 7 8 165 62 2 
27 26 7 8 165 2 
27 26 7 8 165 2 
27 26 7 8 165 2 
27 26 7 8 165 2 
27 26 7 8 165 2 
27 26 7 8 165 2 
27 26 7 8 165 2 
27 26 7 8 165 2 
27 26 7 8 165 2 
27 26 7 8 165 2 
27 26 7 8 165 2 
27 26 7 8 165 2 
27 26 7 8 165 2 
27 26 7 8 165 2 
16 27 26 7 8 165 19 2 
27 26 7 8 165 2 
27 26 7 8 165 2 
27 26 7 8 165 2 
27 26 7 8 165 2 
27 26 7 8 165 2 
27 26 7 8 165 2 
27 26 7 8 165 2 
27 26 7 8 165 2 
27 26 7 8 165 2 
27 26 7 8 165 2 
27 26 7 8 165 2 
27 26 7 8 165 2 
27 26 7 8 165 2 
27 26 7 8 165 2 
27 26 7 8 165 2 
27 26 7 8 165 2 