106 107 24 108 
106 107 24 108 
109 7 106 107 24 110 108 
106 107 24 108 
106 107 24 108 
106 107 24 108 
106 107 24 108 
106 107 24 108 
106 107 24 108 
106 107 24 108 
106 107 24 108 
106 107 24 108 
106 107 24 108 
106 107 24 108 
106 107 24 108 
106 107 24 108 
106 107 24 108 
106 107 24 108 
106 107 24 108 
106 107 24 108 
106 107 24 108 
106 107 24 108 
106 107 24 108 
106 107 24 108 
106 107 24 108 
106 107 24 108 
106 107 24 108 
106 107 24 108 
106 107 24 108 
106 107 24 108 
106 107 24 108 
106 107 24 108 
106 107 24 108 
106 107 24 108 
106 107 24 108 
106 107 24 108 
106 107 24 108 
106 107 24 108 
106 59 107 24 15 108 
106 107 24 108 
106 107 24 108 
106 107 24 108 
106 107 24 108 
106 107 24 108 
106 107 24 108 
106 107 24 108 
106 107 24 108 
106 107 24 108 
106 107 24 108 
106 59 107 24 15 108 
106 107 24 108 
106 107 24 108 
106 107 24 108 
106 107 24 108 
106 107 24 108 
106 107 24 108 
106 107 24 108 
106 107 24 108 
106 107 24 108 
106 107 24 108 
106 107 24 108 