16 17 56 5 
16 17 56 5 
16 17 56 5 
16 17 56 5 
16 17 56 5 
16 17 56 5 
16 17 56 5 
16 17 56 5 
16 17 56 5 
16 17 56 5 
16 32 17 33 56 5 
16 17 56 5 
16 17 56 5 
16 17 56 5 
16 17 56 5 
16 17 56 5 
16 17 56 5 
16 13 17 14 15 56 5 
16 17 56 5 
16 26 27 17 7 56 5 
16 17 56 5 
16 17 56 5 
16 17 56 5 
16 17 56 5 
16 17 56 5 
16 17 56 5 
16 17 56 5 
16 26 27 17 7 56 5 
16 17 56 5 
16 17 56 5 
16 17 56 5 
16 17 56 5 
16 17 56 5 
16 17 56 5 
16 17 56 5 
16 17 56 5 
16 17 56 5 
16 17 56 5 
16 17 56 5 
16 17 7 56 5 
16 26 27 17 7 56 5 
16 17 56 5 
16 17 56 5 
16 17 56 5 
16 17 56 5 
16 17 56 5 
16 17 56 5 
16 17 56 5 
16 17 56 5 
16 17 56 5 
16 17 56 5 
16 17 56 5 
16 17 56 5 
16 17 56 5 
16 26 27 17 7 56 5 
16 17 56 5 
16 17 56 5 
16 26 27 17 7 56 5 
16 17 56 5 
16 17 56 5 
16 17 56 5 
16 17 56 5 
16 17 56 5 
16 17 56 5 
16 26 27 17 7 56 5 
16 17 56 5 
16 26 27 17 7 56 5 
16 17 56 5 
16 17 56 5 
16 17 56 5 
16 104 17 125 56 5 
16 17 56 5 
16 17 56 5 
16 17 56 5 
16 17 56 5 
16 26 27 17 7 56 5 
16 17 56 5 
16 17 56 5 
16 17 56 5 
16 26 27 17 7 56 5 
16 17 56 5 
16 17 56 5 
16 17 56 5 
16 17 56 5 
16 17 56 5 
16 17 7 9 10 56 5 
16 17 56 5 
16 17 56 5 
16 17 56 5 
16 17 56 5 
16 26 27 17 7 56 5 
16 17 56 5 
16 17 56 5 
16 17 56 5 
16 17 56 5 
16 17 56 5 
16 17 56 5 
16 17 56 5 
16 17 56 5 
16 17 56 5 
16 17 56 5 
16 17 56 5 
16 100 17 101 56 5 
16 17 56 5 
16 17 7 9 10 56 5 
16 17 56 5 
16 17 56 5 
16 17 7 9 10 56 5 
16 17 56 5 
16 17 56 5 
16 17 56 5 
16 17 56 5 
16 17 56 5 
16 17 56 5 
16 17 56 5 
16 17 56 5 
16 17 56 5 
16 17 56 5 
16 17 56 5 
16 17 56 5 
16 17 56 5 
16 26 27 17 7 56 5 
16 17 56 5 
16 17 56 5 
16 17 56 5 
16 17 56 5 
16 17 56 5 
16 17 56 5 
16 17 56 5 
16 17 56 5 
16 17 56 5 
16 17 56 5 
16 17 56 5 
16 17 56 5 
16 17 56 5 
16 17 56 5 
16 26 27 17 7 56 5 
16 17 56 5 
16 26 27 17 7 56 5 
16 26 27 17 7 56 5 
16 17 56 5 
16 17 56 5 
16 26 27 17 7 56 5 
16 17 56 5 
16 26 27 17 7 56 5 
16 17 56 5 
16 17 56 5 
16 26 27 17 7 56 5 
16 26 27 17 7 56 5 
16 17 56 5 
16 26 27 17 7 56 5 
16 17 56 5 
16 17 56 5 
16 17 56 5 
16 26 27 17 7 56 5 
16 26 27 17 7 56 5 
16 17 56 5 
16 17 56 5 
16 26 27 17 7 56 5 
16 17 56 5 
16 17 56 5 
16 17 56 5 
16 17 56 5 
16 17 56 5 
16 17 56 5 
16 17 56 5 
16 17 56 5 
16 17 56 5 
16 17 56 5 
16 17 56 5 
16 17 56 5 
16 17 56 5 
16 17 56 5 
16 17 56 5 
16 17 56 5 
16 17 56 5 
16 17 56 5 
16 17 56 5 
16 17 56 5 
16 17 56 5 
16 17 56 5 
16 17 56 5 
16 17 56 5 
16 17 56 5 
16 17 56 5 
16 17 102 19 103 56 5 
16 27 17 7 71 43 56 5 
16 17 56 5 
16 26 27 17 7 56 5 
16 17 56 5 
16 17 70 56 5 
16 17 56 5 
16 17 56 5 
16 17 56 5 
16 26 27 17 7 56 5 
16 17 56 5 
16 17 19 56 5 
16 17 7 9 10 56 5 
16 17 7 9 10 56 5 
16 17 7 9 10 56 5 
16 17 7 9 10 56 5 
16 17 56 5 
16 17 56 5 
16 17 7 9 10 56 5 
16 17 56 5 
16 17 56 5 
16 17 56 5 
16 17 56 5 
16 17 56 5 
16 17 56 5 
16 17 56 5 
16 17 56 5 
16 17 56 5 
16 17 56 5 
16 100 17 101 56 5 
16 17 56 5 
16 17 56 5 
16 26 27 17 7 56 5 
16 17 56 5 
16 26 27 17 7 56 5 
16 17 56 5 
16 17 56 5 
16 17 56 5 
16 26 27 17 7 56 5 
16 17 56 5 
16 17 56 5 
16 26 27 17 7 56 5 
16 17 56 5 
16 17 56 5 
16 17 56 5 
16 17 56 5 
16 17 56 5 
16 17 56 5 
16 17 19 56 5 
16 17 56 5 
16 17 56 5 
16 17 56 5 
16 17 56 5 
16 17 56 5 
16 17 56 5 
16 17 56 5 
16 17 56 5 
16 17 56 5 
16 17 56 5 
16 17 56 5 
16 17 56 5 
16 17 7 9 10 56 5 
16 17 56 5 
16 17 56 5 
16 17 56 5 
16 17 56 5 
16 17 56 5 
16 17 56 5 
16 17 56 5 
16 17 56 5 
16 17 56 5 
16 17 56 5 
16 17 56 5 
16 17 56 5 
16 17 56 5 
16 17 56 5 
16 17 56 5 
16 17 56 5 
16 26 27 17 7 56 5 
16 17 56 5 
16 17 56 5 
16 17 56 5 
16 17 56 5 
16 26 27 17 7 56 5 
16 17 56 5 
16 17 56 5 
16 26 27 17 7 56 5 
16 17 56 5 
16 17 56 5 
16 17 56 5 
16 17 56 5 
16 26 27 17 7 56 5 
16 17 56 5 
16 17 56 5 
16 26 27 17 7 56 5 
16 17 56 5 
16 17 56 5 
16 26 27 17 7 56 5 
16 17 56 5 
16 17 56 5 
16 26 27 17 7 56 5 
16 17 56 5 
16 17 56 5 
16 17 56 5 
16 26 27 17 7 56 5 
16 17 56 5 
16 17 56 5 
16 17 56 5 
16 17 56 5 
16 17 56 5 
16 26 27 17 7 56 5 
16 17 56 5 
16 26 27 17 7 56 5 
16 17 56 5 
16 17 56 5 
16 17 56 5 
16 26 27 17 7 56 5 
16 17 56 5 
16 17 56 5 
16 17 56 5 
16 17 56 5 
16 17 56 5 
16 17 56 5 
16 17 56 5 
16 17 56 5 
16 17 56 5 
16 17 7 9 10 56 5 
16 17 56 5 
16 17 56 5 
16 17 56 5 
16 26 27 17 7 56 5 
16 17 56 5 
16 17 56 5 
16 17 56 5 
16 17 56 5 
16 17 19 56 5 
16 17 56 5 
16 17 56 5 
16 17 56 5 
16 17 56 5 
16 26 27 17 7 56 5 
16 17 56 5 
16 17 56 5 
16 17 56 5 
16 26 27 17 7 56 5 
16 17 56 5 
16 26 27 17 7 56 5 
16 17 56 5 
16 17 56 5 
16 17 56 5 
16 17 56 5 
16 17 56 5 
16 17 56 5 
16 17 56 5 
16 17 56 5 
16 17 56 5 
16 17 56 5 
16 17 56 5 
16 17 20 56 5 
16 17 56 5 
16 17 56 5 
16 17 56 5 
16 17 7 9 10 56 5 
16 17 56 5 
16 17 56 5 
16 17 56 5 
16 26 27 17 7 56 5 
16 17 56 5 
16 17 56 5 
16 26 27 17 7 56 5 
16 17 56 5 
16 17 7 9 10 56 5 
16 17 56 5 
16 17 56 5 
16 17 56 5 
16 17 56 5 
16 26 27 17 7 56 5 
16 26 27 17 7 56 5 
16 17 56 5 
16 17 56 5 
16 26 27 17 7 56 5 
16 17 56 5 
16 17 56 5 
16 17 56 5 
16 17 56 5 
16 17 56 5 
16 17 56 5 
16 17 56 5 
16 17 56 5 
16 17 56 5 
16 17 56 5 
16 17 56 5 
16 17 56 5 
16 17 56 5 
16 17 56 5 
16 17 56 5 
16 17 56 5 
16 17 56 5 
16 17 56 5 
16 17 56 5 
16 26 27 17 7 56 5 
16 17 56 5 
16 17 56 5 
16 17 56 5 
16 17 56 5 
16 17 56 5 
16 17 19 56 5 
16 17 56 5 
16 17 7 9 10 56 5 
16 17 56 5 
16 17 56 5 
16 17 56 5 
16 17 56 5 
16 17 56 5 
16 17 56 5 
16 17 56 5 
16 17 56 5 
16 17 56 5 
16 26 27 17 7 56 5 
16 17 56 5 
16 17 56 5 
16 17 7 9 10 56 5 
16 17 7 9 10 56 5 
16 17 56 5 
16 17 56 5 
16 17 56 5 
16 17 56 5 
16 26 27 17 7 56 5 
16 17 56 5 
16 17 56 5 
16 17 56 5 
16 17 56 5 
16 17 56 5 
16 17 56 5 
16 17 56 5 
16 17 56 5 
16 17 56 5 
16 17 56 5 
16 17 56 5 
16 17 56 5 
16 17 56 5 
16 26 27 17 7 56 5 
16 26 27 17 7 56 5 
16 17 56 5 
16 17 56 5 
16 17 56 5 
16 17 56 5 
16 17 56 5 
16 26 27 17 7 56 5 
16 17 56 5 
16 17 56 5 
16 17 56 5 
16 17 56 5 
16 17 56 5 
16 17 56 5 
16 17 56 5 
16 26 27 17 7 56 5 
16 17 56 5 
16 17 56 5 
16 17 56 5 
16 17 56 5 
16 26 27 17 7 56 5 
16 26 27 17 7 56 5 
16 17 56 5 
16 26 27 17 7 56 5 
16 26 27 17 7 56 5 
16 17 56 5 
16 17 56 5 
16 17 56 5 
16 26 27 17 7 56 5 
16 17 56 5 
16 17 56 5 
16 17 56 5 
16 17 56 5 
16 17 56 5 
16 26 27 17 7 56 5 
16 26 27 17 7 56 5 
16 17 56 5 
16 17 56 5 
16 17 56 5 
16 17 56 5 
16 17 56 5 
16 17 56 5 
16 17 56 5 
16 17 56 5 
16 17 56 5 
16 26 27 17 7 56 5 
16 17 56 5 
16 17 56 5 
16 17 56 5 
16 26 27 17 7 56 5 
16 26 27 17 7 56 5 
16 17 56 5 
16 26 27 17 7 56 5 
16 17 56 5 
16 17 56 5 
16 26 27 17 7 56 5 
16 17 56 5 
16 26 27 17 7 56 5 
16 17 56 5 
16 17 56 5 
16 17 56 5 
16 17 56 5 
16 17 56 5 
16 17 56 5 
16 17 56 5 
16 17 56 5 
16 17 56 5 
16 26 27 17 7 56 5 
16 17 56 5 
16 17 56 5 
16 17 56 5 
16 17 56 5 
16 17 56 5 
16 17 56 5 
16 26 27 17 7 56 5 
16 17 62 56 5 
16 17 56 5 
16 17 70 56 5 
16 17 56 5 
16 17 56 5 
16 17 56 5 
16 17 56 5 
16 17 56 5 
16 17 56 5 
16 17 56 5 
16 17 56 5 
16 17 56 5 
16 17 56 5 
16 26 27 17 7 56 5 
16 17 56 5 
16 17 56 5 
16 26 27 17 7 56 5 
16 17 56 5 
16 17 56 5 
16 17 56 5 
16 17 56 5 
16 17 56 5 
16 17 56 5 
16 17 56 5 
16 17 56 5 
16 17 56 5 
16 17 56 5 
16 26 27 17 7 56 5 
16 26 27 17 7 56 5 
16 17 56 5 
16 17 56 5 
16 17 56 5 
16 17 56 5 
16 26 27 17 7 56 5 
16 17 56 5 