16 269 19 5 
16 19 123 5 
16 19 123 5 
16 19 123 5 
16 19 123 5 
16 19 123 5 
16 19 123 5 
16 19 123 5 
16 269 19 5 
16 19 123 5 
16 19 123 5 
16 269 19 5 
16 269 19 5 
16 19 123 5 
16 269 19 5 
16 269 19 5 
16 343 269 19 5 
16 19 123 5 
16 19 123 5 
16 19 123 5 
16 19 123 5 
16 19 123 5 
16 19 123 5 
16 269 19 5 
16 19 123 5 
16 19 123 5 
16 19 123 5 
16 19 123 5 
16 19 123 5 
16 19 123 5 
16 269 341 19 5 
16 269 19 345 5 
16 19 123 5 
16 230 231 19 123 5 
16 19 123 5 
16 269 19 5 
16 269 19 5 
16 19 123 5 
16 19 123 5 
16 269 19 5 
16 19 123 5 
16 269 19 5 
16 19 123 5 
16 269 19 5 
16 269 19 5 
16 269 19 5 
16 19 123 5 
16 19 123 5 
16 269 19 5 
16 269 19 5 
16 269 19 5 
16 269 19 5 
16 269 19 5 
16 19 123 5 
16 269 19 5 
16 19 123 5 
16 19 123 5 
16 269 37 19 5 
16 19 123 5 
16 19 123 5 
16 269 19 5 
16 19 123 5 
16 269 19 5 
16 269 19 5 
16 19 123 5 
16 19 123 5 
16 269 19 5 
16 269 19 5 
16 269 19 5 
16 269 19 5 
16 19 123 5 
16 19 123 5 
16 269 19 5 
16 19 123 5 
16 19 123 5 
16 19 123 5 
16 19 123 5 
16 19 123 5 
16 19 123 5 
16 19 123 5 
16 19 123 5 
16 269 19 5 
16 19 123 5 
16 269 19 5 
16 19 123 5 
16 19 123 5 
16 269 19 5 
16 269 19 5 
16 19 123 5 
16 19 123 5 
16 19 123 5 
16 19 123 5 
16 19 123 5 
16 19 123 5 
16 19 123 5 
16 269 19 5 
16 19 123 5 
16 19 123 5 
16 269 19 5 
16 19 123 5 
16 269 19 5 
16 269 19 5 
16 19 123 5 
16 19 123 5 
16 269 19 5 
16 19 123 5 