52 59 174 15 175 373 
52 59 174 15 175 373 
52 174 175 373 
52 174 175 373 
52 59 174 15 175 373 
52 174 175 373 
52 174 175 373 
52 174 175 373 
52 174 175 373 
52 174 175 373 
52 174 15 175 82 373 
52 174 175 373 
52 174 15 175 82 373 
52 174 175 373 
52 174 175 373 
52 174 175 373 
52 174 175 373 
52 174 175 373 
52 174 15 175 82 373 
52 174 175 373 
52 174 15 175 82 373 
52 174 15 175 82 373 
52 174 175 373 
52 174 175 373 
52 174 175 373 
52 3 174 175 373 
52 174 175 373 
52 174 15 175 82 373 
52 174 15 175 82 373 
52 174 175 373 
52 174 15 175 82 373 
52 59 174 15 175 373 
52 174 15 175 82 373 
52 174 175 373 
52 174 175 373 
52 174 175 373 
52 174 175 373 
52 174 15 175 82 373 
52 174 175 373 
52 174 175 373 
52 174 15 175 82 373 
52 174 175 373 
52 174 15 175 82 373 
52 59 174 15 175 373 
52 59 174 15 175 373 
52 174 15 175 82 373 
52 174 15 175 82 373 
52 174 175 373 
52 174 175 373 
52 174 175 373 
52 174 175 373 
52 174 175 373 
52 174 175 373 
247 52 3 174 175 373 
52 174 175 373 
52 59 174 15 175 373 
26 27 7 52 174 175 373 
52 174 15 175 82 373 
52 3 174 175 373 
52 174 175 373 
52 174 175 373 
52 174 15 175 82 373 
52 174 175 373 