52 174 15 175 82 256 
52 174 175 256 
16 52 174 175 256 
52 174 15 175 82 256 
52 174 175 256 
52 174 15 175 82 256 
52 174 175 256 
52 174 15 175 82 256 
52 174 175 256 
52 59 174 15 175 256 
52 59 174 15 175 256 
52 174 175 256 
52 174 175 256 
52 174 175 256 
52 174 175 256 
52 174 175 256 
52 174 175 256 
52 174 15 175 82 256 
52 174 15 175 256 
52 59 174 15 175 256 
16 52 19 174 175 256 
52 174 175 256 
52 174 175 256 
52 174 175 256 
52 174 175 256 
52 174 175 256 
32 16 17 52 33 174 175 256 
52 174 15 175 82 256 
52 174 175 256 
52 174 15 175 82 256 
52 174 175 256 
52 59 174 15 175 256 
52 174 15 175 82 256 
52 174 175 256 
52 174 175 256 
52 174 175 256 
52 174 15 175 82 256 
52 174 15 175 82 256 
52 174 15 175 82 256 
52 174 15 175 82 256 
52 174 15 175 82 256 
52 174 15 175 82 256 
52 174 175 256 
52 174 15 175 82 256 
52 174 15 175 82 256 
52 174 15 175 82 256 
52 174 175 256 
52 174 175 256 
52 3 174 175 256 
52 174 175 256 
52 3 174 175 256 
52 174 175 256 
52 174 15 175 82 256 
52 174 175 256 
16 52 19 174 175 256 
52 174 175 256 
52 3 174 175 256 
52 174 175 256 
52 59 174 15 175 256 
52 3 174 175 256 
52 174 175 256 
52 174 175 256 
52 174 175 256 
52 174 175 256 
52 174 15 175 82 256 
52 174 15 175 82 256 
52 174 175 256 
52 174 15 175 82 256 
52 174 15 175 82 256 
52 174 175 256 
52 174 15 175 82 256 
52 174 175 256 
52 174 175 256 
52 59 174 15 175 256 
52 59 174 15 175 256 
52 59 174 15 175 256 
52 59 174 15 175 256 
52 59 174 15 175 256 
52 174 175 256 
16 52 19 174 175 256 
52 174 175 256 
52 174 175 256 
52 174 15 175 82 256 
52 174 15 175 82 256 
52 174 15 175 82 256 
52 59 174 15 175 256 
52 174 175 256 
52 174 175 256 
52 174 175 256 
52 59 174 15 175 256 
52 174 175 256 
52 174 175 256 
52 174 175 256 
52 174 15 175 82 256 
52 59 174 15 175 256 
52 174 15 175 82 256 
52 174 175 256 
52 174 175 256 
52 174 175 256 
52 59 174 15 175 256 
52 174 175 256 
52 174 175 256 
52 174 175 256 
52 174 175 256 
52 174 175 256 
52 174 15 175 82 256 
52 174 15 175 82 256 
52 174 15 175 82 256 
52 174 175 256 
52 174 175 256 
52 174 175 256 
52 174 15 175 82 256 
52 174 175 256 
52 174 175 256 
52 174 175 256 
52 174 175 256 
52 174 175 256 
52 174 15 175 82 256 
16 52 19 174 175 256 
52 174 175 256 
52 174 15 175 82 256 
52 174 175 256 
52 174 175 256 
52 174 175 256 
52 174 15 175 82 256 
52 174 175 256 
52 174 175 256 
52 59 174 15 175 256 
52 174 175 256 
52 174 175 256 
52 174 175 256 
52 174 175 256 
52 174 175 256 
52 174 15 175 82 256 
52 174 175 256 
52 174 175 256 
52 174 175 256 
52 174 175 256 
52 174 175 256 
52 174 15 175 82 256 
52 174 175 256 
52 59 174 15 175 256 
52 174 15 175 82 256 
52 59 174 15 175 256 
52 59 174 15 175 256 
52 174 175 256 
52 174 175 256 
52 174 15 175 82 256 
52 174 175 256 
52 174 175 256 
52 174 175 256 
52 174 175 256 
52 174 175 256 
52 174 175 256 
52 174 175 256 
52 174 175 256 
52 3 163 174 175 256 
52 174 175 256 
52 174 175 256 
52 174 175 256 
52 174 15 175 82 256 
52 174 175 256 
52 174 15 175 82 256 
52 3 163 174 175 256 
52 174 175 256 
52 174 175 256 
52 174 175 256 
52 174 175 256 
52 174 15 175 82 256 
52 174 15 175 82 256 
52 174 175 256 
52 174 15 175 82 256 
52 174 175 256 
32 16 17 52 33 174 175 256 
52 174 15 175 82 256 
52 174 175 256 
52 59 174 15 175 256 
52 59 174 15 175 256 
52 174 175 256 
52 174 15 175 82 256 
52 59 174 15 175 256 
52 174 175 256 
52 174 175 256 
52 174 175 256 
52 174 175 256 
52 174 175 256 
52 174 175 256 
52 174 175 256 
52 174 175 256 
52 174 175 256 
52 174 175 256 
52 174 175 256 
52 174 15 175 82 256 
52 59 174 15 175 256 
52 174 175 256 
52 174 175 256 
52 174 175 256 
52 174 175 256 
52 174 15 175 82 256 
52 174 175 256 
52 174 175 256 
52 174 175 256 
52 174 175 256 
52 174 15 175 82 256 
52 174 175 256 
52 174 175 256 
52 174 175 256 
52 59 174 15 175 256 
52 59 174 15 175 256 
52 174 15 175 82 256 
52 174 175 256 
52 174 15 175 82 256 
52 174 175 256 
52 174 15 175 82 256 
52 174 175 256 
52 174 15 175 82 256 
52 174 15 175 82 256 
52 174 175 256 
52 174 175 256 
52 174 175 256 
52 174 175 256 
52 3 174 175 256 
52 174 175 256 
52 174 175 256 
52 59 174 15 175 256 
52 3 257 174 175 256 
52 174 175 256 
52 20 174 175 256 
52 59 174 15 175 256 
52 59 174 15 175 256 
52 174 175 256 
52 174 175 256 
52 174 175 256 
52 174 175 256 
52 174 15 175 82 256 
52 174 175 256 
52 174 15 175 82 256 
52 174 15 175 82 256 
52 174 15 175 82 256 
52 174 15 175 82 256 
52 3 163 174 175 256 
52 174 15 175 82 256 
52 174 15 175 82 256 
52 174 175 256 
52 174 175 256 
52 174 175 256 
52 174 175 256 
52 174 175 256 
52 174 175 256 
52 174 175 256 
52 59 174 15 175 256 
52 174 175 256 
52 174 175 256 
52 174 15 175 82 256 
52 59 174 15 175 256 
52 174 15 175 82 256 
52 174 175 256 
52 174 175 256 
52 174 175 256 
52 174 175 256 
52 174 175 256 
52 174 175 256 
52 174 15 175 82 256 
52 174 15 175 82 256 
52 59 174 15 175 256 
52 174 15 175 82 256 
52 174 175 256 
52 174 175 256 
52 174 175 256 
52 174 175 256 
52 174 175 256 
52 20 174 175 256 
52 174 175 256 
52 174 15 175 82 256 
52 174 175 256 
52 174 175 256 
52 174 175 256 
52 174 175 256 
52 174 175 256 
52 174 175 256 
52 174 175 256 
52 174 175 256 
52 174 175 256 
52 174 175 256 
52 174 175 256 
52 174 175 256 
26 27 7 52 174 175 256 
52 174 175 256 
52 174 15 175 82 256 
52 174 15 175 82 256 
52 174 175 256 
52 174 175 256 
52 174 175 256 
52 174 175 256 
52 174 175 256 
52 174 175 256 
247 52 3 174 175 256 
247 52 3 174 175 256 
52 174 175 256 
52 174 175 256 
247 52 3 174 175 256 
247 52 3 174 175 256 
52 174 175 256 
52 174 15 175 82 256 
52 174 15 175 82 256 
52 174 175 256 