26 27 7 52 174 175 422 
52 59 174 15 175 422 
52 174 15 175 82 422 
52 174 15 175 82 422 
52 59 174 15 175 422 
52 174 175 422 
52 174 15 175 82 422 
52 174 175 422 
52 59 174 15 175 422 
52 174 175 422 
52 174 15 175 82 422 
52 174 175 422 
52 174 15 175 82 422 
52 174 15 175 82 422 
52 174 15 175 82 422 
52 59 174 15 175 422 
52 174 15 175 82 422 
52 174 15 175 82 422 
52 174 175 422 
52 174 175 422 
52 59 174 15 175 422 
52 174 15 175 82 422 
52 20 174 175 422 
52 174 15 175 82 422 
52 174 15 175 82 422 
52 174 175 422 
52 174 175 422 
52 59 174 15 175 422 
52 174 15 175 82 422 
52 174 175 422 
52 174 175 422 
52 174 15 175 82 422 
52 174 175 422 
52 174 175 422 
52 174 175 422 
52 174 15 175 82 422 
52 59 174 15 175 422 
52 174 175 422 
52 174 175 422 
52 174 175 422 
52 174 175 422 
52 174 175 422 
52 174 175 422 
52 174 15 175 82 422 
52 174 15 175 82 422 
52 174 175 422 
52 174 175 422 
52 174 175 422 
52 174 175 422 
52 3 163 174 175 422 
52 174 175 422 
52 174 15 175 82 422 
52 174 15 175 82 422 
52 174 15 175 82 422 
52 174 175 422 
52 3 163 174 175 422 
52 174 175 422 
52 174 175 422 
52 174 175 422 
52 174 175 422 
52 174 175 422 
52 174 175 422 
16 52 19 174 175 422 
52 174 175 422 
52 174 175 422 
52 3 174 175 422 
52 174 175 422 
52 174 175 422 
52 174 175 422 
52 174 175 422 
52 174 175 422 
52 174 175 422 
52 174 175 422 
52 59 174 15 175 422 
52 174 175 422 
52 174 175 422 
52 174 175 422 
52 174 175 422 
52 174 175 422 
52 174 15 175 82 422 
52 174 175 422 
52 174 15 175 82 422 
52 174 175 422 
52 174 175 422 
52 174 175 422 
52 174 175 422 
52 174 175 422 
52 174 175 422 
52 174 175 422 
52 59 174 15 175 422 
52 174 175 422 
52 174 175 422 
52 174 175 422 
52 174 175 422 
52 3 257 174 175 422 
52 174 175 422 
52 174 175 422 
52 174 175 422 
52 174 175 422 
52 174 15 175 82 422 
52 174 175 422 
52 174 15 175 82 422 
52 174 15 175 82 422 
52 174 15 175 82 422 
52 3 163 174 175 422 
52 174 15 175 82 422 
52 59 174 15 175 422 
52 174 175 422 
52 174 175 422 
52 174 175 422 
52 174 175 422 
52 174 175 422 
52 174 175 422 
52 174 15 175 82 422 
52 174 175 422 
52 174 175 422 
52 174 175 422 
52 174 175 422 
52 174 175 422 
52 174 175 422 
52 174 175 422 
52 174 175 422 
52 174 15 175 82 422 
52 174 175 422 
52 174 175 422 
52 174 175 422 
247 52 3 174 175 422 
52 174 175 422 
52 174 175 422 
52 174 175 422 
52 174 175 422 
52 174 175 422 
52 59 174 15 175 422 
52 174 175 422 
52 174 175 422 
52 174 175 422 
52 174 175 422 
247 52 3 174 175 422 
52 174 15 175 82 422 
52 174 175 422 
52 174 15 175 82 422 
247 52 3 174 175 422 
52 174 175 422 
52 174 175 422 
52 174 175 422 
52 174 15 175 82 422 
52 174 175 422 
52 174 175 422 
52 174 175 422 
52 174 175 422 
52 174 175 422 
52 174 175 422 
52 174 175 422 
52 174 175 422 
52 174 175 422 
52 174 175 422 
52 174 175 422 
52 174 15 175 82 422 
52 174 175 422 
52 174 175 422 
52 174 175 422 
247 52 3 174 175 422 
247 52 3 174 175 422 
52 174 175 422 
52 174 175 422 
52 174 15 175 82 422 
52 174 175 422 
52 174 175 422 
52 174 175 422 
52 174 175 422 
52 174 15 175 82 422 
52 174 175 422 
52 174 175 422 
52 174 175 422 
52 174 175 422 