352 7 8 46 51 176 
352 7 8 46 51 176 
352 7 8 46 51 176 
352 7 8 46 51 176 
352 7 8 46 51 176 
352 7 8 46 51 176 
352 7 8 46 51 176 
352 7 8 46 51 176 
352 7 8 46 51 176 
352 7 8 46 51 176 
352 7 8 46 51 176 
16 352 7 8 46 51 176 
352 7 8 46 51 176 
352 7 8 46 51 176 
352 7 8 46 51 176 
352 7 8 46 176 
352 7 8 46 51 176 
352 7 8 46 51 176 
352 7 8 46 51 176 
352 7 8 46 51 176 
352 7 8 46 176 
352 7 8 46 51 78 176 
352 7 8 46 51 176 
352 7 8 46 51 176 
352 7 8 46 51 176 
352 7 8 46 51 176 
352 7 8 46 51 176 
352 7 8 46 176 
352 7 8 46 176 
352 7 8 46 51 176 
352 7 8 46 51 176 
352 7 8 46 51 176 
92 352 7 8 46 51 176 
352 7 8 46 51 176 
352 7 8 46 51 176 
352 7 8 46 51 176 
352 7 8 46 51 176 
92 352 7 8 46 51 176 
352 7 8 46 51 176 
352 7 8 46 176 
352 7 8 46 51 176 
352 7 8 46 51 176 
352 7 8 46 51 176 
352 7 8 46 51 176 
352 7 8 46 51 176 
352 7 8 46 51 176 
352 7 8 46 51 176 
352 7 8 46 51 176 
352 7 8 46 51 176 
352 7 8 46 51 176 
352 7 8 46 51 176 
352 7 8 46 51 176 
352 7 8 46 51 176 
352 7 8 46 51 176 
352 7 8 46 51 176 
352 7 8 46 176 
352 7 8 46 51 176 
352 7 8 46 51 176 
352 7 8 46 51 176 
352 7 8 46 51 176 
352 7 8 46 51 176 
352 7 8 46 176 
352 7 8 46 51 176 
352 7 8 46 51 176 
352 7 8 46 51 176 
352 7 8 46 51 176 
352 7 8 46 51 176 
352 7 8 46 51 176 
352 7 8 46 51 176 
352 7 8 46 176 
352 7 8 46 176 
352 7 8 46 51 176 
352 7 8 46 51 176 
352 7 8 46 51 176 
352 7 8 46 51 176 
352 7 8 46 51 176 
352 7 8 46 51 176 
352 7 8 46 51 176 
352 7 8 46 51 176 
352 7 8 46 176 
352 7 8 46 51 176 
352 7 8 46 176 
352 7 8 46 51 176 
352 7 8 46 176 
352 7 8 46 51 176 
352 7 8 46 51 176 
352 7 8 46 51 176 
352 7 8 46 94 10 51 176 
352 7 8 46 176 
352 7 8 46 51 176 
352 7 8 46 51 176 
352 7 8 46 51 176 
352 7 8 46 176 
352 7 8 46 51 176 
352 7 8 46 176 
26 27 352 7 8 46 176 
352 7 8 46 176 
16 352 7 8 46 19 51 176 
352 7 8 46 51 176 
352 7 8 46 51 176 
352 7 8 46 51 176 
352 7 8 46 51 176 
352 7 8 46 51 176 
352 7 8 46 51 176 
352 7 8 46 176 
352 7 8 46 176 
352 7 8 46 9 10 51 176 
352 7 8 46 51 176 
352 7 8 46 51 176 
352 7 8 46 51 176 
352 7 8 46 51 176 
352 7 8 46 51 176 
352 7 8 46 51 176 
352 7 8 46 176 
352 7 8 46 51 176 
352 7 8 46 51 176 
352 7 8 46 176 
352 7 8 46 176 
352 7 8 46 176 
352 7 8 46 51 176 
352 7 8 46 51 176 
352 7 8 46 51 176 
352 7 8 46 51 176 
352 7 8 46 51 176 
352 7 8 46 51 176 
27 352 7 8 46 71 43 51 176 
352 7 8 46 51 176 
352 7 8 46 51 176 
352 7 8 46 176 
352 7 8 46 51 176 
352 7 8 46 51 176 
352 7 8 46 51 176 
352 7 8 46 51 176 
352 7 8 46 176 
352 7 8 46 51 176 
352 7 8 46 51 176 
352 7 34 8 46 15 35 51 176 
352 7 8 46 51 176 
352 7 8 46 51 176 
352 7 8 46 51 176 
352 7 8 46 176 
352 7 8 46 176 
352 7 8 46 176 
352 7 8 46 176 
352 7 8 46 20 51 176 
352 7 8 46 176 
32 16 352 17 7 8 46 33 51 176 
352 7 8 46 51 176 
352 7 8 46 51 176 
352 7 8 46 51 176 
352 7 8 46 51 176 
352 7 8 46 51 176 
352 7 8 46 51 176 
352 7 8 46 51 176 
352 7 8 46 51 176 
352 7 8 46 176 
352 7 8 46 267 51 176 
352 7 8 46 51 176 
352 7 8 46 51 176 
352 7 8 46 176 
352 7 8 46 51 176 
352 7 8 46 51 176 
352 7 8 46 176 
352 7 8 46 51 176 
352 7 8 46 51 176 
352 7 8 46 51 176 
352 7 8 46 51 176 
352 7 8 46 51 176 
352 7 8 46 176 
352 7 8 46 94 10 51 176 
352 7 8 46 51 176 
352 7 8 46 51 176 
352 7 8 46 51 176 
16 352 17 7 8 46 62 51 176 
352 7 8 46 176 
352 7 8 46 51 176 
352 7 8 46 176 
352 7 8 46 51 176 
352 7 8 46 176 
352 7 8 46 51 176 
352 7 8 46 176 
352 7 8 46 51 176 
352 7 8 46 51 176 
352 7 8 46 51 176 
352 7 8 46 51 176 
352 7 8 46 176 
352 7 8 46 51 176 
352 7 8 46 176 
352 7 8 46 51 176 
352 7 8 46 176 
352 7 8 46 51 176 
352 7 8 46 51 176 
352 7 8 46 176 
352 7 8 46 51 176 
352 7 8 46 176 
352 7 8 46 176 
352 7 8 46 51 176 
352 7 8 46 176 
352 7 8 46 51 176 
352 7 8 46 176 
352 7 8 46 176 
352 7 8 46 51 176 
352 7 8 46 176 
352 7 8 46 51 176 
352 7 8 46 51 176 
352 7 8 46 176 
352 7 8 46 51 176 
352 7 8 46 94 10 176 
352 7 8 46 176 
352 7 8 46 51 176 
352 7 8 46 51 176 
352 7 8 46 176 
352 7 8 46 176 
352 7 8 46 176 
352 7 8 46 176 
352 7 8 46 51 176 
352 7 8 46 176 
352 7 8 46 51 176 
352 7 8 46 176 
32 16 352 17 7 8 46 33 176 
352 7 8 46 51 176 
352 7 8 46 15 51 176 
352 7 8 46 9 10 51 176 
352 7 8 46 51 176 
352 7 8 46 51 176 
352 7 8 46 176 
352 7 8 46 20 51 176 
352 7 8 46 51 176 
352 7 8 46 94 10 176 
352 7 8 46 176 
352 7 8 46 176 
352 7 8 46 51 176 
352 7 8 46 176 
352 7 8 46 176 
32 16 352 17 7 8 46 33 51 176 
352 7 8 46 51 176 
352 7 8 46 51 176 
352 7 8 46 176 
352 7 8 46 51 176 
352 7 8 46 176 
352 7 8 46 51 176 
29 352 7 8 46 51 176 
352 7 8 46 176 
352 7 8 46 51 176 
352 7 8 46 176 
352 7 8 46 176 
352 7 8 46 51 176 
352 7 8 46 51 78 176 
352 7 8 46 176 
352 7 8 46 51 176 
352 7 8 46 176 
352 7 8 46 176 
352 7 8 46 176 
352 7 8 46 51 176 
352 7 8 46 94 10 176 
352 7 8 46 176 
352 7 8 46 176 
352 7 8 46 176 
352 7 8 46 51 176 
352 7 8 46 51 176 
352 7 8 46 176 
352 7 8 46 176 
352 7 8 46 51 176 
26 27 352 7 8 46 51 176 
16 352 17 7 8 46 62 176 
352 7 8 46 176 
352 7 8 46 176 
352 7 8 46 176 
352 7 8 46 51 176 
352 7 8 46 51 176 
352 7 8 46 176 
352 7 8 46 176 
352 7 8 46 51 176 
352 7 8 46 51 176 
352 7 8 46 176 
352 7 8 46 176 
352 7 8 46 176 
352 7 8 46 176 
352 7 8 46 51 176 
352 7 8 46 176 
352 7 8 46 176 
352 7 8 46 51 176 
352 7 8 46 176 
352 7 8 46 176 
352 7 8 46 176 
352 7 8 46 176 
352 7 8 46 176 
352 7 8 46 176 
352 7 8 46 176 
352 7 8 46 51 176 
352 7 8 46 176 
352 184 7 8 46 51 48 176 
352 7 8 46 176 
352 7 8 46 176 
352 7 8 46 176 
352 7 8 46 176 
352 7 8 46 176 
352 7 8 46 176 
352 7 8 46 51 176 
352 7 8 46 51 176 
352 7 8 46 51 176 
352 7 8 46 94 10 176 
352 7 8 46 176 
352 7 8 46 51 176 
352 7 8 46 51 176 
352 7 8 46 51 176 
352 7 8 46 94 10 176 
352 7 8 46 176 
352 7 8 46 176 
352 7 8 46 51 176 
352 7 8 46 176 
352 7 8 46 51 176 
352 7 8 46 176 
352 7 8 46 176 
32 16 352 17 7 8 46 33 51 176 
352 7 8 46 176 
352 7 8 46 51 176 
352 7 8 46 51 176 
352 7 8 46 176 
32 16 352 17 7 8 46 33 176 
352 7 8 46 51 176 
352 7 8 46 94 10 176 
352 7 8 46 176 
352 7 8 46 51 176 
352 7 8 46 176 
352 7 8 46 176 
352 7 8 46 51 176 
352 7 8 46 176 
352 7 8 46 176 
352 7 8 46 51 176 
352 7 8 46 51 176 
352 7 8 46 51 176 
352 7 8 46 176 
352 7 8 46 176 
352 7 8 46 94 10 176 
352 7 8 46 51 176 
352 7 8 46 51 176 
352 7 8 46 51 176 
352 7 8 46 51 176 
352 7 8 46 51 176 
352 7 8 46 176 
352 7 8 46 176 
352 7 8 46 176 
352 7 8 46 51 176 
352 7 8 46 176 
352 7 8 46 176 
352 7 8 46 51 176 
352 7 8 46 176 
352 7 8 46 176 
352 7 8 46 176 
352 7 8 46 51 176 
352 7 8 46 176 
352 7 8 46 51 176 
352 7 8 46 176 
352 7 8 46 51 176 
352 7 8 46 176 
352 7 8 46 51 176 
352 7 8 46 51 176 
352 7 8 46 176 
352 7 8 46 51 176 
352 7 8 46 176 
352 7 8 46 51 176 
352 7 8 46 176 
352 7 8 46 51 176 
352 7 8 46 267 51 176 
352 7 8 46 176 
352 7 8 46 176 
352 7 8 46 51 176 
352 7 8 46 51 176 
352 7 8 46 51 176 
352 7 8 46 176 
352 7 8 46 176 
352 7 8 46 51 176 
352 7 8 52 46 51 53 176 
352 7 8 46 51 176 
352 7 8 46 94 10 176 
352 7 8 46 176 
352 7 8 46 51 176 
352 7 8 46 51 176 
352 7 8 46 176 
352 7 8 46 51 176 
26 27 352 7 8 46 176 
352 7 8 46 176 
352 7 8 46 51 176 
352 7 8 46 176 
352 7 8 46 51 176 
352 7 8 46 51 176 
352 7 8 46 51 176 
352 7 8 46 176 
352 7 8 46 51 176 
352 7 8 46 51 176 
352 7 8 46 51 176 
352 7 8 46 176 
352 7 8 46 51 176 
352 7 8 46 51 176 
352 7 8 46 176 
352 7 8 46 51 176 
352 7 8 46 176 
352 7 8 46 176 
352 7 8 46 51 176 
352 7 8 46 94 10 51 176 
352 7 8 46 176 
352 7 8 46 51 176 
352 7 8 46 176 
32 16 352 17 7 8 46 33 51 176 
352 7 8 46 176 
352 7 8 46 51 176 
32 16 352 17 7 8 46 33 51 176 
352 7 8 46 176 
352 7 8 46 176 
352 7 8 46 51 176 
352 7 8 46 51 176 
352 7 8 46 176 
352 7 8 46 94 10 51 176 
352 7 8 46 51 176 
352 7 8 46 51 176 
352 7 8 46 51 176 
352 7 8 46 176 
352 7 8 46 51 176 
352 7 8 46 176 
352 7 8 46 176 
352 7 8 46 51 176 
352 7 8 46 51 176 
352 7 8 46 51 176 
352 7 8 46 51 176 
352 7 8 46 176 
352 7 8 46 176 
352 7 8 46 176 
352 7 8 46 51 176 
352 7 8 46 51 176 
352 7 8 46 51 176 
352 7 8 46 51 176 
32 16 352 17 7 8 46 33 51 176 
352 7 8 46 51 176 
352 7 8 46 51 176 
352 7 8 46 176 
352 7 8 46 176 
352 7 8 46 51 176 
352 7 8 46 51 176 
352 7 8 46 176 
352 7 8 46 176 
352 7 8 46 176 
352 7 8 46 51 176 
352 7 8 46 176 
352 7 8 46 176 
352 7 8 46 176 
352 7 8 46 51 176 
352 7 8 46 51 176 
352 7 8 46 176 
352 7 8 46 176 
352 7 8 46 51 176 
352 7 8 46 51 176 
352 7 8 46 176 
32 16 352 17 7 8 46 33 51 176 
352 7 8 46 51 176 
352 7 8 46 176 
352 7 8 46 51 176 
352 7 8 46 51 176 
352 7 8 46 176 
352 7 8 46 176 
352 7 8 46 176 
352 7 8 46 51 176 
352 7 8 46 51 176 
352 7 8 46 176 
352 7 8 46 176 
352 7 8 46 51 176 
352 7 8 46 176 
352 7 8 46 94 10 51 176 
352 7 8 46 51 176 
352 7 8 46 176 
352 7 8 46 51 176 
352 7 8 46 176 
352 7 8 46 51 176 
32 16 352 17 7 8 46 33 176 
352 7 8 46 176 
352 7 8 46 51 176 
352 7 8 46 51 176 
352 7 8 46 176 
352 7 8 46 51 176 
352 7 8 46 51 176 
352 7 8 46 51 176 
352 7 8 46 176 
352 7 8 46 176 
352 7 8 46 51 176 
352 7 8 46 51 176 
352 7 8 46 51 176 
352 7 8 46 176 
352 7 8 46 176 
352 7 8 46 51 176 
352 7 8 46 51 176 
352 7 8 46 176 
352 7 8 46 176 
352 7 8 46 176 
352 7 8 46 176 
352 7 8 46 176 
352 7 8 46 51 176 
352 7 8 46 51 176 
352 7 8 46 176 
352 7 8 46 51 176 
352 7 8 46 51 176 
352 7 8 46 176 
352 7 8 46 176 
352 7 8 46 51 176 
352 7 8 46 176 
352 7 8 46 51 176 
352 7 8 46 176 
352 7 8 46 51 176 
352 7 8 46 94 10 51 176 
352 7 8 46 176 
352 7 8 46 176 
352 7 8 46 176 
352 7 8 46 94 10 176 
352 7 8 46 51 176 
352 7 8 46 51 176 
352 7 8 46 51 176 
352 7 8 46 51 176 
352 7 8 46 176 
352 7 8 46 176 
16 194 352 7 8 46 37 19 176 
352 7 8 46 176 
32 16 352 17 7 8 46 33 176 
352 7 8 46 51 176 
352 7 8 46 176 
352 7 8 46 176 
352 7 8 46 176 
352 7 8 46 176 
352 7 8 46 51 176 
352 7 8 46 51 176 
352 7 8 46 51 176 
32 16 352 17 7 8 46 33 176 
352 7 8 46 51 176 
352 7 8 46 51 176 
352 7 8 46 51 176 
352 7 8 46 51 176 
352 7 8 46 176 
352 7 8 46 51 176 
26 27 352 7 8 46 51 176 
352 7 8 46 51 176 
352 7 8 46 176 
352 7 8 46 51 176 
352 7 8 46 176 
352 7 8 46 176 
352 7 8 46 176 
352 7 8 46 176 
352 7 8 46 51 176 
352 7 8 46 176 
352 7 8 46 176 
352 7 8 46 176 
352 7 8 46 176 
352 7 8 46 176 
352 7 8 46 176 
352 7 8 46 51 176 
352 7 8 46 51 176 
32 16 352 17 7 8 46 33 176 
352 7 8 46 51 176 
352 7 8 46 51 176 
352 7 8 46 51 176 
352 7 8 46 51 176 
352 7 8 46 51 176 
352 7 8 46 51 176 
352 7 8 46 176 
352 7 8 46 51 176 
352 7 8 46 51 176 
352 7 8 46 51 176 
352 7 8 46 51 176 
352 7 8 46 176 
352 7 8 46 51 176 
352 7 8 46 176 
352 7 8 46 176 
352 7 8 46 51 176 
352 7 8 46 176 
352 7 8 46 94 10 176 
352 7 8 46 176 
352 7 8 46 176 
352 7 8 46 51 176 
352 7 8 46 176 
352 7 8 46 94 10 176 
352 7 8 46 176 
352 7 8 46 176 
352 7 8 46 176 
352 7 8 46 51 176 
352 7 8 46 176 
352 7 8 46 51 176 
352 7 8 46 51 176 
352 7 8 46 176 
352 7 8 46 176 
352 7 8 46 176 
352 7 8 46 51 176 
352 7 8 46 51 176 
352 7 8 46 176 
352 7 8 46 176 
352 7 8 46 176 
352 7 8 46 51 176 
352 7 8 46 51 176 
352 7 8 46 51 176 
352 7 8 46 51 176 
352 7 8 46 51 176 
352 7 8 46 176 
352 7 8 46 176 
352 7 8 46 176 
352 7 8 46 176 
352 7 8 46 51 176 
352 7 8 46 51 176 
352 7 8 46 51 176 
352 7 8 46 176 
352 7 8 46 94 10 51 176 
352 7 8 46 176 
32 16 352 17 7 8 46 33 51 176 
352 7 8 46 51 176 
352 7 8 46 176 
352 7 8 46 51 176 
352 7 8 46 176 
352 7 8 46 51 176 
352 7 8 46 176 
352 7 8 46 51 176 
352 7 8 46 176 
352 7 8 46 20 51 176 
352 7 8 46 176 
352 7 8 46 51 176 
352 7 8 46 51 176 
352 7 8 46 51 176 
352 7 8 46 176 
352 7 8 46 51 176 
352 7 8 46 51 176 
352 7 8 46 176 
352 7 8 46 51 176 
352 7 8 46 51 176 
352 7 8 46 94 10 176 
352 7 8 46 176 
352 7 8 46 51 176 
26 27 352 7 8 46 176 
352 7 8 46 51 176 
352 7 8 46 51 176 
352 7 8 46 51 176 
352 7 8 46 51 176 
352 7 8 46 176 
352 7 8 46 176 
352 7 8 46 176 
352 7 8 46 176 
352 7 8 46 51 176 
352 7 8 46 176 
352 7 8 46 176 
352 7 8 46 176 
352 7 8 46 176 
352 7 8 46 51 176 
352 7 8 46 51 176 
32 16 352 17 7 8 46 33 51 176 
352 7 8 46 176 
352 7 8 46 51 176 
352 7 8 46 94 10 51 176 
352 7 8 46 176 
352 7 8 46 94 10 176 
352 7 8 46 94 10 176 
352 7 8 46 51 176 
16 352 7 8 46 19 176 
352 7 8 46 51 176 
352 7 8 46 176 
352 7 8 46 176 
352 7 8 46 51 176 
352 7 8 46 51 176 
352 7 8 46 176 
352 7 8 46 51 176 
352 7 8 46 51 176 
352 7 8 46 176 
352 7 8 46 51 176 
352 7 8 46 176 
352 7 8 46 176 
352 7 8 46 51 176 
352 7 8 46 94 10 176 
352 7 8 46 176 
352 7 8 46 51 176 
352 7 8 46 176 
352 7 8 46 51 176 
352 7 8 46 51 176 
352 7 8 46 176 
352 7 8 46 176 
352 7 8 46 176 
352 7 8 46 51 176 
352 7 8 46 176 
352 7 8 46 176 
352 7 8 46 176 
352 7 8 46 51 176 
352 7 8 46 51 176 
352 7 8 46 176 
352 7 8 46 176 
352 7 8 46 176 
352 7 8 46 51 176 
352 7 8 46 51 176 
352 7 8 46 176 
352 7 8 46 51 176 
352 7 8 46 51 176 
352 7 8 46 176 
352 7 8 46 51 176 
352 7 8 46 51 176 
352 7 8 46 176 
352 7 8 46 51 176 
352 7 8 46 176 
352 7 8 46 51 176 
352 7 8 46 51 176 
352 7 8 46 51 176 
352 7 8 46 176 
352 7 8 46 51 176 
352 7 8 46 176 
352 7 8 46 51 176 
352 7 8 46 176 
352 7 8 46 51 176 
352 7 8 46 51 176 
352 7 8 46 51 176 
352 7 8 46 51 176 
352 7 8 46 51 176 
352 7 8 46 51 176 
32 16 352 17 7 8 46 33 51 176 
352 7 8 46 51 176 
352 7 8 46 51 176 
352 7 8 46 51 176 
352 7 8 46 176 
352 7 8 46 51 176 
352 7 8 46 176 
352 7 8 46 51 176 
352 7 8 46 176 
352 7 8 46 176 
352 7 8 46 176 
352 7 8 46 51 176 
352 7 8 46 51 176 
352 7 8 46 51 176 
352 7 8 46 176 
352 7 8 46 176 
32 16 352 17 7 8 46 33 51 176 
352 7 8 46 176 
352 7 8 46 51 176 
352 7 8 46 51 176 
352 7 8 46 176 
352 7 8 46 51 176 
352 7 8 305 46 23 24 51 55 176 
352 7 8 46 176 
352 7 8 46 176 
352 7 8 46 176 
352 7 8 46 51 176 
352 7 8 46 51 176 
352 7 8 46 51 176 
352 7 8 46 176 
352 7 8 46 176 
352 7 8 46 176 
352 7 8 46 51 176 
352 7 8 46 176 
352 7 8 46 51 176 
352 7 8 46 51 176 
352 7 8 46 51 176 
352 7 8 46 51 176 
352 7 8 46 51 176 
352 7 8 46 176 
352 7 8 46 176 
352 7 8 46 51 176 
32 16 352 17 7 8 46 33 51 176 
352 7 8 46 51 176 
16 352 17 7 8 46 62 176 
352 7 8 46 51 176 
352 7 8 46 176 
352 7 8 46 51 176 
352 7 8 46 51 176 
352 7 8 46 51 176 
352 7 8 46 20 51 176 
352 7 8 46 51 176 
352 7 8 46 51 176 
352 7 8 46 51 176 
352 7 8 46 51 176 
32 16 352 17 7 8 46 33 51 176 
352 7 8 46 176 
352 7 8 46 51 176 
352 7 8 46 51 176 
352 7 8 46 176 
352 7 8 46 176 
352 7 8 46 51 176 
352 7 8 46 176 
352 7 8 46 51 176 
32 16 352 17 7 8 46 33 51 176 
352 7 8 46 51 176 
352 7 8 46 176 
352 7 8 46 176 
352 7 8 46 176 
352 7 8 46 176 
352 7 8 46 176 
352 7 8 46 51 176 
352 7 8 46 51 176 
352 7 8 46 51 176 
352 7 8 46 51 176 
352 7 8 46 51 176 
352 7 8 46 176 
32 16 352 17 7 8 46 33 176 
352 7 8 46 51 176 
352 7 8 46 176 
352 7 8 46 51 176 
352 7 8 46 51 176 
352 7 8 46 51 176 
352 7 8 46 51 176 
352 7 8 46 51 176 
352 7 8 46 176 
352 7 8 46 176 
352 7 8 46 176 
352 7 8 46 176 
352 7 8 46 51 176 
352 7 8 46 176 
352 7 8 46 51 176 
352 7 8 46 176 
352 7 8 46 176 
352 7 8 46 176 
352 7 8 46 51 176 
352 7 8 46 176 
352 7 8 46 267 51 176 
352 7 8 46 51 176 
352 7 8 46 94 10 176 
352 7 8 46 51 176 
352 7 8 46 51 176 
352 7 8 46 51 176 
352 7 8 46 176 
352 7 8 46 51 176 
32 16 352 17 7 8 46 33 176 
32 16 352 17 7 8 46 33 176 
352 7 8 46 9 10 51 176 
352 7 8 46 176 
352 7 8 46 51 176 
352 7 8 305 46 23 24 51 55 176 