3 340 5 
3 340 5 
3 340 5 
16 17 3 340 5 
3 340 5 
3 340 5 
63 3 340 5 
3 340 5 
3 340 5 
3 340 5 
63 3 340 5 
3 340 5 
52 3 340 53 5 
63 3 340 5 
3 340 5 
3 340 5 
3 340 5 
3 340 5 
3 340 5 
3 340 5 
16 3 19 340 5 
3 340 5 
16 3 19 340 5 
16 3 19 340 5 
3 340 5 
3 340 5 
3 340 5 
3 340 5 
3 340 5 
3 340 5 
3 340 5 
3 340 5 
3 340 5 
3 340 5 
3 340 5 
3 340 5 
3 340 5 
3 340 5 
3 340 5 
3 340 5 
3 340 5 
3 340 5 
3 340 5 
3 340 5 
3 340 5 
3 340 5 
3 340 5 
3 340 5 
3 340 5 
3 340 5 
3 340 5 
52 3 340 53 5 
3 340 5 
3 340 15 5 
3 340 5 
3 340 5 
7 3 340 5 
3 340 5 
3 340 5 
3 340 5 
3 340 5 
3 59 340 15 5 
3 340 5 
3 340 5 
16 3 19 340 5 
3 340 5 
3 340 5 
3 340 5 
3 340 5 
52 3 340 53 5 
3 340 5 
3 340 5 
3 340 5 
3 340 5 
3 59 340 15 5 
3 59 340 15 5 
3 340 5 
3 340 5 
3 340 5 
3 340 5 
3 340 5 
3 340 5 
3 340 5 
3 340 5 
3 340 5 
3 340 5 
3 340 5 
31 3 340 5 
16 3 19 340 5 
7 3 340 5 
3 340 5 
3 340 5 
3 340 5 
3 340 5 
3 340 5 
3 340 5 
3 340 5 
3 340 5 
3 340 5 
31 3 340 5 
3 340 5 
32 16 17 3 33 340 5 
3 340 5 
3 340 5 
31 3 340 5 
3 340 5 
3 340 5 
3 340 5 
3 340 5 
3 340 5 
3 340 5 
3 340 5 
3 340 5 
3 340 5 
3 340 5 
3 340 5 
3 340 5 
3 340 5 
3 340 5 
3 340 5 
3 59 340 15 5 
3 340 5 
3 340 5 
3 340 5 
3 340 5 
63 3 340 5 
3 340 5 
3 340 5 
16 3 19 340 5 
3 340 5 
3 340 5 
3 340 5 
3 340 5 
3 340 5 
3 340 5 
3 340 5 
3 340 5 
3 340 5 
3 340 5 
3 340 5 
3 340 5 
3 340 5 
16 3 19 340 5 
3 340 5 
3 340 5 
3 340 5 
52 3 340 53 5 
3 340 5 
3 340 5 
16 3 19 340 5 
3 340 5 
3 340 5 
3 340 5 
3 340 5 
3 340 5 
3 340 5 
3 340 5 
3 340 5 
3 340 5 
3 340 5 
3 340 5 
3 340 5 
3 340 5 
3 340 5 
3 340 5 
3 340 5 
3 340 5 
3 340 5 