160 34 15 161 176 
160 34 15 161 176 
160 34 15 161 176 
160 34 15 161 176 
160 34 15 161 176 
160 34 15 161 176 
160 34 15 161 176 
160 34 15 161 176 
160 34 15 161 176 
160 34 15 161 176 
160 34 15 161 176 
160 34 15 161 176 
160 34 15 161 176 
160 34 15 161 35 176 
160 34 15 161 35 176 
160 34 15 161 176 
160 265 34 15 161 176 
16 160 34 19 15 161 176 
160 34 15 161 176 
160 34 15 161 176 
160 34 15 161 176 
160 34 15 161 176 
160 34 15 161 176 
160 34 15 161 176 
160 34 15 161 176 
160 34 15 161 176 
160 34 15 161 176 
160 34 15 161 176 
160 34 15 161 176 
160 34 15 161 176 
160 34 15 161 176 
160 34 15 161 176 
16 160 34 19 15 161 176 
160 34 15 161 176 
160 34 15 161 176 
160 34 15 161 176 
160 34 15 161 176 
160 34 15 161 176 
160 34 15 161 176 
160 265 34 15 161 176 
160 34 15 161 176 
160 34 15 161 176 
160 34 15 161 176 
160 34 15 161 176 
160 34 15 161 176 
160 34 15 161 176 
160 34 15 161 176 
160 34 15 161 176 
16 160 34 19 15 161 176 
160 34 15 161 176 
160 34 15 161 176 
160 265 34 15 161 176 
160 34 59 15 161 176 
160 34 15 161 176 
16 160 34 19 15 161 176 
160 34 15 161 176 
160 34 15 161 176 
160 34 15 161 176 
160 34 15 161 176 
160 34 15 161 176 
160 265 34 15 161 176 
160 34 15 161 176 
160 34 15 161 176 
160 34 15 161 176 
160 34 15 161 176 
160 34 15 161 176 
160 34 15 161 176 
160 34 15 161 176 
160 34 15 161 176 
160 34 15 161 176 
160 34 15 161 176 
160 34 15 161 176 
160 34 15 161 176 
160 34 15 161 176 
160 34 15 161 176 
160 34 15 161 176 
160 34 15 161 176 
160 34 15 161 176 
160 34 15 161 35 176 
160 34 15 161 176 
160 34 15 161 176 
160 34 15 161 176 
160 265 34 15 161 176 
160 34 15 161 176 
160 34 15 161 176 
160 34 15 161 176 
160 34 15 161 176 
160 34 15 161 176 
160 34 15 161 176 
160 34 15 161 176 
160 34 15 161 176 
160 34 15 161 176 
160 265 34 15 161 176 
160 34 15 161 176 
160 34 15 161 176 
160 34 15 161 176 
160 34 15 161 176 
160 34 15 161 176 
160 34 15 161 176 
160 34 15 161 176 
160 34 15 161 176 
160 34 15 161 176 
160 34 15 161 176 
160 34 15 161 176 
160 34 15 161 176 
160 34 15 161 176 
160 34 15 161 176 
160 34 15 161 176 
160 34 15 161 176 
160 34 15 161 176 
160 34 15 161 176 
160 34 15 161 176 
160 34 15 161 176 
160 34 15 161 176 
160 34 15 161 176 
160 34 15 161 176 
160 34 15 161 176 
160 34 15 161 176 
160 34 15 161 176 
160 34 15 161 176 
160 34 15 161 176 
160 34 15 161 176 
160 34 15 161 176 
13 160 34 15 14 161 176 
160 34 15 161 176 
160 34 15 161 176 
160 34 15 161 176 
160 34 15 161 176 
160 34 15 161 176 
160 34 15 161 176 
160 34 15 161 176 
160 34 15 161 176 
160 34 15 161 176 
160 34 15 161 176 
160 34 15 161 176 
160 34 15 161 176 
160 34 15 161 176 
160 34 15 161 176 
160 34 15 161 176 
160 34 15 161 176 
160 34 15 161 176 
160 34 15 161 176 
160 34 15 161 176 
160 34 15 161 176 
160 34 15 161 176 
160 34 15 161 176 
160 34 15 161 176 
160 34 15 161 176 
160 34 15 161 176 
16 160 34 19 15 161 176 
160 34 15 161 176 
160 34 15 161 176 
160 34 15 161 176 
160 34 15 161 176 
160 34 15 161 176 
160 34 15 161 176 
160 265 34 15 161 176 
160 34 15 161 176 
160 34 15 161 176 
160 34 15 161 176 
160 34 15 161 176 
160 34 15 161 176 
160 34 15 161 176 
160 34 15 161 176 
16 17 160 34 15 161 176 
160 34 15 161 176 
160 34 15 161 176 
160 34 15 161 176 
160 34 15 161 176 
160 34 15 161 176 
160 34 59 15 161 176 
160 34 15 161 176 
160 34 15 161 176 
160 34 15 161 176 
160 34 15 161 176 
160 34 15 161 176 
160 34 59 15 161 176 
160 34 15 161 176 
160 34 15 161 176 
160 34 15 161 176 
160 34 15 161 176 
160 34 59 15 161 176 
160 34 15 161 176 
160 34 15 161 171 176 
160 34 15 161 176 
160 34 15 161 176 
160 34 15 161 176 
160 34 15 161 176 
160 34 15 161 176 
160 34 15 161 176 
160 34 15 161 176 
160 34 15 161 176 
160 34 15 161 176 
160 34 15 161 176 
160 34 15 161 176 
160 34 15 161 176 
160 34 15 161 176 
160 34 15 161 176 
160 34 15 161 176 
160 34 15 161 176 
160 34 15 161 176 
160 34 15 161 176 
160 34 15 161 176 
160 34 15 161 176 
160 34 15 161 176 
160 265 34 15 161 176 
160 34 15 161 176 
16 17 160 34 15 161 176 
16 17 160 34 15 161 176 
160 34 15 161 176 
160 34 15 161 176 
160 34 15 161 176 
16 160 34 19 15 161 176 
160 34 15 161 176 
160 34 15 161 176 
160 34 15 161 176 
16 100 17 160 34 101 15 161 176 
160 34 15 161 176 
160 34 15 161 176 
160 34 15 161 176 
160 34 15 161 176 
160 34 15 161 176 
160 34 15 161 176 
160 34 15 161 176 
160 34 59 15 161 176 
160 34 15 161 176 
160 34 15 161 176 
160 34 15 161 176 
160 34 15 161 176 
160 34 15 161 176 
160 34 15 161 176 
160 34 15 161 176 
160 34 15 161 176 
160 34 15 161 176 
160 34 15 161 176 
160 34 15 161 176 
160 34 15 161 176 
160 34 15 161 176 
160 34 15 161 176 
160 34 15 161 176 
160 34 15 161 176 
160 34 15 161 176 
160 34 15 161 176 
160 34 15 161 176 
160 34 59 15 161 176 
160 34 15 161 176 
160 34 15 161 176 
160 34 15 161 176 
160 34 15 161 176 
160 34 15 161 176 
160 34 15 161 176 
16 160 34 19 15 161 176 
160 34 15 161 176 
160 34 15 161 176 
160 265 34 15 161 176 
160 34 15 161 176 
160 34 15 161 176 
160 34 59 15 161 176 
160 34 15 161 176 
160 34 15 161 176 
160 34 15 161 176 
16 160 34 19 15 161 176 
16 17 160 34 15 161 62 176 
160 34 15 161 176 
16 17 160 34 15 161 176 
160 34 15 161 176 
160 34 15 161 176 
160 34 15 161 176 
160 265 34 15 161 176 
160 34 15 161 176 
160 34 15 161 176 
160 34 15 161 176 
160 34 15 161 176 
160 34 15 161 176 
160 34 15 161 176 
160 34 15 161 176 
160 34 15 161 176 
160 34 15 161 176 
16 160 34 19 15 161 176 
160 34 15 161 176 
160 34 15 161 176 
160 34 15 161 176 
160 34 15 161 176 
160 34 15 161 176 
160 34 15 161 176 
160 34 59 15 161 176 
160 34 15 161 176 
160 34 15 161 176 
160 34 15 161 176 
160 34 15 161 176 
160 34 15 161 176 
160 34 15 161 176 
160 34 15 161 176 
160 34 15 161 176 
160 34 15 161 176 
160 34 15 161 176 
160 34 15 161 176 
160 34 15 161 176 
160 34 15 161 176 
160 34 15 161 176 
160 34 15 161 176 
160 34 15 161 176 
160 34 15 161 176 
160 34 15 161 176 
160 34 15 161 176 
160 34 15 161 176 
160 34 15 161 176 
160 34 15 161 176 
160 34 15 161 176 
160 34 15 161 176 
160 34 15 161 176 
160 34 15 161 176 
160 34 15 161 176 
160 34 15 161 176 
160 34 15 161 176 
160 34 15 161 176 
160 34 15 161 176 
160 34 15 161 176 
160 34 15 161 176 
160 34 15 161 176 
160 34 15 161 176 
160 34 15 161 176 
160 34 15 161 176 
160 34 15 161 176 
160 34 15 161 176 
160 34 15 161 176 
160 34 15 161 176 
160 34 15 161 176 
160 34 15 161 176 
16 160 34 19 15 161 176 
160 34 15 161 176 
160 34 15 161 176 
160 34 15 161 176 
160 34 15 161 176 
160 34 15 161 176 
160 34 15 161 176 
160 34 15 161 176 
160 34 15 161 176 
160 34 15 161 176 
160 34 15 161 176 
160 34 15 161 176 
160 265 34 15 161 176 
160 34 15 161 176 
160 34 15 161 176 
160 34 15 161 176 
160 34 15 161 176 
160 34 15 161 176 
160 34 15 161 259 176 
160 34 15 161 176 
160 34 15 161 176 
160 34 15 161 176 
160 34 15 161 176 
160 34 15 161 176 
160 34 15 161 176 
160 34 15 161 176 
160 34 15 161 176 
160 34 15 161 176 
160 34 15 161 176 
160 34 15 161 176 
160 34 15 161 176 
160 34 15 161 176 
160 34 15 161 176 
160 34 15 161 176 
160 34 15 161 176 
160 34 15 161 176 
160 34 15 161 176 
160 34 15 161 176 
160 34 15 161 176 
160 34 15 161 176 
16 100 17 160 34 101 15 161 176 
160 34 15 161 176 
160 34 15 161 176 
160 34 15 161 176 
160 34 15 161 176 
160 34 15 161 176 
160 34 15 161 176 
160 34 15 161 176 
160 34 15 161 176 
160 34 15 161 176 
160 34 15 161 176 
160 34 15 161 176 
16 160 34 19 15 161 176 
160 34 15 161 176 
160 34 15 161 176 
160 34 15 161 176 
160 34 15 161 176 
160 34 15 161 176 
160 34 15 161 176 
160 34 15 161 176 
160 34 15 161 176 
160 34 15 161 176 
160 34 15 161 176 
160 34 15 161 35 176 
160 265 34 15 161 176 
160 34 15 161 176 
160 34 15 161 176 
160 34 15 161 176 
160 34 15 161 176 
160 34 15 161 176 
160 34 15 161 176 
16 17 160 34 15 161 176 
160 34 15 161 176 
160 34 15 161 176 
160 34 15 161 176 
160 34 15 161 176 
160 34 15 161 176 
160 34 15 161 176 
160 34 15 161 176 
160 34 15 161 176 
160 34 15 161 176 
160 34 15 161 176 
160 34 15 161 176 
160 34 15 161 176 
160 34 15 161 176 
160 34 15 161 176 
160 34 15 161 176 
160 34 15 161 176 
160 34 15 161 176 
160 34 15 161 176 
160 34 15 161 176 
160 34 15 161 176 
160 34 15 161 176 
160 34 15 161 176 
160 34 15 161 176 
160 34 15 161 176 
160 34 15 161 176 
160 34 15 161 176 
160 34 15 161 176 
160 34 15 161 176 
160 34 15 161 176 
160 34 15 161 176 
160 34 15 161 176 
160 34 15 161 176 
160 34 15 161 176 
160 34 15 161 176 
160 34 15 161 176 
160 34 15 161 176 
160 265 34 15 161 176 
160 34 15 161 176 
160 34 15 161 176 
160 34 15 161 176 
160 34 15 161 176 
160 34 15 161 176 
16 160 34 19 15 161 176 
160 34 15 161 176 
160 34 15 161 176 
160 34 15 161 176 
160 34 15 161 176 
160 34 15 161 176 
160 34 15 161 176 