399 400 328 
401 400 328 
399 400 328 
399 400 328 
399 400 328 
399 400 328 
401 400 328 
401 400 328 
399 400 328 
401 400 328 
399 400 328 
401 400 328 
401 400 328 
401 400 328 
401 400 328 
401 400 328 
401 400 328 
399 400 328 
401 400 328 
399 400 328 
399 400 328 
399 400 328 
401 400 328 
399 400 328 
401 400 328 
401 400 328 
399 400 328 
399 400 328 
399 400 328 
399 400 328 
401 400 328 
399 400 328 
401 400 328 
399 400 328 
399 400 328 
401 400 328 
399 400 328 
399 400 328 
401 400 328 
401 400 328 
399 400 328 
401 400 328 
401 400 328 
401 400 328 
401 400 328 
399 400 328 
399 400 328 
401 400 328 
399 400 328 
399 400 328 
401 400 328 
401 400 328 
401 400 328 
401 400 328 
399 400 328 
401 400 328 
401 400 328 
401 400 328 
401 400 328 
401 400 328 
399 400 328 
399 400 328 
401 400 328 
401 400 328 
401 400 328 
399 400 328 
399 400 328 
399 400 328 
399 400 328 
401 400 328 
399 400 328 
401 400 328 
399 400 328 
401 400 328 
399 400 328 
399 400 328 
399 400 328 
399 400 328 
401 400 328 
401 400 328 
399 400 328 
401 400 328 
399 400 328 
399 400 328 
399 400 328 
401 400 328 
401 400 328 
399 400 328 
399 400 328 
401 400 328 
401 400 328 
401 400 328 
401 400 328 