401 400 2 
399 400 2 
401 400 2 
401 400 2 
401 400 2 
401 400 2 
401 400 2 
401 400 2 
401 400 2 
401 400 2 
401 400 2 
401 400 2 
401 400 2 
401 400 2 
401 400 2 
401 400 2 
399 400 2 
399 400 2 
399 400 2 
399 400 2 
399 400 2 
399 400 2 
399 400 2 
399 400 2 
399 400 2 
399 400 2 
399 400 2 
399 400 2 
399 400 2 
399 400 2 
399 400 2 
399 400 2 
401 400 2 
399 400 2 
401 400 2 
401 400 2 
401 400 2 
401 400 2 
401 400 2 
401 400 2 
401 400 2 
401 400 2 
401 400 2 
401 400 2 
401 400 2 
401 400 2 
401 400 2 
399 400 2 
399 400 2 
399 400 2 
399 400 2 
399 400 2 
399 400 2 
399 400 2 
399 400 2 
399 400 2 
399 400 2 
399 400 2 
399 400 2 
399 400 2 
399 400 2 
399 400 2 
401 400 2 
401 400 2 
401 400 2 
401 400 2 
399 400 2 