7 8 94 10 2 
7 8 186 2 
7 8 186 2 
7 8 186 2 
7 8 186 2 
428 26 27 7 8 46 2 
7 8 186 2 
7 8 186 2 
7 8 94 10 2 
7 8 94 10 2 
7 8 94 10 2 
7 8 94 10 2 
7 8 186 2 
7 8 186 2 
7 8 186 2 
7 8 186 2 
7 8 186 2 
7 8 186 2 
7 8 94 10 2 
7 8 186 2 
7 8 186 2 
7 8 94 10 2 
7 8 94 10 2 
7 8 94 10 2 
7 8 45 46 112 48 2 
7 8 94 10 2 
7 8 186 2 
428 7 8 46 2 
7 8 186 2 
428 26 27 7 8 46 2 
7 8 186 2 
7 8 186 2 
7 8 186 2 
7 8 186 2 
7 8 186 2 
32 16 17 7 8 33 94 10 2 
7 8 186 2 
7 8 186 2 
7 8 186 2 
7 8 45 46 112 48 2 
428 7 8 46 2 
7 8 186 2 
7 8 186 2 
7 8 186 2 
7 8 186 2 
7 8 186 2 
7 8 186 2 
7 8 186 2 
428 7 8 46 2 
7 8 186 2 
428 26 27 7 8 46 2 
7 8 2 
7 8 94 10 2 
7 8 94 10 2 
7 8 186 2 
7 8 186 2 
7 8 186 2 
7 8 94 10 2 
7 8 94 10 2 
7 8 94 10 2 
7 8 94 10 2 
7 8 186 2 
7 8 186 2 
7 8 186 2 
16 17 7 8 62 2 
7 8 9 10 2 
429 7 8 46 2 
7 8 46 51 2 
428 7 8 46 2 
7 8 186 59 15 2 
7 8 2 
7 8 2 
7 8 9 10 2 
16 7 8 19 2 
7 8 2 
7 8 2 
7 8 2 
16 7 8 19 261 2 
7 8 2 
7 8 2 
7 8 2 
7 8 9 10 2 
7 8 9 10 2 
7 8 2 
7 8 2 
7 8 2 
7 8 2 
177 7 8 110 2 
429 7 8 46 2 
429 7 8 46 2 
429 7 8 46 2 
429 7 8 46 2 
7 8 9 10 2 
7 40 8 15 2 
16 17 7 8 62 2 
429 7 8 46 2 
7 8 2 