20 39 23 24 55 21 
7 46 20 39 51 21 
77 7 20 9 10 21 
20 21 
20 21 
22 20 23 24 21 
77 20 21 
20 21 
20 21 
25 20 21 
26 27 7 25 20 21 
25 20 21 
25 20 21 
7 25 20 21 
16 25 20 19 21 
25 20 21 
26 27 7 25 20 21 
25 20 28 23 24 21 
29 25 20 21 
25 20 21 
25 20 21 
16 25 20 19 21 
25 20 21 
25 20 21 
25 20 21 
25 20 21 
30 31 25 20 21 
26 27 7 25 20 21 
25 20 21 
25 20 21 
25 20 21 
25 20 21 
7 25 20 21 
26 27 7 25 20 21 
26 27 7 25 20 21 
16 17 25 20 21 
16 17 25 20 21 
32 16 17 25 20 33 21 
25 20 21 
25 20 21 
25 20 21 
20 21 
25 20 21 
77 20 21 
20 21 
20 21 
34 25 20 15 35 21 
20 21 
25 20 21 
20 21 
25 20 21 
25 20 21 
25 20 21 
25 20 21 
25 20 21 
25 20 21 
25 20 15 21 
25 20 21 
25 20 21 
25 20 21 
26 27 7 25 20 21 
7 25 20 21 
25 20 21 
25 22 20 23 24 21 
20 21 
25 20 21 
25 20 21 
16 36 37 20 38 19 21 
16 20 19 21 
20 39 21 
20 39 21 
20 39 21 
20 21 
20 21 
20 39 21 
26 27 7 20 21 
20 21 
20 21 
20 66 21 
61 20 21 
20 3 21 
20 21 
20 21 
20 21 
20 21 
20 39 21 
20 39 21 
20 39 21 
20 39 21 
61 20 21 
20 39 21 
20 39 21 
20 39 21 
7 20 39 21 
7 20 39 21 
7 20 39 21 
20 39 21 
40 20 39 15 21 
20 21 
20 39 21 
20 39 21 
20 39 21 
20 21 
20 39 21 
20 39 21 
22 20 39 23 24 21 
26 27 7 20 21 
20 21 
20 39 21 
1 20 21 
26 27 7 20 21 
20 39 21 
20 39 21 
27 7 44 20 39 43 21 
20 39 21 
41 42 27 7 20 39 43 21 
20 39 21 
20 39 21 
7 20 39 21 
20 39 21 
20 39 21 
20 39 21 
20 39 21 
20 21 
7 45 46 20 39 47 48 21 
20 39 21 
20 39 21 
20 39 21 
20 39 21 
20 39 21 
20 39 21 
20 39 21 
20 39 21 
20 39 21 
20 39 21 
41 42 27 7 20 39 43 21 
20 39 21 
20 39 21 
29 20 39 21 
20 39 21 
7 20 21 
20 39 21 
20 21 
42 27 7 20 49 43 21 
20 39 21 
20 39 21 
20 39 21 
20 39 21 
20 39 21 
20 21 
20 39 21 
20 39 21 
20 39 21 
20 39 21 
16 20 39 21 
20 39 21 
22 20 39 23 24 21 
20 39 21 
20 39 21 
20 39 21 
7 20 39 21 
20 21 
20 39 21 
7 46 20 39 51 21 
7 20 39 21 
20 39 21 
20 39 21 
20 39 21 
20 39 21 
7 46 20 39 51 21 
20 21 
50 20 3 21 
20 39 21 
20 39 21 
7 45 46 20 39 47 48 21 
20 39 21 
7 20 39 21 
20 39 21 
20 39 21 
20 39 21 
20 39 21 
13 20 39 15 21 
20 39 21 
20 39 21 
20 39 21 
20 39 21 
20 39 21 
20 39 21 
20 39 21 
20 39 21 
20 39 21 
20 39 21 
20 39 21 
7 46 20 51 21 
22 20 39 23 24 21 
20 39 21 
20 39 21 
7 20 39 21 
22 20 39 23 24 21 
20 39 21 
20 39 21 
20 39 21 
20 39 21 
20 39 21 
7 20 39 21 
20 39 21 
20 39 21 
20 39 21 
20 39 21 
7 20 39 21 
22 20 39 23 24 21 
20 39 21 
20 39 21 
22 20 39 23 24 21 
20 39 21 
20 39 21 
20 39 21 
7 20 39 21 
20 39 21 
20 39 21 
20 39 21 
20 39 21 
20 21 
20 39 21 
20 39 21 
20 39 21 
52 20 39 53 21 
20 39 21 
20 39 21 
20 39 21 
20 39 21 
20 39 21 
20 39 21 
20 39 21 
20 39 21 
7 45 46 20 39 47 48 21 
20 39 21 
7 20 21 
20 39 21 
20 39 21 
7 20 39 21 
20 39 21 
7 20 39 21 
20 39 21 
20 39 21 
20 39 21 
20 39 21 
20 39 21 
20 39 21 
22 20 39 23 24 21 
20 39 21 
20 39 21 
20 39 21 
20 39 21 
20 39 21 
20 21 
20 21 
20 21 
7 45 46 20 39 47 48 21 
20 39 21 
20 39 21 
20 39 21 
20 39 21 
20 39 21 
20 39 21 
20 39 21 
20 39 21 
20 39 21 
20 39 21 
20 39 21 
20 21 
20 39 21 
20 39 21 
20 21 
20 21 
20 39 21 
20 39 21 
20 21 
20 39 21 
20 39 21 
20 39 21 
20 39 21 
20 39 21 
7 45 46 20 39 47 48 21 
20 39 21 
20 21 
20 39 21 
22 20 39 23 24 21 
20 39 21 
20 21 
20 39 21 
20 39 21 
20 39 21 
20 21 
20 21 
26 27 7 20 39 21 
20 21 
7 45 46 20 47 48 21 
7 20 21 
20 21 
22 20 23 24 21 
20 21 
7 20 9 10 21 
20 21 
20 21 
20 21 
20 21 
20 21 
20 21 
20 21 
20 21 
7 20 21 
20 21 
20 21 
20 21 
20 21 
20 21 
20 21 
20 39 21 
20 21 
7 20 39 21 
20 21 
20 21 
20 21 
20 39 21 
20 39 21 
20 39 21 
20 21 
20 21 
20 21 
20 21 
20 21 
20 21 
7 20 21 
20 21 
20 21 
20 21 
7 46 20 54 21 
20 21 
20 39 21 
20 39 21 
20 39 21 
20 39 21 
20 39 21 
20 39 21 
22 20 39 23 24 21 
20 39 21 
20 39 21 
20 39 21 
20 39 21 
20 21 
20 39 21 
20 39 21 
7 20 39 9 10 21 
20 39 21 
20 39 21 
20 39 21 
20 39 21 
26 27 7 20 39 21 
20 39 21 
20 39 21 
20 39 21 
20 39 21 
20 39 21 
20 39 21 
29 20 21 
20 39 21 
20 39 21 
20 39 21 
20 39 21 
20 39 21 
7 20 39 21 
20 39 21 
20 39 21 
20 39 21 
20 39 21 
20 39 21 
20 39 21 
20 39 21 
20 39 21 
20 39 21 
20 39 21 
20 39 21 
20 39 21 
20 39 21 
20 39 21 
20 39 21 
20 39 21 
20 39 21 
20 39 21 
16 36 37 20 39 38 19 21 
20 39 21 
20 39 21 
20 39 21 
20 39 21 
20 21 
16 17 20 39 56 21 
20 39 21 
20 39 21 
20 39 21 
20 39 21 
20 39 21 
20 39 21 
20 39 21 
20 39 21 
20 39 21 
20 39 21 
20 39 21 
20 39 21 
20 39 21 
20 39 21 
20 39 21 
20 21 
20 39 21 
20 39 21 
20 39 21 
20 39 21 
42 27 7 20 39 57 43 21 
20 39 21 
20 39 21 
42 27 7 20 39 57 43 21 
20 39 21 
20 39 21 
20 39 21 
26 27 7 20 39 21 
20 39 21 
20 39 21 
20 39 21 
20 39 21 
20 39 21 
20 39 21 
20 39 21 
7 20 39 21 
20 39 21 
7 46 20 39 51 21 
20 39 21 
20 39 21 
20 39 21 
20 39 21 
20 39 21 
7 20 39 21 
20 39 21 
20 39 21 
20 39 21 
20 39 21 
20 39 21 
20 39 21 
16 20 39 21 
20 39 21 
20 39 21 
20 39 21 
20 39 21 
20 39 21 
22 20 39 23 24 21 
20 39 21 
20 39 21 
20 39 21 
20 39 21 
20 39 21 
20 39 21 
7 20 39 21 
20 39 21 
20 21 
20 39 21 
20 39 21 
7 20 39 21 
20 39 21 
20 39 21 
29 20 39 21 
20 39 21 
20 39 21 
20 39 21 
20 39 21 
20 39 21 
20 39 21 
20 39 21 
7 46 20 39 51 21 
20 39 21 
20 39 21 
29 20 39 21 
20 39 21 
20 39 21 
20 39 21 
20 39 21 
20 39 21 
20 39 21 
32 16 17 20 39 33 21 
20 39 28 23 24 21 
20 39 21 
20 39 21 
20 39 21 
32 16 17 20 39 33 21 
20 39 21 
20 39 21 
20 39 21 
20 39 21 
20 39 21 
20 21 
20 21 
20 21 
20 21 
20 21 
20 21 
20 21 
20 21 
20 21 
20 21 
20 21 
20 39 21 
20 39 21 
20 21 
16 20 21 
20 21 
20 21 
20 21 
20 21 
20 21 
20 21 
58 20 21 
58 20 21 
20 21 
58 20 21 
58 20 21 
58 20 21 
58 20 21 
58 20 21 
20 21 
58 20 21 
32 16 58 17 20 33 21 
58 20 21 
58 20 21 
20 21 
20 21 
20 21 
58 20 21 
20 21 
58 20 21 
20 21 
20 21 
32 16 58 17 20 33 21 
20 21 
58 20 21 
20 21 
32 16 58 17 20 33 21 
20 21 
20 21 
58 20 21 
58 20 21 
20 21 
20 21 
32 16 17 20 33 21 
20 21 
20 21 
20 21 
58 20 21 
58 20 21 
58 20 21 
58 20 21 
58 20 21 
20 21 
58 20 21 
58 20 21 
58 20 21 
20 21 
20 21 
20 21 
20 21 
20 21 
32 16 58 17 20 33 21 
32 16 58 17 20 33 21 
58 20 21 
32 16 58 17 20 33 21 
20 21 
58 20 21 
58 20 21 
58 20 21 
58 20 39 21 
20 21 
1 20 21 
32 16 58 17 20 33 21 
32 16 58 17 20 33 21 
58 20 21 
20 21 
58 20 21 
58 20 21 
20 21 
32 16 58 17 20 33 21 
20 21 
20 21 
20 21 
32 16 58 17 20 33 21 
58 20 21 
58 20 21 
32 16 58 17 20 33 21 
20 21 
58 20 21 
32 16 58 17 20 33 21 
20 21 
20 21 
58 20 21 
20 21 
32 16 58 17 20 33 21 
20 21 
58 20 21 
58 20 21 
20 21 
20 21 
58 20 21 
58 20 21 
58 20 21 
58 20 21 
58 20 59 15 21 
20 21 
58 20 21 
32 16 58 17 20 33 21 
20 21 
20 21 
20 21 
20 21 
58 20 21 
20 21 
58 20 21 
20 21 
58 20 21 
58 20 21 
58 20 21 
58 20 21 
20 21 
58 20 21 
32 16 58 17 20 33 21 
58 20 21 
20 21 
58 20 21 
58 20 21 
58 7 20 21 
58 20 21 
32 16 17 20 33 21 
32 16 17 20 33 21 
20 21 
58 20 21 
20 21 
7 20 9 10 21 
20 21 
58 60 20 21 
20 21 
58 20 21 
58 20 21 
20 21 
58 20 21 
26 27 7 20 21 
32 16 58 17 20 33 21 
58 20 21 
58 20 21 
58 20 21 
58 20 21 
58 20 21 
58 20 21 
32 16 58 17 20 33 21 
20 21 
20 21 
58 20 21 
58 20 21 
1 20 21 
58 20 21 
58 20 21 
32 16 58 17 20 33 21 
20 21 
32 16 58 17 20 33 21 
58 20 21 
20 21 
58 20 21 
20 21 
20 21 
20 21 
58 20 21 
58 20 21 
58 20 21 
58 20 21 
58 20 21 
20 21 
20 21 
58 20 21 
26 27 58 7 20 21 
20 21 
20 21 
32 16 17 20 33 21 
20 21 
20 21 
20 21 
20 21 
20 21 
20 21 
32 16 17 20 33 21 
20 21 
20 21 
20 21 
7 20 21 
60 20 21 
20 21 
60 20 21 
60 20 21 
20 21 
60 20 21 
60 20 21 
20 21 
20 21 
60 20 21 
60 20 21 
60 20 21 
60 20 21 
60 20 21 
60 20 21 
60 20 21 
60 20 21 
60 20 21 
60 20 21 
60 20 21 
26 27 60 7 20 21 
32 16 17 20 33 21 
60 20 21 
60 20 21 
20 21 
60 20 21 
60 20 21 
16 17 20 62 21 
60 20 21 
60 20 21 
20 21 
20 21 
20 21 
20 21 
20 21 
20 21 
60 20 21 
20 21 
20 21 
60 20 21 
60 20 21 
60 20 21 
60 20 21 
58 20 21 
32 16 60 17 20 33 21 
60 20 21 
60 20 21 
60 20 21 
60 20 21 
60 20 21 
60 20 21 
32 16 60 17 20 33 21 
60 20 21 
60 20 21 
60 20 21 
60 20 21 
60 20 21 
32 16 60 17 20 33 21 
20 21 
60 20 21 
60 20 21 
60 20 21 
60 20 21 
60 20 21 
32 16 60 17 20 33 21 
60 20 21 
60 20 21 
60 20 21 
60 20 21 
60 20 21 
60 20 21 
42 27 60 7 20 57 43 21 
7 20 9 10 21 
60 20 21 
60 20 21 
60 20 21 
60 20 21 
60 20 24 21 
60 20 21 
32 16 60 17 20 33 21 
60 20 21 
20 21 
20 21 
60 20 21 
60 20 21 
58 20 21 
20 21 
7 20 21 
7 20 21 
29 20 21 
7 20 9 10 21 
20 21 
20 21 
20 21 
20 21 
60 20 21 
20 59 15 21 
26 27 7 20 21 
20 21 
32 16 58 17 20 33 21 
60 20 21 
58 20 21 
58 20 21 
60 20 21 
60 20 21 
20 21 
26 27 7 20 21 
60 20 21 
20 21 
32 16 58 17 20 33 21 
60 20 21 
20 21 
20 21 
42 27 7 20 49 43 21 
26 27 7 20 21 
29 20 21 
20 21 
20 21 
32 16 17 20 33 21 
20 21 
20 21 
60 20 21 
20 21 
20 21 
20 21 
26 27 7 20 21 
60 20 21 
32 16 17 20 33 21 
20 21 
29 20 21 
7 20 9 10 21 
60 20 21 
60 20 21 
60 20 21 
60 20 21 
20 21 
60 20 21 
60 63 3 20 21 
20 21 
20 21 
60 20 21 
60 20 21 
60 20 21 
20 21 
20 21 
60 20 21 
20 21 
20 21 
60 20 21 
60 20 21 
60 20 21 
60 20 21 
60 20 21 
20 21 
20 21 
60 20 21 
60 20 21 
20 21 
60 20 21 
60 20 21 
20 21 
20 21 
60 20 21 
60 20 21 
60 20 21 
60 20 21 
60 20 21 
32 16 17 20 33 21 
60 20 21 
20 21 
60 20 21 
60 20 21 
20 21 
60 20 21 
20 21 
60 20 21 
60 20 21 
60 20 21 
60 20 21 
60 20 21 
20 21 
60 20 21 
16 17 20 62 21 
20 21 
60 20 21 
60 20 21 
60 20 21 
60 20 21 
60 20 21 
60 20 21 
60 20 21 
60 20 21 
20 21 
60 20 21 
60 20 21 
60 20 21 
60 20 21 
60 20 21 
20 21 
60 20 21 
60 20 21 
60 20 21 
60 20 21 
60 20 21 
60 20 21 
60 20 21 
32 16 17 20 33 21 
58 20 21 
20 21 
20 21 
20 21 
20 21 
60 20 21 
60 20 21 
60 20 21 
60 20 21 
60 20 21 
60 20 21 
60 20 21 
60 20 21 
60 20 21 
60 20 21 
60 20 21 
32 16 17 20 33 21 
20 21 
60 20 21 
60 20 21 
60 20 21 
60 20 21 
20 21 
20 21 
20 21 
20 21 
20 21 
60 20 21 
32 16 60 17 20 33 21 
60 20 21 
60 20 21 
60 20 21 
60 20 21 
60 20 21 
60 20 21 
60 20 21 
20 21 
60 20 21 
60 20 21 
32 16 60 17 20 33 21 
60 20 21 
60 20 21 
60 20 21 
60 20 21 
60 20 21 
20 21 
60 20 21 
32 16 60 17 20 33 21 
60 20 21 
60 20 21 
60 20 21 
60 20 21 
60 20 21 
60 20 21 
60 20 21 
60 20 21 
20 21 
60 20 21 
60 20 21 
32 16 17 20 33 21 
32 16 17 20 33 21 
20 21 
60 20 21 
20 21 
60 20 21 
60 20 21 
60 20 21 
60 7 20 21 
20 21 
60 20 21 
20 21 
60 20 21 
20 21 
20 21 
60 20 21 
60 20 21 
60 20 21 
60 20 21 
60 20 21 
60 20 21 
20 21 
60 20 21 
58 7 20 21 
20 21 
32 16 17 20 33 21 
20 21 
32 16 58 17 20 33 21 
20 21 
60 20 21 
60 20 21 
60 20 21 
60 20 21 
60 20 21 
60 20 21 
60 20 21 
60 20 21 
60 20 21 
60 20 21 
60 20 21 
60 20 21 
20 21 
20 21 
20 21 
26 27 7 25 20 21 
25 20 21 
20 21 
25 20 21 
25 20 21 
20 21 
16 25 20 19 21 
25 20 21 
25 20 21 
25 20 21 
25 20 21 
25 20 21 
25 20 21 
25 20 21 
25 20 21 
26 27 7 25 20 21 
26 27 7 25 20 21 
25 20 59 15 21 
64 25 20 21 
64 20 21 
25 20 21 
25 20 21 
25 20 21 
16 17 20 21 
20 21 
20 21 
20 21 
7 20 21 
20 21 
20 21 
20 21 
20 21 
20 21 
20 21 
16 17 20 56 21 
25 20 21 
20 21 
20 21 
64 20 21 
20 21 
64 34 20 15 35 21 
7 20 21 
20 21 
20 21 
20 21 
20 21 
20 21 
20 21 
20 21 
20 21 
20 21 
60 20 21 
32 16 17 20 33 21 
20 21 
20 21 
20 21 
20 21 
20 21 
20 66 21 
20 21 
20 21 
7 20 21 
26 27 7 20 21 
7 20 21 
64 20 21 
20 3 65 66 21 
20 66 21 
20 21 
20 66 21 
58 20 21 
20 66 21 
20 66 21 
20 66 21 
60 20 21 
20 66 21 
32 16 60 17 20 33 21 
20 66 21 
16 17 20 66 21 
20 66 21 
20 66 21 
20 66 21 
20 66 21 
20 66 21 
20 66 21 
20 66 21 
20 66 21 
20 66 21 
20 66 21 
20 66 21 
20 66 21 
20 66 21 
20 66 21 
20 66 21 
16 17 20 66 21 
16 17 20 66 21 
20 66 21 
20 66 21 
20 66 21 
20 66 21 
20 66 21 
20 66 21 
20 66 21 
20 66 21 
20 66 21 
20 66 21 
16 17 20 66 21 
20 66 21 
20 66 21 
20 66 21 
20 66 21 
20 66 21 
20 66 21 
16 17 20 66 21 
16 17 20 66 21 
20 66 21 
20 66 21 
20 3 65 66 21 
20 66 21 
20 66 21 
20 66 21 
20 66 21 
20 66 21 
20 66 21 
20 66 21 
20 66 21 
20 66 21 
20 66 21 
20 66 21 
20 66 21 
20 66 21 
20 66 21 
20 66 21 
16 17 20 66 21 
20 66 21 
20 66 21 
20 66 21 
20 66 21 
20 66 21 
20 66 21 
20 66 21 
20 66 21 
20 66 21 
20 66 21 
7 20 9 10 21 
20 21 
20 21 
20 21 
7 20 9 10 21 
20 21 
20 21 
20 21 
16 17 20 21 
20 66 21 
20 66 21 
20 66 21 
16 17 20 66 21 
20 66 21 
20 66 21 
20 66 21 
20 66 21 
20 66 21 
16 17 20 66 21 
20 66 21 
20 66 21 
20 66 21 
20 66 21 
20 66 21 
20 66 21 
20 66 21 
7 20 66 21 
20 66 21 
20 66 21 
20 66 21 
20 66 21 
20 66 21 
20 3 65 66 21 
32 16 17 20 33 66 21 
20 66 21 
16 17 20 66 21 
20 66 21 
20 66 21 
20 66 21 
20 66 21 
20 66 21 
20 66 21 
20 3 65 66 21 
20 66 21 
20 66 21 
20 66 21 
20 66 21 
7 20 66 21 
67 16 37 20 19 68 66 21 
20 66 21 
16 17 20 66 21 
20 66 21 
16 17 20 66 21 
20 66 21 
20 66 21 
16 17 20 66 21 
32 16 17 20 33 66 21 
7 20 21 
20 66 21 
20 3 65 66 21 
20 21 
20 66 21 
20 66 21 
20 66 21 
20 3 65 66 21 
16 17 20 66 21 
20 66 21 
20 66 21 
20 66 21 
16 17 20 66 21 
20 66 21 
20 66 21 
20 3 65 66 21 
20 21 
16 17 20 66 21 
16 17 20 66 21 
20 3 65 66 21 
20 66 21 
20 66 21 
20 66 21 
20 66 21 
16 17 20 66 21 
20 66 21 
20 66 21 
20 3 65 66 21 
20 66 21 
20 66 21 
20 3 65 66 21 
20 66 21 
20 66 21 
16 17 20 66 21 
16 17 20 69 66 21 
20 66 21 
20 66 21 
20 66 21 
20 66 21 
20 66 21 
20 66 21 
20 66 21 
20 66 21 
20 66 21 
20 66 21 
20 3 65 66 21 
20 66 21 
20 66 21 
20 66 21 
20 66 21 
20 3 65 66 21 
20 66 21 
20 66 21 
20 66 21 
20 66 21 
20 3 65 66 21 
16 17 20 66 21 
20 66 21 
20 66 21 
20 66 21 
20 3 65 66 21 
20 66 21 
16 17 20 66 21 
20 3 65 66 21 
20 21 
20 66 21 
20 66 21 
20 66 21 
20 66 21 
20 66 21 
20 66 21 
16 17 20 66 21 
16 17 20 66 21 
16 17 20 66 21 
20 66 21 
20 66 21 
16 17 20 66 21 
16 17 20 66 21 
16 17 20 66 21 
20 66 21 
20 66 21 
16 17 20 66 21 
16 17 20 66 21 
20 66 21 
20 66 21 
20 66 21 
16 17 20 66 21 
20 3 65 66 21 
20 66 21 
20 66 21 
16 17 20 66 21 
20 3 65 66 21 
20 66 21 
20 66 21 
7 20 66 21 
20 3 65 66 21 
20 66 21 
20 66 21 
20 66 21 
20 66 21 
20 66 21 
16 17 20 70 66 21 
20 66 21 
16 17 20 66 21 
20 66 21 
20 66 21 
20 66 21 
20 66 21 
20 66 21 
20 66 21 
20 66 21 
20 66 21 
20 66 21 
16 17 20 66 21 
20 66 21 
20 66 21 
16 17 20 66 21 
20 66 21 
20 66 21 
20 66 21 
16 17 20 66 21 
20 66 21 
16 17 20 66 21 
20 66 21 
20 66 21 
20 66 21 
20 21 
27 7 20 71 43 21 
20 21 
7 20 9 10 21 
42 27 7 20 43 21 
16 17 20 66 21 
20 66 21 
20 66 21 
20 66 21 
20 66 21 
20 66 21 
20 66 21 
20 66 21 
20 66 21 
20 66 21 
20 66 21 
20 66 21 
20 66 21 
20 66 21 
20 66 21 
20 21 
20 66 21 
20 66 21 
20 66 21 
20 66 21 
20 66 21 
20 66 21 
16 17 20 66 21 
20 66 21 
16 17 20 66 21 
20 66 21 
16 17 20 66 21 
20 66 21 
16 17 20 69 66 21 
20 66 21 
20 66 21 
20 66 21 
20 3 65 66 21 
20 66 21 
20 66 21 
20 66 21 
20 66 21 
20 66 21 
20 66 21 
16 17 20 66 21 
20 66 21 
20 66 21 
20 66 21 
20 66 21 
20 66 21 
64 20 21 
64 20 21 
64 20 21 
64 20 21 
16 64 20 19 21 
64 20 3 65 21 
64 20 21 
64 20 21 
64 20 21 
64 20 21 
64 20 21 
64 20 21 
64 20 21 
64 20 3 65 21 
64 20 21 
64 20 21 
64 20 21 
64 20 21 
64 20 21 
64 20 21 
64 20 21 
64 20 21 
64 20 21 
64 20 21 
64 20 21 
64 20 21 
64 20 21 
64 20 21 
64 20 21 
64 20 21 
64 20 21 
64 20 21 
64 20 21 
64 20 21 
64 20 21 
64 20 21 
64 20 21 
64 20 21 
64 20 21 
64 20 21 
64 20 3 65 21 
64 20 21 
64 20 21 
64 20 21 
64 20 21 
64 20 21 
64 20 21 
64 20 21 
64 20 21 
64 20 3 65 21 
64 20 21 
64 20 21 
64 20 21 
16 64 17 20 69 72 21 
64 7 20 21 
64 7 20 21 
64 7 20 21 
64 20 21 
64 7 20 9 10 21 
64 20 21 
64 34 20 15 35 21 
64 7 20 21 
64 20 21 
64 20 21 
61 20 21 
64 20 21 
64 26 27 7 20 21 
64 20 21 
64 20 21 
64 20 21 
64 20 21 
64 20 21 
16 64 17 20 69 21 
64 7 20 21 
64 20 21 
64 20 21 
64 20 21 
64 20 21 
64 20 21 
64 20 21 
64 20 21 
64 20 21 
64 20 21 
64 20 3 65 21 
64 20 21 
64 20 21 
64 20 21 
64 20 21 
64 20 21 
64 20 21 
64 20 21 
64 20 21 
64 20 3 65 21 
64 73 20 74 75 21 
64 20 21 
64 20 21 
64 20 21 
64 20 21 
64 20 3 65 21 
64 20 21 
64 20 21 
64 20 21 
64 20 21 
64 20 21 
64 20 21 
64 20 21 
64 20 21 
64 20 21 
64 20 21 
64 20 21 
64 20 21 
64 20 21 
64 20 15 21 
64 20 15 21 
64 20 21 
64 20 21 
64 20 21 
64 20 21 
64 20 21 
64 20 21 
64 20 21 
64 20 21 
64 20 21 
64 20 21 
64 20 21 
64 20 21 
64 20 3 65 21 
64 20 21 
64 20 21 
64 20 21 
64 20 21 
64 20 21 
64 20 21 
64 20 21 
64 20 21 
64 20 21 
64 20 21 
64 20 21 
64 20 21 
64 20 21 
64 20 21 
64 20 21 
64 20 21 
64 20 21 
64 20 21 
64 20 21 
64 20 21 
64 20 21 
64 20 21 
64 20 21 
64 20 21 
64 20 21 
64 20 21 
64 20 21 
64 20 3 65 21 
64 20 3 65 21 
64 20 3 65 21 
64 20 21 
64 20 21 
64 20 21 
64 20 21 
64 20 3 65 21 
64 20 21 
64 20 21 
64 20 21 
64 20 3 65 21 
64 20 21 
7 20 21 
76 20 3 65 21 
76 20 21 
76 20 21 
76 20 21 
76 20 21 
76 20 21 
20 21 
76 20 21 
76 20 21 
32 16 76 17 20 33 21 
76 20 21 
76 20 21 
76 20 21 
76 20 21 
76 20 21 
76 20 21 
76 20 21 
76 20 21 
76 20 21 
76 20 21 
76 20 21 
76 7 20 9 10 21 
76 20 24 21 
76 20 3 65 21 
76 20 21 
76 20 21 
76 20 21 
76 20 21 
76 20 21 
76 20 21 
76 20 21 
76 20 21 
76 20 21 
76 20 21 
76 20 21 
76 7 20 9 10 21 
76 20 21 
76 20 21 
76 20 21 
76 20 21 
76 20 21 
32 16 76 17 20 33 21 
76 20 21 
76 20 21 
32 16 76 17 20 33 21 
76 20 21 
76 20 21 
76 20 21 
76 20 21 
76 20 21 
76 20 21 
76 20 21 
76 20 21 
76 20 21 
76 20 21 
76 20 21 
76 20 21 
20 21 
76 20 21 
76 20 21 
20 21 
20 21 
20 21 
20 21 
20 21 
20 21 
20 21 
20 21 
20 21 
20 21 
61 20 21 
20 21 
7 25 20 9 10 21 
26 27 7 25 20 21 
25 20 21 
77 20 21 
77 20 21 
20 21 
20 59 15 21 
20 78 21 
20 21 
20 21 
20 21 
16 36 37 20 38 19 21 
20 21 
7 20 21 
20 21 
77 20 21 
20 21 
20 21 
20 21 
20 21 
7 20 21 
20 21 
20 21 
20 21 
20 21 
77 7 20 21 
77 34 79 20 80 15 21 
32 16 17 20 33 21 
61 20 21 
77 20 21 
20 21 
20 21 
77 20 21 
20 21 
77 20 21 
20 21 
77 7 20 21 
20 21 
20 21 
20 21 
77 20 21 
77 20 21 
20 21 
77 20 21 
77 20 59 15 21 
20 21 
77 20 21 
7 20 21 
77 20 21 
77 20 21 
77 20 21 
77 7 20 9 10 21 
32 16 17 77 20 33 21 
77 20 21 
20 21 
26 27 77 7 20 21 
26 27 77 7 20 21 
77 20 21 
77 20 21 
77 20 21 
77 20 21 
77 20 21 
77 20 21 
77 20 21 
77 20 21 
32 16 17 77 20 33 21 
77 20 21 
77 7 20 21 
77 20 21 
77 20 21 
77 20 21 
20 21 
77 20 21 
77 20 21 
77 20 21 
77 20 21 
77 20 21 
77 20 21 
77 20 21 
77 7 20 9 10 21 
77 20 21 
77 20 21 
77 34 20 15 35 21 
77 20 21 
77 20 21 
77 20 21 
32 16 17 77 20 33 21 
77 20 21 
77 20 21 
77 20 21 
77 20 21 
77 20 21 
77 20 21 
77 20 21 
77 20 21 
77 20 21 
77 20 21 
77 22 20 23 24 21 
77 20 21 
77 7 20 9 10 21 
32 16 17 77 20 33 21 
77 20 21 
77 20 21 
77 20 21 
77 20 21 
16 77 20 19 21 
77 20 21 
77 20 21 
26 27 77 7 20 21 
77 20 21 
77 20 21 
77 20 21 
77 20 21 
77 20 78 21 
77 20 21 
32 16 17 77 20 33 21 
77 20 21 
77 7 20 21 
77 20 39 21 
77 20 21 
77 20 21 
77 20 21 
26 27 77 7 20 21 
77 20 21 
77 20 21 
77 20 21 
77 7 20 21 
77 20 21 
77 20 21 
77 20 21 
77 20 21 
77 20 21 
32 16 17 77 20 33 21 
26 27 77 7 20 21 
26 27 77 7 20 21 
77 20 21 
77 20 21 
77 20 21 
77 20 21 
77 20 21 
77 20 21 
26 27 77 7 20 21 
77 20 21 
77 7 20 21 
77 20 21 
77 7 20 21 
77 20 21 
77 20 21 
77 20 21 
26 27 77 7 20 21 
26 27 77 7 20 21 
77 20 21 
77 20 21 
77 20 21 
77 7 20 9 10 21 
26 27 77 7 20 21 
26 27 77 7 20 21 
77 20 21 
77 20 21 
26 27 77 7 20 21 
77 20 21 
77 7 20 21 
77 20 21 
32 16 17 77 20 33 21 
77 40 20 15 21 
77 20 21 
42 27 77 7 20 43 81 21 
77 7 20 21 
32 16 17 77 20 33 21 
77 20 39 21 
13 20 15 21 
77 7 20 21 
77 20 21 
77 20 21 
77 20 21 
26 27 77 7 20 21 
16 36 77 37 20 38 19 21 
77 20 21 
77 20 21 
77 20 21 
77 20 21 
77 20 21 
77 20 21 
77 20 21 
26 27 77 7 20 21 
77 20 21 
77 20 21 
77 20 21 
77 20 21 
29 77 20 21 
77 20 21 
77 20 21 
77 20 21 
77 7 20 9 10 21 
77 20 15 21 
77 20 21 
77 20 21 
77 20 21 
77 20 21 
77 20 21 
77 20 21 
77 7 20 9 10 21 
77 20 21 
77 20 21 
77 20 21 
77 20 21 
77 20 21 
26 27 77 7 20 21 
77 20 21 
77 20 21 
77 20 21 
77 20 21 
26 27 77 7 20 21 
77 20 21 
77 20 21 
26 27 77 7 20 21 
77 20 21 
77 20 21 
77 20 21 
77 20 21 
77 20 21 
77 20 21 
77 7 20 9 10 21 
77 20 21 
77 20 21 
77 20 21 
77 20 21 
77 20 21 
26 27 77 7 20 21 
77 20 21 
77 20 21 
77 20 21 
77 7 20 21 
7 20 9 10 21 
77 20 21 
77 20 21 
77 20 21 
77 20 21 
77 7 20 21 
77 20 21 
77 20 21 
77 20 21 
77 20 21 
77 20 21 
77 20 21 
77 20 21 
20 21 
77 20 21 
77 20 21 
77 20 21 
77 20 21 
77 20 21 
77 20 21 
26 27 77 7 20 21 
77 20 21 
77 20 21 
26 27 77 7 20 21 
77 20 21 
77 20 24 21 
77 20 21 
26 27 77 7 20 21 
77 20 21 
42 27 77 7 20 43 81 21 
77 20 21 
77 20 21 
77 20 59 15 21 
60 77 20 21 
77 20 21 
20 21 
77 20 21 
77 7 20 21 
16 77 20 19 21 
16 77 17 20 69 72 21 
32 16 17 77 20 33 21 
77 20 21 
77 20 21 
77 20 21 
26 27 77 7 20 21 
77 20 21 
77 7 20 21 
77 20 21 
77 34 20 15 35 21 
77 20 21 
77 7 20 21 
77 20 21 
32 16 17 77 20 33 21 
26 27 7 20 21 
20 21 
20 21 
20 21 
20 21 
77 20 21 
77 20 15 21 
61 20 21 
77 20 21 
77 20 21 
77 20 21 
77 20 21 
20 21 
20 21 
20 21 
20 21 
77 20 21 
77 20 21 
77 20 15 82 21 
16 77 17 20 62 21 
77 20 23 24 55 21 
20 21 
20 21 
77 20 21 
77 20 21 
42 27 7 20 43 81 21 
20 21 
20 21 
77 20 21 
77 20 21 
77 20 21 
29 77 20 21 
77 20 21 
20 21 
20 21 
61 20 21 
77 34 20 15 35 21 
61 20 21 
77 20 21 
77 20 21 
61 20 21 
20 21 
61 20 21 
61 20 21 
16 61 17 20 21 
61 20 21 
16 61 17 20 21 
16 61 17 20 21 
16 61 17 20 21 
16 61 17 20 21 
61 20 21 
61 20 21 
61 20 21 
61 20 21 
61 20 21 
16 61 17 20 21 
16 61 17 20 21 
61 20 21 
16 61 17 20 21 
61 20 21 
61 20 21 
61 20 21 
61 20 21 
61 20 21 
61 20 21 
61 20 21 
61 20 21 
61 20 21 
61 20 21 
61 20 21 
61 20 21 
16 61 17 20 21 
61 20 21 
61 20 21 
61 20 21 
16 61 17 20 21 
16 61 17 20 21 
61 20 21 
61 20 21 
61 20 21 
61 20 21 
16 61 17 20 21 
16 61 17 20 21 
61 20 21 
16 61 17 20 21 
61 20 21 
61 20 21 
16 61 17 20 21 
61 20 21 
61 20 21 
16 61 17 20 21 
61 20 21 
61 7 20 21 
61 20 21 
61 20 21 
61 20 21 
20 39 21 
61 20 21 
61 20 21 
61 7 20 21 
61 7 20 21 
61 20 21 
61 20 21 
61 20 21 
61 20 21 
61 20 21 
61 20 21 
61 20 21 
61 20 21 
61 20 21 
61 20 21 
77 20 21 
61 20 21 
61 7 20 21 
16 61 17 20 21 
61 20 21 
61 20 21 
61 20 21 
61 20 21 
16 61 17 20 69 21 
61 20 21 
61 20 21 
61 20 21 
61 20 21 
61 20 21 
61 20 21 
16 61 17 20 21 
61 20 21 
61 20 21 
29 61 20 21 
61 20 21 
61 20 21 
61 20 21 
61 20 21 
16 61 17 20 21 
61 20 21 
16 61 17 20 21 
16 61 17 20 21 
61 20 21 
16 61 17 20 62 21 
61 20 21 
61 20 21 
61 20 21 
61 20 21 
61 20 21 
20 21 
61 20 21 
20 21 
73 20 74 21 
20 21 
7 20 21 
61 20 21 
61 20 21 
61 20 21 
61 20 21 
61 20 21 
61 20 21 
67 16 61 37 20 19 68 21 
61 20 21 
61 20 21 
16 61 17 20 21 
61 20 21 
61 20 21 
61 20 21 
61 20 21 
61 20 21 
61 20 21 
61 20 21 
61 20 21 
61 20 21 
61 20 21 
61 42 27 7 20 43 81 21 
16 61 17 20 69 21 
61 20 21 
61 20 21 
61 20 21 
16 61 17 20 21 
61 20 21 
61 20 21 
61 20 21 
16 61 17 20 21 
61 20 21 
61 20 21 
61 20 21 
61 20 21 
61 20 21 
61 20 15 21 
61 20 21 
61 20 21 
61 20 21 
61 20 21 
61 20 21 
16 61 17 20 21 
61 20 21 
16 61 17 20 21 
61 20 21 
16 61 17 20 21 
61 20 21 
61 20 21 
61 20 21 
61 27 7 20 83 43 21 
61 20 21 
16 61 17 20 21 
61 20 21 
61 20 21 
16 61 17 20 21 
61 20 21 
61 20 21 
61 20 21 
61 20 21 
61 20 21 
61 20 21 
16 61 17 20 21 
61 20 21 
61 20 21 
61 20 21 
61 20 21 
61 20 21 
61 20 21 
16 61 17 20 21 
16 61 17 20 21 
61 20 21 
61 20 21 
61 20 21 
61 20 21 
61 20 21 
61 20 21 
61 20 21 
16 61 17 20 21 
61 20 21 
61 20 21 
61 20 21 
61 20 21 
61 20 21 
16 61 17 20 21 
61 20 21 
61 20 21 
61 20 21 
61 20 21 
61 20 21 
61 20 21 
61 20 21 
61 20 21 
61 20 21 
16 61 17 20 21 
61 20 21 
61 20 21 
61 20 21 
61 20 21 
61 20 21 
16 61 17 20 21 
61 20 21 
61 20 21 
61 20 21 
61 20 21 
61 20 21 
61 20 21 
61 20 21 
61 20 21 
61 20 21 
61 20 21 
61 20 21 
16 61 17 20 21 
61 20 21 
61 20 21 
61 20 21 
61 20 21 
20 21 
61 20 21 
61 20 21 
20 21 
61 20 21 
61 20 21 
61 20 21 
61 20 21 
61 20 21 
61 20 21 
61 20 21 
61 20 21 
61 20 21 
20 21 
61 20 21 
61 20 21 
16 61 17 20 69 21 
61 20 21 
61 20 21 
61 20 21 
61 20 21 
61 20 21 
61 20 21 
16 61 17 20 21 
61 20 21 
61 20 21 
61 20 21 
61 20 21 
61 20 21 
61 20 21 
61 20 15 21 
61 20 21 
16 61 17 20 21 
61 20 21 
20 21 
20 21 
20 21 
20 39 21 
20 21 
20 21 
7 20 21 
26 27 7 20 21 
20 21 
16 20 19 84 21 
20 21 
20 21 
20 21 
20 21 
20 21 
34 79 20 80 15 21 
20 21 
20 21 
20 21 
20 21 
32 16 17 20 33 21 
20 21 
20 39 21 
20 21 
20 21 
20 21 
25 20 21 
25 20 21 
25 20 21 
20 21 
20 3 65 21 
20 21 
20 21 
7 20 21 
20 21 
20 21 
20 21 
20 21 
20 21 
20 21 
20 21 
20 21 
64 20 21 
20 21 
60 20 21 
26 27 7 20 21 
20 21 
20 21 
60 20 21 
60 20 21 
85 20 86 21 
7 20 21 
7 20 21 
20 21 
7 20 21 
20 21 
20 21 
20 78 21 
20 21 
20 21 
20 21 
20 21 
20 21 
27 7 20 83 43 21 
20 21 
26 27 7 20 21 
16 17 20 70 21 
60 20 21 
60 20 21 
60 20 21 
60 20 21 
60 20 21 
60 20 21 
20 21 
60 20 21 
60 20 21 
20 21 
20 21 
7 46 20 51 21 
20 21 
20 21 
20 21 
20 21 
20 21 
7 20 21 
29 20 21 
20 21 
20 21 
20 21 
20 21 
20 21 
29 20 21 
20 21 
20 21 
16 17 20 69 72 21 
16 36 37 20 38 19 21 
20 21 
20 21 
25 20 21 
20 21 
25 20 21 
60 20 21 
20 21 
20 21 
20 21 
20 21 
20 21 
20 39 21 
20 15 21 
20 21 
20 21 
20 15 21 
60 20 21 
60 20 21 
60 20 21 
60 20 21 
60 20 21 
60 20 21 
60 20 21 
16 60 20 19 87 21 
60 20 21 
60 20 21 
20 21 
20 21 
20 21 
20 21 
20 21 
20 21 
20 39 21 
20 21 
20 21 
20 21 
7 46 20 51 21 
20 21 
20 21 
20 39 21 
20 39 21 
20 39 21 
20 39 21 
60 20 21 
60 20 21 
20 21 
16 61 17 20 21 
20 21 
20 21 
20 21 
20 21 
20 21 
20 21 
20 21 
77 20 21 
20 21 
20 21 
20 21 
20 21 
7 20 9 10 21 
34 20 15 35 21 
7 20 39 21 
20 21 
26 27 7 20 21 
32 16 17 20 33 21 
26 27 7 88 20 21 
20 21 
20 21 
20 21 
20 21 
16 17 20 62 21 
20 21 
20 21 
20 21 
20 21 
20 21 
26 27 7 20 21 
7 45 46 20 47 48 21 
20 21 
20 21 
20 21 
20 21 
20 21 
16 17 20 70 21 
20 21 
20 21 
64 20 21 
89 90 20 21 
20 3 21 
20 21 
20 21 
20 21 
20 21 
20 21 
20 21 
26 27 7 20 21 
20 21 
20 21 
20 21 
20 21 
20 21 
7 20 21 
20 21 
20 21 
20 21 
20 21 
20 21 
20 21 
26 27 7 25 20 21 
30 31 25 20 21 
20 21 
20 21 
20 21 
20 21 
58 20 21 
52 20 53 21 
20 21 
7 20 21 
20 21 
20 21 
20 21 
58 20 21 
58 20 21 
32 16 58 17 20 33 21 
58 20 21 
58 20 21 
20 21 
58 20 21 
20 21 
7 20 21 
58 20 21 
34 20 15 35 21 
20 21 
20 21 
20 21 
20 21 
60 20 21 
60 20 21 
60 20 21 
60 20 21 
60 20 21 
60 20 21 
60 20 21 
60 20 21 
60 20 21 
60 20 21 
20 21 
7 20 21 
20 21 
20 21 
20 21 
26 27 7 20 21 
20 21 
20 21 
20 21 
20 21 
20 21 
20 21 
16 17 20 21 
20 21 
25 20 21 
25 20 21 
25 20 21 
25 20 21 
25 20 21 
25 20 21 
20 21 
25 20 21 
26 27 7 25 20 21 
25 20 21 
20 21 
20 21 
25 20 21 
20 21 
20 21 
20 21 
20 21 
20 21 
20 21 
20 21 
20 21 
20 21 
20 21 
20 21 
20 21 
20 21 
20 21 
20 21 
20 21 
20 21 
20 21 
20 21 
20 21 
20 21 
20 21 
20 21 
60 20 21 
60 20 21 
32 16 60 17 20 33 21 
60 20 21 
60 20 21 
60 20 21 
60 20 21 
20 21 
60 20 21 
20 21 
20 21 
20 21 
20 21 
20 21 
7 46 20 91 21 
20 21 
20 21 
20 21 
20 21 
20 21 
20 21 
92 7 20 21 
20 21 
20 21 
60 20 21 
60 20 21 
60 20 21 
20 21 
60 20 21 
20 21 
20 21 
29 20 21 
20 21 
20 21 
93 73 20 74 21 
20 21 
20 21 
60 20 21 
20 21 
60 20 21 
60 20 21 
60 20 21 
60 20 21 
60 20 21 
32 16 60 17 20 33 21 
20 21 
20 21 
20 21 
20 21 
7 20 9 10 21 
20 21 
20 39 21 
58 20 21 
58 20 21 
20 15 82 21 
20 21 
29 20 21 
20 15 21 
20 21 
20 21 
20 21 
20 21 
20 21 
7 20 21 
58 20 21 
20 21 
20 21 
20 21 
58 20 21 
20 21 
26 27 7 20 21 
20 21 
58 20 21 
20 39 21 
20 21 
20 21 
20 21 
20 21 
20 21 
20 21 
7 20 9 10 21 
20 21 
20 21 
42 27 7 20 57 43 21 
7 20 9 10 21 
20 21 
20 21 
20 21 
20 66 21 
20 66 21 
20 21 
26 27 7 20 21 
20 21 
20 21 
61 20 21 
61 20 21 
20 21 
20 21 
20 21 
20 21 
20 21 
20 21 
20 21 
20 21 
20 21 
20 21 
20 21 
7 20 9 10 21 
20 21 
20 21 
7 20 21 
20 21 
20 21 
20 21 
32 16 60 17 20 33 21 
20 21 
58 7 20 94 10 21 
20 21 
20 21 
58 20 21 
20 21 
20 21 
20 21 
7 20 21 
20 21 
7 25 20 21 
58 20 21 
58 20 21 
20 21 
20 21 
26 27 7 20 21 
20 21 
20 21 
20 21 
20 21 
20 21 
20 21 
20 21 
20 21 
20 21 
20 21 
20 21 
25 20 21 
25 20 21 
16 17 25 20 21 
25 20 21 
7 20 21 
7 20 21 
25 20 21 
30 31 25 20 21 
20 21 
20 21 
29 25 20 21 
26 27 7 25 20 21 
25 20 21 
20 21 
25 20 21 
25 20 21 
16 17 25 20 21 
26 27 7 20 21 
7 25 20 21 
26 27 7 25 20 21 
20 21 
34 20 15 35 21 
20 21 
20 21 
16 17 20 21 
20 21 
20 21 
32 16 17 20 33 21 
20 3 65 66 21 
16 17 20 70 21 
20 21 
16 17 20 69 21 
20 21 
20 15 82 21 
20 21 
20 21 
20 21 
20 21 
20 21 
26 27 7 20 21 
40 20 15 21 
20 21 
29 20 21 
20 21 
40 20 15 21 
20 3 65 66 21 
64 20 21 
64 20 21 
20 59 15 66 21 
16 17 20 56 21 
20 21 
16 64 17 20 21 
20 21 
20 21 
20 21 
7 20 9 10 21 
20 21 
20 21 
20 21 
60 20 21 
20 21 
20 21 
20 21 
20 15 21 
20 21 
26 27 7 20 21 
20 21 
20 21 
20 21 
20 21 
20 21 
20 21 
20 21 
26 27 7 20 21 
60 20 21 
20 21 
7 20 21 
26 27 7 20 21 
20 21 
16 64 17 20 69 21 
20 21 
20 21 
20 21 
7 20 21 
20 21 
20 21 
7 20 21 
20 21 
20 21 
20 21 
20 21 
20 21 
16 17 20 69 21 
16 17 20 69 21 
26 27 7 20 21 
20 3 21 
20 21 
7 20 21 
29 20 21 
20 21 
20 21 
20 21 
20 21 
26 27 7 20 21 
26 27 7 20 21 
20 21 
20 21 
20 21 
7 20 21 
7 20 21 
20 21 
20 21 
7 20 21 
20 21 
20 21 
20 21 
32 16 17 20 33 21 
20 21 
20 21 
20 21 
20 21 
20 21 
20 21 
20 66 21 
20 21 
20 21 
20 21 
58 20 21 
20 21 
58 20 21 
20 21 
20 21 
20 21 
20 21 
26 27 7 20 21 
20 78 21 
20 21 
20 21 
20 21 
20 21 
20 21 
20 21 
20 21 
27 7 20 95 21 
20 21 
20 21 
20 21 
20 21 
20 21 
29 20 21 
58 20 21 
20 21 
20 21 
20 21 
20 21 
7 45 46 20 47 48 21 
20 21 
20 21 
20 21 
58 20 21 
20 21 
20 21 
20 21 
20 21 
20 21 
20 21 
20 21 
20 21 
20 21 
20 21 
20 21 
20 21 
20 21 
7 20 21 
20 21 
16 17 20 96 21 
20 21 
20 21 
93 73 20 74 21 
20 21 
32 16 17 20 33 21 
20 21 
7 20 21 
20 21 
20 21 
20 21 
60 20 21 
20 21 
20 21 
26 27 7 20 21 
77 20 21 
20 21 
77 20 21 
20 21 
77 20 21 
77 20 21 
16 17 20 21 
20 15 21 
32 16 17 20 33 21 
25 20 21 
20 21 
29 20 21 
20 21 
20 21 
20 21 
20 21 
20 21 
20 78 21 
26 27 7 20 21 
20 21 
7 20 21 
58 20 21 
20 21 
58 20 21 
20 21 
7 20 9 10 21 
7 20 9 10 21 
16 17 20 66 21 
64 20 21 
20 21 
20 21 
7 20 21 
20 21 
20 21 
20 21 
20 21 
20 21 
27 7 20 21 
26 27 7 20 21 
20 21 
7 20 9 10 21 
20 21 
7 20 9 10 21 
20 21 