29 2 
29 2 
29 2 
29 2 
29 2 
29 2 
32 16 29 17 33 2 
32 16 29 17 33 2 
29 2 
29 2 
32 16 29 17 33 2 
32 16 29 17 33 2 
29 2 
29 2 
29 2 
29 2 
29 2 
29 2 
29 2 
29 2 
29 2 
29 2 
29 2 
29 2 
29 2 
29 2 
29 2 
29 2 
29 2 
29 2 
29 2 
29 2 
29 2 
29 2 
29 2 
29 2 
29 2 
29 2 
29 2 
29 2 
29 2 
29 2 
29 2 
29 2 
29 2 
29 2 
29 2 
32 16 29 17 33 2 
29 2 
29 2 
29 2 
29 2 
29 2 
29 2 
29 2 
29 2 
29 2 
29 2 
29 2 
32 16 29 17 33 2 
29 2 
29 2 
29 2 
29 2 
29 2 
29 2 
29 2 
29 2 
29 2 
29 2 
29 2 
29 2 
13 29 15 2 
29 2 
29 2 
29 2 
29 15 82 2 
29 2 
29 2 
29 2 
29 2 
29 2 
29 20 2 
29 2 
29 2 
29 2 
29 2 
29 2 
29 2 
29 2 
29 2 
29 2 
29 2 
29 2 
29 2 
29 2 
29 2 
29 3 2 
29 2 
29 2 
29 2 
29 2 
29 2 
29 2 
29 2 
29 2 
29 2 
29 2 
29 2 
29 2 
29 2 
29 2 
29 2 
29 2 
29 2 
29 2 
29 2 
29 2 
29 2 
29 2 
29 2 
29 2 
29 2 
29 2 
29 2 
29 2 
29 2 
29 2 
29 2 
29 2 
29 2 
29 2 
29 2 
29 2 
29 2 
29 2 
29 2 
29 73 138 74 139 2 
29 2 
29 2 
29 2 
29 2 
29 2 
29 2 
29 2 
29 2 
16 29 17 62 2 
29 2 
29 2 
29 2 
29 2 
29 2 
29 2 
29 2 
29 2 
29 2 
29 2 
29 2 
29 2 
29 2 
29 2 
29 2 
29 2 
29 2 
29 2 
29 2 
29 2 
29 2 
29 2 
29 2 
29 2 
29 2 
29 2 
29 2 
29 2 
29 2 
29 2 
29 2 
29 2 
29 2 
29 2 