7 8 430 2 
7 8 45 112 46 430 48 2 
7 8 430 9 10 2 
7 8 430 2 
7 8 430 2 
7 8 430 10 2 
7 8 430 2 
7 8 430 2 
7 8 430 2 
7 8 186 430 2 
7 8 430 2 
7 8 430 2 
7 34 8 430 15 35 2 
7 8 430 2 
7 34 8 430 15 35 2 
7 8 430 2 
7 8 430 2 
7 8 430 2 
7 8 430 24 2 
7 8 430 2 
7 8 430 2 
7 8 430 2 
7 8 430 9 10 2 
7 8 430 2 
16 7 8 430 2 
7 8 430 2 
7 8 45 112 46 430 48 2 
7 8 430 2 
7 8 430 2 
7 8 430 59 15 2 
7 8 430 2 
7 8 430 2 
7 8 430 59 15 2 
7 8 430 2 
26 27 7 8 430 2 
7 8 430 15 259 2 
67 16 7 8 37 19 430 146 2 
7 8 430 2 
26 27 7 8 430 2 
7 8 430 2 
7 8 430 2 
7 8 430 2 
7 8 430 2 
7 8 430 2 
7 8 430 2 
7 8 430 2 
26 27 7 8 430 2 
26 27 7 8 430 124 2 
7 8 430 2 
7 8 430 2 
7 8 430 9 10 2 
7 8 430 2 
7 8 430 2 
26 27 7 8 430 2 
7 8 430 2 
7 8 430 2 
42 27 7 8 430 57 43 2 
7 8 430 2 
26 27 7 8 430 2 
7 8 430 2 
7 8 430 9 10 2 
7 8 430 2 
7 8 430 2 
7 8 430 2 
26 27 7 8 430 2 
7 8 430 2 
7 8 430 2 
12 7 8 430 9 10 2 
7 8 430 2 
7 8 430 2 
7 8 430 2 
7 8 430 2 
7 8 430 2 
7 8 430 2 
7 8 430 2 
7 8 430 2 
7 8 430 9 10 2 
7 8 430 2 
26 27 7 8 430 2 
7 8 430 2 
7 8 430 2 
7 8 430 2 
7 8 430 2 
7 8 430 2 
42 27 7 8 430 43 81 2 
7 8 430 2 
7 8 430 2 
7 8 430 2 
7 8 430 2 
7 8 430 2 
26 27 7 8 430 2 
7 8 430 2 
7 8 430 2 
26 27 7 8 430 2 
26 27 7 8 430 2 
26 27 7 8 430 2 
7 8 430 2 
7 8 430 2 
7 8 186 430 2 
26 27 7 8 430 2 
26 27 7 8 430 2 
26 27 7 8 430 2 
26 27 7 8 430 121 2 
7 8 430 2 
26 27 7 8 430 2 
26 27 7 8 430 2 
26 27 7 8 430 2 
26 27 7 8 430 2 
7 8 430 2 
7 8 430 2 
7 8 430 2 
26 27 7 8 430 124 2 
7 8 430 2 
7 8 430 2 
7 8 430 2 
7 8 430 2 
7 8 430 2 
7 8 430 2 
7 8 430 2 
7 8 430 9 10 2 
12 7 8 430 9 10 2 
7 8 430 2 
16 17 7 8 430 62 2 
7 8 430 2 
7 8 186 430 2 
7 8 430 2 
7 8 430 2 
7 8 430 2 
7 8 430 2 
7 8 430 2 
27 7 8 246 430 2 
7 8 430 2 
26 27 7 8 430 124 2 
26 27 7 8 430 2 
7 8 430 2 
7 8 430 9 10 2 
7 8 430 2 
16 17 7 8 430 2 
7 8 430 2 
7 8 430 2 
7 8 430 2 
27 7 8 246 430 2 
7 8 430 2 
7 8 430 2 
7 8 430 2 
26 27 7 349 8 430 2 
7 8 430 2 
7 8 430 2 
7 8 430 2 
7 8 430 2 
7 8 430 2 
7 8 430 2 
7 8 430 2 
26 27 7 8 430 2 
7 8 430 2 
7 8 430 2 
7 8 430 2 
7 8 430 2 
7 8 430 2 
7 8 430 2 
7 8 430 2 
7 8 430 2 
7 8 430 2 
7 8 430 2 
16 17 7 8 122 101 430 2 
7 8 430 2 
7 8 430 2 
7 8 430 2 
7 8 430 2 
7 8 430 2 
7 8 430 2 
7 8 430 2 
7 8 430 2 
32 16 17 7 8 33 430 2 
7 8 430 2 
26 27 7 8 430 2 
26 27 7 8 430 243 2 
7 8 430 2 
7 8 430 2 
7 8 430 2 
41 42 27 7 8 430 43 2 
7 8 430 2 
7 8 430 2 
7 8 430 2 
26 27 7 8 430 2 
7 8 430 2 
7 8 430 2 
7 8 430 2 
7 8 430 2 
7 8 430 2 
7 8 430 2 
7 8 430 9 10 2 
7 8 430 2 
7 8 430 2 
7 8 430 2 
13 7 8 404 430 15 2 
7 8 430 2 
7 8 430 2 
7 8 430 2 
26 27 7 8 430 2 
7 8 430 2 
7 8 430 2 
7 8 430 2 
7 8 430 2 
7 8 430 2 
7 8 430 2 
7 8 430 2 
26 27 7 8 430 2 
32 16 17 7 8 33 430 2 
7 8 430 2 
7 8 94 430 10 2 
7 8 430 2 
7 8 430 2 
7 8 430 2 
7 8 430 2 
7 8 430 2 
7 8 430 2 
7 8 430 2 
7 8 430 2 
7 8 430 2 
7 8 430 2 
7 8 94 430 10 2 
7 8 430 2 
7 8 430 2 
7 8 430 2 
7 8 430 2 
7 8 430 9 10 2 
7 8 430 9 10 2 
7 8 430 2 
7 8 430 2 
7 8 430 2 
7 8 430 2 
7 8 430 2 
7 8 430 2 
7 8 430 2 
7 8 430 2 
7 8 430 2 
7 8 430 2 
7 8 430 2 
7 8 430 2 
7 8 430 2 
7 8 430 2 
7 8 430 2 
26 27 7 8 430 2 
16 17 7 8 122 101 430 2 
7 8 430 2 
7 8 430 2 
7 8 430 2 
7 8 430 2 
7 8 430 2 
7 8 430 2 
7 8 430 2 
7 8 430 2 
7 8 430 2 
7 8 430 2 
7 8 430 2 
7 8 430 2 
26 27 7 8 430 121 2 
7 8 430 2 
26 27 7 8 430 121 2 
7 8 430 2 
26 27 7 8 430 121 2 
16 17 7 8 430 2 
7 8 430 9 10 2 
7 8 430 9 10 2 
7 8 430 2 
245 7 8 46 430 2 
7 8 430 2 
7 8 430 2 
7 8 430 2 
7 8 430 2 
7 8 430 2 
7 8 430 9 10 2 
7 8 430 9 10 2 
7 8 430 2 
16 17 7 8 430 2 
32 16 17 7 8 33 430 2 
7 8 430 2 
7 8 430 2 
7 8 430 2 
32 16 17 7 8 33 430 2 
7 8 430 2 
7 8 430 2 
67 16 7 8 37 19 430 146 2 
7 8 430 2 
7 8 430 2 
7 8 430 2 
7 8 430 2 
7 8 430 59 15 2 
18 7 8 430 9 10 2 
7 8 430 2 
7 8 430 2 
7 8 430 2 
7 8 430 2 
7 8 430 2 
7 8 430 2 
7 8 430 2 
42 27 7 8 430 57 43 2 
16 17 7 8 430 2 
27 7 8 430 95 2 
7 8 430 2 
7 8 430 2 
27 7 8 430 95 2 
7 8 430 9 10 2 
7 8 430 2 
7 8 430 2 
26 27 7 8 430 2 
7 8 430 2 
7 8 430 2 
7 8 430 2 
7 8 430 2 
7 8 430 2 
7 8 430 2 
7 8 430 2 
7 8 430 2 
7 8 430 2 
7 8 430 2 
7 8 430 2 
7 8 430 2 
7 8 430 2 
7 8 430 2 
32 16 17 7 8 33 430 2 
7 8 430 2 
7 8 430 2 
7 8 430 2 
7 8 430 2 
7 8 430 2 
7 8 430 2 
7 8 430 2 
32 16 17 7 8 33 430 2 
18 7 8 430 9 10 2 
7 8 430 2 
16 7 8 19 430 2 
7 8 430 59 15 2 
7 8 430 2 
7 8 430 2 
7 8 430 2 
7 8 430 9 10 2 
26 27 7 8 430 2 
7 8 430 59 15 2 
7 8 430 2 
7 8 430 2 
7 8 430 2 
7 8 430 2 
7 8 430 2 
29 7 8 430 2 
7 8 430 2 
7 8 430 2 
7 8 430 2 
7 8 430 2 
7 8 430 2 
7 8 430 2 
7 8 430 2 
26 27 7 8 430 2 
7 8 430 2 
7 8 430 2 
7 8 430 2 
12 7 8 430 9 10 2 
26 27 7 8 430 2 
7 34 8 430 15 35 2 
26 27 7 8 430 121 2 
32 16 17 7 8 33 430 2 
7 8 94 430 10 2 
7 8 430 2 
7 8 430 2 
7 8 430 2 
7 8 430 2 
7 8 430 2 
7 8 430 2 
42 27 7 8 430 43 81 2 
7 8 430 2 
245 7 8 46 430 2 
7 8 45 112 46 430 48 2 
7 8 430 2 
18 7 8 430 9 10 2 
7 8 430 2 
7 8 430 2 
7 8 430 2 
7 8 430 2 
7 8 430 2 
16 7 8 19 430 2 
32 16 17 7 8 33 430 2 
7 8 430 2 
7 8 430 2 
7 8 430 2 
421 13 7 8 430 15 2 
7 8 430 2 
7 8 430 2 
7 8 430 9 10 2 
26 27 7 8 430 2 
7 8 430 2 
7 8 430 9 10 2 
7 8 430 2 
7 8 430 2 
7 8 430 2 
7 8 430 2 
7 8 430 2 
7 8 430 9 10 2 
7 8 430 2 
7 8 430 9 10 2 
16 17 7 8 430 62 2 
7 8 430 2 
7 8 430 2 
7 8 430 2 
27 7 8 246 430 2 
7 8 430 2 
7 8 430 2 
7 8 430 2 
7 8 430 9 10 2 
7 8 430 2 
7 8 430 2 
7 8 430 9 10 2 
12 7 8 430 9 10 2 
26 27 7 8 430 2 
92 7 8 430 2 
7 8 430 2 
26 27 7 8 430 2 
7 8 430 2 
92 7 8 430 2 
42 27 7 8 430 43 81 2 
7 8 430 2 
92 7 8 430 2 
7 8 430 2 
92 7 8 430 2 
7 8 430 2 
7 8 430 2 
7 8 430 2 
7 8 430 2 
7 8 430 2 
7 8 430 2 
7 8 430 2 
7 8 430 2 
7 8 430 2 
7 8 430 2 
7 8 430 2 
7 8 430 2 
7 8 430 2 
16 17 7 8 430 2 
7 34 8 430 15 35 2 
7 8 430 2 
7 8 430 2 
7 8 430 2 
7 8 430 9 10 2 
7 8 430 2 
7 8 430 2 
7 8 430 2 
7 8 430 59 15 2 
7 8 430 2 
7 8 430 9 10 2 
7 8 430 2 
7 8 430 9 10 2 
7 8 430 2 
26 27 7 8 430 2 
7 8 430 2 
7 8 430 2 
7 8 430 2 
7 8 430 2 
7 8 430 2 
7 8 430 2 
26 27 7 8 430 121 2 
7 8 430 2 
7 8 430 2 
7 8 430 2 
7 8 430 2 
7 8 430 2 
32 16 17 7 8 33 430 2 
26 27 7 8 430 121 2 
7 8 430 2 
26 27 7 8 430 2 
7 8 430 2 
7 8 430 2 
7 8 430 2 
12 7 8 430 9 10 2 
7 8 430 2 
7 8 430 2 
7 8 430 2 
7 8 430 2 
12 7 8 430 9 10 2 
7 8 430 2 
7 8 430 9 10 2 
26 27 7 8 430 2 
7 8 430 2 
7 8 430 2 
7 8 430 2 
7 8 430 2 
7 8 430 2 
7 8 430 2 
7 8 430 2 
7 8 430 2 
7 8 430 2 
7 8 20 430 2 
7 8 430 2 
7 8 430 2 
7 8 430 2 
32 16 17 7 8 33 430 2 
16 7 8 202 37 19 430 2 
26 27 7 8 430 2 
7 8 430 9 10 2 
7 8 46 430 51 2 
7 8 430 2 
184 7 8 46 430 48 2 
7 8 430 9 10 2 
7 8 430 2 
7 8 430 2 
26 27 7 8 430 2 
7 8 430 2 
7 8 430 2 
7 8 430 2 
7 8 430 2 
16 7 8 19 430 2 
7 8 430 2 
7 8 430 2 
7 8 430 2 
7 8 430 2 
7 8 430 2 
7 8 430 2 
16 7 8 19 430 2 
7 8 430 2 
7 8 430 2 
7 8 430 2 
26 27 7 8 430 2 
7 8 430 2 
7 8 430 2 
7 8 430 2 
7 8 430 2 
67 16 7 8 37 19 430 146 2 
7 8 430 2 
26 27 7 8 430 124 2 
7 8 430 2 
7 8 430 2 
7 8 430 2 
7 8 430 2 
7 8 94 430 10 2 
7 8 430 2 
7 8 430 2 
7 8 430 2 
7 8 430 2 
7 8 430 2 
7 8 430 2 
7 8 186 430 2 
32 16 17 7 8 33 430 2 
7 8 430 2 
7 8 430 2 
7 8 46 430 48 2 
7 8 430 2 
26 27 7 8 430 2 
7 8 430 2 
7 8 430 2 
7 8 430 2 
7 8 94 430 10 2 
245 7 8 46 430 2 
16 17 7 8 69 430 2 
7 8 430 2 
7 8 430 2 
7 8 430 2 
7 8 430 2 
26 27 7 349 8 430 2 
7 8 430 2 
7 8 430 2 
7 8 430 2 
7 8 430 2 
7 8 430 2 
7 8 430 2 
7 8 430 2 
7 8 430 2 
16 7 8 430 2 
7 8 430 2 
7 8 430 2 
26 27 7 8 430 2 
26 27 7 8 430 2 
26 27 7 8 430 2 
32 16 17 7 8 33 430 2 
7 8 430 2 
7 8 430 9 10 2 
16 100 17 7 8 101 430 2 
18 7 8 430 9 10 2 
18 7 8 430 9 10 2 
7 8 430 2 
7 8 430 2 
7 34 8 430 15 35 2 
26 27 7 8 430 2 
26 27 7 8 430 2 
7 8 430 2 
7 8 430 2 
7 8 430 2 
7 8 46 430 48 2 
7 8 430 2 
7 8 430 2 
7 8 430 2 
7 8 430 2 
7 8 430 2 
7 8 430 2 
26 27 7 8 430 124 2 
7 8 430 2 
7 8 430 2 
26 27 7 8 430 124 2 
7 8 430 2 
7 8 430 2 
7 8 430 9 10 2 
7 8 430 2 
7 8 430 2 
7 8 430 2 
7 8 430 2 
7 8 430 2 
32 16 17 7 8 33 430 2 
7 8 430 2 
7 8 430 2 
7 8 430 2 
7 8 430 2 
7 8 430 2 
7 8 430 2 
7 8 430 2 
7 8 94 430 10 2 
26 27 7 8 430 124 2 
7 8 430 2 
26 27 7 8 430 124 2 
7 8 430 2 
7 8 430 2 
7 8 430 2 
7 8 430 2 
7 8 430 2 
7 8 430 2 
26 27 7 8 430 2 
7 8 430 2 
7 8 430 2 
7 8 430 2 
12 7 8 430 9 10 2 
7 8 430 9 10 2 
7 8 430 2 
7 8 430 9 10 2 
7 8 430 2 
7 8 430 2 
7 8 430 2 
7 8 430 2 
26 27 7 8 430 2 
7 8 430 2 
7 8 430 2 
7 8 430 2 
7 8 430 2 
7 8 430 2 
7 8 430 9 10 2 
7 8 52 430 53 2 
7 8 430 2 
7 8 430 2 
7 8 430 2 
7 8 430 2 
7 8 430 2 
7 8 430 2 
7 34 8 430 15 35 2 
26 27 7 8 430 2 
26 27 7 8 430 2 
7 8 430 2 
7 8 430 2 
7 8 430 2 
7 8 430 2 
7 8 430 2 
7 8 430 2 
27 7 8 430 2 
7 8 430 2 
7 8 430 2 
7 8 46 430 51 2 
7 8 46 267 430 2 
7 8 430 2 
26 27 7 349 8 430 2 
27 7 8 246 430 2 
7 8 430 2 
7 8 430 2 
7 8 430 2 
26 27 7 8 430 2 
26 27 7 8 430 2 
26 27 7 8 430 121 2 
7 8 430 2 
7 8 430 2 
26 27 7 8 430 124 2 
7 8 430 2 
7 8 430 2 
30 31 7 8 430 2 
7 8 430 2 
7 8 430 9 10 2 
7 8 430 2 
7 8 430 2 
27 7 8 430 2 
7 8 430 2 
7 8 430 2 
7 8 430 59 15 2 
7 8 430 2 
7 8 430 59 15 2 
7 8 430 2 
7 8 430 2 
26 27 7 8 430 124 2 
7 8 430 2 
7 8 430 2 
7 8 94 430 10 2 
7 8 46 430 2 
7 8 430 2 
7 8 94 430 10 2 
7 8 430 2 
7 8 20 430 2 
7 8 94 430 10 2 
7 8 430 2 
7 8 430 2 
7 8 430 2 
16 7 8 430 2 
41 42 27 7 8 430 43 2 
7 8 430 2 
7 8 430 2 
7 8 430 2 
7 8 430 2 
7 8 430 2 
7 8 430 2 
7 8 430 2 
7 8 430 2 
7 8 430 2 
7 8 430 2 
7 8 430 2 
16 17 7 8 430 62 2 
7 8 46 430 51 2 
7 8 430 2 
7 8 430 59 15 2 
7 8 430 59 15 2 
26 27 7 8 430 124 2 
26 27 7 8 430 2 
7 8 430 2 
7 8 430 2 
7 8 430 2 
7 8 430 2 
7 8 430 2 
7 8 430 2 
7 8 430 2 
7 8 430 2 
7 8 430 9 10 2 
7 8 430 2 
7 8 430 2 
7 8 94 430 10 2 
7 8 430 2 
7 8 430 2 
7 8 430 2 
7 8 186 430 2 
7 8 430 2 
7 8 430 2 
7 8 430 2 
7 8 430 2 
26 27 7 8 430 121 2 
26 27 7 8 430 2 
26 27 7 349 8 430 2 
7 8 430 2 
7 8 430 2 
7 8 430 2 
7 8 430 2 
7 8 430 2 
7 8 430 2 
7 8 430 2 
26 27 7 8 430 243 2 
7 8 430 2 
7 8 430 2 
7 8 430 2 
26 27 7 8 430 2 
7 8 430 2 
7 8 430 2 
7 8 430 2 
7 8 430 2 
7 8 430 2 
7 8 430 2 
7 8 430 2 
26 27 7 8 430 124 2 
12 7 8 430 9 10 2 
7 8 430 2 
7 8 430 2 
7 8 430 2 
26 27 7 8 430 121 2 
7 8 430 2 
7 8 430 2 
7 8 430 2 
7 8 430 2 
7 8 430 2 
7 8 430 2 
7 8 430 2 
12 7 8 430 9 10 2 
7 8 430 2 
7 8 430 2 
26 27 7 8 430 2 
26 27 7 8 430 2 
26 27 7 8 430 121 2 
16 17 7 8 430 2 
7 8 430 2 
148 149 7 8 430 110 2 
7 8 430 2 
7 8 430 9 10 2 
7 8 430 2 
7 8 430 2 
7 8 430 2 
26 27 7 8 430 2 
7 8 430 2 
32 16 17 7 8 33 430 2 
7 8 430 2 
7 8 430 2 
27 7 8 430 2 
7 8 430 2 
7 8 430 2 
7 8 430 2 
7 8 52 430 53 2 
7 8 430 2 
27 7 8 430 43 2 
7 8 430 2 
16 17 7 8 430 2 
7 8 430 2 
7 8 430 2 
27 7 8 246 430 2 
7 8 430 2 
26 27 7 8 430 2 
7 8 430 2 
7 8 430 2 
7 8 430 2 
7 8 430 2 
7 8 430 2 
7 8 430 2 
7 8 430 2 
7 34 8 430 15 35 2 
7 8 430 2 
7 8 430 2 
32 16 17 7 8 33 430 2 
7 8 430 2 
7 8 430 2 
7 8 430 2 
7 8 430 2 
7 8 430 2 
42 27 7 8 430 57 43 2 
7 8 430 2 
7 8 430 2 
7 8 430 9 10 2 
7 8 430 2 
7 8 430 2 
7 8 430 2 
16 17 7 8 430 62 2 
16 17 7 8 430 2 
7 8 430 2 
32 16 17 7 8 33 430 2 
7 8 430 2 
7 8 430 2 
7 8 430 2 
7 8 430 2 
7 8 430 2 
7 34 8 430 15 35 2 
7 8 430 2 
7 8 46 430 51 2 
7 8 430 2 
26 27 7 8 430 2 
7 8 430 2 
7 8 430 2 
7 8 430 2 
7 8 430 2 
26 27 7 8 430 124 2 
7 8 430 9 10 2 
7 8 430 2 
7 8 430 2 
7 8 430 2 
16 7 8 19 430 2 
7 8 430 59 15 2 
7 8 430 2 
18 7 8 430 9 10 2 
18 7 8 430 9 10 2 
7 8 430 2 
7 8 46 430 51 2 
7 8 430 2 
7 8 430 2 
7 8 430 2 
7 8 430 2 
7 8 430 2 
7 8 430 2 
7 8 430 9 10 2 
7 8 430 2 
7 8 430 9 10 2 
42 27 7 8 430 57 43 2 
7 8 430 9 10 2 
7 8 430 2 
7 8 430 2 
18 7 8 430 9 10 2 
7 8 20 430 2 
7 8 430 9 10 2 
26 27 7 8 430 2 
32 16 17 7 8 33 430 2 
7 8 430 2 
7 8 430 2 
7 8 430 2 
16 17 7 8 430 2 
7 8 430 9 10 2 
7 8 430 2 
7 8 430 2 
7 8 430 2 
26 27 7 8 430 2 
42 27 7 8 430 43 81 2 
16 17 7 8 69 430 72 2 
26 27 7 8 430 2 
7 8 430 59 15 2 
7 8 430 2 
7 8 430 2 
7 8 430 2 
16 17 7 8 430 62 2 
7 8 430 9 10 2 
7 8 430 15 259 2 
16 7 8 19 430 2 
245 7 8 46 430 2 
26 27 7 8 430 124 2 
7 8 430 2 
7 8 430 2 
7 8 430 2 
16 7 8 19 430 2 
7 8 430 2 
7 8 430 2 
7 8 430 2 
7 8 430 2 
7 8 430 2 
26 27 7 8 430 2 
7 8 430 2 
7 8 430 2 
7 8 430 2 
7 8 430 2 
26 27 7 8 430 2 
7 8 430 2 
26 27 7 8 430 2 
26 27 7 8 430 2 
26 27 7 8 430 2 
7 8 186 430 2 
26 27 7 8 430 2 
7 8 430 2 
26 27 7 8 430 2 
7 8 430 2 
26 27 7 8 430 2 
26 27 7 8 430 2 
26 27 7 8 430 2 
26 27 7 8 430 2 
26 27 7 8 430 2 
26 27 7 8 430 2 
26 27 7 8 430 2 
26 27 7 8 430 2 
26 27 7 8 430 2 
26 27 7 8 430 2 
7 8 186 430 2 
7 8 430 2 
7 8 430 2 