7 8 94 10 458 2 
7 8 458 2 
7 8 458 2 
7 8 458 2 
32 16 17 7 8 33 458 2 
7 8 458 2 
7 8 458 2 
7 8 458 2 
7 8 458 2 
7 8 458 2 
16 17 7 8 458 2 
7 8 458 2 
7 8 458 2 
7 8 186 458 2 
7 8 458 2 
7 8 458 2 
7 8 458 2 
7 8 458 2 
7 8 458 2 
7 8 458 2 
7 8 10 458 2 
7 8 9 10 458 2 
7 8 458 2 
7 8 458 2 
7 8 186 458 2 
7 8 458 2 
7 8 458 2 
7 8 458 2 
7 8 458 2 
7 8 458 2 
26 27 7 8 458 2 
7 8 458 2 
7 8 458 2 
7 8 458 2 
7 8 458 2 
7 8 458 2 
7 8 9 10 458 2 
7 8 458 2 
7 8 458 2 
7 8 458 2 
7 8 458 2 
7 8 458 2 
26 27 7 8 458 2 
26 27 7 8 458 2 
7 8 458 2 
7 8 458 2 
7 8 458 2 
7 8 458 2 
7 8 458 2 
7 8 458 2 
7 8 458 2 
7 8 458 2 
7 8 458 2 
7 8 458 2 
42 27 7 8 43 458 81 2 
7 8 458 2 
7 8 458 2 
7 8 458 2 
42 27 7 8 43 458 81 2 
42 27 7 8 43 458 81 2 
7 8 458 2 
7 8 458 2 
7 8 458 2 
42 27 7 8 43 458 81 2 
7 8 458 2 
7 8 458 2 
7 8 458 2 
7 8 458 2 
7 8 458 2 
7 8 458 2 
7 8 458 2 
7 8 458 2 
7 8 458 2 
7 8 458 2 
7 8 458 2 
7 8 458 2 
7 8 458 2 
7 8 458 2 
7 8 458 2 
7 8 458 2 
7 8 458 2 
7 8 458 2 
7 8 458 2 
7 8 458 2 
7 8 458 2 
7 8 458 2 
7 8 458 2 
7 8 458 2 
7 8 186 458 2 
7 8 458 2 
7 8 458 2 
7 8 458 2 
7 8 458 2 
7 8 458 2 
7 8 458 2 
7 8 458 2 
7 8 458 2 
7 8 458 2 
7 8 458 2 
7 8 458 2 
7 8 458 2 
7 8 9 10 458 2 
7 8 458 2 
27 7 8 458 95 2 
7 8 458 2 
7 8 458 2 
7 8 458 2 
7 8 458 2 
7 8 9 10 458 2 
7 8 458 2 
7 8 458 2 
7 8 458 2 
7 8 458 2 
7 8 458 2 
27 7 8 71 43 458 2 
7 8 458 2 
7 8 458 2 
7 8 458 2 
7 8 458 2 
7 8 458 2 
7 8 458 2 
7 8 458 2 
7 8 458 2 
7 8 458 2 
7 8 458 2 
7 8 458 2 
7 8 458 2 
7 8 458 2 
7 8 458 2 
7 8 458 2 
7 8 458 2 
7 8 458 2 
7 8 458 2 
7 8 458 2 
7 8 458 2 
7 8 458 2 
7 8 458 2 
7 8 9 10 458 2 
26 27 7 8 458 2 
7 8 458 2 
7 8 458 2 
7 8 458 2 
7 8 458 2 
26 27 7 8 458 2 
7 8 458 2 
7 8 458 2 
7 8 458 2 
7 8 458 2 
7 8 186 458 2 
26 27 7 8 458 2 
7 8 458 2 
7 8 458 2 
7 8 458 2 
7 8 458 2 
7 8 458 2 
7 8 46 51 458 2 
7 8 458 2 
7 8 458 2 
26 27 7 8 458 2 
7 8 186 458 2 
7 8 458 2 
7 8 458 2 
7 8 458 2 
7 8 458 2 
7 8 458 2 
7 8 458 2 
7 8 458 2 
7 8 458 2 
7 8 458 2 
7 8 458 2 
7 8 134 10 458 2 
26 27 7 8 458 2 
13 7 8 15 458 2 
7 8 458 2 
7 8 458 2 
7 8 458 2 
7 8 458 2 
7 8 458 2 
7 8 458 2 
7 8 458 2 
7 8 458 2 
7 8 458 2 
7 8 458 2 
7 8 458 2 
7 8 458 2 
7 8 458 2 
7 8 458 2 
18 7 8 9 10 458 2 
7 8 458 2 
7 8 458 2 
7 8 458 2 
7 8 458 2 
7 8 458 2 
7 8 458 2 
7 8 458 2 
7 8 458 2 
7 8 458 2 
7 8 458 2 
7 8 186 458 2 
7 8 458 2 
7 8 458 2 
7 8 458 2 
7 8 458 2 
7 8 458 2 
7 8 458 2 
7 8 458 2 
7 8 458 2 
26 27 7 8 458 2 
7 8 458 2 
7 8 458 2 
7 8 458 2 
7 8 458 2 
7 8 458 2 
7 8 458 2 
7 8 458 2 
7 8 186 458 2 
7 8 458 2 
7 8 458 2 
7 8 458 2 
7 8 458 2 
7 8 458 2 
7 8 458 2 
7 8 458 2 
7 8 458 2 
7 8 458 2 
7 8 458 2 
7 8 458 2 
7 8 458 2 
7 8 458 2 
7 8 458 2 
7 8 458 2 
7 8 458 2 
7 8 458 2 
7 8 458 2 
7 8 458 2 
7 8 458 2 
7 8 458 2 
7 8 458 2 
7 8 458 2 
7 8 458 2 
7 8 458 2 
7 8 458 2 
7 8 186 458 2 
7 8 458 2 
7 8 458 2 
7 8 458 2 
7 8 458 2 
7 8 458 2 
7 8 458 2 
7 8 458 2 
7 8 458 2 
7 8 458 2 
7 8 458 2 
7 8 458 2 
7 8 458 2 
7 8 458 2 
7 8 458 2 
7 8 458 2 
7 8 458 2 
7 8 458 2 
7 8 458 2 
7 8 458 2 
7 8 458 2 
7 8 458 2 
7 8 458 2 
7 8 458 2 
7 8 458 2 
7 8 458 2 
7 8 458 2 
7 8 458 2 
7 8 458 2 
7 8 458 2 
7 8 458 2 
7 8 458 2 
7 8 458 2 
7 8 458 2 
7 8 458 2 
7 8 458 2 
7 8 458 2 
7 8 458 2 
27 7 8 246 458 2 
7 8 458 2 
7 8 186 458 2 
7 8 458 2 
7 8 458 2 
7 8 458 2 
7 8 458 2 
7 8 458 2 
7 8 458 2 
7 8 458 2 
7 8 458 2 
7 8 458 2 
7 8 458 2 
7 8 458 2 
7 8 458 2 
7 8 458 2 
7 8 458 2 
7 8 458 2 
7 8 458 2 
7 8 458 2 
7 8 458 2 
7 8 458 2 
7 8 458 2 
7 8 458 2 
7 8 458 2 
7 8 458 2 
7 8 458 2 
7 8 458 2 
7 8 458 2 
7 8 458 2 
7 8 458 2 
7 8 458 2 
7 8 458 2 
7 8 458 2 
7 8 458 2 
7 8 458 2 
7 8 458 2 
7 8 458 2 
7 8 458 2 
7 8 458 2 
7 8 458 2 
7 8 458 2 
7 8 458 2 
27 255 7 8 169 458 2 
7 8 186 458 2 
7 8 458 2 
7 8 458 2 
7 8 458 2 
7 8 458 2 
7 8 458 2 
7 8 458 2 
7 8 458 2 
7 8 186 458 2 
7 8 458 2 
7 8 458 2 
7 8 458 2 
7 8 458 2 
7 8 186 458 2 
7 8 458 2 
7 8 186 458 2 
7 8 458 2 
7 8 458 2 
7 8 458 2 
7 8 458 2 
7 8 458 2 
32 16 17 7 8 33 458 2 
7 8 458 2 
7 8 458 2 
7 8 458 2 
7 8 458 2 
7 8 9 10 458 2 
7 8 186 458 2 
32 16 17 7 8 33 458 2 
7 8 458 2 
7 8 458 2 
7 8 186 458 2 
7 8 458 2 
7 8 458 2 
7 8 458 2 
7 8 458 2 
7 8 458 2 
7 8 458 2 
7 8 458 2 
7 8 458 2 
7 8 458 2 
7 8 458 2 
7 8 458 2 
7 8 458 2 
7 8 458 2 
7 8 458 2 
7 8 458 2 
7 8 458 2 
7 8 458 2 
7 8 458 2 
7 8 458 2 
7 8 458 2 
7 8 458 2 
7 8 458 2 
7 8 458 2 
7 8 458 2 
7 8 458 2 
7 8 458 2 
7 8 458 2 
7 8 458 2 
7 8 458 2 
7 8 458 2 
7 8 458 2 
7 8 458 2 
7 8 458 2 
7 8 458 2 
7 8 458 2 
7 8 458 2 
7 8 458 2 
7 8 143 144 172 458 2 
7 8 458 2 
7 8 458 2 
7 8 458 2 
7 8 458 2 
7 8 458 2 
7 8 458 2 
7 8 458 2 
7 8 458 2 
7 8 458 2 
7 8 458 2 
7 8 458 2 
7 8 458 2 
7 8 458 2 
7 8 458 2 
7 8 458 2 
7 8 458 2 
7 8 458 2 
7 8 458 2 
7 8 458 2 
7 8 458 2 
7 8 458 2 
7 8 458 2 
7 8 458 2 
7 8 458 2 
7 8 458 2 
7 8 458 2 
7 8 458 2 
7 8 458 2 
7 8 458 2 
7 8 458 2 
7 8 458 2 
7 8 458 2 
7 8 186 458 2 
7 8 458 2 
7 8 458 2 
7 8 186 458 2 
184 7 8 46 458 48 2 
7 8 458 2 
7 8 458 2 
7 8 186 458 2 
7 8 458 2 
7 8 458 2 
7 8 186 458 2 
7 8 458 2 
7 8 458 2 
7 8 458 2 
7 8 458 2 
7 8 458 2 
7 8 458 2 
7 8 458 2 
7 8 458 2 
7 8 458 2 
7 8 458 2 
7 8 458 2 
7 8 458 2 
7 8 458 2 
7 8 458 2 
7 8 458 2 
7 8 458 2 
7 8 458 2 
7 8 458 2 
7 8 186 458 2 
7 8 458 2 
16 17 7 8 458 2 
7 8 458 2 
7 8 458 2 
26 27 7 8 458 2 
7 8 458 2 
7 8 186 458 2 
32 16 17 7 8 33 458 2 
7 8 186 458 2 
7 8 458 2 
7 8 458 2 
7 8 458 2 
7 8 458 2 
7 8 458 2 
7 8 458 2 
7 8 458 2 
7 8 458 2 
7 8 458 2 
7 8 458 2 
7 8 458 2 
7 8 458 2 
7 8 458 2 
7 8 458 2 
7 8 458 2 
7 8 458 2 
7 8 458 2 
7 8 458 2 
7 8 458 2 
7 8 458 2 
7 8 458 2 
7 8 458 2 
7 8 458 2 
7 8 458 2 
7 8 458 2 
7 8 458 2 
7 8 458 2 
7 8 458 2 
7 8 458 2 
7 8 458 2 
7 8 458 2 
7 8 458 2 
7 8 458 2 
7 8 458 2 
7 8 458 2 
7 8 458 2 
7 8 458 2 
7 8 458 2 
7 8 458 2 
7 8 458 2 
7 8 458 2 
7 8 458 2 
7 8 458 2 
7 8 458 2 
7 8 458 2 
7 8 458 2 
7 8 458 2 
7 8 458 2 
7 8 458 2 
7 8 458 2 
7 8 458 2 
7 8 458 2 
7 8 458 2 
7 8 458 2 
7 8 458 2 
7 8 458 2 
7 8 458 2 
7 8 458 2 
7 8 458 2 
7 8 458 2 
7 8 458 2 
7 8 458 2 
7 8 458 2 
7 8 458 2 
7 8 458 2 
7 8 458 2 
7 8 458 2 
7 8 458 2 
7 8 458 2 
7 8 458 2 
7 8 458 2 
7 8 458 2 
7 8 458 2 
7 8 458 2 
7 8 458 2 
7 8 458 2 
7 8 458 2 
7 8 458 2 
7 8 9 10 458 2 
7 8 9 10 458 2 
7 8 458 2 
7 8 458 2 
7 8 458 2 
7 8 458 2 
7 8 458 2 
7 8 458 2 
7 8 458 2 
7 8 458 2 
7 8 458 2 
7 8 458 2 
7 8 458 2 
7 8 458 2 
7 8 458 2 
7 8 458 2 
7 8 458 2 
7 8 458 2 
7 8 458 2 
7 8 458 2 
7 8 458 2 
7 8 458 2 
7 8 458 2 
7 8 458 2 
7 8 458 2 
7 8 458 2 
7 8 458 2 
7 8 458 2 
7 8 458 2 
7 8 458 2 
7 8 458 2 
7 8 458 2 
7 8 458 2 
7 8 458 2 
7 8 458 2 
7 8 458 2 
7 8 458 2 
7 8 458 2 
7 8 458 2 
7 8 458 2 
7 8 458 2 
7 8 458 2 
7 8 458 2 
7 8 458 2 
7 8 458 2 
7 8 458 2 
7 8 458 2 
7 8 458 2 
7 8 458 2 
7 8 458 2 
7 8 458 2 
245 7 8 46 458 2 
7 8 458 2 
7 8 458 2 
7 8 458 2 
7 8 458 2 
7 8 458 2 
7 8 458 2 
7 8 458 2 
7 8 458 2 
7 8 458 2 
104 16 17 7 339 8 458 2 
7 8 458 2 
7 8 458 2 
7 8 458 2 
7 8 458 2 
7 8 458 2 
7 8 458 2 
7 8 458 2 
7 8 458 2 
7 8 458 2 
7 8 458 2 
7 8 458 2 
7 8 458 2 
7 8 458 2 
7 8 458 2 
7 8 9 10 458 2 
7 8 458 2 
7 8 458 2 
7 8 458 2 
7 8 458 2 
7 8 458 2 
7 8 458 2 
7 8 458 2 
26 27 7 8 458 2 
7 8 458 2 
7 8 458 2 
7 8 458 2 
7 8 458 2 
7 8 458 2 
7 8 458 2 
7 8 458 2 
7 8 458 2 
7 8 458 2 
7 8 458 2 
7 8 458 2 
7 8 458 2 
7 8 458 2 
7 8 20 458 2 
7 8 458 2 
7 8 458 2 
7 8 458 2 
7 8 458 2 
7 8 458 2 
7 8 458 2 
7 8 458 2 
7 8 458 2 
7 8 458 2 
18 7 8 9 10 458 2 
7 8 458 2 
7 8 458 2 
7 8 458 2 
7 8 458 2 
7 8 458 2 
7 8 458 2 
7 8 59 15 458 2 
7 8 458 2 
7 8 458 2 
7 8 458 2 
7 8 458 2 
7 8 458 2 
7 8 458 2 
7 8 458 2 
7 8 458 2 
7 8 458 2 
7 8 458 2 
7 8 458 2 
7 8 458 2 
7 8 458 2 
7 8 458 2 
7 8 458 2 
7 8 458 2 
7 8 458 2 
7 8 458 2 
7 8 458 2 
7 8 458 2 
7 8 458 2 
7 8 458 2 
7 8 458 2 
7 8 458 2 
7 8 458 2 
7 8 458 2 
7 8 458 2 
7 8 458 2 
7 8 458 2 
7 8 458 2 
7 8 458 2 
7 8 458 2 
7 8 458 2 
7 8 458 2 
7 8 458 2 
7 8 458 2 
7 8 458 2 
7 8 458 2 
7 8 458 2 
7 8 458 2 
7 8 458 2 
7 8 458 2 
7 8 458 2 
7 8 458 2 
7 8 458 2 
7 8 458 2 
7 8 458 2 
7 8 458 2 
7 8 458 2 
7 8 458 2 
7 8 458 2 
32 16 17 7 8 33 458 2 
7 8 458 2 
7 8 458 2 
7 8 458 2 
7 8 46 51 458 2 
7 8 9 10 458 2 
7 8 458 2 
7 8 458 2 
7 8 458 2 
7 8 458 2 
7 8 458 2 
7 8 458 2 
7 8 458 2 
7 8 458 2 
7 8 458 2 
7 8 458 2 
7 8 458 2 
7 8 458 2 
7 8 458 2 
7 8 458 2 
7 8 458 2 
7 8 458 2 
7 8 458 2 
7 8 458 2 
7 8 458 2 
7 8 458 2 
7 8 458 2 
7 8 458 2 
7 8 458 2 
7 8 458 2 
7 8 458 2 
7 8 458 2 
7 8 458 2 
7 8 458 2 
7 8 458 2 
7 8 458 2 
7 8 458 2 
7 8 458 2 
7 8 458 2 
7 8 458 2 
7 8 458 2 
7 8 458 2 
7 8 458 2 
32 16 17 7 8 33 458 2 
7 8 186 458 2 
7 8 458 2 
7 8 458 2 
7 8 458 2 
7 8 458 2 
7 8 458 2 