78 2 
78 2 
78 2 
78 2 
78 2 
78 2 
78 2 
78 2 
78 2 
78 2 
78 2 
78 2 
78 2 
16 19 78 2 
78 2 
78 2 
78 2 
93 73 74 97 98 78 2 
78 2 
78 2 
78 2 
78 2 
78 2 
78 2 
78 2 
78 2 
78 2 
78 2 
78 2 
78 2 
32 16 17 33 78 2 
78 2 
78 2 
78 2 
26 27 7 78 2 
78 2 
78 2 
78 2 
78 2 
78 2 
78 2 
78 2 
78 2 
78 2 
78 2 
78 2 
78 2 
78 2 
78 2 
78 2 
78 2 
93 73 74 97 98 78 2 
78 2 
78 2 
78 2 
32 16 17 33 78 2 
78 2 
32 16 17 33 78 2 
78 2 
78 2 
131 78 2 
78 2 
78 2 
78 2 
78 2 
78 2 
78 2 
78 2 
78 2 
78 2 
78 2 
93 73 74 97 98 78 2 
78 2 
78 2 
78 2 
78 2 
78 2 
78 2 
78 2 
78 2 
78 2 
78 2 
78 2 
78 2 
78 2 
78 2 
78 2 
78 2 
78 2 
78 2 
78 2 
26 27 7 78 2 
78 2 
78 2 
78 2 
78 2 
78 2 
78 2 
78 2 
78 2 
78 2 
78 2 
78 2 
78 2 
78 2 
93 73 74 97 98 78 2 
16 19 78 2 
78 2 
78 2 
78 2 
78 2 
78 2 
78 2 
78 2 
93 73 74 97 98 78 2 
78 2 
78 2 
78 2 
78 2 
78 2 
78 2 
78 2 
78 2 
78 2 
78 2 
78 2 
78 2 
78 2 
78 2 
78 2 
78 2 
78 2 
78 2 
78 2 
78 2 
78 2 
78 2 
78 2 
26 27 7 78 2 
78 2 
78 2 
78 2 
78 2 
78 2 
78 2 
78 2 
78 2 
78 2 
78 2 
78 2 
78 2 
78 2 
78 2 
78 2 
78 2 
78 2 
78 2 
78 2 
78 2 
78 2 
78 2 
78 2 
78 2 
78 2 
78 2 
78 2 
78 2 
78 2 
28 23 24 78 2 
78 2 
78 2 
78 2 
78 2 
78 2 
78 2 
78 2 
78 2 
78 2 
78 2 
78 2 
78 2 
78 2 
78 2 
78 2 
78 2 
78 2 
78 2 
78 2 
78 2 
78 2 
78 2 
78 2 
78 2 
78 2 
78 2 
78 2 
78 2 
78 2 
78 2 
16 19 78 2 
78 2 
78 2 
78 2 
78 2 
78 2 
78 2 
78 2 
78 2 
78 2 
78 2 
78 2 
78 2 
78 2 
78 2 
78 2 
78 2 
78 2 
78 2 
78 2 
78 2 
78 2 
32 16 17 33 78 2 
78 2 
78 2 
78 2 
78 2 
78 2 
78 2 
78 2 
78 2 
78 2 
78 2 
78 2 
78 2 
78 2 
78 2 
78 2 
78 2 
78 2 
78 2 
78 2 
78 2 
78 2 
16 19 78 2 
78 2 
78 2 
78 2 
78 2 
93 73 74 97 98 78 2 
78 2 
78 2 
78 2 
78 2 
78 2 
16 17 78 2 
78 2 
78 2 
78 2 
78 2 
78 2 
78 2 
78 2 
78 2 
78 2 
78 2 
78 2 
78 2 
78 2 
78 2 
78 2 
78 2 
78 2 
78 2 
32 16 17 33 78 2 
78 2 
78 2 
78 2 
78 2 
16 19 78 2 
78 2 
78 2 
78 2 
78 2 
78 2 
78 2 
78 2 
78 2 
78 2 
78 2 
78 2 
78 2 
78 2 
78 2 
78 2 
78 2 
78 2 
78 2 
78 2 
93 73 74 97 98 78 2 
78 2 
78 2 
78 2 
78 2 
78 2 
78 2 
78 2 
78 2 
78 2 
78 2 
78 2 
78 2 
15 147 78 2 
78 2 
78 2 
78 2 
78 2 
78 2 
78 2 
78 2 
78 2 
78 2 
78 2 
78 2 
78 2 
78 2 
78 2 
78 2 
78 2 
78 2 
78 2 
78 2 
78 2 
78 2 
78 2 
78 2 
78 2 
78 2 
78 2 
78 2 
78 2 
78 2 
78 2 
78 2 
78 2 
78 2 
78 2 
78 2 
78 2 
78 2 
32 16 17 33 78 2 
78 2 
78 2 
78 2 
93 73 74 97 98 78 2 
78 2 
78 2 
78 2 
78 2 
78 2 
32 16 17 33 78 2 
78 2 
78 2 
78 2 
78 2 
78 2 
78 2 
78 2 
78 2 
78 2 
78 2 
78 2 
78 2 
78 2 
78 2 
78 2 
78 2 
78 2 
78 2 
78 2 
78 2 
78 2 
78 2 
78 2 
78 2 
78 2 
78 2 
78 2 
78 2 
78 2 
78 2 
93 73 74 97 98 78 2 
78 2 
78 2 
78 2 
78 2 
78 2 
78 2 
78 2 
78 2 
78 2 
78 2 
78 2 
78 2 
78 2 