15 82 5 
15 82 5 
16 17 70 15 82 5 
15 82 5 
15 82 5 
15 82 5 
15 82 5 
15 82 5 
15 82 5 
15 82 5 
15 82 5 
32 16 17 33 15 82 5 
15 82 5 
15 82 5 
15 82 5 
15 82 5 
230 16 231 19 15 82 5 
15 82 5 
15 82 5 
15 82 5 
15 82 5 
16 19 15 82 5 
15 82 5 
15 82 5 
52 15 53 82 5 
15 82 5 
15 82 5 
15 82 5 
16 26 27 17 7 101 235 15 82 5 
16 19 15 82 5 
15 82 5 
16 26 27 17 7 101 235 15 82 5 
15 82 5 
16 26 27 17 7 101 235 15 82 5 
15 82 5 
15 78 82 5 
15 82 5 
15 82 5 
32 16 17 33 15 82 5 
15 82 5 
230 16 231 19 15 82 5 
7 15 9 10 82 5 
15 82 5 
15 82 5 
15 82 5 
15 82 5 
15 82 5 
15 82 5 
16 19 15 82 5 
15 82 5 
15 82 5 
236 237 15 82 5 
111 15 82 5 
15 82 5 
16 17 15 62 82 5 
15 82 5 
15 82 5 
34 15 35 82 5 
15 82 5 
15 82 5 
15 82 5 
230 16 231 19 15 82 5 
15 82 5 
16 17 15 82 5 
15 82 5 
34 15 35 82 5 
15 82 5 
16 19 15 82 5 
15 82 5 
111 15 82 5 
15 82 5 
15 82 5 
15 82 5 
15 82 5 
15 82 5 
15 82 5 
52 15 53 82 5 
15 82 5 
15 82 5 
15 82 5 
15 82 5 
15 82 5 
15 82 5 
15 82 5 
15 82 5 
15 82 5 
15 82 5 
15 82 5 
15 82 5 
15 82 5 
15 82 5 
15 82 5 
32 16 17 33 15 82 5 
15 82 5 
15 82 5 
15 82 5 
15 82 5 
16 17 15 62 82 5 
15 82 5 
15 82 5 
15 82 5 
15 82 5 