7 8 2 
12 7 8 9 10 2 
7 8 186 2 
7 8 186 59 15 2 
7 8 186 2 
7 8 9 10 2 
114 7 8 118 9 10 2 
7 8 9 10 2 
114 7 8 94 118 10 2 
12 7 8 9 10 2 
7 8 9 10 2 
7 8 9 10 2 
18 7 8 9 10 2 
7 8 186 9 10 2 
114 7 8 118 10 2 
7 8 9 10 2 
428 26 27 7 8 46 2 
7 8 9 10 2 
7 8 9 10 2 
12 7 8 9 10 2 
7 8 371 2 
7 8 94 10 2 
7 8 94 10 2 
7 8 94 10 2 
7 8 94 10 2 
7 8 94 10 2 
7 8 9 10 2 
7 8 9 10 2 
7 8 9 10 2 
7 8 9 10 2 
7 8 9 10 2 
7 8 9 10 2 
7 8 9 10 2 
7 8 9 10 2 
7 8 9 10 2 
7 8 9 10 2 
7 8 9 10 2 
7 8 9 10 2 
7 8 9 10 2 
7 8 9 10 2 
7 8 9 10 2 
114 7 8 118 9 10 2 
114 26 27 7 8 118 10 2 
7 8 9 10 2 
114 7 8 118 9 10 2 
7 8 9 10 2 
7 8 9 10 2 
114 7 8 118 10 2 
7 8 9 10 2 
7 8 186 2 
7 8 9 10 2 
7 8 9 10 2 
7 8 9 10 2 
7 8 9 10 2 
7 8 9 10 2 
7 8 9 10 2 
7 8 94 10 2 
7 8 9 10 2 
7 8 9 10 2 
7 8 94 10 2 
7 8 9 10 2 
7 8 9 10 2 
7 8 9 10 2 
7 8 9 10 2 
7 8 186 2 
32 16 17 7 8 33 94 10 2 
7 8 94 10 2 
114 7 8 118 10 2 
7 8 9 10 2 
7 8 9 10 2 
7 8 9 10 2 
7 8 9 10 2 
7 8 9 10 2 
7 8 9 10 2 
7 8 9 10 2 
7 8 9 10 2 
7 8 9 10 2 
7 8 9 10 2 
7 8 9 10 2 
7 8 9 10 2 
7 8 9 10 2 
7 8 94 10 2 
7 8 9 10 2 
7 8 9 10 2 
7 8 9 10 2 
7 8 9 10 2 
7 8 9 10 2 
7 8 9 10 2 
7 8 9 10 2 
7 8 9 10 2 
7 8 9 10 2 
7 8 9 10 2 
7 8 9 10 2 
7 8 9 10 2 
7 8 9 10 2 
7 8 9 10 2 
7 8 9 10 2 
7 8 9 10 2 
7 8 9 10 2 
7 8 9 10 2 
7 8 9 10 2 
7 8 9 10 2 
7 8 9 10 2 
7 8 9 10 2 
7 8 9 10 2 
7 8 9 10 2 
7 8 9 10 2 
7 8 9 10 2 
7 8 9 10 2 
7 8 9 10 2 
7 8 9 10 2 
7 8 9 10 2 
7 8 9 10 2 
7 8 94 10 2 
7 8 9 10 2 
7 8 9 10 2 
7 8 9 10 2 
7 8 9 10 2 
7 8 9 10 2 
7 8 9 10 2 
7 8 94 10 2 
7 8 9 10 2 
7 8 9 10 2 
7 8 9 10 2 
7 8 9 10 2 
7 8 9 10 2 
7 8 94 10 2 
428 7 8 46 2 
428 26 27 7 8 46 2 
32 16 17 7 8 33 94 10 2 
7 8 94 10 2 
7 8 9 10 2 
7 8 9 10 2 
7 8 9 10 2 
7 8 9 10 2 
7 8 9 10 2 
7 8 9 10 2 
7 8 186 2 
7 8 9 10 2 
428 7 8 46 2 
7 8 9 10 2 
32 16 114 17 7 8 33 118 10 2 
7 8 9 10 2 
7 8 186 2 
428 7 8 46 2 
7 8 9 10 2 
7 8 9 10 2 
7 8 186 2 
7 8 9 10 2 
7 8 9 10 2 
7 8 9 10 2 
7 8 9 10 2 
7 8 9 10 2 
7 8 9 10 2 
428 26 27 7 8 46 2 
114 7 8 118 9 10 2 
114 7 8 118 9 10 2 
7 8 9 10 2 
7 8 2 
7 8 9 10 2 
7 8 94 10 2 
7 8 94 10 2 
7 8 186 2 
7 8 9 10 2 
7 8 9 10 2 
7 8 186 2 
7 8 94 10 2 
114 7 8 118 9 10 2 
7 8 9 10 2 
12 7 8 9 10 2 
12 7 8 9 10 2 
18 7 8 9 10 2 
18 7 8 9 10 2 
7 8 9 10 2 
18 7 8 9 10 2 
18 7 8 9 10 2 
18 7 8 9 10 2 
12 7 8 9 10 2 
12 7 8 9 10 2 
12 7 8 9 10 2 
18 7 8 9 10 2 
7 8 9 10 2 
18 7 8 9 10 2 
7 8 9 10 2 
7 8 9 10 2 
12 7 8 9 10 2 
18 7 8 9 10 2 
7 8 9 10 2 
12 7 8 9 10 2 
12 7 8 9 10 2 
7 8 9 10 2 
7 8 9 10 2 
7 8 9 10 2 
7 8 2 
7 8 9 10 2 
7 8 430 2 
7 8 186 2 
18 7 8 9 10 2 
114 7 8 118 9 10 2 
7 8 2 
7 8 2 
12 7 8 9 10 2 
18 7 8 9 10 2 
7 8 9 10 2 
18 7 8 9 10 2 
18 7 8 9 10 2 
12 7 8 9 10 2 
7 8 9 10 2 
18 7 8 9 10 2 
7 8 2 
114 7 8 118 9 10 2 
7 8 186 2 
7 8 186 2 
7 8 186 2 
429 7 8 46 2 
7 8 186 2 
7 8 186 2 
7 8 186 2 
7 8 186 2 
7 8 9 10 2 
429 7 8 46 2 
7 8 9 10 2 
7 8 9 10 2 
7 8 9 10 2 
7 8 9 10 2 
7 8 9 10 2 
7 8 9 10 2 
7 8 9 10 2 
7 8 9 10 2 
7 8 9 10 2 
7 8 9 10 2 
7 8 9 10 2 
7 8 9 10 2 
7 8 9 10 2 
7 8 9 10 2 
7 8 9 10 2 
7 8 9 10 2 
7 8 9 10 2 
7 8 9 10 2 
7 8 9 10 2 
7 8 9 10 2 
7 8 9 10 2 
7 8 9 10 2 
7 8 9 10 2 
7 8 9 10 2 
7 8 9 10 2 
7 8 9 10 2 
7 8 9 10 2 
7 8 9 10 2 
7 8 9 10 2 
7 8 9 10 2 
7 8 9 10 2 
7 8 9 10 2 
7 8 9 10 2 
7 8 9 10 2 
7 8 9 10 2 
7 8 9 10 2 
7 8 9 10 2 
7 8 9 10 2 
7 8 9 10 2 
7 8 9 10 2 
7 8 9 10 2 
7 8 9 10 2 
7 8 9 10 2 
7 8 9 10 2 
7 8 9 10 2 
7 8 9 10 2 
7 8 9 10 2 
7 8 9 10 2 
7 8 9 10 2 
7 8 9 10 2 
7 8 9 10 2 
7 8 9 10 2 
7 8 9 10 2 
7 8 9 10 2 
7 8 9 10 2 
7 8 9 10 2 
7 8 9 10 2 
7 8 186 2 
7 8 9 10 2 
429 7 8 46 2 
7 8 9 10 2 
7 8 186 2 
429 7 8 46 2 
7 8 186 2 
7 8 186 2 
7 8 46 51 2 
7 8 186 2 
429 7 8 46 2 
7 8 9 10 2 
7 8 186 2 
18 7 8 9 10 2 
7 8 186 2 
7 8 2 
7 8 2 
7 8 186 2 
7 8 186 2 
7 8 186 2 
429 7 8 46 2 
7 8 9 10 2 
7 8 9 10 2 
7 8 186 2 
7 8 186 2 
7 8 186 2 
429 7 8 46 2 
18 7 8 9 10 2 
429 7 8 46 2 
7 8 186 2 
114 7 8 118 10 2 
429 7 8 46 2 
7 8 186 2 
429 7 8 46 2 
7 8 186 2 
429 7 8 46 2 
429 7 8 46 2 
429 7 8 46 2 
7 8 2 
429 7 8 46 2 
429 7 8 46 2 
18 7 8 9 10 2 
18 7 8 9 10 2 
18 7 8 9 10 2 
7 8 9 10 2 
429 7 8 46 2 
429 7 8 46 2 
7 8 9 10 2 
429 7 8 46 2 
429 7 8 46 2 
429 7 8 46 2 
429 7 8 46 2 
429 7 8 46 2 
7 8 9 10 2 
7 8 9 10 2 
429 7 8 46 2 
7 8 2 
16 7 8 2 
7 8 9 10 2 
7 8 9 10 2 
429 7 8 46 2 
429 7 8 46 2 
429 7 8 46 2 
429 7 8 46 2 
429 7 8 46 2 
429 7 8 46 2 
27 7 8 186 43 2 
7 8 186 2 
7 8 186 2 
429 7 8 46 2 