3 340 108 
3 340 108 
3 59 340 15 108 
3 340 108 
3 340 108 
3 340 108 
52 3 340 53 108 
3 59 340 15 108 
16 17 3 340 108 
7 3 340 108 
3 340 108 
3 340 108 
3 340 108 
16 17 3 340 108 
16 17 3 340 108 
3 340 108 
16 3 19 340 108 
3 340 108 
3 340 108 
3 340 108 
3 340 108 
3 340 108 
3 340 108 
3 340 108 
52 3 340 53 108 
3 340 108 
3 340 108 
3 340 108 
31 3 340 108 
16 3 19 340 108 
3 340 15 108 
3 340 15 108 
3 340 108 
3 340 108 
3 340 108 
3 340 108 
3 340 108 
3 340 108 
16 3 19 340 108 
3 340 108 
3 340 108 
3 340 15 108 
3 340 108 
3 340 108 
3 340 108 
3 59 340 15 108 
3 340 108 
63 3 340 108 
3 340 108 
3 340 108 
3 340 108 
3 340 108 
3 340 108 
3 340 108 
3 340 108 
34 3 15 340 35 108 
3 340 108 
16 17 3 70 340 108 