7 45 8 46 47 48 108 
7 45 8 46 47 48 108 
7 45 8 46 47 48 108 
7 45 8 46 47 48 108 
7 45 8 46 47 48 108 
7 45 8 46 112 47 48 108 
7 45 8 46 47 48 108 
7 45 8 46 47 48 108 
7 45 8 46 47 48 108 
7 45 8 46 47 48 108 
7 45 8 46 47 48 108 
7 45 8 46 47 48 108 
7 45 8 46 47 48 108 
7 45 8 46 47 48 108 
7 45 8 46 47 48 108 
7 45 8 46 47 48 108 
7 45 8 46 47 48 108 
7 45 8 46 47 48 108 
7 45 8 46 47 48 108 
7 45 8 46 47 48 108 
7 45 8 46 47 48 108 
7 45 8 46 47 48 108 
7 45 8 46 47 48 108 
7 45 8 46 47 48 108 
7 45 8 46 47 48 108 
7 45 8 46 47 48 108 
7 45 8 46 47 48 108 
7 45 8 46 47 48 108 
7 45 8 46 47 48 108 
7 45 8 46 47 48 108 
7 45 8 46 47 48 108 
7 45 8 46 47 48 108 
7 45 8 46 47 48 108 
7 45 8 46 47 48 108 
7 45 8 46 47 48 108 
7 45 8 46 47 48 108 
7 45 8 46 47 48 108 
7 45 8 46 47 48 108 
16 17 7 45 8 46 69 47 72 48 108 
7 45 8 46 47 48 108 
7 45 8 46 47 48 108 
16 17 7 45 8 46 47 113 48 108 
111 7 45 8 46 15 47 48 82 108 
7 45 8 46 47 48 108 
7 45 8 46 47 48 108 
7 45 8 46 47 48 108 
42 27 7 45 8 46 47 43 48 81 108 
7 45 8 46 47 48 108 
7 45 8 46 47 48 108 
7 45 8 46 47 48 108 
7 45 8 46 47 48 108 
7 45 8 46 47 48 108 
7 45 8 46 47 48 108 
7 45 8 46 47 48 108 
7 45 8 46 47 48 108 
7 45 8 46 47 48 108 
7 45 8 46 47 48 108 
7 45 8 46 47 48 108 
7 45 8 46 47 48 108 
7 45 8 46 47 48 108 
16 17 7 45 8 46 69 47 48 108 
7 45 8 46 47 48 108 
7 45 8 46 47 48 108 
7 45 8 46 47 48 108 
7 45 8 46 47 9 10 48 108 
7 45 8 46 47 48 108 
7 45 8 46 47 48 108 
7 45 8 46 47 48 108 
73 7 45 8 46 74 47 48 108 
7 45 8 46 47 48 108 
7 45 8 46 47 48 108 
7 45 8 46 112 47 48 108 
7 45 8 46 47 48 108 
7 45 8 46 47 48 108 
7 45 8 46 47 48 108 
7 45 8 46 47 48 108 
7 45 8 46 47 48 108 