148 149 177 7 8 110 108 
148 149 177 7 8 110 108 
148 149 177 7 8 110 108 
148 149 177 7 8 110 108 
148 149 177 7 8 110 108 
148 149 177 7 8 110 108 
177 7 8 110 108 
148 149 177 7 8 110 108 
177 7 8 110 108 
177 7 8 110 108 
177 7 8 110 108 
148 149 177 7 8 110 108 
177 7 8 110 108 
148 149 177 7 8 110 108 
148 149 177 7 8 110 108 
148 149 177 7 8 110 108 
177 7 8 110 108 
148 149 177 7 8 110 108 
148 149 177 7 8 110 108 
148 149 177 7 8 110 108 
148 149 177 7 8 110 108 
148 149 177 7 8 110 108 
177 7 8 110 108 
177 7 8 110 108 
148 149 177 7 8 110 108 
177 7 8 110 108 
148 149 177 7 8 110 108 
148 149 177 7 8 110 108 
148 149 177 7 8 110 108 
148 149 177 7 8 110 108 
148 149 177 7 8 110 108 
148 149 177 7 8 110 108 
148 149 177 7 8 110 108 
148 149 177 7 8 110 108 
177 7 8 110 108 
177 7 8 110 108 
177 7 8 110 108 
148 149 177 7 8 110 108 
177 7 8 110 108 
177 7 8 110 108 
177 7 8 110 108 
177 7 8 110 108 
177 7 8 110 108 
177 7 8 110 108 
177 7 8 110 108 