32 16 17 3 33 340 407 
3 340 407 
3 340 407 
3 340 407 
3 340 407 
3 340 407 
3 340 407 
3 340 407 
424 3 407 
27 7 424 3 83 43 407 
27 7 424 3 83 43 407 
27 7 424 3 83 43 407 
3 340 407 
3 340 407 
3 340 407 
3 340 407 
3 59 340 15 407 
3 340 407 
3 340 407 
3 340 407 
63 3 340 407 
3 340 407 
3 340 407 
3 340 407 
3 340 407 
3 340 407 
3 340 407 
3 340 407 
34 3 15 340 35 407 
16 17 3 70 340 407 
3 340 407 
3 340 407 
16 17 424 3 407 
424 3 407 
3 340 407 
3 340 407 
3 340 407 
63 3 340 407 
3 340 407 
3 340 407 
32 16 17 3 33 340 407 
424 3 15 82 407 
3 340 407 
27 7 424 3 83 43 407 
3 340 407 
3 340 15 407 
3 340 407 
16 17 3 340 407 
3 340 407 
424 3 15 407 
3 340 407 
3 340 407 
3 340 407 
3 340 407 
3 340 407 
7 3 340 407 
3 340 407 
3 340 407 
3 340 407 
3 340 407 
3 340 407 
3 340 407 
3 340 407 
3 340 407 
3 340 407 
3 340 407 
3 340 407 
3 340 407 
3 340 407 
3 340 407 
3 340 407 
3 340 407 
3 340 407 
3 340 407 
3 59 340 15 407 
3 340 15 407 
3 59 340 15 407 
7 424 3 186 407 
3 340 407 
52 3 340 53 407 
3 59 340 15 407 
7 424 3 186 407 
3 340 407 
16 3 19 340 407 
3 340 407 
3 340 407 
3 340 407 
16 17 3 340 407 
16 3 19 340 407 
3 340 407 
3 340 407 
3 340 407 
3 340 407 
3 340 407 
52 3 340 53 407 
3 340 407 
424 3 407 
3 340 407 
3 340 407 
3 340 407 
3 340 407 
52 3 340 53 407 
3 340 407 
3 340 407 
3 340 407 
3 340 407 
3 340 407 
3 340 407 
3 340 407 
3 340 407 
27 7 424 3 83 43 407 
3 340 407 
3 340 407 
3 340 407 
3 340 407 
3 340 407 
3 340 407 
3 340 407 
42 27 7 3 340 43 81 407 
3 340 407 
3 340 407 
3 340 407 
3 340 407 
31 3 340 407 
31 3 340 407 
3 340 407 
3 340 407 
3 340 407 
31 3 340 407 
3 340 407 
3 340 407 
3 340 407 
16 3 19 340 407 
3 340 407 
3 340 407 
3 340 407 
16 424 3 407 
3 340 407 
3 340 407 
3 340 407 
3 340 407 
3 340 407 
3 340 407 
3 340 407 
3 340 407 
3 340 407 
3 340 407 
3 340 407 
3 340 407 
63 3 340 407 
3 340 407 
3 340 407 
3 340 407 
3 340 407 
3 340 407 
16 3 19 340 407 
16 3 19 340 407 
3 340 407 
3 340 407 
16 3 19 340 407 
3 340 15 407 
7 424 3 186 407 
27 7 424 3 83 43 407 
3 340 407 
16 17 3 340 407 
3 340 407 
3 340 407 
3 340 407 
16 3 19 340 407 
3 340 407 
3 340 407 
3 59 340 15 407 
16 3 19 340 407 
3 340 407 
3 340 407 
3 340 407 
7 424 3 186 407 
7 424 3 186 407 
3 340 407 
3 340 407 
7 3 340 407 
3 340 407 
16 3 19 340 407 
16 3 19 340 407 
3 340 407 
3 340 407 
3 340 407 
3 340 407 
3 340 407 
3 340 407 
3 340 407 
3 340 407 
3 340 407 
3 340 407 
3 340 407 
3 340 407 
3 340 407 
3 340 407 
7 3 340 407 
3 340 407 
3 340 407 
424 3 407 
3 340 407 
3 340 407 
3 340 407 
3 340 407 
16 3 19 340 407 
3 340 407 
3 340 407 
3 340 407 
3 340 407 
32 16 17 3 33 340 407 
3 340 407 
3 340 407 