20 2 
20 2 
20 2 
26 27 7 20 2 
20 2 
20 2 
20 2 
16 17 20 39 56 2 
7 20 9 10 2 
20 2 
20 2 
20 2 
20 2 
20 2 
34 20 15 35 2 
20 2 
20 2 
20 2 
20 2 
20 2 
20 2 
20 2 
20 2 
20 2 
20 2 
20 2 
20 2 
20 2 
29 20 2 
77 20 2 
42 27 77 7 20 43 81 2 
20 2 
20 2 
26 27 77 7 20 2 
77 7 20 9 10 2 
29 77 20 2 
77 20 2 
77 7 20 2 
77 20 2 
77 20 2 
77 20 2 
61 20 2 
60 20 2 
20 2 
20 2 
85 20 86 2 
20 2 
20 2 
25 20 2 
20 2 
20 2 
20 2 
20 2 
20 2 
20 2 
20 2 
20 2 
26 27 77 7 20 2 
77 20 2 
77 20 2 
20 39 2 
20 39 2 
20 39 2 
20 39 2 
20 2 
26 27 7 20 2 
20 2 
20 2 
20 2 
20 2 
20 2 
20 39 2 
20 39 2 
20 39 2 
20 2 
93 73 20 74 2 
20 2 
20 2 
160 34 20 15 171 2 
61 20 2 
61 20 2 
20 2 
20 2 
20 2 
20 2 
20 2 
20 2 
20 2 
20 39 2 
20 39 2 
20 39 2 
20 39 2 
20 39 2 
20 39 2 
20 39 2 
20 39 2 
20 2 
20 39 2 
20 39 2 
40 20 39 15 2 
20 39 2 
22 20 39 23 24 2 
20 2 
20 2 
20 2 
20 2 
20 3 65 66 2 
20 66 2 
20 66 2 
20 66 2 
64 20 2 
64 20 3 65 2 
64 20 2 
64 20 2 
64 73 20 74 75 2 
20 2 
20 2 
20 2 
77 20 2 
77 20 2 
77 7 20 9 10 2 
77 20 2 
77 20 2 
16 77 17 20 69 72 2 
77 20 2 
42 27 7 20 43 81 2 
20 2 
61 20 2 
61 20 2 
61 20 2 
61 20 2 
61 20 2 
61 20 2 
61 20 2 
61 20 2 
61 20 2 
61 20 2 
16 61 17 20 69 2 
61 20 2 
61 20 2 
20 2 
20 2 
73 20 74 2 
20 2 
20 2 
20 2 
20 2 
34 20 15 35 2 
32 16 17 20 39 33 2 
20 39 2 
20 2 
20 39 2 
20 2 
20 2 
20 39 2 
20 39 2 
20 39 2 
20 39 2 
20 2 
20 39 2 
20 39 2 
20 39 2 
7 20 9 10 2 
20 2 
20 2 
7 20 2 
7 20 2 
20 2 
20 2 
20 66 2 
20 66 2 
77 20 2 
61 20 2 
20 2 
20 2 
20 2 
20 2 
25 20 2 
25 20 2 
20 2 
20 2 
7 20 2 
7 20 2 
20 39 2 
16 36 37 20 38 19 2 
20 2 
26 27 7 20 2 
20 2 
26 27 7 20 2 
20 2 
20 66 2 
77 20 2 
26 27 77 7 20 2 
20 2 
26 27 7 25 20 2 
20 2 
20 39 2 
20 39 2 
20 39 2 
20 39 2 
7 20 2 
20 2 
16 20 19 84 2 
20 2 
20 2 
77 20 2 
20 66 2 
20 66 2 
77 20 2 
77 20 2 
77 20 2 
77 20 78 2 
77 20 2 
42 27 77 7 20 43 81 2 
77 20 2 
26 27 77 7 20 2 
77 7 20 2 
26 27 77 7 20 2 
77 20 2 
77 20 2 
77 20 2 
77 20 2 
20 2 
16 17 20 70 2 
26 27 7 88 20 2 
16 17 20 62 2 
20 2 
20 2 
7 20 2 
20 2 
7 20 2 
58 20 2 
20 39 2 
20 39 2 
20 39 2 
20 2 
20 2 
20 2 
7 20 2 
20 2 
20 2 
16 17 20 69 2 
20 2 
16 17 20 56 2 
64 20 3 65 2 
20 2 
20 2 
77 20 2 
77 20 2 
77 7 20 9 10 2 
77 20 2 
77 7 20 9 10 2 
20 2 
77 20 2 
16 61 17 20 69 2 
20 2 
16 17 25 20 2 
32 16 17 20 33 2 
7 20 9 10 2 
20 2 
20 2 
20 2 
20 66 2 
20 66 2 
64 20 2 
20 3 65 66 2 
77 20 2 
77 20 59 15 2 
77 34 20 15 35 2 
61 20 2 
7 20 2 
20 2 
16 20 19 2 
20 2 
20 2 
77 7 20 9 10 2 
77 20 2 
20 2 
20 2 
29 20 2 
20 2 
20 2 
25 20 2 
20 66 2 
77 20 2 
7 20 2 
20 2 
20 2 
25 20 2 
25 20 2 
29 25 20 2 
20 2 
22 20 23 24 2 
20 2 
20 2 
20 66 2 
77 20 2 
26 27 77 7 20 2 
77 7 20 2 
7 20 2 
20 2 
20 2 
16 17 25 20 2 
16 17 20 69 2 
20 2 
77 20 2 
20 78 2 
25 20 2 
25 20 2 
20 2 
20 39 2 
20 39 2 
7 20 2 
64 20 2 
64 20 2 
64 20 2 
64 20 2 
64 20 2 
77 20 2 
20 3 2 
20 66 2 
77 40 20 15 2 
16 17 20 2 
26 27 7 20 2 
20 2 
20 2 
20 2 
64 20 2 
26 27 77 7 20 2 
77 20 2 
77 20 2 
77 7 20 2 
77 20 2 
7 20 2 
20 15 82 2 
20 66 2 
20 2 
16 17 20 66 2 
61 20 2 
20 2 
20 2 
20 2 
20 2 
20 66 2 
20 66 2 
7 20 66 2 
20 66 2 
64 20 2 
20 2 
77 20 2 
20 2 
20 2 
20 2 
20 2 
20 2 
20 2 
20 2 
64 20 3 65 2 
26 27 77 7 20 2 
77 20 2 
26 27 7 20 2 
20 2 
25 20 2 
20 2 
20 2 
16 17 20 66 2 
20 66 2 
64 20 2 
77 20 2 
16 61 17 20 2 
20 2 
20 2 
20 3 65 66 2 
16 17 20 66 2 
20 3 65 66 2 
20 66 2 
20 3 65 66 2 
64 20 3 65 2 
64 20 3 65 2 
77 20 2 
77 20 2 
77 7 20 9 10 2 
7 20 2 
58 20 2 
20 2 
20 66 2 
20 2 
77 20 2 
7 20 9 10 2 
77 20 2 
16 61 17 20 2 
20 2 
20 2 
20 2 
7 20 2 
7 20 2 
77 20 2 
77 20 2 
20 2 
20 2 
77 20 2 
20 2 
32 16 17 20 39 33 2 
20 39 28 23 24 2 
1 20 2 
20 2 
20 39 2 
7 20 66 2 
77 20 2 
61 20 2 
20 2 
20 2 
20 66 2 
64 34 20 15 35 2 
64 7 20 2 
16 64 17 20 69 72 2 
64 20 2 
64 7 20 2 
64 20 2 
64 7 20 2 
64 26 27 7 20 2 
64 7 20 2 
64 20 2 
64 20 2 
64 7 20 9 10 2 
16 61 17 20 2 
16 61 17 20 2 
61 7 20 2 
16 61 17 20 2 
25 20 2 
25 20 2 
25 20 2 
20 2 
7 20 39 2 
20 39 2 
20 2 
77 20 2 
20 2 
77 20 2 
20 66 2 
61 20 2 
20 39 2 
20 39 2 
20 2 
20 2 
61 20 2 
61 20 2 
20 39 2 
20 2 
61 20 2 
20 2 
26 27 7 25 20 2 
16 17 20 66 2 
77 20 2 
20 39 2 
20 39 2 
20 39 2 
20 39 2 
20 39 2 
77 20 2 
77 20 2 
77 20 2 
32 16 17 77 20 33 2 
77 20 2 
25 20 2 
77 20 2 
20 2 
16 36 77 37 20 38 19 2 
77 20 39 2 
61 20 2 
61 20 2 
61 20 2 
61 20 2 
58 20 2 
20 2 
26 27 77 7 20 2 
20 2 
20 2 
20 2 
20 2 
20 66 2 
26 27 77 7 20 2 
32 16 17 77 20 33 2 
60 77 20 2 
77 20 2 
61 20 2 
32 16 17 20 33 2 
61 20 2 
61 20 2 
7 25 20 2 
26 27 7 25 20 2 
20 2 
20 2 
20 2 
20 2 
20 2 
7 20 39 2 
20 2 
20 2 
7 20 2 
58 20 2 
20 2 
20 2 
77 20 2 
77 20 2 
77 7 20 9 10 2 
77 20 2 
26 27 7 25 20 2 
20 39 2 
22 20 39 23 24 2 
20 2 
20 2 
20 2 
20 2 
26 27 7 25 20 2 
20 2 
20 2 
20 2 
26 27 7 20 2 
20 2 
20 2 
20 2 
29 20 2 
20 2 
20 2 
77 7 20 9 10 2 
25 20 2 
20 2 
20 2 
32 16 17 77 20 33 2 
20 39 2 
64 20 2 
20 2 
20 2 
20 2 