20 330 
20 330 
20 330 
20 330 
20 330 
26 27 7 20 330 
20 330 
20 330 
16 77 17 20 70 330 
20 330 
20 330 
20 330 
20 330 
20 330 
20 330 
20 330 
20 330 
77 7 20 9 10 330 
77 20 330 
20 330 
77 20 330 
20 330 
20 330 
20 330 
20 330 
20 39 330 
20 330 
20 39 330 
20 39 330 
20 330 
20 39 330 
20 39 330 
20 39 330 
20 39 330 
20 330 
20 39 330 
20 39 330 
20 39 330 
20 39 330 
20 330 
20 330 
26 27 7 20 330 
32 16 17 20 33 330 
20 330 
29 20 330 
20 330 
20 330 
77 7 20 330 
20 330 
20 330 
32 16 17 20 33 330 
20 330 
20 330 
26 27 77 7 20 330 
20 330 
20 330 
20 330 
61 20 330 
20 330 
20 330 
20 330 
20 330 
20 330 
25 20 330 
20 330 
85 20 86 330 
20 330 
26 27 77 7 20 330 
20 330 
16 17 20 39 56 330 
20 330 
20 330 
60 20 330 
20 330 
20 330 
77 20 330 
77 20 330 
77 20 330 
77 20 330 
20 330 
20 330 
26 27 7 20 330 
26 27 77 7 20 330 
20 330 
20 330 
7 20 9 10 330 
20 39 330 
20 330 
20 39 330 
20 39 330 
20 39 330 
20 330 
77 20 330 
20 330 
20 330 
20 330 
20 330 
77 20 330 
77 20 330 
7 20 330 
20 330 
77 20 24 330 
160 34 20 15 171 330 
61 20 330 
20 330 
93 73 20 74 330 
20 330 
20 330 
20 39 330 
20 330 
20 330 
20 330 
61 20 330 
20 330 
114 7 20 118 10 330 
20 330 
20 330 
61 20 330 
40 20 39 15 330 
20 330 
20 330 
20 330 
61 20 330 
20 330 
77 20 330 
16 17 20 330 
20 330 
20 330 
20 3 65 66 330 
16 61 17 20 69 330 
77 20 330 
20 330 
34 20 15 35 330 
61 20 330 
64 20 3 65 330 
61 20 330 
20 330 
42 27 7 20 43 81 330 
20 330 
20 330 
22 20 39 23 24 330 
61 20 330 
20 66 330 
64 20 330 
20 330 
20 66 330 
20 39 330 
20 66 330 
61 20 330 
20 39 330 
20 330 
61 20 330 
7 20 330 
20 39 330 
20 39 330 
20 330 
61 20 330 
20 330 
64 20 330 
61 20 330 
20 39 330 
20 39 330 
20 330 
61 20 330 
61 20 330 
61 20 330 
64 20 330 
64 73 20 74 75 330 
61 20 330 
16 17 20 66 330 
77 20 330 
77 20 330 
20 330 
20 39 330 
20 330 
77 20 330 
20 330 
20 66 330 
20 66 330 
20 330 
20 330 
7 20 330 
26 27 7 20 330 
25 20 330 
25 20 330 
20 39 330 
20 39 330 
61 20 330 
20 330 
20 39 330 
20 39 330 
20 330 
20 39 330 
76 20 3 65 330 
7 20 9 10 330 
20 330 
20 330 
20 330 
20 330 
20 330 
32 16 17 20 39 33 330 
20 330 
20 39 330 
20 330 
7 20 330 
20 330 
7 20 330 
77 20 330 
7 20 39 330 
20 39 330 
20 15 82 330 
20 66 330 
26 27 7 20 330 
20 330 
16 36 37 20 38 19 330 
7 20 330 
77 20 330 
16 17 20 330 
26 27 7 20 330 
20 330 
7 20 330 
7 20 330 
20 39 330 
26 27 7 25 20 330 
20 39 330 
26 27 77 7 20 330 
20 39 330 
20 330 
20 39 330 
16 20 19 84 330 
26 27 77 7 20 330 
20 330 
16 77 17 20 69 330 
77 20 330 
26 27 77 7 20 330 
20 330 
77 20 330 
77 20 330 
77 20 330 
20 330 
77 20 330 
7 20 330 
16 17 20 70 330 
20 330 
20 39 330 
77 20 330 
20 330 
77 20 330 
20 66 330 
77 20 78 330 
77 20 330 
20 66 330 
20 330 
77 20 330 
7 20 330 
20 330 
77 7 20 330 
77 20 330 
26 27 7 88 20 330 
16 17 20 62 330 
77 20 330 
16 17 20 56 330 
77 7 20 9 10 330 
20 330 
20 330 
20 330 
58 20 330 
20 39 330 
7 20 330 
20 330 
20 330 
16 17 25 20 330 
20 330 
77 20 330 
20 330 
64 20 3 65 330 
77 20 330 
20 330 
20 330 
77 7 20 9 10 330 
77 20 330 
16 61 17 20 69 330 
77 20 330 
20 39 330 
20 39 330 
20 330 
16 17 20 69 330 
20 330 
20 330 
20 330 
64 20 330 
20 330 
20 330 
20 330 
77 34 20 15 35 330 
77 20 59 15 330 
7 20 9 10 330 
20 3 65 66 330 
20 66 330 
77 20 330 
20 330 
61 20 330 
77 20 330 
7 20 330 
20 330 
20 330 
20 330 
20 66 330 
20 330 
25 20 330 
20 330 
20 330 
20 330 
29 20 330 
20 330 
20 330 
16 20 19 330 
20 66 330 
25 20 330 
25 20 330 
77 20 330 
20 330 
7 20 330 
20 66 330 
20 330 
77 7 20 330 
20 330 
20 330 
16 17 25 20 330 
20 330 
7 20 330 
20 330 
20 330 
77 20 330 
26 27 77 7 20 330 
22 20 23 24 330 
20 330 
16 17 20 69 330 
25 20 330 
20 330 
77 20 330 
20 330 
20 78 330 
25 20 330 
7 20 330 
20 39 330 
77 20 330 
20 39 330 
64 20 330 
64 20 330 
64 20 330 
64 20 330 
64 20 330 
20 3 330 
16 17 20 330 
26 27 7 20 330 
77 40 20 15 330 
20 330 
20 330 
20 66 330 
20 330 
77 20 330 
26 27 77 7 20 330 
77 20 330 
77 20 330 
77 7 20 330 
64 20 330 
7 20 330 
20 15 82 330 
20 66 330 
16 77 17 20 69 72 330 
20 330 
20 330 
16 17 20 66 330 
27 7 20 83 43 330 
20 330 
61 20 330 
20 330 
20 66 330 
20 66 330 
20 330 
20 330 
20 330 
20 330 
20 330 
20 330 
20 66 330 
64 20 330 
77 20 330 
7 20 66 330 
20 330 
20 330 
20 330 
64 20 3 65 330 
26 27 7 20 330 
26 27 77 7 20 330 
20 330 
77 20 330 
16 61 17 20 330 
20 330 
20 330 
16 17 20 66 330 
20 330 
20 66 330 
64 20 330 
25 20 330 
77 20 330 
42 27 77 7 20 43 81 330 
20 330 
20 3 65 66 330 
20 66 330 
16 17 20 66 330 
20 3 65 66 330 
20 3 65 66 330 
64 20 3 65 330 
20 330 
64 20 3 65 330 
77 20 330 
77 7 20 9 10 330 
77 7 20 9 10 330 
20 330 
77 20 330 
77 20 330 
7 20 330 
7 20 9 10 330 
77 20 330 
20 330 
20 330 
77 20 330 
16 61 17 20 330 
58 20 330 
20 66 330 
20 330 
20 330 
77 20 330 
20 330 
77 20 330 
77 20 330 
77 20 330 
20 330 
7 20 330 
7 20 330 
73 20 74 330 
20 39 330 
1 20 330 
20 330 
32 16 17 20 39 33 330 
20 39 28 23 24 330 
20 330 
77 20 330 
7 20 66 330 
61 7 20 330 
61 20 330 
16 61 17 20 330 
64 34 20 15 35 330 
64 7 20 330 
16 64 17 20 69 72 330 
64 20 330 
64 7 20 330 
64 20 330 
64 7 20 330 
64 26 27 7 20 330 
64 7 20 330 
64 20 330 
64 20 330 
64 7 20 9 10 330 
25 20 330 
25 20 330 
16 61 17 20 330 
25 20 330 
16 61 17 20 330 
20 330 
20 330 
20 66 330 
20 330 
20 330 
20 330 
77 20 330 
77 20 330 
20 66 330 
29 25 20 330 
61 20 330 
20 330 
61 20 330 
61 20 330 
20 39 330 
20 330 
20 330 
20 330 
26 27 7 25 20 330 
20 39 330 
61 20 330 
77 20 330 
77 20 330 
77 20 330 
77 20 330 
32 16 17 77 20 33 330 
20 39 330 
20 39 330 
20 39 330 
20 39 330 
20 39 330 
16 36 77 37 20 38 19 330 
20 330 
61 20 330 
77 20 39 330 
25 20 330 
61 20 330 
20 330 
25 20 330 
20 330 
61 20 330 
61 20 330 
26 27 77 7 20 330 
26 27 7 25 20 330 
20 330 
20 330 
20 330 
20 330 
58 20 330 
26 27 77 7 20 330 
20 330 
20 330 
20 66 330 
61 20 330 
32 16 17 20 33 330 
60 77 20 330 
77 20 330 
77 7 20 330 
61 20 330 
61 20 330 
32 16 17 77 20 33 330 
7 25 20 330 
26 27 7 25 20 330 
20 330 
20 330 
20 330 
7 20 39 330 
20 330 
20 330 
20 330 
20 330 
58 20 330 
20 39 330 
20 330 
77 20 330 
77 20 330 
77 7 20 9 10 330 
77 20 330 
26 27 7 25 20 330 
20 39 330 
22 20 39 23 24 330 
20 330 
20 330 
20 330 
20 330 
20 330 
20 330 
20 330 
20 330 
16 17 20 70 330 
29 20 330 
20 330 
77 20 330 
77 34 20 15 35 330 
77 7 20 9 10 330 
77 20 330 
13 77 20 14 15 330 
77 34 20 15 35 330 
77 34 20 15 35 330 
34 20 15 35 330 
64 20 330 
20 330 
20 330 
77 7 20 9 10 330 
20 330 
25 20 330 
20 330 
20 330 
32 16 17 77 20 33 330 
32 16 17 77 20 33 330 
64 20 330 
20 330 
20 330 
20 330 
20 330 
42 27 77 7 20 43 81 330 