16 17 113 128 
16 17 113 128 
16 17 113 128 
16 50 17 3 113 128 
16 17 113 128 
16 17 113 128 
16 17 113 128 
16 27 17 7 113 83 43 128 
16 17 113 128 
16 17 113 128 
16 17 113 128 
16 17 113 128 
16 32 17 33 113 128 
16 17 113 128 
16 17 113 128 
16 17 113 128 
16 17 113 128 
16 17 113 128 
16 17 113 128 
16 17 113 128 
16 27 17 7 113 83 43 128 
16 17 113 128 
16 17 113 128 
16 17 113 128 
16 17 69 113 128 
16 17 113 128 
16 17 113 128 
16 17 113 128 
16 17 113 128 
16 17 113 128 
16 17 7 113 128 
16 17 113 128 
16 41 42 27 17 7 113 43 128 
16 17 113 128 
16 17 113 128 
16 17 113 128 
16 17 113 128 
16 17 113 128 
16 17 113 128 
16 17 69 113 128 
16 32 17 33 113 128 
16 17 113 128 
16 17 113 128 
16 17 113 128 
16 41 42 27 17 7 113 43 128 
16 17 7 113 128 
16 17 113 128 
16 17 113 128 
16 17 113 128 
16 17 113 128 
16 17 113 128 
16 17 113 128 
16 17 113 128 
16 50 17 3 113 128 
16 17 289 113 290 128 
16 17 113 128 
16 17 113 128 
16 17 113 128 
16 17 113 128 
16 17 7 113 128 
16 17 113 128 
16 17 113 128 
16 17 62 113 128 
16 17 113 128 
16 17 113 128 
16 17 113 128 
16 41 42 27 17 7 113 43 128 
16 17 113 128 
16 17 113 128 
16 27 17 7 113 83 43 128 
16 17 113 128 
16 17 113 128 
16 17 113 128 
16 17 113 128 
16 17 113 128 
16 17 113 128 
16 17 62 113 128 
16 17 113 128 
16 17 113 128 
16 17 113 128 
16 32 17 33 113 128 
16 17 113 128 
16 17 113 128 
16 17 113 128 
16 17 113 128 
16 17 113 128 
16 17 113 128 
16 17 113 128 
16 17 113 128 
16 17 113 128 
16 17 113 128 
16 17 113 128 
16 17 113 128 
16 17 7 9 10 113 128 
16 17 113 128 
16 17 113 128 
16 17 7 113 128 
16 17 113 128 
16 17 113 128 
16 17 113 128 
16 17 113 128 
16 17 113 128 
16 17 113 128 
16 17 113 128 
16 17 113 128 
16 42 27 17 7 113 43 81 128 
16 42 27 17 7 113 43 81 128 
16 27 17 7 113 83 43 128 
16 17 113 128 
16 17 113 128 
16 17 113 128 
16 32 17 33 113 128 
16 17 113 128 
16 17 113 128 
16 17 113 128 
16 17 113 128 
16 17 113 128 
16 17 113 128 
16 17 113 128 
16 17 113 128 
16 17 113 128 
16 17 113 128 
16 17 113 128 
16 17 113 128 
16 17 62 113 128 
16 41 42 27 17 7 113 43 128 
16 17 113 128 
16 50 17 3 113 128 
16 17 113 128 
16 17 113 128 
16 17 113 128 
16 17 113 128 
16 17 113 128 
16 17 113 128 
16 17 113 128 
16 17 113 128 
16 17 113 128 
16 17 113 128 
16 17 113 128 
16 27 17 7 187 113 128 
16 17 113 128 
16 17 113 128 
16 17 113 128 
16 17 113 128 
16 17 113 128 
16 17 113 128 
16 17 113 128 
16 17 113 128 
16 17 62 113 128 
16 17 113 128 
16 17 113 128 
16 17 62 113 128 
16 17 113 128 
16 17 113 128 
16 17 113 128 
16 17 113 128 
16 17 113 128 
16 17 113 128 
16 27 17 7 113 83 43 128 
16 17 19 113 128 
16 41 42 27 17 7 113 43 128 
16 17 113 128 
16 17 113 128 
16 17 113 128 
16 17 113 128 
16 17 113 128 
16 17 113 128 
16 17 113 128 
16 17 113 128 
16 17 113 128 
16 17 113 128 
16 27 17 7 113 83 43 128 
16 17 113 128 
16 17 113 128 
16 17 69 113 128 
16 17 113 128 
16 17 113 128 
16 32 17 33 113 128 
16 17 113 128 
16 17 113 128 
16 17 113 128 
16 17 113 128 
16 17 113 128 
16 17 113 128 
16 17 113 128 
16 17 113 128 
16 17 69 113 128 
16 17 113 128 
16 17 113 128 
16 17 113 128 
16 17 113 128 
16 17 113 128 
16 17 113 128 
16 17 113 128 
16 17 113 128 
16 17 113 128 
16 17 113 128 
16 42 27 17 7 113 43 81 128 
16 17 113 128 
16 17 113 128 
16 50 17 3 113 128 
16 17 113 128 
16 17 113 128 
16 17 113 128 
16 17 113 128 
16 17 113 128 
16 17 113 128 
16 17 113 128 
16 17 113 128 
16 17 113 128 
16 17 113 128 
16 17 113 128 
16 17 113 128 
16 17 113 128 
16 17 113 128 
16 17 113 128 
16 17 113 128 
16 17 113 128 
16 17 113 128 
16 17 113 128 
16 17 113 128 
16 17 113 128 
16 17 113 128 
16 17 113 128 
16 27 17 7 113 83 43 128 
16 17 113 128 
16 17 113 128 
16 17 113 128 
16 17 113 128 
16 17 113 128 
16 17 113 128 
16 17 113 128 
16 17 62 113 128 
16 17 113 128 
16 17 113 128 
16 17 113 128 
16 17 113 128 
16 17 113 128 
16 17 113 128 
16 41 42 27 17 7 113 43 128 
16 17 113 128 
16 17 113 128 
16 17 113 128 
16 17 113 128 
16 17 113 128 
16 17 113 128 
16 17 113 128 
16 17 113 128 
16 17 113 128 
16 17 113 128 
16 17 113 128 
16 17 113 128 
16 17 113 128 
16 17 113 128 
16 17 113 128 
16 17 113 128 
16 17 113 128 
16 17 113 128 
16 17 113 128 
16 17 69 113 128 
16 17 113 128 
16 17 113 128 
16 32 17 33 113 128 
16 17 113 128 
16 17 113 128 
16 17 113 128 
16 17 113 128 
16 17 113 128 
16 17 113 128 
16 17 113 128 
16 17 113 128 
16 17 113 128 
16 17 113 128 
16 17 113 128 
16 17 113 128 
16 17 62 113 128 
16 17 113 128 
16 17 113 128 
16 17 113 128 
16 17 113 128 
16 17 113 128 
16 17 113 128 
16 17 113 128 
16 17 113 128 
16 17 69 113 128 
16 17 113 128 
16 17 113 128 
16 32 17 33 113 128 
16 17 113 128 
16 17 113 128 
16 17 113 128 
16 17 113 128 
16 17 113 128 
16 17 113 128 
16 12 17 7 9 10 113 128 
16 17 113 128 
16 17 113 128 
16 17 7 113 128 
16 17 113 128 
16 17 113 128 
16 17 113 128 
16 17 113 128 
16 17 113 128 
16 17 113 128 
16 17 113 128 
16 17 59 15 113 128 
16 17 113 128 
16 17 69 113 128 
16 17 69 113 128 
16 17 113 128 
16 17 113 128 
16 17 113 128 
16 17 113 128 
16 17 113 128 
16 17 113 128 
16 17 113 128 
16 32 17 33 113 128 
16 17 113 128 
16 17 113 128 
16 27 17 7 113 83 43 128 
16 17 113 128 
16 17 113 128 
16 17 69 113 128 
16 17 113 128 
16 17 113 128 
16 17 113 128 
16 17 113 128 
16 17 113 128 
16 17 113 128 
16 17 69 113 128 
16 17 113 128 
16 17 113 128 
16 17 113 128 
16 17 113 128 
16 17 113 128 
16 17 113 128 
16 17 113 128 
16 17 113 128 
16 17 113 128 
16 17 62 113 128 
16 17 113 128 
16 17 113 128 
16 17 113 128 
16 27 17 7 113 83 43 128 
16 17 113 128 
16 17 113 128 
16 17 113 128 
16 17 113 128 
16 17 113 128 
16 50 17 3 113 128 
16 17 113 128 
16 17 113 128 
16 17 113 128 
16 32 17 33 113 128 
16 17 62 113 128 
16 17 113 128 
16 27 17 7 113 83 43 128 
16 17 113 128 
16 17 113 128 
16 17 113 128 
16 17 113 128 
16 17 113 128 
16 17 113 128 
16 17 113 128 
16 17 113 128 
16 17 113 128 
16 17 113 128 
16 17 113 128 
16 17 113 128 
16 17 113 128 
16 17 69 113 128 
16 17 113 128 
16 17 113 128 
16 17 113 128 
16 17 113 128 
16 17 69 113 128 
16 17 113 128 
16 17 113 128 
16 17 113 128 
16 17 113 128 
16 17 113 128 
16 17 113 128 
16 50 17 3 113 128 
16 17 113 128 
16 27 17 7 113 83 43 128 
16 17 113 128 
16 17 113 128 
16 17 113 128 
16 17 113 128 
16 17 69 113 128 
16 17 113 128 
16 17 113 128 
16 17 113 128 
16 17 113 128 
16 17 113 128 
16 17 113 128 
16 17 113 128 
16 17 113 128 
16 17 113 128 
16 17 113 128 
16 17 113 128 
16 17 113 128 
16 17 113 128 
16 17 113 128 
16 27 17 7 113 83 43 128 
16 17 69 113 128 
16 17 113 128 
16 32 17 33 113 128 
16 17 113 128 
16 27 17 7 113 83 43 128 
16 17 113 128 
16 17 113 128 
16 17 113 128 
16 17 113 128 
16 17 113 128 
16 17 113 128 
16 17 113 128 
16 17 113 128 
16 17 113 128 
16 17 113 128 
16 17 113 128 
16 17 113 128 
16 17 69 113 128 
16 17 113 128 
16 17 113 128 
16 17 113 128 
16 32 17 33 113 128 
16 17 113 128 
16 17 113 128 
16 17 113 128 
16 17 113 128 
16 17 113 128 
16 17 113 128 
16 17 113 128 
16 17 113 128 
16 17 113 128 
16 17 70 113 128 
16 17 113 128 
16 17 113 128 
16 17 113 128 
16 17 113 128 
16 17 113 128 
16 17 113 128 
16 32 17 33 113 128 
16 17 113 128 
16 17 113 128 
16 17 113 128 
16 17 113 128 
16 17 113 128 
16 17 113 128 
16 17 69 113 128 
16 17 113 128 
16 17 113 128 
16 17 113 128 
16 17 113 128 
16 17 113 128 
16 17 113 128 
16 17 113 128 
16 17 113 128 
16 17 62 113 128 
16 17 113 128 
16 17 113 128 
16 17 113 128 
16 17 62 113 128 
16 17 113 128 
16 17 113 128 
16 17 113 128 
16 17 113 128 
16 17 113 128 
16 17 113 128 
16 17 113 128 
16 17 62 113 128 
16 17 113 128 
16 17 113 128 
16 17 113 128 
16 17 113 128 
16 17 113 128 
16 17 113 128 
16 17 113 128 
16 17 113 128 
16 17 113 128 
16 17 113 128 
16 17 113 128 
16 17 113 128 
16 17 113 128 
16 17 69 113 128 
16 17 113 128 
16 17 113 128 
16 17 113 128 
16 17 113 128 
16 17 113 128 
16 50 17 3 113 128 
16 27 17 7 113 83 43 128 
16 17 113 128 
16 17 69 113 128 
16 17 69 113 128 
16 17 113 128 
16 17 113 128 
16 17 113 128 
16 17 113 128 
16 17 113 128 
16 17 113 128 
16 27 17 7 113 83 43 128 
16 17 69 113 128 
16 27 17 7 113 83 43 128 
16 17 113 128 
16 17 113 128 
16 17 113 128 
16 17 113 128 
16 17 113 128 
16 17 62 113 128 
16 17 113 128 
16 17 113 128 
16 27 17 7 113 83 43 128 
16 17 113 128 
16 17 113 128 
16 17 113 128 
16 17 113 128 
16 17 113 128 
16 17 62 113 128 
16 17 113 128 
16 17 69 113 128 
16 17 69 113 128 
16 17 69 113 128 
16 17 62 113 128 
16 17 113 128 
16 17 113 128 
16 17 113 128 
16 17 113 128 
16 17 113 128 
16 17 113 128 
16 17 113 128 
16 17 113 128 
16 17 69 113 128 
16 17 69 113 128 
16 17 113 128 
16 17 113 128 
16 17 113 128 
16 17 113 128 
16 17 113 128 
16 17 69 113 128 
16 17 69 113 128 
16 17 113 128 
16 17 113 128 
16 17 113 128 
16 17 113 128 
16 17 113 128 
16 17 113 128 
16 17 7 113 128 
16 27 17 7 113 83 43 128 
16 17 113 128 
16 17 113 128 
16 17 113 128 
16 17 113 128 
16 17 69 113 128 
16 17 69 113 128 
16 17 69 113 128 
16 17 113 128 
16 17 113 128 
16 17 113 128 
16 17 113 128 
16 17 69 113 128 
16 17 69 113 128 
16 17 113 128 
16 17 69 113 128 
16 17 15 113 128 
16 17 113 128 
16 17 69 113 128 
16 17 113 128 
16 17 62 113 128 
16 17 113 128 
16 17 113 128 
16 17 113 128 
16 17 62 113 128 
16 17 69 113 128 
16 17 113 128 
16 17 62 113 128 
16 17 113 128 
16 17 113 128 
16 17 69 113 128 
16 17 113 128 
16 17 113 128 
16 17 113 128 
16 17 69 113 128 
16 17 113 128 
16 17 113 128 
16 17 113 128 
16 17 62 113 128 
16 17 62 113 128 
16 17 113 128 
16 17 113 128 
16 17 113 128 
16 17 113 128 
16 17 113 128 
16 17 7 113 128 
16 17 62 113 128 
16 17 113 128 
16 17 113 128 
16 17 113 128 
16 17 113 128 
16 17 113 128 
16 17 113 128 
16 27 17 7 113 83 43 128 
16 17 113 128 
16 17 113 128 
16 32 17 33 113 128 
16 17 113 128 
16 17 113 128 
16 17 113 128 
16 41 42 27 17 7 113 43 128 
16 17 113 128 
16 17 113 128 
16 17 113 128 
16 17 113 128 
16 17 113 128 
16 17 113 128 
16 17 113 128 
16 17 113 128 
16 17 113 128 
16 17 113 128 
16 17 113 128 
16 17 113 128 
16 17 113 128 
16 17 113 128 
16 17 113 128 
16 17 113 128 
16 17 113 128 
16 17 113 128 
16 17 113 128 
16 17 113 128 
16 17 69 113 128 
16 17 113 128 
16 17 18 7 9 10 113 128 
16 17 113 128 
16 17 69 113 128 
16 17 113 128 
16 17 113 128 
16 27 17 7 113 83 43 128 
16 17 113 128 
16 17 113 128 
16 17 113 128 
16 17 62 113 128 
16 17 69 113 128 
16 17 113 128 
16 17 113 128 
16 17 113 128 
16 17 113 128 
16 17 113 128 
16 17 113 128 
16 17 113 128 
16 17 113 128 
16 17 113 128 
16 17 113 128 
16 17 113 128 
16 17 113 128 
16 17 113 128 
16 17 113 128 
16 17 69 113 128 
16 17 113 128 
16 17 113 128 
16 17 113 128 
16 17 113 128 
16 17 113 128 
16 17 113 128 
16 17 113 128 
16 17 113 128 
16 17 113 128 
16 17 113 128 
16 17 113 128 
16 17 113 128 
16 17 113 128 
16 17 113 128 
16 17 113 128 
16 17 69 113 128 
16 17 113 128 
16 17 62 113 128 
16 63 17 3 113 128 
16 17 62 113 128 
16 17 113 128 
16 17 113 128 
16 17 69 113 128 
16 17 62 113 128 
16 17 113 128 
16 17 113 128 
16 17 113 128 
16 17 113 128 
16 17 69 113 128 
16 17 113 128 
16 17 69 113 128 
16 27 17 7 43 113 128 
16 17 113 128 
16 17 113 128 
16 17 113 128 
16 17 69 113 128 
16 17 69 113 128 
16 17 113 128 
16 17 113 128 
16 17 113 128 
16 17 69 113 128 
16 17 62 113 128 
16 17 69 113 128 
16 17 62 113 128 
16 27 17 7 113 83 43 128 
16 17 62 113 128 
16 17 113 128 
16 17 113 128 
16 17 113 128 
16 17 113 128 
16 17 69 113 128 
16 17 113 128 
16 17 113 128 
16 41 42 27 17 7 113 43 128 
16 17 69 113 128 
16 17 62 113 128 
16 17 113 128 
16 17 69 113 128 
16 27 17 7 113 83 43 128 
16 17 7 9 10 113 128 
16 17 113 128 
16 17 113 128 
16 41 42 27 17 7 113 43 128 
16 17 113 128 
16 17 113 128 
16 17 69 113 128 
16 17 62 113 128 
16 17 113 128 
16 17 113 128 
16 17 113 128 
16 17 113 128 
16 17 113 128 
16 17 113 128 
16 17 113 128 
16 17 113 128 
16 32 17 33 113 128 
16 17 113 128 
16 17 69 113 128 
16 17 113 128 
16 17 113 128 
16 17 113 128 
16 17 113 128 
16 17 113 128 
16 17 62 113 128 
16 17 69 113 128 
16 17 62 113 128 
16 17 62 113 128 
16 17 62 113 128 
16 17 113 128 
16 17 113 128 
16 17 113 128 
16 17 113 128 
16 17 113 128 
16 17 113 128 
16 17 113 128 
16 17 113 128 
16 17 113 128 
16 17 113 128 
16 17 113 128 
16 42 27 17 7 113 43 81 128 
16 17 69 113 128 
16 17 113 128 
16 17 69 113 128 
16 27 17 7 113 83 43 128 
16 17 113 128 
16 17 113 128 
16 17 69 72 113 128 
16 17 113 128 
16 17 69 113 128 
16 17 113 128 
16 17 69 113 128 
16 17 113 128 
16 17 113 128 
16 17 113 128 
16 17 113 128 
16 17 62 113 128 
16 17 113 128 
16 17 113 128 
16 17 113 128 
16 17 113 128 
16 17 113 128 
16 17 113 128 
16 17 113 128 
16 17 113 128 
16 17 113 128 
16 17 113 128 
16 17 62 113 128 
16 17 62 113 128 
16 17 113 128 
16 17 113 128 
16 17 69 113 128 
16 27 17 7 43 113 128 
16 17 136 23 24 137 113 55 128 
16 17 113 128 
16 17 69 113 128 
16 17 62 113 128 
16 17 113 128 
16 17 113 128 
16 17 113 128 
16 17 113 128 
16 17 113 128 
16 17 113 128 
16 17 62 113 128 
16 17 113 128 
16 17 113 128 
16 41 42 27 17 7 113 43 128 
16 17 69 113 128 
16 17 113 128 
16 17 62 113 128 
16 42 27 17 7 113 43 81 128 
16 17 113 128 
16 17 113 128 
16 17 113 128 
16 17 62 113 128 
16 17 113 128 
16 17 113 128 
16 27 17 7 113 83 43 128 
16 17 62 113 128 
16 17 69 113 128 
16 17 113 128 
16 17 113 128 
16 17 69 113 128 
16 17 113 128 
16 17 69 113 128 
16 17 113 128 
16 17 113 128 
16 17 113 128 
16 17 113 128 
16 17 59 15 113 128 
16 17 113 128 
16 17 3 163 113 128 
16 17 62 113 128 
16 17 62 113 128 
16 17 113 128 
16 17 62 113 128 
16 17 113 128 
16 17 62 113 128 
16 17 62 113 128 
16 17 113 128 
16 17 113 128 
16 17 113 128 
16 17 7 10 113 128 
16 17 7 9 10 113 128 
16 17 113 128 
16 17 3 163 113 128 
16 17 113 128 
16 17 113 128 
16 17 113 128 
16 17 62 113 128 
16 17 62 113 128 
16 17 113 128 
16 17 113 128 
16 17 113 128 
16 17 62 113 128 
16 17 113 128 
16 17 113 128 
16 17 62 113 128 
16 17 113 128 
16 17 62 113 128 
16 17 113 128 
16 17 113 128 
16 17 113 128 
16 17 113 128 
16 17 113 128 
16 17 62 113 128 
16 17 62 113 128 
16 17 113 128 
16 17 62 113 128 
16 17 113 128 
16 17 113 128 
16 17 62 113 128 
16 17 113 128 
16 17 113 128 