27 42 7 8 57 43 128 
27 42 7 8 57 43 128 
27 42 26 7 8 57 43 128 
27 42 7 8 57 43 128 
27 42 7 8 57 43 128 
27 42 7 8 57 43 128 
27 42 26 7 8 57 43 128 
27 42 7 8 57 43 128 
27 42 7 8 57 43 128 
27 42 7 8 57 43 128 
27 42 7 8 57 43 128 
27 42 7 8 57 43 128 
27 42 7 8 57 43 128 
27 42 7 8 57 43 128 
27 42 7 8 57 43 128 
27 42 7 8 57 43 128 
27 42 7 8 57 43 128 
27 42 7 8 57 43 128 
27 42 7 8 57 43 128 
27 42 7 8 57 43 128 
27 42 7 8 57 43 128 
27 42 7 8 57 43 128 
27 42 7 8 57 43 128 
27 42 7 8 57 43 128 
27 42 7 8 57 43 128 
27 42 7 8 57 43 128 
27 42 7 8 57 43 128 
27 42 7 8 57 43 128 
27 42 7 8 57 43 128 
27 42 7 8 57 43 128 
27 42 7 8 57 43 128 
27 42 7 8 57 43 128 
27 42 7 8 57 43 128 
27 42 7 8 57 43 128 
27 42 7 8 57 43 128 
27 42 7 8 57 43 128 
27 42 7 8 57 43 128 
27 42 7 8 57 43 128 
27 42 7 8 57 43 128 
27 42 7 8 57 43 81 128 
16 27 42 17 7 8 57 43 113 128 
27 42 7 8 57 43 128 
27 42 7 8 57 43 128 
27 42 7 8 57 43 128 
27 42 7 8 57 43 128 
27 42 7 8 57 43 81 128 
27 42 7 8 57 43 128 
27 42 7 8 57 43 128 
27 42 7 8 57 43 128 
27 42 7 8 57 43 128 
27 42 7 8 57 43 128 
27 42 7 8 57 43 128 
27 42 7 8 57 43 128 
27 42 7 8 57 43 128 
27 42 7 8 57 43 128 
27 42 7 8 57 43 128 
27 42 7 8 57 43 128 
27 42 7 8 57 43 128 
27 42 7 8 57 43 128 
27 42 7 8 57 43 128 
27 42 7 8 57 43 128 
27 42 7 8 57 43 128 
27 42 7 8 57 43 128 
27 42 7 8 57 43 128 
27 42 7 8 3 163 57 43 128 
27 42 7 8 57 43 128 
27 42 7 8 57 43 128 
27 42 7 8 57 43 128 
27 42 7 8 57 43 128 
27 42 7 8 57 43 128 
27 42 7 8 57 43 128 
27 42 7 8 57 43 128 
27 42 7 8 57 43 128 
27 42 7 8 57 43 128 
27 42 7 8 57 43 128 
27 42 7 8 57 43 128 
27 42 7 8 57 43 128 
27 42 7 8 57 43 128 
27 42 7 8 57 43 128 
27 42 7 8 57 43 128 
27 42 7 8 57 43 128 
27 42 7 8 57 43 128 
27 42 7 8 57 43 128 
27 42 7 8 57 43 128 
27 42 7 8 57 43 128 
27 42 7 8 57 43 128 
27 42 7 8 57 43 128 
27 42 7 8 57 43 128 
27 42 7 8 57 43 128 
27 42 7 8 57 43 128 
27 42 7 8 57 43 128 
27 42 7 8 57 43 128 
27 42 7 8 57 43 128 
27 42 7 8 57 43 128 
27 42 7 8 57 43 128 
27 42 7 8 57 43 128 
27 42 7 8 57 43 128 
27 42 7 8 57 43 128 
27 42 7 8 57 43 128 
27 42 7 8 57 43 128 
27 42 7 8 57 43 128 
27 42 7 8 57 43 128 
27 42 7 8 57 43 128 
27 42 7 8 57 43 128 
27 42 7 8 57 43 128 
27 42 7 8 57 43 128 
27 42 7 8 57 43 128 
27 42 7 8 57 43 128 
27 42 7 8 57 43 128 
27 42 7 8 57 43 128 
27 42 7 8 57 43 128 
27 42 7 8 57 43 128 
27 42 7 8 57 43 128 
27 42 7 8 57 43 128 
27 42 26 7 8 57 43 128 
27 42 7 8 57 43 128 
27 42 7 8 57 43 128 
27 42 7 8 57 43 128 
27 42 7 8 57 43 128 
27 42 7 8 57 43 128 
27 42 7 8 57 43 128 
27 42 7 8 57 43 128 
27 42 7 8 57 43 128 
27 42 7 8 57 43 128 
27 42 7 8 57 43 128 
27 42 7 8 57 43 128 
27 42 7 8 57 43 128 
27 42 7 8 57 43 128 
27 42 7 8 57 43 128 
27 42 7 8 57 43 128 
27 42 7 8 57 43 128 
27 42 7 8 57 43 128 
27 42 7 8 3 163 57 43 128 
27 42 7 8 57 43 128 
27 42 7 8 57 43 128 
27 42 7 8 59 15 57 43 128 
27 42 7 8 57 43 128 
27 42 7 8 57 43 128 
27 42 7 8 57 43 128 
27 42 7 8 57 43 128 
27 42 7 8 57 43 128 
27 42 7 8 57 43 128 
27 42 7 8 57 43 128 
27 42 7 8 57 43 128 
27 42 7 8 57 43 128 
27 42 7 8 57 43 128 
27 42 7 8 57 43 128 
27 42 7 8 57 43 128 
27 42 7 8 57 43 128 
27 42 7 8 57 43 128 
27 42 7 8 57 43 128 
27 42 7 8 57 43 128 
27 42 7 8 57 43 128 
27 42 7 8 57 43 128 
27 42 7 8 57 43 128 
27 42 7 8 57 43 128 
27 42 7 8 57 43 128 
27 42 7 8 57 43 128 
27 42 7 8 57 43 128 
27 42 7 8 57 43 128 
27 42 7 8 57 43 128 
27 42 7 8 57 43 128 
27 42 7 8 57 43 128 
16 27 42 7 8 19 57 43 128 
27 42 7 8 57 43 128 
27 42 7 8 57 43 128 
27 42 7 8 57 43 128 
27 42 7 8 57 43 128 
27 42 7 8 57 43 128 
27 42 7 8 57 43 128 
27 42 7 8 57 43 128 
27 42 7 8 57 43 128 
27 42 7 8 57 43 128 
27 42 7 8 57 43 128 
27 42 7 8 57 43 128 
27 42 7 8 57 43 128 
27 42 7 8 57 43 128 
27 42 7 8 57 43 128 
27 42 7 8 57 43 128 
27 42 7 8 57 43 128 
27 42 7 8 57 43 128 
27 42 7 8 57 43 128 
27 42 7 8 57 43 128 
27 42 7 8 57 43 128 
27 42 7 8 57 43 128 
27 42 7 8 57 43 128 
27 42 7 8 57 43 128 
27 42 7 8 57 43 128 
27 42 7 8 57 43 128 
27 42 7 8 57 43 128 
27 42 7 8 57 43 128 
27 42 7 8 57 43 128 
27 42 7 8 57 43 128 
27 42 7 8 57 43 128 
27 42 7 8 57 43 128 
41 27 42 7 8 57 43 128 
27 42 7 8 57 43 128 
27 42 7 8 57 43 128 
27 42 7 8 57 43 128 
27 42 7 8 57 43 128 
27 42 7 8 57 43 128 
27 42 7 8 57 43 128 
27 42 7 8 57 43 128 
27 42 7 8 57 43 128 
27 42 26 7 8 57 43 128 
27 42 7 8 57 43 128 
27 42 7 8 57 43 128 
27 42 7 8 57 43 128 
27 42 7 8 57 43 128 
27 42 7 8 57 43 128 
27 42 7 8 57 43 83 128 
27 42 7 8 57 43 128 
27 42 7 8 57 43 128 
27 42 7 8 57 43 128 
27 42 7 8 57 43 128 
27 42 7 8 57 43 128 
27 42 7 8 57 43 128 
27 42 7 8 57 43 128 
27 42 7 8 57 43 128 
27 42 7 8 57 43 128 
27 42 7 8 57 43 128 
27 42 7 8 57 43 128 
27 42 26 7 8 57 43 128 
27 42 7 8 57 43 128 
27 42 7 8 57 43 128 
27 42 7 8 57 43 128 
27 42 7 8 57 43 128 
27 42 7 8 57 43 128 
27 42 7 8 57 43 128 
27 42 7 8 57 43 128 
27 42 7 8 57 43 128 
27 42 26 7 8 57 43 128 
27 42 7 8 57 43 128 
27 42 7 8 57 43 128 
27 42 7 8 57 43 128 
27 42 7 8 57 43 128 
27 42 7 8 57 43 128 
27 42 7 8 57 43 128 
27 42 7 8 57 43 128 
27 42 7 8 57 43 128 
27 42 26 7 8 57 43 128 
27 42 7 8 57 43 128 
27 42 7 8 57 43 128 
27 42 7 8 57 43 128 
27 42 7 8 57 43 128 
27 42 7 8 57 43 128 
27 42 7 8 57 43 128 
27 42 7 8 57 43 128 
27 42 7 8 57 43 128 
27 42 7 8 57 43 128 
27 42 7 8 57 43 128 
27 42 7 8 57 43 128 
27 42 7 8 57 43 128 
27 42 7 8 57 43 128 
27 42 7 8 57 43 128 
27 42 7 8 57 43 128 
27 42 7 8 57 43 128 
27 42 7 8 57 43 128 
16 27 42 7 8 19 57 43 128 
27 42 7 8 57 43 128 
27 42 7 8 57 43 128 
27 42 7 8 57 43 128 
27 42 7 8 57 43 128 
27 42 7 8 57 43 128 
27 42 26 7 8 57 43 128 
13 27 42 7 8 14 15 57 43 128 
27 42 7 8 57 43 128 
27 42 7 8 57 43 128 
27 42 7 8 57 43 128 
27 42 7 8 57 43 128 
27 42 7 8 57 43 128 
27 42 7 8 57 43 128 
27 42 7 8 57 43 128 
27 42 7 8 57 43 128 
27 42 7 8 57 43 128 
27 42 7 8 57 43 128 
27 42 7 8 57 43 128 
27 42 7 8 57 43 128 
27 42 7 8 57 43 128 
27 42 7 8 57 43 128 
27 42 7 8 57 43 81 128 
27 42 7 8 57 43 128 
27 42 7 8 57 43 128 
27 42 7 8 57 43 128 
27 42 7 8 57 43 128 
27 42 7 8 57 43 128 
27 42 7 8 57 43 128 
27 42 7 8 57 43 128 
27 42 7 8 57 43 128 
27 42 7 8 57 43 128 
27 42 7 8 57 43 128 
27 42 7 8 57 43 128 
27 42 7 8 57 43 128 
27 42 7 8 57 43 128 
27 42 7 8 57 43 128 
27 42 7 8 57 43 128 
27 42 7 8 57 43 128 
27 42 7 8 57 43 128 
27 42 7 8 57 43 128 
27 42 7 8 57 43 128 
27 42 7 8 57 43 128 
27 42 7 8 57 43 128 
27 42 7 8 57 43 128 
27 42 7 8 57 43 128 
27 42 7 8 57 43 128 
27 42 7 8 57 43 128 
27 42 7 8 57 43 128 
27 42 7 8 57 43 128 
27 42 7 8 57 43 128 
27 42 7 8 57 43 128 
27 42 7 8 57 43 128 
27 42 7 8 57 43 128 
27 42 26 7 8 57 43 128 
27 42 7 8 57 43 128 
27 42 7 8 57 43 128 
27 42 7 8 57 43 128 
27 42 7 8 57 43 128 
27 42 7 8 57 43 128 
27 42 7 8 57 43 128 
27 42 7 8 57 43 128 
27 42 7 8 57 43 81 128 
27 42 7 8 57 43 128 
27 42 7 8 57 43 128 
27 42 7 8 57 43 128 
27 42 7 8 57 43 128 
27 42 7 8 57 43 128 
27 42 7 8 57 43 128 
27 42 7 8 57 43 128 
27 42 7 8 57 43 128 
27 42 7 8 57 43 128 
27 42 7 8 57 43 128 
27 42 7 8 57 43 128 
27 42 7 8 57 43 128 
27 42 7 8 57 43 128 
27 42 7 8 57 43 128 
27 42 7 8 57 43 128 
27 42 7 8 57 43 128 
27 42 7 8 57 43 128 
27 42 7 8 57 43 128 
27 42 7 8 57 43 128 
27 42 7 8 57 43 128 
27 42 7 8 57 43 128 
27 42 7 8 57 43 128 
27 42 7 8 57 43 128 
27 42 7 8 57 43 128 
27 42 7 8 57 43 128 
27 42 7 8 57 43 128 
27 42 7 8 57 43 128 
27 42 7 8 57 43 128 
27 42 7 8 57 43 128 
27 42 7 8 57 43 128 
27 42 7 8 57 43 128 
27 42 7 8 57 43 128 
27 42 7 8 57 43 128 
27 42 7 8 57 43 128 
27 42 7 8 57 43 128 
27 42 7 8 57 43 128 
27 42 7 8 57 43 128 
27 42 7 8 57 43 128 
27 42 7 8 57 43 128 
27 42 7 8 57 43 128 
27 42 7 8 57 43 128 
27 42 7 8 57 43 128 
27 42 7 8 57 43 128 
27 42 7 8 57 43 128 
27 42 7 8 57 43 128 
27 42 7 8 57 43 128 
27 42 7 8 57 43 128 
27 42 7 8 57 43 128 
41 27 42 7 8 57 43 128 
27 42 7 8 57 43 128 
27 42 7 8 57 43 128 
27 42 26 7 8 121 57 43 128 
27 42 7 8 57 43 128 
27 42 7 8 57 43 128 
27 42 7 8 57 43 128 
27 42 7 8 57 43 81 128 
27 42 7 8 57 43 128 
27 42 7 8 57 43 81 128 
27 42 7 8 57 43 128 
27 42 7 8 57 43 128 
27 42 7 8 57 43 128 
27 42 7 8 57 43 128 
27 42 7 8 57 43 128 
27 42 7 8 57 43 128 
27 42 7 8 57 43 128 
27 42 7 8 57 43 128 
27 42 7 8 57 43 128 
27 42 7 8 57 43 128 
27 42 7 8 57 43 128 
27 42 7 8 57 43 81 128 
27 42 7 8 57 43 128 
27 42 26 7 8 121 57 43 128 
27 42 7 8 57 43 128 
27 42 7 8 57 43 128 
27 42 7 8 57 43 128 
27 42 7 8 57 43 128 
27 42 7 8 57 43 128 
27 42 26 7 8 57 43 128 
27 42 7 8 57 43 128 
27 42 7 8 57 43 128 
27 42 7 8 57 43 128 
27 42 7 8 57 43 128 
27 42 7 8 57 43 128 
27 42 7 8 57 43 128 
27 42 7 8 57 43 128 
27 42 7 8 57 43 128 
27 42 7 8 57 43 128 
27 42 7 8 57 43 128 
27 42 7 8 57 43 128 
27 42 7 8 57 43 128 
27 42 7 8 57 43 128 
27 42 7 8 57 43 128 
27 42 7 8 57 43 128 
27 42 7 8 57 43 128 
27 42 7 8 57 43 128 
27 42 7 8 57 43 128 
27 42 7 8 57 43 128 
27 42 7 8 57 43 128 
27 42 7 8 57 43 128 
27 42 7 8 57 43 128 
27 42 7 8 57 43 128 
27 42 7 8 57 43 128 
27 42 7 8 57 43 128 
27 42 7 8 57 43 128 
27 42 7 8 57 43 128 
27 42 7 8 57 43 128 
27 42 7 8 57 43 128 
27 42 7 8 57 43 128 
27 42 7 8 57 43 128 
27 42 7 8 57 43 128 
27 42 7 8 57 43 128 
16 27 42 7 8 57 43 128 
27 42 7 8 57 43 128 
27 42 7 8 57 43 128 
27 42 7 8 57 43 128 
27 42 7 8 57 43 81 128 
27 42 7 8 57 43 128 
27 42 7 8 57 43 128 
27 42 7 8 57 43 128 
27 42 7 8 57 43 128 
27 42 7 8 57 43 128 
27 42 7 8 57 43 128 
27 42 26 7 8 57 43 128 
27 42 7 8 57 43 128 
27 42 7 8 15 57 43 128 
27 42 7 8 57 43 128 
27 42 7 8 57 43 128 
27 42 7 8 57 43 128 
27 42 7 8 57 43 128 
27 42 7 8 57 43 81 128 
27 42 7 8 57 43 128 
27 42 7 8 57 43 128 
27 42 7 8 57 43 128 
27 42 7 8 57 43 128 
27 42 26 7 8 57 43 128 
27 42 7 8 57 43 128 
27 42 7 8 57 43 128 
27 42 7 8 57 43 128 
27 42 7 8 57 43 128 
27 42 7 8 57 43 128 
27 42 7 8 57 43 128 
27 42 7 8 57 43 128 
27 42 7 8 57 43 128 
27 42 7 8 57 43 128 
27 42 7 8 57 43 128 
27 42 26 7 8 57 43 128 
27 42 7 8 57 43 128 
27 42 7 8 57 43 128 
27 42 7 8 57 43 128 
27 42 7 8 57 43 128 
16 27 42 17 7 8 57 43 128 
27 42 7 8 57 43 128 
27 42 7 8 57 43 128 
27 42 7 8 57 43 128 
27 42 7 8 57 43 128 
27 42 7 8 57 43 128 
27 42 7 8 57 43 81 128 
27 42 7 8 57 43 128 
27 42 7 8 57 43 128 
27 42 7 8 57 43 128 
27 42 7 8 57 43 128 
27 42 7 8 57 43 128 
27 42 7 8 57 43 128 
27 42 7 8 57 43 128 
27 42 7 8 57 43 128 
27 42 7 8 57 43 128 
27 42 7 8 57 43 128 
16 27 42 7 8 57 43 128 
27 42 7 8 57 43 128 
27 42 7 8 57 43 128 
16 27 42 7 8 19 57 43 128 
27 42 7 8 57 43 128 
27 42 7 8 57 43 128 
27 42 26 7 8 121 57 43 128 
27 42 7 8 57 43 128 
27 42 7 8 57 43 128 
27 42 7 8 57 43 128 
27 42 7 8 57 43 128 
27 42 7 8 57 43 128 
27 42 7 8 57 43 128 
27 42 7 8 57 43 128 
27 42 7 8 57 43 128 
27 42 7 8 57 43 128 
27 42 7 8 57 43 128 
27 42 7 8 57 43 128 
27 42 7 8 57 43 128 
27 42 7 8 57 43 128 
41 27 42 7 8 57 43 128 
27 42 7 8 57 43 128 
27 42 7 8 57 43 128 
27 42 7 8 57 43 128 
27 42 7 8 57 43 128 
27 42 7 8 57 43 128 
27 42 7 8 57 43 128 
27 42 7 8 57 43 128 
27 42 7 8 57 43 128 
27 42 7 8 57 43 128 
27 42 7 8 57 43 128 
27 42 7 8 57 43 128 
27 42 7 8 57 43 128 
27 42 7 8 57 43 128 
27 42 7 8 57 43 128 
27 42 7 8 57 43 128 
27 42 7 8 57 43 128 
27 42 7 8 57 43 128 
27 42 7 8 44 57 43 128 
27 42 7 8 57 43 128 
27 42 7 8 57 43 128 
27 42 7 8 57 43 128 
27 42 7 8 57 43 128 
27 42 7 8 57 43 128 
27 42 7 8 57 43 128 
27 42 7 8 57 43 128 
27 42 7 8 57 43 128 
27 42 7 8 57 43 128 
27 42 7 8 57 43 128 
27 42 7 8 57 43 128 
27 42 7 8 57 43 128 
27 42 7 8 57 43 128 
27 42 7 8 57 43 128 
27 42 7 8 57 43 128 
27 42 7 8 57 43 128 
27 42 7 8 57 43 128 
27 42 7 8 57 43 128 
27 42 7 8 57 43 128 
27 42 7 8 57 43 128 
27 42 7 8 57 43 128 
27 42 7 8 57 43 128 
27 42 7 8 57 43 128 
27 42 7 8 57 43 128 
27 42 7 8 57 43 128 
27 42 7 8 57 43 128 
27 42 7 8 57 43 128 
27 42 7 8 57 43 128 
27 42 7 8 57 43 128 
27 42 7 8 57 43 128 
27 42 7 8 57 43 128 
27 42 7 8 57 43 128 
27 42 7 8 57 43 128 
27 42 26 7 8 57 43 128 
27 42 7 8 57 43 128 
27 42 7 8 57 43 128 
27 42 7 8 57 43 128 
27 42 7 8 57 43 128 
27 42 7 8 57 43 128 
27 42 7 8 57 43 128 
27 42 7 8 57 43 128 
27 42 7 8 57 43 128 
27 42 7 8 57 43 128 
27 42 7 8 57 43 128 
27 42 7 8 57 43 128 
27 42 7 8 57 43 128 
27 42 7 8 57 43 128 
27 42 7 8 57 43 128 
27 42 7 8 57 43 128 
27 42 7 8 57 43 128 
27 42 7 8 57 43 128 
27 42 7 8 57 43 128 
27 42 7 8 57 43 128 
27 42 7 8 57 43 128 
27 42 7 8 57 43 128 
27 42 7 8 57 43 128 
27 42 7 8 57 43 128 
27 42 7 8 57 43 128 
27 42 7 8 57 43 83 128 
27 42 7 8 57 43 128 
27 42 7 8 57 43 128 
27 42 7 8 57 43 128 
27 42 7 8 57 43 128 
27 42 7 8 57 43 128 
27 42 7 8 57 43 128 
27 42 7 8 57 43 128 
27 42 7 8 57 43 128 
27 42 7 8 57 43 128 
27 42 7 8 57 43 128 
27 42 7 8 57 43 128 
27 42 7 8 57 43 128 
27 42 7 8 57 43 128 
27 42 7 8 57 43 128 
27 42 7 8 57 43 128 
27 42 7 8 57 43 128 
27 42 7 8 57 43 128 
27 42 7 8 57 43 128 
27 42 7 8 57 43 128 
27 42 7 8 57 43 128 
27 42 7 8 57 43 128 
27 42 26 7 8 57 43 128 
27 42 7 8 57 43 128 
27 42 7 8 57 43 128 
27 42 26 7 8 121 57 43 128 
27 42 7 8 57 43 128 
27 42 7 8 57 43 128 
27 42 7 8 57 43 128 
27 42 7 8 57 43 128 
27 42 7 8 57 43 128 
27 42 7 8 57 43 128 
27 42 7 8 57 43 128 
27 42 7 8 57 43 128 
27 42 7 8 57 43 128 
27 42 7 8 20 57 43 128 
27 42 7 8 57 43 128 
27 42 7 8 57 43 128 
27 42 7 8 57 43 128 
27 42 7 8 57 43 128 
27 42 7 8 59 15 57 43 128 
27 42 7 8 57 43 128 
27 42 7 8 57 43 128 
27 42 26 7 8 121 57 43 128 
27 42 7 8 57 43 81 128 
27 42 7 8 57 43 128 
27 42 7 8 57 43 128 
27 42 7 8 57 43 128 
27 42 7 8 57 43 128 
27 42 7 8 57 43 128 
27 42 7 8 57 43 128 
16 27 42 17 7 8 62 57 43 128 
27 42 7 8 57 43 128 
27 42 7 8 57 43 128 
27 42 26 7 8 57 43 128 
27 42 7 8 57 43 128 
27 42 7 8 57 43 128 
27 42 7 8 57 43 128 
16 27 42 17 7 8 57 43 128 
27 42 7 8 57 43 128 
27 42 7 8 57 43 128 
27 42 7 8 57 43 128 
27 42 7 8 57 43 128 
27 42 7 8 57 43 128 
27 42 7 8 57 43 128 
27 42 7 8 57 43 128 
27 42 7 8 57 43 128 
27 42 7 8 57 43 128 
27 42 7 8 57 43 128 
27 42 7 8 57 43 128 
27 42 7 8 57 43 128 
27 42 7 8 57 43 128 
27 42 7 8 57 43 128 
27 42 7 8 57 43 128 
27 42 7 8 57 43 128 
27 42 7 8 57 43 128 
27 42 7 8 57 43 128 
27 42 7 8 57 43 128 
27 42 7 8 57 43 128 
27 42 7 8 57 43 128 
27 42 7 8 57 43 128 
27 42 7 8 57 43 128 
27 42 7 8 57 43 128 
27 42 7 8 57 43 128 
27 42 7 8 57 43 128 
27 42 7 8 57 43 128 
27 42 7 8 57 43 128 
27 42 7 8 57 43 128 
27 42 7 8 57 43 128 
27 42 7 8 57 43 128 
27 42 7 8 57 43 128 
27 42 7 8 57 43 128 
27 42 7 8 57 43 128 
27 42 7 8 57 43 128 
27 42 7 8 57 43 128 
27 42 7 8 57 43 128 
27 42 7 8 57 43 128 
27 42 7 8 57 43 128 
27 42 7 8 57 43 128 
27 42 7 8 57 43 128 
27 42 7 8 57 43 128 
27 42 7 8 57 43 128 
27 42 7 8 57 43 128 
27 42 7 8 57 43 128 
27 42 7 8 57 43 128 
27 42 7 8 57 43 128 
27 42 7 8 57 43 128 
27 42 7 8 57 43 128 
27 42 7 8 57 43 128 
27 42 7 8 57 43 128 
27 42 7 8 57 43 128 
27 42 7 8 57 43 128 
27 42 7 8 57 43 128 
27 42 7 8 57 43 128 
27 42 7 8 57 43 128 
27 42 7 8 57 43 128 
27 42 7 8 57 43 128 
27 42 7 8 57 43 128 
27 42 7 8 57 43 128 
27 42 7 8 57 43 128 
27 42 7 8 57 43 128 
27 42 7 8 57 43 128 
27 42 7 8 57 43 128 
27 42 7 8 57 43 128 
27 42 7 8 57 43 128 
27 42 7 8 57 43 128 
27 42 7 8 57 43 128 
27 42 7 8 57 43 128 
27 42 7 8 57 43 128 
27 42 7 8 57 43 128 
27 42 7 8 57 43 128 
27 42 7 8 57 43 128 
27 42 7 8 57 43 128 
27 42 7 8 57 43 128 
27 42 7 8 57 43 128 
27 42 7 8 57 43 128 
27 42 7 8 57 43 128 
27 42 7 8 57 43 128 
27 42 7 8 57 43 128 
27 42 7 8 57 43 128 
27 42 7 8 57 43 83 128 
27 42 7 8 57 43 128 
27 42 7 8 57 43 128 
27 42 7 8 57 43 128 
27 42 7 8 57 43 128 
27 42 7 8 57 43 128 
27 42 7 8 57 43 128 
27 42 7 8 57 43 128 
27 42 7 8 57 43 128 
27 42 7 8 57 43 128 
27 42 7 8 57 43 128 
27 42 7 8 57 43 128 
27 42 7 8 57 43 128 