16 17 128 
16 17 128 
16 17 128 
16 17 128 
16 17 128 
16 17 128 
16 17 128 
16 17 69 128 
16 17 131 128 
16 17 128 
16 17 128 
16 32 17 33 128 
16 17 69 128 
16 17 128 
16 17 15 128 
16 17 128 
16 17 128 
16 17 128 
16 17 128 
16 32 17 33 128 
16 17 128 
16 17 128 
16 17 128 
16 17 18 7 9 10 128 
16 17 128 
16 17 128 
16 17 128 
16 17 7 94 10 128 
16 17 128 
16 67 17 37 19 146 128 
16 17 128 
16 17 128 
16 17 128 
16 17 128 
16 17 128 
16 17 128 
16 17 128 
16 104 17 125 128 
16 17 99 23 24 128 
16 17 128 
16 17 128 
16 17 128 
16 17 128 
16 17 128 
16 17 128 
16 17 128 
16 32 17 33 128 
16 17 128 
16 17 128 
16 17 128 
16 17 128 
16 17 128 
16 17 52 53 128 
16 17 19 128 
16 32 17 33 128 
16 17 128 
16 17 18 7 9 10 128 
16 100 17 101 128 
16 17 128 
16 104 17 128 
16 17 128 
16 32 17 33 128 
16 17 128 
16 17 69 72 128 
16 17 128 
16 17 128 
16 17 128 
16 17 128 
16 17 128 
16 32 17 33 128 
16 17 128 
16 17 128 
16 17 128 
16 17 128 
16 17 128 
16 17 157 15 128 
16 32 17 33 128 
16 17 128 
16 17 128 
16 17 128 
16 17 19 128 
16 17 128 
16 17 128 
16 17 128 
16 17 99 23 24 128 
16 17 128 
16 17 128 
16 17 128 
16 17 128 
16 17 128 
16 17 128 
16 17 128 
16 17 128 
16 17 128 
16 17 128 
16 17 128 
16 17 128 
16 17 128 
16 17 128 
16 17 128 
16 17 128 
16 17 128 
16 17 128 
16 17 128 
16 17 128 
16 17 99 23 24 128 
16 17 62 128 
16 17 7 9 10 128 
16 17 128 
16 17 99 23 24 128 
16 17 128 
16 17 128 
16 17 128 
16 17 128 
16 100 17 101 128 
16 100 17 101 128 
16 17 128 
16 17 128 
16 17 128 
16 17 128 
16 17 128 
16 17 128 
16 17 128 
16 17 128 
16 17 128 
16 17 128 
16 17 128 
16 17 128 
16 17 128 
16 32 17 33 128 
16 17 128 
16 17 128 
16 17 128 
16 17 69 128 
16 17 128 
16 17 128 
16 17 128 
16 17 128 
16 17 128 
16 17 128 
16 17 128 
16 17 18 7 9 10 128 
16 17 128 
16 17 128 
16 17 128 
16 17 128 
16 32 17 33 128 
16 17 15 128 
16 26 27 17 7 88 128 
16 67 17 37 19 146 128 
16 17 128 
16 17 15 128 
16 17 7 128 
16 17 128 
16 17 128 
16 17 128 
16 17 128 
16 17 15 128 
16 17 128 
16 17 128 
16 17 128 
16 17 128 
16 17 128 
16 17 62 128 
16 17 128 
16 17 128 
16 17 128 
16 17 128 
16 17 128 
16 17 128 
16 17 128 
16 17 128 
16 17 128 
16 17 128 
16 17 155 128 
16 17 128 
16 17 128 
16 17 128 
16 27 17 7 128 
16 17 128 
16 17 128 
16 17 128 
16 17 128 
16 17 128 
16 17 128 
16 17 122 101 128 
16 17 128 
16 17 128 
16 17 128 
16 17 128 
16 17 128 
16 17 128 
16 17 128 
16 17 128 
16 17 128 
16 17 128 
16 17 128 
16 17 128 
16 17 128 
16 17 128 
16 17 128 
16 17 128 
16 17 128 
16 17 128 
16 17 128 
16 17 128 
16 17 128 
16 32 17 33 128 
16 17 128 
16 17 128 
16 17 23 24 128 
16 17 7 9 10 128 
16 17 128 
16 17 128 
16 17 128 
16 17 99 23 24 128 
16 17 128 
16 17 128 
16 27 17 7 128 
16 17 128 
16 17 128 
16 17 128 
16 17 128 
16 17 128 
16 17 128 
16 17 128 
16 17 128 
16 17 128 
16 17 23 24 128 
16 17 128 
16 17 128 
16 17 69 128 
16 17 128 
16 17 128 
16 17 128 
16 17 128 
16 17 128 
16 17 128 
16 17 128 
16 17 128 
16 17 128 
16 17 128 
16 17 128 
16 17 128 
16 17 128 
16 17 128 
16 17 128 
16 17 128 
16 100 17 101 128 
16 17 128 
16 17 128 
16 17 128 
16 17 128 
16 17 128 
16 17 128 
16 17 128 
16 17 128 
16 17 62 128 
16 17 128 
16 17 128 
16 17 128 
16 17 128 
16 17 128 
16 17 128 
16 17 128 
16 17 128 
16 17 128 
16 17 128 
16 17 128 
16 17 59 15 128 
16 17 122 101 128 
16 17 69 128 
16 17 128 
16 17 128 
16 17 128 
16 17 128 
16 17 128 
16 17 128 
16 17 128 
16 17 128 
16 17 128 
16 17 128 
16 17 128 
16 17 128 
16 17 128 
16 17 69 128 
16 17 128 
16 17 128 
16 17 128 
16 17 128 
16 17 128 
16 17 128 
16 17 128 
16 17 128 
16 17 128 
16 17 128 
16 17 128 
16 17 128 
16 17 128 
16 17 128 
16 17 62 128 
16 17 128 
16 17 128 
16 26 27 17 7 128 
16 17 128 
16 17 128 
16 17 128 
16 17 128 
16 17 128 
16 17 128 
16 17 128 
16 17 128 
16 17 128 
16 17 128 
16 17 128 
16 17 128 
16 17 128 
16 17 128 
16 17 128 
16 17 128 
16 17 293 240 128 
16 17 69 128 
16 17 128 
16 17 128 
16 17 128 
16 17 128 
16 17 128 
16 17 128 
16 17 128 
16 17 7 9 10 128 
16 17 128 
16 17 128 
16 17 128 
16 17 128 
16 17 128 
16 17 128 
16 17 128 
16 17 18 7 9 10 128 
16 17 128 
16 17 128 
16 17 128 
16 17 128 
16 17 19 128 
16 17 128 
16 17 128 
16 17 128 
16 17 128 
16 17 128 
16 17 128 
16 17 69 128 
16 17 128 
16 17 128 
16 17 128 
16 17 128 
16 17 128 
16 17 128 
16 17 128 
16 17 69 128 
16 17 128 
16 17 128 
16 17 128 
16 100 17 101 128 
16 17 128 
16 17 128 
16 17 96 128 
16 17 70 128 
16 17 128 
16 17 128 
16 17 128 
16 17 128 