27 42 7 8 183 43 128 
27 42 7 8 183 43 128 
27 42 7 8 183 43 128 
27 42 7 8 183 43 128 
27 42 7 8 183 43 128 
27 42 7 8 183 43 128 
27 42 7 8 183 43 128 
27 42 7 8 183 43 81 128 
27 42 7 8 183 43 128 
27 42 7 8 183 43 128 
27 42 7 8 183 43 128 
27 42 7 8 183 43 128 
27 42 7 8 183 43 128 
27 42 7 8 183 43 128 
27 42 7 8 183 43 128 
27 42 7 8 183 43 128 
27 26 42 7 8 183 43 128 
27 42 7 8 183 43 128 
27 42 7 8 183 43 128 
27 42 7 8 183 43 128 
27 42 7 8 183 43 128 
27 42 7 8 183 43 128 
27 42 7 8 183 43 128 
27 42 7 8 183 43 128 
27 42 7 8 183 43 128 
27 42 7 8 183 43 128 
27 42 7 8 183 43 128 
27 42 7 8 183 43 128 
27 42 7 8 183 43 128 
27 42 7 8 183 43 128 
27 42 7 8 183 43 128 
27 42 7 8 183 43 128 
27 42 7 8 183 43 128 
27 42 7 8 183 43 128 
27 42 7 8 183 43 128 
27 42 7 8 183 43 128 
27 42 7 8 183 43 128 
27 42 7 8 183 43 128 
27 42 7 8 183 43 128 
27 42 7 8 183 43 128 
27 42 7 8 183 43 128 
27 42 7 8 183 43 128 
27 42 7 8 183 43 128 
27 42 7 8 183 43 128 
27 42 7 8 183 43 128 
27 42 7 8 183 43 128 
27 42 7 8 183 43 128 
27 42 7 8 183 43 128 
27 42 7 8 183 43 128 
27 42 7 8 183 43 128 
27 42 7 8 183 43 128 
27 42 7 8 183 43 128 
27 42 7 8 183 43 128 
27 42 7 8 183 43 128 
27 42 7 8 183 43 128 
27 42 7 8 183 43 128 
27 42 7 8 183 43 128 
27 42 7 8 183 43 128 
27 42 7 8 183 43 128 
27 42 7 8 183 43 128 
27 42 7 8 183 43 128 
27 42 7 8 183 43 128 
27 42 7 8 183 43 128 
27 42 7 8 183 43 128 
27 42 7 8 183 43 128 
27 42 7 8 183 43 128 
27 42 7 8 183 43 128 
27 42 7 8 46 183 43 51 128 
27 42 7 8 183 43 128 
27 42 7 8 183 43 128 
27 42 7 8 183 43 128 
27 42 7 8 183 43 128 
27 42 7 8 183 43 128 
27 42 7 8 183 43 128 
27 42 7 8 183 43 128 
27 42 7 8 183 43 128 
27 42 7 8 183 43 128 
27 42 7 8 183 43 128 
27 42 7 8 183 43 128 
27 42 7 8 183 43 128 
27 42 7 8 183 43 128 
27 42 7 8 183 59 15 43 128 
27 42 7 8 183 43 128 
27 42 7 8 183 43 128 
27 42 7 8 183 43 128 
27 42 7 8 183 43 128 
27 42 7 8 183 43 128 
27 42 7 8 183 43 128 
27 42 7 8 183 43 128 
27 42 7 8 183 43 128 
27 42 7 8 183 43 128 
27 42 7 8 183 43 128 
27 42 7 8 183 43 128 
27 42 7 8 183 43 128 
27 42 7 8 183 43 128 
27 42 7 8 183 43 128 
27 42 7 8 183 43 128 
27 42 7 8 183 43 128 
27 42 7 8 183 43 128 
27 42 7 8 183 43 128 
27 42 7 8 183 43 128 
27 42 7 8 183 43 128 
27 42 7 8 183 43 128 
27 42 7 8 183 43 128 
27 42 7 8 183 43 128 
27 42 7 8 183 43 128 
27 42 7 8 183 43 128 
27 42 7 8 183 43 128 
27 42 7 8 183 43 128 
16 27 42 7 8 183 43 128 
27 42 7 8 183 43 128 
27 42 7 8 183 9 10 43 128 
27 42 7 8 183 43 128 
27 42 7 8 183 43 128 
27 42 7 8 183 43 128 
27 42 7 8 183 43 128 
27 42 7 8 183 43 128 
27 42 7 8 183 43 128 
27 42 7 8 183 43 128 
27 42 7 8 183 43 128 
27 42 7 8 183 43 128 
27 42 7 8 183 43 128 
27 42 7 8 183 43 128 
27 42 7 8 183 43 128 
27 42 7 8 183 43 128 
27 42 7 8 183 43 128 
27 42 7 8 183 43 128 
27 42 7 8 183 43 128 
27 42 7 8 183 43 128 
27 42 7 8 183 43 128 
27 42 7 8 183 43 128 
27 42 7 8 183 43 128 
27 42 7 8 183 43 128 
27 42 7 8 183 43 128 
27 42 7 8 183 43 128 
27 42 7 8 183 43 128 
27 42 7 8 183 43 128 
27 42 7 8 183 43 128 
27 42 7 8 183 43 128 
27 42 7 8 183 43 128 
27 42 7 8 183 43 81 128 
27 42 7 8 183 43 128 
27 42 7 8 183 43 81 128 
27 42 7 8 183 43 128 
27 42 7 8 183 43 128 
27 42 7 8 183 43 128 
27 42 7 8 183 43 128 
27 42 7 8 183 43 128 
27 42 7 8 183 43 128 
27 42 7 8 183 43 128 
27 42 7 8 183 43 128 
27 42 7 8 183 43 128 
27 42 7 8 183 43 128 
27 42 7 8 183 43 128 
27 42 7 8 183 43 128 
27 42 7 8 183 43 128 
27 42 7 8 183 43 128 
27 42 7 8 183 43 128 
27 42 7 8 183 43 128 
27 42 7 8 183 43 128 
27 42 7 8 183 43 128 
27 42 7 8 183 43 81 128 
27 42 7 8 183 43 128 
27 42 7 8 183 43 128 
27 42 7 8 183 43 128 
27 42 7 8 183 43 128 
27 42 7 8 183 43 128 
27 42 7 8 183 43 128 
27 42 7 8 183 43 128 
27 42 7 8 183 43 128 
27 42 7 8 183 43 128 
27 42 7 8 183 43 128 
27 42 7 8 183 43 128 
27 42 7 8 183 43 128 
27 42 7 8 183 43 128 
27 42 7 8 183 43 128 
27 42 7 8 183 43 81 128 
27 42 7 8 183 43 128 
27 42 7 8 183 43 81 128 
27 42 7 8 183 43 128 
27 42 7 8 183 43 128 
27 42 7 8 183 43 128 
27 42 7 8 183 43 128 
27 42 7 8 183 43 128 
27 42 7 8 183 43 128 
27 42 7 8 45 112 46 183 43 48 128 
27 42 7 8 183 43 128 
27 42 7 8 183 43 128 
27 42 7 8 183 43 128 
27 42 7 8 183 43 128 
27 42 7 8 183 43 128 