27 26 7 8 254 128 
27 26 7 8 254 128 
27 26 7 8 254 128 
27 26 7 8 254 128 
27 26 7 8 254 128 
27 26 7 8 254 128 
27 26 7 88 8 254 128 
16 27 26 7 8 254 19 128 
27 26 7 8 254 128 
27 26 7 8 254 128 
27 26 7 8 254 128 
27 26 7 8 254 128 
27 26 7 88 8 254 128 
27 26 7 8 254 128 
27 26 7 8 165 254 128 
27 26 7 8 254 128 
27 26 7 8 254 128 
27 26 109 7 8 254 110 128 
27 26 7 8 254 128 
27 26 7 8 254 128 
27 26 7 8 254 128 
27 26 7 8 254 128 
27 26 7 8 254 128 
27 26 7 8 254 128 
27 26 7 8 254 128 
27 26 7 8 254 128 
27 26 7 8 254 128 
27 26 7 8 254 128 
27 26 7 8 254 128 
27 26 7 8 254 128 
27 26 7 8 254 128 
27 26 7 8 254 128 
27 26 7 8 254 128 
27 26 7 8 254 128 
27 26 7 8 254 128 
27 26 7 8 254 128 
27 26 7 8 254 128 
27 26 7 8 254 128 
27 26 7 8 254 128 
27 26 7 8 254 128 
27 26 7 8 254 128 
27 26 7 8 254 128 
27 26 7 8 254 128 
27 26 7 8 254 128 
27 26 7 8 254 128 
27 26 7 8 254 128 
27 26 7 8 168 254 169 128 
27 26 7 88 8 254 128 
27 26 7 8 254 128 
27 26 7 8 254 128 
27 26 7 8 254 128 
27 26 7 8 254 128 
27 26 7 8 254 128 
27 26 7 8 254 128 
27 26 7 8 254 128 
27 26 7 8 254 128 
27 26 7 8 254 128 
27 26 7 8 254 128 
27 26 7 8 254 128 
27 26 7 8 254 128 
27 26 7 8 254 128 
27 26 7 8 254 128 
27 26 7 8 254 128 
27 26 7 8 254 128 
27 26 7 8 254 128 
27 26 7 8 254 128 
27 26 7 8 254 128 
27 26 7 8 254 128 
27 26 7 8 254 128 
27 26 7 8 254 128 
27 26 7 8 3 254 65 128 
27 26 7 8 254 128 
27 26 7 8 254 128 
27 26 7 8 254 128 
27 26 7 8 254 128 
27 26 7 8 254 128 
27 26 7 8 254 128 
27 26 7 8 254 128 
27 26 7 8 254 128 
27 26 7 8 254 128 
27 26 7 8 254 128 
27 26 7 8 46 254 51 128 
27 26 7 8 254 128 
27 26 7 8 254 128 
27 26 7 8 254 128 
27 26 7 8 254 128 
27 26 7 8 254 128 
27 26 7 8 254 128 
27 26 7 8 254 128 
27 26 7 8 254 128 
27 26 7 8 254 128 
27 26 7 8 254 128 
27 26 7 8 254 128 
27 26 7 8 254 128 
27 26 7 8 254 128 
27 26 7 8 254 128 
27 26 7 8 254 128 
27 26 7 8 254 128 
27 26 7 8 254 128 
27 26 7 8 254 128 
27 26 7 8 254 128 
27 26 7 8 254 128 
27 26 7 8 254 9 10 128 
27 26 7 8 254 128 
27 26 7 8 254 128 
27 26 7 8 254 128 
27 26 7 8 254 24 128 
27 26 7 8 254 128 
27 26 7 8 254 128 
27 26 7 8 254 128 
27 26 7 8 254 128 
27 26 7 8 254 128 
27 26 7 8 254 128 
27 26 7 8 254 128 
27 26 7 8 254 128 
27 26 7 8 254 128 
27 26 7 8 254 128 
27 26 7 8 254 128 
27 26 7 8 254 128 
27 26 7 8 254 128 
27 26 7 8 254 128 
27 26 7 8 254 128 
27 26 7 8 254 128 
27 26 7 8 254 128 
27 26 7 8 254 128 
27 26 7 8 254 128 
27 26 7 8 254 128 
27 26 7 8 3 254 65 128 
27 26 7 8 254 128 
27 26 7 8 254 128 
27 26 7 8 254 128 
27 26 7 8 254 128 
27 26 7 8 254 128 
27 26 7 8 254 128 
27 26 7 8 254 128 
27 26 7 8 254 128 
27 26 7 8 254 128 
27 26 7 8 254 128 
27 26 7 8 254 128 
27 26 7 8 254 128 
27 26 7 8 254 128 
27 26 7 8 254 169 180 128 
27 26 7 8 254 128 
27 26 7 8 254 128 
27 26 7 8 254 128 
27 26 7 8 254 128 
27 26 7 8 254 128 
27 26 7 8 254 94 10 128 
27 26 7 8 254 128 
27 26 7 8 254 128 
27 26 7 8 254 128 
27 26 7 8 254 128 
27 26 7 8 254 128 
27 26 7 8 254 128 
27 26 7 8 254 128 
27 26 7 8 254 128 
27 26 7 8 254 128 
27 26 7 8 254 128 
27 26 7 8 254 128 
27 26 7 8 254 128 
27 26 7 8 254 128 
27 26 7 8 254 128 
27 26 7 8 254 128 
27 26 7 8 254 128 
27 26 7 8 254 128 
27 26 7 8 254 128 
27 26 7 8 254 128 
27 26 7 8 254 128 
27 26 7 8 254 128 
27 26 7 8 254 128 
27 26 7 8 254 128 
27 26 7 8 254 128 
27 26 7 8 254 128 
16 27 26 7 8 254 19 128 
27 26 7 8 254 128 
27 26 7 8 254 128 
27 26 7 8 254 128 
27 26 7 8 254 128 
16 27 26 17 7 8 254 128 
27 26 7 8 254 128 
27 26 7 8 254 128 
27 26 7 8 168 254 169 128 
27 26 7 8 168 254 169 128 
27 26 7 8 254 128 
27 26 7 8 254 128 
27 26 7 8 254 128 
27 26 7 8 254 128 
27 26 7 8 254 128 
27 26 7 8 254 128 
16 27 26 17 7 8 254 62 128 
27 26 7 8 254 128 
27 26 7 8 254 128 
27 26 7 8 254 128 
27 26 7 8 254 128 
27 26 7 8 254 128 
27 26 7 8 254 128 
27 26 7 8 254 128 
27 26 7 8 254 128 
27 26 7 8 254 128 
27 26 7 8 254 128 
27 26 7 8 254 128 
27 26 7 8 254 128 
27 26 7 8 254 128 
27 26 7 8 254 128 
27 26 7 8 254 128 
27 26 7 8 254 128 
27 26 7 8 254 128 
27 26 7 8 254 128 
27 26 7 8 254 128 
27 26 7 8 254 128 
16 27 26 7 8 254 128 
27 26 7 8 254 128 
27 26 7 8 254 128 
27 26 7 8 254 128 
27 26 7 8 254 128 
27 26 7 8 254 128 
27 26 7 8 254 128 
27 26 7 8 254 128 
27 26 7 8 254 128 
27 26 7 8 254 128 
27 26 7 8 254 128 
27 26 7 8 254 128 
27 26 7 8 254 128 
27 26 7 8 254 128 
27 26 7 8 254 128 
27 26 7 8 254 128 
27 26 7 8 254 128 
27 26 7 8 254 128 
27 26 7 8 254 128 
27 26 7 8 254 128 
27 26 7 8 254 128 
27 26 7 8 254 128 
27 26 7 8 254 128 
27 26 7 8 254 128 
27 26 7 8 254 128 
27 26 7 8 254 128 
27 26 7 8 254 128 
27 26 7 8 168 254 169 128 
27 26 7 8 254 128 
27 26 7 8 254 128 
27 26 7 8 254 128 
27 26 7 8 254 128 
27 26 7 8 254 128 
27 26 7 8 254 128 
27 26 7 8 254 128 
27 26 7 8 254 128 
27 26 7 8 254 128 
27 26 7 8 254 128 
27 26 7 8 254 128 
27 26 7 8 254 128 
27 26 7 8 254 128 
27 26 7 8 254 128 
27 26 7 8 254 128 
27 26 7 8 254 128 
27 26 7 8 254 128 
27 26 7 8 254 128 
27 26 7 8 254 128 
27 26 7 8 254 128 
27 26 7 8 254 128 
27 26 7 8 254 128 
27 26 7 8 254 128 
27 26 7 8 254 128 
27 26 7 8 254 128 
27 26 7 8 254 128 
27 26 7 8 254 128 
27 26 7 8 254 128 
27 26 7 8 254 128 
27 26 7 8 254 128 
27 26 7 8 254 128 
27 26 7 8 168 254 169 128 
27 26 7 8 254 128 
27 26 7 8 254 128 
27 26 7 8 254 128 
27 26 7 8 254 128 
27 26 7 8 254 128 
27 26 7 8 254 128 
27 26 7 31 141 8 254 128 
27 26 7 8 254 128 
27 26 7 8 254 128 
27 26 7 8 254 128 
27 26 7 8 254 128 
27 26 7 8 254 128 
27 26 7 8 168 254 169 128 
27 26 7 8 254 128 
27 26 7 8 254 128 
27 26 7 8 254 128 
27 26 7 8 254 128 
27 26 7 8 254 128 
27 26 7 8 254 128 
27 26 7 8 254 128 
16 27 26 17 7 8 254 62 128 
27 26 7 8 254 128 
27 26 7 8 254 128 
27 26 7 8 254 128 
27 26 7 8 254 128 
27 26 7 8 254 128 
27 26 7 8 254 128 
27 26 7 8 254 128 
27 26 7 8 254 128 
27 26 7 8 254 128 
27 26 7 8 254 128 
27 26 7 8 254 128 
27 26 7 8 254 128 
27 26 7 8 254 128 
27 26 7 8 254 128 
27 26 7 8 254 128 
27 26 7 8 254 128 
27 26 7 8 254 128 
27 26 7 8 254 128 
27 26 7 8 254 128 
27 26 7 8 254 128 
27 26 7 8 254 128 
27 26 7 8 254 128 
27 26 7 8 254 128 
27 26 7 8 254 128 
27 26 7 8 254 128 
27 26 7 8 254 128 
27 26 7 8 254 128 
27 26 7 8 254 128 
27 26 7 8 254 128 
27 26 7 8 254 128 
27 26 7 8 254 128 
27 26 7 8 254 128 
27 26 7 8 254 128 
27 26 7 8 254 128 
27 26 7 8 254 128 
27 26 7 8 254 128 
27 26 7 8 254 128 
27 26 7 8 254 128 
27 26 7 8 254 128 
27 26 7 8 254 128 
27 26 7 8 254 128 
27 26 7 8 254 128 
27 26 7 8 254 128 
27 26 7 8 254 128 
27 26 7 8 254 128 
27 26 7 8 254 128 
27 26 7 8 254 128 
27 26 7 8 254 128 
27 26 7 8 254 128 
27 26 7 8 254 128 
27 26 7 8 254 128 
27 26 7 8 254 128 
27 26 7 8 254 128 
27 26 7 8 254 128 
27 26 7 8 254 128 
27 26 7 8 254 128 
27 26 7 8 254 128 
27 26 7 8 254 128 
27 26 7 8 254 128 
27 26 7 8 254 128 
27 26 7 8 254 128 
27 26 7 8 254 128 
27 26 7 8 254 128 
27 26 7 8 254 128 
27 26 7 8 254 128 
27 26 7 8 168 254 169 128 
27 26 7 8 254 128 
27 26 7 8 254 128 
27 26 7 8 254 128 
27 26 7 8 254 128 
27 26 7 8 254 128 
27 26 7 8 254 128 
27 26 7 8 254 128 
27 26 7 8 254 128 
27 26 7 255 8 254 169 128 
27 26 7 8 254 128 
27 26 7 8 254 128 
27 26 7 8 254 128 
27 26 7 8 254 128 
27 26 7 8 254 128 
27 26 7 8 254 128 
27 26 7 8 254 128 
27 26 7 8 254 128 
27 26 7 8 254 128 
27 26 7 8 254 128 
27 26 7 8 254 128 
27 26 7 8 254 128 
27 26 7 8 254 128 
27 26 7 8 254 128 
27 26 7 8 254 128 
27 26 7 8 254 128 
27 26 7 8 254 128 
27 26 7 8 254 128 
27 26 7 8 254 128 
27 26 7 8 254 128 
27 26 7 8 254 128 
27 26 7 8 254 128 
27 26 7 8 168 254 169 128 
27 26 7 8 254 128 
27 26 7 8 254 128 
27 26 7 8 254 128 
27 26 7 8 254 128 
27 26 7 8 254 128 
27 26 7 8 254 128 
27 26 7 8 254 128 
27 26 7 8 254 128 
27 26 7 8 254 128 
27 26 7 8 254 128 
27 26 7 8 254 128 
27 26 7 8 254 128 
27 26 7 8 254 128 
27 26 7 8 254 128 
27 26 7 8 254 128 
27 26 7 8 254 128 
27 26 7 8 254 128 
27 26 7 8 254 128 
27 26 7 8 254 128 
27 26 7 8 254 128 
27 26 7 8 254 128 
27 26 7 8 254 128 
27 26 7 8 254 128 
27 26 7 8 254 128 
27 26 7 8 254 128 
27 26 7 8 254 128 
27 26 7 8 254 128 
27 26 7 8 254 128 
27 26 7 8 254 128 
27 26 7 8 254 128 
27 26 7 8 254 128 
27 26 7 8 254 128 
27 26 7 8 254 128 
27 26 7 8 254 128 
27 26 7 8 254 128 
27 26 7 8 254 128 
27 26 7 8 254 128 
27 26 7 8 254 128 
27 26 7 8 254 128 
27 26 7 8 254 128 
27 26 7 8 254 128 
27 26 7 8 254 128 
27 26 7 8 254 128 
27 26 7 8 254 128 
92 27 26 7 8 254 128 
27 26 7 8 254 128 
27 26 109 7 8 254 110 128 
27 26 7 8 254 128 
27 26 7 8 254 128 
27 26 7 8 254 128 
27 26 7 8 254 128 
27 26 7 8 254 128 
27 26 7 8 254 128 
27 26 7 8 254 128 
27 26 7 8 254 128 
27 26 7 8 254 128 
27 26 7 8 254 128 
27 26 7 8 254 128 
27 26 7 8 254 128 
27 26 7 8 254 128 
27 26 7 8 254 128 
27 26 7 8 254 128 
27 26 7 8 254 128 
27 26 7 8 254 128 
27 26 7 8 254 128 
27 26 7 8 254 128 
27 26 7 8 254 128 
27 26 7 8 254 128 
13 27 26 7 8 254 164 15 128 
27 26 7 8 254 128 
27 26 7 8 254 128 
27 26 7 8 254 128 
27 26 7 8 254 128 
27 26 7 8 254 128 
27 26 7 8 254 128 
27 26 7 8 254 128 
27 26 7 8 254 128 
27 26 7 8 254 128 
27 26 7 8 168 254 169 128 
27 26 7 8 254 128 
27 26 7 8 254 128 
27 26 7 8 254 128 
16 27 26 7 8 254 128 
27 26 7 8 254 128 
27 26 7 8 254 128 
27 26 7 8 254 128 
27 26 7 8 168 254 169 128 
27 26 7 8 168 254 169 128 
27 26 7 8 254 128 
27 26 7 8 254 128 
27 26 7 8 254 128 
27 26 7 8 254 128 
27 26 7 8 254 128 
27 26 7 8 254 128 
27 26 7 8 254 128 
27 26 7 8 254 128 
27 26 7 8 254 128 
27 26 7 8 254 128 
27 26 7 8 254 128 
27 26 7 8 254 128 
27 26 7 8 254 128 
27 26 7 8 254 128 
27 26 7 8 254 128 
27 26 7 8 254 128 
27 26 7 8 254 128 
27 26 7 8 254 128 
27 26 7 8 254 128 
27 26 7 8 254 128 
27 26 7 8 254 128 
27 26 7 8 254 128 
27 26 7 8 254 128 
27 26 7 8 168 254 169 128 
27 26 7 8 254 128 
27 26 7 8 254 128 
27 26 7 8 254 128 
27 26 7 8 254 128 
27 26 7 8 254 128 
27 26 7 8 254 128 
27 26 7 8 254 128 
27 26 7 8 254 128 
27 26 7 8 254 128 
27 26 7 8 254 128 
27 26 7 8 254 128 
27 26 7 8 254 128 
27 26 7 8 254 128 
27 26 7 8 254 128 
27 26 7 8 254 128 
27 26 12 7 8 254 9 10 128 
27 26 109 7 8 254 110 128 
27 26 7 8 254 128 
27 26 7 8 254 128 
27 26 7 8 254 128 
27 26 7 8 254 128 
27 26 7 8 254 128 
27 26 7 8 254 128 
27 26 7 8 254 128 
27 26 7 8 254 128 
27 26 7 8 254 128 
27 26 109 7 8 254 110 128 
27 26 7 8 254 128 
27 26 7 8 254 128 
27 26 7 8 254 128 
27 26 7 8 254 128 
27 26 7 8 254 128 
27 26 7 8 254 128 
27 26 7 8 254 128 
27 26 7 8 254 128 
27 26 7 8 254 128 
27 26 7 8 254 128 
27 26 7 8 254 128 
27 26 7 8 254 128 
27 26 7 8 254 128 
27 26 7 8 254 128 
27 26 7 8 254 128 
27 26 7 8 254 128 
27 26 7 8 254 128 
27 26 7 8 254 128 
27 26 7 8 254 128 
27 26 7 8 254 128 
27 26 7 8 254 128 
27 26 7 8 254 128 
27 26 7 8 254 128 
27 26 7 8 254 128 
27 26 7 8 254 128 
27 26 7 8 254 128 
27 26 7 8 254 128 
27 26 7 8 254 128 
27 26 7 8 254 128 
27 26 7 8 254 128 
27 26 7 8 254 128 
27 26 7 8 254 128 
27 26 7 8 254 128 
27 26 7 8 254 9 10 128 
27 26 7 8 254 128 
27 26 7 8 254 128 
27 26 7 8 254 128 
27 26 7 8 254 128 
27 26 7 8 254 128 
27 26 7 8 254 128 
27 26 7 8 254 128 
92 27 26 7 8 254 128 
27 26 7 8 254 128 
27 26 7 8 168 254 169 128 
27 26 7 8 254 128 
27 26 7 8 254 128 
27 26 7 8 254 128 
27 26 7 8 254 128 
27 26 7 8 254 128 
27 26 7 8 168 254 169 128 
27 26 7 8 254 128 
27 26 7 8 254 128 
27 26 7 8 254 128 
27 26 7 8 254 128 
27 26 7 8 254 128 
27 26 7 8 254 128 
16 27 26 7 8 254 128 
27 26 7 8 254 128 
27 26 7 8 254 128 
27 26 7 8 254 128 
27 26 7 8 254 128 
27 26 7 8 254 128 
27 26 7 8 254 128 
16 27 26 7 8 254 128 
27 26 7 8 254 128 
27 26 7 8 254 128 
27 26 7 8 254 128 
27 26 7 8 254 128 
27 26 7 8 254 128 
27 26 7 8 254 128 
27 26 7 8 254 128 
27 26 7 8 254 128 
27 26 7 8 254 128 
27 26 7 8 254 128 
27 26 7 8 254 128 
27 26 7 8 168 254 169 128 
27 26 7 8 254 128 
27 26 7 8 168 254 169 128 
27 26 7 8 254 128 
27 26 7 8 254 128 
27 26 7 8 254 128 
27 26 7 8 254 128 
27 26 7 8 254 128 
27 26 7 8 254 128 
27 26 7 8 168 254 169 128 
27 26 7 8 254 128 
27 26 7 8 254 128 
27 26 7 8 254 128 
27 26 7 8 254 128 
27 26 7 8 254 128 
27 26 7 8 254 128 
27 26 7 8 168 254 169 128 
27 26 7 8 254 128 
27 26 7 8 254 128 
27 26 7 8 254 128 
27 26 7 8 254 128 
27 26 7 8 254 128 
27 26 7 8 254 128 
27 26 7 8 254 128 
27 26 7 8 168 254 169 128 
27 26 7 8 254 128 
27 26 7 8 254 128 
27 26 7 8 254 128 
27 26 7 8 254 128 
27 26 7 8 254 128 
27 26 7 8 168 254 169 128 
27 26 7 8 254 128 
27 26 7 8 254 128 
27 26 7 8 254 128 
27 26 7 8 254 128 
27 26 7 8 254 128 
27 26 7 8 254 128 
27 26 7 8 254 128 
27 26 7 8 254 128 
27 26 7 8 254 128 
27 26 7 8 254 128 
27 26 7 8 254 128 
27 26 7 8 254 128 
27 26 7 8 254 128 
27 26 7 8 254 128 
27 26 7 8 254 128 
16 27 26 7 8 254 19 128 
27 26 7 8 254 128 
27 26 7 8 254 128 
27 26 7 8 254 128 
27 26 7 8 254 128 
27 26 7 8 254 128 
27 26 7 8 254 128 
27 26 7 8 254 128 
27 26 7 8 254 128 
27 26 7 8 254 128 
27 26 7 8 254 128 
27 26 7 8 254 128 
27 26 7 8 254 128 
27 26 7 8 254 128 
27 26 7 8 254 128 
27 26 7 8 254 128 
27 26 7 8 254 128 
27 26 7 8 168 254 169 128 
27 26 7 8 254 128 
27 26 7 8 254 128 
27 26 7 8 254 128 
27 26 7 8 254 128 
27 26 7 8 254 128 
27 26 7 8 254 128 
27 26 7 8 254 128 
27 26 7 8 254 128 
27 26 7 8 254 128 
27 26 7 8 254 128 
27 26 7 8 254 128 
27 26 7 8 254 128 
27 26 7 8 254 128 
27 26 7 8 254 128 
27 26 7 8 254 128 
27 26 7 8 254 128 
27 26 7 8 254 128 
27 26 7 8 254 128 
27 26 7 8 254 128 
27 26 7 8 254 128 
27 26 7 8 254 128 
27 26 7 8 254 128 
27 26 7 8 254 128 
27 26 7 8 254 128 
27 26 7 8 254 128 
27 26 7 8 254 128 
27 26 7 8 34 254 15 128 
27 26 7 8 254 128 
27 26 7 8 254 128 
27 26 7 8 34 254 15 128 
27 26 7 8 254 128 
27 26 7 8 254 128 
27 26 7 8 254 128 
16 27 26 7 8 254 128 
27 26 7 8 254 128 
27 26 7 8 254 128 
27 26 7 8 254 128 
27 26 7 8 254 128 
27 26 7 8 254 128 
27 26 7 8 254 128 
27 26 7 8 254 128 
27 26 7 8 254 128 
27 26 7 8 254 128 
27 26 7 8 254 128 
27 26 7 8 254 128 
27 26 7 8 254 128 
27 26 7 8 254 128 
27 26 7 8 254 128 
27 26 7 8 254 128 
27 26 7 8 254 128 
27 26 7 8 254 128 
27 26 7 8 254 128 
27 26 7 8 254 128 
27 26 7 8 254 128 
27 26 7 8 254 128 
27 26 7 8 254 128 
27 26 7 8 254 128 
27 26 7 8 254 128 
27 26 7 8 254 128 
27 26 7 8 254 128 
27 26 7 8 254 128 
27 26 7 8 254 9 10 128 
27 26 7 8 254 128 
27 26 7 8 254 128 
27 26 7 8 254 128 
27 26 7 8 254 128 
27 26 7 8 254 128 
27 26 7 8 254 128 
27 26 7 255 8 254 169 128 
27 26 7 8 254 128 
27 26 7 8 254 128 
27 26 7 8 254 128 
27 26 7 8 254 128 
27 26 7 8 254 128 
27 26 7 8 254 128 
27 26 7 8 254 128 
27 26 7 8 254 128 
27 26 7 8 254 128 
27 26 7 8 168 254 169 128 
27 26 7 8 254 128 
27 26 7 8 254 128 
27 26 7 8 254 128 
27 26 7 8 254 128 
27 26 7 8 254 128 
27 26 7 8 254 128 
27 26 7 8 168 254 169 128 
27 26 7 8 254 128 
27 26 7 8 254 128 
27 26 7 8 254 128 
27 26 7 8 254 128 
27 26 7 8 254 128 
27 26 7 8 254 128 
27 26 7 8 254 128 
27 26 7 8 254 128 
13 27 26 7 8 254 14 15 128 
27 26 7 8 254 128 
27 26 7 8 254 128 
27 26 7 8 254 128 
27 26 7 8 254 128 
27 26 7 8 254 128 
27 26 7 8 254 128 
27 26 7 8 254 128 
27 26 7 8 254 128 
27 26 7 8 254 128 
27 26 7 8 254 128 
27 26 7 8 254 128 
27 26 7 8 254 128 
27 26 7 8 254 128 
27 26 7 8 254 128 
27 26 7 8 254 128 
27 26 7 8 254 128 
27 26 7 8 254 128 
27 26 7 8 254 128 
27 26 7 8 254 128 
27 26 7 8 254 128 
27 26 7 8 254 128 
16 27 26 17 7 8 254 62 128 
27 26 7 8 254 128 
27 26 7 8 254 128 
27 26 7 8 254 128 
27 26 7 8 254 128 
27 26 109 7 8 254 110 128 
27 26 7 8 254 128 
27 26 7 8 254 128 
27 26 7 8 254 128 
27 26 7 8 254 128 
27 26 7 8 254 128 
16 27 26 17 7 8 254 128 
27 26 7 8 254 128 
27 26 7 8 254 128 
27 26 7 8 254 128 
27 26 7 8 254 128 
27 26 7 8 254 128 
27 26 7 8 254 128 
27 26 7 8 168 254 169 128 
27 26 7 8 168 254 169 128 
27 26 7 8 254 128 
27 26 7 8 254 128 
27 26 7 8 254 128 
27 26 7 8 254 128 
27 26 7 8 254 128 
27 26 7 8 254 128 
27 26 7 8 254 128 
27 26 7 8 254 128 
27 26 7 8 254 128 
27 26 7 8 254 128 
27 26 7 8 254 128 
27 26 7 8 254 128 
27 26 7 8 254 128 
27 26 7 8 254 128 
27 26 7 8 254 128 
27 26 7 8 254 128 
27 26 7 8 254 128 
27 26 7 8 254 128 
27 26 7 8 254 128 
27 26 7 8 254 128 
27 26 7 8 254 128 
27 26 7 8 254 128 
27 26 7 8 254 128 
27 26 7 8 254 128 
27 26 7 8 254 128 
27 26 7 8 254 128 
27 26 7 8 254 128 
27 26 7 8 254 128 
27 26 7 8 254 128 
27 26 7 8 254 128 
27 26 7 8 254 128 
27 26 7 8 254 128 
27 26 7 8 254 128 
27 26 7 8 254 128 
27 26 7 8 254 128 
27 26 7 8 254 128 
27 26 7 8 254 128 
27 26 7 8 254 128 
27 26 7 8 254 128 
27 26 7 8 254 128 
27 26 7 8 254 128 
27 26 7 8 254 128 
27 26 7 8 254 128 
27 26 7 8 254 128 
27 26 7 8 254 128 
27 26 7 8 254 128 
27 26 7 8 254 128 
27 26 7 8 254 128 
27 26 7 8 254 128 
27 26 7 8 254 128 
27 26 7 8 254 128 
27 26 7 8 168 254 169 128 
27 26 7 8 168 254 169 128 
27 26 7 8 254 128 
27 26 7 8 254 128 
27 26 7 8 254 128 
27 26 7 8 254 128 
27 26 7 8 254 128 
27 26 7 8 254 128 
27 26 7 8 168 254 169 128 
27 26 7 8 254 128 
27 26 7 8 254 128 
27 26 7 8 254 128 
27 26 7 8 254 128 
27 26 7 8 254 128 
27 26 7 8 254 128 
27 26 7 8 254 128 
27 26 7 8 254 128 
27 26 7 8 254 128 
27 26 7 8 254 128 
27 26 7 8 254 128 
27 26 7 8 254 128 
27 26 7 8 254 128 
27 26 7 8 254 128 
27 26 7 8 254 128 
27 26 7 8 254 128 
16 27 26 7 8 254 128 
27 26 7 8 254 128 
27 26 7 8 254 128 
27 26 7 8 254 128 
27 26 7 8 168 254 169 128 
27 26 7 8 254 128 
27 26 7 8 168 254 169 128 
27 26 7 8 254 128 
27 26 7 8 254 128 
27 26 7 8 254 128 
27 26 7 8 254 128 
27 26 7 8 254 128 
27 26 7 8 254 128 
27 26 7 8 254 128 
27 26 7 8 254 128 
27 26 7 8 254 128 
16 27 26 17 7 8 254 62 128 
27 26 7 8 254 128 
27 26 7 8 254 128 
27 26 7 8 254 128 
27 26 7 8 254 128 
27 26 7 8 254 128 
27 26 7 8 254 128 
27 26 7 8 254 128 
27 26 7 8 168 254 169 128 
27 26 7 8 254 128 
27 26 7 8 254 128 
27 26 7 8 254 128 
27 26 7 8 254 128 
27 26 7 8 254 128 
27 26 7 8 254 128 
27 26 7 8 254 128 
27 26 7 8 254 128 
32 16 27 26 17 7 8 254 33 128 
27 26 7 8 254 128 
27 26 7 8 254 128 
27 26 7 8 254 128 
27 26 7 8 34 254 15 128 
27 26 7 8 254 128 
27 26 7 8 254 128 
27 26 7 8 254 128 
27 26 7 8 254 128 
27 26 7 8 254 128 
27 26 7 8 254 128 
27 26 7 8 254 128 
27 26 7 8 254 128 
27 26 7 8 254 128 
27 26 7 8 254 128 
27 26 7 8 254 128 
27 26 7 8 254 128 
27 26 7 8 254 128 
27 26 7 8 168 254 169 128 
27 26 7 8 254 128 
27 26 7 8 254 128 
27 26 7 8 254 128 
27 26 7 8 254 128 
27 26 7 8 168 254 169 128 
27 26 7 8 254 128 
27 26 7 8 254 128 
27 26 7 8 34 254 15 128 
27 26 7 8 254 128 
27 26 7 8 254 128 
27 26 7 8 254 128 
27 26 7 8 254 128 
27 26 7 8 254 128 
27 26 7 8 254 128 
27 26 7 8 254 128 
27 26 7 8 254 128 
27 26 7 8 254 128 
27 26 7 8 254 128 
27 26 7 8 254 128 
27 26 7 8 254 128 