27 443 7 8 43 128 
27 443 7 8 43 128 
27 443 7 8 43 128 
27 443 7 8 43 128 
27 443 7 8 43 128 
27 443 7 8 43 128 
27 443 7 8 43 128 
27 443 7 8 43 128 
16 27 443 17 7 8 70 43 128 
16 27 443 17 7 8 70 43 128 
27 443 7 8 43 128 
27 443 7 8 43 128 
27 443 7 8 43 128 
27 443 7 8 43 128 
16 27 443 17 7 8 70 43 128 
27 443 7 8 43 128 
27 443 7 8 43 128 
27 443 7 8 43 128 
27 443 7 8 43 128 
27 443 7 8 43 128 
27 443 7 8 43 128 
27 443 7 8 43 128 
27 443 7 8 43 128 
27 443 7 8 43 128 
27 443 7 8 43 128 
27 443 7 8 43 128 
27 443 7 8 43 128 
27 443 7 8 43 128 
27 443 7 8 43 128 
27 443 7 8 43 128 
27 443 7 8 43 128 
27 443 7 8 3 65 43 128 
27 443 7 8 43 128 
27 443 7 8 43 128 
27 443 7 8 43 128 
16 27 17 443 7 155 8 43 128 
27 443 7 8 3 65 43 128 
27 443 7 8 3 65 43 128 
27 443 7 8 43 128 
27 443 7 8 43 128 
27 443 7 8 43 128 
27 443 7 8 3 65 43 128 
27 443 7 8 3 65 43 128 
27 443 7 8 43 128 
27 443 7 8 43 128 
27 443 7 8 43 128 
27 443 7 8 3 65 43 128 
27 443 7 8 43 128 
27 26 443 7 8 43 128 
27 443 7 8 43 128 
32 16 27 17 443 7 8 33 43 128 