16 100 17 101 128 
16 100 17 101 128 
16 67 100 17 101 37 19 146 128 
16 100 17 101 128 
16 100 17 101 128 
16 100 17 101 128 
16 100 17 101 62 128 
16 100 17 101 128 
16 100 17 101 128 
16 100 17 101 128 
16 100 17 101 128 
16 100 17 101 128 
16 100 17 101 128 
16 100 17 101 122 128 
16 100 17 101 128 
16 100 17 101 128 
16 100 17 101 128 
16 100 17 101 128 
16 100 17 101 128 
16 100 17 101 128 
16 100 17 101 128 
16 100 17 101 128 
16 100 17 101 128 
16 100 17 101 128 
16 100 17 101 128 
16 100 17 101 128 
16 100 17 101 128 
16 100 17 101 128 
16 100 17 101 128 
16 100 17 101 128 
16 100 17 101 122 128 
16 100 17 101 128 
16 100 17 101 128 
16 100 17 101 128 
16 100 17 101 128 
16 100 17 101 128 
16 100 17 101 128 
16 100 17 101 128 
16 100 17 7 101 134 10 128 
16 100 17 101 128 
16 100 17 7 101 9 10 128 
16 100 17 101 128 
16 100 17 101 128 
16 100 17 101 128 
16 100 17 101 128 
16 100 17 101 128 
16 100 17 101 128 
16 100 17 101 122 128 
16 100 17 101 128 
16 100 17 101 128 
16 100 17 101 122 128 
16 100 17 101 128 
16 100 17 101 122 128 
16 100 17 101 128 
16 100 17 101 128 
16 100 17 101 122 128 
16 100 17 101 128 
16 100 17 101 128 
16 100 17 101 128 
16 100 26 27 17 7 101 128 
16 100 17 101 128 
16 100 17 101 122 128 
16 100 17 101 128 
16 100 17 101 62 128 
16 100 17 101 128 
16 100 17 101 128 
16 100 17 101 128 
16 100 17 101 128 
16 100 17 101 128 
16 100 17 101 128 
16 67 100 17 101 37 19 146 128 
16 100 17 101 128 
16 100 17 101 128 
16 100 17 101 128 
16 100 17 101 122 128 
16 100 17 101 128 
16 100 17 101 122 128 
16 100 17 101 128 
16 100 17 101 128 
16 100 17 101 128 
16 100 17 101 128 
16 100 17 101 128 
16 100 17 101 128 
16 100 17 101 128 
16 100 17 101 128 
16 100 17 101 128 
16 100 17 101 128 
16 100 17 101 128 
16 100 17 101 122 128 
16 100 17 101 15 128 
16 100 17 101 122 128 
16 100 17 101 128 
16 100 17 101 122 128 
16 100 17 101 128 
16 100 17 101 128 
16 100 17 101 128 
16 100 17 101 122 128 
16 100 17 101 128 
16 100 17 101 128 
16 100 17 101 128 
16 100 17 101 128 
16 100 17 101 128 
16 100 17 101 128 
16 100 17 101 122 128 
16 100 17 101 128 
16 100 17 101 128 
16 100 17 101 128 
16 100 17 101 128 
16 100 17 101 128 
16 100 17 101 128 
16 100 17 101 128 
16 100 17 101 128 
16 100 17 101 128 
16 100 17 101 128 
16 100 17 101 128 
16 100 17 101 128 
16 100 17 101 128 
16 100 17 101 128 
16 100 17 101 122 128 
16 100 17 101 128 
16 100 17 101 128 
16 100 17 101 128 
16 100 17 7 101 9 10 128 
16 100 17 101 122 128 
16 100 17 101 128 
16 100 17 101 128 
16 100 17 101 128 
16 100 17 101 62 128 
16 100 17 162 101 15 82 128 
16 100 17 101 128 
16 100 17 101 122 128 
16 100 17 101 128 
16 100 17 101 128 
16 100 17 101 128 
16 100 17 101 128 
16 100 17 101 128 
16 100 17 101 128 
16 100 17 101 128 
16 100 17 101 128 
16 67 100 17 101 37 19 146 128 
16 100 17 101 122 128 
16 100 17 101 128 
16 100 17 101 128 
16 100 17 101 128 
16 100 17 101 122 128 
16 100 17 101 128 
16 100 17 101 128 
16 100 17 101 128 
16 100 17 101 122 128 
16 100 17 101 122 128 
16 100 17 101 128 
16 100 17 101 128 
16 100 17 101 128 
16 100 17 101 122 128 
16 100 17 7 101 9 10 128 
16 100 17 101 122 128 
16 100 17 101 122 128 
16 100 17 101 122 128 
16 100 17 101 128 
16 100 17 101 128 
16 100 17 101 128 
16 100 17 101 128 
16 100 17 101 122 128 
16 100 17 101 128 
16 100 17 101 128 
16 100 17 101 128 
16 100 17 101 128 
16 100 17 101 128 
16 100 17 101 122 128 
16 100 17 101 128 
16 100 17 101 128 
16 100 17 101 128 
16 100 17 101 122 128 
16 100 17 101 122 128 
16 100 17 101 128 
16 100 17 101 128 
16 100 17 101 128 
16 100 17 101 128 
16 100 17 101 122 128 
16 100 17 101 122 128 
16 100 17 101 128 
16 100 17 101 128 
16 100 17 101 128 
16 100 17 101 128 
16 100 17 101 128 
16 100 17 101 122 128 
16 100 17 101 128 
16 100 17 101 128 
16 100 17 101 128 
16 100 17 101 128 
16 100 17 101 128 
16 100 26 27 17 7 101 128 
16 100 17 101 128 
16 100 17 101 122 128 
16 100 17 101 128 
16 100 17 7 101 9 10 128 
16 100 17 7 101 9 10 128 
16 100 17 101 128 
16 100 17 101 128 
16 100 17 101 128 
16 100 17 101 128 
16 100 17 101 128 
16 100 17 101 122 128 
16 100 17 101 122 128 
16 100 17 101 122 128 
16 100 17 101 128 
16 100 17 101 122 128 
16 100 17 101 128 
16 100 17 101 128 
16 100 17 101 122 128 
16 100 17 7 101 46 51 128 
16 100 17 7 101 9 10 128 
16 100 17 101 128 
16 100 17 101 128 
16 100 17 101 122 128 
16 100 17 101 128 
16 100 17 101 128 
16 100 17 101 128 
16 100 17 101 128 
16 100 17 101 128 
16 100 17 101 122 128 
16 100 26 27 17 7 101 128 
16 100 17 101 122 128 
16 100 17 101 128 
16 100 17 101 128 
16 100 17 101 122 128 
16 100 17 101 128 
16 100 17 101 128 
16 100 17 101 128 
16 100 17 101 128 
16 100 17 101 128 
16 100 17 101 128 
16 100 17 101 128 
16 100 17 101 128 
16 100 17 101 128 
16 100 17 101 128 
16 100 17 101 128 
16 100 17 101 62 128 
16 100 17 7 101 10 128 
16 100 17 101 128 
16 100 17 101 128 
16 100 17 101 122 128 
16 100 17 101 128 
16 100 17 101 128 
16 100 17 101 128 
16 100 17 101 128 
16 100 17 101 128 
16 100 17 7 101 9 10 128 
16 100 17 101 128 
16 100 17 101 128 
16 100 17 101 122 128 
16 100 17 101 128 
16 100 17 101 128 
16 100 17 101 128 
16 100 17 101 128 
16 100 17 101 128 
16 100 17 101 128 
16 100 17 101 128 
16 100 17 101 128 
16 100 17 101 128 
16 100 17 101 128 
16 100 17 101 128 
16 100 17 101 128 
16 100 17 101 128 
16 100 17 101 122 128 
16 100 17 101 128 
16 100 17 101 128 
16 100 17 101 128 
16 100 17 101 128 
16 100 17 101 122 128 
16 100 17 7 101 9 10 128 
16 100 17 101 128 
16 100 17 101 128 
16 100 17 101 19 128 
16 100 17 101 128 
16 100 17 101 128 
16 100 17 101 128 
16 100 17 101 128 
16 100 17 101 128 
16 100 17 101 122 128 
16 100 17 101 128 
16 100 17 101 128 
16 100 17 7 101 9 10 128 
16 100 17 101 128 
16 100 17 101 122 128 
16 67 100 17 101 37 19 146 128 
16 100 17 101 128 
16 100 17 101 128 
16 100 17 101 128 
16 100 17 101 128 
16 100 17 101 128 
16 100 17 101 128 
16 100 17 101 128 
16 100 17 101 128 
16 100 17 101 128 
16 100 17 101 128 
16 100 17 101 122 128 
16 100 17 101 128 
16 100 17 101 128 
16 100 17 101 128 
16 100 17 101 128 
16 100 17 101 128 
16 100 17 101 128 
16 100 17 101 128 
16 100 17 101 19 128 
16 100 17 101 128 
16 100 17 101 128 
16 100 17 101 128 
16 100 17 101 128 
16 100 17 101 128 
16 100 17 101 128 
16 100 17 101 128 
16 100 17 101 128 
16 100 17 101 128 
16 100 17 101 128 
16 100 17 101 78 128 
16 100 17 101 128 
16 100 17 101 128 
16 100 17 101 128 
16 100 17 101 128 
16 100 17 7 101 10 128 
16 100 17 101 128 
16 100 17 101 128 
16 100 17 101 128 
16 100 17 101 128 
16 100 17 101 128 
16 100 17 101 128 
16 100 17 101 122 128 
16 100 17 101 128 
16 100 17 101 128 
16 100 17 101 128 
16 100 17 101 128 
16 100 17 101 128 
16 100 17 101 122 128 
16 100 17 101 128 
16 100 17 101 128 
16 100 17 101 128 
16 100 17 101 122 128 
16 100 17 101 128 
16 100 17 101 128 
16 100 17 101 128 
16 100 17 101 128 
16 100 17 101 128 
16 100 17 101 128 
16 100 17 101 128 
16 100 17 101 128 
16 100 17 101 122 128 
16 100 17 101 128 
16 100 17 101 122 128 
16 100 17 101 128 
16 100 17 101 128 
16 100 17 101 128 
16 100 17 101 128 
16 100 17 101 128 
16 100 17 101 128 
16 100 17 101 122 128 
16 100 17 101 128 
16 100 17 101 128 
16 100 17 101 128 
16 100 17 101 128 
16 100 17 101 128 
16 100 17 101 128 
16 100 17 101 128 
16 100 17 101 128 
16 100 17 101 128 
16 100 17 101 128 
16 100 17 101 128 
16 100 17 101 128 
16 100 17 101 128 
16 100 17 101 128 
16 100 17 101 122 128 
16 100 17 101 128 
16 100 17 101 128 
16 100 17 101 128 
16 100 17 101 128 
16 100 17 101 122 128 
16 100 17 101 128 
16 100 17 101 128 
16 100 17 101 128 
16 100 17 101 128 
16 100 17 101 128 
16 100 17 101 128 
16 100 17 101 122 128 
16 100 17 101 128 
16 100 17 101 128 
16 100 17 101 122 128 
16 100 17 101 128 
16 100 17 101 128 
16 100 17 101 128 
16 100 17 101 128 
16 100 17 101 128 
16 100 17 7 101 10 128 
16 100 17 101 128 
16 100 17 101 128 
16 100 17 101 128 
16 100 17 101 128 
16 100 17 101 128 
16 100 17 101 128 
16 100 17 101 128 
16 100 17 101 128 
16 100 17 101 128 
16 100 17 101 128 
16 100 17 101 128 
16 100 17 101 128 
16 100 17 101 128 
16 100 17 101 128 
16 100 17 101 128 
16 100 17 101 128 
16 100 17 101 96 128 
16 100 17 101 128 
16 100 17 101 128 
16 100 17 101 128 
16 100 17 101 128 
16 100 17 101 128 
16 100 17 101 128 
16 100 17 101 128 
16 100 17 101 128 
16 100 17 101 128 
16 100 17 101 128 
16 100 17 101 128 
16 100 17 101 128 
16 100 17 101 128 
16 100 17 101 128 
16 100 17 101 128 
16 100 17 101 128 
16 100 17 101 128 
16 100 17 101 128 
16 100 17 101 128 
16 100 17 101 122 128 
16 100 17 101 128 
16 100 17 101 128 
16 100 17 101 128 
16 100 17 101 128 
16 100 17 101 128 
16 100 17 101 128 
16 100 17 101 128 
16 100 17 101 128 
16 100 17 101 128 
16 100 17 101 122 128 
16 100 17 101 128 
16 100 17 101 128 
16 100 26 27 17 7 101 128 
16 100 17 101 128 
16 100 17 101 128 
16 100 17 101 128 
16 100 17 101 122 128 
16 100 17 101 128 
16 100 17 101 128 
16 100 17 101 128 
16 100 17 101 128 
16 100 17 101 128 
16 100 17 101 128 
16 100 17 101 128 
16 100 17 101 128 
16 100 17 101 128 
16 100 17 101 128 
16 100 17 101 128 
16 100 17 101 19 128 
16 100 17 101 128 
16 100 17 101 128 
16 100 17 101 128 
16 100 17 101 128 
16 100 17 101 128 
16 100 17 101 128 
16 100 17 101 19 128 
16 100 17 101 128 
16 100 17 101 128 
16 100 17 101 128 
16 100 17 101 128 
16 100 17 101 128 
16 100 17 162 101 15 82 128 
16 100 17 101 128 
16 100 17 101 128 
16 100 17 101 128 
16 100 17 101 128 
16 100 17 101 128 
16 100 17 101 128 
16 100 17 101 128 
16 100 17 101 128 
16 100 17 101 128 
16 100 17 101 128 
16 100 17 101 128 
16 100 17 101 128 
16 100 17 101 128 
16 100 17 101 128 
16 100 17 101 128 
16 100 17 101 128 
16 100 17 101 128 
16 100 17 101 128 
16 100 17 101 128 
16 100 17 101 128 
16 100 17 101 128 
16 100 17 101 128 
16 100 17 101 128 
16 100 17 101 128 
16 100 17 101 128 
16 100 17 101 128 
16 100 17 101 128 
16 100 17 101 128 
16 100 17 101 128 
16 100 17 101 128 
16 100 17 101 128 
16 100 17 101 128 
16 100 17 101 128 
16 100 17 101 128 
16 100 17 101 128 
16 100 17 101 128 
16 100 17 101 128 
16 100 17 101 128 
16 100 17 101 128 
16 100 26 27 17 7 101 128 
16 100 17 101 128 
16 100 17 101 128 
16 100 17 101 143 144 172 128 
16 100 17 101 122 128 
16 100 26 27 17 7 101 128 
16 100 17 101 128 
16 100 17 101 62 128 
16 100 17 101 128 
16 100 17 101 128 
16 100 17 101 128 
16 100 17 101 128 
16 100 17 101 128 
16 100 17 101 128 
16 100 17 101 128 
16 100 17 101 128 
16 100 17 101 128 
16 100 17 101 128 
16 100 17 101 128 
16 100 17 101 19 128 
16 100 17 101 128 
16 100 17 101 128 
16 100 17 101 128 
16 100 17 101 96 128 
16 100 17 101 128 
16 100 17 101 128 
16 100 17 101 128 