7 8 94 10 128 
7 8 94 10 128 
7 8 94 10 128 
7 8 94 10 128 
7 8 94 10 128 
7 8 94 10 128 
7 8 94 10 128 
7 8 94 10 128 
7 8 94 10 128 
7 8 94 10 128 
7 8 94 10 128 
7 8 94 10 128 
7 8 94 10 128 
7 8 94 10 128 
7 8 94 10 128 
7 8 94 10 128 
7 8 94 10 128 
7 8 94 10 128 
7 8 94 10 128 
7 8 94 10 128 
7 8 94 10 128 
7 8 94 10 128 
7 8 94 10 128 
7 8 94 10 128 
7 8 94 10 128 
7 8 94 10 128 
7 8 94 10 128 
7 8 94 10 128 
7 8 94 10 128 
7 8 94 10 128 
7 8 94 10 128 
7 8 94 10 128 
7 8 94 10 128 
7 8 94 10 128 
7 8 94 10 128 
7 8 94 10 128 
7 8 94 10 128 
7 8 94 10 128 
7 8 94 10 128 
7 8 94 10 128 
7 8 94 10 128 
7 8 94 10 128 
7 8 94 10 128 
7 8 94 10 128 
7 8 94 10 128 
7 8 94 10 128 
7 8 94 10 128 
7 8 94 10 128 
7 8 94 10 128 
7 8 94 10 128 
7 8 94 10 128 
7 8 94 10 128 
7 8 94 10 128 
7 8 94 10 128 
7 8 94 10 128 
7 8 94 10 128 
7 8 94 10 128 
7 8 94 10 128 
7 8 94 10 128 
7 8 94 10 128 
7 8 94 10 128 
7 8 94 10 128 
7 8 94 10 128 
7 8 94 10 128 
7 8 94 10 128 
7 8 94 10 128 
7 8 94 10 128 
7 8 94 10 128 
7 8 94 10 128 
7 8 94 10 128 
7 8 94 10 128 
7 8 94 10 128 
7 8 94 10 128 
7 8 94 10 128 
7 8 94 10 128 
7 8 94 10 128 
7 8 94 10 128 
7 8 94 10 128 
7 8 94 10 128 
7 8 94 10 128 
7 8 94 10 128 
7 8 94 10 128 
7 8 94 10 128 
7 8 94 10 128 
7 8 94 10 128 
7 8 94 10 128 
7 8 94 10 128 
7 8 94 10 128 
7 8 94 10 128 
7 8 94 10 128 
7 8 94 10 128 
7 8 94 10 128 
7 8 94 10 128 
7 8 94 10 128 
7 8 94 10 128 
7 8 94 10 128 
7 8 94 10 128 
7 8 94 10 128 
7 8 94 10 128 
7 8 94 10 128 
32 16 17 7 8 33 94 10 128 
7 8 94 10 128 
7 8 94 10 128 
7 8 94 10 128 
7 8 94 10 128 
7 8 94 10 128 
7 8 94 10 128 
7 8 94 10 128 
7 8 94 10 128 
32 16 17 7 8 33 94 10 128 
18 7 8 94 9 10 128 
7 8 94 10 128 
7 8 94 10 128 
7 8 94 10 128 
7 8 94 10 128 
32 16 17 7 8 33 94 10 128 
7 8 94 10 128 
7 8 94 10 128 
7 8 94 10 128 
7 8 94 10 128 
7 8 94 9 10 128 
16 17 7 8 94 70 10 128 
7 8 94 10 128 
32 16 17 7 8 33 94 10 128 
7 8 94 10 128 
7 8 94 10 128 
32 16 17 7 8 33 94 10 128 
7 8 94 10 128 
7 8 94 10 128 
7 8 94 10 128 
7 8 94 10 128 
7 8 94 10 128 
7 8 94 10 128 
7 8 94 10 128 
7 8 94 10 128 
7 8 94 10 128 
7 8 94 10 128 
7 8 94 10 128 
7 8 94 10 128 
7 8 94 10 128 
16 17 7 8 94 10 128 
32 16 17 7 8 33 94 10 128 
32 16 17 7 8 33 94 10 128 
7 8 94 10 128 
16 17 7 8 94 62 10 128 
7 8 94 10 128 
7 8 94 10 128 
7 8 94 10 128 
7 8 94 10 128 
7 8 94 10 128 
7 8 94 10 128 
32 16 17 7 8 33 94 10 128 
32 16 17 7 8 33 94 10 128 
32 16 17 7 8 33 94 10 128 
27 7 8 94 71 10 43 128 
7 8 94 10 128 
7 8 94 10 128 
7 8 94 10 128 
7 8 94 10 128 
7 8 94 10 128 
7 8 94 10 128 
32 16 17 7 8 33 94 10 128 
7 8 94 10 128 
7 8 94 10 128 
7 8 94 10 128 
7 8 94 10 128 
32 16 17 7 8 33 94 10 128 
32 16 17 7 8 33 94 10 128 
32 16 17 7 8 33 94 10 128 
7 8 94 10 128 
7 8 94 10 128 
7 8 94 10 128 
7 8 94 10 128 
32 16 17 7 8 33 94 10 128 
7 8 94 10 128 
7 8 94 10 128 
32 16 17 7 8 33 94 10 128 
7 8 94 10 128 
32 16 17 7 8 33 94 10 128 
7 8 94 10 128 
32 16 17 7 8 33 94 10 128 
32 16 17 7 8 33 94 10 128 
7 8 94 10 128 
32 16 17 7 8 33 94 10 128 
32 16 17 7 8 33 94 10 128 
7 8 94 10 128 
7 8 94 10 128 
7 8 186 94 10 128 
32 16 17 7 8 33 94 10 128 
7 8 94 10 128 
7 8 94 10 128 
7 8 94 10 128 
7 8 94 10 128 
32 16 17 7 8 33 94 10 128 
7 8 94 10 128 
32 16 17 7 8 33 94 10 128 
32 16 17 7 8 33 94 10 128 
7 8 94 10 128 
32 16 17 7 8 33 94 10 128 
7 8 94 10 128 
7 8 94 10 128 
32 16 17 7 8 33 94 10 128 
7 8 94 10 128 
7 34 8 94 15 35 10 128 
32 16 17 7 8 33 94 10 128 
7 8 94 10 128 
32 16 17 7 8 33 94 10 128 
32 16 17 7 8 33 94 10 128 
7 8 94 10 128 
7 8 94 10 128 
7 8 94 10 128 
32 16 17 7 8 33 94 10 128 
32 16 17 7 8 33 94 10 128 
7 8 94 10 128 
7 8 94 10 128 
7 8 94 10 128 
32 16 17 7 8 33 94 10 128 
7 8 94 10 128 
7 8 94 10 128 
16 17 7 8 94 62 10 128 
7 8 94 10 128 
32 16 17 7 8 33 94 10 128 
32 16 17 7 8 33 94 10 128 
32 16 17 7 8 33 94 10 128 
7 8 94 10 128 
32 16 17 7 8 33 94 10 128 
7 8 94 10 128 
7 8 94 10 128 
32 16 17 7 8 33 94 10 128 
7 8 94 10 128 
7 8 186 94 10 128 
7 8 94 10 128 
32 16 17 7 8 33 94 10 128 
16 17 7 8 94 62 10 128 
32 16 17 7 8 33 94 10 128 
7 8 94 10 128 
32 16 17 7 8 33 94 10 128 
32 16 17 7 8 33 94 10 128 
7 8 94 10 128 
7 8 94 10 128 
32 16 17 7 8 33 94 10 128 
7 8 94 10 128 
7 8 94 10 128 
32 16 17 7 8 33 94 10 128 
7 8 94 10 128 
7 8 94 10 128 
7 8 94 10 128 
7 8 94 10 128 
7 8 94 10 128 
7 8 94 10 128 
7 8 94 10 128 
7 8 94 10 128 
16 7 8 94 10 128 
7 8 94 10 128 
32 16 17 7 8 33 94 10 128 
7 8 94 10 128 
7 8 94 10 128 
7 8 94 10 128 
7 8 94 10 128 
7 8 94 10 128 
7 8 94 10 128 
7 8 94 10 128 
7 8 94 10 128 
7 8 94 10 128 
7 8 94 10 128 
16 17 7 8 94 62 10 128 
7 8 94 10 128 
7 8 94 10 128 
7 8 94 10 128 
7 8 94 10 128 
7 8 94 10 128 
7 8 94 10 128 
7 8 94 10 128 
7 8 94 10 128 
16 17 7 8 94 62 10 128 
7 8 94 10 128 
7 8 94 10 128 
32 16 17 7 8 33 94 10 128 
32 16 17 7 8 33 94 10 128 
7 8 94 10 128 
32 16 17 7 8 33 94 10 128 
7 8 94 10 128 
32 16 17 7 8 33 94 10 128 
7 8 94 10 128 
7 8 94 9 10 128 
16 17 7 8 94 62 10 128 
7 8 94 10 128 
7 8 94 10 128 
7 8 94 10 128 
7 8 94 10 128 
32 16 17 7 8 33 94 10 128 
32 16 17 7 8 33 94 10 128 
32 16 17 7 8 33 94 10 128 
7 8 94 10 128 
32 16 17 7 8 33 94 10 128 
7 8 94 10 128 
7 8 94 10 128 
7 8 94 10 128 
7 8 94 10 128 
7 8 94 10 128 
7 8 94 10 128 
7 8 94 10 128 
7 8 94 10 128 
7 8 94 10 128 
7 8 94 10 128 
7 8 94 10 128 
7 8 94 10 128 
7 8 94 10 128 
7 8 94 10 128 
7 8 94 10 128 
7 8 94 10 128 
32 16 17 7 8 33 94 10 128 
32 16 17 7 8 33 94 10 128 
7 8 94 10 128 
7 8 94 10 128 
16 17 7 8 94 62 10 128 
7 8 94 10 128 
7 8 94 10 128 
7 8 94 10 128 
7 8 94 10 128 
7 8 94 10 128 
7 8 94 10 128 
7 8 94 10 128 
7 8 94 10 128 
7 8 94 10 128 
32 16 17 7 8 33 94 10 128 
7 8 94 10 128 
7 8 94 10 128 
7 8 94 10 128 
7 8 94 10 128 
7 8 94 10 128 
7 8 94 10 128 
32 16 17 7 8 33 94 10 128 
32 16 17 7 8 33 94 10 128 
7 8 94 10 128 
32 16 17 7 8 33 94 10 128 
7 8 94 10 128 
7 8 94 10 128 
7 8 94 10 128 
7 8 94 59 15 10 128 
18 7 8 94 9 10 128 
7 8 94 10 128 
7 8 94 10 128 
7 8 94 10 128 
7 8 94 10 128 
7 8 94 10 128 
7 8 94 10 128 
7 8 94 10 128 
7 34 8 94 15 35 10 128 
7 8 94 10 128 
7 8 94 10 128 
7 8 94 10 128 
16 17 7 8 94 62 10 128 
7 8 94 10 128 
7 8 94 10 128 
7 8 94 10 128 
7 8 94 10 128 
16 17 7 8 94 62 10 128 
7 8 94 10 128 
7 8 94 10 128 
7 8 94 10 128 
7 8 94 10 128 
7 8 94 10 128 
7 8 94 10 128 
7 8 94 10 128 
7 8 94 10 128 
7 8 94 10 128 
7 8 94 10 128 
7 8 94 10 128 
7 8 94 10 128 
32 16 17 7 8 33 94 10 128 
7 34 8 94 15 35 10 128 
16 17 7 8 94 62 10 128 
7 8 94 10 128 
7 8 94 10 128 
32 16 17 7 8 33 94 10 128 
7 8 94 10 128 
7 8 94 10 128 
7 8 94 10 128 
7 8 94 10 128 
7 8 94 10 128 
7 8 94 10 128 
7 8 94 10 128 
7 8 94 10 128 
7 8 94 10 128 
7 8 94 10 128 
32 16 17 7 8 33 94 10 128 
7 8 94 10 128 
7 8 94 10 128 