27 7 8 43 83 2 
27 7 8 43 83 2 
27 7 8 43 83 2 
27 7 8 43 83 2 
27 7 8 43 83 2 
27 7 8 43 83 2 
27 7 8 43 83 2 
27 7 8 43 83 2 
27 7 8 43 83 2 
27 7 8 43 83 2 
27 7 8 43 83 2 
27 7 8 43 83 2 
27 7 8 43 83 2 
27 7 8 43 83 2 
27 7 8 43 83 2 
27 7 8 43 83 2 
27 7 8 43 83 2 
27 7 8 43 83 2 
27 7 8 43 83 2 
27 7 8 43 83 2 
27 7 8 43 83 2 
27 7 8 43 83 2 
27 7 8 43 83 2 
27 7 8 43 83 2 
27 7 8 43 83 2 
27 7 8 43 83 2 
27 7 8 43 83 2 
27 7 8 43 83 2 
27 7 8 43 83 2 
16 27 17 7 8 43 113 83 2 
27 7 8 43 83 2 
27 7 8 43 83 2 
27 7 8 43 83 2 
27 7 8 43 83 2 
27 7 8 43 83 2 
27 7 8 43 83 2 
27 7 8 43 83 2 
27 7 8 43 83 2 
27 7 8 43 83 2 
27 7 8 43 83 2 
27 7 8 43 83 2 
27 7 8 43 83 2 
27 7 8 43 83 2 
27 7 8 43 83 2 
27 7 8 43 83 2 
27 7 8 43 83 2 
27 7 8 43 83 2 
27 7 8 43 83 2 
27 7 8 43 83 2 
27 7 8 43 83 2 
27 7 8 43 83 2 
27 7 8 43 83 2 
27 7 8 43 83 2 
27 7 8 43 83 2 
27 7 8 43 83 2 
27 7 8 43 83 2 
27 7 8 43 83 2 
27 7 8 43 83 2 
27 7 8 43 83 2 
27 7 8 43 83 2 
27 7 8 43 83 2 
27 7 8 43 83 2 
27 7 8 43 83 2 
27 7 8 43 83 2 
27 7 8 43 83 2 
27 7 8 43 83 2 
27 7 8 43 83 2 
27 7 8 43 83 2 
27 7 8 43 83 2 
27 7 8 43 83 2 
27 7 8 43 83 2 
27 7 8 43 83 2 
27 26 7 8 43 83 2 
27 7 8 43 83 2 
27 7 8 43 83 2 
27 7 8 3 163 43 83 2 
27 7 8 43 83 2 
27 7 8 43 83 2 
27 7 8 43 83 2 
27 7 8 43 83 2 
27 7 8 43 83 2 
27 7 8 43 83 2 
27 7 8 43 83 2 
27 7 8 43 83 2 
27 7 8 43 83 2 
27 7 8 43 83 2 
27 7 8 43 83 2 
27 7 8 43 83 2 
27 7 8 43 83 2 
27 7 8 43 83 2 
27 7 8 43 83 2 
27 7 8 43 83 2 
27 7 8 43 83 2 
27 42 7 8 49 43 83 2 
27 7 8 43 83 2 
27 7 8 43 83 2 
27 7 8 43 83 2 
27 7 8 43 83 2 
27 7 8 43 83 2 
27 7 8 43 83 2 
27 7 8 43 83 2 
27 7 8 43 83 2 
27 7 8 43 83 2 
27 26 7 8 43 83 2 
27 7 8 43 83 2 
27 7 8 43 83 2 
27 7 8 43 83 2 
27 7 8 43 83 2 
27 7 8 43 83 2 
27 7 8 43 83 2 
27 7 8 43 83 2 
27 7 8 43 83 2 
27 7 8 43 83 2 
27 7 8 43 83 2 
27 7 8 43 83 2 
27 7 8 43 83 2 
27 7 8 43 83 2 
27 7 8 43 83 2 
27 7 8 43 83 2 
27 7 8 43 83 2 
27 7 8 43 83 2 
27 7 8 43 83 2 
27 7 8 43 83 2 
27 7 8 43 83 2 
27 7 8 43 83 2 
27 7 8 43 83 2 
27 7 8 43 83 2 
27 7 8 43 83 2 
27 7 8 43 83 2 
27 7 8 43 83 2 
27 7 8 43 83 2 
27 7 8 43 83 2 
27 7 8 43 83 2 
27 7 8 43 83 2 
27 7 8 43 83 2 
27 7 8 43 83 2 
27 7 8 43 83 2 
27 7 8 43 83 2 
27 7 8 43 83 2 
27 7 8 43 83 2 
27 7 8 43 83 2 
27 7 8 43 83 2 
27 7 8 43 83 2 
27 7 8 43 83 2 
27 7 8 43 83 2 
27 7 8 43 83 2 
27 7 8 43 83 2 
27 7 8 43 83 2 
27 7 8 43 83 2 
27 7 8 43 83 2 
27 7 8 43 83 2 
27 7 8 43 83 2 
16 27 7 8 43 83 2 
27 7 8 43 83 2 
27 7 8 43 83 2 
27 7 8 43 83 2 
27 7 8 43 83 2 
27 26 7 8 43 83 2 
27 7 8 43 83 2 
27 7 8 43 83 2 
27 7 8 43 83 2 
27 7 8 43 83 2 
27 7 8 43 83 2 
27 7 8 43 83 2 
27 7 8 43 83 2 
27 7 8 43 83 2 
27 7 8 43 83 2 
27 7 8 43 83 2 
27 7 8 43 83 2 
27 7 8 43 83 2 
27 7 8 43 83 2 
27 7 8 43 83 2 
27 7 8 43 83 2 
27 7 8 43 83 2 
27 7 8 43 83 2 
27 7 8 43 83 2 
27 7 8 43 83 2 
27 7 8 43 83 2 
27 7 8 43 83 2 
27 7 8 43 83 2 
27 7 8 43 83 2 
27 7 8 43 83 2 
27 7 8 43 83 2 
27 7 8 43 83 2 
27 7 8 43 83 2 
27 7 8 43 83 2 
16 27 7 8 43 83 2 
27 7 8 43 83 2 
27 7 8 43 83 2 
27 7 8 43 83 2 
27 7 8 43 83 2 
27 7 8 43 83 2 
27 7 8 43 83 2 
27 7 8 43 83 2 
27 7 8 43 83 2 
27 7 8 43 83 2 
27 7 8 43 83 2 
27 7 8 43 83 2 
27 7 8 43 83 2 
27 7 8 43 83 2 
27 7 8 43 83 2 
27 7 8 43 83 2 
27 7 8 43 83 2 
27 7 8 43 83 2 
27 7 8 43 83 2 
27 7 8 43 83 2 
27 7 8 43 83 2 
27 7 8 43 83 2 
27 7 8 43 83 2 
27 7 8 43 83 2 
27 7 8 43 83 2 
27 7 8 43 83 2 
27 7 8 43 83 2 
27 7 8 43 83 2 
27 7 8 43 83 2 
27 7 8 43 83 2 
27 7 8 43 83 2 
27 7 8 43 83 2 
27 7 8 43 83 2 
27 7 8 43 83 2 
27 7 8 43 83 2 
27 7 8 43 83 2 
27 7 8 43 83 2 
27 7 8 43 83 2 
27 7 8 43 83 2 
27 7 8 43 83 2 
27 7 8 43 83 2 
27 7 8 43 83 2 
27 7 8 43 83 2 
27 7 8 43 83 2 
27 7 8 43 83 2 
27 7 8 43 83 2 
27 7 8 43 83 2 
27 7 8 43 83 2 
16 27 36 7 8 37 38 19 43 83 2 
27 7 8 43 83 2 
27 7 8 43 83 2 
27 7 8 43 83 2 
27 7 8 43 83 2 
27 7 8 43 83 2 
27 7 8 43 83 2 
27 7 8 43 83 2 
27 7 8 43 83 2 
27 42 7 8 49 43 83 2 
27 42 7 8 49 43 83 2 
27 7 8 43 83 2 
27 7 8 43 83 2 
27 7 8 43 83 2 
27 7 8 43 83 2 
27 7 8 43 83 2 
27 7 8 43 83 2 
27 7 8 43 83 2 
27 7 8 43 83 2 
27 7 8 43 83 2 
27 7 8 43 83 2 
27 7 8 43 83 2 