177 7 8 110 481 
177 7 8 110 481 
177 7 8 110 481 
148 149 177 7 8 110 481 
177 7 8 110 481 
177 7 8 110 481 
177 7 8 110 481 
177 7 8 110 481 
177 7 8 110 481 
177 7 8 110 481 
177 7 8 110 481 
148 149 177 7 8 110 481 
148 149 177 7 8 110 481 
177 7 8 110 481 
148 149 177 7 8 110 481 
148 149 177 7 8 110 481 
177 7 8 110 481 
177 7 8 110 481 
148 149 177 7 8 110 481 
148 149 177 7 8 110 481 
148 149 177 7 8 110 481 
177 7 8 110 481 
177 7 8 110 481 
148 149 177 7 8 110 481 
148 149 177 7 8 110 481 
148 149 177 7 8 110 481 
177 7 8 110 481 
177 7 8 110 481 
148 149 177 7 8 110 481 
177 7 8 110 481 
177 7 8 110 481 
148 149 177 7 8 110 481 
177 7 8 110 481 
148 149 177 7 8 110 481 
177 7 8 110 481 
177 7 8 110 481 
177 7 8 110 481 
177 7 8 110 481 
148 149 177 7 8 110 481 
177 7 8 110 481 
148 149 177 7 8 110 481 
177 7 8 110 481 
148 149 177 7 8 110 481 
148 149 177 7 8 110 481 
177 7 8 110 481 
148 149 177 7 8 110 481 
148 149 177 7 8 110 481 
148 149 177 7 8 110 481 
177 7 8 110 481 
148 149 177 7 8 110 481 
148 149 177 7 8 110 481 
148 149 177 7 8 110 481 
148 149 177 7 8 110 481 
148 149 177 7 8 110 481 
148 149 177 7 8 110 481 
148 149 177 7 8 110 481 
177 7 8 110 481 
148 149 177 7 8 110 481 
148 149 177 7 8 110 481 
148 149 177 7 8 110 481 
177 7 8 110 481 
177 7 8 110 481 
177 7 8 110 481 