148 149 177 7 8 110 454 
177 7 8 110 454 
177 7 8 110 454 
148 149 177 7 8 110 454 
148 149 177 7 8 110 454 
177 7 8 110 454 
148 149 177 7 8 110 454 
148 149 177 7 8 110 454 
148 149 177 7 8 110 454 
177 7 8 110 454 
148 149 177 7 8 110 454 
177 7 8 110 454 
148 149 177 7 8 110 454 
177 7 8 110 454 
148 149 177 7 8 110 454 
148 149 177 7 8 110 454 
148 149 177 7 8 110 454 
148 149 177 7 8 110 454 
177 7 8 110 454 
148 149 177 7 8 110 454 
148 149 177 7 8 110 454 
148 149 177 7 8 110 454 
148 149 177 7 8 110 454 
148 149 177 7 8 110 454 
148 149 177 7 8 110 454 
177 7 8 110 454 
177 7 8 110 454 
148 149 177 7 8 110 454 
148 149 177 7 8 110 454 
148 149 177 7 8 110 454 
148 149 177 7 8 110 454 
148 149 177 7 8 110 454 
177 7 8 110 454 
177 7 8 110 454 
148 149 177 7 8 110 454 
148 149 177 7 8 110 454 
148 149 177 7 8 110 454 
148 149 177 7 8 110 454 
177 7 8 110 454 
177 7 8 110 15 454 
177 7 8 110 454 
177 7 8 110 454 
148 149 177 7 8 110 454 
148 149 177 7 8 110 454 
148 149 177 7 8 110 454 
177 7 8 110 454 
177 7 8 110 454 
177 7 8 110 454 
177 7 8 110 454 
177 7 8 110 454 
177 7 8 110 454 
177 7 8 110 454 
148 149 177 7 8 110 454 
177 7 8 110 454 
177 7 8 110 454 
177 7 8 110 454 
177 7 8 110 454 
177 7 8 110 454 
177 7 8 110 454 
177 7 8 110 454 
177 7 8 110 454 
177 7 8 110 454 
177 7 8 110 454 
177 7 8 110 454 
177 7 8 110 454 
177 7 8 110 454 
177 7 8 110 454 
177 7 8 110 454 
177 7 8 110 454 
177 7 8 110 454 
177 7 8 110 454 
177 7 8 110 454 
177 7 8 110 454 
177 7 8 110 454 
177 7 8 110 454 
177 7 8 110 454 
177 7 8 110 454 
177 7 8 110 454 
177 7 8 110 454 
177 7 8 110 454 
177 7 8 110 454 
177 7 8 110 454 
177 7 8 110 454 
177 7 8 110 454 
177 7 8 110 454 
177 7 8 110 454 
177 7 8 110 454 
177 7 8 110 454 
177 7 8 110 454 
177 7 8 110 454 
177 7 8 110 454 
177 7 8 110 454 
177 7 8 110 454 
177 7 8 110 454 
177 7 8 110 454 
177 7 8 110 454 
177 7 8 110 454 
177 7 8 110 454 
177 7 8 110 454 
177 7 8 110 454 
177 7 8 110 454 
177 7 8 110 454 
177 7 8 110 454 
177 7 8 110 454 
177 7 8 110 454 
177 7 8 110 454 
177 7 8 110 454 
177 7 8 110 454 
177 7 8 110 454 
177 7 8 110 454 
177 7 8 110 454 
177 7 8 110 454 
177 7 8 110 454 
148 149 177 7 8 110 454 
177 7 8 110 454 
177 7 8 110 454 
177 7 8 110 454 
177 7 8 110 454 
177 7 8 110 454 
148 149 177 7 8 110 454 
177 7 8 110 454 
177 7 8 110 454 
177 7 8 110 454 
177 7 8 110 454 
177 7 8 110 454 
177 7 8 110 454 
177 7 8 110 454 
177 7 8 110 454 
177 7 8 110 454 
177 7 8 110 454 