148 149 177 7 8 110 178 
148 149 177 7 8 110 178 
177 7 8 110 178 
177 7 8 110 178 
177 7 8 110 178 
148 149 177 7 8 110 178 
148 149 177 7 8 110 178 
177 7 8 110 178 
177 7 8 110 178 
177 7 8 110 178 
177 7 8 110 178 
177 7 8 110 178 
148 149 177 7 8 110 178 
148 149 177 7 8 110 178 
148 149 177 7 8 110 178 
148 149 177 7 8 110 178 
148 149 177 7 8 110 178 
148 149 177 7 8 110 178 
148 149 177 7 8 110 178 
148 149 177 7 8 110 178 
148 149 177 7 8 110 178 
177 7 8 110 178 
177 7 8 110 178 
148 149 177 7 8 110 178 
148 149 177 7 8 110 178 
148 149 177 7 8 110 178 
177 7 8 110 178 
177 7 8 110 178 
148 149 177 7 8 110 178 
148 149 177 7 8 110 178 
177 7 8 110 178 
148 149 177 7 8 110 178 
148 149 177 7 8 110 178 
148 149 177 7 8 110 178 
148 149 177 7 8 110 178 
148 149 177 7 8 110 178 
177 7 8 110 178 
177 7 8 110 178 
148 149 177 7 8 110 178 
177 7 8 110 178 
177 7 8 110 178 
177 7 8 110 178 
148 149 177 7 8 110 178 
148 149 177 7 8 110 178 
177 7 8 110 178 