6 7 8 9 10 108 
7 8 9 10 108 
12 7 8 9 10 108 
7 8 9 10 108 
12 7 8 9 10 108 
12 7 8 9 10 108 
12 7 8 9 10 108 
12 7 8 9 10 108 
12 7 8 9 10 108 
12 7 8 9 10 108 
18 7 8 9 10 108 
12 7 8 9 10 108 
7 8 9 10 108 
12 7 8 9 10 108 
6 7 8 9 10 108 
12 7 8 9 10 108 
12 7 8 9 10 108 
12 7 8 9 10 108 
6 7 8 9 10 108 
12 7 8 9 10 108 
12 7 8 9 10 108 
12 7 8 9 10 108 
12 7 8 9 10 108 
12 7 8 9 10 108 
12 7 8 9 10 108 
12 7 8 9 10 108 
12 7 8 9 10 108 
12 7 8 9 10 108 
16 17 7 8 9 10 108 
6 7 8 9 10 108 
12 7 8 9 10 108 
12 7 8 9 10 108 
12 7 8 9 10 108 
12 7 8 9 10 108 
12 7 8 9 10 108 
6 7 8 9 10 108 
12 7 8 9 10 108 
6 7 8 9 10 108 
12 7 8 9 10 108 
12 7 8 9 10 108 
12 7 8 9 10 108 
12 7 8 9 10 108 
12 7 8 9 10 108 
12 7 8 9 10 108 
12 7 8 9 10 108 
12 7 8 9 10 108 
12 7 8 9 10 108 
12 7 8 9 10 108 
12 7 8 9 10 108 
12 7 8 9 10 108 
12 7 8 9 10 108 
12 7 8 9 10 108 
12 7 8 9 10 108 
7 8 9 10 108 
12 7 8 9 10 108 
12 7 8 9 10 108 
12 7 8 9 10 108 
12 7 8 9 10 108 
12 7 8 9 10 108 
12 7 8 9 10 108 
12 7 8 9 10 108 
12 7 8 9 10 108 
12 7 8 9 10 108 
18 7 8 9 10 108 
12 7 8 9 10 108 
12 7 8 9 10 108 
7 8 9 10 108 
7 8 9 10 108 
7 8 9 10 108 
6 7 8 9 10 108 
7 8 9 10 108 
12 7 8 9 10 108 
7 8 9 10 108 
6 7 8 9 10 108 
12 7 8 9 10 108 
7 8 9 10 108 
6 7 8 9 10 108 
12 7 8 9 10 108 
12 7 8 9 10 108 
12 7 8 9 10 108 
12 7 8 9 10 108 
12 7 8 9 10 108 
7 8 9 10 108 
12 7 8 9 10 108 
12 7 8 9 10 108 
12 7 8 9 10 108 
12 7 8 9 10 108 
7 8 9 10 108 
12 7 8 9 10 108 
7 8 9 10 108 
7 8 9 10 108 
7 8 9 10 108 
7 8 9 10 108 
12 7 8 9 10 108 
7 8 9 10 108 
12 7 8 9 10 108 
12 7 8 9 10 108 
7 8 9 10 108 
12 7 8 9 10 108 
12 7 8 9 10 108 
12 7 8 9 10 108 
6 7 8 9 10 108 
13 7 8 14 15 9 10 108 
7 8 9 10 108 
6 7 8 9 10 108 
7 8 9 10 108 
12 7 8 9 10 108 
12 7 8 9 10 108 
12 7 8 9 10 108 
12 7 8 9 10 108 
7 8 9 10 108 
12 7 8 9 10 108 
7 8 9 10 108 
7 8 9 10 108 
12 7 8 9 10 108 
7 8 9 10 108 
12 7 8 9 10 108 
12 7 8 9 10 108 
12 7 8 9 10 108 
12 7 8 9 10 108 
7 8 9 10 108 
12 7 8 9 10 108 
12 7 8 9 10 108 
7 8 9 10 108 
12 7 8 9 10 108 
12 7 8 9 10 108 
18 7 8 9 10 108 
12 7 8 9 10 108 
12 7 8 9 10 108 
12 7 8 9 10 108 
12 7 8 9 10 108 
12 7 8 9 10 108 
12 7 8 9 10 108 
7 8 9 10 108 
7 8 9 10 108 
7 8 9 10 108 
7 8 9 10 108 
12 7 8 9 10 108 
7 8 9 10 108 
12 7 8 9 10 108 
7 8 9 10 108 
12 7 8 9 10 108 
7 8 9 10 108 
7 8 9 10 108 
12 7 8 9 10 108 
7 8 9 10 108 
12 7 8 9 10 108 
6 7 8 9 10 108 
7 8 9 10 108 
12 7 8 9 10 108 
12 7 8 9 10 108 
7 8 9 10 108 
7 8 9 10 108 
12 7 8 9 10 108 
12 7 8 9 10 108 
7 8 9 10 108 
12 7 8 9 10 108 
12 6 7 8 9 10 108 
7 8 9 10 108 
12 7 8 9 10 108 
12 7 8 9 10 108 
12 7 8 9 10 108 
7 8 9 10 108 
7 8 9 10 108 
7 8 9 10 108 
6 7 8 9 10 108 
12 7 8 9 10 108 
12 7 8 9 10 108 
12 7 8 9 10 108 
7 8 9 10 108 
12 7 8 9 10 108 
16 17 7 8 9 10 108 
12 7 8 9 10 108 
12 7 8 9 10 108 
6 7 8 9 10 108 
12 7 8 9 10 108 
12 7 8 9 10 108 
7 8 9 10 108 
7 8 9 10 108 
7 8 9 10 108 
7 8 9 10 108 
7 8 9 10 108 
7 8 9 10 108 
7 8 9 10 108 
7 8 9 10 108 
7 8 9 10 108 
7 8 9 10 108 
7 8 9 10 108 
7 8 9 10 108 
12 7 8 9 10 108 
12 7 8 9 10 108 
12 7 8 9 10 108 
12 7 8 9 10 108 
12 7 8 9 10 108 
7 8 9 10 108 
12 6 7 8 9 10 108 
7 8 9 10 108 
16 12 7 8 19 9 10 108 
12 7 8 9 10 108 
12 7 8 9 10 108 
12 7 8 9 10 108 
12 7 8 9 10 108 
7 8 9 10 108 
7 8 9 10 108 
7 8 9 10 108 
7 8 9 10 108 
7 8 9 10 108 
12 7 8 9 10 108 
7 8 9 10 108 
7 8 9 10 108 
12 7 8 9 10 108 
12 7 8 9 10 108 
7 8 9 10 108 
12 7 8 9 10 108 
7 8 9 10 108 
7 8 9 10 108 
7 8 9 10 108 
12 7 8 9 10 108 
12 7 8 9 10 108 
7 8 9 10 108 
7 8 9 10 108 
6 7 8 9 10 108 
7 8 9 10 108 
12 7 8 9 10 108 
7 8 9 10 108 
7 8 9 10 108 
12 7 8 9 10 108 
12 7 8 9 10 108 
12 7 8 9 10 108 
12 7 8 9 10 108 
12 7 8 9 10 108 
7 8 9 10 108 
7 8 9 10 108 