7 8 9 10 11 
12 7 8 9 10 11 
12 7 8 9 10 11 
7 8 9 10 11 
7 8 9 10 11 
12 7 8 9 10 11 
6 7 8 9 10 11 
12 7 8 9 10 11 
12 7 8 9 10 11 
7 8 9 10 11 
12 7 8 9 10 11 
6 7 8 9 10 11 
6 7 8 9 10 11 
12 7 8 9 10 11 
12 7 8 9 10 11 
12 7 8 9 10 11 
18 7 8 9 10 11 
12 7 8 9 10 11 
12 7 8 9 10 11 
12 7 8 9 10 11 
18 7 8 9 10 11 
7 8 9 10 11 
12 7 8 9 10 11 
6 7 8 9 10 11 
12 7 8 9 10 11 
6 7 8 9 10 11 
18 7 8 9 10 11 
12 7 8 9 10 11 
7 8 9 10 11 
7 8 9 10 11 
12 7 8 9 10 11 
12 7 8 9 10 11 
7 8 9 10 11 
6 7 8 9 10 11 
12 7 8 9 10 11 
7 8 9 10 11 
7 8 9 10 11 
12 7 8 9 10 11 
18 7 8 9 10 11 
12 7 8 9 10 11 
6 7 8 9 10 11 
7 8 9 10 11 
12 7 8 9 10 11 
12 7 8 9 10 11 
12 7 8 9 10 11 
7 8 9 10 11 
12 7 8 9 10 11 
6 7 8 9 10 11 
12 7 8 9 10 11 
12 7 8 9 10 11 
12 7 8 9 10 11 
6 7 8 9 10 11 
12 7 8 9 10 11 
12 7 8 9 10 11 
6 7 8 9 10 11 
6 7 8 9 10 11 
12 7 8 9 10 11 
6 7 8 9 10 11 
12 7 8 9 10 11 
7 8 9 10 11 
6 7 8 9 10 11 
7 8 9 10 11 
7 8 9 10 11 
7 8 9 10 11 
12 7 8 9 10 11 
12 7 8 9 10 11 
7 8 9 10 11 
12 7 8 9 10 11 
12 7 8 9 10 11 
7 8 9 10 11 
7 8 9 10 11 
6 7 8 9 10 11 
12 7 8 9 10 11 
7 8 9 10 11 
12 7 8 9 10 11 
12 7 8 9 10 11 
12 7 8 9 10 11 
12 7 8 9 10 11 
7 8 9 10 11 
18 7 8 9 10 11 
12 7 8 9 10 11 
12 7 8 9 10 11 
7 8 9 10 11 
7 8 9 10 11 
12 7 8 9 10 11 
12 7 8 9 10 11 
12 7 8 9 10 11 
7 8 9 10 11 
7 8 9 10 11 
12 7 8 9 10 11 
6 7 8 9 10 11 
7 8 9 10 11 
6 7 8 9 10 11 
7 8 9 10 11 
7 8 9 10 11 
7 8 9 10 11 
12 7 8 9 10 11 
12 7 8 9 10 11 
12 7 8 9 10 11 
12 7 8 9 10 11 
7 8 9 10 11 
6 7 8 9 10 11 
12 7 8 9 10 11 
7 8 9 10 11 
12 7 8 9 10 11 
6 7 8 9 10 11 
12 7 8 9 10 11 
7 8 9 10 11 
7 8 9 10 11 
12 7 8 9 10 11 
12 7 8 9 10 11 
12 7 8 9 10 11 
7 8 9 10 11 
12 7 8 9 10 11 
7 8 9 10 11 
12 7 8 9 10 11 
7 8 9 10 11 
7 8 9 10 11 
12 7 8 9 10 11 
12 7 8 9 10 11 
12 7 8 9 10 11 
6 7 8 9 10 11 
6 7 8 9 10 11 
12 7 8 9 10 11 
12 7 8 9 10 11 
7 8 9 10 11 
7 8 9 10 11 
12 7 8 9 10 11 
12 7 8 9 10 11 
7 8 9 10 11 
12 7 8 9 10 11 
12 7 8 9 10 11 
12 7 8 9 10 11 
18 7 8 9 10 11 
7 8 9 10 11 
16 17 7 8 9 10 11 
7 8 9 10 11 
12 7 8 9 10 11 
12 7 8 9 10 11 
12 7 8 9 10 11 
7 8 9 10 11 
12 7 8 9 10 11 
7 8 9 10 11 
7 8 9 10 11 
6 7 8 9 10 11 
7 8 9 10 11 
6 7 8 9 10 11 
7 8 9 10 11 
12 7 8 9 10 11 
18 7 8 9 10 11 
12 7 8 9 10 11 
7 8 9 10 11 
6 7 8 9 10 11 
12 7 8 9 10 11 
12 7 8 9 10 11 
7 8 9 10 11 
7 8 9 10 11 
7 8 9 10 11 
7 8 9 10 11 
7 8 9 10 11 