16 17 3 65 62 128 
16 17 62 128 
16 17 62 128 
16 17 62 128 
16 17 62 128 
16 17 62 128 
16 17 3 65 62 128 
16 17 62 128 
16 17 62 128 
16 17 62 128 
16 17 62 128 
16 17 62 128 
16 17 62 128 
16 17 62 128 
16 17 62 128 
16 17 62 128 
16 17 19 62 128 
16 17 62 128 
16 17 62 128 
16 17 62 128 
16 17 62 128 
16 17 62 128 
16 17 62 128 
16 17 62 128 
16 17 62 128 
16 17 62 128 
16 17 62 128 
16 17 62 128 
16 17 62 128 
16 17 62 128 
16 26 27 17 7 62 128 
16 17 62 128 
16 17 62 128 
16 17 62 128 
16 17 62 128 
16 17 62 128 
16 17 19 62 128 
16 17 62 128 
16 17 62 128 
16 17 62 128 
16 17 62 128 
16 17 62 128 
16 17 62 128 
16 17 19 62 128 
16 17 62 128 
16 17 19 62 128 
16 17 62 128 
16 17 62 128 
16 17 3 163 62 128 
16 17 62 128 
16 17 62 128 
16 17 62 128 
16 17 62 128 
16 17 62 128 
16 17 62 128 
16 17 62 128 
16 17 62 128 
16 17 62 128 
16 17 62 128 
16 17 62 128 
16 17 19 62 128 
16 17 62 128 
16 17 62 128 
16 17 62 128 
16 17 62 128 
16 17 62 128 
16 17 62 128 
16 17 62 128 
16 17 62 128 
16 17 62 128 
16 17 62 128 
16 17 62 128 
16 17 62 128 
16 17 62 128 
16 17 62 128 
16 17 62 128 
16 17 62 128 
16 17 62 128 
16 17 19 62 128 
16 17 62 128 
16 17 62 128 
16 17 62 128 
16 17 62 128 
16 17 62 128 
16 17 62 128 
16 17 62 128 
16 17 62 128 
16 17 62 369 128 
16 17 62 128 
16 17 62 128 
16 17 62 128 
16 17 62 128 
16 17 62 128 
16 17 62 128 
16 17 62 128 
16 17 19 62 128 
16 17 62 128 
16 17 62 128 
16 17 62 128 
16 17 62 128 
16 17 62 128 
16 17 62 128 
16 17 62 128 
16 17 62 128 
16 17 62 128 
16 17 62 128 
16 17 62 128 
16 17 62 128 
16 17 62 128 
16 17 62 128 
16 17 62 128 
16 17 62 128 
16 17 62 128 
16 17 62 128 
16 17 62 128 
16 17 3 163 62 128 
16 17 62 128 
16 17 62 128 
16 17 62 128 
16 17 62 128 
16 17 62 128 
16 17 62 128 
16 17 62 128 
16 17 62 128 
16 17 62 128 
16 17 62 128 
16 17 62 128 
16 17 62 128 
16 17 62 128 
16 17 62 128 
16 17 62 128 
16 17 62 128 
16 17 62 128 
16 17 62 128 
16 17 62 128 
16 17 62 128 
16 17 62 128 
16 17 62 128 
16 17 62 128 
16 17 62 128 
16 17 62 128 
16 17 62 128 
16 17 62 128 
16 17 62 128 
16 17 62 128 
16 17 62 128 
16 17 62 128 
16 17 62 128 
16 17 62 128 
16 17 62 128 
16 17 62 128 
16 17 62 128 
16 17 62 128 
16 17 62 128 
16 17 62 128 
16 17 62 128 
16 17 62 128 
16 17 62 128 
16 17 62 128 
16 17 3 163 62 128 
16 17 62 128 
16 17 62 128 
16 17 62 128 
16 17 62 128 
16 17 62 128 
16 17 62 128 
16 17 62 128 
16 17 62 128 
16 17 19 62 128 
16 17 62 128 
16 17 62 128 
16 17 62 128 
16 17 62 128 
16 1 413 17 62 128 
16 17 62 128 
16 17 19 62 128 
16 17 34 15 62 35 128 
16 17 62 128 
16 17 62 128 
16 17 62 128 
16 17 62 128 
16 17 62 128 
16 17 62 128 
16 17 62 128 
16 17 62 128 
16 17 62 128 
16 17 62 128 
16 17 62 128 
16 17 62 128 
16 17 62 128 
16 17 62 128 
16 17 62 128 
16 17 62 128 
16 17 62 128 
16 17 62 128 
16 17 62 128 
16 17 62 128 
16 17 62 128 
16 17 62 128 
16 17 62 128 
16 17 62 128 
16 17 62 128 
16 17 62 128 
16 17 62 128 
16 17 62 128 
16 17 62 128 
16 17 62 128 
16 17 62 128 
16 17 62 128 
16 17 62 128 
16 17 62 128 
16 17 62 128 
16 17 62 128 
16 17 62 128 
16 17 62 128 
16 17 62 128 
16 17 62 128 
16 17 62 128 
16 17 62 128 
16 17 62 128 
16 17 62 128 
16 17 62 128 
16 17 62 128 
16 17 3 163 62 128 
16 17 62 128 
16 17 62 128 
16 17 62 128 
16 17 62 128 
16 17 62 128 
16 17 62 128 
16 17 62 128 
16 17 62 128 
16 17 62 128 
16 32 17 33 62 128 
16 17 62 128 
16 17 62 128 
16 17 62 128 
16 17 62 128 
16 17 62 128 
16 17 62 128 
16 17 62 128 
16 17 62 128 
16 17 62 128 
16 17 62 128 
16 166 17 62 128 
16 17 62 128 
16 17 62 128 
16 17 62 128 
16 17 62 128 
16 17 62 128 
16 17 62 128 
16 17 62 128 
16 17 62 128 
16 17 62 128 
16 17 62 128 
16 17 62 128 
16 17 62 128 
16 17 62 128 
16 17 62 128 
16 17 62 128 
16 17 62 128 
16 17 62 128 
16 17 62 128 
16 17 62 128 
16 17 62 128 
16 17 62 128 
16 17 15 62 82 128 
16 17 62 128 
16 17 62 128 
16 17 62 128 
16 17 62 128 
16 17 62 128 
16 17 62 128 
16 17 62 128 
16 17 62 128 
16 27 17 7 62 71 43 128 
16 17 62 128 
16 17 62 128 
16 67 17 37 19 146 62 128 
16 17 62 128 