16 42 27 17 7 113 43 108 
16 41 42 27 17 7 113 43 108 
16 42 27 17 7 113 43 108 
16 42 27 17 7 113 43 108 
16 42 27 17 7 113 43 108 
41 27 42 7 8 43 108 
16 42 27 17 7 113 43 108 
16 42 27 17 7 289 113 43 290 108 
16 41 42 27 17 7 113 43 108 
16 41 27 42 17 7 8 62 43 108 
16 42 27 17 7 62 113 43 108 
16 41 42 27 17 7 113 43 108 
41 27 42 7 8 43 108 
41 27 42 7 8 43 108 
41 27 42 7 8 43 108 
16 42 27 17 7 69 113 43 108 
41 27 42 7 8 43 108 
16 42 27 17 7 113 43 108 
27 181 42 7 8 43 108 
16 42 27 17 7 113 43 108 
16 42 27 17 7 113 43 108 
16 42 27 17 7 113 43 108 
16 42 27 17 7 113 43 108 
16 42 27 17 7 113 43 108 
16 42 27 17 7 113 43 108 
16 42 27 17 7 113 43 108 
16 42 27 17 7 113 43 108 
16 42 27 17 7 113 43 108 
16 42 27 17 7 113 43 108 
16 42 27 17 7 113 43 108 
16 42 27 17 7 113 43 108 
16 42 27 17 7 113 43 108 
16 42 27 17 7 113 43 108 
16 42 27 17 7 113 43 108 
16 42 27 17 7 62 113 43 108 
16 42 27 17 7 113 43 108 
16 42 27 17 7 113 43 108 
16 42 27 17 7 113 43 108 
16 42 27 17 7 113 43 108 
16 42 27 17 7 113 43 108 
16 42 27 17 7 113 43 108 
16 42 27 17 7 113 43 108 
27 181 42 7 8 43 108 
16 42 27 17 7 113 43 108 
16 42 27 17 7 113 43 108 
16 42 27 17 7 113 43 108 
16 42 27 17 7 113 43 108 
16 42 27 17 7 113 43 108 
16 42 27 17 7 62 113 43 108 
16 42 27 17 7 113 43 108 
16 42 27 17 7 113 43 108 
16 42 27 17 7 113 43 108 
16 42 27 17 7 113 43 108 
16 42 27 17 7 113 43 108 
16 42 27 17 7 113 43 108 
16 42 27 17 7 113 43 108 
16 42 27 17 7 113 43 108 
16 42 27 17 7 113 43 108 
41 27 42 7 8 43 108 
16 42 27 17 7 62 113 43 108 
16 42 27 17 7 69 113 43 108 
16 42 27 17 7 113 43 108 
16 42 27 17 7 113 43 108 
16 42 27 17 7 113 43 108 
41 27 42 7 8 43 108 
41 27 42 7 8 43 108 
16 41 42 27 17 7 113 43 108 
16 42 27 17 7 113 43 108 
16 42 27 17 7 62 113 43 108 
16 42 27 17 7 113 43 108 
41 27 42 7 8 43 108 
41 27 42 7 8 43 108 
41 27 42 7 8 43 108 
41 27 42 7 8 43 108 
16 42 27 17 7 113 43 108 
16 42 27 17 7 113 43 108 
41 27 42 7 8 43 108 
16 42 27 17 7 113 43 108 
27 181 42 7 8 43 108 
16 42 27 17 7 113 43 108 
16 42 27 17 7 113 43 108 
41 27 42 7 8 43 108 
16 42 27 17 7 113 43 108 
41 27 42 7 8 43 108 
27 181 42 7 8 43 108 
41 27 42 7 8 43 108 
16 42 27 17 7 113 43 108 
16 42 27 17 7 113 43 108 
16 42 27 17 7 113 43 108 
16 42 27 17 7 113 43 108 
16 42 27 17 7 113 43 108 
16 42 27 17 7 113 43 108 
16 42 27 17 7 113 43 108 
16 42 27 17 7 113 43 108 
16 42 27 17 7 113 43 108 
16 42 27 17 7 113 43 108 
16 42 27 17 7 113 43 108 
16 42 27 17 7 113 43 108 
16 42 27 17 7 113 43 108 
16 42 27 17 7 113 43 108 
16 42 27 17 7 113 43 108 
16 42 27 17 7 113 43 108 
41 27 42 7 8 43 108 
41 27 42 7 8 43 108 
41 27 42 7 8 43 108 
41 27 42 7 8 43 108 
16 42 27 17 7 113 43 108 
16 42 27 17 7 113 43 108 
41 27 42 7 8 43 108 