16 17 101 122 21 
16 17 101 122 21 
16 17 101 122 21 
16 17 101 122 21 
16 17 101 122 21 
16 17 101 122 21 
16 17 101 122 21 
16 17 101 122 21 
16 17 101 122 21 
16 17 101 122 21 
16 17 101 122 21 
16 17 101 122 21 
16 17 101 122 21 
16 17 101 122 21 
16 17 101 122 21 
16 17 101 122 21 
16 17 101 122 21 
16 17 101 122 21 
16 17 101 122 21 
16 17 101 122 21 
16 17 101 122 21 
16 17 101 122 21 
16 17 101 122 21 
16 17 101 122 21 
16 17 101 122 21 
16 17 101 122 21 
16 17 101 122 21 
16 17 101 122 21 
16 17 101 122 21 
16 17 101 122 21 
16 17 101 122 21 
16 17 101 122 21 
16 17 101 122 21 
16 17 101 122 21 
16 17 101 122 21 
16 17 101 122 21 
16 17 101 122 19 21 
16 17 101 122 21 
16 17 101 122 21 
16 17 101 122 21 
16 17 101 122 21 
16 17 101 122 21 
16 17 101 122 21 
16 17 101 122 19 21 
16 17 101 122 21 
16 17 101 122 21 
16 17 101 122 21 
16 17 101 122 21 
16 17 101 122 21 
16 17 101 122 21 
16 17 101 122 21 
16 17 101 122 21 
16 17 101 122 21 
16 17 101 122 21 
16 17 101 122 21 
16 17 101 122 21 
16 17 101 122 21 
16 17 101 122 21 
16 17 101 122 21 
16 17 101 122 21 
16 17 101 122 21 
16 17 101 122 21 
16 17 101 122 21 
16 17 101 122 21 
16 17 101 122 21 
16 17 101 122 21 
16 17 101 122 21 
16 17 101 122 21 
16 17 101 122 21 
16 17 101 122 21 
16 17 101 122 21 
16 17 101 122 21 
16 17 101 122 21 
16 17 101 122 21 
16 17 101 122 21 
16 17 101 122 21 
16 17 101 122 21 
16 17 101 122 21 
16 17 101 122 21 
16 17 101 122 21 
16 17 101 122 21 
16 17 101 122 21 
16 17 101 122 21 
16 17 101 122 21 
16 17 101 122 15 21 
16 17 101 122 21 
16 17 101 122 21 
16 17 101 122 21 
16 17 101 122 21 
16 17 101 122 21 
16 17 101 122 21 
16 17 101 122 21 
16 17 101 122 21 
16 17 101 122 21 
16 17 101 122 21 
16 17 101 122 21 
16 17 101 122 21 
16 17 101 122 21 
16 17 101 122 21 
16 17 101 122 21 
16 17 101 122 21 
16 17 101 122 21 
16 17 101 122 21 
16 17 101 122 21 
16 17 101 122 21 
16 17 101 122 21 
16 17 101 122 21 
16 17 101 122 21 
16 17 101 122 21 
16 17 101 122 21 
16 17 101 122 21 
16 17 101 122 21 
16 17 101 122 21 
16 17 101 122 21 
16 17 101 122 21 
16 17 101 122 21 
16 17 101 122 21 
16 17 101 122 21 
16 17 101 122 21 
16 17 101 122 21 
16 17 101 122 21 
16 17 101 122 21 
16 17 101 122 21 
16 17 101 122 21 
16 17 101 122 21 
16 17 101 122 21 
16 17 101 122 21 
16 17 101 122 21 
16 17 101 122 21 
16 17 101 122 21 
16 17 101 122 21 
16 17 101 122 21 
16 17 101 122 21 
16 17 101 122 21 
16 17 101 122 21 
16 17 101 122 21 
16 17 101 122 21 
16 17 101 122 21 
16 17 101 122 21 
16 17 101 122 21 
16 17 101 122 21 
16 17 101 122 21 
16 17 101 122 21 
16 17 101 122 21 
16 17 101 122 21 
16 17 101 122 21 
16 17 101 122 21 
16 17 101 122 19 21 
16 17 101 122 21 
16 17 101 122 21 
16 17 101 122 21 
16 17 101 122 21 
16 17 101 122 21 
16 17 101 122 21 
16 17 101 122 21 
16 17 101 122 21 
16 17 101 122 21 
16 100 17 101 122 21 
16 17 101 122 21 
16 100 17 101 122 21 
16 17 101 122 21 
16 17 101 122 21 
16 17 101 122 21 
16 17 101 122 21 
16 17 101 122 21 
16 17 101 122 21 
16 17 101 122 21 
16 17 101 122 21 
16 17 101 122 21 
16 17 101 122 21 
16 17 101 122 21 
16 17 101 122 21 
16 17 7 101 122 9 10 21 
16 17 7 101 122 9 10 21 
16 17 7 101 122 9 10 21 
16 17 101 122 21 
16 17 101 122 21 
16 17 101 122 21 
16 17 7 101 122 9 10 21 
16 17 101 122 21 
16 17 101 122 21 
16 17 101 122 21 
16 17 101 122 21 
16 17 101 122 21 
16 17 101 122 21 
16 17 101 122 21 
16 17 101 122 21 
16 17 101 122 21 
16 17 101 122 21 
16 17 101 122 21 
16 17 101 122 21 
16 17 101 122 21 
16 17 101 122 21 
16 17 101 122 21 
16 17 101 122 21 
16 17 101 122 21 
16 17 101 122 21 
16 17 101 122 21 
16 17 101 122 21 
16 17 101 122 21 
16 17 101 122 21 
16 17 101 122 21 
16 17 101 122 21 
16 17 101 122 21 