27 7 8 43 83 5 
27 7 8 43 83 5 
27 7 8 43 83 5 
27 7 8 43 83 5 
27 7 8 43 83 5 
27 7 8 43 83 5 
27 7 8 43 83 5 
27 7 8 179 95 5 
27 7 8 43 83 5 
27 7 8 43 83 5 
27 7 8 43 83 5 
27 7 8 43 83 5 
27 7 8 43 83 5 
27 7 8 43 83 5 
27 7 8 43 83 5 
27 7 8 169 180 5 
27 7 8 43 83 5 
27 7 8 43 83 5 
27 7 8 43 83 5 
27 7 8 43 83 5 
27 7 8 43 83 5 
27 7 8 43 83 5 
27 7 8 43 83 5 
27 7 8 43 83 5 
27 7 8 43 83 5 
27 7 8 43 83 5 
27 7 8 169 180 5 
27 7 8 43 83 5 
27 7 8 169 180 5 
27 7 8 43 83 5 
27 7 8 43 83 5 
27 7 8 169 180 5 
27 7 8 179 95 5 
27 7 8 43 83 5 
27 7 8 43 83 5 
27 7 8 43 83 5 
27 7 8 43 83 5 
27 7 8 43 83 5 
27 7 8 43 83 5 
27 7 8 43 83 5 
27 7 8 43 83 5 
27 7 8 43 83 5 
27 7 8 43 83 5 
27 7 8 43 83 5 
27 7 8 43 83 5 
27 7 8 43 83 5 
27 7 8 43 83 5 
27 7 8 43 83 5 
27 7 8 43 83 5 
27 7 8 43 83 5 
27 7 8 43 83 5 
27 7 8 43 83 5 
27 7 8 43 83 5 
27 50 7 8 3 43 83 5 
27 7 8 43 83 5 
27 7 8 43 83 5 
27 50 7 8 3 43 83 5 
27 7 8 43 83 5 
27 50 7 8 3 43 83 5 
27 7 8 43 83 5 
27 7 8 43 83 5 
27 7 8 43 83 5 
27 7 8 43 83 5 
27 7 8 43 83 5 
27 7 8 43 83 5 
27 7 8 169 180 5 
27 7 8 43 83 5 
27 7 8 169 180 5 
27 7 8 169 180 5 
27 7 8 169 180 5 
27 7 8 43 83 5 
27 7 8 43 83 5 
27 7 8 43 83 5 
27 7 8 43 83 5 
27 7 8 43 83 5 
27 7 8 43 83 5 
27 7 8 43 83 5 
27 7 8 43 83 5 
27 7 8 43 83 5 
27 7 8 43 83 5 
27 7 8 43 83 5 
27 7 8 169 180 5 
27 7 8 43 83 5 
27 7 8 43 83 5 
27 7 8 43 83 5 
27 7 8 43 83 5 
27 7 8 43 83 5 
27 7 8 43 83 5 
27 7 8 43 83 5 
27 7 8 43 83 5 
27 7 8 43 83 5 
27 7 8 43 83 5 
27 7 8 43 83 5 
27 7 8 43 83 5 
27 7 8 43 83 5 
27 7 8 43 83 5 
27 7 8 169 180 5 
27 7 8 43 83 5 
27 7 8 43 83 5 
27 7 8 43 83 5 
27 7 8 169 180 5 
27 7 8 43 83 5 
27 7 8 43 83 5 
27 7 8 43 83 5 
27 7 8 169 180 5 
27 7 8 169 180 5 
27 7 8 169 180 5 
27 7 8 43 83 5 
27 7 8 43 83 5 
27 7 8 169 180 5 
27 7 8 169 180 5 
27 7 8 43 83 5 
27 7 8 43 83 5 
27 7 8 43 83 5 
27 7 8 43 83 5 
27 7 8 43 83 5 
27 7 8 43 83 5 
27 7 8 43 83 5 
27 7 8 43 83 5 
27 7 8 43 83 5 
27 7 8 43 83 5 
27 7 8 43 83 5 
27 7 8 43 83 5 
27 7 8 43 83 5 
27 7 8 43 83 5 
27 7 8 43 83 5 
27 7 8 43 83 5 
27 7 8 43 83 5 
27 7 8 43 83 5 
27 7 8 43 83 5 
27 7 8 43 83 5 
27 7 8 43 83 5 
27 7 8 43 83 5 
27 7 8 43 83 5 
27 7 8 43 83 5 
27 7 8 169 180 5 
27 7 8 43 83 5 
27 7 8 43 83 5 
27 7 8 43 83 5 
27 7 8 43 83 5 
27 7 8 43 83 5 
27 7 8 43 83 5 
27 42 7 8 49 43 83 5 
27 7 8 43 83 5 
27 7 8 43 83 5 
27 7 8 43 83 5 
27 7 8 43 83 5 
27 7 8 169 180 5 
41 27 42 7 8 43 83 5 
27 7 8 43 83 5 
27 7 8 43 83 5 
27 7 8 43 83 5 
27 7 8 43 83 5 
27 7 8 43 83 5 
27 7 8 169 180 5 
27 7 8 43 83 5 
27 7 8 43 83 5 
27 7 8 43 83 5 
27 7 8 43 83 5 
27 7 8 43 83 5 
27 7 8 43 83 5 
27 7 8 169 180 5 
27 7 8 43 83 5 
27 7 8 43 83 5 
27 7 8 43 83 5 
16 27 7 8 43 83 5 
27 7 8 43 83 5 
27 7 8 43 83 5 
27 7 8 43 83 5 
27 7 8 43 83 5 
27 7 8 43 83 5 
27 7 8 169 180 5 
27 7 8 43 83 5 
27 7 8 43 83 5 
27 7 8 43 83 5 
27 7 8 43 83 5 
27 7 8 169 180 5 
27 7 8 169 180 5 
27 7 8 43 83 5 
27 7 8 43 83 5 
27 7 8 169 180 5 
27 7 8 43 83 5 
16 27 17 7 8 69 169 180 5 
16 27 7 8 19 43 83 5 
27 7 8 43 83 5 
27 7 8 43 83 5 
27 7 8 169 180 5 
27 7 8 43 83 5 
27 7 8 43 83 5 
27 7 8 169 180 5 
27 7 8 169 180 5 
27 7 8 169 180 5 
27 7 8 43 83 5 
27 7 8 43 83 5 
27 7 8 169 180 5 
27 7 8 43 83 5 
27 7 8 43 83 5 
27 7 8 43 83 5 
27 7 8 43 83 5 
27 7 8 43 83 5 
27 7 8 43 83 5 
27 7 8 43 83 5 
27 7 8 169 180 5 
27 7 8 43 83 5 
27 7 8 43 83 5 
27 7 8 43 83 5 
27 7 8 43 83 5 
27 7 8 43 83 5 
16 27 17 7 8 69 169 180 5 
27 7 8 43 83 5 
27 7 8 43 83 5 
27 7 8 43 83 5 
27 7 8 43 83 5 
27 7 8 43 83 5 
27 7 8 43 83 5 
27 7 8 43 83 5 
27 7 8 169 180 5 
27 7 8 43 83 5 
27 7 8 43 83 5 
27 7 8 43 83 5 
27 7 8 43 83 5 
27 7 8 43 83 5 
27 7 8 43 83 5 
27 7 8 43 83 5 
27 7 8 43 83 5 
27 7 8 169 180 5 
27 7 8 43 83 5 
27 7 8 43 83 5 
27 7 8 169 180 5 
27 7 8 43 83 5 
27 7 8 43 83 5 
27 7 8 43 83 5 
27 7 8 43 83 5 
27 7 8 43 83 5 
27 7 8 43 83 5 
27 7 8 43 83 5 
27 7 8 43 83 5 
27 7 8 43 83 5 
27 7 8 169 180 5 
27 7 8 169 180 5 
27 7 8 43 83 5 
27 7 8 43 83 5 
27 7 8 43 83 5 
27 7 8 43 83 5 
27 7 8 43 83 5 
27 7 8 43 83 5 
27 7 8 43 83 5 
27 7 8 43 83 5 
27 7 8 43 83 5 
27 7 8 43 83 5 
27 7 8 43 83 5 
27 7 8 43 83 5 
27 7 8 43 83 5 
27 7 8 43 83 5 
27 7 8 43 83 5 
27 7 8 43 83 5 
27 7 8 43 83 5 
27 7 8 43 83 5 
27 7 8 43 83 5 
27 7 8 43 83 5 
27 7 8 43 83 5 
27 7 8 43 83 5 
27 7 8 43 83 5 
27 7 8 43 83 5 
27 7 8 43 83 5 
27 7 8 43 83 5 
27 7 8 43 83 5 
27 7 8 169 180 5 
27 7 8 43 83 5 
27 7 8 43 83 5 
27 7 8 43 83 5 
27 7 8 43 83 5 
27 7 8 169 180 5 
27 7 8 43 83 5 
27 7 8 169 180 5 
27 7 8 43 83 5 
27 7 8 43 83 5 
27 7 8 43 83 5 
27 7 8 43 83 5 
27 7 8 43 83 5 
27 7 8 169 180 5 
27 7 8 43 83 5 
27 7 8 43 83 5 
27 7 8 169 180 5 
27 7 8 43 83 5 
27 7 8 169 180 5 
27 7 8 169 180 5 
27 7 8 43 83 5 
27 7 8 43 83 5 
27 7 8 169 180 5 
27 7 8 43 83 5 
27 7 8 28 23 24 43 83 5 
27 7 8 43 83 5 
27 7 8 43 83 5 
27 7 8 43 83 5 
27 7 8 43 83 5 
27 7 8 43 83 5 
27 7 8 43 83 5 
27 7 8 43 83 5 
27 7 8 43 83 5 
27 7 8 43 83 5 
27 7 8 43 83 5 
27 7 8 43 83 5 
27 7 8 43 83 5 
27 7 8 43 83 5 
27 7 8 43 83 5 
27 7 8 43 83 5 
27 7 8 43 83 5 
27 7 8 43 83 5 
27 7 8 43 83 5 
27 7 8 43 83 5 
27 7 8 43 83 5 
27 7 8 43 83 5 
27 7 8 43 83 5 
27 7 8 43 83 5 
27 7 8 43 83 5 
27 7 8 43 83 5 
27 7 8 43 83 5 
27 7 8 43 83 5 
27 7 8 43 83 5 
27 7 8 43 83 5 
27 7 8 43 83 5 
27 7 8 43 83 5 
27 7 8 43 83 5 
27 7 8 43 83 5 
27 7 8 43 83 5 
27 7 8 169 180 5 
27 7 8 43 83 5 
27 42 7 8 49 43 83 5 
27 7 8 43 83 5 
27 7 8 43 83 5 
27 7 8 43 83 5 
27 7 8 169 180 5 
27 7 8 43 83 5 
27 7 8 43 83 5 
27 7 8 43 83 5 
27 7 8 43 83 5 
27 7 8 43 83 5 
27 7 8 43 83 5 
27 7 8 43 83 5 
27 7 8 43 83 5 
27 7 8 43 83 5 
27 7 8 43 83 5 
27 7 8 43 83 5 
27 7 8 43 83 5 
27 7 8 43 83 5 
27 7 8 43 83 5 
27 7 8 43 83 5 
27 7 8 169 180 5 
27 7 8 43 83 5 
27 7 8 43 83 5 
27 7 8 169 180 5 
27 7 8 43 83 5 
27 7 8 43 83 5 
27 7 8 43 83 5 
27 7 8 43 83 5 
27 181 42 7 8 43 5 
27 7 8 43 83 5 
27 7 8 43 83 5 
27 7 8 43 83 5 
27 7 8 43 83 5 
27 7 8 43 83 5 
27 7 8 43 83 5 
27 7 8 43 83 5 
27 7 8 43 83 5 
27 7 8 43 83 5 
27 7 8 43 83 5 
27 7 8 43 83 5 
27 7 8 43 83 5 
27 7 8 43 83 5 
27 7 8 43 83 5 
27 7 8 43 83 5 
27 7 8 43 83 5 
27 7 8 43 83 5 
27 7 8 43 83 5 
27 7 8 43 83 5 
27 7 8 43 83 5 
27 7 8 43 83 5 
27 7 8 43 83 5 
27 7 8 43 83 5 
27 7 8 43 83 5 
27 7 8 43 83 5 