89 188 189 2 
89 190 189 2 
89 90 188 189 2 
89 190 189 2 
89 90 188 189 2 
89 190 189 2 
89 90 188 189 2 
89 190 189 2 
89 90 188 189 2 
89 190 189 2 
89 190 189 2 
89 90 188 189 2 
89 190 189 2 
89 90 188 189 2 
89 188 189 2 
89 190 189 2 
89 90 188 189 2 
89 190 189 2 
89 90 188 189 2 
89 90 188 189 2 
89 190 189 2 
89 190 189 2 
89 188 189 2 
89 90 188 189 2 
89 190 189 2 
89 90 188 189 2 
89 190 189 2 
89 190 189 2 
89 190 189 2 
89 90 188 189 2 
89 190 189 2 
89 90 188 189 2 
89 188 189 2 
89 190 189 2 
89 90 188 189 2 
89 90 188 189 2 
89 90 188 189 2 
89 190 189 2 
89 190 189 2 
89 90 188 189 2 
89 190 189 2 
89 190 189 2 
89 190 189 2 
89 188 189 2 
89 90 188 189 2 
89 190 189 2 
89 90 188 189 2 
89 190 189 2 
89 190 189 2 
89 90 188 189 2 
89 90 188 189 2 
89 90 188 189 2 
89 90 188 189 2 
89 190 189 2 
89 190 189 2 
89 90 188 189 2 
89 90 188 189 2 
89 90 188 189 2 
89 190 189 2 
89 190 189 2 
89 190 189 2 
89 190 189 2 
89 90 188 189 2 
89 90 188 189 2 
89 190 189 2 
89 90 188 189 2 
89 190 189 2 
89 90 188 189 2 
89 190 189 2 
89 190 189 2 
89 90 188 189 2 
89 188 189 2 
89 90 188 189 2 
89 90 188 189 2 
89 190 189 2 
89 190 189 2 
89 190 189 2 
89 190 189 2 
89 90 188 189 2 
89 90 188 189 2 
89 90 188 189 2 
89 90 188 189 2 
89 90 188 189 2 
89 90 188 189 2 
89 190 189 2 
89 190 189 2 
89 190 189 2 
89 90 188 189 2 
89 190 189 2 
89 190 189 2 
89 190 189 2 
89 90 188 189 2 
89 190 189 2 
89 90 188 189 2 
89 190 189 2 