16 27 26 7 8 165 425 
27 26 7 8 165 425 
27 26 7 8 165 425 
27 26 7 8 165 425 
27 26 7 8 165 425 
27 26 7 8 165 425 
27 26 7 8 165 425 
27 26 7 8 165 425 
27 26 7 8 165 425 
16 27 26 17 7 8 165 62 425 
16 27 26 17 7 8 165 62 425 
27 26 7 8 165 425 
27 26 7 8 165 425 
27 26 7 8 165 425 
27 26 7 8 165 425 
27 26 7 8 165 425 
27 26 7 8 165 425 
27 26 7 8 165 425 
27 26 12 7 8 165 9 10 425 
27 26 7 8 165 425 
27 26 7 8 165 425 
27 26 7 8 165 425 
27 26 7 8 165 425 
27 26 7 8 165 425 
27 26 7 8 165 425 
27 26 7 8 165 425 
27 26 7 8 165 425 
27 26 7 8 165 425 
27 26 7 8 165 425 
27 26 7 8 165 425 
27 26 7 8 165 425 
27 26 7 8 165 425 
27 26 7 8 165 425 
27 26 7 8 165 425 
27 26 7 8 165 425 
27 26 7 8 165 425 
27 26 7 8 165 425 
27 26 7 8 165 425 
27 26 7 8 165 425 
27 26 7 8 165 425 
27 26 7 8 165 425 
27 26 7 8 165 425 
27 26 7 8 165 425 
27 26 7 8 165 425 
27 26 7 8 165 425 
27 26 7 8 165 425 
27 26 7 8 165 425 
27 26 7 8 165 425 
27 26 7 8 165 425 
27 26 7 8 165 425 
27 26 7 8 165 425 
27 26 7 8 165 425 
27 26 7 8 165 425 
27 26 7 8 165 425 