3 340 128 
16 3 19 340 128 
3 340 128 
52 3 340 53 128 
3 340 128 
3 340 128 
63 3 340 128 
3 340 128 
3 340 128 
3 340 128 
3 340 128 
3 340 128 
3 340 128 
3 340 128 
63 3 340 128 
3 340 128 
3 340 128 
3 340 128 
3 340 128 
3 340 128 
3 340 128 
3 340 128 
3 340 128 
3 340 128 
3 340 128 
3 340 128 
3 340 128 
3 340 128 
3 340 128 
16 3 19 340 128 
34 3 15 340 35 128 
7 3 340 128 
3 340 128 
3 340 128 
3 340 128 
3 340 128 
3 340 128 
3 340 128 
52 3 340 53 128 
3 340 128 
3 340 128 
3 340 128 
3 340 128 
3 340 128 
3 340 128 
3 340 15 128 
7 3 340 128 
3 340 128 
3 340 128 
3 340 128 
3 340 128 
3 340 128 
3 340 128 
3 340 128 
16 17 3 70 340 128 
3 340 128 
3 340 128 
3 340 128 
3 340 128 
3 59 340 15 128 
3 340 128 
3 340 128 
3 340 128 
3 340 128 
31 3 340 128 
31 3 340 128 
3 340 128 
3 340 128 
31 3 340 128 
3 340 128 
3 340 128 
3 340 128 
16 17 3 340 128 
3 340 128 
3 340 128 
3 340 128 
3 340 128 
3 340 128 
3 340 128 
3 340 128 
3 340 128 
3 340 128 
63 3 340 128 
3 59 340 15 128 
3 340 128 
7 3 340 128 
3 340 15 128 
3 340 128 
3 340 128 
3 340 128 
3 340 128 
3 340 128 
3 340 128 
3 340 128 
3 340 128 
3 340 128 
3 340 128 
16 3 19 340 128 
3 340 128 
3 340 128 
3 340 128 
3 340 128 
3 340 128 
3 340 128 
3 340 128 
3 340 128 
3 340 15 128 
3 340 128 
3 340 128 
3 340 128 
3 59 340 15 128 
16 17 3 340 128 
3 340 128 
3 340 128 
3 340 128 
3 340 128 
16 3 19 340 128 
3 340 128 
3 340 128 
3 340 128 
3 340 128 
3 340 128 
3 340 128 
52 3 340 53 128 
3 340 128 
3 340 128 
3 340 128 
3 340 128 
3 340 128 
3 340 128 
3 340 128 
3 340 128 
3 340 128 
3 340 15 128 
3 340 128 
3 340 128 
3 340 128 
3 340 128 
3 340 128 
16 17 3 340 128 
3 340 128 
3 340 128 
31 3 340 128 
31 3 340 128 
3 340 128 
3 340 128 
3 340 128 
3 340 128 
3 340 128 
3 340 128 
7 3 340 128 
3 340 15 128 
3 340 128 
3 340 128 
3 340 128 
3 340 128 
3 340 128 
3 340 128 
3 340 128 
3 59 340 15 128 
3 340 128 
3 340 128 
3 340 128 
16 3 19 340 128 
3 340 128 
3 340 128 
3 340 128 
3 340 128 
3 340 128 
3 340 128 
3 340 128 
3 340 128 
3 340 128 
3 340 128 
3 340 128 
16 3 19 340 128 
3 340 128 
3 340 128 
3 340 128 
3 340 128 
16 3 19 340 128 
3 340 128 
3 340 128 
3 340 128 
3 340 128 
3 340 128 
3 340 128 