3 340 192 
32 16 17 3 33 340 192 
3 340 192 
3 340 192 
7 3 340 192 
3 340 192 
3 59 340 15 192 
3 340 192 
3 340 192 
3 340 192 
3 340 192 
63 3 340 192 
3 340 192 
3 340 192 
3 340 192 
32 16 17 3 33 340 192 
16 3 19 340 192 
3 340 192 
3 340 192 
31 3 340 192 
3 340 192 
3 340 192 
3 340 192 
3 340 192 
3 340 192 
16 17 3 340 192 
3 340 192 
16 3 19 340 192 
3 340 192 
3 340 192 
16 3 19 340 192 
3 340 192 
3 340 192 
3 340 192 
3 340 192 
3 340 192 
16 3 19 340 192 
3 340 192 
3 340 192 
3 340 192 
3 340 192 
3 340 192 
3 340 192 
3 340 192 
3 340 192 
3 340 192 
3 340 192 
16 3 19 340 192 
3 340 192 
3 340 192 
3 340 192 
34 3 15 340 35 192 
3 340 192 
3 340 192 
3 340 192 
3 340 192 
16 17 3 340 192 
3 340 192 
7 3 340 192 
3 340 15 192 
3 340 192 
3 340 192 
3 340 192 
3 340 192 
3 340 192 
3 340 192 
3 340 192 
3 340 192 
3 340 192 
3 340 192 
3 340 192 
3 340 192 
3 340 192 
3 59 340 15 192 
3 340 192 
3 340 192 
52 3 340 53 192 
3 340 192 
3 340 192 
16 17 3 340 192 
3 340 192 
3 340 192 
3 340 192 
3 340 192 
3 340 192 
3 340 192 
3 340 192 
3 340 192 
3 340 192 
3 340 192 
3 340 192 
52 3 340 53 192 
3 340 192 
3 340 192 
3 340 192 
3 340 192 
3 340 192 
3 340 192 
3 340 192 
3 340 192 
3 340 192 
3 340 192 
3 340 192 
3 340 192 
3 340 192 
3 340 192 
3 340 192 
3 340 192 
3 340 192 
16 3 19 340 192 
3 340 192 
3 340 192 
3 340 192 
3 340 192 
3 340 192 
3 340 15 192 
3 340 192 
16 3 19 340 192 
3 340 192 
3 340 192 
3 340 192 
3 340 15 192 
63 3 340 192 
16 3 19 340 192 
3 340 192 
3 340 192 
63 3 340 192 
3 59 340 15 192 
3 340 192 
3 340 192 
16 3 19 340 192 
3 340 192 
3 340 192 
3 340 192 
3 340 192 
3 340 192 
3 340 192 
3 340 192 
3 340 192 
3 340 192 
3 340 192 
3 340 192 
3 340 192 
3 340 192 
3 340 192 
3 340 192 
3 340 192 
3 340 192 
3 340 192 
3 340 192 
31 3 340 192 
31 3 340 192 
3 340 192 
3 340 192 
3 340 192 
3 340 192 
3 340 192 
16 3 19 340 192 
16 3 19 340 192 
3 340 192 
3 340 192 
3 340 192 
3 340 192 
3 340 192 
3 59 340 15 192 
3 340 192 
3 340 192 
3 340 192 
3 340 192 
3 340 192 
3 340 192 
7 3 340 192 
3 340 192 
3 340 192 
3 340 192 
3 340 192 
42 27 7 3 340 43 81 192 
3 340 192 
3 340 192 
3 340 192 
3 340 192 
3 340 192 
3 340 192 
3 340 192 
3 340 192 