1 2 
1 2 
1 2 
1 2 
1 2 
1 2 
1 2 
1 2 
1 413 2 
1 2 
1 2 
1 2 
1 2 
1 2 
1 2 
1 2 
1 2 
1 2 
1 2 
1 2 
1 2 
1 2 
1 413 2 
1 2 
1 2 
1 2 
1 2 
1 2 
1 2 
1 2 
1 15 82 2 
1 2 
1 2 
1 2 
1 2 
1 2 
1 2 
1 13 14 15 2 
1 2 
1 2 
1 2 
1 2 
1 2 
1 2 
1 2 
1 2 
1 2 
1 93 73 74 97 98 2 
1 2 
1 2 
1 413 2 
1 2 
1 2 
1 2 
1 2 
1 2 
1 2 
1 2 
1 2 
1 2 
1 2 
1 413 2 
1 2 
1 2 
1 2 
1 2 
1 2 
1 2 
1 2 
1 2 
1 2 
1 2 
1 2 
1 2 
1 2 
16 1 17 62 2 
1 2 
1 2 
1 2 
16 1 17 62 2 
1 2 
1 2 
1 2 
1 2 
1 2 
1 2 
1 2 
1 3 2 
1 2 
1 2 
1 2 
1 2 
1 2 
1 2 
1 2 
1 2 
1 2 
1 2 
1 2 
1 2 
1 2 
1 2 
1 2 
1 2 
1 2 
1 2 
1 2 
1 2 
1 2 
1 2 
1 2 
1 2 
1 2 
1 2 
1 2 
1 2 
1 2 
1 2 
1 7 9 10 2 
1 2 
1 2 
1 2 
1 2 
1 2 
1 2 
1 2 
1 2 
1 2 
1 2 
1 2 
1 2 
1 2 
1 2 
1 2 
1 2 
1 2 
1 2 
1 2 
1 2 
1 2 
1 2 
1 2 
1 2 
1 2 
1 2 
1 2 
1 2 
1 2 
1 93 73 74 97 98 2 
1 2 
1 2 
1 2 
1 2 
1 2 
1 2 
1 2 
1 2 
1 2 
1 2 
1 2 
1 2 
1 16 19 2 
1 2 
1 15 2 
1 2 
1 2 
1 2 
1 2 
1 2 
1 2 
1 2 
1 2 
1 2 
1 2 
1 2 
1 2 
1 2 
1 2 
1 2 
1 2 
1 2 
1 16 19 2 
1 2 
1 2 
1 2 
1 2 
1 2 
1 2 
1 2 
1 2 
1 2 
1 2 
1 2 
1 2 
1 2 
1 2 
1 2 
1 2 
1 2 
1 2 
1 2 
1 2 
1 2 
1 2 
1 2 
1 2 
1 2 
1 2 
1 2 
1 2 
1 2 
1 2 
1 2 
1 2 
1 2 
16 1 2 
1 2 
1 2 
1 2 
1 2 
1 2 
1 2 
1 2 
1 262 73 138 74 2 
1 2 
1 2 
1 2 
1 2 
1 2 
1 2 
1 2 
1 2 
1 2 
1 413 2 
1 2 
1 2 
1 2 
1 2 
1 2 
1 2 
1 2 
1 2 
1 2 
1 2 
1 2 
1 2 
1 2 
1 2 
1 2 
1 2 
1 2 
1 2 
16 1 2 
1 2 
1 2 
1 2 
1 2 
1 2 
1 2 
1 2 
1 16 19 2 
1 2 
1 2 
1 2 
1 2 
1 2 
1 2 
1 2 
1 2 
1 2 
1 2 
1 2 
1 2 
1 2 
1 2 
1 2 
1 2 
1 2 
1 2 
1 2 
1 2 
1 2 
1 2 
1 2 
1 2 
1 2 
1 24 2 
1 2 
1 2 
1 2 
1 16 17 2 
1 2 
1 2 
1 2 
1 2 
1 2 
1 2 
1 2 
1 2 
1 20 2 
1 2 
1 2 
1 2 
1 2 
1 2 
1 2 
1 2 
1 2 
1 2 
1 2 
1 2 
1 2 
1 2 
1 2 
1 2 
1 2 
1 2 
1 2 
1 2 
1 2 
1 2 
1 2 
1 2 
1 2 
1 2 
1 2 
1 2 
1 2 
1 2 
1 2 
1 2 
1 2 
1 2 
1 2 
1 2 
1 2 
1 2 
1 16 19 2 
1 2 
1 2 
1 2 
1 2 
1 2 
16 1 19 261 2 
1 2 
1 2 
1 2 
1 2 
1 2 
1 13 164 15 2 
1 2 
1 2 
1 2 
1 2 
1 2 
1 2 
1 2 
1 2 
1 2 
1 2 
1 2 
1 2 
1 2 
1 2 
1 2 
1 2 
1 2 
1 2 
1 2 
1 2 
1 15 2 
1 2 
1 2 
1 2 
1 16 19 2 
1 2 
1 2 
1 2 
1 2 
1 2 
1 2 
1 2 
1 2 
1 2 
1 2 
1 93 73 74 97 98 2 
1 2 
1 2 
1 2 
1 2 
1 2 
1 2 
1 2 
1 2 
1 2 
16 1 17 62 2 
1 93 73 74 97 98 2 
1 15 82 2 
1 2 
1 2 
1 2 
1 2 
1 2 
1 2 
1 2 
1 2 
1 2 
1 2 
1 2 
1 2 
1 2 
1 2 
1 2 
1 2 
1 2 
1 2 
1 2 
1 93 73 74 97 98 2 
1 16 19 2 
1 2 
1 2 
1 2 
1 2 
1 2 
1 2 
1 2 
1 2 
1 2 
1 2 
1 2 
1 2 
1 2 
1 2 
1 2 
1 2 
1 2 
1 2 
1 34 263 80 15 2 
1 2 
1 2 
1 2 
1 2 
1 2 
1 2 
1 2 
1 2 
1 2 
1 2 
1 2 
1 2 
1 2 
1 2 
1 2 
1 2 
1 2 
1 2 
1 2 
1 2 
1 2 
1 13 14 15 2 
1 2 
1 2 
1 2 
1 2 
1 2 
1 2 
1 2 
1 2 
1 2 
1 2 
1 2 
1 2 
16 1 17 62 2 
1 2 
1 2 
1 2 
1 2 
1 2 
1 2 
1 2 
1 2 
1 2 
1 2 
1 413 2 
1 2 
1 2 
1 2 
1 2 
1 2 
1 2 
1 2 
1 2 
1 2 
1 2 
1 2 
1 2 
1 2 
1 2 
1 2 
1 2 
1 2 
1 2 
1 2 
1 2 
1 2 
1 73 138 244 74 2 
1 2 
1 2 
1 2 
1 2 
1 2 
1 2 
1 2 
1 2 
1 2 
1 2 
1 2 
1 2 
1 2 
1 2 
1 2 
1 2 
1 15 82 2 
1 2 
1 2 
1 2 
1 2 
1 2 
1 2 
1 2 
1 2 
1 2 
1 2 
1 2 
1 2 
1 2 
1 2 
1 2 
1 2 
1 2 
1 2 
1 2 
1 2 
1 2 
1 2 
1 2 
1 2 
1 2 
1 2 
1 2 
1 2 
1 2 
1 2 
1 2 
1 2 
1 2 
1 2 
1 2 
1 2 
1 2 
1 2 
1 2 
1 2 
1 2 
1 2 
1 2 
1 93 73 74 97 98 2 
1 2 
1 2 
1 2 
1 2 
1 2 
1 93 73 74 97 98 2 
1 2 
1 2 
1 2 
1 2 
1 2 
1 2 
1 2 
1 16 19 2 
1 2 
1 2 
1 2 
1 2 
1 2 
1 2 
1 2 
1 2 
1 2 
1 2 
1 2 
1 2 
1 2 
1 2 
1 2 
1 2 
1 2 
1 2 
1 2 
1 2 
1 2 
1 2 
1 2 
1 173 2 
1 2 
1 2 
1 2 
1 2 
1 2 
1 2 
1 93 73 74 2 
1 2 
1 2 
1 2 
1 2 
1 2 
1 2 
1 52 53 2 
1 2 
1 2 
1 2 
1 2 
1 2 
1 2 
1 2 
1 2 
1 2 
1 2 
1 2 
1 2 
1 2 
1 2 
1 2 
1 2 
1 2 
1 2 
1 2 
1 2 
1 2 
1 93 73 74 97 98 2 
1 2 
1 2 
1 2 
1 2 
1 2 
1 2 
1 2 
1 2 
1 2 
1 2 
1 2 
1 413 2 
1 2 
1 2 
1 2 
1 2 
1 2 
1 2 
1 2 
1 2 
1 2 
1 2 
1 2 
1 2 
1 93 73 74 97 98 2 
1 2 
1 2 
1 2 
1 2 
1 2 
1 2 
1 2 
1 2 
1 2 
1 2 
1 2 
1 2 
1 2 
1 413 2 
1 2 
1 2 
1 2 
1 2 
1 2 
1 2 
1 2 
1 2 
1 73 138 244 74 2 
1 2 
1 2 
1 2 
1 2 
1 2 
1 73 138 244 74 2 
1 2 
1 2 
1 413 2 
1 2 
1 2 
1 2 
1 2 
1 2 
1 2 
1 2 
1 16 19 2 
1 2 
1 413 2 
1 413 2 
1 2 
1 2 
1 2 
1 2 
1 413 2 
1 2 
1 2 
1 2 
16 1 17 62 2 
1 2 
1 2 