16 17 132 69 72 331 
16 17 69 72 331 
16 17 69 72 331 
16 17 69 72 331 
16 17 69 72 331 
16 27 17 132 7 69 83 43 331 
16 17 69 72 331 
16 17 69 72 331 
16 17 69 72 331 
16 17 69 72 331 
16 17 69 19 72 331 
16 17 69 72 331 
16 17 69 72 331 
16 17 69 59 15 72 331 
16 17 69 59 15 72 331 
16 17 69 72 331 
16 17 69 72 331 
16 32 17 33 69 72 331 
16 27 17 132 7 69 83 43 331 
16 17 69 72 331 
16 17 69 72 331 
16 17 69 72 331 
16 17 69 72 331 
16 17 69 72 331 
16 17 69 72 331 
16 17 69 72 331 
16 17 3 65 69 72 331 
16 17 69 62 72 331 
16 27 17 132 7 69 83 43 331 
16 17 69 72 331 
16 17 69 72 331 
16 17 69 72 331 
16 17 69 72 331 
16 17 69 72 331 
16 17 69 72 331 
16 17 69 72 331 
16 17 69 72 331 
16 17 69 72 331 
16 17 69 72 331 
16 17 69 72 331 
16 17 69 72 331 
16 17 69 72 331 
16 17 69 72 331 
16 17 69 72 331 
16 17 69 72 331 
16 17 69 72 331 
16 17 69 59 15 72 331 
16 17 69 15 72 331 
16 17 69 72 331 
16 17 132 69 72 331 
16 17 69 72 331 
16 17 69 72 331 
16 17 69 72 331 
16 17 69 72 331 
16 17 69 15 72 331 
16 17 69 72 331 
16 17 69 72 331 
16 17 69 72 331 
16 17 69 72 331 
16 17 69 72 331 
16 17 69 62 72 331 
16 17 69 72 331 
16 17 69 72 331 
16 17 69 72 331 
16 17 69 72 331 
16 17 69 72 331 
16 17 69 72 331 
16 17 69 72 331 
16 17 69 15 72 331 
16 17 69 72 331 
16 17 69 72 331 
16 17 69 72 331 
16 17 69 72 331 
16 17 69 72 331 
16 17 69 72 331 
16 17 69 72 331 
16 17 69 72 331 
16 17 69 72 331 
16 17 69 72 331 
16 17 69 72 331 
16 17 69 72 331 
16 17 69 72 331 
16 17 69 72 331 
16 17 69 72 331 
16 17 69 72 331 
16 17 69 72 331 
16 17 132 69 72 331 
16 26 27 17 7 69 72 331 
16 17 69 72 331 
16 17 69 72 331 
16 17 69 72 331 
16 17 69 72 331 
16 17 69 72 331 
16 17 69 72 331 
16 17 69 72 331 
16 17 69 72 331 
16 17 69 72 331 
16 17 69 72 331 
16 17 69 72 331 
16 17 69 72 331 
16 17 69 72 331 
16 17 69 72 331 
16 17 69 72 331 
16 17 69 72 331 
16 27 17 7 69 72 83 43 331 
16 17 69 72 331 
16 17 69 72 331 
16 17 69 62 72 331 
16 17 69 72 331 
16 17 69 72 331 
16 17 69 72 331 
16 17 69 72 331 
16 17 69 72 331 
16 17 69 15 72 331 
16 17 69 72 331 
16 17 69 72 331 
16 17 69 72 331 
16 17 69 72 331 
16 17 69 72 331 
16 17 69 72 331 
16 17 69 72 331 
16 17 132 69 72 331 
16 17 69 72 331 
16 17 69 72 331 
16 17 69 72 331 
16 17 69 72 331 
16 17 69 72 331 
16 17 69 72 331 
16 17 69 72 331 
16 17 69 72 331 
16 17 69 72 331 
16 17 69 62 72 331 
16 17 69 72 331 
16 17 69 72 331 
16 27 17 7 69 72 83 43 331 
16 17 69 72 331 
16 148 149 17 7 69 110 72 331 
16 17 69 72 331 
16 17 69 72 331 
16 17 69 72 331 
16 17 69 72 331 
16 17 132 69 72 331 
16 17 69 59 15 72 331 
16 17 69 72 331 
16 17 69 72 331 
16 17 69 72 331 
16 17 69 72 331 
16 17 69 72 331 
16 17 69 62 72 331 
16 17 69 72 331 
16 17 69 72 331 
16 148 149 17 7 69 110 72 331 
16 148 149 17 7 69 110 72 331 
16 148 149 17 7 69 110 72 331 
16 17 69 72 331 
16 17 69 72 331 
16 17 69 72 331 
16 17 69 72 331 
16 17 69 62 72 331 
16 17 69 72 331 
16 17 69 72 331 
16 32 17 33 69 72 331 
16 17 69 72 331 
16 17 69 72 331 
16 27 17 7 69 72 83 43 331 
16 17 69 72 331 
16 17 69 72 331 
16 17 69 72 331 
16 17 69 72 331 
16 17 69 72 331 
16 26 27 17 7 69 72 331 
16 17 69 72 331 
16 17 69 72 331 
16 27 17 7 69 72 83 43 331 
16 17 69 72 331 
16 17 69 72 331 
16 17 69 72 331 
16 17 69 72 331 
16 17 69 72 331 
16 17 132 69 72 331 
16 17 69 72 331 
16 17 69 72 331 
16 17 69 72 331 
16 17 69 72 331 
16 17 69 72 331 
16 32 17 33 69 72 331 
16 17 69 72 331 
16 17 69 72 331 
16 17 69 72 331 
16 27 17 132 7 69 83 43 331 
16 17 69 72 331 
16 17 69 72 331 
16 17 69 62 72 331 
16 17 69 72 331 
16 17 69 72 331 
16 17 69 72 331 
16 17 69 72 331 
16 17 69 72 331 
16 17 69 72 331 
16 27 17 7 69 72 83 43 331 
16 17 69 72 331 
16 17 69 72 331 
16 17 69 72 331 
16 17 69 72 331 
16 17 69 72 331 
16 17 69 72 331 
16 17 69 72 331 
16 17 69 72 331 
16 17 69 59 15 72 331 
16 17 69 72 331 
16 17 69 72 331 
16 17 69 72 331 
16 13 17 69 14 15 72 331 
16 17 69 59 15 72 331 
16 17 69 72 331 
16 17 69 72 331 
16 17 69 72 331 
16 17 132 69 72 331 
16 17 69 72 331 
16 17 69 72 331 
16 17 69 72 331 
16 27 17 132 7 69 83 43 331 
16 17 69 19 72 331 
16 17 69 15 72 331 
16 27 17 132 7 69 83 43 331 
16 17 69 72 331 
16 17 150 69 15 72 159 331 
16 17 69 72 331 
16 27 17 132 7 69 83 43 331 
16 17 69 72 331 
16 17 69 72 331 
16 17 69 72 331 
16 17 132 69 331 
16 32 17 33 69 72 331 
16 17 69 72 331 
16 27 17 132 7 69 83 43 331 
16 27 17 132 7 69 83 43 331 
16 17 69 72 331 
16 17 69 62 72 331 
16 17 69 72 331 
16 17 69 72 331 
16 17 69 72 331 
16 17 69 72 331 
16 17 69 72 331 
16 17 69 72 331 
16 17 69 72 331 
16 1 17 69 72 331 
16 17 69 19 72 331 
16 17 69 72 331 
16 17 69 72 331 
16 17 69 72 331 
16 32 17 33 69 72 331 
16 17 69 72 331 
16 17 69 72 331 
16 17 69 72 331 
16 17 69 72 331 
16 17 69 72 331 
16 17 69 72 331 
16 17 69 72 331 
16 17 69 72 331 
16 17 132 69 72 331 
16 17 69 72 331 
16 17 69 72 331 
16 17 69 72 331 
16 17 69 72 331 
16 17 69 72 331 
16 17 69 72 331 
16 17 69 72 331 
16 32 17 33 69 72 331 
16 17 69 72 331 
16 17 69 72 331 
16 17 69 72 331 
16 17 69 72 331 
16 17 69 72 331 
16 17 69 72 331 
16 17 69 72 331 
16 17 69 72 331 
16 1 17 69 72 331 
16 100 17 101 69 72 331 
16 17 69 72 331 
16 17 69 72 331 
16 17 69 72 331 
16 17 69 72 331 
16 17 69 72 331 
16 17 69 72 331 
16 17 132 69 331 
16 17 132 69 331 
16 17 69 59 15 72 331 
16 17 69 72 331 
16 17 69 72 331 
16 17 69 72 331 
16 17 69 72 331 
16 32 17 33 69 72 331 
16 17 69 72 331 
16 17 69 59 15 72 331 
16 27 17 132 7 69 83 43 331 
16 17 69 72 331 
16 27 17 132 7 69 83 43 331 
16 17 69 72 331 
16 27 17 132 7 69 83 43 331 
16 27 17 132 7 69 83 43 331 
16 17 69 72 331 
16 17 69 72 331 
16 17 69 72 331 
16 17 69 15 72 82 331 
16 17 69 72 331 
16 17 69 72 331 
16 17 69 72 331 
16 17 69 59 15 72 331 
16 17 69 72 331 
16 17 69 72 331 
16 17 69 72 331 
16 17 69 59 15 72 331 
16 17 69 72 331 
16 17 69 72 331 
16 17 69 72 331 
16 17 69 72 331 
16 17 69 72 331 
16 17 69 72 331 
16 17 69 72 331 
16 17 69 72 331 
16 17 69 72 331 
16 17 69 72 331 
16 17 69 72 331 
16 17 69 72 331 
16 17 69 72 331 
16 17 69 72 331 
16 17 69 72 331 
16 17 177 7 69 110 72 331 
16 17 69 72 331 
16 27 17 7 69 72 83 43 331 
16 17 69 72 331 
16 17 69 72 331 
16 17 69 72 331 
16 17 69 72 331 
16 17 132 69 331 
16 27 17 132 7 69 83 43 331 
16 17 69 72 331 
16 27 17 132 7 69 83 43 331 
16 27 17 132 7 69 83 43 331 
16 17 69 72 331 
16 17 69 72 331 
16 27 17 132 7 69 83 43 331 
16 17 69 72 331 
16 27 17 132 7 69 83 43 331 
16 17 69 72 331 
16 17 69 59 15 72 331 
16 17 7 69 134 10 72 331 
16 17 69 72 331 
16 17 69 72 331 
16 17 69 72 331 
16 17 132 69 72 331 
16 17 69 72 331 
16 17 69 72 331 
16 17 69 72 331 
16 27 17 132 7 69 83 43 331 
16 17 69 72 331 
16 17 69 72 331 
16 27 17 7 69 72 83 43 331 
16 17 69 72 331 
16 17 69 62 72 331 
16 17 69 72 331 
16 17 69 72 331 
16 17 69 72 331 
16 17 69 72 331 
16 17 69 72 331 
16 17 69 72 331 
16 17 69 72 331 
16 17 69 72 331 
16 17 69 72 331 
16 17 69 72 331 
16 17 69 19 72 331 
16 32 17 33 69 72 331 
16 17 69 72 331 
16 17 69 72 331 
16 17 69 72 331 
16 17 69 72 331 
16 17 69 72 331 
16 17 69 15 72 331 
16 17 69 72 331 
16 17 69 72 331 
16 17 69 72 331 
16 17 69 72 331 
16 17 69 72 331 
16 17 132 69 72 331 
16 17 69 72 331 
16 17 69 72 331 
16 27 17 132 7 69 83 43 331 
16 17 69 72 331 
16 17 69 15 72 331 
16 27 17 132 7 69 83 43 331 
16 27 17 132 7 69 83 43 331 
16 27 17 132 7 69 83 43 331 
16 27 17 132 7 69 83 43 331 
16 17 132 69 62 331 
16 17 69 72 331 
16 17 132 69 331 
16 27 17 132 7 69 83 43 331 
16 17 132 69 331 
16 27 17 132 7 69 83 43 331 
16 17 69 72 331 
16 27 17 132 7 69 83 43 331 
16 27 17 132 7 69 83 43 331 
16 27 17 132 7 69 83 43 331 
16 17 69 15 72 331 
16 27 17 132 7 69 83 43 331 
16 17 69 72 331 
16 17 132 69 72 331 
16 17 132 69 331 
16 17 69 72 331 
16 27 17 132 7 69 83 43 331 
16 27 17 132 7 69 83 43 331 
16 27 17 132 7 69 83 43 331 
16 17 132 69 72 331 
16 17 69 72 331 
16 27 17 132 7 69 83 43 331 
16 17 69 72 331 
16 17 69 72 331 
16 27 17 132 7 69 83 43 331 
16 27 17 132 7 69 83 43 331 
16 17 69 72 331 
16 17 132 69 59 15 331 
16 17 69 72 331 
16 17 69 72 331 
16 17 69 72 331 
16 27 17 132 7 69 83 43 331 
16 17 69 72 331 
16 17 69 72 331 
16 17 69 72 331 
16 17 69 72 331 
16 17 69 72 331 
16 17 69 72 331 
16 17 69 15 72 331 
16 17 69 72 331 
16 17 69 72 331 
16 27 17 132 7 69 83 43 331 
16 17 69 72 331 
16 17 69 72 331 
16 17 69 72 331 
16 17 69 72 331 
16 17 69 72 331 
16 17 69 72 331 
16 27 17 132 7 69 83 43 331 
16 27 17 132 7 69 83 43 331 
16 27 17 132 7 69 83 43 331 
16 27 17 132 7 69 83 43 331 
16 17 69 72 331 
16 17 69 72 331 
16 17 69 72 331 
16 27 17 132 7 69 83 43 331 
16 27 17 132 7 69 83 43 331 
16 17 69 72 331 
16 27 17 132 7 69 83 43 331 
16 27 17 132 7 69 83 43 331 
16 17 69 72 331 
16 17 69 72 331 
16 17 69 72 331 
16 17 69 72 331 
16 27 17 132 7 69 83 43 331 
16 27 17 132 7 69 83 43 331 
16 27 17 132 7 69 83 43 331 
16 17 132 69 72 331 
16 27 17 132 7 69 83 43 331 
16 32 17 33 69 72 331 
16 27 17 132 7 69 83 43 331 
16 27 17 132 7 69 83 43 331 
16 27 17 132 7 69 83 43 331 
16 27 17 132 7 69 83 43 331 
16 17 69 72 331 
16 27 17 132 7 69 83 43 331 
16 27 17 132 7 69 83 43 331 
16 17 69 72 331 
16 17 69 72 331 
16 17 69 72 331 
16 17 69 62 72 331 
16 17 69 72 331 
16 17 132 69 72 331 
16 17 69 72 331 
16 17 69 72 331 
16 17 132 69 72 331 
16 17 69 72 331 
16 17 69 72 331 
16 17 69 15 72 331 
16 27 17 132 7 69 83 43 331 
16 27 17 132 7 69 83 43 331 
16 27 17 132 7 69 83 43 331 
16 17 69 72 331 
16 17 69 72 331 
16 27 17 132 7 69 83 43 331 
16 17 132 69 72 331 
16 27 17 132 7 69 83 43 331 
16 17 69 72 331 
16 152 17 69 23 24 153 72 55 331 
16 17 69 59 15 72 331 
16 17 69 72 331 
16 17 132 69 72 331 
16 27 17 132 7 69 83 43 331 
16 17 69 72 331 
16 27 17 132 7 69 83 43 331 
16 27 17 132 7 69 83 43 331 
16 17 69 72 331 
16 27 17 132 7 69 83 43 331 
16 17 69 72 331 
16 17 69 72 331 
16 27 17 132 7 69 83 43 331 
16 17 69 72 331 
16 17 132 69 331 
16 17 69 72 331 
16 17 69 72 331 
16 17 69 72 331 
16 17 69 72 331 
16 17 69 72 331 
16 17 69 62 72 331 
16 17 69 72 331 
16 17 69 72 331 
16 17 69 72 331 
16 27 17 132 7 69 83 43 331 
16 27 17 132 7 69 83 43 331 
16 27 17 132 7 69 83 43 331 
16 27 17 132 7 69 83 43 331 
16 27 17 132 7 69 83 43 331 
16 27 17 132 7 69 83 43 331 
16 27 17 132 7 69 83 43 331 
16 17 132 69 72 331 
16 17 69 72 331 
16 27 17 132 7 69 83 43 331 
16 17 69 72 331 
16 27 17 132 7 69 83 43 331 
16 27 17 132 7 69 83 43 331 
16 27 17 132 7 69 83 43 331 
16 17 69 19 72 331 
16 27 17 132 7 69 83 43 331 
16 27 17 132 7 69 83 43 331 
16 27 17 132 7 69 83 43 331 
16 27 17 132 7 69 83 43 331 
16 27 17 132 7 69 83 43 331 
16 17 69 72 331 
16 17 132 69 331 
16 27 17 132 7 69 83 43 331 
16 17 69 72 331 
16 17 69 72 331 
16 17 69 72 331 
16 27 17 132 7 69 83 43 331 
16 27 17 132 7 69 83 43 331 
16 27 17 132 7 69 83 43 331 
16 17 69 15 72 331 
16 17 132 69 72 331 
16 17 69 72 331 
16 32 17 33 69 72 331 
16 17 69 72 331 
16 17 69 72 331 
16 27 17 132 7 69 83 43 331 
16 27 17 132 7 69 83 43 331 
16 27 17 132 7 69 83 43 331 
16 27 17 132 7 69 83 43 331 
16 27 17 132 7 69 83 43 331 
16 17 132 69 72 331 
16 17 132 69 331 
16 17 69 72 331 
16 17 69 72 331 
16 27 17 132 7 69 83 43 331 
16 17 132 69 331 
16 27 17 132 7 69 83 43 331 
16 27 17 132 7 69 83 43 331 
16 27 17 132 7 69 83 43 331 
16 17 69 72 331 
16 17 69 72 331 
16 17 69 19 72 331 
16 17 69 72 331 
16 17 69 72 331 
16 17 69 72 331 
16 17 69 19 72 331 
16 17 69 72 331 
16 27 17 132 7 69 83 43 331 
16 17 69 72 331 
16 17 69 72 331 
16 17 69 72 331 
16 27 17 132 7 69 83 43 331 
16 17 132 69 331 
16 17 69 72 331 
16 27 17 132 7 69 83 43 331 
16 27 17 132 7 69 83 43 331 
16 17 69 72 331 
16 27 17 132 7 69 83 43 331 
16 17 132 69 72 331 
16 17 69 72 331 
16 17 132 7 69 331 
16 27 17 132 7 69 83 43 331 
16 17 69 72 331 
16 27 17 132 7 69 83 43 331 
16 17 69 72 331 
16 27 17 132 7 69 83 43 331 
16 27 17 132 7 69 83 43 331 
16 17 69 72 331 
16 17 69 72 331 
16 17 69 72 331 
16 27 17 7 69 72 83 43 331 
16 27 17 132 7 69 83 43 331 
16 27 17 132 7 69 83 43 331 
16 27 17 132 7 69 83 43 331 
16 27 17 132 7 69 83 43 331 
16 27 17 132 7 69 83 43 331 
16 27 17 132 7 69 83 43 331 
16 17 132 69 331 
16 17 69 72 331 
16 17 69 72 331 
16 27 17 132 7 69 83 43 331 
16 27 17 132 7 69 83 43 331 
16 27 17 132 7 69 83 43 331 
16 17 69 72 331 
16 27 17 132 7 69 83 43 331 
16 17 132 69 72 331 
16 17 69 72 331 
16 27 17 132 7 69 83 43 331 
16 17 69 72 331 
16 27 17 132 7 69 83 43 331 
16 17 69 72 331 
16 17 132 69 72 331 
16 17 69 72 331 
16 17 69 72 331 
16 17 69 72 331 
16 17 69 72 331 
16 17 69 72 331 
16 17 160 34 69 15 161 72 331 
16 17 69 72 331 
16 17 69 72 331 
16 17 69 72 331 
16 27 17 132 7 69 83 43 331 
16 27 17 132 7 69 83 43 331 
16 27 17 132 7 69 83 43 331 
16 27 17 132 7 69 83 43 331 
16 27 17 132 7 69 83 43 331 
16 17 132 69 331 
16 17 69 72 331 
16 27 17 132 7 69 83 43 331 
16 27 17 132 7 69 83 43 331 
16 17 69 72 331 
16 17 69 72 331 
16 27 17 132 7 69 83 43 331 
16 27 17 132 7 69 83 43 331 
16 13 17 69 14 15 72 331 
16 27 17 132 7 69 83 43 331 
16 17 69 72 331 
16 17 69 72 331 
16 17 69 72 331 
16 17 69 72 331 
16 17 69 72 331 
16 27 17 132 7 69 83 43 331 
16 17 132 69 331 
16 17 69 72 331 
16 17 69 15 72 331 
16 17 132 69 331 
16 17 69 72 331 
16 27 17 132 7 69 83 43 331 
16 27 17 132 7 69 83 43 331 
16 27 17 132 7 69 83 43 331 
16 17 132 69 62 331 
16 27 17 132 7 69 83 43 331 
16 17 132 69 331 
16 17 132 69 331 
16 27 17 132 7 69 83 43 331 
16 27 17 132 7 69 83 43 331 
16 27 17 132 7 69 83 43 331 
16 27 17 132 7 69 83 43 331 
16 17 69 72 331 
16 27 17 132 7 69 83 43 331 
16 27 17 132 7 69 83 43 331 
16 27 17 132 7 69 83 43 331 
16 27 17 132 7 69 83 43 331 
16 27 17 132 7 69 83 43 331 
16 17 69 72 331 
16 17 69 72 331 
16 17 132 69 331 
16 17 69 72 331 
16 17 132 69 331 
16 17 69 72 331 
16 17 69 15 72 331 
16 17 132 69 331 
16 17 69 72 331 
16 27 17 132 7 69 83 43 331 
16 17 69 72 331 
16 17 69 72 331 
16 27 17 132 7 69 83 43 331 
16 27 17 132 7 69 83 43 331 
16 17 69 72 331 
16 27 17 7 69 72 83 43 331 
16 27 17 132 7 69 83 43 331 
16 17 69 72 331 
16 17 69 72 331 
16 27 17 132 7 69 83 43 331 
16 17 69 72 331 
16 17 69 72 331 
16 27 17 132 7 69 83 43 331 
16 27 17 132 7 69 83 43 331 
16 27 17 132 7 69 83 43 331 
16 27 17 132 7 69 83 43 331 
16 17 132 69 331 
16 17 132 69 331 
16 27 17 132 7 69 83 43 331 
16 27 17 132 7 69 83 43 331 
16 17 69 72 331 
16 17 69 72 331 
16 17 69 72 331 
16 17 69 72 331 
16 17 69 19 72 331 
16 17 69 72 331 
16 17 69 72 331 
16 17 69 19 72 331 
16 17 69 72 331 
16 17 69 72 331 
16 17 69 72 331 
16 27 17 132 7 69 83 43 331 
16 17 69 72 331 
16 27 17 132 7 69 83 43 331 
16 17 69 72 331 
16 27 17 132 7 69 83 43 331 
16 17 69 72 331 
16 17 7 69 72 331 
16 17 69 72 331 
16 17 69 72 331 
16 27 17 132 7 69 83 43 331 
16 27 17 132 7 69 83 43 331 
16 27 17 132 7 69 83 43 331 
16 17 132 69 331 
16 27 17 132 7 69 83 43 331 
16 17 132 34 69 15 35 331 
16 27 17 132 7 69 83 43 331 
16 27 17 132 7 69 83 43 331 
16 27 17 132 7 69 83 43 331 
16 17 69 72 331 
16 27 17 132 7 69 83 43 331 
16 27 17 132 7 69 83 43 331 
16 17 132 69 59 15 331 
16 27 17 132 7 69 83 43 331 
16 27 17 132 7 69 83 43 331 
16 17 69 72 331 
16 17 132 69 331 
16 27 17 132 7 69 83 43 331 
16 27 17 132 7 69 83 43 331 
16 27 17 132 7 69 83 43 331 
16 27 17 132 7 69 83 43 331 
16 27 17 132 7 69 83 43 331 
16 17 69 72 331 
16 17 69 72 331 
16 17 69 72 331 
16 17 69 72 331 
16 17 69 72 331 
16 27 17 132 7 69 83 43 331 
16 17 69 72 331 
16 27 17 132 7 69 83 43 331 
16 17 7 69 72 331 
16 17 69 72 331 
16 17 132 69 19 331 
16 17 132 69 331 
16 27 17 132 7 69 83 43 331 
16 27 17 132 7 69 83 43 331 
16 27 17 132 7 69 83 43 331 
16 17 69 72 331 
16 17 69 72 331 
16 17 69 72 331 
16 17 69 72 331 
16 27 17 132 7 69 83 43 331 
16 17 69 72 331 
16 17 69 72 331 
16 27 17 132 7 69 83 43 331 
16 17 132 69 331 
16 27 17 132 7 69 83 43 331 
16 27 17 132 7 69 83 43 331 
16 17 69 72 331 
16 17 132 69 331 
16 27 17 132 7 69 83 43 331 
16 27 17 132 7 69 83 43 331 
16 17 69 72 331 
16 27 17 132 7 69 83 43 331 
16 17 132 69 72 331 
16 27 17 7 69 72 83 43 331 
16 27 17 132 7 69 83 43 331 
16 27 17 132 7 69 83 43 331 
16 27 17 132 7 69 83 43 331 
16 27 17 132 7 69 83 43 331 
16 17 132 69 331 
16 27 17 132 7 69 83 43 331 
16 17 69 72 331 
16 17 132 69 331 
16 27 17 132 7 69 83 43 331 
16 27 17 132 7 69 83 43 331 
16 27 17 132 7 69 83 43 331 
16 27 17 132 7 69 83 43 331 
16 27 17 132 7 69 83 43 331 
16 27 17 7 69 72 83 43 331 
16 17 69 62 72 331 
16 17 69 72 331 
16 27 17 132 7 69 83 43 331 
16 17 132 69 72 331 
16 27 17 132 7 69 83 43 331 
16 27 17 132 7 69 83 43 331 
16 17 132 69 331 
16 17 69 72 331 
16 27 17 132 7 69 83 43 331 
16 17 69 72 331 
16 17 69 72 331 
16 27 17 132 7 69 83 43 331 
16 17 69 72 331 
16 27 17 132 7 69 83 43 331 
16 17 69 72 331 
16 27 17 132 7 69 83 43 331 
16 27 17 132 7 69 83 43 331 
16 17 69 19 72 331 
16 17 69 72 331 
16 27 17 132 7 69 83 43 331 
16 27 17 132 7 69 83 43 331 
16 17 132 69 331 
16 27 17 132 7 69 83 43 331 
16 27 17 132 7 69 83 43 331 
16 27 17 132 7 69 83 43 331 
16 27 17 132 7 69 83 43 331 
16 27 17 132 7 69 83 43 331 
16 17 132 69 72 331 
16 27 17 132 7 69 83 43 331 
16 17 69 72 331 
16 17 69 72 331 
16 27 17 132 7 69 83 43 331 
16 27 17 132 7 69 83 43 331 
16 17 69 72 331 
16 17 69 72 331 
16 27 17 7 69 72 83 43 331 
16 27 17 132 7 69 83 43 331 
16 17 69 19 72 331 
16 27 17 132 7 69 83 43 331 
16 27 17 132 7 69 83 43 331 
16 17 69 72 331 
16 17 69 72 331 
16 27 17 132 7 69 83 43 331 
16 27 17 132 7 69 83 43 331 
16 17 69 19 72 331 
16 17 69 72 331 
16 27 17 132 7 69 83 43 331 
16 27 17 132 7 69 83 43 331 
16 27 17 7 69 72 83 43 331 
16 27 17 132 7 69 83 43 331 
16 17 132 69 331 
16 27 17 132 7 69 83 43 331 
16 17 69 72 331 
16 27 17 132 7 69 83 43 331 
16 17 69 72 331 
16 27 17 132 7 69 83 43 331 
16 27 17 132 7 69 83 43 331 
16 27 17 132 7 69 83 43 331 
16 17 132 69 331 
16 17 132 7 69 331 
16 17 69 72 331 
16 27 17 132 7 69 83 43 331 
16 27 17 132 7 69 83 43 331 
16 27 17 132 7 69 83 43 331 
16 27 17 132 7 69 83 43 331 
16 27 17 132 7 69 83 43 331 
16 27 17 132 7 69 83 43 331 
16 17 69 72 331 
16 17 132 69 331 
16 27 17 132 7 69 83 43 331 
16 27 17 132 7 69 83 43 331 
16 17 132 69 331 
16 17 69 72 331 
16 27 17 7 69 72 83 43 331 
16 27 17 132 7 69 83 43 331 
16 27 17 132 7 69 83 43 331 
16 27 17 132 7 69 83 43 331 
16 17 69 72 331 
16 27 17 132 7 69 83 43 331 
16 27 17 132 7 69 83 43 331 
16 27 17 132 7 69 83 43 331 
16 17 69 72 331 
16 27 17 132 7 69 83 43 331 
16 27 17 132 7 69 83 43 331 
16 27 17 132 7 69 83 43 331 
16 27 17 132 7 69 83 43 331 
16 27 17 132 7 69 83 43 331 
16 27 17 132 7 69 83 43 331 
16 27 17 132 7 69 83 43 331 
16 17 69 72 331 
16 27 17 132 7 69 83 43 331 
16 17 69 72 331 
16 27 17 132 7 69 83 43 331 
16 17 69 19 72 331 
16 17 69 72 331 
16 17 69 72 331 
16 27 17 132 7 69 83 43 331 
16 27 17 132 7 69 83 43 331 
16 17 132 69 331 
16 17 69 72 331 
16 27 17 132 7 69 83 43 331 
16 27 17 7 69 72 83 43 331 
16 17 69 72 331 
16 17 69 72 331 
16 17 69 72 331 
16 27 17 132 7 69 83 43 331 
16 17 69 72 331 
16 27 17 132 7 69 83 43 331 
16 27 17 132 7 69 83 43 331 
16 17 132 69 331 
16 17 69 72 331 
16 17 132 69 331 
16 17 69 72 331 
16 27 17 132 7 69 83 43 331 
16 17 69 72 331 
16 17 69 72 331 
16 27 17 132 7 69 83 43 331 
16 17 132 69 331 
16 27 17 132 7 69 83 43 331 
16 27 17 132 7 69 83 43 331 
16 17 132 69 72 331 
16 27 17 132 7 69 83 43 331 
16 27 17 132 7 69 83 43 331 
16 27 17 132 7 69 83 43 331 
16 27 17 132 7 69 83 43 331 
16 27 17 132 7 69 83 43 331 
16 27 17 132 7 69 83 43 331 
16 17 69 72 331 
16 17 69 72 331 
16 17 69 72 331 
16 27 17 132 7 69 83 43 331 
16 27 17 132 7 69 83 43 331 
16 27 17 132 7 69 83 43 331 
16 27 17 132 7 69 83 43 331 
16 27 17 132 7 69 83 43 331 
16 27 17 132 7 69 83 43 331 
16 27 17 132 7 69 83 43 331 
16 27 17 132 7 69 83 43 331 
16 27 17 132 7 69 83 43 331 
16 17 69 72 331 
16 27 17 132 7 69 83 43 331 
16 17 69 72 331 
16 17 69 72 331 
16 27 17 132 7 69 83 43 331 
16 27 17 132 7 69 83 43 331 
16 27 17 132 7 69 83 43 331 
16 27 17 132 7 69 83 43 331 
16 17 132 69 331 
16 17 69 72 331 
16 27 17 132 7 69 83 43 331 
16 17 132 69 331 
16 27 17 132 7 69 83 43 331 
16 27 17 132 7 69 83 43 331 
16 27 17 132 7 69 83 43 331 
16 27 17 132 7 69 83 43 331 
16 17 69 72 331 
16 27 17 132 7 69 83 43 331 
16 17 132 69 331 
16 17 132 69 72 331 
16 27 17 132 7 69 83 43 331 
16 27 17 132 7 69 83 43 331 
16 27 17 132 7 69 83 43 331 
16 27 17 132 7 69 83 43 331 
16 27 17 132 7 69 83 43 331 
16 17 69 72 331 
16 17 69 72 331 
16 27 17 132 7 69 83 43 331 
16 27 17 132 7 69 83 43 331 
16 27 17 132 7 69 83 43 331 
16 27 17 132 7 69 83 43 331 
16 17 69 72 331 
16 27 17 132 7 69 83 43 331 
16 17 69 72 331 
16 27 17 132 7 69 83 43 331 
16 27 17 132 7 69 83 43 331 
16 27 17 132 7 69 83 43 331 
16 27 17 132 7 69 83 43 331 
16 27 17 132 7 69 83 43 331 
16 27 17 132 7 69 83 43 331 
16 17 69 72 331 
16 27 17 132 7 69 83 43 331 
16 17 69 72 331 
16 17 69 72 331 
16 17 132 69 19 331 
16 27 17 132 7 69 83 43 331 
16 17 69 72 331 
16 27 17 132 7 69 83 43 331 
16 27 17 132 7 69 83 43 331 
16 17 132 69 331 
16 17 132 69 331 
16 17 69 72 331 
16 27 17 132 7 69 83 43 331 
16 17 132 69 331 
16 17 132 69 331 
16 17 132 69 19 331 
16 27 17 132 7 69 83 43 331 
16 27 17 132 7 69 83 43 331 
16 27 17 132 7 69 83 43 331 
16 17 132 69 331 
16 17 132 69 331 
16 27 17 7 69 72 83 43 331 
16 17 132 69 331 
16 27 17 132 7 69 83 43 331 
16 27 17 132 7 69 83 43 331 
16 17 132 69 72 331 
16 27 17 132 7 69 83 43 331 
16 17 132 69 59 15 331 
16 27 17 132 7 69 83 43 331 
16 17 132 34 69 15 35 331 
16 27 17 132 7 69 83 43 331 
16 27 17 132 7 69 83 43 331 
16 27 17 132 7 69 83 43 331 
16 27 17 132 7 69 83 43 331 
16 17 132 69 331 
16 27 17 132 7 69 83 43 331 
16 17 69 72 331 
16 17 132 69 331 
16 17 69 72 331 
16 27 17 132 7 69 83 43 331 
16 17 69 72 331 
16 27 17 132 7 69 83 43 331 
16 27 17 132 7 69 83 43 331 
16 27 17 132 7 69 83 43 331 
16 27 17 132 7 69 83 43 331 
16 27 17 132 7 69 83 43 331 
16 27 17 132 7 69 83 43 331 
16 27 17 132 7 69 83 43 331 
16 27 17 132 7 69 83 43 331 
16 27 17 132 7 69 83 43 331 
16 27 17 132 7 69 83 43 331 
16 17 132 69 331 
16 17 69 72 331 
16 27 17 132 7 69 83 43 331 
16 17 132 69 331 
16 27 17 132 7 69 83 43 331 
16 27 17 132 7 69 83 43 331 
16 17 69 19 72 331 
16 17 69 72 331 
16 27 17 132 7 69 83 43 331 
16 17 132 69 72 331 
16 27 17 132 7 69 83 43 331 
16 27 17 132 7 69 83 43 331 
16 27 17 132 7 69 83 43 331 
16 27 17 7 69 72 83 43 331 
16 27 17 132 7 69 83 43 331 
16 27 17 132 7 69 83 43 331 
16 17 69 72 331 
16 17 132 69 19 331 
16 17 69 72 331 
16 17 69 72 331 
16 27 17 132 7 69 83 43 331 
16 27 17 132 7 69 83 43 331 
16 27 17 132 7 69 83 43 331 
16 17 132 69 19 331 
16 27 17 132 7 69 83 43 331 
16 27 17 132 7 69 83 43 331 
16 17 132 69 331 
16 17 132 69 331 
16 27 17 132 7 69 83 43 331 
16 27 17 132 7 69 83 43 331 
16 27 17 132 7 69 83 43 331 
16 17 69 72 331 
16 27 17 132 7 69 83 43 331 
16 27 17 132 7 69 83 43 331 
16 27 17 132 7 69 83 43 331 
16 17 69 72 331 
16 27 17 132 7 69 83 43 331 
16 27 17 132 7 69 83 43 331 
16 27 17 132 7 69 83 43 331 
16 27 17 132 7 69 83 43 331 
16 27 17 132 7 69 83 43 331 
16 27 17 132 7 69 83 43 331 
16 27 17 132 7 69 83 43 331 
16 27 17 132 7 69 83 43 331 
16 17 69 72 331 
16 27 17 132 7 69 83 43 331 
16 27 17 7 69 72 83 43 331 
16 27 17 132 7 69 83 43 331 
16 27 17 132 7 69 83 43 331 
16 17 69 72 331 
16 27 17 132 7 69 83 43 331 
16 17 69 72 331 
16 27 17 132 7 69 83 43 331 
16 27 17 132 7 69 83 43 331 
16 27 17 132 7 69 83 43 331 
16 27 17 132 7 69 83 43 331 
16 27 17 132 7 69 83 43 331 
16 27 17 132 7 69 83 43 331 
16 17 69 72 331 
16 27 17 132 7 69 83 43 331 
16 17 132 69 331 
16 27 17 132 7 69 83 43 331 
16 17 132 69 331 
16 17 69 72 331 
16 27 17 7 69 72 83 43 331 
16 27 17 132 7 69 83 43 331 
16 27 17 132 7 69 83 43 331 
16 27 17 132 7 69 83 43 331 
16 27 17 132 7 69 83 43 331 
16 27 17 132 7 69 83 43 331 
16 27 17 132 7 69 83 43 331 
16 17 132 69 331 
16 17 132 69 331 
16 17 69 72 331 
16 17 69 72 331 
16 17 132 69 15 331 
16 17 69 72 331 
16 17 132 69 19 331 
16 27 17 132 7 69 83 43 331 
16 17 69 72 331 
16 27 17 132 7 69 83 43 331 
16 17 69 72 331 
16 17 69 72 331 
16 17 132 69 331 
16 17 69 72 331 
16 27 17 132 7 69 83 43 331 
16 17 132 69 331 
16 27 17 132 7 69 83 43 331 
16 27 17 132 7 69 83 43 331 
16 27 17 132 7 69 83 43 331 
16 17 69 72 331 
16 27 17 132 7 69 83 43 331 
16 27 17 132 7 69 83 43 331 
16 27 17 132 7 69 83 43 331 
16 17 132 69 331 
16 27 17 132 7 69 83 43 331 
16 27 17 132 7 69 83 43 331 
16 27 17 132 7 69 83 43 331 
16 17 132 69 19 331 
16 17 132 69 19 331 
16 17 132 69 331 
16 17 132 69 331 
16 17 132 69 331 
16 27 17 132 7 69 83 43 331 
16 27 17 132 7 69 83 43 331 
16 27 17 132 7 69 83 43 331 
16 27 17 132 7 69 83 43 331 
16 27 17 132 7 69 83 43 331 
16 27 17 132 7 69 83 43 331 
16 27 17 132 7 69 83 43 331 
16 17 132 34 69 15 35 331 
16 27 17 132 7 69 83 43 331 
16 27 17 132 7 69 83 43 331 
16 17 69 72 331 
16 27 17 132 7 69 83 43 331 
16 17 132 69 331 
16 17 132 69 331 
16 27 17 132 7 69 83 43 331 
16 27 17 132 7 69 83 43 331 
16 17 132 69 331 
16 27 17 132 7 69 83 43 331 
16 17 69 59 15 72 331 
16 17 69 72 331 
16 17 69 59 15 72 331 
16 17 132 69 72 331 
16 27 17 132 7 69 83 43 331 
16 17 69 59 15 72 331 
16 17 69 62 72 331 
16 27 17 132 7 69 83 43 331 
16 17 69 72 331 
16 27 17 132 7 69 83 43 331 
16 27 17 132 7 69 83 43 331 
16 27 17 132 7 69 83 43 331 
16 27 17 132 7 69 83 43 331 
16 27 17 132 7 69 83 43 331 
16 27 17 132 7 69 83 43 331 
16 17 69 72 331 
16 27 17 132 7 69 83 43 331 
16 17 69 72 331 
16 27 17 132 7 69 83 43 331 
16 27 17 132 7 69 83 43 331 
16 17 132 69 331 
16 27 17 132 7 69 83 43 331 
16 17 132 196 37 69 19 331 
16 27 17 132 7 69 83 43 331 
16 27 17 132 7 69 83 43 331 
16 17 69 72 331 
16 17 69 72 331 
16 17 132 7 69 331 
16 17 132 69 19 331 
16 27 17 132 7 69 83 43 331 
16 27 17 7 69 72 83 43 331 
16 17 132 69 331 
16 27 17 132 7 69 83 43 331 
16 27 17 132 7 69 83 43 331 
16 27 17 132 7 69 83 43 331 
16 17 69 72 331 
16 27 17 132 7 69 83 43 331 
16 17 132 69 331 
16 17 69 72 331 
16 27 17 132 7 69 83 43 331 
16 17 132 69 331 
16 17 132 69 331 
16 27 17 132 7 69 83 43 331 
16 17 69 72 331 
16 17 132 69 331 
16 17 132 69 331 
16 27 17 132 7 69 83 43 331 
16 17 69 72 331 
16 27 17 7 69 72 83 43 331 
16 17 69 72 331 
16 27 17 132 7 69 83 43 331 
16 27 17 132 7 69 83 43 331 
16 27 17 132 7 69 83 43 331 
16 17 69 72 331 
16 17 132 69 72 331 
16 27 17 132 7 69 83 43 331 
16 17 132 69 59 15 331 
16 17 136 69 23 24 72 137 55 331 
16 27 17 132 7 69 83 43 331 
16 27 17 132 7 69 83 43 331 
16 27 17 132 7 69 83 43 331 
16 17 69 72 331 
16 27 17 132 7 69 83 43 331 
16 17 132 69 331 
16 27 17 132 7 69 83 43 331 
16 17 69 72 331 
16 27 17 132 7 69 83 43 331 
16 27 17 132 7 69 83 43 331 
16 17 132 69 331 
16 27 17 132 7 69 83 43 331 
16 17 7 69 72 331 
16 27 17 132 7 69 83 43 331 
16 17 69 62 72 331 
16 27 17 132 7 69 83 43 331 
16 17 69 72 331 
16 27 17 132 7 69 83 43 331 
16 27 17 132 7 69 83 43 331 
16 17 69 72 331 
16 27 17 132 7 69 83 43 331 
16 27 17 132 7 69 83 43 331 
16 27 17 132 7 69 83 43 331 
16 17 132 69 331 
16 27 17 132 7 69 83 43 331 
16 27 17 132 7 69 83 43 331 
16 27 17 132 7 69 83 43 331 
16 27 17 132 7 69 83 43 331 
16 27 17 132 7 69 83 43 331 
16 17 132 69 331 
16 27 17 132 7 69 83 43 331 
16 27 17 132 7 69 83 43 331 
16 17 69 72 331 
16 17 132 69 331 
16 27 17 132 7 69 83 43 331 
16 27 17 132 7 69 83 43 331 
16 27 17 132 7 69 83 43 331 
16 27 17 132 7 69 83 43 331 
16 27 17 132 7 69 83 43 331 
16 27 17 132 7 69 83 43 331 
16 27 17 132 7 69 83 43 331 
16 27 17 132 7 69 83 43 331 
16 27 17 132 7 69 83 43 331 
16 27 17 132 7 69 83 43 331 
16 27 17 132 7 69 83 43 331 
16 27 17 132 7 69 83 43 331 
16 27 17 132 7 69 83 43 331 
16 27 17 132 7 69 83 43 331 
16 17 132 69 331 
16 27 17 132 7 69 83 43 331 
16 27 17 132 7 69 83 43 331 
16 17 132 69 19 331 
16 17 132 69 331 
16 17 69 72 331 
16 17 69 72 331 
16 17 132 69 331 
16 27 17 132 7 69 83 43 331 
16 27 17 132 7 69 83 43 331 
16 27 17 132 7 69 83 43 331 
16 27 17 132 7 69 83 43 331 
16 17 69 72 331 
16 27 17 132 7 69 83 43 331 
16 27 17 132 7 69 83 43 331 
16 27 17 7 69 72 83 43 331 
16 17 69 72 331 
16 17 132 69 331 
16 27 17 132 7 69 83 43 331 
16 27 17 132 7 69 83 43 331 
16 17 132 69 331 
16 27 17 132 7 69 83 43 331 
16 27 17 132 7 69 83 43 331 
16 17 69 72 331 
16 17 132 69 331 
16 27 17 132 7 69 83 43 331 
16 114 17 132 7 69 118 10 331 
16 27 17 132 7 69 83 43 331 
16 27 17 132 7 69 83 43 331 
16 27 17 132 7 69 83 43 331 
16 27 17 132 7 69 83 43 331 
16 17 69 72 331 
16 27 17 132 7 69 83 43 331 
16 27 17 132 7 69 83 43 331 
16 17 69 72 331 
16 27 17 132 7 69 83 43 331 
16 17 132 69 331 
16 27 17 132 7 69 83 43 331 
16 27 17 132 7 69 83 43 331 
16 17 69 72 331 
16 17 69 72 331 
16 17 69 72 331 
16 17 69 19 72 331 
16 17 69 72 331 
16 27 17 132 7 69 83 43 331 
16 27 17 132 7 69 83 43 331 
16 27 17 132 7 69 83 43 331 
16 27 17 132 7 69 83 43 331 
16 27 17 132 7 69 83 43 331 
16 17 132 69 331 
16 17 132 69 331 
16 27 17 132 7 69 83 43 331 
16 17 69 72 331 
16 17 132 69 331 
16 17 132 69 59 15 331 
16 27 17 132 7 69 83 43 331 
16 27 17 132 7 69 83 43 331 
16 17 132 69 331 
16 27 17 132 7 69 83 43 331 
16 27 17 132 7 69 83 43 331 
16 17 132 69 331 
16 27 17 132 7 69 83 43 331 
16 27 17 132 7 69 83 43 331 
16 27 17 132 7 69 83 43 331 
16 17 132 69 331 
16 27 17 132 7 69 83 43 331 
16 17 132 69 331 
16 27 17 132 7 69 83 43 331 
16 17 69 72 331 
16 27 17 132 7 69 83 43 331 
16 17 69 19 72 331 
16 17 69 72 331 
16 27 17 132 7 69 83 43 331 
16 17 69 72 331 
16 17 69 72 331 
16 27 17 132 7 69 83 43 331 
16 27 17 132 7 69 83 43 331 
16 17 69 72 331 
16 27 17 132 7 69 83 43 331 
16 17 132 69 331 
16 27 17 132 7 69 83 43 331 
16 17 69 72 331 
16 27 17 132 7 69 83 43 331 
16 27 17 132 7 69 83 43 331 
16 17 69 72 331 
16 17 132 69 19 331 
16 27 17 132 7 69 83 43 331 
16 27 17 132 7 69 83 43 331 
16 17 69 72 331 
16 17 69 19 72 331 
16 27 17 132 7 69 83 43 331 
16 27 17 132 7 69 83 43 331 
16 27 17 132 7 69 83 43 331 
16 17 69 72 331 
16 27 17 132 7 69 83 43 331 
16 17 132 69 331 
16 27 17 132 7 69 83 43 331 
16 17 132 69 331 
16 17 69 72 331 
16 17 132 69 331 
16 27 17 132 7 69 83 43 331 
16 17 132 69 331 
16 27 17 132 7 69 83 43 331 
16 27 17 132 7 69 83 43 331 
16 17 69 72 331 
16 27 17 132 7 69 83 43 331 
16 27 17 7 69 72 83 43 331 
16 17 132 69 331 
16 27 17 132 7 69 83 43 331 
16 17 132 69 331 
16 27 17 132 7 69 83 43 331 
16 27 17 132 7 69 83 43 331 
16 27 17 132 7 69 83 43 331 
16 27 17 132 7 69 83 43 331 
16 17 132 69 331 
16 27 17 7 69 72 83 43 331 
16 27 17 7 69 72 83 43 331 
16 17 69 72 331 
16 17 132 69 59 15 331 
16 27 17 132 7 69 83 43 331 
16 27 17 132 7 69 83 43 331 
16 17 69 72 331 
16 27 17 132 7 69 83 43 331 
16 17 69 72 331 
16 17 132 69 331 
16 27 17 132 7 69 83 43 331 
16 17 69 72 331 
16 27 17 132 7 69 83 43 331 
16 32 17 132 33 69 331 
16 27 17 132 7 69 83 43 331 
16 17 132 69 72 331 
16 17 132 69 331 
16 27 17 132 7 69 83 43 331 
16 17 132 69 331 
16 17 69 72 331 
16 17 69 72 331 
16 17 69 72 331 
16 17 69 72 331 
16 17 69 72 331 
16 17 132 69 331 
16 27 17 132 7 69 83 43 331 
16 17 69 72 331 
16 17 132 69 72 331 
16 27 17 132 7 69 83 43 331 
16 17 132 69 331 
16 27 17 7 69 72 83 43 331 
16 17 69 72 331 
16 27 17 132 7 69 83 43 331 
16 17 132 69 331 
16 17 132 69 331 
16 17 69 72 331 
16 17 132 34 69 15 35 331 
16 17 132 69 331 
16 27 17 132 7 69 83 43 331 
16 27 17 132 7 69 83 43 331 
16 17 69 72 331 
16 27 17 132 7 69 83 43 331 
16 27 17 132 7 69 83 43 331 
16 27 17 132 7 69 83 43 331 
16 17 69 72 331 
16 27 17 132 7 69 83 43 331 
16 17 69 72 331 
16 27 17 7 69 72 83 43 331 
16 17 69 72 331 
16 27 17 132 7 69 83 43 331 
16 17 132 69 331 
16 17 132 69 331 
16 27 17 7 69 72 83 43 331 
16 17 69 72 331 
16 17 69 72 331 
16 27 17 132 7 69 83 43 331 
16 27 17 132 7 69 83 43 331 
16 27 17 132 7 69 83 43 331 
16 17 69 72 331 
16 27 17 132 7 69 83 43 331 
16 17 132 69 331 
16 27 17 132 7 69 83 43 331 
16 17 69 72 331 
16 17 69 72 331 
16 27 17 7 69 72 83 43 331 
16 27 17 132 7 69 83 43 331 
16 17 69 72 331 
16 27 17 132 7 69 83 43 331 
16 17 69 72 331 
16 27 17 132 7 69 83 43 331 
16 17 69 72 331 
16 17 132 69 72 331 
16 27 17 7 69 72 83 43 331 
16 17 69 72 331 
16 17 132 69 331 
16 17 69 72 331 
16 32 17 132 33 69 331 
16 27 17 132 7 69 83 43 331 
16 17 132 69 331 
16 27 17 7 69 72 83 43 331 
16 17 136 69 23 24 72 137 55 331 
16 17 69 72 331 
16 27 17 7 69 72 83 43 331 
16 17 69 72 331 
16 27 17 132 7 69 83 43 331 
16 17 69 72 331 
16 27 17 132 7 69 83 43 331 
16 27 17 132 7 69 83 43 331 
16 27 17 132 7 69 83 43 331 
16 27 17 132 7 69 83 43 331 
16 17 69 72 331 
16 17 132 69 72 331 
16 17 69 72 331 
16 17 69 72 331 
16 17 132 69 72 331 
16 17 69 72 331 
16 17 69 72 331 
16 27 17 132 7 69 83 43 331 
16 17 69 72 331 
16 27 17 132 7 69 83 43 331 
16 27 17 132 7 69 83 43 331 
16 27 17 132 7 69 83 43 331 
16 17 69 72 331 
16 17 69 72 331 
16 17 69 72 331 
16 27 17 7 69 72 83 43 331 
16 17 132 69 331 
16 17 34 69 15 35 72 331 
16 17 132 69 331 
16 17 132 69 15 331 
16 17 69 72 331 
16 17 132 69 15 331 
16 27 17 132 7 69 83 43 331 
16 17 69 19 72 331 
16 17 69 62 72 331 
16 17 132 69 72 331 
16 27 17 7 69 72 83 43 331 
16 17 34 69 15 35 72 331 
16 27 17 132 7 69 83 43 331 
16 27 17 132 7 69 83 43 331 
16 27 17 132 7 69 83 43 331 
16 27 17 132 7 69 83 43 331 
16 17 69 72 331 
16 17 132 69 331 
16 17 69 72 331 
16 17 69 72 331 
16 17 69 72 331 
16 17 69 62 72 331 
16 17 69 72 331 
16 17 34 69 15 35 72 331 
16 17 69 72 331 
16 17 69 72 331 
16 17 69 72 331 
16 17 69 59 15 72 331 
16 17 69 72 331 
16 27 17 7 69 72 83 43 331 
16 17 69 72 331 
16 17 69 72 331 
16 27 17 132 7 69 83 43 331 
16 17 132 69 331 
16 27 17 132 7 69 83 43 331 
16 17 69 72 331 
16 17 69 72 331 
16 17 69 72 331 
16 27 17 132 7 69 83 43 331 
16 17 132 69 331 
16 17 132 69 331 
16 17 132 69 15 331 
16 27 17 132 7 69 83 43 331 
16 17 34 69 15 35 72 331 
16 17 69 62 72 331 
16 27 17 132 7 69 83 43 331 
16 17 34 69 15 35 72 331 
16 17 34 69 15 35 72 331 