16 27 17 132 7 69 83 43 2 
16 17 69 72 2 
16 17 69 72 2 
16 17 69 19 72 2 
16 17 69 72 2 
16 17 69 72 2 
16 17 69 72 2 
16 17 69 72 2 
16 17 69 15 72 2 
16 17 69 72 2 
16 17 69 72 2 
16 17 69 72 2 
16 17 69 59 15 72 2 
16 17 69 72 2 
16 17 69 72 2 
16 17 69 72 2 
16 17 69 72 2 
16 17 69 72 2 
16 17 69 72 2 
16 17 69 72 2 
16 17 69 72 2 
16 17 69 72 2 
16 17 69 72 2 
16 17 69 72 2 
16 17 69 72 2 
16 17 69 62 72 2 
16 17 69 72 2 
16 17 69 72 2 
16 17 69 72 2 
16 17 69 72 2 
16 17 69 72 2 
16 17 69 72 2 
16 17 69 72 2 
16 17 69 72 2 
16 17 69 72 2 
16 17 69 72 2 
16 17 69 72 2 
16 17 69 72 2 
16 17 69 72 2 
16 17 69 15 72 2 
16 17 69 72 2 
16 17 69 72 2 
16 17 69 72 2 
16 17 69 72 2 
16 17 69 72 2 
16 17 69 72 2 
16 17 69 72 2 
16 17 69 72 2 
16 17 132 69 72 2 
16 17 132 69 72 2 
16 17 69 72 2 
16 17 69 62 72 2 
16 17 69 72 2 
16 17 132 69 72 2 
16 26 27 17 7 69 72 2 
16 17 69 72 2 
16 17 69 62 72 2 
16 17 69 72 2 
16 17 69 72 2 
16 17 69 72 2 
16 17 69 72 2 
16 17 3 65 69 72 2 
16 148 149 17 7 69 110 72 2 
16 17 69 72 2 
16 17 69 72 2 
16 17 69 72 2 
16 17 69 72 2 
16 27 17 7 69 72 83 43 2 
16 17 69 72 2 
16 17 69 72 2 
16 17 69 59 15 72 2 
16 17 69 62 72 2 
16 17 69 72 2 
16 17 69 72 2 
16 17 69 72 2 
16 148 149 17 7 69 110 72 2 
16 17 69 72 2 
16 17 69 72 2 
16 17 69 72 2 
16 17 69 72 2 
16 17 69 72 2 
16 17 69 72 2 
16 17 69 72 2 
16 17 69 72 2 
16 17 69 72 2 
16 17 69 19 72 2 
16 17 69 72 2 
16 17 69 72 2 
16 27 17 7 69 72 83 43 2 
16 17 69 72 2 
16 17 69 72 2 
16 17 69 72 2 
16 17 69 72 2 
16 17 69 72 2 
16 17 69 72 2 
16 148 149 17 7 69 110 72 2 
16 17 69 19 72 2 
16 17 69 72 2 
16 17 69 72 2 
16 17 69 72 2 
16 17 69 72 2 
16 17 69 72 2 
16 17 69 72 2 
16 17 69 62 72 2 
16 17 69 72 2 
16 17 69 72 2 
16 17 69 72 2 
16 17 69 72 2 
16 17 69 72 2 
16 17 69 72 2 
16 17 69 72 2 
16 17 69 72 2 
16 17 69 72 2 
16 17 69 72 2 
16 17 69 72 2 
16 17 150 69 15 72 159 2 
16 17 69 72 2 
16 17 69 72 2 
16 17 69 72 2 
16 17 69 72 2 
16 17 69 72 2 
16 17 69 59 15 72 2 
16 17 69 72 2 
16 17 69 59 15 72 2 
16 17 69 59 15 72 2 
16 17 69 72 2 
16 17 132 69 72 2 
16 17 69 72 2 
16 17 132 69 72 2 
16 17 69 15 72 2 
16 17 69 72 2 
16 17 69 72 2 
16 17 69 72 2 
16 17 69 72 2 
16 17 69 72 2 
16 17 69 72 2 
16 17 69 72 2 
16 17 69 72 2 
16 17 69 72 2 
16 17 69 72 2 
16 17 69 59 15 72 2 
16 17 69 72 2 
16 17 69 72 2 
16 17 69 72 2 
16 17 69 72 2 
16 17 69 72 2 
16 17 69 72 2 
16 17 69 72 2 
16 17 69 72 2 
16 17 69 72 2 
16 17 69 72 2 
16 17 69 72 2 
16 17 69 72 2 
16 17 69 72 2 
16 17 69 72 2 
16 17 69 72 2 
16 17 69 72 2 
16 17 69 72 2 
16 17 69 72 2 
16 17 69 72 2 
16 32 17 33 69 72 2 
16 17 69 72 2 
16 17 69 72 2 
16 17 69 72 2 
16 17 69 72 2 
16 17 69 72 2 
16 17 69 72 2 
16 32 17 33 69 72 2 
16 17 69 72 2 
16 17 132 69 72 2 
16 17 69 72 2 
16 17 69 72 2 
16 17 69 72 2 
16 17 69 72 2 
16 17 69 72 2 
16 17 69 72 2 
16 17 69 72 2 
16 17 69 72 2 
16 17 69 72 2 
16 17 69 72 2 
16 17 69 72 2 
16 17 69 72 2 
16 17 69 59 15 72 2 
16 17 69 72 2 
16 17 69 72 2 
16 17 69 72 2 
16 17 69 15 72 2 
16 17 69 72 2 
16 17 69 72 2 
16 27 17 7 69 72 83 43 2 
16 17 132 69 72 2 
16 17 69 72 2 
16 17 69 72 2 
16 17 69 72 2 
16 17 69 72 2 
16 17 69 72 2 
16 17 69 72 2 
16 17 69 72 2 
16 17 69 72 2 
16 17 69 72 2 
16 17 69 72 2 
16 17 69 72 2 
16 17 69 62 72 2 
16 17 69 72 2 
16 17 69 72 2 
16 17 69 72 2 
16 17 69 72 2 
16 17 69 72 2 
16 17 69 72 2 
16 17 69 72 2 
16 17 69 72 2 
16 17 69 72 2 
16 27 17 132 7 69 83 43 2 
16 17 132 69 2 
16 17 69 62 72 2 
16 17 69 72 2 
16 17 69 19 72 2 
16 17 69 72 2 
16 27 17 7 69 72 83 43 2 
16 17 69 19 72 2 
16 27 17 7 69 72 83 43 2 
16 17 69 72 2 
16 27 17 132 7 69 83 43 2 
16 17 132 69 2 
16 17 132 69 2 
16 27 17 132 7 69 83 43 2 
16 27 17 132 7 69 83 43 2 
16 17 132 69 2 
16 27 17 132 7 69 83 43 2 
16 27 17 132 7 69 83 43 2 
16 17 132 69 62 2 
16 27 17 132 7 69 83 43 2 
16 17 132 69 2 
16 17 132 69 2 
16 27 17 132 7 69 83 43 2 
16 27 17 132 7 69 83 43 2 
16 27 17 132 7 69 83 43 2 
16 27 17 132 7 69 83 43 2 
16 17 132 69 2 
16 27 17 132 7 69 83 43 2 
16 17 132 69 19 2 
16 17 132 69 2 
16 27 17 132 7 69 83 43 2 
16 27 17 132 7 69 83 43 2 
16 27 17 132 7 69 83 43 2 
16 27 17 132 7 69 83 43 2 
16 27 17 132 7 69 83 43 2 
16 27 17 132 7 69 83 43 2 
16 27 17 132 7 69 83 43 2 
16 27 17 132 7 69 83 43 2 
16 27 17 132 7 69 83 43 2 
16 27 17 132 7 69 83 43 2 
16 27 17 132 7 69 83 43 2 
16 27 17 132 7 69 83 43 2 
16 17 132 34 69 15 35 2 
16 17 132 69 2 
16 27 17 132 7 69 83 43 2 
16 27 17 132 7 69 83 43 2 
16 17 132 69 2 
16 27 17 132 7 69 83 43 2 
16 27 17 132 7 69 83 43 2 
16 27 17 132 7 69 83 43 2 
16 27 17 132 7 69 83 43 2 
16 27 17 132 7 69 83 43 2 
16 27 17 132 7 69 83 43 2 
16 27 17 132 7 69 83 43 2 
16 27 17 132 7 69 83 43 2 
16 27 17 132 7 69 83 43 2 
16 27 17 132 7 69 83 43 2 
16 27 17 132 7 69 83 43 2 
16 27 17 132 7 69 83 43 2 
16 27 17 132 7 69 83 43 2 
16 27 17 132 7 69 83 43 2 
16 17 132 69 2 
16 17 132 69 2 
16 17 132 69 2 
16 27 17 132 7 69 83 43 2 
16 27 17 132 7 69 83 43 2 
16 27 17 132 7 69 83 43 2 
16 27 17 132 7 69 83 43 2 
16 27 17 132 7 69 83 43 2 
16 27 17 132 7 69 83 43 2 
16 32 17 132 33 69 2 
16 17 132 69 2 
16 27 17 132 7 69 83 43 2 
16 27 17 132 7 69 83 43 2 
16 27 17 132 7 69 83 43 2 
16 27 17 132 7 69 83 43 2 
16 27 17 132 7 69 83 43 2 
16 27 17 132 7 69 83 43 2 
16 27 17 132 7 69 83 43 2 
16 17 132 69 2 
16 27 17 132 7 69 83 43 2 
16 27 17 132 7 69 83 43 2 
16 17 132 69 2 
16 27 17 132 7 69 83 43 2 
16 27 17 132 7 69 83 43 2 
16 17 132 69 2 
16 27 17 132 7 69 83 43 2 
16 27 17 132 7 69 83 43 2 
16 27 17 132 7 69 83 43 2 
16 27 17 132 7 69 83 43 2 
16 27 17 132 7 69 83 43 2 
16 17 132 69 2 
16 17 132 69 2 
16 17 132 69 19 2 
16 17 132 69 19 2 
16 17 132 69 19 2 
16 17 132 69 19 2 
16 17 132 69 19 2 
16 17 132 69 19 2 
16 17 132 69 19 2 
16 17 132 69 59 15 2 
16 17 132 69 2 
16 17 132 69 2 
16 17 132 69 2 
16 114 17 132 7 69 118 10 2 
16 17 132 69 2 
16 17 132 69 2 
16 17 132 69 2 
16 27 17 132 7 69 83 43 2 
16 17 132 69 2 
16 17 132 69 2 
16 17 132 69 2 
16 17 132 69 2 
16 17 132 69 2 
16 17 132 69 2 
16 17 132 69 2 
16 17 132 69 2 
16 17 132 69 2 
16 17 132 69 2 
16 17 132 69 2 
16 27 17 132 7 69 83 43 2 
16 17 132 69 2 
16 17 132 69 2 
16 17 132 69 2 
16 17 132 69 2 
16 17 132 69 2 
16 17 132 69 2 
16 17 132 69 2 
16 27 17 132 7 69 83 43 2 
16 27 17 132 7 69 83 43 2 
16 27 17 132 7 69 83 43 2 
16 17 132 69 2 
16 27 17 132 7 69 83 43 2 
16 27 17 132 7 69 83 43 2 
16 17 132 69 2 
16 17 132 69 59 15 2 
16 27 17 132 7 69 83 43 2 
16 17 132 69 2 
16 27 17 132 7 69 83 43 2 
16 17 132 69 2 
16 17 132 34 69 15 35 2 
16 27 17 132 7 69 83 43 2 
16 27 17 132 7 69 83 43 2 
16 27 17 132 7 69 83 43 2 
16 27 17 132 7 69 83 43 2 
16 27 17 132 7 69 83 43 2 
16 27 17 132 7 69 83 43 2 
16 27 17 132 7 69 83 43 2 
16 27 17 132 7 69 83 43 2 
16 17 132 69 2 
16 27 17 132 7 69 83 43 2 
16 17 132 69 2 
16 27 17 132 7 69 83 43 2 
16 27 17 132 7 69 83 43 2 
16 32 17 132 33 69 2 
16 27 17 132 7 69 83 43 2 
16 17 132 69 15 2 
16 27 17 132 7 69 83 43 2 
16 17 132 69 2 
16 27 17 132 7 69 83 43 2 
16 27 17 132 7 69 83 43 2 
16 17 132 69 2 
16 17 132 69 2 
16 17 132 196 37 69 19 2 
16 17 132 69 19 2 
16 17 132 69 2 
16 27 17 132 7 69 83 43 2 
16 27 17 132 7 69 83 43 2 
16 27 17 132 7 69 83 43 2 
16 27 17 132 7 69 83 43 2 
16 27 17 132 7 69 83 43 2 
16 17 132 69 2 
16 17 132 69 2 
16 27 17 132 7 69 83 43 2 
16 27 17 132 7 69 83 43 2 
16 27 17 132 7 69 83 43 2 
16 17 132 69 2 
16 27 17 132 7 69 83 43 2 
16 27 17 132 7 69 83 43 2 
16 27 17 132 7 69 83 43 2 
16 17 132 69 2 
16 27 17 132 7 69 83 43 2 
16 17 132 69 2 
16 27 17 132 7 69 83 43 2 
16 27 17 132 7 69 83 43 2 
16 27 17 132 7 69 83 43 2 
16 27 17 132 7 69 83 43 2 
16 27 17 132 7 69 83 43 2 
16 27 17 132 7 69 83 43 2 
16 27 17 132 7 69 83 43 2 
16 27 17 132 7 69 83 43 2 
16 27 17 132 7 69 83 43 2 
16 17 132 69 2 
16 27 17 132 7 69 83 43 2 
16 27 17 132 7 69 83 43 2 
16 27 17 132 7 69 83 43 2 
16 27 17 132 7 69 83 43 2 
16 27 17 132 7 69 83 43 2 
16 27 17 132 7 69 83 43 2 
16 27 17 132 7 69 83 43 2 
16 27 17 132 7 69 83 43 2 
16 27 17 132 7 69 83 43 2 
16 27 17 132 7 69 83 43 2 
16 17 132 69 2 
16 17 132 69 2 
16 27 17 132 7 69 83 43 2 
16 27 17 132 7 69 83 43 2 
16 27 17 132 7 69 83 43 2 
16 27 17 132 7 69 83 43 2 
16 27 17 132 7 69 83 43 2 
16 27 17 132 7 69 83 43 2 
16 17 132 69 2 
16 17 132 69 2 
16 17 132 69 2 
16 17 132 69 2 
16 17 132 69 19 2 
16 27 17 132 7 69 83 43 2 
16 27 17 132 7 69 83 43 2 
16 27 17 132 7 69 83 43 2 
16 17 132 69 2 
16 27 17 132 7 69 83 43 2 
16 27 17 132 7 69 83 43 2 
16 27 17 132 7 69 83 43 2 
16 17 132 69 2 
16 17 132 69 2 
16 27 17 132 7 69 83 43 2 
16 27 17 132 7 69 83 43 2 
16 17 132 69 2 
16 156 73 17 132 138 69 74 2 
16 27 17 132 7 69 83 43 2 
16 17 132 69 2 
16 27 17 132 7 69 83 43 2 
16 17 132 69 2 
16 17 132 34 69 15 35 2 
16 17 132 69 62 2 
16 17 132 69 2 
16 27 17 132 7 69 83 43 2 
16 17 132 69 2 
16 17 132 69 2 
16 17 132 69 2 
16 27 17 132 7 69 83 43 2 
16 17 132 69 2 
16 27 17 132 7 69 83 43 2 
16 27 17 132 7 69 83 43 2 
16 27 17 132 7 69 83 43 2 
16 27 17 132 7 69 83 43 2 
16 17 132 69 2 
16 27 17 132 7 69 83 43 2 
16 27 17 132 7 69 83 43 2 
16 27 17 132 7 69 83 43 2 
16 17 132 69 2 
16 27 17 132 7 69 83 43 2 
16 17 132 69 2 
16 27 17 132 7 69 83 43 2 
16 17 132 69 15 2 
16 27 17 132 7 69 83 43 2 
16 27 17 132 7 69 83 43 2 
16 27 17 132 7 69 83 43 2 
16 27 17 132 7 69 83 43 2 
16 27 17 132 7 69 83 43 2 
16 27 17 132 7 69 83 43 2 
16 27 17 132 7 69 83 43 2 
16 27 17 132 7 69 83 43 2 
16 27 17 132 7 69 83 43 2 
16 27 17 132 7 69 83 43 2 
16 27 17 132 7 69 83 43 2 
16 27 17 132 7 69 83 43 2 
16 27 17 132 7 69 83 43 2 
16 27 17 132 7 69 83 43 2 
16 27 17 132 7 69 83 43 2 
16 17 69 72 2 
16 17 69 72 2 
16 17 69 72 2 
16 17 69 72 2 
16 17 69 72 2 
16 17 69 72 2 
16 17 69 72 2 
16 17 69 72 2 
16 17 69 72 2 
16 17 69 72 2 
16 17 69 72 2 
16 17 160 34 69 15 161 72 2 
16 17 69 72 2 
16 17 69 72 2 
16 17 69 72 2 
16 17 69 72 2 
16 27 17 7 69 72 83 43 2 
16 17 69 59 15 72 2 
16 17 69 72 2 
16 17 132 69 72 2 
16 17 69 59 15 72 2 
16 17 69 72 2 
16 27 17 7 69 72 83 43 2 
16 27 17 132 7 69 83 43 2 
16 27 17 132 7 69 83 43 2 
16 27 17 132 7 69 83 43 2 
16 27 17 132 7 69 83 43 2 
16 27 17 132 7 69 83 43 2 
16 27 17 132 7 69 83 43 2 
16 27 17 132 7 69 83 43 2 
16 27 17 132 7 69 83 43 2 
16 27 17 132 7 69 83 43 2 
16 27 17 132 7 69 83 43 2 
16 27 17 132 7 69 83 43 2 
16 27 17 132 7 69 83 43 2 
16 27 17 132 7 69 83 43 2 
16 27 17 132 7 69 83 43 2 
16 27 17 132 7 69 83 43 2 
16 27 17 132 7 69 83 43 2 
16 27 17 132 7 69 83 43 2 
16 27 17 132 7 69 83 43 2 
16 27 17 132 7 69 83 43 2 
16 27 17 132 7 69 83 43 2 
16 27 17 132 7 69 83 43 2 
16 17 132 69 2 
16 27 17 132 7 69 83 43 2 
16 27 17 132 7 69 83 43 2 
16 27 17 132 7 69 83 43 2 
16 27 17 132 7 69 83 43 2 
16 27 17 132 7 69 83 43 2 
16 27 17 132 7 69 83 43 2 
16 27 17 132 7 69 83 43 2 
16 27 17 132 7 69 83 43 2 
16 27 17 132 7 69 83 43 2 
16 27 17 132 7 69 83 43 2 
16 27 17 132 7 69 83 43 2 
16 27 17 132 7 69 83 43 2 
16 27 17 132 7 69 83 43 2 
16 27 17 132 7 69 83 43 2 
16 27 17 132 7 69 83 43 2 
16 27 17 132 7 69 83 43 2 
16 27 17 132 7 69 83 43 2 
16 27 17 132 7 69 83 43 2 
16 27 17 132 7 69 83 43 2 
16 27 17 132 7 69 83 43 2 
16 27 17 132 7 69 83 43 2 
16 27 17 132 7 69 83 43 2 
16 27 17 132 7 69 83 43 2 
16 27 17 132 7 69 83 43 2 
16 27 17 132 7 69 83 43 2 
16 27 17 132 7 69 83 43 2 
16 27 17 132 7 69 83 43 2 
16 27 17 132 7 69 83 43 2 
16 27 17 132 7 69 83 43 2 
16 27 17 132 7 69 83 43 2 
16 27 17 132 7 69 83 43 2 
16 27 17 132 7 69 83 43 2 
16 27 17 132 7 69 83 43 2 
16 27 17 132 7 69 83 43 2 
16 27 17 132 7 69 83 43 2 
16 27 17 132 7 69 83 43 2 
16 27 17 132 7 69 83 43 2 
16 27 17 132 7 69 83 43 2 
16 27 17 132 7 69 83 43 2 
16 27 17 132 7 69 83 43 2 
16 27 17 132 7 69 83 43 2 
16 27 17 132 7 69 83 43 2 
16 27 17 132 7 69 83 43 2 
16 27 17 132 7 69 83 43 2 
16 27 17 132 7 69 83 43 2 
16 27 17 132 7 69 83 43 2 
16 27 17 132 7 69 83 43 2 
16 27 17 132 7 69 83 43 2 
16 27 17 132 7 69 83 43 2 
16 27 17 132 7 69 83 43 2 
16 27 17 132 7 69 83 43 2 
16 27 17 132 7 69 83 43 2 
16 27 17 132 7 69 83 43 2 
16 27 17 132 7 69 83 43 2 
16 27 17 132 7 69 83 43 2 
16 27 17 132 7 69 83 43 2 
16 27 17 132 7 69 83 43 2 
16 27 17 132 7 69 83 43 2 
16 27 17 132 7 69 83 43 2 
16 27 17 132 7 69 83 43 2 
16 27 17 132 7 69 83 43 2 
16 27 17 132 7 69 83 43 2 
16 27 17 132 7 69 83 43 2 
16 27 17 132 7 69 83 43 2 
16 27 17 132 7 69 83 43 2 
16 27 17 132 7 69 83 43 2 
16 27 17 132 7 69 83 43 2 
16 27 17 132 7 69 83 43 2 
16 27 17 132 7 69 83 43 2 
16 27 17 132 7 69 83 43 2 
16 27 17 132 7 69 83 43 2 
16 27 17 132 7 69 83 43 2 
16 27 17 132 7 69 83 43 2 
16 27 17 132 7 69 83 43 2 
16 27 17 132 7 69 83 43 2 
16 27 17 132 7 69 83 43 2 
16 27 17 132 7 69 83 43 2 
16 27 17 132 7 69 83 43 2 
16 27 17 132 7 69 83 43 2 
16 27 17 132 7 69 83 43 2 
16 27 17 132 7 69 83 43 2 
16 27 17 132 7 69 83 43 2 
16 17 132 69 2 
16 27 17 132 7 69 83 43 2 
16 27 17 132 7 69 83 43 2 
16 27 17 132 7 69 83 43 2 
16 27 17 132 7 69 83 43 2 
16 27 17 132 7 69 83 43 2 
16 27 17 132 7 69 83 43 2 
16 27 17 132 7 69 83 43 2 
16 27 17 132 7 69 83 43 2 
16 27 17 132 7 69 83 43 2 
16 27 17 132 7 69 83 43 2 
16 27 17 132 7 69 83 43 2 
16 27 17 132 7 69 83 43 2 
16 27 17 132 7 69 83 43 2 
16 27 17 132 7 69 83 43 2 
16 27 17 132 7 69 83 43 2 
16 27 17 132 7 69 83 43 2 
16 27 17 132 7 69 83 43 2 
16 27 17 132 7 69 83 43 2 
16 27 17 132 7 69 83 43 2 
16 27 17 132 7 69 83 43 2 
16 27 17 132 7 69 83 43 2 
16 27 17 132 7 69 83 43 2 
16 27 17 132 7 69 83 43 2 
16 27 17 132 7 69 83 43 2 
16 17 132 69 59 15 2 
16 27 17 132 7 69 83 43 2 
16 27 17 132 7 69 83 43 2 
16 27 17 132 7 69 83 43 2 
16 27 17 132 7 69 83 43 2 
16 27 17 132 7 69 83 43 2 
16 27 17 132 7 69 83 43 2 
16 27 17 132 7 69 83 43 2 
16 27 17 132 7 69 83 43 2 
16 27 17 132 7 69 83 43 2 
16 17 132 69 2 
16 17 132 69 2 
16 27 17 132 7 69 83 43 2 
16 27 17 132 7 69 83 43 2 
16 27 17 132 7 69 83 43 2 
16 27 17 132 7 69 83 43 2 
16 27 17 132 7 69 83 43 2 
16 27 17 132 7 69 83 43 2 
16 27 17 132 7 69 83 43 2 
16 27 17 132 7 69 83 43 2 
16 17 132 69 2 
16 27 17 132 7 69 83 43 2 
16 17 132 69 2 
16 27 17 132 7 69 83 43 2 
16 27 17 132 7 69 83 43 2 
16 27 17 132 7 69 83 43 2 
16 27 17 132 7 69 83 43 2 
16 27 17 132 7 69 83 43 2 
16 27 17 132 7 69 83 43 2 
16 27 17 132 7 69 83 43 2 
16 27 17 132 7 69 83 43 2 
16 27 17 132 7 69 83 43 2 
16 27 17 132 7 69 83 43 2 
16 27 17 132 7 69 83 43 2 
16 17 132 7 69 2 
16 27 17 132 7 69 83 43 2 
16 27 17 132 7 69 83 43 2 
16 27 17 132 7 69 83 43 2 
16 27 17 132 7 69 83 43 2 
16 27 17 132 7 69 83 43 2 
16 27 17 132 7 69 83 43 2 
16 27 17 132 7 69 83 43 2 
16 27 17 132 7 69 83 43 2 
16 27 17 132 7 69 83 43 2 
16 27 17 132 7 69 83 43 2 
16 27 17 132 7 69 83 43 2 
16 27 17 132 7 69 83 43 2 
16 27 17 132 7 69 83 43 2 
16 27 17 132 7 69 83 43 2 
16 27 17 132 7 69 83 43 2 
16 27 17 132 7 69 83 43 2 
16 27 17 132 7 69 83 43 2 
16 27 17 132 7 69 83 43 2 
16 27 17 132 7 69 83 43 2 
16 27 17 132 7 69 83 43 2 
16 27 17 132 7 69 83 43 2 
16 27 17 132 7 69 83 43 2 
16 27 17 132 7 69 83 43 2 
16 27 17 132 7 69 83 43 2 
16 27 17 132 7 69 83 43 2 
16 27 17 132 7 69 83 43 2 
16 27 17 132 7 69 83 43 2 
16 27 17 132 7 69 83 43 2 
16 27 17 132 7 69 83 43 2 
16 27 17 132 7 69 83 43 2 
16 27 17 132 7 69 83 43 2 
16 17 132 69 2 
16 27 17 132 7 69 83 43 2 
16 27 17 132 7 69 83 43 2 
16 27 17 132 7 69 83 43 2 
16 27 17 132 7 69 83 43 2 
16 27 17 132 7 69 83 43 2 
16 17 132 69 2 
16 27 17 132 7 69 83 43 2 
16 27 17 132 7 69 83 43 2 
16 27 17 132 7 69 83 43 2 
16 27 17 132 7 69 83 43 2 
16 17 132 69 2 
16 27 17 132 7 69 83 43 2 
16 27 17 132 7 69 83 43 2 
16 27 17 132 7 69 83 43 2 
16 27 17 132 7 69 83 43 2 
16 27 17 132 7 69 83 43 2 
16 27 17 132 7 69 83 43 2 
16 27 17 132 7 69 83 43 2 
16 27 17 132 7 69 83 43 2 
16 27 17 132 7 69 83 43 2 
16 27 17 132 7 69 83 43 2 
16 27 17 132 7 69 83 43 2 
16 27 17 132 7 69 83 43 2 
16 27 17 132 7 69 83 43 2 
16 17 132 69 2 
16 27 17 132 7 69 83 43 2 
16 27 17 132 7 69 83 43 2 
16 27 17 132 7 69 83 43 2 
16 17 132 69 2 
16 27 17 132 7 69 83 43 2 
16 27 17 132 7 69 83 43 2 
16 27 17 132 7 69 83 43 2 
16 27 17 132 7 69 83 43 2 
16 27 17 132 7 69 83 43 2 
16 27 17 132 7 69 83 43 2 
16 27 17 132 7 69 83 43 2 
16 27 17 132 7 69 83 43 2 
16 27 17 132 7 69 83 43 2 
16 27 17 132 7 69 83 43 2 
16 27 17 132 7 69 83 43 2 
16 27 17 132 7 69 83 43 2 
16 27 17 132 7 69 83 43 2 
16 27 17 132 7 69 83 43 2 
16 27 17 132 7 69 83 43 2 
16 27 17 132 7 69 83 43 2 
16 27 17 132 7 69 83 43 2 
16 27 17 132 7 69 83 43 2 
16 27 17 132 7 69 83 43 2 
16 27 17 132 7 69 83 43 2 
16 27 17 132 7 69 83 43 2 
16 27 17 132 7 69 83 43 2 
16 27 17 132 7 69 83 43 2 
16 27 17 132 7 69 83 43 2 
16 27 17 132 7 69 83 43 2 
16 27 17 132 7 69 83 43 2 
16 27 17 132 7 69 83 43 2 
16 27 17 132 7 69 83 43 2 
16 27 17 132 7 69 83 43 2 
16 27 17 132 7 69 83 43 2 
16 27 17 132 7 69 83 43 2 
16 27 17 132 7 69 83 43 2 
16 27 17 132 7 69 83 43 2 
16 27 17 132 7 69 83 43 2 
16 27 17 132 7 69 83 43 2 
16 17 132 69 2 
16 27 17 132 7 69 83 43 2 
16 27 17 132 7 69 83 43 2 
16 27 17 132 7 69 83 43 2 
16 27 17 132 7 69 83 43 2 
16 27 17 132 7 69 83 43 2 
16 27 17 132 7 69 83 43 2 
16 27 17 132 7 69 83 43 2 
16 27 17 132 7 69 83 43 2 
16 27 17 132 7 69 83 43 2 
16 27 17 132 7 69 83 43 2 
16 27 17 132 7 69 83 43 2 
16 27 17 132 7 69 83 43 2 
16 27 17 132 7 69 83 43 2 
16 27 17 132 7 69 83 43 2 
16 27 17 132 7 69 83 43 2 
16 27 17 132 7 69 83 43 2 
16 27 17 132 7 69 83 43 2 
16 27 17 132 7 69 83 43 2 
16 27 17 132 7 69 83 43 2 
16 27 17 132 7 69 83 43 2 
16 27 17 132 7 69 83 43 2 
16 27 17 132 7 69 83 43 2 
16 27 17 132 7 69 83 43 2 
16 27 17 132 7 69 83 43 2 
16 17 69 72 2 
16 17 69 72 2 
16 27 17 132 7 69 83 43 2 
16 17 69 72 2 
16 17 69 72 2 
16 17 69 72 2 
16 17 69 72 2 
16 17 69 72 2 
16 17 69 72 2 
16 17 69 72 2 
16 17 69 72 2 
16 17 69 72 2 
16 17 69 72 2 
16 17 69 72 2 
16 17 69 72 2 
16 17 69 72 2 
16 17 69 72 2 
16 17 69 72 2 
16 17 69 72 2 
16 17 69 72 2 
16 17 69 72 2 
16 17 69 72 2 
16 17 69 72 2 
16 17 69 72 2 
16 17 69 72 2 
16 17 69 72 2 
16 17 69 19 72 2 
16 17 69 72 2 
16 27 17 132 7 69 83 43 2 
16 17 69 72 2 
16 17 69 72 2 
16 27 17 132 7 69 83 43 2 
16 27 17 132 7 69 83 43 2 
16 17 69 72 2 
16 17 7 69 72 2 
16 17 69 72 2 
16 100 17 101 69 72 2 
16 17 69 72 2 
16 17 69 72 2 
16 17 69 72 2 
16 17 69 72 2 
16 17 69 72 2 
16 17 69 72 2 
16 17 69 72 2 
16 17 69 72 2 
16 17 69 19 72 2 
16 17 69 72 2 
16 17 69 72 2 
16 17 69 72 2 
16 17 69 72 2 
16 17 69 72 2 
16 17 69 72 2 
16 17 69 72 2 
16 17 69 72 2 
16 17 69 72 2 
16 17 69 72 2 
16 27 17 7 69 72 83 43 2 
16 1 17 69 72 2 
16 17 69 72 2 
16 17 69 72 2 
16 17 69 19 72 2 
16 17 69 72 2 
16 17 69 72 2 
16 17 69 72 2 
16 17 69 72 2 
16 17 69 72 2 
16 17 69 72 2 
16 17 69 15 72 2 
16 17 177 7 69 110 72 2 
16 17 69 72 2 
16 17 69 72 2 
16 17 69 72 2 
16 17 69 72 2 
16 17 69 72 2 
16 17 69 15 72 2 
16 17 69 62 72 2 
16 17 69 72 2 
16 17 69 19 72 2 
16 17 69 72 2 
16 17 69 72 2 
16 17 69 72 2 
16 17 69 72 2 
16 17 69 72 2 
16 17 69 72 2 
16 17 69 72 2 
16 17 69 72 2 
16 17 69 72 2 
16 17 69 72 2 
16 17 132 69 72 2 
16 17 69 72 2 
16 17 132 69 72 2 
16 17 69 72 2 
16 17 69 72 2 
16 17 69 62 72 2 
16 17 69 72 2 
16 17 69 72 2 
16 17 69 72 2 
16 27 17 7 69 72 83 43 2 
16 17 69 72 2 
16 17 69 72 2 
16 1 17 69 72 2 
16 17 69 72 2 
16 27 17 7 69 72 83 43 2 
16 17 132 7 69 2 
16 17 132 69 2 
16 27 17 132 7 69 83 43 2 
16 27 17 132 7 69 83 43 2 
16 27 17 132 7 69 83 43 2 
16 27 17 132 7 69 83 43 2 
16 27 17 132 7 69 83 43 2 
16 27 17 132 7 69 83 43 2 
16 17 132 69 2 
16 27 17 132 7 69 83 43 2 
16 27 17 132 7 69 83 43 2 
16 27 17 132 7 69 83 43 2 
16 27 17 132 7 69 83 43 2 
16 27 17 132 7 69 83 43 2 
16 27 17 132 7 69 83 43 2 
16 27 17 132 7 69 83 43 2 
16 27 17 132 7 69 83 43 2 
16 27 17 132 7 69 83 43 2 
16 27 17 132 7 69 83 43 2 
16 27 17 132 7 69 83 43 2 
16 27 17 132 7 69 83 43 2 
16 27 17 132 7 69 83 43 2 
16 27 17 132 7 69 83 43 2 
16 17 69 72 2 
16 17 69 72 2 
16 17 69 72 2 
16 17 69 62 72 2 
16 27 17 7 69 72 83 43 2 
16 27 17 132 7 69 83 43 2 
16 17 132 69 2 
16 17 132 69 2 
16 17 69 72 2 
16 17 69 72 2 
16 17 69 72 2 
16 17 69 59 15 72 2 
16 27 17 7 69 72 83 43 2 
16 13 17 69 14 15 72 2 
16 17 69 72 2 
16 17 69 72 2 
16 17 69 19 72 2 
16 17 69 72 2 
16 17 69 72 2 
16 17 69 72 2 
16 17 69 72 2 
16 17 69 72 2 
16 27 17 132 7 69 83 43 2 
16 17 132 69 72 2 
16 17 132 69 72 2 
16 17 132 69 72 2 
16 17 132 69 72 2 
16 27 17 7 69 72 83 43 2 
16 17 69 72 2 
16 17 69 72 2 
16 17 132 69 2 
16 17 69 72 2 
16 27 17 132 7 69 83 43 2 
16 27 17 132 7 69 83 43 2 
16 27 17 132 7 69 83 43 2 
16 17 69 72 2 
16 17 69 72 2 
16 17 69 72 2 
16 17 69 72 2 
16 27 17 7 69 72 83 43 2 
16 17 69 72 2 
16 17 69 72 2 
16 17 69 72 2 
16 17 69 72 2 
16 17 69 72 2 
16 17 69 72 2 
16 17 69 72 2 
16 17 69 72 2 
16 17 69 72 2 
16 17 69 72 2 
16 27 17 132 7 69 83 43 2 
16 17 69 72 2 
16 17 69 72 2 
16 17 69 72 2 
16 17 69 72 2 
16 17 69 72 2 
16 17 69 72 2 
16 27 17 7 69 72 83 43 2 
16 17 69 72 2 
16 27 17 132 7 69 83 43 2 
16 17 132 69 59 15 2 
16 17 132 69 72 2 
16 17 132 69 2 
16 17 132 69 59 15 2 
16 17 132 69 59 15 2 
16 17 132 69 59 15 2 
16 17 132 69 72 2 
16 17 69 72 2 
16 17 69 72 2 
16 17 132 69 72 2 
16 27 17 7 69 72 83 43 2 
16 17 69 72 2 
16 17 69 72 2 
16 17 69 72 2 
16 17 69 72 2 
16 17 69 72 2 
16 17 69 72 2 
16 17 69 72 2 
16 27 17 7 69 72 83 43 2 
16 17 69 72 2 
16 27 17 132 7 69 83 43 2 
16 27 17 132 7 69 83 43 2 
16 17 69 72 2 
16 17 69 72 2 
16 17 69 72 2 
16 17 69 72 2 
16 17 69 72 2 
16 17 69 72 2 
16 17 69 72 2 
16 17 69 72 2 
16 17 69 72 2 
16 17 69 72 2 
16 17 69 72 2 
16 17 132 69 72 2 
16 17 69 72 2 
16 27 17 132 7 69 83 43 2 
16 27 17 132 7 69 83 43 2 
16 27 17 132 7 69 83 43 2 
16 17 69 72 2 
16 27 17 132 7 69 83 43 2 
16 17 132 69 2 
16 27 17 132 7 69 83 43 2 
16 17 69 72 2 
16 27 17 132 7 69 83 43 2 
16 27 17 132 7 69 83 43 2 
16 17 69 72 2 
16 17 69 72 2 
16 17 69 72 2 
16 17 132 69 2 
16 17 69 72 2 
16 27 17 132 7 69 83 43 2 
16 17 69 72 2 
16 27 17 132 7 69 83 43 2 
16 27 17 132 7 69 83 43 2 
16 17 69 72 2 
16 17 69 72 2 
16 17 69 62 72 2 
16 27 17 7 69 72 83 43 2 
16 17 69 72 2 
16 17 69 72 2 
16 17 69 72 2 
16 27 17 132 7 69 83 43 2 
16 27 17 132 7 69 83 43 2 
16 17 132 69 15 2 
16 17 69 72 2 
16 27 17 132 7 69 83 43 2 
16 17 132 69 2 
16 27 17 132 7 69 83 43 2 
16 27 17 132 7 69 83 43 2 
16 27 17 132 7 69 83 43 2 
16 27 17 132 7 69 83 43 2 
16 17 69 72 2 
16 17 69 72 2 
16 17 69 72 2 
16 27 17 132 7 69 83 43 2 
16 27 17 132 7 69 83 43 2 
16 27 17 132 7 69 83 43 2 
16 27 17 132 7 69 83 43 2 
16 27 17 132 7 69 83 43 2 
16 27 17 132 7 69 83 43 2 
16 27 17 132 7 69 83 43 2 
16 27 17 132 7 69 83 43 2 
16 27 17 132 7 69 83 43 2 
16 27 17 132 7 69 83 43 2 
16 27 17 132 7 69 83 43 2 
16 27 17 132 7 69 83 43 2 
16 17 132 69 15 2 
16 27 17 132 7 69 83 43 2 
16 27 17 132 7 69 83 43 2 
16 17 69 59 15 72 2 
16 13 17 69 14 15 72 2 
16 27 17 132 7 69 83 43 2 
16 27 17 132 7 69 83 43 2 
16 17 132 69 72 2 
16 17 132 69 72 2 
16 17 132 69 72 2 
16 27 17 132 7 69 83 43 2 
16 27 17 132 7 69 83 43 2 
16 27 17 132 7 69 83 43 2 
16 27 17 132 7 69 83 43 2 
16 27 17 132 7 69 83 43 2 
16 27 17 132 7 69 83 43 2 
16 27 17 132 7 69 83 43 2 
16 17 69 72 2 
16 27 17 132 7 69 83 43 2 
16 17 132 69 72 2 
16 17 132 69 72 2 
16 27 17 132 7 69 83 43 2 
16 17 69 72 2 
16 27 17 7 69 72 83 43 2 
16 17 69 72 2 
16 27 17 132 7 69 83 43 2 
16 17 69 72 2 
16 17 69 72 2 
16 17 132 34 69 15 35 2 
16 17 69 72 2 
16 27 17 132 7 69 83 43 2 
16 17 69 72 2 
16 17 69 72 2 
16 17 69 72 2 
16 17 69 72 2 
16 17 69 72 2 
16 17 69 72 2 
16 17 69 72 2 
16 17 69 72 2 
16 17 69 72 2 
16 17 69 72 2 
16 17 69 72 2 
16 17 69 72 2 
16 17 132 69 2 
16 17 69 72 2 
16 17 69 72 2 
16 17 69 72 2 
16 17 69 72 2 
16 27 17 7 69 72 83 43 2 
16 17 69 72 2 
16 17 132 69 72 2 
16 27 17 132 7 69 83 43 2 
16 27 17 132 7 69 83 43 2 
16 27 17 132 7 69 83 43 2 
16 17 69 72 2 
16 27 17 132 7 69 83 43 2 
16 17 69 72 2 
16 17 69 72 2 
16 27 17 132 7 69 83 43 2 
16 17 69 72 2 
16 17 69 15 72 2 