16 27 17 132 7 69 83 43 415 
16 17 69 59 15 72 415 
16 17 69 72 415 
16 17 69 72 415 
16 17 69 72 415 
16 17 69 72 415 
16 27 17 7 69 72 83 43 415 
16 17 69 72 415 
16 17 69 72 415 
16 17 69 72 415 
16 17 69 72 415 
16 17 69 59 15 72 415 
16 17 150 69 15 72 159 415 
16 17 69 72 415 
16 17 69 72 415 
16 17 69 59 15 72 415 
16 17 69 62 72 415 
16 17 69 72 415 
16 17 69 72 415 
16 13 17 69 14 15 72 415 
16 17 132 69 415 
16 17 132 69 415 
16 17 69 72 415 
16 17 132 69 415 
16 17 132 69 415 
16 27 17 132 7 69 83 43 415 
16 17 132 69 15 415 
16 17 7 69 134 10 72 415 
16 27 17 132 7 69 83 43 415 
16 27 17 132 7 69 83 43 415 
16 17 132 69 415 
16 27 17 132 7 69 83 43 415 
16 27 17 132 7 69 83 43 415 
16 156 73 17 132 138 69 74 415 
16 17 132 69 415 
16 17 69 72 415 
16 17 69 72 415 
16 17 132 69 415 
16 17 69 72 415 
16 17 69 72 415 
16 17 69 72 415 
16 17 69 59 15 72 415 
16 17 69 72 415 
16 17 69 72 415 
16 17 69 72 415 
16 17 69 72 415 
16 17 69 72 415 
16 17 69 72 415 
16 17 69 72 415 
16 17 69 72 415 
16 17 132 69 415 
16 27 17 132 7 69 83 43 415 
16 27 17 132 7 69 83 43 415 
16 27 17 132 7 69 83 43 415 
16 17 69 72 415 
16 17 69 72 415 
16 32 17 33 69 72 415 
16 17 69 72 415 
16 17 69 72 415 
16 17 69 72 415 
16 17 132 69 415 
16 27 17 132 7 69 83 43 415 
16 17 132 69 415 
16 27 17 132 7 69 83 43 415 
16 17 132 69 415 
16 17 69 72 415 
16 17 69 72 415 
16 17 69 72 415 
16 27 17 132 7 69 83 43 415 
16 17 69 72 415 
16 17 69 72 415 
16 17 132 69 72 415 
16 17 69 72 415 
16 17 69 72 415 
16 27 17 132 7 69 83 43 415 
16 17 69 72 415 
16 17 69 72 415 
16 17 69 72 415 
16 17 69 72 415 
16 17 69 72 415 
16 27 17 132 7 69 83 43 415 
16 27 17 132 7 69 83 43 415 
16 27 17 132 7 69 83 43 415 
16 17 132 34 69 15 35 415 
16 17 132 69 415 
16 27 17 132 7 69 83 43 415 
16 17 132 69 415 
16 17 132 69 415 
16 17 69 59 15 72 415 
16 17 69 72 415 
16 17 132 69 415 
16 27 17 132 7 69 83 43 415 
16 17 69 72 415 
16 17 69 59 15 72 415 
16 17 132 69 415 
16 17 69 72 415 
16 17 132 69 415 
16 27 17 132 7 69 83 43 415 
16 27 17 132 7 69 83 43 415 
16 27 17 132 7 69 83 43 415 
16 17 69 72 415 
16 27 17 132 7 69 83 43 415 
16 17 69 72 415 
16 17 69 72 415 
16 27 17 7 69 72 83 43 415 
16 17 132 69 415 
16 27 17 132 7 69 83 43 415 
16 27 17 132 7 69 83 43 415 
16 17 132 69 415 
16 17 69 72 415 
16 27 17 132 7 69 83 43 415 
16 27 17 132 7 69 83 43 415 
16 17 69 72 415 
16 17 69 72 415 
16 17 69 72 415 
16 17 7 69 72 415 
16 17 69 72 415 
16 17 69 72 415 
16 27 17 132 7 69 83 43 415 
16 27 17 132 7 69 83 43 415 
16 27 17 132 7 69 83 43 415 
16 27 17 132 7 69 83 43 415 
16 27 17 132 7 69 83 43 415 
16 27 17 132 7 69 83 43 415 
16 27 17 132 7 69 83 43 415 
16 27 17 132 7 69 83 43 415 
16 17 132 69 415 
16 27 17 132 7 69 83 43 415 
16 17 132 69 415 
16 27 17 132 7 69 83 43 415 
16 27 17 132 7 69 83 43 415 
16 27 17 132 7 69 83 43 415 
16 27 17 132 7 69 83 43 415 
16 27 17 132 7 69 83 43 415 
16 27 17 132 7 69 83 43 415 
16 27 17 132 7 69 83 43 415 
16 27 17 132 7 69 83 43 415 
16 27 17 132 7 69 83 43 415 
16 17 132 69 415 
16 27 17 132 7 69 83 43 415 
16 27 17 132 7 69 83 43 415 
16 27 17 132 7 69 83 43 415 
16 27 17 132 7 69 83 43 415 
16 17 132 69 19 415 
16 17 132 69 415 
16 27 17 132 7 69 83 43 415 
16 27 17 132 7 69 83 43 415 
16 17 132 69 415 
16 17 132 69 415 
16 27 17 132 7 69 83 43 415 
16 17 69 72 415 
16 17 69 72 415 
16 17 69 72 415 
16 17 69 15 72 415 
16 27 17 132 7 69 83 43 415 
16 17 132 69 415 
16 27 17 132 7 69 83 43 415 
16 27 17 132 7 69 83 43 415 
16 27 17 132 7 69 83 43 415 
16 27 17 132 7 69 83 43 415 
16 27 17 132 7 69 83 43 415 
16 17 132 69 19 415 
16 27 17 132 7 69 83 43 415 
16 17 69 72 415 
16 17 69 72 415 
16 27 17 132 7 69 83 43 415 
16 13 17 69 14 15 72 415 
16 17 69 72 415 
16 27 17 132 7 69 83 43 415 
16 27 17 7 69 72 83 43 415 
16 27 17 7 69 72 83 43 415 
16 27 17 7 69 72 83 43 415 
16 17 132 69 415 
16 17 69 72 415 
16 17 69 72 415 
16 27 17 132 7 69 83 43 415 
16 17 69 72 415 
16 27 17 132 7 69 83 43 415 
16 17 69 72 415 
16 17 69 72 415 
16 27 17 132 7 69 83 43 415 
16 17 69 72 415 
16 27 17 132 7 69 83 43 415 
16 27 17 132 7 69 83 43 415 
16 17 132 69 415 
16 27 17 132 7 69 83 43 415 
16 17 69 72 415 
16 17 132 69 415 
16 17 132 69 415 
16 17 132 69 415 
16 17 132 69 415 
16 17 132 69 415 
16 17 132 69 415 
16 17 69 72 415 
16 27 17 132 7 69 83 43 415 
16 27 17 132 7 69 83 43 415 
16 17 132 69 415 
16 17 69 72 415 
16 17 132 69 415 
16 27 17 132 7 69 83 43 415 
16 27 17 132 7 69 83 43 415 
16 17 132 69 72 415 
16 17 69 72 415 
16 17 69 72 415 
16 27 17 132 7 69 83 43 415 
16 17 132 69 415 
16 17 132 69 415 
16 17 69 72 415 
16 17 69 72 415 
16 27 17 132 7 69 83 43 415 
16 27 17 132 7 69 83 43 415 
16 17 69 72 415 
16 17 34 69 15 35 72 415 
16 27 17 132 7 69 83 43 415 
16 17 69 72 415 
16 17 69 72 415 
16 17 69 72 415 
16 17 69 72 415 
16 17 69 19 72 415 
16 17 132 69 415 
16 17 69 72 415 
16 27 17 132 7 69 83 43 415 
16 17 69 15 72 415 
16 17 69 72 415 
16 27 17 132 7 69 83 43 415 
16 27 17 132 7 69 83 43 415 
16 17 132 69 415 
16 17 69 72 415 
16 17 69 72 415 
16 17 132 69 415 
16 17 69 72 415 
16 17 69 62 72 415 
16 17 69 72 415 
16 17 69 72 415 
16 17 69 72 415 
16 17 69 72 415 
16 17 132 69 415 
16 17 132 69 72 415 
16 27 17 7 69 72 83 43 415 
16 17 69 72 415 
16 17 69 72 415 
16 27 17 132 7 69 83 43 415 
16 17 69 72 415 
16 17 69 72 415 
16 17 69 72 415 
16 17 69 72 415 
16 27 17 7 69 72 83 43 415 
16 17 69 72 415 
16 17 69 72 415 
16 17 69 72 415 
16 17 132 69 72 415 
16 17 69 19 72 415 
16 17 69 72 415 
16 17 69 59 15 72 415 
16 17 69 72 415 
16 17 69 72 415 
16 17 7 69 72 415 
16 17 69 72 415 
16 17 132 69 415 
16 27 17 132 7 69 83 43 415 
16 17 132 69 59 15 415 
16 27 17 132 7 69 83 43 415 
16 27 17 132 7 69 83 43 415 
16 17 132 69 415 
16 114 17 132 7 69 118 10 415 
16 17 132 69 415 
16 17 132 69 415 
16 17 132 69 415 
16 17 132 69 415 
16 17 132 69 415 
16 27 17 132 7 69 83 43 415 
16 27 17 132 7 69 83 43 415 
16 17 132 69 415 
16 27 17 132 7 69 83 43 415 
16 27 17 132 7 69 83 43 415 
16 17 132 196 37 69 19 415 
16 27 17 132 7 69 83 43 415 
16 17 132 34 69 15 35 415 
16 27 17 132 7 69 83 43 415 
16 17 69 72 415 
16 17 132 69 415 
16 27 17 132 7 69 83 43 415 
16 27 17 132 7 69 83 43 415 
16 27 17 132 7 69 83 43 415 
16 27 17 132 7 69 83 43 415 
16 17 132 69 415 
16 27 17 132 7 69 83 43 415 
16 27 17 132 7 69 83 43 415 
16 17 132 69 62 415 
16 27 17 132 7 69 83 43 415 
16 17 132 69 415 
16 27 17 132 7 69 83 43 415 
16 27 17 132 7 69 83 43 415 
16 27 17 132 7 69 83 43 415 
16 27 17 132 7 69 83 43 415 
16 17 132 69 15 415 
16 27 17 132 7 69 83 43 415 
16 27 17 132 7 69 83 43 415 
16 27 17 132 7 69 83 43 415 
16 27 17 132 7 69 83 43 415 
16 27 17 132 7 69 83 43 415 
16 27 17 132 7 69 83 43 415 
16 27 17 132 7 69 83 43 415 
16 27 17 132 7 69 83 43 415 
16 27 17 132 7 69 83 43 415 
16 27 17 132 7 69 83 43 415 
16 27 17 132 7 69 83 43 415 
16 17 69 15 72 415 
16 17 132 69 415 
16 17 132 69 415 
16 27 17 132 7 69 83 43 415 
16 17 69 72 415 
16 17 69 72 415 
16 17 69 72 415 
16 17 69 72 415 
16 27 17 132 7 69 83 43 415 
16 27 17 132 7 69 83 43 415 
16 27 17 132 7 69 83 43 415 
16 27 17 132 7 69 83 43 415 
16 27 17 132 7 69 83 43 415 
16 27 17 132 7 69 83 43 415 
16 27 17 132 7 69 83 43 415 
16 17 132 69 415 
16 17 132 69 415 
16 27 17 132 7 69 83 43 415 
16 27 17 132 7 69 83 43 415 
16 27 17 132 7 69 83 43 415 
16 27 17 132 7 69 83 43 415 
16 27 17 132 7 69 83 43 415 
16 27 17 132 7 69 83 43 415 
16 27 17 132 7 69 83 43 415 
16 27 17 132 7 69 83 43 415 
16 27 17 132 7 69 83 43 415 
16 27 17 132 7 69 83 43 415 
16 17 132 69 415 
16 27 17 132 7 69 83 43 415 
16 32 17 132 33 69 415 
16 17 132 69 415 
16 27 17 132 7 69 83 43 415 
16 27 17 132 7 69 83 43 415 
16 17 132 69 415 
16 27 17 132 7 69 83 43 415 
16 27 17 132 7 69 83 43 415 
16 17 132 69 415 
16 17 132 69 415 
16 27 17 132 7 69 83 43 415 
16 17 69 72 415 
16 17 69 72 415 
16 17 69 72 415 
16 17 69 72 415 
16 27 17 132 7 69 83 43 415 
16 27 17 132 7 69 83 43 415 
16 27 17 132 7 69 83 43 415 
16 27 17 132 7 69 83 43 415 
16 27 17 132 7 69 83 43 415 
16 27 17 132 7 69 83 43 415 
16 27 17 132 7 69 83 43 415 
16 17 132 69 415 
16 27 17 132 7 69 83 43 415 
16 27 17 132 7 69 83 43 415 
16 17 69 72 415 
16 17 132 69 15 415 
16 27 17 132 7 69 83 43 415 
16 17 69 72 415 
16 17 132 69 415 
16 27 17 132 7 69 83 43 415 
16 17 69 72 415 
16 17 69 72 415 
16 17 132 69 415 
16 32 17 132 33 69 415 
16 17 132 69 415 
16 27 17 132 7 69 83 43 415 
16 17 132 69 415 
16 27 17 132 7 69 83 43 415 
16 27 17 132 7 69 83 43 415 
16 27 17 132 7 69 83 43 415 
16 17 132 69 415 
16 27 17 132 7 69 83 43 415 
16 27 17 132 7 69 83 43 415 
16 17 132 69 415 
16 27 17 132 7 69 83 43 415 
16 27 17 132 7 69 83 43 415 
16 27 17 132 7 69 83 43 415 
16 27 17 132 7 69 83 43 415 
16 27 17 132 7 69 83 43 415 
16 27 17 132 7 69 83 43 415 
16 17 132 69 415 
16 27 17 132 7 69 83 43 415 
16 27 17 132 7 69 83 43 415 
16 27 17 132 7 69 83 43 415 
16 27 17 132 7 69 83 43 415 
16 27 17 132 7 69 83 43 415 
16 27 17 132 7 69 83 43 415 
16 17 132 34 69 15 35 415 
16 17 69 72 415 
16 17 69 72 415 
16 17 69 59 15 72 415 
16 17 69 72 415 
16 17 69 72 415 
16 17 69 72 415 
16 17 69 72 415 
16 17 69 59 15 72 415 
16 17 69 72 415 
16 17 69 72 415 
16 17 132 69 415 
16 17 69 72 415 
16 27 17 7 69 72 83 43 415 
16 17 132 69 415 
16 17 69 72 415 
16 17 69 72 415 
16 17 69 72 415 
16 17 69 72 415 
16 17 69 72 415 
16 17 69 72 415 
16 17 69 72 415 
16 17 69 72 415 
16 17 69 72 415 
16 17 69 15 72 415 
16 17 69 72 415 
16 17 69 72 415 
16 17 69 19 72 415 
16 17 69 72 415 
16 17 69 72 415 
16 27 17 132 7 69 83 43 415 
16 27 17 132 7 69 83 43 415 
16 17 132 69 415 
16 27 17 132 7 69 83 43 415 
16 27 17 132 7 69 83 43 415 
16 27 17 132 7 69 83 43 415 
16 27 17 132 7 69 83 43 415 
16 27 17 132 7 69 83 43 415 
16 17 132 69 19 415 
16 27 17 132 7 69 83 43 415 
16 27 17 132 7 69 83 43 415 
16 27 17 132 7 69 83 43 415 
16 27 17 132 7 69 83 43 415 
16 17 132 69 415 
16 27 17 132 7 69 83 43 415 
16 27 17 132 7 69 83 43 415 
16 27 17 132 7 69 83 43 415 
16 27 17 132 7 69 83 43 415 
16 27 17 132 7 69 83 43 415 
16 27 17 132 7 69 83 43 415 
16 27 17 132 7 69 83 43 415 
16 27 17 132 7 69 83 43 415 
16 27 17 132 7 69 83 43 415 
16 17 132 69 415 
16 27 17 132 7 69 83 43 415 
16 27 17 132 7 69 83 43 415 
16 27 17 132 7 69 83 43 415 
16 27 17 132 7 69 83 43 415 
16 17 132 69 415 
16 17 132 69 415 
16 17 132 69 415 
16 17 132 69 415 
16 17 132 69 415 
16 17 132 69 415 
16 27 17 132 7 69 83 43 415 
16 27 17 132 7 69 83 43 415 
16 17 132 69 415 
16 27 17 132 7 69 83 43 415 
16 17 132 69 72 415 
16 27 17 132 7 69 83 43 415 
16 17 132 69 415 
16 17 132 69 415 
16 17 132 69 415 
16 17 132 69 415 
16 17 132 69 415 
16 17 132 69 415 
16 17 132 69 415 
16 17 132 69 415 
16 17 132 69 62 415 
16 27 17 132 7 69 83 43 415 
16 27 17 132 7 69 83 43 415 
16 17 132 69 19 415 
16 17 132 69 415 
16 17 132 69 415 
16 27 17 132 7 69 83 43 415 
16 17 69 72 415 
16 17 69 72 415 
16 17 69 72 415 
16 17 69 72 415 
16 17 69 72 415 
16 17 132 34 69 15 35 415 
16 27 17 132 7 69 83 43 415 
16 27 17 132 7 69 83 43 415 
16 17 69 72 415 
16 17 69 72 415 
16 17 69 72 415 
16 17 69 72 415 
16 27 17 7 69 72 83 43 415 
16 17 69 72 415 
16 17 69 72 415 
16 17 69 72 415 
16 17 69 72 415 
16 17 69 72 415 
16 17 69 72 415 
16 17 69 72 415 
16 17 69 72 415 
16 17 69 72 415 
16 17 69 72 415 
16 17 132 69 415 
16 27 17 132 7 69 83 43 415 
16 27 17 132 7 69 83 43 415 
16 17 132 69 15 415 
16 17 132 69 415 
16 27 17 132 7 69 83 43 415 
16 27 17 7 69 72 83 43 415 
16 17 132 69 415 
16 17 69 72 415 
16 27 17 132 7 69 83 43 415 
16 17 132 69 415 
16 27 17 132 7 69 83 43 415 
16 27 17 132 7 69 83 43 415 
16 27 17 132 7 69 83 43 415 
16 27 17 132 7 69 83 43 415 
16 27 17 132 7 69 83 43 415 
16 27 17 132 7 69 83 43 415 
16 27 17 132 7 69 83 43 415 
16 17 69 72 415 
16 17 69 72 415 
16 27 17 132 7 69 83 43 415 
16 27 17 132 7 69 83 43 415 
16 27 17 132 7 69 83 43 415 
16 27 17 132 7 69 83 43 415 
16 17 69 72 415 
16 17 69 72 415 
16 27 17 132 7 69 83 43 415 
16 17 69 72 415 
16 17 132 69 72 415 
16 17 69 72 415 