15 82 435 
16 17 15 62 82 435 
32 16 17 33 15 82 435 
15 82 435 
15 82 435 
16 26 27 17 7 101 235 15 82 435 
15 82 435 
15 82 435 
16 37 19 15 82 435 
16 19 15 82 435 
15 82 435 
15 82 435 
162 15 82 435 
15 82 435 
16 19 15 82 435 
15 82 435 
15 82 435 
15 82 435 
3 65 15 82 435 
15 82 435 
15 82 435 
16 37 19 15 82 435 
15 82 435 
15 82 435 
15 82 435 
16 111 218 37 19 15 234 82 435 
15 82 435 
15 82 435 
15 82 435 
230 16 231 19 15 82 435 
15 82 435 
15 82 435 
15 82 435 
15 82 435 
15 82 435 
15 82 435 
15 82 435 
15 82 435 
15 82 435 
15 82 435 
15 82 435 
15 82 435 
15 82 435 
16 17 15 62 82 435 
162 15 82 435 
16 26 27 17 7 101 235 15 82 435 
15 82 435 
15 82 435 
15 82 435 
16 19 15 82 435 
15 82 435 
16 37 19 15 82 435 
15 82 435 
15 82 435 
15 82 435 
15 82 435 
15 82 435 
15 82 435 
15 82 435 
26 27 7 15 243 82 435 
15 82 435 
15 82 435 
15 82 435 
15 82 435 
26 27 7 15 243 82 435 
16 26 27 17 7 101 235 15 82 435 
15 82 435 
16 17 15 62 82 435 
15 82 435 
16 26 27 17 7 101 235 15 82 435 
15 82 435 
15 82 435 
15 82 435 
26 27 7 15 243 82 435 
15 82 435 
15 82 435 
15 82 435 
16 26 27 17 7 101 235 15 82 435 
15 82 435 
16 19 15 82 435 
15 82 435 
15 82 435 
15 82 435 
15 82 435 
16 19 15 82 435 
15 82 435 
15 82 435 
230 16 231 19 15 82 435 
15 82 435 
15 82 435 
15 82 435 
15 82 435 
230 16 231 19 15 82 435 
15 82 435 
15 82 435 
15 82 435 
15 82 435 
16 19 15 82 435 
15 82 435 
15 82 435 
15 82 435 
16 19 15 82 435 
15 82 435 
15 82 435 
16 17 15 62 82 435 
15 82 435 
15 82 435 
15 82 435 
15 82 435 
16 19 15 82 435 
15 82 435 
15 82 435 
230 16 231 19 15 82 435 
15 82 435 
15 82 435 
16 17 15 62 82 435 
15 82 435 
34 15 35 82 435 
15 82 435 
34 15 35 82 435 
15 82 435 
16 19 15 82 435 
15 82 435 
16 19 15 82 435 
15 82 435 
15 82 435 
15 82 435 
15 82 435 
15 82 435 
15 82 435 
15 157 82 435 
15 82 435 
15 82 435 
162 15 82 435 
16 17 15 62 82 435 
15 82 435 
16 19 15 82 435 
15 82 435 
15 82 435 
15 82 435 
230 16 231 19 15 82 435 
15 82 435 
15 82 435 
230 16 231 19 15 82 435 
15 82 435 
15 82 435 
15 82 435 
16 37 19 15 82 435 
230 16 231 19 15 82 435 
15 82 435 
15 82 435 
15 82 435 
15 82 435 
16 19 15 82 435 
15 82 435 
15 82 435 
16 19 15 82 435 
15 82 435 
162 15 82 435 
15 82 435 
15 82 435 
15 82 435 
15 82 435 
15 82 435 
15 82 435 
15 82 435 
15 82 435 
162 15 82 435 
15 82 435 
15 82 435 
15 82 435 
15 82 435 
15 82 435 
15 82 435 
15 82 435 
15 82 435 
15 82 435 
162 15 82 435 
15 82 435 
15 82 435 
15 82 435 
230 16 231 19 15 82 435 
15 82 435 
16 19 15 82 435 
15 82 435 
15 82 435 
16 17 15 62 82 435 
15 82 435 
16 19 15 82 435 
15 82 435 
15 82 435 
15 82 435 
15 82 435 
15 82 435 
15 82 435 
15 82 435 
16 37 19 15 82 435 
15 82 435 
15 82 435 
15 82 435 
16 19 15 82 435 
15 82 435 
15 82 435 
15 82 435 
15 82 435 
143 144 15 172 82 435 
15 82 435 
15 82 435 
7 15 9 10 82 435 
15 82 435 
15 82 435 
15 82 435 
16 19 15 82 435 
15 82 435 
15 82 435 
15 82 435 
15 82 435 
15 82 435 
15 82 435 
230 16 231 19 15 82 435 
15 82 435 
15 82 435 
15 82 435 
15 82 435 
15 82 435 
15 82 435 
15 82 435 
15 82 435 
16 19 15 82 435 
15 82 435 
15 82 435 
15 82 435 
16 17 15 82 435 
15 82 435 
15 82 435 
3 163 15 82 435 
15 82 435 
230 16 231 19 15 82 435 
15 82 435 
15 82 435 
16 19 15 82 435 
15 82 435 
15 82 435 
15 82 435 
16 19 15 82 435 
15 82 435 
16 346 269 19 15 82 435 
15 82 435 
15 82 435 
16 15 82 435 
15 82 435 
15 82 435 
15 82 435 
15 82 435 
15 82 435 
230 16 231 19 15 82 435 
15 82 435 
16 17 15 82 435 
15 82 435 
15 82 435 
15 82 435 
15 82 435 
15 82 435 
15 82 435 
15 82 435 
15 82 435 
15 82 435 
16 19 15 82 435 
15 82 435 
15 82 435 
15 82 435 
16 19 15 82 435 
15 82 435 
15 82 435 
16 19 15 82 435 
15 82 435 
15 82 435 
15 82 435 
15 82 435 
3 163 15 82 435 
15 82 435 
15 82 435 
15 82 435 
16 19 15 82 435 
15 82 435 
15 82 435 
16 19 15 82 435 
15 82 435 
15 82 435 
15 82 435 
15 82 435 
16 19 15 82 435 
16 19 15 82 435 
15 82 435 
13 15 82 435 
13 15 82 435 
15 82 435 
15 82 435 
15 82 435 
7 110 15 82 435 
16 19 15 82 435 
15 82 435 
15 82 435 
15 82 435 
16 19 15 82 435 
15 82 435 
16 19 15 82 435 
16 19 15 82 435 
15 82 435 
15 82 435 
15 82 435 
15 82 435 
162 15 82 435 
15 82 435 
15 82 435 
230 16 231 19 15 82 435 
16 26 27 17 7 101 235 15 82 435 
230 16 231 19 15 82 435 
15 82 435 
34 15 35 82 435 
15 82 435 
15 82 435 
15 82 435 
16 111 26 27 17 7 101 235 15 82 435 
15 82 435 
15 82 435 
162 15 82 435 
15 82 435 
162 15 82 435 
15 82 435 
15 82 435 
15 82 435 
15 82 435 
16 19 15 82 435 
230 16 231 19 15 82 435 
15 82 435 
15 82 435 
15 82 435 
15 82 435 
16 19 15 82 435 
162 15 82 435 
15 82 435 
15 82 435 
15 82 435 
15 82 435 
162 15 82 435 
15 82 435 
15 82 435 
15 82 435 
15 82 435 
16 19 15 82 435 
16 37 19 15 82 435 
15 157 82 435 
15 82 435 
15 82 435 
15 82 435 
15 82 435 
15 82 435 
15 82 435 
16 19 15 82 435 
16 19 15 82 435 
230 16 231 19 15 82 435 
15 82 435 
15 82 435 
15 82 435 
15 78 82 435 
15 82 435 
16 17 15 62 82 435 
15 82 435 
15 82 435 
15 82 435 
15 82 435 
15 82 435 
15 82 435 
15 82 435 
15 82 435 
230 16 231 19 15 82 435 
16 17 15 62 82 435 
15 82 435 
15 82 435 
15 82 435 
15 82 435 
15 82 435 
15 82 435 
15 82 435 
15 82 435 
16 19 15 82 435 
15 82 435 
16 37 19 15 82 435 
16 17 69 15 72 82 435 
15 82 435 
15 82 435 
15 82 435 
15 82 435 
15 82 435 
15 82 435 
15 82 435 
15 82 435 
15 82 435 
15 82 435 
16 19 15 82 435 
15 82 435 
15 82 435 
15 82 435 
16 19 15 82 435 
15 82 435 
15 82 435 
16 19 15 82 435 
15 82 435 
15 82 435 
15 82 435 
16 17 15 62 82 435 
16 19 15 82 435 
15 82 435 
16 26 27 17 7 101 235 15 82 435 
15 82 435 
15 82 435 
15 82 435 
15 82 435 
15 82 435 
15 82 435 
15 82 435 
15 82 435 
15 82 435 
16 19 15 82 435 
15 82 435 
15 82 435 
15 82 435 
15 82 435 
15 82 435 
15 82 435 
15 82 435 
245 7 46 15 82 435 
15 82 435 
15 82 435 
230 16 231 19 15 82 435 
15 82 435 
15 82 435 
16 19 15 82 435 
230 16 231 19 15 82 435 
15 82 435 
230 16 231 19 15 82 435 
16 17 15 62 82 435 
15 82 435 
15 82 435 
16 17 15 82 435 
16 26 27 17 7 101 235 15 82 435 
16 26 27 17 7 101 235 15 82 435 
15 82 435 
15 82 435 
15 82 435 
15 82 435 
15 82 435 
162 15 82 435 
15 82 435 
16 19 15 82 435 
15 82 435 
15 82 435 
15 82 435 
34 15 35 82 435 
16 218 37 19 15 234 82 435 
15 82 435 
16 19 15 82 435 
15 82 435 
15 82 435 
247 3 15 82 435 
15 82 435 
230 16 231 19 15 82 435 
34 15 35 82 435 
15 82 435 
15 82 435 
16 26 27 17 7 101 235 15 82 435 
16 37 19 15 82 435 
16 19 15 82 435 
230 16 231 19 15 82 435 
15 82 435 
15 82 435 
15 82 435 
15 82 435 
15 82 435 
15 82 435 
15 82 435 
15 82 435 
15 82 435 
15 82 435 
15 82 435 
15 82 435 
15 82 435 
15 82 435 
15 82 435 
15 82 435 
15 82 435 
15 82 435 
15 82 435 
15 82 435 
15 82 435 
34 15 35 82 435 
15 82 435 
16 17 15 82 435 
15 82 435 
15 82 435 
15 82 435 
15 82 435 
162 15 82 435 
16 19 15 82 435 
15 82 435 
15 82 435 
16 37 19 15 82 435 
34 15 35 82 435 
15 82 435 
32 16 17 33 15 82 435 
15 82 435 
15 82 435 
16 37 19 15 82 435 
15 82 435 
16 19 15 82 435 
15 82 435 
15 82 435 
15 82 435 
15 82 435 
15 82 435 
15 82 435 
15 82 435 
15 82 435 
15 82 435 
15 82 435 
15 82 435 
15 82 435 
15 82 435 
16 17 15 82 435 
34 15 35 82 435 
15 82 435 
32 16 17 33 15 82 435 
15 82 435 
15 82 435 
15 82 435 
34 15 35 82 435 
16 19 15 82 435 
15 82 435 
16 111 26 27 17 7 101 235 15 82 435 
15 82 435 
15 82 435 
15 82 435 
34 15 35 82 435 
15 82 435 
16 17 15 62 82 435 
15 82 435 
230 16 231 19 15 82 435 
15 82 435 
15 82 435 
15 82 435 
15 82 435 
15 82 435 
15 82 435 
15 82 435 
16 19 15 82 435 
16 26 27 17 7 101 235 15 82 435 
15 82 435 
15 82 435 
15 82 435 
15 82 435 
15 82 435 
15 82 435 
32 16 17 33 15 82 435 
245 7 46 15 82 435 
15 82 435 
230 16 231 19 15 82 435 
15 82 435 
15 82 435 
15 82 435 
15 82 435 
13 14 15 82 435 
15 82 435 
15 82 435 
16 37 19 15 82 435 
16 19 15 82 435 
32 16 17 33 15 82 435 
15 82 435 
15 82 435 
15 82 435 
15 82 435 
15 82 435 
7 15 9 10 82 435 
15 82 435 
15 82 435 
15 82 435 
15 82 435 
15 82 435 
15 82 435 
15 82 435 
15 82 435 
230 16 231 19 15 82 435 
16 17 15 62 82 435 
15 82 435 
15 82 435 
16 19 15 82 435 
15 82 435 
15 82 435 
15 82 435 
15 82 435 
15 82 435 
15 82 435 
15 82 435 
15 82 435 
15 82 435 
15 82 435 
15 82 435 
15 82 435 
15 82 435 
15 82 435 
162 15 82 435 
15 82 435 
7 15 9 10 82 435 
15 82 435 
13 14 15 82 435 
15 82 435 
15 82 435 
15 82 435 
16 17 15 62 82 435 
15 82 435 
15 82 435 
15 82 435 
15 82 435 
15 82 435 
15 82 435 
16 19 15 82 435 
15 82 435 
15 82 435 
16 17 15 62 82 435 
28 23 24 15 82 435 
15 82 435 
15 82 435 
15 82 435 
15 82 435 
15 82 435 
15 82 435 
15 82 435 
15 82 435 
15 82 435 
15 82 435 
15 82 435 
15 82 435 
15 82 435 
230 16 231 19 15 82 435 
15 157 82 435 
15 82 435 
15 82 435 
15 82 435 
15 82 435 
16 19 15 82 435 
15 82 435 
13 14 15 82 435 
16 17 69 15 82 435 
16 19 15 82 435 
15 82 435 
15 82 435 
1 15 82 435 
15 82 435 
15 82 435 
16 19 15 82 435 
15 82 435 
15 82 435 
15 82 435 
15 82 435 
15 82 435 
15 82 435 
15 82 435 
15 82 435 
16 19 15 82 435 
15 82 435 
162 15 82 435 
15 82 435 
15 82 435 
15 82 435 
15 82 435 
15 82 435 
15 82 435 
15 82 435 
15 82 435 
16 19 15 82 435 
16 26 27 17 7 101 235 15 82 435 
32 16 17 33 15 82 435 
15 82 435 
15 82 435 
15 82 435 
15 82 435 
16 17 15 62 82 435 
15 82 435 
15 82 435 
15 82 435 
15 82 435 
15 82 435 
15 82 435 
15 82 435 
34 15 35 82 435 
15 82 435 
15 82 435 
15 82 435 
15 82 435 
15 82 435 
16 111 26 27 17 7 101 235 15 82 435 
16 111 26 27 17 7 101 235 15 82 435 
15 82 435 
15 82 435 
15 82 435 
15 82 435 
15 82 435 
15 82 435 
16 17 15 82 435 
15 82 435 
15 82 435 
15 82 435 
230 16 231 19 15 82 435 
15 82 435 
162 15 82 435 
15 82 435 
15 82 435 
15 82 435 
15 82 435 
15 82 435 
15 82 435 
15 82 435 
15 82 435 
15 82 435 
15 82 435 
15 82 435 
15 82 435 
15 82 435 
15 82 435 
15 82 435 
15 82 435 
15 82 435 
15 82 435 
15 82 435 
15 82 435 
34 15 35 82 435 
15 82 435 
230 16 231 19 15 82 435 
15 78 82 435 
15 82 435 
15 82 435 
15 82 435 
15 82 435 
13 14 15 82 435 
15 82 435 
15 82 435 
13 14 15 82 435 
16 37 19 15 82 435 
15 82 435 
16 19 15 82 435 
15 82 435 
15 82 435 
15 82 435 
16 26 27 17 7 101 235 15 82 435 
15 82 435 
15 82 435 
15 82 435 
15 82 435 
15 82 435 
15 82 435 
16 17 15 62 82 435 
15 82 435 
15 82 435 
15 82 435 
15 82 435 
15 82 435 
15 82 435 
15 82 435 
15 82 435 
16 19 15 82 435 
15 82 435 
15 82 435 
15 82 435 
16 37 19 15 82 435 
15 82 435 
16 17 15 82 435 
15 82 435 
15 82 435 
16 19 15 82 435 
15 82 435 
15 82 435 
15 82 435 