27 7 424 3 83 43 185 
424 3 185 
27 7 424 3 83 43 185 
27 7 424 3 83 43 185 
27 7 424 3 83 43 185 
27 7 424 3 83 43 185 
27 7 424 3 83 43 185 
27 7 424 3 83 43 185 
27 7 424 3 83 43 185 
32 16 17 424 3 33 185 
424 3 15 82 185 
16 424 3 185 
27 7 424 3 83 43 185 
27 7 424 3 83 43 185 
27 7 424 3 83 43 185 
27 7 424 3 83 43 185 
424 3 185 
32 16 17 424 3 33 185 
7 424 3 186 185 
7 424 3 186 185 
7 424 3 186 185 
7 424 3 186 185 
7 424 3 186 185 
424 3 185 
27 7 424 3 83 43 185 
424 3 185 
27 7 424 3 83 43 185 