7 8 45 46 112 48 405 
7 8 45 46 112 48 405 
7 8 45 46 112 48 405 
7 8 45 46 112 48 405 
7 8 45 46 112 48 405 
7 8 45 46 112 48 405 
7 8 45 46 112 48 405 
7 8 45 46 112 48 405 
7 8 45 46 112 48 405 
7 8 45 46 112 48 405 
7 8 45 46 112 48 405 
7 8 45 46 112 48 405 
7 8 45 46 112 48 405 
7 8 45 46 112 48 405 
7 8 45 46 112 48 405 
7 8 45 46 112 48 405 
7 8 45 46 112 48 405 
7 8 45 46 112 48 405 
7 8 45 46 112 48 405 
7 8 45 46 112 48 405 
7 8 45 46 112 48 405 
7 8 45 46 112 48 405 
7 8 45 46 112 48 405 
16 17 7 8 45 46 112 48 405 
7 8 45 46 112 48 405 
7 8 45 46 112 48 405 
7 8 45 46 112 48 405 
7 8 45 46 112 48 405 
7 8 45 46 112 48 405 
7 8 45 46 112 48 405 
7 8 45 46 112 48 405 
7 8 45 46 112 48 405 
7 8 45 46 112 48 405 
7 8 45 46 112 48 405 
7 8 45 46 112 48 405 
7 8 45 46 112 48 405 
7 8 45 46 112 48 405 
7 8 45 46 112 48 405 
7 8 45 46 112 48 405 
7 8 45 46 112 48 405 
7 8 45 46 112 48 405 
7 8 45 46 112 48 405 
7 8 45 46 112 48 405 
7 8 45 46 112 48 405 
7 8 45 46 112 48 405 
7 8 45 46 112 48 405 
7 8 45 46 112 48 405 
7 8 45 46 112 48 405 
7 8 45 46 112 48 405 
7 8 45 46 112 48 405 
7 8 45 46 112 48 405 
7 8 45 46 112 48 405 
7 8 45 46 112 48 405 
7 8 45 46 112 48 405 
7 8 45 46 112 48 405 
7 8 45 46 112 48 405 
7 8 45 46 112 48 405 
7 8 45 46 112 48 405 
7 8 45 46 112 48 405 
7 8 45 46 112 48 405 
7 8 45 46 112 48 405 
7 8 45 46 112 48 405 
7 8 45 46 112 48 405 
7 8 45 46 112 48 405 
7 8 45 46 112 48 405 
7 8 45 46 112 48 405 
7 8 45 46 112 48 405 
7 8 45 46 112 48 405 
7 8 45 46 112 48 405 
7 8 45 46 112 48 405 
7 8 45 46 112 48 405 
7 8 45 46 112 48 405 
7 8 45 46 112 48 405 
7 8 45 46 112 48 405 
7 8 45 46 112 48 405 
7 8 45 46 112 48 405 
7 8 45 46 112 48 405 
7 8 45 46 112 48 405 
7 8 45 46 112 48 405 
7 8 45 46 112 48 405 
7 8 45 46 112 48 405 
7 8 45 46 112 48 405 
7 8 45 46 112 48 405 
7 8 45 46 112 48 405 
7 8 45 46 112 48 405 
7 8 45 46 112 48 405 
7 8 45 46 112 48 405 
7 8 45 46 112 48 405 
7 8 45 46 112 48 405 
7 8 45 46 112 48 405 
7 8 45 46 112 48 405 
7 8 45 46 112 48 405 
7 8 45 46 112 48 405 
7 8 45 46 112 48 405 
7 8 45 46 112 48 405 
7 8 45 46 112 48 405 
7 8 45 46 112 48 405 
7 8 45 46 112 48 405 
7 8 45 46 112 48 405 
7 8 45 46 112 48 405 
7 8 45 46 112 48 405 
7 8 45 46 112 48 405 
7 8 45 46 112 48 405 
7 8 45 46 112 48 405 
7 8 45 46 112 48 405 
7 8 45 46 112 48 405 
7 8 45 46 112 48 405 
7 8 45 46 112 48 405 
7 8 45 46 112 48 405 
7 8 45 46 112 48 405 
7 8 45 46 48 405 
7 8 45 46 112 48 405 
7 8 45 46 112 48 405 
7 8 45 46 112 48 405 
7 8 45 46 112 48 405 
7 8 45 46 112 48 405 
7 8 45 46 112 48 405 
7 8 45 46 112 48 405 
7 8 45 46 112 48 405 
7 8 45 46 112 48 405 
7 8 45 46 112 48 405 
7 8 45 46 112 48 405 
7 8 45 46 112 48 405 
7 8 45 46 112 48 405 
7 8 45 46 112 48 405 
7 8 45 46 112 48 405 
7 8 45 46 112 48 405 
7 8 45 46 112 48 405 
7 8 45 46 112 48 405 
7 8 45 46 112 48 405 
7 8 45 46 112 48 405 
7 8 45 46 112 48 405 
7 8 45 46 112 48 405 
7 8 45 46 112 48 405 
7 8 45 46 112 48 405 
7 8 45 46 112 48 405 
7 8 45 46 112 48 405 
7 8 45 46 112 48 405 
7 8 45 46 112 48 405 
7 8 45 46 112 48 405 
7 8 45 46 112 48 405 
7 8 45 46 112 48 405 
7 8 45 46 112 48 405 