16 36 37 38 19 2 
16 36 37 38 19 2 
16 36 37 38 19 2 
16 36 37 38 19 2 
16 36 37 38 19 2 
16 100 36 17 101 37 38 19 2 
16 36 37 38 19 2 
16 36 37 38 19 2 
16 36 37 38 19 2 
16 36 37 38 19 2 
16 36 37 38 19 2 
16 36 37 38 19 2 
16 36 37 38 19 2 
16 36 37 38 19 2 
16 36 37 38 19 2 
16 100 36 17 101 37 38 19 2 
16 36 37 38 19 2 
16 36 37 38 19 2 
16 36 37 38 19 2 
16 36 37 38 19 2 
16 36 37 38 19 2 
16 36 37 38 19 2 
16 36 37 38 19 2 
16 100 36 17 101 37 38 19 2 
16 36 37 38 19 2 
16 36 37 38 19 2 
16 36 37 38 19 2 
16 36 37 38 19 2 
16 36 37 38 19 2 
16 36 37 38 19 2 
16 36 37 38 19 2 
16 36 37 38 19 2 
16 36 37 38 19 2 
16 36 37 38 19 2 
16 36 37 38 19 2 
16 36 37 38 19 2 
16 36 37 38 19 2 
16 36 37 38 19 2 
16 36 37 38 19 2 
16 36 37 38 19 2 
16 36 37 38 19 2 
16 36 37 38 19 2 
16 36 37 38 19 2 
16 36 37 38 19 2 
16 36 37 38 19 2 
16 36 37 38 19 2 
16 36 37 38 19 2 
16 36 37 38 19 2 
16 36 37 38 19 2 
16 36 37 38 19 2 
16 36 37 38 19 2 
16 36 37 38 19 2 
16 36 37 38 19 2 
16 36 37 38 19 2 
16 36 37 38 19 2 