41 27 42 7 8 43 108 
41 27 42 7 8 43 108 
32 16 41 27 42 17 7 8 33 43 108 
41 27 42 7 8 43 108 
41 27 42 7 8 43 108 
41 27 42 7 8 43 108 
16 41 42 27 17 7 113 43 108 
41 27 42 7 8 43 108 
41 27 42 7 8 43 108 
27 181 42 7 8 43 108 
41 27 42 7 8 43 108 
41 27 42 7 8 43 108 
41 27 42 7 8 43 108 
16 42 27 17 7 113 43 108 
16 42 27 17 7 113 43 108 
16 42 27 17 7 113 43 108 
41 27 42 7 8 43 108 
16 42 27 17 7 113 43 108 
41 27 42 7 8 43 108 
41 27 42 7 8 43 108 
16 42 27 17 7 113 43 108 
16 42 27 17 7 113 43 108 
16 41 27 42 17 7 8 43 113 108 
41 27 42 7 8 43 108 
41 27 42 7 8 43 108 
41 27 42 7 8 43 108 
41 27 42 7 8 43 108 
41 27 42 7 8 43 108 
16 42 27 17 7 113 43 108 
27 181 42 7 8 43 108 
41 27 42 7 8 43 108 
16 42 27 17 7 113 43 108 
16 41 27 42 17 7 8 43 113 108 
41 27 42 7 8 43 108 
41 27 42 7 8 43 108 
16 42 27 17 7 113 43 108 
41 27 42 7 8 43 108 
41 27 42 7 8 43 108 
41 27 42 7 8 43 108 
41 27 42 7 8 43 108 
27 181 42 7 8 43 108 
16 42 27 17 7 113 43 108 
41 27 42 7 8 43 108 
41 27 42 7 8 43 108 
16 41 27 42 7 8 43 108 
16 42 27 17 7 113 43 108 
41 27 42 7 8 43 108 
41 27 42 7 8 43 108 
41 27 42 7 8 43 108 
16 41 27 42 17 7 8 43 108 
41 27 42 7 8 43 108 
41 27 42 7 8 43 108 
27 181 42 7 8 43 108 
16 42 27 17 7 113 43 108 
16 42 27 17 7 113 43 108 
16 42 27 17 7 113 43 108 
16 42 27 17 7 113 43 108 
16 42 27 17 7 113 43 108 
16 42 27 17 7 113 43 108 
16 42 27 17 7 113 43 108 
16 41 42 27 17 7 113 43 108 
16 42 27 17 7 113 43 108 
16 42 27 17 7 113 43 108 
16 42 27 17 7 113 43 108 
16 42 27 17 7 113 43 108 
16 42 27 17 7 113 43 108 
16 42 27 17 7 113 43 108 
41 27 42 7 8 43 108 
41 27 42 7 8 43 108 
41 27 42 7 8 43 108 
16 42 27 17 7 113 43 108 
16 41 42 27 17 7 113 43 108 
16 42 27 17 7 113 43 108 
16 42 27 17 7 113 43 108 
16 41 42 27 17 7 113 43 108 
41 27 42 7 8 43 108 
41 27 42 7 8 43 108 
16 42 27 17 7 113 43 108 
16 41 42 27 17 7 113 43 108 
16 42 27 17 7 113 43 108 
16 42 27 17 7 113 43 108 
16 42 27 17 7 113 43 108 
41 27 42 7 8 43 108 
16 42 27 17 7 15 113 43 82 108 
27 181 42 7 8 43 108 
41 27 42 7 8 43 108 
16 42 27 17 7 113 43 108 
16 42 27 17 7 113 43 108 
41 27 42 7 8 43 108 
16 42 27 17 7 19 113 43 108 
16 42 27 17 7 113 43 108 
16 41 42 27 17 7 113 43 108 
16 42 27 17 7 113 43 108 
41 27 42 7 8 43 108 
16 41 42 27 17 7 113 43 108 
16 42 27 17 7 113 43 108 
16 42 27 17 7 113 43 108 
16 42 27 17 7 113 43 108 
41 27 42 7 8 43 108 
41 27 42 7 8 43 108 
41 27 42 7 8 43 108 
41 27 42 7 8 43 108 
41 27 42 7 8 43 108 
16 41 27 42 17 7 8 43 113 108 
16 41 27 42 17 7 8 69 43 108 
41 27 42 7 8 43 108 
41 27 42 7 8 43 108 
16 42 27 17 7 113 43 108 
41 27 42 7 8 43 108 
16 41 27 42 17 7 8 43 108 
41 27 42 7 8 43 108 
16 41 42 27 17 7 113 43 108 
16 42 27 17 7 113 43 108 
16 42 27 17 7 113 43 108 
16 41 42 27 17 7 113 43 108 
16 42 27 17 7 113 43 108 
16 42 27 17 7 113 43 108 
16 42 27 17 7 113 43 108 
41 27 42 7 8 71 43 108 
16 42 27 17 7 113 43 108 
16 42 27 17 7 113 43 108 
16 42 27 17 7 113 43 108 
16 41 42 27 17 7 113 43 108 
16 27 42 17 7 44 43 113 108 
16 42 27 17 7 113 43 108 
16 42 27 17 7 113 43 108 
41 27 42 7 8 43 108 
16 42 27 17 7 113 43 108 
16 41 42 27 17 7 113 43 108 
16 41 42 27 17 7 113 43 108 
16 42 27 17 7 113 43 108 
16 42 27 17 7 113 43 108 
16 42 27 17 7 62 113 43 108 
41 27 42 7 8 43 108 
41 27 42 7 8 43 108 
41 27 42 7 8 43 108 
16 41 42 27 17 7 113 43 108 
16 42 27 17 7 113 43 108 
16 42 27 17 7 113 43 108 
16 42 27 17 7 113 43 108 
16 42 27 17 7 113 43 108 
16 42 27 17 7 113 43 108 
16 42 27 17 7 113 43 108 
41 27 42 7 8 43 108 
16 42 27 17 7 62 113 43 108 
41 27 42 7 8 43 108 
41 27 42 7 8 43 108 
41 27 42 7 8 43 108 
41 27 42 7 8 43 108 
41 27 42 7 8 43 108 
41 27 42 7 8 43 108 
41 27 42 7 8 43 108 
16 42 27 17 7 113 43 108 
41 27 42 7 8 43 108 
16 42 27 17 7 113 43 108 
16 42 27 17 7 113 43 108 
16 42 27 17 7 113 43 108 
41 27 42 7 8 43 108 
27 181 42 7 8 43 108 
16 27 42 17 7 182 113 43 108 
16 42 27 17 7 113 43 108 
16 42 27 17 7 113 43 81 108 
41 27 42 7 8 43 83 108 
16 42 27 17 7 113 43 108 
16 42 27 17 7 113 43 108 
16 42 27 17 7 113 43 108 
16 41 42 27 17 7 113 43 108 
16 42 27 17 7 113 43 108 
41 27 42 7 8 43 108 
41 27 42 7 8 43 108 
41 27 42 7 8 43 108 
41 27 42 7 8 43 108 
16 42 27 17 7 113 43 108 
41 27 42 7 8 43 108 
16 42 27 17 7 19 113 43 108 
41 27 42 7 8 43 108 
16 41 42 27 17 7 113 43 108 
16 42 27 17 7 113 43 108 
16 42 27 17 7 113 43 108 
16 42 27 17 7 113 43 108 
16 42 27 17 7 113 43 108 
16 42 27 17 7 113 43 108 
41 27 42 7 8 43 108 
41 27 42 7 8 43 108 
16 41 42 27 17 7 113 43 108 
16 41 42 27 17 7 113 43 108 
41 27 42 7 8 43 108 
16 41 42 27 17 7 113 43 108 
16 42 27 17 7 113 43 108 
16 42 27 17 7 113 43 108 
16 41 42 27 17 7 113 43 108 
16 42 27 17 7 113 43 108 
16 42 27 17 7 62 113 43 108 
16 41 42 27 17 7 113 43 108 
16 42 27 17 7 113 43 108 
16 41 27 42 17 7 8 43 108 
16 42 27 17 7 113 43 108 
16 42 27 17 7 113 43 108 
16 42 27 17 7 113 43 108 
41 27 42 7 8 43 108 
16 42 27 17 7 113 43 108 
16 42 27 17 7 113 43 108 
16 42 27 17 7 113 43 108 
16 42 27 17 7 113 43 108 
16 42 27 17 7 113 43 108 
16 42 27 17 7 113 43 108 
16 42 27 17 7 113 43 108 
16 42 27 17 7 113 43 108 
16 42 27 17 7 113 43 108 
16 42 27 17 7 113 43 108 
41 27 42 7 8 43 108 
41 27 42 7 8 43 108 
41 27 42 7 8 43 108 
41 27 42 7 8 43 108 
16 42 27 17 7 113 43 108 
16 42 27 17 7 113 43 108 
16 41 42 27 17 7 113 43 108 
16 42 27 17 7 113 43 108 
41 27 42 7 8 43 108 
16 42 27 17 7 113 43 108 
41 27 42 7 8 43 108 
16 42 27 17 7 113 43 108 
41 27 42 7 8 43 108 
16 42 27 17 7 113 43 108 
41 27 42 7 8 43 108 
41 27 42 7 8 43 108 
16 42 27 17 7 113 43 108 
16 42 27 17 7 113 43 108 
41 27 42 7 8 43 108 
41 27 42 7 8 43 108 
41 27 42 7 8 43 108 
41 27 42 7 8 43 108 
41 27 42 7 8 43 108 
16 42 27 17 7 113 43 108 
16 42 27 17 7 113 43 108 
41 27 42 7 8 43 108 
16 42 27 17 7 113 43 108 
41 27 42 7 8 43 108 
16 42 27 17 7 113 43 108 
16 42 27 17 7 62 113 43 108 
16 41 42 27 17 7 113 43 108 
41 27 42 7 8 43 108 
16 42 27 17 7 155 113 43 108 
16 42 27 17 7 113 43 108 
16 41 42 27 17 7 113 43 108 
41 27 42 7 8 43 108 
41 27 42 7 8 43 108 
16 42 27 17 7 113 43 108 
41 27 42 7 8 43 108 
41 27 42 7 8 43 108 
16 42 27 17 7 62 113 43 108 
41 27 42 7 8 43 108 
16 42 27 17 7 113 43 108 
16 42 27 17 7 113 43 108 
16 42 27 17 7 113 43 108 
16 42 27 17 7 113 43 108 
16 42 27 17 7 113 43 108 
16 42 27 17 7 113 43 108 
16 42 27 17 7 113 43 108 
16 42 27 17 7 113 43 108 
41 27 42 7 8 43 108 
41 27 42 7 8 43 108 
41 27 42 7 8 43 108 
16 42 27 17 7 113 43 108 
16 42 27 17 7 113 43 108 
41 27 42 7 8 43 108 
41 27 42 7 8 43 108 
16 42 27 17 7 62 113 43 108 
16 42 27 17 7 113 43 108 
16 42 27 17 7 113 43 108 
27 181 42 7 8 43 108 
16 42 27 17 7 113 43 108 
41 27 42 7 8 43 108 
41 27 42 7 8 59 15 43 108 
41 27 42 7 8 59 15 43 108 
16 41 42 27 17 7 113 43 108 
16 42 27 17 7 113 43 108 
16 42 27 17 7 113 43 108 
41 27 42 7 8 43 108 
41 27 42 7 8 43 108 
41 27 42 7 8 43 108 
16 42 27 17 7 113 43 108 
16 42 27 17 7 113 43 108 
16 42 27 17 7 113 43 108 
41 27 42 7 8 43 108 
41 27 42 7 8 43 108 
41 27 42 7 8 43 108 
16 42 27 17 7 113 43 108 
16 42 27 17 7 113 43 108 
41 27 42 7 8 43 108 
16 42 27 17 7 62 113 43 108 
16 42 27 17 7 113 43 108 
41 27 42 7 8 43 108 
41 27 42 7 8 43 108 
16 42 27 17 7 113 43 108 
41 27 42 7 8 43 108 
41 27 42 7 8 43 108 
41 27 42 7 8 43 108 
16 42 27 17 7 113 43 108 
16 42 27 17 7 113 43 108 
41 27 42 7 8 43 108 
16 42 27 17 7 113 43 108 
41 27 42 7 8 43 108 
41 27 42 7 8 43 108 
16 42 27 17 7 113 43 108 
16 42 27 17 7 113 43 108 
41 27 42 7 8 43 108 
41 27 42 7 8 43 108 
41 27 42 7 8 43 108 
41 27 42 7 8 43 108 
16 42 27 17 7 113 43 108 
16 42 27 17 7 113 43 108 
16 42 27 17 7 113 43 108 
16 42 27 17 7 113 43 108 
16 42 27 17 7 62 113 43 108 
16 42 27 17 7 113 43 108 
41 27 42 7 8 43 108 
16 41 42 27 17 7 113 43 108 
41 27 42 7 8 43 108 
16 42 27 17 7 113 43 108 
16 42 27 17 7 113 43 108 
41 27 42 7 8 43 108 
41 27 42 7 8 43 108 
16 42 27 17 7 113 43 108 
16 42 27 17 7 113 43 108 
16 42 27 17 7 113 43 108 
16 42 27 17 7 113 43 108 
16 42 27 17 7 113 43 108 
16 42 27 17 7 113 43 108 
16 42 27 17 7 113 43 108 
41 27 42 7 8 43 108 
16 42 27 17 7 113 43 108 
16 42 27 17 7 113 43 108 
16 42 27 17 7 62 113 43 108 
41 27 42 7 8 43 108 
41 27 42 7 8 43 108 
16 42 27 17 7 113 43 108 
41 27 42 7 8 43 108 
41 27 42 7 8 43 108 
16 42 27 17 7 113 43 108 
41 27 42 7 8 43 108 
16 41 42 27 17 7 113 43 108 
27 181 42 7 8 43 108 
41 27 42 7 8 43 108 
41 27 42 7 8 43 108 
16 42 27 17 7 19 113 43 108 
41 27 42 7 8 43 108 
16 42 27 17 7 113 43 108 
41 27 42 7 8 43 81 108 
41 27 42 7 8 43 108 
41 27 42 7 8 43 108 
41 27 42 7 8 43 108 
16 42 27 17 7 113 43 108 
41 27 42 7 8 43 108 
41 27 42 7 8 43 108 
41 27 42 7 8 43 108 
16 42 27 17 7 113 43 108 
41 27 42 7 8 43 108 
16 42 27 17 7 113 43 108 
16 42 27 17 7 113 43 108 
16 42 27 17 7 113 43 108 
16 41 42 27 17 7 113 43 108 
41 27 42 7 8 43 108 
16 42 27 17 7 113 43 108 
41 27 42 7 8 43 108 
16 42 27 17 7 113 43 108 
16 42 27 17 7 19 113 43 108 
16 42 27 17 7 113 43 108 
41 27 42 7 8 43 108 
41 27 42 7 8 43 108 
41 27 42 7 8 43 108 
16 42 27 17 7 113 43 108 
41 27 42 7 8 43 108 
16 42 27 17 7 113 43 108 
16 41 42 27 17 7 113 43 108 
41 27 42 7 8 43 108 
16 42 27 17 7 113 43 108 
16 41 42 27 17 7 113 43 108 
16 42 27 17 7 113 43 108 
41 27 42 7 8 43 108 
16 42 27 17 7 113 43 108 
41 27 42 7 8 43 108 
16 42 27 17 7 113 43 108 
41 27 42 7 8 43 108 
41 27 42 7 8 43 108 
16 41 42 27 17 7 113 43 108 
16 42 27 17 7 113 43 108 
16 42 27 17 7 113 43 108 
16 42 27 17 7 113 43 108 
16 42 27 17 7 113 43 108 
16 42 27 17 7 113 43 108 
41 27 42 7 8 43 108 
16 42 27 17 7 113 43 108 
16 42 27 17 7 113 43 108 
41 27 42 7 8 43 108 
16 42 27 17 7 113 43 108 
16 42 27 17 7 113 43 108 
16 42 27 17 7 113 43 108 
41 27 42 7 8 43 108 
41 27 42 7 8 43 108 
16 42 27 17 7 113 43 108 
41 27 42 7 8 43 108 
41 27 42 50 7 8 3 43 108 
41 27 42 7 8 43 108 
16 42 27 17 7 113 43 108 
16 42 27 17 7 113 43 108 
16 42 27 17 7 113 43 108 
16 42 27 17 7 113 43 108 
41 27 42 7 8 43 108 
16 42 27 17 7 113 43 108 
41 27 42 7 8 43 108 
41 27 42 7 8 43 108 
16 42 27 17 7 113 43 108 
16 41 27 42 17 7 8 43 113 108 
16 42 27 17 7 113 43 108 
41 27 42 7 8 43 108 
16 42 27 17 7 113 43 108 
16 42 27 17 7 113 43 108 
16 41 42 27 17 7 113 43 108 
41 27 42 7 8 43 108 
41 27 42 7 8 43 108 
41 27 42 7 8 43 81 108 
41 27 42 7 8 43 108 
41 27 42 7 8 43 108 
16 42 27 17 7 113 43 108 
41 27 42 7 8 43 108 
41 27 42 7 8 43 108 
41 27 42 7 8 43 108 
41 27 42 7 8 43 108 
41 27 42 7 8 28 23 24 43 108 
41 27 42 7 8 43 108 
41 27 42 7 8 43 108 
16 42 27 17 7 113 43 108 
41 27 42 7 8 43 108 
16 42 27 17 7 113 43 108 
16 42 27 17 7 113 43 108 
16 42 27 17 7 113 43 108 
16 41 27 42 17 7 8 43 108 
41 27 42 7 8 43 108 
41 27 42 7 8 43 108 
41 27 42 7 8 43 108 
41 27 42 7 8 43 108 
16 42 27 17 7 113 43 108 
16 42 27 17 7 113 43 108 
16 42 27 17 7 113 43 108 
41 27 42 7 8 43 108 
41 27 42 7 8 43 108 
16 42 27 17 7 113 43 108 
16 42 27 17 7 113 43 108 
41 27 42 7 8 43 108 
41 27 42 7 8 43 108 
16 42 27 17 7 19 113 43 108 
41 27 42 7 8 43 108 
16 42 27 17 7 113 43 108 
32 16 41 27 42 17 7 8 33 43 108 
41 27 42 7 8 43 108 
41 27 42 7 8 43 108 
16 42 27 17 7 113 43 108 
41 27 42 7 8 43 108 
41 27 42 7 8 43 108 
41 27 42 7 8 43 108 
41 27 42 7 8 43 108 
41 27 42 7 8 43 108 
16 42 27 17 7 62 113 43 108 
16 42 27 17 7 113 43 108 
16 42 27 17 7 113 43 108 
16 42 27 17 7 113 43 108 
41 13 27 42 7 8 14 15 43 108 
41 27 42 7 8 43 108 
41 27 42 7 8 43 108 
16 42 27 17 7 113 43 108 
16 42 27 17 7 113 43 108 
41 27 42 7 8 43 108 
16 42 27 17 7 113 43 108 
16 42 27 17 7 113 43 108 
41 27 42 7 8 43 108 
41 27 42 7 8 43 108 
41 27 42 7 8 43 108 
16 27 42 17 7 71 43 113 108 
41 27 42 7 8 43 108 
16 42 27 17 7 113 43 108 
16 42 27 17 7 62 113 43 108 
16 41 42 27 17 7 113 43 108 
16 42 27 17 7 113 43 108 
16 42 27 17 7 113 43 108 
41 27 42 7 8 43 108 
41 27 42 7 8 43 108 
16 42 27 17 7 62 113 43 108 
16 42 27 17 7 113 43 108 
41 27 42 7 8 43 108 
16 42 27 17 7 113 43 108 
41 27 42 7 8 43 108 
16 42 27 17 7 113 43 108 
41 27 42 7 8 43 108 
16 42 27 17 7 19 113 43 108 
16 42 27 17 7 113 43 108 
41 27 42 7 8 43 108 
41 27 42 7 8 43 108 
41 27 42 7 8 43 108 
41 27 42 7 8 43 108 
16 42 27 17 7 113 43 108 
16 42 27 17 7 62 113 43 108 
16 42 27 17 7 113 43 108 
41 27 42 7 8 43 108 
16 42 27 17 7 113 43 108 
16 42 27 17 7 113 43 108 
41 27 42 7 8 43 108 
41 27 42 7 8 43 108 
16 42 27 17 7 62 113 43 108 
41 27 42 7 8 43 108 
41 27 42 7 8 43 108 
41 27 42 7 8 43 108 
41 27 42 7 8 43 108 
16 42 27 17 7 113 43 108 
41 27 42 7 8 43 108 
41 27 42 7 8 43 108 
41 27 42 7 8 43 108 
41 27 42 7 8 43 108 
16 42 27 17 7 113 43 108 
16 42 27 17 7 113 43 108 
41 27 42 7 8 43 108 
41 27 42 7 8 43 108 
41 27 42 7 8 43 108 
41 27 42 7 8 43 108 
41 27 42 7 8 43 108 
16 42 27 17 7 113 43 108 
41 27 42 7 8 43 108 
16 42 27 17 7 113 43 108 
41 27 42 7 8 43 108 
16 42 27 17 7 62 113 43 108 
41 27 42 7 8 43 108 
41 27 42 7 8 43 108 
41 27 42 7 8 43 108 
41 27 42 7 8 43 108 
41 27 42 7 8 43 108 
41 27 42 7 8 43 108 
16 42 27 17 7 113 43 108 
41 27 42 7 8 43 108 
41 27 42 7 8 43 108 
41 27 42 7 8 43 108 
16 42 27 17 7 113 43 108 
41 27 42 7 8 43 108 
41 27 42 7 8 43 108 
41 27 42 7 8 43 108 
41 27 42 7 8 43 108 
41 27 42 7 8 43 108 
16 42 27 17 7 113 43 108 
16 42 27 17 7 113 43 108 
16 42 27 17 7 113 43 108 
16 42 27 17 7 62 113 43 108 
41 27 42 7 8 43 108 
41 27 42 7 8 43 108 
41 27 42 7 8 43 108 
41 27 42 7 8 43 108 
41 27 42 7 8 43 108 
41 27 42 7 8 43 108 
41 27 42 7 8 43 108 
41 27 42 7 8 43 108 
16 42 27 17 7 113 43 108 
41 27 42 7 8 43 108 
41 27 42 7 8 43 108 
41 27 42 7 8 43 108 
41 27 42 7 8 43 108 
16 42 27 17 7 113 43 108 
16 42 27 17 7 113 43 108 
41 27 42 7 8 43 108 
41 27 42 7 8 43 108 
41 27 42 7 8 43 108 
41 27 42 7 8 43 108 
41 27 42 7 8 43 108 
41 27 42 7 40 8 15 43 108 
41 27 42 7 8 43 108 
41 27 42 7 8 43 108 
41 27 42 7 8 43 108 
16 41 42 27 17 7 113 43 108 
16 41 42 27 17 7 113 43 108 
41 27 42 7 8 43 108 
16 42 27 17 7 113 43 108 
16 42 27 17 7 113 43 108 
16 26 27 42 17 7 113 43 108 
16 42 27 17 7 113 43 108 
41 27 42 7 8 43 108 
41 27 42 7 8 43 108 
41 27 42 7 8 43 108 
16 42 27 17 7 113 43 108 
41 27 42 7 8 3 65 43 108 
41 27 42 7 8 43 108 
16 42 27 17 7 113 43 108 
16 42 27 17 7 113 43 108 
41 27 42 7 8 43 108 
41 27 42 7 8 43 108 
41 27 42 7 8 43 108 
16 42 27 17 7 113 43 108 
41 27 42 7 8 43 108 
16 42 27 17 7 113 43 108 
16 42 27 17 7 113 43 108 
16 42 27 17 7 62 113 43 108 
41 27 42 7 8 43 108 
16 42 27 17 7 62 113 43 108 
41 27 42 7 8 43 108 
41 27 42 7 8 43 108 
41 27 42 7 8 43 108 
41 27 42 7 8 43 108 
41 27 42 7 8 43 108 
16 42 27 17 7 113 43 108 
41 27 42 7 8 43 108 
16 42 27 17 7 62 113 43 108 
41 27 42 7 8 43 108 
41 27 42 7 8 43 108 
16 42 27 17 7 113 43 108 
41 27 42 7 8 43 108 
41 27 42 7 8 43 108 
41 27 42 7 8 43 108 
41 27 42 7 8 43 108 
41 27 42 7 8 43 108 
41 27 42 7 8 43 108 
41 27 42 7 8 43 108 
41 27 42 7 8 43 108 
41 27 42 7 8 43 108 
16 42 27 17 7 62 113 43 108 
16 42 27 17 7 113 43 108 
41 27 42 7 8 43 108 
41 27 42 7 8 43 108 
16 42 27 17 7 113 43 108 
41 27 42 7 8 43 108 
16 42 27 17 7 113 43 108 
16 42 27 17 7 113 43 108 
16 41 27 42 17 7 8 62 43 108 
16 41 42 27 17 7 113 43 108 
41 27 42 7 8 43 108 
16 42 27 17 7 113 43 108 
16 42 27 17 7 113 43 108 
16 42 27 17 7 113 43 108 
16 41 42 27 17 7 113 43 108 
41 27 42 7 8 43 108 
16 42 27 17 7 113 43 108 
16 42 27 17 7 113 43 108 
16 42 27 17 7 62 113 43 108 
16 114 42 27 17 7 118 10 113 43 108 
41 27 42 7 8 43 108 
41 27 42 7 8 43 108 
41 27 42 7 8 43 108 
16 114 42 27 17 7 118 10 113 43 108 
16 42 27 17 7 113 43 108 
16 42 27 17 7 113 43 108 
41 27 42 7 8 43 108 
16 42 27 17 7 113 43 108 
16 42 27 17 7 113 43 108 
16 42 27 17 7 113 43 108 
16 42 27 17 7 113 43 108 
16 42 27 17 7 113 43 108 
16 42 27 17 7 62 113 43 108 
41 27 42 7 8 43 108 
16 114 42 27 17 7 118 10 113 43 108 
16 42 27 17 7 113 43 108 
16 42 27 17 7 113 43 108 
16 42 27 17 7 62 113 43 108 
16 42 27 17 7 62 113 43 108 
41 27 42 7 8 43 108 
16 42 27 17 7 113 43 108 
32 16 41 27 42 17 7 8 33 43 108 
16 114 42 27 17 7 118 10 113 43 108 
16 42 27 17 7 113 43 108 
16 42 27 17 7 113 43 108 
16 42 27 17 7 113 43 108 
16 41 42 27 17 7 113 43 108 
16 114 42 27 17 7 118 10 113 43 108 
16 42 27 17 7 113 43 108 
16 42 27 17 7 62 113 43 108 
16 42 27 17 7 113 43 108 
16 42 27 17 7 62 113 43 108 
41 27 42 7 8 43 108 
16 114 42 27 17 7 118 10 113 43 108 
41 27 42 7 8 43 108 
16 41 42 27 17 7 113 43 108 
16 42 27 17 7 62 113 43 108 
16 114 42 27 17 7 118 10 113 43 108 
16 42 27 17 7 113 43 108 
16 42 27 17 7 62 113 43 108 
41 27 42 7 8 43 108 
16 42 27 17 7 62 113 43 108 
16 42 27 17 7 113 43 108 
16 42 27 17 7 62 113 43 108 
16 42 27 17 7 113 43 108 
16 42 27 17 7 113 43 108 
16 42 27 17 7 9 10 113 43 108 
16 41 27 42 17 7 8 43 108 
16 42 27 17 7 62 113 43 108 
16 42 27 17 7 113 43 108 
41 27 42 7 8 43 108 
16 42 27 17 7 62 113 43 108 
32 16 41 27 42 17 7 8 33 43 108 
16 42 27 17 7 113 43 108 
16 42 27 17 7 62 113 43 108 
16 42 27 17 7 9 10 113 43 108 
16 42 27 17 7 62 113 43 108 
16 42 27 17 7 62 113 43 108 
16 42 27 17 7 113 43 108 
16 42 27 17 7 62 113 43 108 
16 42 27 17 7 62 113 43 108 
16 42 27 17 7 113 43 108 
16 42 27 17 7 113 43 108 
16 42 27 17 7 3 65 113 43 108 
16 42 27 17 7 113 43 108 
16 42 27 17 7 62 113 43 108 
16 42 27 17 7 113 43 108 
16 42 27 17 7 62 113 43 108 
16 42 27 17 7 113 43 108 
16 42 27 17 7 9 10 113 43 108 
16 42 27 17 7 62 113 43 108 
16 42 27 17 7 62 113 43 108 
16 41 42 27 17 7 113 43 108 
16 42 27 17 7 113 43 108 
16 42 27 17 7 62 113 43 108 
41 27 42 7 8 43 108 
16 42 27 17 7 9 10 113 43 108 
16 42 27 17 7 9 10 113 43 108 
16 42 27 17 7 113 43 108 
16 42 27 17 7 113 43 108 
16 42 27 17 7 9 10 113 43 108 
41 27 42 7 8 43 108 
16 42 27 17 7 62 113 43 108 
16 42 27 17 7 113 43 108 
16 42 27 17 7 113 43 108 
16 42 27 17 7 113 43 108 
16 42 27 17 7 113 43 108 
16 42 27 17 7 113 43 108 
16 42 27 17 7 113 43 108 
16 42 27 17 7 113 43 108 
16 42 27 17 7 10 113 43 108 