27 42 7 8 57 43 2 
27 42 7 8 57 43 2 
27 42 7 8 57 43 2 
27 42 7 8 57 43 2 
27 42 7 8 57 43 2 
27 42 7 8 57 43 2 
27 42 7 8 57 43 2 
27 42 7 8 57 43 2 
27 42 7 8 57 43 2 
27 42 7 8 57 43 2 
27 42 7 8 57 43 2 
27 42 7 8 57 43 2 
27 42 7 8 57 43 2 
27 42 7 8 57 43 2 
27 42 26 7 8 57 43 2 
27 42 26 7 8 57 43 2 
27 42 26 7 8 57 43 2 
27 42 7 8 57 43 81 2 
27 42 26 7 8 57 43 2 
27 42 7 8 57 43 2 
27 42 7 8 57 43 2 
27 42 7 8 57 43 2 
27 42 7 8 57 43 2 
27 42 7 8 57 43 2 
27 42 7 8 57 43 2 
27 42 7 8 57 43 2 
27 42 7 8 57 43 2 
27 42 7 8 57 43 2 
27 42 7 8 57 43 2 
27 42 7 8 57 43 2 
27 42 7 8 57 43 2 
27 42 7 8 57 43 2 
27 42 7 8 57 43 2 
27 42 7 8 57 43 2 
27 42 7 8 57 43 2 
27 42 7 8 57 43 2 
27 42 7 8 57 43 2 
27 42 7 8 57 43 2 
27 42 7 8 57 43 2 
27 42 7 8 57 43 2 
27 42 7 8 57 43 2 
27 42 7 8 57 43 2 
27 42 7 8 57 43 2 
27 42 7 8 57 43 2 
27 42 7 8 57 43 2 
27 42 7 8 57 43 2 
27 42 7 8 57 43 2 
27 42 7 8 57 43 2 
27 42 7 8 57 43 2 
27 42 7 8 57 43 2 
27 42 7 8 57 43 2 
27 42 7 8 57 43 2 
27 42 7 8 57 43 2 
27 42 7 8 57 43 2 
27 42 7 8 57 43 2 
27 42 7 8 57 43 2 
27 42 7 8 57 43 81 2 
27 42 7 8 57 43 2 
27 42 7 8 57 43 2 
27 42 7 8 57 43 2 
27 42 7 8 57 43 2 
27 42 7 8 57 43 2 
27 42 7 8 57 43 2 
27 42 7 8 57 43 2 
27 42 7 8 57 43 2 
27 42 7 8 57 43 2 
27 42 26 7 8 57 43 2 
27 42 7 8 57 43 2 
27 42 7 8 57 43 2 
27 42 7 8 57 43 2 
27 42 7 8 57 43 2 
27 42 7 8 57 43 2 
27 42 7 8 57 43 2 
27 42 7 8 57 43 2 
27 42 7 8 57 43 2 
27 42 7 8 57 43 2 
27 42 7 8 57 43 2 
27 42 7 8 57 43 2 
27 42 7 8 57 43 2 
27 42 7 8 57 43 2 
27 42 7 8 57 43 2 
27 42 7 8 57 43 2 
27 42 7 8 57 43 2 
27 42 7 8 57 43 2 
27 42 7 8 57 43 2 
27 42 7 8 57 43 2 
27 42 7 8 57 43 2 
27 42 7 8 57 43 2 
27 42 7 8 57 43 2 
27 42 7 8 57 43 2 
27 42 7 8 57 43 2 
27 42 7 8 57 43 2 
27 42 7 8 57 43 2 
27 42 7 8 57 43 2 
27 42 7 8 57 43 2 
27 42 7 8 57 43 2 
27 42 7 8 57 43 2 
27 42 7 8 57 43 2 
27 42 7 8 57 43 2 
27 42 7 8 57 43 2 
27 42 7 8 57 43 2 
27 42 7 8 57 43 2 
27 42 7 8 57 43 2 
27 42 7 8 57 43 2 
27 42 7 8 57 43 2 
27 42 7 8 57 43 2 
27 42 7 8 57 43 2 
27 42 7 8 57 43 2 
27 42 7 8 57 43 2 
27 42 7 8 57 43 2 
27 42 7 8 57 43 2 
27 42 7 8 57 43 2 
27 42 7 8 57 43 2 
27 42 7 8 57 43 2 
27 42 7 8 57 43 2 
27 42 7 8 57 43 2 
27 42 7 8 57 43 2 
27 42 7 8 57 43 2 
27 42 7 8 57 43 2 
27 42 7 8 57 43 2 
27 42 7 8 57 43 2 
27 42 7 8 57 43 2 
27 42 7 8 57 43 2 
27 42 7 8 57 43 2 
27 42 7 8 57 43 2 
27 42 7 8 57 43 2 
27 42 7 8 57 43 2 
27 42 7 8 57 43 2 
27 42 7 8 57 43 2 
27 42 7 8 57 43 2 
27 42 7 8 57 43 2 
27 42 7 8 57 43 2 
27 42 7 8 57 43 2 
27 42 7 8 57 43 2 
27 42 7 8 57 43 2 
27 42 7 8 57 43 2 
27 42 7 8 57 43 2 
27 42 7 8 57 43 2 
27 42 7 8 57 43 2 
27 42 7 8 57 43 2 
27 42 7 8 57 43 2 
27 42 7 8 57 43 2 
27 42 7 8 57 43 2 
27 42 7 8 57 43 2 
27 42 7 8 57 43 2 
27 42 7 8 57 43 2 
27 42 7 8 57 43 2 
27 42 7 8 57 43 2 
27 42 7 8 57 43 2 
27 42 7 8 57 43 2 
27 42 7 8 57 43 2 
27 42 7 8 57 43 2 
27 42 26 7 8 57 43 2 
27 42 7 8 57 43 2 
27 42 7 8 59 15 57 43 2 
27 42 7 8 57 43 2 
27 42 7 8 57 43 2 
27 42 7 8 57 43 2 
27 42 7 8 57 43 2 
27 42 7 8 57 43 2 
27 42 7 8 57 43 2 
27 42 7 8 57 43 2 
27 42 7 8 57 43 2 
27 42 7 8 57 43 2 
27 42 7 8 57 43 2 
27 42 7 8 57 43 2 
27 42 7 8 57 43 2 
27 42 7 8 57 43 2 
27 42 7 8 57 43 2 
27 42 7 8 57 43 2 
27 42 7 8 57 43 2 
27 42 7 8 57 43 2 
27 42 7 8 57 43 2 
27 42 7 8 57 43 2 
27 42 7 8 57 43 2 
27 42 7 8 57 43 2 
27 42 7 8 57 43 2 
27 42 7 8 57 43 2 
27 42 7 8 57 43 2 
27 42 7 8 57 43 2 
27 42 7 8 57 43 2 
27 42 7 8 57 43 2 
27 42 7 8 57 43 2 
27 42 7 8 57 43 2 
27 42 7 8 57 43 2 
27 42 7 8 57 43 2 
27 42 7 8 57 43 2 
27 42 7 8 57 43 2 
27 42 7 8 57 43 2 
27 42 7 8 57 43 2 
27 42 7 8 57 43 2 
27 42 7 8 57 43 2 
27 42 7 8 57 43 2 
27 42 7 8 57 43 2 
27 42 7 8 57 43 2 
27 42 7 8 57 43 2 
27 42 7 8 57 43 2 
27 42 7 8 57 43 2 
27 42 7 8 57 43 2 
27 42 7 8 57 43 2 
27 42 7 8 57 43 2 
27 42 7 8 57 43 2 
27 42 7 8 57 43 2 
27 42 7 8 57 43 2 
27 42 7 8 57 43 2 
27 42 7 8 57 43 2 
27 42 7 8 57 43 2 
27 42 7 8 57 43 2 
27 42 7 8 57 43 2 
27 42 7 8 57 43 2 
27 42 7 8 57 43 2 
27 42 7 8 57 43 2 
27 42 7 8 57 43 2 
27 42 7 8 57 43 2 
27 42 7 8 57 43 2 
27 42 7 8 57 43 2 
27 42 7 8 57 43 2 
27 42 7 8 57 43 2 
27 42 7 8 57 43 2 
27 42 7 8 57 43 2 
27 42 7 8 57 43 2 
27 42 7 8 57 43 2 
27 42 7 8 57 43 2 
27 42 7 8 57 43 2 
16 27 42 7 8 19 57 43 2 
27 42 7 8 57 43 2 
27 42 7 8 57 43 2 
27 42 7 8 57 43 2 
27 42 7 8 57 43 2 
27 42 7 8 10 57 43 2 
27 42 7 8 57 43 2 
27 42 7 8 57 43 2 
27 42 7 8 57 43 2 
27 42 7 8 57 43 2 
27 42 7 8 57 43 2 
27 42 7 8 57 43 2 
27 42 7 8 57 43 2 
27 42 7 8 57 43 2 
16 27 42 7 8 19 57 43 2 
27 42 7 8 57 43 2 
27 42 7 8 57 43 2 
27 42 7 8 57 43 2 
27 42 7 8 57 43 2 
27 42 7 8 57 43 2 
27 42 7 8 57 43 2 
27 42 7 8 57 43 2 
27 42 7 8 57 43 2 
27 42 7 8 57 43 2 
27 42 7 8 57 43 2 
27 42 7 8 57 43 2 
27 42 7 8 57 43 2 
16 27 42 7 8 19 57 43 2 
27 42 7 8 57 43 2 
27 42 7 8 57 43 2 
114 27 42 7 8 118 10 57 43 2 
27 42 7 8 57 43 2 
16 27 42 7 8 57 43 2 
27 42 7 8 57 43 2 
27 42 7 8 57 43 2 
27 42 7 8 57 43 2 
27 42 7 8 57 43 2 
27 42 7 8 57 43 2 
27 42 7 8 57 43 2 
27 42 7 8 57 43 2 
27 42 7 8 57 43 2 
27 42 7 8 57 43 2 
27 42 7 8 57 43 2 
27 42 7 8 57 43 2 
27 42 7 8 57 43 2 
27 42 7 8 57 43 2 
27 42 7 8 57 43 2 
27 42 7 8 57 43 2 
27 42 7 8 57 43 2 
27 42 7 8 57 43 2 
27 42 7 8 57 43 2 
27 42 7 8 57 43 2 
27 42 7 8 57 43 2 
27 42 7 8 57 43 2 
27 42 7 8 57 43 2 
27 42 7 8 57 43 2 
27 42 7 8 57 43 2 
27 42 7 8 57 43 2 
27 42 7 8 57 43 2 
27 42 7 8 57 43 2 
27 42 7 8 57 43 2 
27 42 7 8 57 43 2 
27 42 7 8 57 43 2 
27 42 7 8 57 43 2 
27 42 7 8 57 43 2 
27 42 7 8 57 43 2 
27 42 7 8 57 43 2 
27 42 7 8 57 43 2 
27 42 7 8 57 43 2 
27 42 7 8 57 43 2 
27 42 7 8 57 43 2 
27 42 7 8 57 43 2 
27 42 7 8 57 43 2 
27 42 7 8 57 43 2 
27 42 7 8 57 43 2 
27 42 7 8 57 43 2 
27 42 7 8 57 43 2 
27 42 7 8 57 43 2 
27 42 7 8 57 43 2 
27 42 7 8 57 43 2 
27 42 7 8 57 43 2 
27 42 26 7 8 57 43 2 
27 42 7 8 57 43 2 
27 42 7 8 57 43 2 
27 42 7 8 57 43 2 
27 42 7 8 57 43 2 
27 42 7 8 57 43 2 
27 42 7 8 57 43 2 
27 42 7 8 57 43 2 
27 42 7 8 57 43 2 
27 42 7 8 57 43 2 
27 42 7 8 57 43 2 
27 42 7 8 57 43 2 
27 42 7 8 57 43 2 
27 42 7 8 57 43 2 
27 42 7 8 57 43 2 
27 42 7 8 57 43 2 
27 42 7 8 57 43 2 
27 42 7 8 57 43 2 
27 42 7 8 57 43 2 
27 42 7 8 57 43 2 
27 42 7 8 57 43 2 
27 42 7 8 57 43 2 
27 42 7 8 57 43 2 
27 42 7 8 57 43 2 
27 42 7 8 57 43 2 
27 42 7 8 57 43 2 
27 42 7 8 57 43 2 
27 42 7 8 57 43 2 
27 42 7 8 57 43 2 
27 42 7 8 57 43 2 
27 42 7 8 57 43 2 
27 42 7 8 57 43 2 
27 42 7 8 57 43 2 
27 42 7 8 57 43 2 
27 42 7 8 57 43 2 
27 42 7 8 57 43 2 
27 42 7 8 57 43 2 
27 42 7 8 57 43 2 
27 42 7 8 57 43 2 
27 42 7 8 57 43 2 
27 42 7 8 57 43 2 
27 42 7 8 57 43 2 
27 42 7 8 57 43 2 
27 42 7 8 57 43 2 
27 42 7 8 57 43 2 
27 42 7 8 57 43 2 
27 42 7 8 57 43 2 
27 42 7 8 57 43 2 
27 42 7 8 57 43 2 
27 42 7 8 57 43 2 
27 42 7 8 57 43 2 
27 42 7 8 57 43 2 
27 42 7 8 57 43 2 
27 42 7 8 57 43 2 
27 42 7 8 57 43 2 
27 42 7 8 57 43 2 
27 42 7 8 57 43 2 
27 42 7 8 57 43 2 
27 42 7 8 57 43 2 
27 42 7 8 57 43 2 
27 42 7 8 57 43 2 
27 42 7 8 57 43 2 
27 42 7 8 57 43 2 
27 42 7 8 57 43 2 
27 42 7 8 57 43 2 
27 42 7 8 57 43 2 
27 42 7 8 57 43 2 
27 42 7 8 57 43 2 
27 42 7 8 57 43 2 
27 42 7 8 57 43 2 
27 42 7 8 57 43 2 
27 42 7 8 57 43 2 
27 42 7 8 57 43 2 
27 42 7 8 57 43 2 
27 42 7 8 57 43 2 
27 42 7 8 57 43 2 
27 42 7 8 57 43 2 
27 42 7 8 57 43 2 
27 42 7 8 57 43 2 
27 42 7 8 57 43 2 
27 42 7 8 57 43 2 
27 42 7 8 57 43 2 
27 42 7 8 57 43 2 
27 42 7 8 57 43 2 
27 42 7 8 57 43 2 
27 42 7 8 57 43 2 
27 42 7 8 15 57 43 2 