52 59 174 15 175 469 
52 174 175 469 
52 174 175 469 
52 3 257 174 175 469 
52 59 174 15 175 469 
52 174 175 469 
52 174 175 469 
52 174 175 469 
16 17 52 174 62 175 469 
52 174 15 175 82 469 
52 174 15 175 82 469 
52 174 175 469 
52 174 175 469 
52 174 175 469 
52 174 175 469 
52 174 175 469 
52 174 15 175 82 469 
52 59 174 15 175 469 
52 174 175 469 
52 174 175 469 
52 174 15 175 82 469 
16 52 19 174 175 469 
52 174 175 469 
52 174 175 469 
52 174 175 469 
52 174 175 469 
52 174 175 469 
52 59 174 15 175 469 
52 174 175 469 
52 174 175 469 
52 174 175 469 
52 174 175 469 
52 174 175 469 
52 174 175 469 
52 174 175 469 
52 174 175 469 
52 174 175 469 
52 174 175 469 
52 174 175 469 
52 174 175 469 
52 174 175 469 
52 174 175 469 
52 174 175 469 
52 174 175 469 
52 174 175 469 
52 174 175 469 
52 174 175 469 
52 174 175 469 
52 174 175 469 
52 174 175 469 
52 174 175 469 
52 174 175 469 
52 174 175 469 
52 174 175 469 
52 174 175 469 
52 174 175 469 
52 174 175 469 
52 174 175 469 
52 174 175 469 
52 174 175 469 
52 174 175 469 
52 174 175 469 
52 174 175 469 
52 174 175 469 
52 174 175 469 
52 174 175 469 
52 174 175 469 
52 174 175 469 
52 174 175 469 
52 174 175 469 
52 174 175 469 
52 174 175 469 
52 174 175 469 
52 174 175 469 
52 174 175 469 
52 174 175 469 
52 174 175 469 
52 174 175 469 
52 174 175 469 
52 174 175 469 
52 174 175 469 
52 174 175 469 
52 174 175 469 
52 174 175 469 
52 174 175 469 
52 174 175 469 
52 174 175 469 
52 174 175 469 
52 174 175 469 
52 174 175 469 
52 174 175 469 
52 174 175 469 
52 174 175 469 
52 174 175 469 
52 174 175 469 
52 174 175 469 
52 174 175 469 
52 174 175 469 
52 174 175 469 
52 174 175 469 
52 174 175 469 
52 174 175 469 
52 174 175 469 
52 174 175 469 
52 174 175 469 
52 174 175 469 
52 174 175 469 
52 174 175 469 
52 174 175 469 
52 174 175 469 
52 174 175 469 
52 174 175 469 
52 174 175 469 
52 174 175 469 
52 174 175 469 
52 174 175 469 
52 174 175 469 
52 174 175 469 
52 174 175 469 
52 174 175 469 
52 174 175 469 
52 174 175 469 
52 174 175 469 
52 174 175 469 
52 174 175 469 
52 174 175 469 
52 174 175 469 
52 174 175 469 
52 174 175 469 
52 174 175 469 
52 174 175 469 
52 174 175 469 
52 174 175 469 
52 174 175 469 
52 174 175 469 
52 174 175 469 
52 174 175 469 
52 174 175 469 
52 174 175 469 
52 174 175 469 
52 174 175 469 
52 174 175 469 
52 174 175 469 
52 174 175 469 
52 174 175 469 
52 174 175 469 
52 174 175 469 
52 174 175 469 
52 174 175 469 
52 174 175 469 
52 174 175 469 
52 174 175 469 
52 174 175 469 
52 174 175 469 
52 174 175 469 
52 174 175 469 
52 174 175 469 
52 174 175 469 
52 174 175 469 
52 174 175 469 
52 174 175 469 
52 174 175 469 
52 174 175 469 
52 174 175 469 
52 174 175 469 
52 174 175 469 
52 174 175 469 
52 174 175 469 
52 174 175 469 
52 174 175 469 
52 174 175 469 
52 174 175 469 
52 174 175 469 
52 174 175 469 
52 174 175 469 
52 174 175 469 
52 174 175 469 
52 174 175 469 
52 174 175 469 
52 174 175 469 
52 174 175 469 
52 174 175 469 
52 174 175 469 
52 174 175 469 
52 174 175 469 
52 174 175 469 
52 174 175 469 
52 174 175 469 
52 174 175 469 
52 174 175 469 
52 174 175 469 
52 174 175 469 
52 174 175 469 
52 174 175 469 
52 174 175 469 
52 174 175 469 
52 174 175 469 
52 174 175 469 
52 174 175 469 
52 174 15 175 82 469 
16 52 174 175 469 
52 174 15 175 82 469 
52 59 174 15 175 469 
52 59 174 15 175 469 
52 174 175 469 
52 174 175 469 
52 174 175 469 
52 174 175 469 
52 59 174 15 175 469 
52 3 163 174 175 469 
52 174 15 175 82 469 
52 59 174 15 175 469 
52 174 175 469 
52 174 15 175 82 469 
52 174 175 469 
52 174 15 175 82 469 
52 174 175 469 
52 174 175 469 
52 174 175 469 
16 52 19 174 175 469 
52 174 15 175 82 469 
52 3 174 175 469 
52 174 15 175 82 469 
16 17 52 174 62 175 469 
52 174 175 469 
52 174 175 469 
52 20 174 175 469 
52 174 15 175 82 469 
52 174 175 469 
52 174 175 469 
52 174 175 469 
52 174 175 469 
52 174 15 175 82 469 
52 174 15 175 82 469 
52 174 15 175 82 469 
52 174 175 469 
52 174 15 175 82 469 
52 59 174 15 175 469 
52 174 175 469 
52 174 175 469 
52 174 15 175 82 469 
247 52 3 174 175 469 
26 27 7 52 174 175 469 
52 174 15 175 82 469 
52 174 175 469 
52 59 174 15 175 469 
52 3 174 175 469 
52 174 15 175 82 469 
52 174 15 175 82 469 
247 52 3 174 175 469 
52 174 175 469 
52 174 175 469 
52 174 175 469 
52 174 175 469 
52 174 175 469 
52 174 175 469 
52 174 175 469 
52 174 175 469 
52 174 175 469 
52 174 175 469 
52 174 175 469 
52 174 175 469 
52 174 175 469 
52 174 175 469 
52 174 175 469 
52 174 175 469 
52 174 175 469 
52 174 175 469 
52 174 175 469 
52 174 175 469 
52 174 175 469 
52 174 175 469 
52 174 175 469 
52 174 175 469 
52 174 175 469 
52 174 175 469 
52 174 175 469 
52 174 175 469 
52 174 175 469 
52 174 175 469 
52 174 175 469 
52 174 175 469 
52 174 175 469 
52 174 175 469 
52 174 175 469 
52 174 175 469 
52 174 175 469 
52 174 175 469 
52 174 175 469 
52 174 175 469 
52 174 175 469 
52 174 175 469 
52 174 175 469 
52 174 175 469 
52 174 175 469 
52 174 175 469 
52 174 175 469 
52 174 175 469 
52 174 175 469 
52 174 175 469 
52 174 175 469 
52 174 175 469 
52 174 175 469 
52 174 175 469 
52 174 175 469 
52 174 175 469 
52 3 174 175 469 
52 174 175 469 
52 174 175 469 
52 174 175 469 
52 174 175 469 
52 174 175 469 
52 174 175 469 
52 174 175 469 
52 174 175 469 
52 174 175 469 
52 174 175 469 
52 174 175 469 
52 174 175 469 
52 174 175 469 
52 174 175 469 
52 174 15 175 469 
52 174 175 469 
52 174 15 175 82 469 
52 174 175 469 
52 174 175 469 
52 59 174 15 175 469 
52 174 175 469 
16 52 19 174 175 469 
52 174 175 469 
52 174 175 469 
52 174 15 175 82 469 
52 174 15 175 82 469 
16 17 52 174 62 175 469 
52 174 15 175 82 469 
52 174 175 469 
52 59 174 15 175 469 
52 174 15 175 82 469 
52 174 175 469 
52 174 175 469 
52 174 15 175 82 469 
52 174 175 469 
52 174 175 469 
16 52 19 174 175 469 
52 174 175 469 
52 174 175 469 
52 174 15 175 82 469 
52 174 15 175 82 469 
52 20 174 175 469 
16 52 19 174 175 469 
52 174 175 469 
52 174 175 469 
52 174 15 175 82 469 
52 174 175 469 
52 174 175 469 
52 174 15 175 82 469 
247 52 3 174 175 469 
52 174 175 469 
52 174 15 175 82 469 
52 174 175 469 
52 3 174 175 469 
52 59 174 15 175 469 
52 174 175 469 
52 59 174 15 175 469 
52 174 175 469 
52 174 175 469 
52 174 15 175 82 469 
52 59 174 15 175 469 
52 174 15 175 82 469 
16 52 19 174 175 469 
52 174 175 469 
52 174 175 469 
16 52 19 174 175 469 
52 59 174 15 175 469 
52 174 15 175 82 469 
52 174 15 175 82 469 
52 174 15 175 82 469 
52 174 175 469 
52 174 175 469 
52 174 175 469 
52 174 175 469 
52 174 175 469 
52 174 175 469 
52 174 175 469 
52 174 15 175 82 469 
52 174 175 469 
52 174 15 175 82 469 
52 174 175 469 
52 174 175 469 
52 59 174 15 175 469 
52 174 15 175 82 469 
52 174 175 469 
16 17 52 174 62 175 469 
52 3 174 175 469 
52 174 15 175 82 469 
52 174 175 469 
52 174 175 469 
52 174 15 175 82 469 
52 174 175 469 
52 174 175 469 
52 174 175 469 
52 174 175 469 
52 174 175 469 
52 174 175 469 
52 174 175 469 
52 174 175 469 
52 174 175 469 
52 174 175 469 
52 174 175 469 
52 174 175 469 
52 174 175 469 
52 174 175 469 
52 174 175 469 
52 174 175 469 
52 174 175 469 
52 174 175 469 
52 174 175 469 
52 174 175 469 
52 174 175 469 
52 174 175 469 
52 174 175 469 
52 174 175 469 
52 174 175 469 
52 174 175 469 
52 174 175 469 
52 174 175 469 
52 174 175 469 
52 174 175 469 
52 174 175 469 
52 174 175 469 
52 174 175 469 
52 174 175 469 
52 174 175 469 
52 174 175 469 
52 174 175 469 
52 174 175 469 
52 174 175 469 
52 174 175 469 
52 174 175 469 
52 174 175 469 
52 174 175 469 
52 174 175 469 
52 174 175 469 
52 174 175 469 
52 174 175 469 
52 174 175 469 
52 174 175 469 
52 174 175 469 
52 174 175 469 
52 174 175 469 
52 174 175 469 
52 174 175 469 
52 174 175 469 
52 174 175 469 
52 174 175 469 
52 174 175 469 
52 174 175 469 
52 174 175 469 
52 174 175 469 
52 174 175 469 
52 174 175 469 
52 174 175 469 
52 174 175 469 
52 174 175 469 
52 174 175 469 
52 174 175 469 
52 174 175 469 
52 174 175 469 
52 174 175 469 
52 174 175 469 
52 174 175 469 
52 174 175 469 
52 174 175 469 
52 174 175 469 
52 174 175 469 
52 174 175 469 
52 174 175 469 
52 174 175 469 
52 174 175 469 
52 174 175 469 
52 174 175 469 
52 174 175 469 
52 174 175 469 
52 174 175 469 
52 174 175 469 
52 174 175 469 
52 174 175 469 
52 174 175 469 
52 174 175 469 
52 174 175 469 
52 174 175 469 
52 174 175 469 
52 174 175 469 
52 174 175 469 
52 174 175 469 
52 174 175 469 
52 174 175 469 
52 174 175 469 
52 174 175 469 
52 174 175 469 
52 174 175 469 
52 174 175 469 
52 174 175 469 
52 174 175 469 
52 174 175 469 
52 174 175 469 
52 174 175 469 
52 174 175 469 
52 174 175 469 
52 174 175 469 
52 174 175 469 
52 174 175 469 
52 174 175 469 
52 174 175 469 
52 174 175 469 
52 174 175 469 
52 174 175 469 
52 174 175 469 
52 174 175 469 
52 174 175 469 
52 174 175 469 
52 174 175 469 
52 174 175 469 
52 174 175 469 
52 174 175 469 
52 174 175 469 
52 174 15 175 82 469 
52 174 175 469 
52 174 175 469 
52 174 175 469 
52 174 175 469 
52 174 175 469 