27 42 7 8 57 43 128 
27 42 7 8 57 43 128 
27 42 7 8 57 43 128 
27 42 7 8 57 43 128 
27 42 7 8 57 43 128 
16 27 42 7 8 57 43 128 
27 42 7 8 57 43 128 
27 42 7 8 57 43 128 
27 42 7 8 57 43 128 
27 42 7 8 57 43 83 128 
27 42 7 8 57 43 128 
27 42 7 8 57 43 128 
27 42 7 8 57 43 128 
16 27 42 7 8 57 43 128 
27 42 7 8 57 43 128 
27 42 7 8 57 43 128 
27 42 7 8 57 43 128 
27 42 7 8 57 43 128 
27 42 7 8 57 43 128 
27 42 7 8 57 43 128 
27 42 7 8 57 43 128 
27 42 7 8 57 43 128 
16 27 42 7 8 19 57 43 128 
27 42 7 8 57 43 128 
27 42 7 8 57 43 128 
27 42 7 8 57 43 128 
27 42 7 8 57 43 128 
27 42 7 8 57 43 128 
27 42 7 8 57 43 128 
27 42 7 8 57 43 128 
27 42 7 8 57 43 128 
27 42 7 8 183 43 128 
27 42 7 8 57 43 128 
27 42 7 8 183 43 128 
27 42 7 8 57 43 128 
27 42 7 8 57 43 128 
27 42 7 8 57 43 83 128 
27 42 7 8 183 43 128 
27 42 7 8 183 43 128 
27 42 7 8 57 43 128 
27 42 7 8 57 43 128 
27 42 7 8 57 43 128 
27 42 7 8 57 43 128 
27 42 7 8 183 43 128 
27 42 7 8 183 43 128 
27 42 7 8 57 43 128 
27 42 7 8 57 43 128 
27 42 7 8 57 43 128 
27 42 7 8 57 43 128 
27 42 26 7 8 57 43 128 
27 42 7 8 57 43 128 
27 42 7 8 183 43 128 
27 42 7 8 57 43 128 
27 42 7 8 57 43 128 
27 42 7 8 57 43 128 
27 42 7 8 57 43 128 
27 42 7 8 57 43 128 
27 42 7 8 57 43 128 
27 42 7 8 57 43 128 
27 42 7 8 57 43 81 128 
27 42 7 8 57 43 128 
27 42 7 8 183 43 128 
27 42 7 8 15 57 43 128 
27 42 7 8 3 163 57 43 128 
27 42 7 8 183 43 128 
27 42 7 8 57 43 128 
27 42 7 8 57 43 128 
27 42 7 8 57 43 128 
27 42 7 8 57 43 128 
27 42 7 8 57 43 128 
27 42 7 8 183 43 128 
27 42 7 8 57 43 128 
27 42 7 8 57 43 128 
27 42 7 8 57 43 128 
27 42 7 8 57 43 128 
27 42 7 8 57 43 128 
27 42 7 8 57 43 128 
27 42 7 8 57 43 128 
27 42 7 8 57 43 128 
27 42 7 8 57 43 128 
27 42 7 8 57 43 128 
27 42 7 8 57 43 128 
27 42 7 8 57 43 128 
27 42 7 8 57 43 128 
27 42 7 8 57 43 128 
27 42 7 8 57 43 128 
27 42 7 8 57 43 128 
27 42 7 8 57 43 128 
27 42 7 8 57 43 128 
27 42 7 8 57 43 128 
27 42 7 8 183 43 128 
27 42 7 8 57 43 128 
27 42 7 8 57 43 128 
27 42 7 8 57 43 128 
27 42 7 8 57 43 128 
27 42 7 8 57 43 128 
27 42 7 8 57 43 128 
27 42 7 8 57 43 128 
27 42 7 8 57 43 128 
27 42 7 8 57 43 128 
27 42 7 8 57 43 128 
27 42 7 8 57 43 128 
27 42 7 8 57 43 128 
27 42 7 8 57 43 128 
27 42 7 8 57 43 128 
27 42 7 8 57 43 128 
27 42 7 8 57 43 128 
27 42 7 8 57 43 128 
27 42 7 8 57 43 128 
27 42 7 8 57 43 128 
27 42 7 8 57 43 128 
27 42 7 8 57 43 128 
27 42 7 8 57 43 128 
27 42 7 8 57 43 128 
27 42 7 8 57 43 128 
27 42 7 8 183 43 128 
27 42 7 8 183 43 128 
27 42 7 8 57 43 128 
27 42 7 8 57 43 128 
27 42 7 8 57 43 128 
27 42 7 8 57 43 128 
27 42 7 8 57 43 128 
27 42 7 8 183 43 128 
27 42 7 8 57 43 128 
27 42 7 8 57 43 128 
27 42 7 8 57 43 128 
27 42 7 8 183 43 128 
27 42 7 8 57 43 128 
27 42 7 8 57 43 128 
27 42 7 8 57 43 128 
27 42 7 8 57 43 128 
27 42 7 8 57 43 128 
27 42 7 8 57 43 128 
27 42 7 8 57 43 128 
27 42 7 8 57 43 128 
27 42 7 8 57 43 128 
27 42 7 8 57 43 128 
27 42 7 8 57 43 128 
27 42 7 8 57 43 128 
27 42 7 8 57 43 128 
27 42 7 8 183 43 128 
27 42 7 8 183 43 128 
27 42 7 8 57 43 128 
27 42 7 8 57 43 128 
27 26 42 7 8 183 43 128 
27 42 7 8 183 43 128 
27 42 7 8 57 43 128 
27 42 7 8 57 43 128 
27 42 7 8 57 43 128 
27 42 7 8 57 43 128 
27 42 7 8 57 43 128 
27 42 7 8 57 43 128 
27 42 7 8 57 43 128 
27 42 7 8 57 43 128 
27 42 26 7 8 57 43 128 
27 42 7 8 57 43 128 
27 42 7 8 57 43 128 
27 42 7 8 57 43 128 
27 42 7 8 57 43 128 
27 42 7 8 57 43 81 128 
27 42 7 8 57 43 128 
27 42 7 8 57 43 128 
27 42 7 8 57 43 128 
27 42 7 8 57 43 128 
27 42 7 8 57 43 128 
27 42 7 8 57 43 128 
27 42 7 8 57 43 128 
27 42 7 8 57 43 128 
27 42 7 8 57 43 128 
27 42 7 8 57 43 128 
27 42 7 8 57 43 128 
27 42 7 8 57 43 128 
27 42 7 8 57 43 128 
27 42 7 8 57 43 128 
27 42 7 8 57 43 128 
27 42 7 8 57 43 128 
27 42 7 8 57 43 128 
27 42 7 8 57 43 128 
27 42 7 8 57 43 128 
27 42 7 8 57 43 128 
27 42 7 8 57 43 128 
27 42 7 8 57 43 128 
27 42 7 8 57 43 128 
27 42 7 8 57 43 128 
27 42 7 8 183 43 128 
27 42 7 8 57 43 128 
27 42 7 8 57 43 128 
27 42 7 8 57 43 128 
27 42 7 8 57 43 128 
27 42 7 8 57 43 128 
27 42 7 8 57 43 128 
27 42 7 8 57 43 128 
27 42 7 8 57 43 128 
16 27 42 7 8 57 43 128 
27 42 7 8 57 43 128 
27 42 7 8 183 43 128 
27 42 7 8 57 43 128 
27 42 7 8 57 43 128 
27 42 7 8 57 43 128 
27 42 7 8 57 43 128 
27 42 7 8 57 43 128 
27 42 7 8 57 43 128 
27 42 7 8 57 43 128 
27 42 7 8 57 43 128 
27 42 7 8 57 43 128 
27 42 7 8 57 43 128 
27 42 7 8 57 43 128 
27 42 7 8 183 43 128 
27 42 7 8 57 43 128 
27 42 7 8 57 43 128 
27 42 7 8 57 43 128 
27 42 7 8 57 43 128 
27 42 7 8 57 43 128 
27 42 7 8 57 43 128 
27 42 7 8 57 43 128 
27 42 7 8 57 43 128 
27 42 7 8 57 43 128 
27 42 7 8 57 43 128 
27 42 7 8 57 43 128 
27 42 7 8 57 43 128 
27 42 7 8 57 43 128 
27 42 7 8 57 43 128 
27 42 26 7 8 57 43 128 
27 42 7 8 57 43 81 128 
27 42 7 8 57 43 128 
27 42 7 8 57 43 128 
27 42 7 8 57 43 128 
27 42 7 8 57 43 128 
27 42 7 8 57 43 128 
27 42 7 8 57 43 128 
27 42 7 8 57 43 128 
27 42 7 8 57 43 128 
27 42 7 8 57 43 128 
27 42 7 8 57 43 128 
27 42 7 8 57 43 128 
27 42 7 8 57 43 128 
27 42 7 8 57 43 128 
27 42 7 8 22 23 24 57 43 128 
27 42 7 8 57 43 128 
27 42 7 8 57 43 128 
27 42 7 8 57 43 128 
27 42 7 8 57 43 128 
27 42 7 8 57 43 128 
27 42 7 8 57 43 128 
27 42 7 8 57 43 128 
27 42 7 8 57 43 128 
27 42 7 8 57 43 128 
27 42 7 8 57 43 128 
27 42 7 8 57 43 128 
27 42 7 8 57 43 128 
27 42 7 8 57 43 128 
27 42 7 8 57 43 128 
27 42 7 8 57 43 128 
27 42 7 8 57 43 128 
27 42 7 8 57 43 128 
27 42 7 8 57 43 128 
27 42 7 8 57 43 128 
27 42 7 8 57 43 128 
27 42 7 8 57 43 128 
27 42 7 8 57 43 128 
27 42 7 8 57 43 128 
27 42 7 8 57 43 128 
27 42 7 8 57 43 128 
27 42 7 8 57 43 128 
27 42 7 8 57 43 128 
27 42 7 8 57 43 128 
27 42 7 8 57 43 128 
27 42 7 8 57 43 128 
27 42 7 8 57 43 128 
27 42 7 8 57 43 128 
27 42 7 8 57 43 128 
27 42 7 8 57 43 128 
27 42 7 8 57 43 128 
27 42 7 8 57 43 128 
27 42 7 8 57 43 128 
27 42 7 8 57 43 128 
27 42 7 8 57 43 128 
27 42 7 8 57 43 128 
27 42 7 8 57 43 128 
27 42 7 8 57 43 128 
27 42 7 8 57 43 128 
27 42 7 8 57 43 128 
27 42 7 8 57 43 128 
27 42 7 8 57 43 128 
27 42 7 8 57 43 128 
27 42 7 8 57 43 128 
27 42 7 8 57 43 128 
27 42 7 8 57 43 128 
27 42 7 8 57 43 128 
27 42 7 8 57 43 128 
27 42 7 8 57 43 128 
27 42 7 8 57 43 128 
27 42 7 8 57 43 128 
27 42 7 8 57 43 128 
27 42 7 8 57 43 128 
27 42 7 8 57 43 128 
27 42 7 8 57 43 128 
27 42 7 8 57 43 128 
27 42 7 8 57 43 128 
27 42 7 8 57 43 128 
27 42 7 8 57 43 128 
27 42 7 8 57 43 128 
27 42 7 8 3 163 57 43 128 
27 42 7 8 57 43 128 
27 42 7 8 57 43 128 
27 42 7 8 57 43 128 
27 42 7 8 57 43 128 
27 42 7 8 57 43 128 
27 42 7 8 57 43 128 
27 42 7 8 57 43 128 
27 42 7 8 57 43 128 
27 42 7 8 57 43 128 
27 42 7 8 57 43 128 
27 42 7 8 57 43 128 
27 42 7 8 57 43 128 
27 42 7 8 57 43 128 
27 42 7 8 183 43 128 
27 42 7 8 57 43 128 
27 42 7 8 57 43 128 
27 42 7 8 57 43 128 
27 42 7 8 57 43 128 
27 42 7 8 57 43 128 
27 42 7 8 57 43 128 
27 42 7 8 57 43 128 
27 42 7 8 57 43 128 
27 42 7 8 57 43 128 
27 42 7 8 57 43 128 
27 42 7 8 57 43 128 
27 42 7 8 57 43 128 
27 42 7 8 3 163 57 43 128 
27 42 7 8 57 43 128 
27 42 7 8 57 43 128 
27 42 7 8 57 43 128 
27 42 7 8 57 43 128 
27 42 7 8 57 43 128 
27 42 26 7 8 57 43 128 
27 42 7 8 57 43 128 
27 42 7 8 183 43 128 
27 42 7 8 57 43 128 
27 42 7 8 57 43 128 
27 42 7 8 57 43 128 
27 42 7 8 57 43 128 
27 42 7 8 57 43 128 
27 42 7 8 183 43 128 
27 42 26 7 8 57 43 128 
27 42 7 8 57 43 128 
27 42 7 8 57 43 128 
27 42 7 8 57 43 128 
27 42 7 8 57 43 128 
27 42 7 8 57 43 128 
27 42 7 8 57 43 128 
27 42 7 8 57 43 128 
27 42 7 8 57 43 128 
27 42 7 8 57 43 128 
27 42 7 8 57 43 128 
27 42 7 8 57 43 128 
27 42 7 8 57 43 128 
27 42 7 8 57 43 128 
27 42 7 8 57 43 128 
27 42 7 8 57 43 128 
27 42 7 8 57 43 128 
27 42 7 8 57 43 128 
27 42 7 8 57 43 128 
27 42 7 8 57 43 128 
27 42 7 8 57 43 128 
27 42 7 8 57 43 128 
27 42 7 8 57 43 128 
27 42 7 8 57 43 128 
27 42 7 8 57 43 128 
27 42 7 8 57 43 128 
27 42 7 8 57 43 128 
27 42 7 8 57 43 128 
27 42 7 8 57 43 128 
27 42 7 8 183 43 128 
27 42 7 8 57 43 128 
27 42 7 8 57 43 128 
27 42 7 8 57 43 128 
27 42 7 8 57 43 128 
27 42 7 8 57 43 128 
27 42 7 8 57 43 128 
27 42 7 8 57 43 128 
27 42 7 8 57 43 128 
27 42 7 8 57 43 128 
27 42 7 8 57 43 128 
27 42 7 8 57 43 128 
27 42 7 8 57 43 128 
27 42 7 8 183 43 128 
27 42 7 8 57 43 128 
27 42 7 8 57 43 128 
27 42 7 8 57 43 128 
27 42 7 8 57 43 128 
27 42 7 8 57 43 128 
27 42 7 8 57 43 128 
27 42 7 8 57 43 128 
27 42 7 8 57 43 128 
27 42 7 8 57 43 128 
27 42 7 8 57 43 128 
27 42 7 8 57 43 128 
27 42 7 8 57 43 128 
27 42 7 8 57 43 128 
27 42 7 8 57 43 128 
27 42 7 8 57 43 128 
27 42 7 8 57 43 128 
16 27 42 17 7 8 57 43 128 
27 42 7 8 57 43 128 
27 42 7 8 57 43 128 
27 42 7 8 57 43 128 
27 42 7 8 57 43 128 
27 42 26 7 8 121 57 43 128 
27 42 7 8 57 43 128 
27 42 7 8 57 43 128 
27 42 7 8 57 43 128 
27 42 7 8 57 43 128 
27 42 7 8 57 43 128 
27 42 7 8 57 43 128 
27 42 7 8 57 43 128 
27 42 7 8 57 43 128 
27 42 7 8 57 43 128 
27 42 7 8 57 43 128 
27 42 7 8 57 43 128 
27 42 7 8 57 43 128 
27 42 7 8 57 43 128 
27 42 7 8 57 43 128 
27 42 7 8 57 43 128 
27 42 7 8 57 43 128 
27 42 7 8 57 43 128 
27 42 7 8 57 43 128 
27 42 7 8 57 43 128 
27 42 7 8 183 43 128 
27 42 7 8 57 43 128 
27 42 7 8 57 43 128 
27 42 7 8 57 43 128 
27 42 7 8 57 43 128 
27 42 7 8 57 43 128 
27 42 7 8 57 43 128 
27 42 7 8 57 43 128 
27 42 7 8 57 43 128 
27 42 7 8 57 43 128 
27 42 7 8 57 43 128 
27 42 7 8 57 43 128 
27 42 7 8 57 43 128 
27 42 7 8 183 43 128 
27 42 7 8 57 43 128 
27 42 7 8 57 43 128 
27 42 7 8 57 43 128 
27 42 7 8 57 43 128 
27 42 7 8 57 43 128 
27 42 7 8 57 43 128 
27 42 7 8 57 43 128 
27 42 7 8 57 43 128 
27 42 7 8 57 43 128 
27 42 7 8 57 43 128 
27 42 7 8 57 43 128 
27 42 7 8 57 43 128 
27 42 7 8 57 43 128 
27 42 7 8 57 43 128 
27 42 7 8 57 43 128 
27 42 7 8 57 43 128 
27 42 7 8 57 43 128 
27 42 7 8 57 43 128 
27 42 7 8 57 43 128 
27 42 7 8 57 43 128 
27 42 7 8 57 43 128 
27 42 7 8 57 43 128 
27 42 7 8 57 43 128 
27 42 7 8 57 43 128 
27 42 7 8 57 43 128 
27 42 7 8 57 43 128 
27 42 26 7 8 57 43 128 
27 42 7 8 57 43 128 
27 42 7 8 57 43 128 
27 42 7 8 57 43 128 
27 42 7 8 57 43 128 
27 42 7 8 57 43 128 
27 42 7 8 57 43 128 
27 42 7 8 57 43 128 
27 42 7 8 57 43 128 
27 42 7 8 57 43 128 
27 42 7 8 57 43 128 
27 42 7 8 57 43 128 
27 42 7 8 57 43 128 
27 42 7 8 183 9 10 43 128 
27 42 7 8 57 43 128 
27 42 7 8 57 43 81 128 
27 42 26 7 8 57 43 128 
27 42 7 8 57 43 128 
27 42 7 8 57 43 128 
27 42 7 8 57 43 128 
27 42 7 8 183 43 128 
27 42 7 8 57 43 128 
27 42 7 8 57 43 128 
27 42 26 7 8 57 43 128 
27 42 7 8 57 43 128 
27 42 7 8 20 57 43 128 
27 42 7 8 57 43 128 
27 42 7 8 57 43 128 
27 42 7 8 57 43 128 
27 42 7 8 57 43 128 
27 42 7 8 57 43 128 
27 42 7 8 57 43 128 
27 42 7 8 20 57 43 128 
27 42 7 8 57 43 128 
27 42 7 8 57 43 128 
27 42 7 8 183 43 128 
27 42 7 8 57 43 128 
27 42 7 8 57 43 128 
27 42 7 8 183 43 128 
27 42 7 8 57 43 128 
27 42 7 8 57 43 128 
27 42 7 8 183 43 128 
27 42 7 8 57 43 128 
27 42 7 8 183 43 128 
27 42 7 8 57 43 128 
27 42 7 8 57 43 81 128 
27 42 7 8 57 43 128 
27 42 7 8 183 43 128 
27 42 7 8 183 43 128 
27 42 7 8 57 43 128 
27 42 7 8 57 43 128 
27 42 7 8 57 43 128 
27 42 7 8 57 43 128 
27 42 7 8 57 43 128 
27 42 7 8 57 43 128 
27 42 7 8 57 43 128 
27 42 7 8 57 43 128 
27 42 7 8 57 43 128 
27 42 7 8 57 43 128 
27 42 7 8 57 43 128 
27 42 7 8 57 43 128 
27 42 7 8 57 43 128 
27 42 7 8 57 43 128 
27 42 7 8 57 43 128 
27 42 7 8 57 43 128 
27 42 7 8 57 43 128 
27 42 7 8 57 43 128 
27 42 7 8 57 43 128 
27 42 7 8 57 43 128 
27 42 7 8 57 43 128 
27 42 7 8 57 43 128 
27 42 7 8 57 43 128 
27 42 7 8 57 43 128 
27 42 7 8 57 43 128 
27 42 7 8 57 43 128 
27 42 7 8 57 43 128 
27 42 7 8 57 43 128 
27 42 7 8 57 43 128 
27 42 7 8 57 43 128 
27 42 7 8 57 43 128 
27 42 26 7 8 57 43 128 
27 42 7 8 57 43 128 
27 42 7 8 57 43 128 
27 42 7 8 57 43 128 
27 42 7 8 57 43 128 
27 42 7 8 57 43 128 
27 42 7 8 57 43 128 
27 42 7 8 57 43 128 
27 42 7 8 57 43 128 
27 42 7 8 57 43 128 
27 42 26 7 8 57 43 128 
27 42 7 8 57 43 128 
32 16 27 42 17 7 8 33 57 43 128 
27 42 7 8 57 43 128 
27 42 7 8 57 43 128 
27 42 7 8 57 43 128 