41 27 42 7 8 43 108 
41 27 42 7 8 43 108 
41 27 42 7 8 43 108 
41 27 42 7 8 43 108 
41 27 42 7 8 43 108 
41 27 42 7 8 43 108 
41 27 42 7 8 43 108 
41 27 42 7 8 43 108 
41 27 42 7 8 43 108 
41 27 42 7 8 43 108 
41 27 42 7 8 43 108 
16 42 27 17 7 113 43 108 
41 27 42 7 8 43 108 
16 42 27 17 7 113 43 108 
41 27 42 7 8 43 108 
41 27 42 7 8 43 108 
41 27 42 7 8 43 108 
41 27 42 7 8 43 108 
41 27 42 7 8 43 108 
41 27 42 7 8 43 108 
41 27 42 7 8 43 108 
41 27 42 7 8 43 108 
41 27 42 7 8 43 108 
41 27 42 7 8 43 108 
41 27 42 7 8 43 108 
41 27 42 7 8 43 108 
41 27 42 7 8 43 108 
41 27 42 7 8 43 108 
41 27 42 7 8 43 108 
41 27 42 7 8 43 108 
41 27 42 7 8 43 108 
41 27 42 7 8 43 108 
41 27 42 7 8 43 108 
41 27 42 7 8 43 108 
41 27 42 7 8 43 108 
41 27 42 7 8 43 108 
16 42 27 17 7 113 43 108 
41 27 42 7 8 43 108 
41 27 42 7 8 43 108 
41 27 42 7 8 43 108 
41 27 42 7 8 43 108 
41 27 42 7 8 43 108 
41 27 26 42 7 8 43 108 
41 27 42 7 8 43 108 
41 27 42 7 8 43 108 
16 42 27 17 7 69 113 43 108 
41 27 42 7 8 43 108 
41 27 42 7 8 43 108 
41 27 42 7 8 43 108 
41 27 42 7 8 43 108 
41 27 42 7 8 43 108 
41 27 42 7 8 43 108 
41 27 42 7 8 43 108 
41 27 42 7 8 43 108 
41 27 42 7 8 43 108 
41 27 42 7 8 43 108 
16 42 27 17 7 113 43 108 
41 27 42 7 8 43 108 
41 27 42 7 8 43 108 
41 27 42 7 8 43 108 
41 27 42 7 8 43 108 
16 41 27 42 17 7 8 43 108 
16 42 27 17 7 113 43 108 
16 41 27 42 17 7 8 43 108 
41 27 42 7 8 43 108 
16 42 27 17 7 113 43 108 
41 27 42 7 8 43 108 
16 42 27 17 7 113 43 108 
16 42 27 17 7 113 43 108 
32 16 41 27 42 17 7 8 33 43 108 
41 27 42 7 8 43 108 
41 27 42 7 8 43 108 
41 27 42 7 8 43 108 
41 27 42 7 8 43 108 
16 42 27 17 7 113 43 108 
41 27 42 7 8 43 108 
41 27 42 7 8 43 108 
16 42 27 17 7 113 43 108 
16 42 27 17 7 113 43 108 
16 42 27 17 7 113 43 108 
41 27 42 7 8 43 108 
41 27 42 7 8 43 108 
41 27 42 7 8 43 108 
41 27 42 7 8 43 108 
41 27 42 7 8 43 108 
16 42 27 17 7 69 113 43 108 
41 27 42 7 8 43 108 
16 42 27 17 7 113 43 108 
16 27 42 17 7 113 83 43 108 
16 42 27 17 7 113 43 108 
41 27 42 7 8 43 108 
16 42 27 17 7 113 43 108 
41 27 42 7 8 43 108 
41 27 42 7 8 43 108 
16 42 27 17 7 113 43 108 
16 42 27 17 7 113 43 108 
16 42 27 17 7 69 113 43 108 
16 42 27 17 7 113 43 108 
41 27 42 7 8 43 108 
41 27 42 7 8 43 108 
16 42 27 17 7 113 43 108 
41 27 42 7 8 43 108 
41 27 42 7 8 43 108 
41 27 42 7 8 43 108 
41 27 42 7 8 43 108 
41 27 42 7 8 43 108 
41 27 42 7 8 43 108 
41 27 42 7 8 43 108 
41 27 42 7 8 43 108 
41 27 42 7 8 43 108 
41 27 42 7 8 43 108 
16 42 27 17 7 113 43 108 
41 27 42 7 8 9 10 43 108 
16 42 27 17 7 113 43 108 
16 42 27 17 7 69 113 43 108 
41 27 42 7 8 43 108 
16 41 42 27 17 7 113 43 108 
16 42 27 17 7 113 43 108 
16 42 27 17 7 113 43 108 
16 42 27 17 7 113 43 108 
16 41 27 42 17 7 8 43 108 
41 27 42 7 8 43 108 
41 27 42 7 8 43 108 
41 27 42 7 8 43 108 
16 41 27 42 17 7 8 43 108 
41 27 42 7 8 43 108 
41 27 42 7 8 9 10 43 108 
41 27 42 7 8 9 10 43 108 
41 27 42 7 8 43 108 
41 27 42 7 8 43 108 
41 27 42 7 8 43 108 
41 27 42 7 8 43 108 
41 27 42 7 8 43 108 
41 27 42 7 8 43 81 108 
41 27 42 7 8 43 108 
41 27 42 7 8 43 108 
41 27 42 7 8 43 83 108 
41 27 42 7 8 43 108 
41 27 42 7 8 43 108 
41 27 42 7 8 43 108 
41 27 42 7 8 9 10 43 108 
16 42 27 17 7 113 43 108 
16 42 27 17 7 113 43 108 
41 27 42 7 8 43 108 
41 27 42 7 8 43 108 
16 42 27 17 7 113 43 108 
41 27 42 7 8 43 108 
41 27 42 7 8 43 108 
16 41 42 27 17 7 113 43 108 
41 27 42 7 8 43 108 
16 42 27 17 7 113 43 108 
41 27 42 7 8 43 108 
41 27 42 7 8 43 108 
41 27 42 7 8 43 108 
16 42 27 17 7 113 43 108 
41 27 42 7 8 43 108 
41 27 42 7 8 43 108 
16 42 27 17 7 113 43 108 
16 42 27 17 7 113 43 108 
16 42 27 17 7 113 43 108 
16 42 27 17 7 113 43 108 
41 27 42 7 8 43 108 
16 42 27 17 7 113 43 108 
41 27 42 7 8 43 108 
41 27 42 7 8 43 108 
41 27 42 7 8 43 108 
41 27 42 7 8 43 108 
41 27 42 7 8 43 108 
41 27 42 7 8 43 108 
41 27 42 7 8 43 108 
41 27 42 7 8 43 108 
41 27 42 7 8 43 108 
16 42 27 17 7 69 113 43 108 
41 27 42 7 8 43 108 
41 27 42 7 8 43 108 
41 27 42 7 8 43 108 
41 27 42 7 8 43 108 
41 27 42 7 8 43 108 
16 41 27 42 17 7 8 43 108 
41 27 42 7 8 43 108 
41 27 42 7 8 20 43 108 
41 27 42 7 8 43 108 
41 27 42 7 8 43 108 
41 27 42 7 8 43 108 
41 27 42 7 8 43 108 
41 27 42 7 8 43 108 
41 27 42 7 8 43 108 
41 27 42 7 8 43 108 
41 27 42 7 8 43 108 
41 27 42 7 8 43 108 
41 27 42 7 8 43 108 
41 27 42 7 8 43 108 
41 27 42 7 8 43 108 
41 27 42 7 8 43 108 
41 27 42 7 8 43 108 
41 27 42 7 8 43 108 
41 27 42 7 8 43 108 
41 27 42 7 8 43 108 
16 42 27 17 7 113 43 108 
41 27 42 7 8 43 108 
41 27 42 7 8 43 108 
16 41 27 42 7 8 19 43 108 
41 27 42 7 8 43 108 
41 27 42 7 8 43 108 
41 27 42 7 8 43 108 
41 27 42 7 8 43 108 
41 27 42 7 8 43 108 
41 27 42 7 8 43 108 
41 27 42 7 8 43 108 
41 27 42 7 8 43 108 
27 181 42 7 8 43 108 
41 27 42 7 8 43 108 
41 27 42 7 8 43 108 
41 27 42 7 8 43 108 
41 27 42 7 8 43 108 
41 27 42 7 8 43 108 
41 27 42 7 8 43 108 
41 27 42 7 8 43 108 
41 27 42 7 8 43 108 
41 27 42 7 8 43 108 
41 27 42 7 8 43 108 
41 27 42 7 8 43 108 
41 27 42 7 8 43 108 
41 27 42 7 8 43 108 
16 41 27 42 17 7 8 43 113 108 
41 27 42 7 8 43 108 
16 42 27 17 7 113 43 108 
41 27 42 7 8 43 108 
41 27 42 7 8 43 108 
41 27 42 7 8 43 108 
41 27 42 7 8 43 108 
41 27 42 7 8 43 108 
41 27 42 7 8 43 108 
41 27 42 7 8 43 108 
41 27 42 7 8 43 108 
41 27 42 7 8 43 108 
41 27 42 7 8 43 108 
41 27 42 7 8 43 108 
41 27 42 7 8 43 108 
41 27 42 7 8 43 108 
41 27 42 7 8 43 108 
41 27 42 7 8 43 108 
41 27 42 7 8 43 108 
41 27 42 7 8 43 108 
41 27 42 7 8 43 108 
41 27 42 7 8 43 108 
41 27 42 7 8 43 108 
41 27 42 7 8 43 108 
41 27 42 7 8 43 108 
41 27 42 7 8 43 108 
41 27 42 7 8 43 108 
41 27 42 7 8 43 108 
41 27 42 7 8 43 108 
41 27 42 7 8 43 108 
41 27 42 7 8 43 108 
41 27 42 7 8 43 108 
16 41 27 42 17 7 8 62 43 108 
41 27 42 7 8 43 108 
41 27 42 7 8 43 108 
16 32 42 27 17 7 33 113 43 108 
32 16 41 27 42 17 7 8 33 43 108 
41 27 42 7 8 43 108 
41 27 42 7 8 43 108 
41 27 42 7 8 43 108 
41 27 42 7 8 43 108 
41 27 42 7 8 43 108 
41 27 42 7 8 43 108 
41 27 42 7 8 43 108 
41 27 42 7 8 43 108 
41 27 42 7 8 43 108 
41 27 42 7 8 43 108 
41 27 42 7 8 43 108 
41 27 42 7 8 43 108 
41 27 42 7 8 43 108 
41 27 42 7 8 43 108 
41 27 42 7 8 43 108 
41 27 42 7 8 43 108 
41 27 42 7 8 43 108 
41 27 42 7 8 43 108 
41 27 42 7 8 43 108 
41 27 42 7 8 43 108 
41 27 42 7 8 43 108 
41 27 42 7 8 43 108 
41 27 42 7 8 43 108 
41 27 42 7 8 43 108 
41 27 42 7 8 43 108 
41 27 42 7 8 43 108 
41 27 42 7 8 43 108 
41 27 42 7 8 43 108 
41 27 42 7 8 43 108 
41 27 42 7 8 43 108 
41 27 42 7 8 43 108 
41 27 42 7 8 43 108 
41 27 42 7 8 43 108 
41 27 42 7 8 43 108 
41 27 42 7 8 43 108 
41 27 42 7 8 43 108 
41 27 42 7 8 43 108 
41 27 42 7 8 9 10 43 108 
41 27 42 7 8 43 108 
41 27 42 7 8 43 108 
41 27 42 7 8 43 108 
41 27 42 7 8 43 108 
41 27 42 7 8 43 108 
41 27 42 7 8 43 108 
41 27 42 7 8 43 108 
16 42 27 17 7 113 43 108 
41 27 42 7 8 43 108 
41 27 42 7 8 43 108 
41 27 42 7 8 43 108 
41 27 42 7 8 43 108 
41 27 42 7 8 43 108 
41 27 42 7 8 43 108 
41 27 42 7 8 43 108 
41 27 42 7 8 43 108 
41 27 42 7 8 43 108 
41 27 42 7 8 43 108 
41 27 42 7 8 43 108 
41 27 42 7 8 43 83 108 
16 41 27 42 7 8 19 43 108 
41 27 42 7 8 43 108 
41 27 42 7 8 43 108 
41 27 42 7 8 43 108 
41 27 42 7 8 43 108 
16 42 27 17 7 69 113 43 108 
41 27 42 7 8 43 108 
16 41 27 42 17 7 8 43 108 
41 27 42 7 8 43 108 
41 27 42 7 8 43 108 
41 27 42 7 8 43 108 
41 27 42 7 8 43 108 
41 27 42 7 8 43 108 
41 27 42 7 8 43 108 
41 27 42 7 8 43 108 
41 27 42 7 8 43 108 
41 27 42 7 8 43 108 
41 27 42 7 8 43 108 
41 27 42 7 8 43 108 
41 27 42 7 8 43 108 
16 42 27 17 7 113 43 108 
41 27 42 7 8 43 108 
41 27 42 7 8 43 108 
41 27 42 7 8 43 108 
41 27 42 7 8 43 81 108 
41 27 42 7 8 43 108 
41 27 42 7 8 43 108 
41 27 42 7 8 43 108 
41 27 42 7 8 43 108 
41 27 42 7 8 43 108 
41 27 42 7 8 43 108 
16 41 27 42 17 7 8 43 113 108 
41 27 42 7 8 43 108 
41 27 42 7 8 43 108 
41 27 42 7 8 43 108 
41 27 42 7 8 43 108 
41 27 42 7 8 43 108 
41 27 42 7 8 43 108 
41 27 42 7 8 43 108 
41 27 42 7 8 43 108 
41 27 42 7 8 43 108 
41 27 42 7 8 43 108 
41 27 42 7 8 43 108 
41 27 42 7 8 43 108 
41 27 42 7 8 43 108 
41 27 42 7 8 43 108 
41 27 42 7 8 43 108 
41 27 42 7 8 43 108 
41 27 42 7 8 43 108 
41 27 42 7 8 43 108 
41 27 42 7 8 43 108 
41 27 42 7 8 43 108 
41 27 42 7 8 43 108 
41 27 42 7 8 43 108 
41 27 42 7 8 43 108 
41 27 42 7 8 43 108 
41 27 42 7 8 43 108 
41 27 42 7 8 43 108 
41 27 42 7 8 43 108 
41 27 42 7 8 43 108 
41 27 42 7 8 43 81 108 
41 27 42 7 8 43 108 
41 27 42 7 8 43 108 
41 27 42 7 8 43 108 
41 27 42 7 8 43 108 
41 27 42 7 8 43 81 108 
41 27 42 7 8 43 81 108 
41 27 42 7 8 43 108 
41 27 42 7 8 43 108 
41 27 42 7 8 43 108 
41 27 42 7 8 43 108 
41 27 42 7 8 43 108 
41 27 42 7 8 43 108 
41 27 42 7 8 43 108 
41 27 42 7 8 43 108 
41 27 42 7 8 43 108 
41 27 42 7 8 43 108 
41 27 42 7 8 43 108 
41 27 42 7 8 43 108 
41 27 42 7 8 43 108 
16 42 27 17 7 113 43 108 
41 27 42 7 8 43 108 
41 27 42 7 8 43 108 
41 27 42 7 8 43 108 
41 27 42 7 8 43 108 
41 27 42 7 8 43 108 
41 27 42 7 8 43 83 108 
41 27 42 7 8 43 108 
41 27 42 7 8 43 108 
41 27 42 7 8 43 108 
41 27 42 7 8 43 108 
41 27 42 7 8 43 108 
41 27 42 7 8 43 108 
41 27 42 7 8 43 108 
16 42 27 17 7 113 43 108 
41 27 42 7 8 43 108 
41 27 42 7 8 43 108 
41 27 42 7 8 43 108 
41 27 42 7 8 43 108 
41 27 42 7 8 43 108 
41 27 42 7 8 43 108 
41 27 42 7 8 43 108 
41 27 42 7 8 43 108 
41 27 42 7 8 43 108 
41 27 42 7 8 43 108 
16 42 27 17 7 113 43 108 
41 27 42 7 8 43 108 
41 27 42 7 8 43 108 
41 27 42 7 8 43 108 
16 42 27 17 7 62 113 43 108 
41 27 42 7 8 43 108 
41 27 42 7 8 43 108 
41 27 42 7 8 43 108 
41 27 42 7 8 43 108 
41 27 42 7 8 43 108 
41 27 42 7 8 43 108 
41 27 42 7 8 43 108 
41 27 42 7 8 43 108 
41 27 42 7 8 43 108 
41 27 42 7 8 43 108 
41 27 42 7 8 43 108 
41 27 42 7 8 43 108 
41 27 42 7 8 43 108 
41 27 42 7 8 43 108 
41 27 42 7 8 43 108 
41 27 42 7 8 43 108 
16 42 27 17 7 113 43 108 
41 27 42 7 8 43 108 
16 42 27 17 7 113 43 108 
41 27 42 7 8 43 108 
41 27 42 7 8 43 108 
41 27 42 7 8 43 108 
41 27 42 7 8 43 81 108 
41 27 42 7 8 43 108 
41 27 42 7 8 43 108 
41 27 42 7 8 43 108 
41 27 42 7 8 43 108 
41 27 42 7 8 43 108 
41 27 42 7 8 43 108 
41 27 42 7 8 43 108 
41 27 42 7 8 43 108 
41 27 42 7 8 43 108 
41 27 42 7 8 43 108 
41 27 42 7 8 43 108 
41 27 42 7 8 43 108 
41 27 42 7 8 43 108 
41 27 42 7 8 43 108 
41 27 42 7 8 43 81 108 
41 27 42 7 8 43 108 
41 27 42 7 8 43 108 
41 27 42 7 8 43 108 
41 27 42 7 8 43 108 
41 27 42 7 8 43 108 
41 27 42 7 8 43 108 
41 27 42 7 8 43 108 
41 27 42 7 8 43 108 
41 27 42 7 8 43 108 
41 27 42 7 8 43 108 
41 27 42 7 8 43 108 
41 27 42 7 8 43 108 
41 27 42 7 8 43 108 
41 27 42 7 8 43 108 
41 27 42 7 8 43 108 
41 27 42 7 8 43 108 
41 27 42 7 8 43 108 
41 27 42 7 8 43 108 
16 42 27 17 7 62 113 43 108 
16 42 27 17 7 69 113 43 108 
41 27 42 7 8 43 108 
41 27 42 7 8 43 108 
41 27 42 7 8 43 81 108 
41 27 42 7 8 43 108 
16 42 27 17 7 113 43 108 
41 27 42 7 8 43 108 
41 27 42 7 8 43 108 
41 27 42 7 8 43 108 
41 27 42 7 8 43 108 
41 27 42 7 8 43 108 
41 27 42 7 8 43 108 
41 27 42 7 8 43 108 
16 42 27 17 7 10 113 43 108 
16 42 27 17 7 113 43 108 
41 27 42 7 8 43 108 
41 27 42 7 8 43 108 
41 27 42 7 8 43 108 
16 42 27 17 7 69 113 43 108 
41 27 42 7 8 43 108 
41 27 42 7 8 43 108 
41 27 42 7 8 43 108 
16 42 27 17 7 113 43 108 
41 27 42 7 8 43 108 
41 27 42 7 8 43 108 
16 42 27 17 7 113 43 108 
41 27 42 7 8 43 108 
41 27 42 7 8 43 108 
41 27 42 7 8 43 108 
41 27 42 7 8 43 108 
41 27 42 7 8 43 108 
41 27 42 7 8 43 108 
16 42 27 17 7 62 113 43 108 
16 42 27 17 7 113 43 108 
41 27 42 7 8 43 108 
16 42 27 17 7 62 113 43 108 
41 27 42 7 8 43 108 
41 27 42 7 8 43 108 
41 27 42 7 8 43 108 
41 27 42 7 8 43 108 
41 27 42 7 8 43 108 
41 27 42 7 8 43 108 
41 27 42 7 8 43 108 
41 27 42 7 8 43 108 
41 27 42 7 8 43 108 
41 27 42 7 8 43 108 
16 42 27 17 7 113 43 108 
41 27 42 7 8 43 108 
41 27 42 7 8 43 108 
41 27 42 7 8 43 108 
41 27 42 7 8 43 108 
41 27 42 7 8 43 108 
41 27 42 7 8 43 108 
41 27 42 7 8 43 108 
41 27 42 7 8 43 108 
41 27 42 7 8 43 108 
41 27 42 7 8 43 108 
41 27 42 7 8 43 108 
41 27 42 7 8 43 108 
41 27 42 7 8 43 108 
16 42 27 17 7 113 43 108 
41 27 42 7 8 43 108 
16 42 27 17 7 113 43 108 
16 41 27 42 17 7 8 43 113 108 
41 27 42 7 8 43 108 
41 27 42 7 8 43 108 
41 27 42 7 8 43 108 
41 27 42 7 8 43 108 
41 27 42 7 8 43 108 
41 27 42 7 8 43 108 
41 27 42 7 8 43 108 
41 27 42 7 8 43 108 
41 27 42 7 8 43 108 
41 27 42 7 8 43 108 
41 27 42 7 8 43 108 
41 27 42 7 8 43 108 
41 27 42 7 8 43 108 
41 27 42 7 8 43 108 
41 27 42 7 8 43 108 
41 27 42 7 8 43 108 
41 27 42 7 8 43 108 
41 27 42 7 8 43 108 
41 27 42 7 8 43 108 
41 27 42 7 8 43 108 
41 27 42 7 8 43 108 
16 42 27 17 7 113 43 108 
41 27 42 7 8 43 108 
41 27 42 7 8 43 108 
27 181 42 7 8 43 108 
27 181 42 7 8 43 108 
16 41 27 42 17 7 8 43 108 
27 181 42 7 8 43 108 
41 27 42 7 8 43 108 
41 27 42 7 8 43 108 
41 27 42 7 8 43 108 
16 41 27 42 17 7 8 43 108 
41 27 42 7 8 43 81 108 
41 27 42 7 8 43 108 
41 27 42 7 8 43 108 
41 27 42 7 8 43 108 
41 27 42 7 8 43 108 
41 27 42 7 8 43 108 
16 42 27 17 7 113 43 108 
16 42 27 17 7 69 113 43 108 
41 27 42 7 8 43 108 
41 27 42 7 8 43 108 
16 42 27 17 7 69 113 43 108 
41 27 42 7 8 43 108 
41 27 42 7 8 43 108 
41 27 42 7 8 43 108 
16 42 27 17 7 113 43 108 
41 27 42 7 8 43 108 
41 27 42 7 8 43 108 
41 27 42 7 8 43 108 
41 13 27 42 7 8 164 15 43 108 
41 27 42 7 8 43 108 
41 27 42 7 8 43 108 
27 181 42 7 8 43 108 
41 27 42 7 8 43 108 
41 27 42 7 8 43 108 
41 27 42 7 8 43 108 
41 27 42 7 8 43 108 
41 27 42 7 8 43 108 
41 27 42 7 8 43 108 
41 27 42 7 8 43 108 
41 27 42 7 8 43 108 
41 27 42 7 8 43 108 
41 27 42 7 8 43 108 
41 27 42 7 8 43 108 
41 27 42 7 8 43 108 
41 27 42 7 8 43 108 
41 27 42 7 8 43 108 
41 27 42 7 8 43 108 
41 27 42 7 8 43 108 
41 27 42 7 8 43 108 
41 27 42 7 8 43 108 
41 27 42 7 8 43 108 
41 27 42 7 8 43 108 
41 27 42 7 8 43 108 
41 27 42 7 8 43 108 
41 27 42 7 8 43 108 
41 27 42 7 8 43 108 
41 27 42 7 8 43 81 108 
41 27 42 7 8 43 108 
41 27 42 7 8 43 108 
41 27 42 7 8 43 108 
41 27 42 7 8 43 108 
41 27 42 7 8 43 108 
27 181 42 7 8 43 108 
41 27 42 7 8 43 108 
41 27 42 7 8 43 108 
41 27 42 7 8 43 108 
41 27 42 7 8 43 108 
16 41 27 42 17 7 8 43 108 
41 27 42 7 8 43 108 
41 27 42 7 8 43 108 
41 27 42 7 8 43 108 
16 42 27 17 7 113 43 108 
32 16 41 27 42 17 7 8 33 43 108 
41 27 42 7 8 43 81 108 
41 27 42 7 8 43 81 108 
41 27 42 7 8 43 108 
41 27 42 7 8 43 108 
41 27 42 7 8 43 108 
41 27 42 7 8 43 108 
41 27 42 7 8 43 108 
41 27 42 7 8 43 108 
41 27 42 7 8 43 108 
41 27 42 7 8 43 108 
41 27 42 7 8 43 108 
41 27 42 7 8 43 108 
41 27 42 7 8 43 108 
41 27 42 7 8 43 108 
41 27 42 7 8 43 108 
16 42 27 17 7 69 113 43 108 
41 27 42 7 8 43 108 
41 27 42 7 8 43 108 
41 27 42 7 8 43 108 
41 27 42 7 8 43 108 
41 27 42 7 8 43 108 
41 27 42 7 8 43 108 
41 27 42 7 8 43 108 
41 27 42 7 8 43 81 108 
41 27 42 7 8 43 108 
16 42 27 17 7 113 43 108 
41 27 42 7 8 43 108 
41 27 42 7 8 43 108 
41 27 42 7 8 43 81 108 
41 27 42 7 8 43 108 
41 27 42 7 8 43 108 
41 27 42 7 8 43 108 
41 27 42 7 8 43 108 
41 27 42 7 8 9 10 43 108 
41 27 42 7 8 43 108 
41 27 42 7 8 43 108 
41 27 42 7 8 43 108 
41 27 42 7 8 43 108 
41 27 42 7 8 43 108 
41 27 42 7 8 43 108 
41 27 42 7 8 43 108 
41 27 42 7 8 43 108 
41 27 42 7 8 43 108 
16 42 27 17 7 62 113 43 108 
16 42 27 17 7 113 43 108 
41 27 42 7 8 43 108 
41 27 42 7 8 43 108 
41 27 42 7 8 43 81 108 
16 41 27 42 17 7 8 62 43 108 
16 42 27 17 7 113 43 108 
41 27 42 7 8 43 108 
41 27 42 7 8 43 108 
41 27 42 7 8 43 108 
16 41 27 42 17 7 8 43 108 
41 27 42 7 8 15 43 108 
41 27 42 7 8 43 108 
41 27 42 7 8 43 108 
41 27 42 7 8 43 108 
41 27 42 7 8 43 108 
41 27 42 7 8 43 108 
41 27 42 7 8 43 108 
41 27 42 7 8 43 108 
16 42 27 17 7 113 43 108 
41 27 42 7 8 43 108 
16 42 27 17 7 113 43 108 
41 27 42 7 8 43 108 
41 27 42 7 8 43 108 
41 27 42 7 8 43 81 108 
27 181 42 7 8 43 108 
41 27 42 7 8 43 108 
27 181 42 7 8 43 108 
41 27 42 7 8 43 108 
41 27 42 7 8 43 108 
41 27 42 7 8 43 108 
41 27 42 7 8 43 108 
16 42 27 17 7 113 43 108 
16 42 27 17 7 113 43 108 
32 16 41 27 42 17 7 8 33 43 108 
41 27 42 7 8 43 108 
41 27 42 7 8 43 108 
41 27 42 7 8 43 108 
41 27 42 7 8 43 108 
41 27 42 7 8 43 108 
41 27 42 7 8 43 108 
41 27 42 7 8 43 108 
41 27 42 7 8 43 108 
41 27 42 7 8 43 108 
41 27 42 7 8 43 81 108 
16 41 27 42 17 7 8 43 108 
41 27 42 7 8 43 108 
27 181 42 7 8 43 108 
41 27 42 7 8 43 108 
41 27 42 7 8 43 108 
41 27 42 7 8 43 108 
41 27 42 7 8 43 108 
41 27 42 7 8 43 108 
41 27 42 7 8 43 108 
41 27 42 7 8 43 108 
41 27 42 7 8 43 108 
41 27 42 7 8 43 108 
41 27 42 7 8 43 108 
16 41 27 42 7 8 37 19 43 108 
16 42 27 17 7 3 65 113 43 108 
41 27 42 7 8 43 108 
16 41 27 42 17 7 8 43 108 
41 27 42 7 8 43 108 
41 27 42 7 8 43 108 
41 27 42 7 8 43 108 
41 27 42 7 8 43 108 
41 27 42 7 8 43 108 
41 27 42 7 8 43 108 
41 27 42 7 8 43 108 
16 42 27 17 7 113 43 108 
41 27 42 7 8 43 108 
41 27 42 7 8 43 108 
41 27 42 7 8 43 108 
41 27 42 7 8 43 108 
16 41 27 42 17 7 8 43 108 
16 41 27 42 17 7 8 43 108 
41 27 42 7 8 43 108 
41 27 42 7 8 43 108 
41 27 42 7 8 43 108 
41 27 42 7 8 43 108 
41 27 42 7 162 8 15 43 82 108 
41 27 42 7 8 43 108 
41 27 42 7 8 43 108 
41 27 42 7 8 43 108 
41 27 42 7 8 43 108 
41 27 42 7 8 43 108 
41 27 42 7 8 43 108 
41 27 42 7 8 43 108 
16 42 27 17 7 113 43 108 
41 27 42 7 8 43 108 
41 27 42 7 8 43 108 
41 27 42 7 8 43 108 
41 27 42 7 8 43 108 
41 27 42 7 8 43 108 
41 27 42 7 8 43 108 
41 27 42 7 8 43 108 
41 27 42 7 8 43 108 
16 41 27 42 7 8 19 43 108 
41 27 42 7 8 43 108 
41 27 42 7 8 43 108 
41 27 42 7 8 43 108 
41 27 42 7 8 43 108 
41 27 42 7 8 43 108 
41 27 42 7 8 43 108 
16 42 27 17 7 113 43 108 
41 27 42 7 8 43 108 
41 27 42 7 8 43 108 
41 27 42 7 8 43 108 
16 114 42 27 17 7 118 10 113 43 108 
41 27 42 7 8 43 108 
27 181 42 7 8 43 108 
41 27 42 7 8 43 108 
41 27 42 7 8 43 108 
41 27 42 7 8 43 81 108 
41 27 42 7 8 43 108 
41 27 42 7 8 43 108 
16 42 27 17 7 113 43 108 
41 27 42 7 8 43 81 108 
41 27 42 7 8 43 108 
16 41 27 42 17 7 8 43 108 
16 42 27 17 7 113 43 108 
41 27 42 7 8 43 108 
41 27 42 7 8 15 43 82 108 
41 27 42 7 8 43 108 
41 27 42 7 8 43 108 
41 27 42 7 8 43 108 
41 27 42 7 8 43 108 
16 42 27 17 7 113 43 108 
41 27 42 7 8 43 108 
41 27 42 7 8 43 108 
41 27 42 7 8 43 108 
41 27 42 7 8 43 108 
27 181 42 7 8 43 108 
41 27 42 7 8 43 108 
41 27 42 7 8 43 108 
41 27 42 7 8 43 108 
41 27 42 7 8 43 108 
41 27 42 7 8 43 108 
41 27 42 7 8 43 81 108 
41 27 42 7 8 43 108 
41 27 42 7 8 43 108 
41 27 42 7 8 43 108 
16 42 27 17 7 113 43 108 
41 27 42 7 8 43 108 
16 42 27 17 7 113 43 108 
41 27 42 7 8 43 108 
16 42 27 17 7 113 43 108 
41 27 42 7 8 43 108 
16 42 27 17 7 113 43 108 
41 27 42 7 8 43 108 
41 27 42 7 8 43 108 
16 42 27 17 7 113 43 108 
41 27 42 7 8 43 108 
41 27 42 7 8 43 108 
41 27 42 7 8 43 108 
41 27 42 7 8 43 108 
41 27 42 7 8 43 108 
16 42 27 17 7 113 43 108 
41 27 42 7 8 43 108 
41 27 42 7 8 43 108 
41 27 42 7 8 43 108 
41 27 42 7 8 43 108 
41 27 42 7 8 43 108 
41 27 42 7 8 43 108 
41 27 42 7 8 43 108 
27 181 42 7 8 43 108 
41 27 42 7 8 43 108 
16 41 27 42 7 8 19 43 108 
41 27 42 7 8 43 108 
41 27 42 7 8 43 108 
41 27 42 7 8 43 108 