52 59 15 53 266 
52 20 39 53 266 
52 53 266 
52 53 266 
52 53 266 
52 53 266 
52 53 266 
52 53 266 
16 52 19 84 53 266 
52 53 266 
52 53 266 
52 53 266 
52 53 266 
16 17 52 62 53 266 
52 53 266 
52 53 266 
52 53 266 
52 53 266 
52 53 266 
16 17 52 62 53 266 
52 53 266 
52 53 266 
52 53 266 
52 53 266 
52 53 266 
52 53 266 
16 52 53 266 
52 53 266 
52 53 266 
16 52 19 53 266 
52 53 266 
52 53 266 
52 53 266 
52 53 266 
52 53 266 
52 53 266 
52 53 266 
52 53 266 
52 53 266 
52 53 266 
52 53 266 
52 3 340 53 266 
52 53 266 
52 53 266 
52 53 266 
52 53 266 
52 53 266 
52 53 266 
32 16 17 52 33 53 266 
52 53 266 
52 53 266 
52 53 266 
52 53 266 
52 53 266 
52 53 266 
52 53 266 
52 53 266 
52 3 65 53 266 
52 53 266 
52 53 266 
52 3 65 53 266 
52 15 53 266 
52 53 266 
52 53 266 
52 53 266 
52 53 266 
52 53 266 
52 53 266 
52 53 266 
52 53 266 
16 17 52 122 101 53 266 
52 53 266 
52 53 266 
52 53 266 
52 53 266 
52 53 266 
52 53 266 
52 53 266 
52 53 266 
63 52 3 53 266 
52 53 266 
16 17 52 53 266 
52 53 266 
52 53 266 
52 53 266 
52 53 266 
52 53 266 
52 53 266 
52 53 266 
52 53 266 
52 53 266 
52 53 266 
52 59 15 53 266 
52 53 266 
52 53 266 
52 53 266 
52 53 266 
52 28 23 24 53 266 
52 3 65 53 266 
52 53 266 
52 53 266 
52 53 266 
52 53 266 
52 53 266 
52 53 266 
63 52 3 53 266 
52 53 266 
52 53 266 
52 53 266 
52 53 266 
52 53 266 
52 3 340 53 266 
52 53 266 
52 15 53 266 
52 53 266 
52 53 266 
52 53 266 
52 53 266 
52 53 266 
52 3 340 53 266 
52 53 266 
52 53 266 
52 53 266 
52 53 266 
52 59 15 53 266 
52 53 266 
52 53 266 
52 53 266 
52 53 266 
52 53 266 
52 53 266 
52 53 266 
52 53 266 
52 53 266 
52 53 266 
52 53 266 
52 53 266 
52 53 266 
52 53 266 
52 53 266 
52 3 65 53 266 
52 53 266 
52 53 266 
52 53 266 
52 53 266 
52 53 266 
52 3 340 53 266 
52 53 266 
52 53 266 
52 53 266 
52 53 266 
52 53 266 
52 53 266 
52 53 266 
52 53 266 
52 53 266 
92 7 52 53 266 
52 53 266 
16 17 52 70 53 266 
114 7 52 118 10 53 266 
52 53 266 
52 53 266 
52 53 266 
52 53 266 
16 52 19 53 266 
52 53 266 
52 53 266 
52 53 266 
7 52 295 46 53 48 266 
52 53 266 
52 53 266 
52 53 266 
52 53 266 
52 53 266 
52 3 340 53 266 
52 53 266 
52 53 266 
52 53 266 
7 52 53 266 
52 53 266 
52 53 266 
52 53 266 
52 53 266 
52 53 266 
52 53 266 
52 53 266 
52 53 266 
52 53 266 
52 53 266 
52 53 266 
52 53 266 
52 53 266 
52 53 266 
52 53 266 
52 53 266 
52 53 266 
52 53 266 
52 53 266 
52 53 266 
52 53 266 
52 53 266 
52 53 266 
52 53 266 
52 53 266 
16 52 19 84 53 266 
52 53 266 
52 53 266 
52 53 266 
16 52 19 84 53 266 
52 53 266 
63 52 3 53 266 
52 53 266 
52 53 266 
52 53 266 
52 53 266 
52 53 266 
7 52 53 266 
52 53 266 
52 53 266 
52 53 266 
52 53 266 
52 53 266 
52 53 266 
52 53 266 
52 53 266 
52 53 266 
52 53 266 
52 53 266 
52 53 266 
52 53 266 
52 53 266 
52 53 266 
52 53 266 
52 3 340 53 266 
52 53 266 
52 53 266 
52 53 266 
52 53 266 
52 53 266 
52 53 266 
52 53 266 
52 53 266 
52 53 266 
52 53 266 
52 53 266 
52 59 15 53 266 
52 53 266 
52 53 266 
52 53 266 
52 53 266 
52 3 163 53 266 
52 53 266 
52 53 266 
52 53 266 
52 53 266 
52 53 266 
52 53 266 
52 53 266 
52 53 266 
52 53 266 
52 53 266 
52 53 266 
52 53 266 
52 53 266 
52 53 266 
7 52 53 266 
52 53 266 
52 53 266 
52 53 266 
52 53 266 
52 53 266 
52 53 266 
52 53 266 
73 52 74 75 53 266 
52 53 266 
52 53 266 
52 53 266 
52 53 266 
52 53 266 
52 53 266 
52 53 266 
52 53 266 
52 53 266 
52 53 266 
52 53 266 
52 3 53 266 
52 53 266 
52 53 266 
52 53 266 
52 53 266 
52 53 266 
52 53 266 
52 53 266 
52 53 266 
52 53 266 
52 53 266 
52 53 266 
52 53 266 
52 53 266 
52 53 266 
52 53 266 
52 53 266 
52 53 266 
52 53 266 
52 53 266 
52 15 53 266 
52 53 266 
52 53 266 
52 53 266 
52 53 266 
52 53 266 
52 53 266 
52 53 266 
52 53 266 
52 53 266 
52 53 266 
52 53 266 
52 3 163 53 266 
52 53 266 
52 15 53 266 
52 53 266 
52 53 266 
52 53 266 
52 53 266 
52 53 266 
52 53 266 
52 53 266 
52 53 266 
52 53 266 
52 53 266 
52 53 266 
52 53 266 
93 73 52 74 53 266 
93 73 52 74 53 266 
52 53 266 
52 53 266 
52 53 266 
52 53 266 
52 15 53 266 
52 53 266 
52 53 266 
52 53 266 
52 53 266 
52 53 266 
52 53 266 
52 53 266 
52 53 266 
52 53 266 
52 53 266 
16 17 52 70 53 266 
52 53 266 
16 52 19 53 266 
52 53 266 
52 53 266 
52 53 266 
52 53 266 
52 53 266 
52 53 266 
52 53 266 
52 53 266 
52 3 340 53 266 
52 53 266 
52 53 266 
52 53 266 
52 53 266 
52 53 266 
52 53 266 
52 53 266 
52 53 266 
52 53 266 
52 53 266 
52 53 266 
52 53 266 
52 15 53 266 
52 53 266 
52 53 266 
52 53 266 
52 53 266 
52 53 266 
52 53 266 
52 15 53 266 
52 3 65 53 266 
52 53 266 
52 3 340 53 266 
52 53 266 
52 53 266 
52 53 266 
52 53 266 
52 53 266 
52 53 266 
52 53 266 
52 53 266 
52 53 266 
52 53 266 
52 53 266 
52 53 266 
52 53 266 
52 53 266 
52 3 340 53 266 
52 53 266 
52 53 266 
52 53 266 
52 53 266 
52 53 266 
7 52 53 266 
52 53 266 
52 53 266 
52 3 340 53 266 
52 3 340 53 266 
52 53 266 
52 53 266 
52 3 340 53 266 
52 53 266 
52 53 266 
52 53 266 
52 53 266 
52 53 266 
52 53 266 
52 53 266 
52 53 266 
52 53 266 
52 53 266 
16 52 19 53 266 
52 3 340 53 266 
52 53 266 
52 53 266 
52 53 266 
52 53 266 
52 53 266 
7 52 53 266 
52 53 266 
30 31 52 53 266 
52 53 266 
52 53 266 
52 53 266 
52 53 266 
52 53 266 
52 53 266 
52 53 266 
52 53 266 
52 53 266 
52 53 266 
52 53 266 
52 28 23 24 53 266 
52 53 266 
52 53 266 
52 53 266 
52 53 266 
52 53 266 
52 53 266 
52 53 266 
52 53 266 
52 53 266 
52 53 266 
52 53 266 
52 53 266 
52 53 266 
52 53 266 
52 53 266 
7 52 53 266 
52 53 266 
52 53 266 
52 53 266 
52 53 266 
52 53 266 
52 53 266 
52 53 266 
52 53 266 
52 53 266 
52 53 266 
32 16 17 52 33 53 266 
52 53 266 
52 53 266 
52 53 266 
16 52 19 53 266 
32 16 17 52 33 53 266 
16 17 52 122 101 53 266 
52 53 266 
32 16 17 52 33 53 266 
52 53 266 
52 53 266 
63 52 3 53 266 
52 53 266 
52 53 266 
52 53 266 
52 53 266 
52 3 340 53 266 
52 3 340 53 266 
52 53 266 
52 53 266 
52 28 23 24 53 266 
52 53 266 
52 53 266 
52 53 266 
52 53 266 
52 53 266 
52 53 266 
52 15 53 82 266 
52 53 266 
52 53 266 
52 53 266 
52 53 266 
13 52 15 53 266 
52 53 266 
52 53 266 
52 53 266 
52 53 266 
52 53 266 
52 53 266 
52 53 266 
52 53 266 
26 27 7 52 53 266 
52 53 266 
52 53 266 
52 53 266 
52 53 266 
52 3 65 53 266 
52 53 266 
16 17 52 62 53 266 
52 53 266 
52 15 53 82 266 
52 53 266 
52 53 266 
52 53 266 
52 53 266 
52 53 266 
52 53 266 
52 53 266 
52 53 266 
52 15 53 266 
52 53 266 
52 53 266 
52 3 340 53 266 
52 53 266 
52 53 266 
52 53 266 
52 3 340 53 266 
52 53 266 
16 17 52 53 266 
52 53 266 
52 53 266 
52 53 266 
52 53 266 
52 53 266 
52 53 266 
52 53 266 
52 53 266 
52 53 266 
52 53 266 
13 52 15 53 266 
52 53 266 
52 53 266 
13 52 15 53 266 
16 17 52 70 53 266 
52 53 266 
52 53 266 
52 53 266 
16 52 19 53 266 
52 53 266 
52 53 266 
52 53 266 
52 53 266 
52 3 53 266 
52 53 266 
52 53 266 
52 53 266 
52 53 266 
52 53 266 
52 53 266 
52 53 266 
52 53 266 
52 53 266 
52 53 266 
52 3 65 53 266 
52 53 266 
52 53 266 
52 3 65 53 266 
7 52 53 266 
52 53 266 
52 3 340 53 266 
52 53 266 
52 53 266 
52 53 266 
52 53 266 
52 53 266 
52 53 266 
52 53 266 
52 53 266 
52 53 266 
52 3 340 53 266 
52 3 340 53 266 
52 53 266 
52 53 266 
16 17 52 53 266 
52 53 266 
52 53 266 
52 53 266 
52 53 266 
16 52 19 53 266 
52 3 65 53 266 
52 53 266 
52 53 266 
16 52 53 266 
52 53 266 
52 3 65 53 266 
52 3 65 53 266 
52 53 266 
52 53 266 
52 53 266 
52 53 266 
52 3 65 53 266 
52 53 266 
52 53 266 
52 53 266 
52 53 266 
52 53 266 
52 53 266 
52 53 266 
52 53 266 
52 53 266 
52 53 266 
52 53 266 
52 53 266 
52 53 266 
52 53 266 
52 53 266 
52 53 266 
52 15 53 266 
52 53 266 
52 53 266 
52 53 266 
52 53 266 
52 53 266 
52 53 266 
16 52 19 84 53 266 
63 52 3 53 266 
52 53 266 
16 52 19 53 266 
32 16 17 52 33 53 266 
52 53 266 
52 53 266 
52 53 266 
52 53 266 
52 53 266 
52 53 266 
16 17 52 70 53 266 
52 53 266 
52 3 340 53 266 
52 3 340 53 266 
52 53 266 
52 305 23 24 53 55 266 
52 305 23 24 53 55 266 
16 52 53 266 