16 37 19 233 2 
16 37 19 233 2 
16 37 19 233 2 
16 37 19 233 2 
16 327 37 19 329 2 
16 37 19 233 2 
16 37 19 233 2 
16 37 19 233 2 
16 327 37 19 329 2 
16 327 37 19 329 2 
16 37 19 233 2 
16 327 37 19 329 2 
16 327 37 19 329 2 
16 327 37 19 329 2 
16 37 19 233 2 
16 37 19 233 2 
16 37 19 233 2 
16 37 19 233 2 
16 37 19 233 2 
16 37 19 233 2 
16 37 19 233 2 
16 327 37 19 329 2 
16 327 37 19 329 2 
16 37 19 233 2 
16 37 19 233 2 
16 37 19 233 2 
16 37 19 233 2 
16 37 19 233 2 
16 37 19 233 2 
16 37 19 233 2 
16 37 19 233 2 
16 37 19 233 2 
16 37 19 233 2 
16 327 37 19 329 2 
16 327 37 19 329 2 
16 327 37 19 329 2 
16 37 19 233 2 
16 37 19 233 2 
16 327 37 19 329 2 
16 327 37 19 329 2 
16 327 37 19 329 2 
16 37 19 233 2 
16 327 37 19 329 2 
16 37 19 233 2 
16 37 19 233 2 
16 327 37 19 329 2 
16 37 19 233 2 
16 327 37 19 329 2 
16 327 37 19 329 2 
16 327 37 19 329 2 
16 327 37 19 329 2 
16 37 19 233 2 
16 327 37 19 329 2 
16 327 37 19 329 2 
16 327 37 19 329 2 
16 327 37 19 329 2 
16 37 19 233 2 
16 327 37 19 329 2 
16 327 37 19 329 2 
16 37 19 233 2 
16 37 19 233 2 
16 37 19 233 2 
16 37 19 233 2 
16 37 19 233 2 
16 37 19 233 2 
16 37 19 233 2 
16 37 19 233 2 
16 37 19 233 2 
16 37 19 233 2 
16 37 19 233 2 
16 37 19 233 2 
16 37 19 233 2 
16 37 19 233 2 
16 37 19 233 2 
16 37 19 233 2 
16 37 19 233 2 
16 327 37 19 329 2 
16 37 19 233 2 
16 37 19 233 2 
16 37 19 233 2 
16 37 19 233 2 
16 37 19 233 2 
16 327 7 37 19 329 2 
16 327 7 37 19 329 2 
16 37 19 233 2 
16 37 19 233 2 
16 37 19 233 2 
16 37 19 233 2 
16 37 19 233 2 
16 37 19 233 2 