16 17 69 133 
16 17 69 157 15 72 
16 27 17 7 69 72 83 43 
16 27 17 7 69 72 83 43 
16 27 17 7 69 72 83 43 
16 27 17 7 69 72 83 43 
16 27 17 7 69 72 83 43 
16 17 69 72 
16 27 17 7 69 72 83 43 
16 27 17 7 69 72 83 43 
16 27 17 7 69 72 83 43 
16 27 17 7 69 72 83 43 
16 27 17 7 69 72 83 43 
16 17 102 69 19 103 72 
16 17 69 19 72 
16 27 17 7 69 72 83 43 
16 17 69 72 
16 27 17 7 69 72 83 43 
16 27 17 7 69 72 83 43 
16 27 17 7 69 72 83 43 
16 27 17 7 69 72 83 43 
16 27 17 7 69 72 83 43 
16 27 17 7 69 72 83 43 
16 27 17 7 69 72 83 43 
16 27 17 7 69 72 83 43 
16 17 69 133 
16 27 17 7 69 72 83 43 
16 27 17 7 69 72 83 43 
16 17 132 69 72 
16 27 17 7 69 72 83 43 
16 17 69 72 
16 27 17 7 69 72 83 43 
16 27 17 7 69 72 83 43 
16 27 17 7 69 72 83 43 
16 27 17 7 69 72 83 43 
16 27 17 7 69 72 83 43 
16 17 69 72 
16 17 69 72 
16 27 17 7 69 72 83 43 
16 27 17 7 69 72 83 43 
16 12 17 7 69 9 10 72 
16 27 17 7 69 72 83 43 
16 27 17 7 69 72 83 43 
16 17 132 69 72 
16 27 17 7 69 72 83 43 
16 17 69 72 
16 27 17 7 69 72 83 43 
16 27 17 7 69 72 83 43 
16 17 69 72 
16 27 17 7 69 72 83 43 
16 27 17 7 69 72 83 43 
16 27 17 7 69 72 83 43 
16 27 17 7 69 72 83 43 
16 27 17 7 69 72 83 43 
16 27 17 7 69 72 83 43 
16 27 17 7 69 72 83 43 
16 17 69 72 
16 17 28 69 23 24 133 
16 27 17 7 69 72 83 43 
16 17 69 72 
16 27 17 7 69 72 83 43 
16 27 17 7 69 72 83 43 
16 17 69 72 
16 27 17 7 69 72 83 43 
16 27 17 7 69 72 83 43 
16 27 17 7 69 72 83 43 
16 27 17 7 69 72 83 43 
16 27 17 7 69 72 83 43 
16 17 132 69 72 
16 27 17 7 69 72 83 43 
16 27 17 7 69 72 83 43 
16 17 69 72 
16 17 69 72 
16 17 69 72 
16 17 69 62 72 
16 27 17 7 69 72 83 43 
16 17 69 133 72 
16 27 17 7 69 72 83 43 
16 17 69 72 
16 17 69 19 72 
16 27 17 7 69 133 83 43 
16 27 17 7 69 72 83 43 
16 17 69 72 
16 27 17 7 69 72 83 43 
16 27 17 7 69 72 83 43 
16 27 17 7 69 72 83 43 
16 27 17 7 69 72 83 43 
16 17 69 72 
16 27 17 7 69 72 83 43 
16 27 17 7 69 72 83 43 
16 27 17 7 69 72 83 43 
16 17 69 19 72 
16 27 17 7 69 72 83 43 
16 17 69 72 
16 27 17 7 69 72 83 43 
16 27 17 7 69 72 83 43 
16 27 17 7 69 72 83 43 
16 27 17 7 69 72 83 43 
16 27 17 7 69 72 83 43 
16 27 17 7 69 72 83 43 
16 27 17 7 69 72 83 43 
16 27 17 7 69 72 83 43 
16 17 69 19 72 
16 27 17 7 69 72 83 43 
16 27 17 7 69 72 83 43 
16 27 17 7 69 72 83 43 
16 27 17 7 69 72 83 43 
16 27 17 7 69 72 83 43 
16 17 132 69 72 
16 27 17 7 69 72 83 43 
16 27 17 7 69 72 83 43 
16 27 17 7 69 72 83 43 
16 27 17 7 69 72 83 43 
16 27 17 7 69 72 83 43 
16 27 17 7 69 72 83 43 
16 27 17 7 69 72 83 43 
16 27 17 7 69 72 83 43 
16 27 17 7 69 72 83 43 
16 27 17 7 69 72 83 43 
16 27 17 7 69 72 83 43 
16 27 17 7 69 72 83 43 
16 27 17 7 69 72 83 43 
16 27 17 7 69 72 83 43 
16 27 17 7 69 72 83 43 
16 27 17 7 69 72 83 43 
16 27 17 7 69 72 83 43 
16 17 69 72 
16 27 17 7 69 72 83 43 
16 27 17 7 69 72 83 43 
16 27 17 7 69 72 83 43 
16 27 17 7 69 72 83 43 
16 27 17 7 69 72 83 43 
16 27 17 7 69 72 83 43 
16 17 69 72 
16 27 17 7 69 72 83 43 
16 27 17 7 69 72 83 43 
16 27 17 7 69 72 83 43 
16 27 17 7 69 72 83 43 
16 27 17 7 69 72 83 43 
16 27 17 7 69 72 83 43 
16 27 17 7 69 72 83 43 
16 27 17 7 69 72 83 43 
16 27 17 7 69 72 83 43 
16 27 17 7 69 72 83 43 
16 27 17 7 69 72 83 43 
16 27 17 7 69 72 83 43 
16 27 17 7 69 72 83 43 
16 27 17 7 69 72 83 43 
16 27 17 7 69 72 83 43 
16 27 17 7 69 72 83 43 
16 27 17 7 69 72 83 43 
16 27 17 7 69 72 83 43 
16 27 17 7 69 72 83 43 
16 17 69 72 
16 17 69 72 
16 27 17 7 69 72 83 43 
16 27 17 7 69 72 83 43 
16 27 17 7 69 72 83 43 
16 27 17 7 69 72 83 43 
16 27 17 7 69 72 83 43 
16 17 69 72 
16 27 17 7 69 72 83 43 
16 27 17 7 69 72 83 43 
16 27 17 7 69 72 83 43 
16 17 69 72 
16 27 17 7 69 72 83 43 
16 27 17 7 69 72 83 43 
16 27 17 7 69 72 83 43 
16 27 17 7 69 72 83 43 
16 27 17 7 69 72 83 43 
16 27 17 7 69 72 83 43 
16 27 17 7 69 72 83 43 
16 27 17 7 69 72 83 43 
16 27 17 7 69 72 83 43 
16 27 17 7 69 72 83 43 
16 27 17 7 69 72 83 43 
16 27 17 7 69 72 83 43 
16 27 17 7 69 72 83 43 
16 27 17 7 69 72 83 43 
16 27 17 7 69 72 83 43 
16 17 69 19 72 
16 27 17 7 69 72 83 43 
16 27 17 7 69 72 83 43 
16 27 17 7 69 72 83 43 
16 17 69 72 
16 27 17 7 69 72 83 43 
16 27 17 7 69 72 83 43 
16 17 69 72 
16 17 132 69 72 
16 27 17 7 69 72 83 43 
16 27 17 7 69 72 83 43 
16 27 17 7 69 72 83 43 
16 17 132 69 72 
16 17 69 72 
16 17 69 72 
16 27 17 7 69 72 83 43 
16 17 69 72 
16 17 69 72 
16 17 69 72 
16 27 17 7 69 72 83 43 
16 27 17 7 69 72 83 43 
16 27 17 7 69 72 83 43 
16 27 17 7 69 72 83 43 
16 27 17 7 69 72 83 43 
16 17 132 69 72 
16 27 17 7 69 72 83 43 
16 27 17 7 69 72 83 43 
16 27 17 7 69 72 83 43 
16 27 17 7 69 72 83 43 
16 27 17 7 69 72 83 43 
16 17 7 69 72 
16 17 69 15 72 
16 17 69 72 
16 27 17 7 69 72 83 43 
16 27 17 7 69 72 83 43 
16 27 17 7 69 72 83 43 
16 27 17 7 69 72 83 43 
16 27 17 7 69 72 83 43 
16 17 69 72 
16 27 17 7 69 72 83 43 
16 27 17 7 69 72 83 43 
16 27 17 7 69 72 83 43 
16 27 17 7 69 72 83 43 
16 27 17 7 69 72 83 43 
16 17 69 133 62 
16 17 69 133 
16 27 17 7 69 72 83 43 
16 17 69 72 
16 27 17 7 69 72 83 43 
16 27 17 7 69 72 83 43 
16 27 17 7 69 72 83 43 
16 27 17 7 69 72 83 43 
16 27 17 7 69 72 83 43 
16 17 69 72 
16 27 17 7 69 72 83 43 
16 27 17 7 69 72 83 43 
16 27 17 7 69 72 83 43 
16 17 69 72 
16 27 17 7 69 72 83 43 
16 27 17 7 69 72 83 43 
16 27 17 7 69 72 83 43 
16 27 17 7 69 72 83 43 
16 27 17 7 69 72 83 43 
16 27 17 7 69 72 83 43 
16 27 17 7 69 72 83 43 
16 17 69 72 
16 27 17 7 69 72 83 43 
16 27 17 7 69 72 83 43 
16 27 17 7 69 72 83 43 
16 27 17 7 69 72 83 43 
16 27 17 7 69 72 83 43 
16 27 17 7 69 72 83 43 
16 17 132 69 72 
16 27 17 7 69 72 83 43 
16 27 17 7 69 72 83 43 
16 17 69 19 72 
16 27 17 7 69 72 83 43 
16 27 17 7 69 72 83 43 
16 27 17 7 69 72 83 43 
16 27 17 7 69 72 83 43 
16 27 17 7 69 72 83 43 
16 27 17 7 69 72 83 43 
16 27 17 7 69 72 83 43 
16 27 17 7 69 72 83 43 
16 17 69 72 
16 17 69 72 
16 27 17 7 69 72 83 43 
16 27 17 7 69 72 83 43 
16 27 17 7 69 72 83 43 
16 27 17 7 69 72 83 43 
16 27 17 7 69 72 83 43 
16 27 17 7 69 72 83 43 
16 27 17 7 69 72 83 43 
16 27 17 7 69 72 83 43 
16 27 17 7 69 72 83 43 
16 27 17 7 69 72 83 43 
16 17 69 72 
16 17 69 72 
16 27 17 7 69 72 83 43 
16 27 17 7 69 72 83 43 
16 17 69 19 72 
16 27 17 7 69 72 83 43 
16 27 17 7 69 72 83 43 
16 27 17 7 69 72 83 43 
16 27 17 7 69 72 83 43 
16 17 69 72 
16 27 17 7 69 72 83 43 
16 27 17 7 69 72 83 43 
16 17 69 72 
16 27 17 7 69 72 83 43 
16 27 17 7 69 72 83 43 
16 27 17 7 69 72 83 43 
16 27 17 7 69 72 83 43 
16 27 17 7 69 72 83 43 
16 27 17 7 69 72 83 43 
16 17 69 72 
16 27 17 7 69 72 83 43 
16 27 17 7 69 72 83 43 
16 27 17 7 69 72 83 43 
16 27 17 7 69 72 83 43 
16 27 17 7 69 72 83 43 
16 27 17 7 69 72 83 43 
16 27 17 7 69 72 83 43 
16 27 17 7 69 72 83 43 
16 27 17 7 69 72 83 43 
16 27 17 7 69 72 83 43 
16 17 69 72 
16 27 17 7 69 72 83 43 
16 27 17 7 69 72 83 43 
16 17 69 72 
16 27 17 7 69 72 83 43 
16 27 17 7 69 72 83 43 
16 27 17 7 69 72 83 43 
16 27 17 7 69 72 83 43 
16 27 17 7 69 72 83 43 
16 27 17 7 69 133 83 43 
16 27 17 7 69 72 83 43 
16 27 17 7 69 72 83 43 
16 27 17 7 69 72 83 43 
16 27 17 7 69 72 83 43 
16 27 17 7 69 72 83 43 
16 27 17 7 69 72 83 43 
16 27 17 7 69 72 83 43 
16 27 17 7 69 72 83 43 
16 27 17 7 69 72 83 43 
16 27 17 7 69 72 83 43 
16 27 17 7 69 72 83 43 
16 27 17 7 69 72 83 43 
16 27 17 7 69 72 83 43 
16 27 17 7 69 72 83 43 
16 17 69 72 
16 27 17 7 69 72 83 43 
16 17 69 19 72 
16 17 69 72 
16 27 17 7 69 72 83 43 
16 27 17 7 69 72 83 43 
16 27 17 7 69 72 83 43 
16 17 69 72 
16 17 69 72 
16 17 69 72 
16 27 17 7 69 72 83 43 
16 27 17 7 69 72 83 43 
16 27 17 7 69 72 83 43 
16 27 17 7 69 72 83 43 
16 17 69 72 
16 27 17 7 69 72 83 43 
16 27 17 7 69 72 83 43 
16 27 17 7 69 72 83 43 
16 27 17 7 69 72 83 43 
16 27 17 7 69 72 83 43 
16 27 17 7 69 72 83 43 
16 27 17 7 69 72 83 43 
16 27 17 7 69 72 83 43 
16 27 17 7 69 72 83 43 
16 27 17 7 69 72 83 43 
16 17 69 72 
16 27 17 7 69 72 83 43 
16 27 17 7 69 72 83 43 
16 27 17 7 69 72 83 43 
16 27 17 7 69 72 83 43 
16 27 17 7 69 72 83 43 
16 27 17 7 69 72 83 43 
16 27 17 7 69 72 83 43 
16 17 69 72 
16 27 17 7 69 72 83 43 
16 27 17 7 69 72 83 43 
16 27 17 7 69 72 83 43 
16 27 17 7 69 72 83 43 
16 27 17 7 69 72 83 43 
16 27 17 7 69 72 83 43 
16 27 17 7 69 72 83 43 
16 17 69 19 72 
16 27 17 7 69 72 83 43 
16 17 69 19 72 
16 27 17 7 69 72 83 43 
16 27 17 7 69 72 83 43 
16 27 17 7 69 72 83 43 
16 27 17 7 69 72 83 43 
16 17 69 72 
16 27 17 7 69 72 83 43 
16 17 69 133 
16 17 69 72 
16 27 17 7 69 72 83 43 
16 17 69 72 
16 17 69 72 
16 17 69 72 
16 27 17 7 69 72 83 43 
16 27 17 7 69 72 83 43 
16 27 17 7 69 72 83 43 
16 27 17 7 69 72 83 43 
16 17 69 72 
16 17 69 15 72 
16 27 17 7 69 72 83 43 
16 17 132 69 72 
16 27 17 7 69 72 83 43 
16 27 17 7 69 72 83 43 
16 17 69 72 
16 27 17 7 69 72 83 43 
16 27 17 7 69 72 83 43 
16 27 17 7 69 72 83 43 
16 17 69 72 
16 27 17 7 69 72 83 43 
16 27 17 7 69 72 83 43 
16 27 17 7 69 72 83 43 
16 27 17 7 69 72 83 43 
16 27 17 7 69 72 83 43 
16 27 17 7 69 72 83 43 
16 17 69 72 
16 27 17 7 69 72 83 43 
16 27 17 7 69 72 83 43 
16 27 17 7 69 72 83 43 
16 27 17 7 69 72 83 43 
16 27 17 7 69 72 83 43 
16 27 17 7 69 72 83 43 
16 27 17 7 69 72 83 43 
16 27 17 7 69 72 83 43 
16 27 17 7 69 72 83 43 
16 27 17 7 69 72 83 43 
16 27 17 7 69 72 83 43 
16 27 17 7 69 72 83 43 
16 27 17 7 69 72 83 43 
16 27 17 7 69 72 83 43 
16 27 17 7 69 72 83 43 
16 27 17 7 69 72 83 43 
16 27 17 7 69 72 83 43 
16 27 17 7 69 72 83 43 
16 27 17 7 69 72 83 43 
16 27 17 7 69 72 83 43 
16 27 17 7 69 72 83 43 
16 27 17 7 69 72 83 43 
16 27 17 7 69 72 83 43 
16 27 17 7 69 72 83 43 
16 27 17 7 69 72 83 43 
16 27 17 7 69 72 83 43 
16 27 17 7 69 72 83 43 
16 17 69 72 
16 27 17 7 69 72 83 43 
16 27 17 7 69 72 83 43 
16 27 17 7 69 72 83 43 
16 27 17 7 69 72 83 43 
16 17 69 19 72 
16 17 69 72 
16 17 69 72 
16 27 17 7 69 72 83 43 
16 27 17 7 69 72 83 43 
16 27 17 7 69 72 83 43 
16 27 17 7 69 72 83 43 
16 17 69 19 72 
16 27 17 7 69 72 83 43 
16 27 17 7 69 72 83 43 
16 27 17 7 69 72 83 43 
16 27 17 7 69 72 83 43 
16 27 17 7 69 72 83 43 
16 27 17 7 69 72 83 43 
16 27 17 7 69 72 83 43 
16 27 17 7 69 72 83 43 
16 27 17 7 69 72 83 43 
16 27 17 7 69 72 83 43 
16 27 17 7 69 72 83 43 
16 27 17 7 69 72 83 43 
16 27 17 7 69 72 83 43 
16 27 17 7 69 72 83 43 
16 27 17 7 69 72 83 43 
16 27 17 7 69 72 83 43 
16 17 69 62 72 
16 27 17 7 69 72 83 43 
16 27 17 7 69 72 83 43 
16 27 17 7 69 72 83 43 
16 27 17 7 69 72 83 43 
16 27 17 7 69 72 83 43 
16 27 17 7 69 72 83 43 
16 27 17 7 69 72 83 43 
16 27 17 7 69 72 83 43 
16 27 17 7 69 72 83 43 
16 17 69 72 
16 27 17 7 69 72 83 43 
16 27 17 7 69 72 83 43 
16 17 69 72 
16 27 17 7 69 72 83 43 
16 17 69 72 
16 27 17 7 69 72 83 43 
16 27 17 7 69 72 83 43 
16 27 17 7 69 72 83 43 
16 27 17 7 69 72 83 43 
16 27 17 7 69 72 83 43 
16 27 17 7 69 72 83 43 
16 27 17 7 69 72 83 43 
16 17 69 72 
16 27 17 7 69 72 83 43 
16 27 17 7 69 72 83 43 
16 27 17 7 69 72 83 43 
16 27 17 7 69 72 83 43 
16 27 17 7 69 72 83 43 
16 27 17 7 69 72 83 43 
16 27 17 7 69 72 83 43 
16 27 17 7 69 72 83 43 
16 17 69 72 
16 17 69 72 
16 27 17 7 69 72 83 43 
16 17 132 69 72 
16 27 17 7 69 72 83 43 
16 17 69 72 
16 17 69 72 
16 27 17 7 69 72 83 43 
16 17 69 72 
16 27 17 7 69 72 83 43 
16 27 17 7 69 72 83 43 
16 27 17 7 69 72 83 43 
16 27 17 7 69 72 83 43 
16 27 17 7 69 72 83 43 
16 27 17 7 69 72 83 43 
16 17 69 72 
16 17 69 72 
16 27 17 7 69 72 83 43 
16 27 17 7 69 72 83 43 
16 17 69 72 
16 27 17 7 69 72 83 43 
16 27 17 7 69 72 83 43 
16 17 69 72 
16 27 17 7 69 72 83 43 
16 27 17 7 69 72 83 43 
16 27 17 7 69 72 83 43 
16 27 17 7 69 72 83 43 
16 27 17 7 69 72 83 43 
16 27 17 7 69 72 83 43 
16 27 17 7 69 72 83 43 
16 27 17 7 69 72 83 43 
16 27 17 7 69 72 83 43 
16 17 69 72 
16 27 17 7 69 72 83 43 
16 27 17 7 69 72 83 43 
16 17 69 72 
16 27 17 7 69 72 83 43 
16 27 17 7 69 72 83 43 
16 27 17 7 69 72 83 43 
16 27 17 7 69 72 83 43 
16 27 17 7 69 72 83 43 
16 27 17 7 69 72 83 43 
16 27 17 7 69 72 83 43 
16 27 17 7 69 72 83 43 
16 27 17 7 69 72 83 43 
16 17 69 72 
16 17 69 72 
16 27 17 7 69 72 83 43 
16 27 17 7 69 72 83 43 
16 27 17 7 69 72 83 43 
16 17 69 72 
16 27 17 7 69 72 83 43 
16 27 17 7 69 72 83 43 
16 27 17 7 69 72 83 43 
16 17 132 69 72 
16 27 17 7 69 72 83 43 
16 27 17 7 69 72 83 43 
16 17 69 72 
16 27 17 7 69 72 83 43 
16 27 17 7 69 72 83 43 
16 27 17 7 69 72 83 43 
16 27 17 7 69 72 83 43 
16 27 17 7 69 72 83 43 
16 27 17 7 69 72 83 43 
16 17 69 72 
16 27 17 7 69 72 83 43 
16 27 17 7 69 72 83 43 
16 27 17 7 69 72 83 43 
16 17 69 72 
16 27 17 7 69 72 83 43 
16 27 17 7 69 72 83 43 
16 27 17 7 69 72 83 43 
16 27 17 7 69 72 83 43 
16 17 69 72 
16 27 17 7 69 72 83 43 
16 27 17 7 69 72 83 43 
16 27 17 7 69 72 83 43 
16 27 17 7 69 72 83 43 
16 27 17 7 69 72 83 43 
16 27 17 7 69 72 83 43 
16 17 69 72 
16 17 69 72 
16 27 17 7 69 72 83 43 
16 27 17 7 69 72 83 43 
16 27 17 7 69 72 83 43 
16 27 17 7 69 72 83 43 
16 27 17 7 69 72 83 43 
16 17 69 72 
16 27 17 7 69 72 83 43 
16 17 69 72 
16 27 17 7 69 72 83 43 
16 27 17 7 69 72 83 43 
16 27 17 7 69 72 83 43 
16 27 17 7 69 72 83 43 
16 27 17 7 69 72 83 43 
16 27 17 7 69 72 83 43 
16 27 17 7 69 72 83 43 
16 27 17 7 69 72 83 43 
16 27 17 7 69 72 83 43 
16 27 17 7 69 72 83 43 
16 27 17 7 69 72 83 43 
16 27 17 7 69 72 83 43 
16 27 17 7 69 72 83 43 
16 17 69 72 
16 27 17 7 69 72 83 43 
16 27 17 7 69 72 83 43 
16 27 17 7 69 72 83 43 
16 17 69 72 
16 27 17 7 69 72 83 43 
16 27 17 7 69 72 83 43 
16 27 17 7 69 133 83 43 
16 27 17 7 69 72 83 43 
16 27 17 7 69 72 83 43 
16 17 69 19 72 
16 27 17 7 69 72 83 43 
16 27 17 7 69 72 83 43 
16 17 69 59 15 72 
16 27 17 7 69 72 83 43 
16 27 17 7 69 72 83 43 
16 27 17 7 69 72 83 43 
16 27 17 7 69 72 83 43 
16 17 69 72 
16 27 17 7 69 72 83 43 
16 27 17 7 69 72 83 43 
16 27 17 7 69 72 83 43 
16 27 17 7 69 72 83 43 
16 27 17 7 69 72 83 43 
16 27 17 7 69 72 83 43 
16 17 69 72 
16 17 69 72 
16 17 132 69 72 
16 27 17 7 69 72 83 43 
16 17 69 72 
16 27 17 7 69 72 83 43 
16 27 17 7 69 72 83 43 
16 27 17 7 69 72 83 43 
16 17 69 72 
16 17 69 72 
16 27 17 7 69 72 83 43 
16 17 69 72 
16 17 69 72 
16 27 17 7 69 72 83 43 
16 27 17 7 69 72 83 43 
16 27 17 7 69 72 83 43 
16 27 17 7 69 72 83 43 
16 17 69 72 
16 27 17 7 69 72 83 43 
16 27 17 7 69 72 83 43 
16 27 17 7 69 72 83 43 
16 27 17 7 69 72 83 43 
16 27 17 7 69 72 83 43 
16 17 69 72 
16 27 17 7 69 72 83 43 
16 17 69 72 
16 27 17 7 69 72 83 43 
16 17 132 69 72 
16 27 17 7 69 72 83 43 
16 27 17 7 69 72 83 43 
16 27 17 7 69 72 83 43 
16 17 69 72 
16 17 69 72 
16 27 17 7 69 72 83 43 
16 17 69 19 72 
16 17 69 72 
16 27 17 7 69 72 83 43 
16 17 69 72 
16 27 17 7 69 72 83 43 
16 27 17 7 69 72 83 43 
16 17 69 72 
16 17 69 72 
16 27 17 7 69 72 83 43 
16 17 69 72 
16 27 17 7 69 72 83 43 
16 27 17 7 69 72 83 43 
16 27 17 7 69 72 83 43 
16 27 17 7 69 72 83 43 
16 17 69 72 
16 17 69 72 
16 17 69 72 
16 27 17 7 69 72 83 43 
16 17 69 19 72 
16 17 69 72 
16 27 17 7 69 72 83 43 
16 27 17 7 69 72 83 43 
16 17 69 72 
16 27 17 7 69 72 83 43 
16 17 69 72 
16 17 132 69 72 
16 27 17 7 69 72 83 43 
16 27 17 7 69 72 83 43 
16 27 17 7 69 72 83 43 
16 27 17 7 69 72 83 43 
16 27 17 7 69 72 83 43 
16 27 17 7 69 72 83 43 
16 27 17 7 69 72 83 43 
16 27 17 7 69 72 83 43 
16 27 17 7 69 72 83 43 
16 27 17 7 69 72 83 43 
16 27 17 7 69 72 83 43 
16 27 17 7 69 72 83 43 
16 27 17 7 69 72 83 43 
16 17 69 72 
16 27 17 7 69 72 83 43 
16 27 17 7 69 72 83 43 
16 17 69 72 
16 17 69 72 
16 27 17 7 69 72 83 43 
16 27 17 7 69 72 83 43 
16 17 69 72 
16 27 17 7 69 72 83 43 
16 27 17 7 69 72 83 43 
16 27 17 7 69 72 83 43 
16 27 17 7 69 72 83 43 
16 27 17 7 69 72 83 43 
16 27 17 7 69 72 83 43 
16 27 17 7 69 72 83 43 
16 17 69 15 72 82 
16 27 17 7 69 72 83 43 
16 27 17 7 69 72 83 43 
16 27 17 7 69 72 83 43 
16 27 17 7 69 72 83 43 
16 27 17 7 69 72 83 43 
16 27 17 7 69 72 83 43 
16 27 17 7 69 72 83 43 
16 27 17 7 69 72 83 43 
16 17 69 72 
16 27 17 7 69 72 83 43 
16 27 17 7 69 72 83 43 
16 27 17 7 69 72 83 43 
16 27 17 7 69 72 83 43 
16 17 69 19 72 
16 17 69 133 
16 17 69 133 
16 17 69 133 
16 17 69 133 
16 17 69 133 
16 17 69 133 
16 17 69 133 
16 17 69 133 
16 17 69 133 
16 17 69 133 
16 17 69 133 
16 17 69 133 
16 17 69 62 72 
16 27 17 7 69 72 83 43 
16 27 17 7 69 72 83 43 
16 27 17 7 69 72 83 43 
16 27 17 7 69 72 83 43 
16 27 17 7 69 72 83 43 
16 17 132 69 72 
16 17 132 69 72 
16 27 17 7 69 72 83 43 
16 27 17 7 69 72 83 43 
16 17 132 69 72 
16 27 17 7 69 72 83 43 
16 27 17 7 69 72 83 43 
16 27 17 7 69 72 83 43 
16 17 132 69 72 
16 17 69 72 
16 27 17 7 69 72 83 43 
16 17 69 72 
16 27 17 7 69 72 83 43 
16 27 17 7 69 72 83 43 
16 27 17 7 69 72 83 43 
16 27 17 7 69 72 83 43 
16 27 17 7 69 72 83 43 
16 27 17 7 69 72 83 43 
16 27 17 7 69 72 83 43 
16 27 17 7 69 72 83 43 
16 27 17 7 69 72 83 43 
16 17 69 72 
16 27 17 7 69 72 83 43 
16 27 17 7 69 72 83 43 
16 27 17 7 69 72 83 43 
16 27 17 7 69 72 83 43 
16 27 17 7 69 72 83 43 
16 27 17 7 69 72 83 43 
16 27 17 7 69 72 83 43 
16 27 17 7 69 72 83 43 
16 27 17 7 69 72 83 43 
16 27 17 7 69 72 83 43 
16 27 17 7 69 72 83 43 
16 27 17 7 69 72 83 43 
16 17 69 72 
16 17 69 19 72 
16 27 17 7 69 72 83 43 
16 27 17 7 69 72 83 43 
16 27 17 7 69 72 83 43 
16 27 17 7 69 72 83 43 
16 27 17 7 69 72 83 43 
16 17 69 72 
16 17 69 72 
16 17 69 133 
16 17 69 133 
16 17 69 133 
16 17 69 19 133 
16 32 17 33 69 133 
16 27 17 7 69 72 83 43 
16 27 17 7 69 72 83 43 
16 27 17 7 69 72 83 43 
16 17 69 72 
16 27 17 7 69 72 83 43 
16 27 17 7 69 72 83 43 
16 27 17 7 69 72 83 43 
16 17 69 72 
16 27 17 7 69 72 83 43 
16 27 17 7 69 72 83 43 
16 27 17 7 69 72 83 43 
16 17 69 72 
16 27 17 7 69 72 83 43 
16 17 69 72 
16 27 17 7 69 72 83 43 
16 17 69 133 62 
16 17 69 133 62 
16 17 69 72 
16 17 69 72 
16 17 69 72 
16 17 69 72 
16 17 69 72 
16 27 17 7 69 72 83 43 
16 27 17 7 69 72 83 43 
16 27 17 7 69 72 83 43 
16 27 17 7 69 72 83 43 
16 17 69 133 
16 17 69 19 72 
16 17 69 72 
16 17 69 19 72 
16 27 17 7 69 72 83 43 
16 27 17 7 69 72 83 43 
16 17 69 72 
16 17 69 72 
16 27 17 7 69 72 83 43 
16 27 17 7 69 72 83 43 
16 27 17 7 69 72 83 43 
16 17 69 133 
16 27 17 7 69 133 83 43 
16 17 69 133 72 
16 27 17 7 69 133 83 43 
16 17 69 133 
16 17 69 72 
16 17 69 72 
16 27 17 7 69 72 83 43 
16 27 17 7 69 72 83 43 
16 27 17 7 69 72 83 43 
16 27 17 7 69 72 83 43 
16 27 17 7 69 72 83 43 
16 17 69 72 
16 17 69 72 
16 27 17 7 69 72 83 43 
16 27 17 7 69 72 83 43 
16 27 17 7 69 72 83 43 
16 27 17 7 69 133 83 43 
16 17 69 133 
16 27 17 7 69 72 83 43 
16 17 69 72 
16 27 17 7 69 72 83 43 
16 17 69 72 
16 17 69 133 
16 27 17 7 69 72 83 43 
16 27 17 7 69 72 83 43 
16 27 17 7 69 133 83 43 
16 17 69 72 
16 27 17 7 69 133 83 43 
16 17 69 72 
16 17 132 69 72 
16 27 17 7 69 72 83 43 
16 27 17 7 69 72 83 43 
16 17 69 72 
16 27 17 7 69 72 83 43 
16 17 69 133 72 
16 17 69 133 72 
16 27 17 7 69 72 83 43 
16 27 17 7 69 72 83 43 
16 27 17 7 69 72 83 43 
16 27 17 7 69 72 83 43 
16 27 17 7 69 72 83 43 
16 27 17 7 69 72 83 43 
16 27 17 7 69 72 83 43 
16 27 17 7 69 72 83 43 
16 27 17 7 69 72 83 43 
16 17 69 19 72 
16 27 17 7 69 72 83 43 
16 17 69 19 72 
16 17 69 72 
16 27 17 7 69 72 83 43 
16 17 69 72 
16 17 69 72 
16 27 17 7 69 72 83 43 
16 27 17 7 69 72 83 43 
16 27 17 7 69 72 83 43 
16 17 69 72 
16 27 17 7 69 72 83 43 
16 27 17 7 69 72 83 43 
16 27 17 7 69 72 83 43 
16 17 69 72 
16 27 17 7 69 72 83 43 
16 27 17 7 69 72 83 43 
16 27 17 7 69 72 83 43 
16 27 17 7 69 72 83 43 
16 27 17 7 69 72 83 43 
16 27 17 7 69 72 83 43 
16 27 17 7 69 72 83 43 
16 27 17 7 69 72 83 43 
16 27 17 7 69 72 83 43 
16 27 17 7 69 133 83 43 
16 27 17 7 69 133 83 43 
16 27 17 7 69 72 83 43 
16 17 69 59 15 72 
16 17 69 72 
16 17 69 59 15 72 
16 27 17 7 69 72 83 43 
16 17 69 72 
16 17 69 19 72 
16 27 17 7 69 72 83 43 
16 17 69 133 
16 27 17 7 69 72 83 43 
16 17 69 15 72 
16 17 69 15 72 
16 17 69 15 72 
16 17 69 72 
16 27 17 7 69 72 83 43 
16 17 69 72 
16 17 132 69 72 
16 27 17 7 69 72 83 43 
16 17 132 69 72 
16 17 132 69 72 
16 27 17 7 69 133 83 43 
16 27 17 7 69 133 83 43 
16 27 17 7 69 72 83 43 
16 27 17 7 69 72 83 43 
16 17 69 72 
16 17 69 19 72 
16 27 17 7 69 72 83 43 
16 17 69 72 
16 17 69 72 
16 17 69 72 
16 17 69 72 
16 27 17 7 69 72 83 43 
16 17 69 19 72 
16 27 17 7 69 72 83 43 
16 17 69 72 
16 17 122 101 69 72 
16 100 17 101 69 72 
16 17 69 72 
16 17 69 72 
16 27 17 7 69 72 83 43 
16 17 69 72 
16 17 69 72 
16 27 17 7 69 72 83 43 
16 17 69 72 
16 27 17 7 69 72 83 43 
16 17 69 72 
16 100 17 101 69 72 
16 100 17 101 69 72 
16 17 69 72 
16 27 17 7 69 72 83 43 
16 27 17 7 69 133 83 43 
16 27 17 7 69 72 83 43 
16 27 17 7 69 72 83 43 
16 17 69 72 
16 27 17 7 69 72 83 43 
16 27 17 7 69 72 83 43 
16 27 17 7 69 72 83 43 
16 27 17 7 69 72 83 43 
16 17 69 133 
16 17 69 72 
16 17 69 19 72 
16 17 69 72 
16 17 69 72 
16 17 69 72 
16 27 17 7 69 72 83 43 
16 17 69 19 72 
16 17 69 72 
16 27 17 7 69 72 83 43 
16 27 17 7 69 72 83 43 
16 17 69 72 
16 17 69 72 
16 17 69 72 
16 17 69 133 
16 17 69 72 
16 17 69 72 
16 17 69 72 
16 17 69 72 
16 100 17 101 69 72 
16 27 17 7 69 72 83 43 
16 27 17 7 69 72 83 43 
16 27 17 7 69 72 83 43 
16 17 69 133 72 
16 17 69 133 
16 17 69 133 72 
16 17 69 133 72 
16 17 69 72 
16 32 17 33 69 72 
16 17 69 19 72 
16 32 17 33 69 72 
16 17 69 72 
16 27 17 7 69 72 83 43 
16 27 17 7 69 72 83 43 
16 17 69 19 133 
16 17 69 19 133 
16 17 69 133 72 
16 17 69 72 
16 17 69 72 
16 17 69 72 
16 17 69 72 
16 17 69 72 
16 17 69 72 
16 17 69 72 
16 17 69 72 
16 27 17 7 69 72 83 43 
16 27 17 7 69 72 83 43 
16 27 17 7 69 72 83 43 
16 27 17 7 69 72 83 43 
16 27 17 7 69 72 83 43 
16 27 17 7 69 72 83 43 
16 27 17 7 69 72 83 43 
16 27 17 7 69 72 83 43 
16 27 17 7 69 72 83 43 
16 27 17 7 69 72 83 43 
16 17 122 101 69 72 
16 27 17 7 69 72 83 43 
16 17 69 72 
16 27 17 7 69 72 83 43 
16 27 17 7 69 72 83 43 
16 27 17 7 69 72 83 43 
16 27 17 7 69 72 83 43 