16 17 70 
16 17 70 
16 17 70 
16 17 70 
16 17 70 
16 17 70 
16 17 70 
16 17 70 
16 17 70 
16 17 70 
16 17 70 
16 17 70 
16 17 70 
16 17 70 
16 17 70 
16 17 70 
16 17 70 
16 17 70 
16 17 70 
16 17 70 
16 17 70 
16 17 70 
16 17 70 
16 17 70 
16 17 70 
16 17 70 
16 17 70 
16 17 70 
16 17 70 
16 17 70 
16 17 70 
16 17 70 
16 17 70 
16 17 70 
16 17 70 
16 17 70 
16 17 70 
16 17 70 
16 17 70 
16 17 70 
16 17 70 
16 17 70 
16 17 70 
16 17 70 
16 17 70 
16 17 70 
16 17 70 
16 17 70 
16 17 70 
16 17 70 
16 17 70 
16 17 70 
16 17 70 
16 17 70 
16 17 70 
16 17 70 
16 17 70 
16 17 70 
16 17 70 
16 17 70 
16 17 70 
16 17 70 
16 17 70 
16 17 70 
16 17 70 
16 17 70 
16 17 70 
16 17 70 
16 17 70 
16 17 70 
16 17 70 
16 17 70 
16 17 70 
16 17 70 
16 17 70 
16 17 70 
16 17 70 
16 17 70 
16 17 70 
16 17 122 101 70 
16 17 70 
16 17 70 
16 17 70 62 
16 17 70 
16 17 70 
16 17 70 
16 17 70 
16 17 70 
16 17 70 
16 17 70 
16 17 70 
16 17 70 
16 17 70 
16 17 70 
16 17 70 
16 17 70 
16 17 70 
16 17 70 
16 17 70 
16 17 70 
16 17 70 
16 17 70 
16 17 70 
16 17 70 
16 17 70 
16 17 70 
16 17 70 
16 17 70 
16 17 70 
16 17 70 
16 17 70 
16 17 70 
16 17 70 
16 17 70 
16 17 70 
16 17 70 
16 17 70 
16 17 70 
16 17 70 
16 17 70 
16 17 70 
16 17 70 
16 17 70 
16 17 70 
16 17 70 
16 17 70 
16 17 70 
16 17 70 
16 17 70 
16 17 70 
16 17 70 
16 17 70 
16 17 70 
16 17 70 
16 17 70 
16 17 70 
16 17 70 
16 17 70 
16 17 70 
16 17 70 
16 17 70 
16 17 70 
16 17 70 
16 17 70 
16 17 70 
16 17 70 
16 17 70 
16 104 17 70 
16 17 70 
16 17 70 
16 17 70 
16 17 70 
16 17 70 
16 17 70 
16 17 70 
16 17 70 
16 17 70 
16 17 70 
16 17 70 
16 17 70 
16 17 70 
16 17 70 
16 17 70 
16 36 17 37 38 19 70 
16 17 3 65 70 
16 17 70 
16 17 70 
16 17 70 
16 17 70 
16 104 17 70 
16 17 70 
16 17 70 
16 17 70 
16 17 70 
16 17 70 
16 17 70 
16 17 70 
16 17 70 
16 17 70 
16 17 70 
16 17 70 
16 17 70 
16 17 70 
16 17 70 
16 17 70 
16 17 70 
16 17 70 