16 17 62 
16 17 62 
16 166 17 62 
16 166 17 62 
16 17 62 
16 17 62 
16 17 62 
16 17 62 
16 17 62 
16 17 62 
16 230 231 17 19 62 
16 17 62 
16 166 17 62 
16 166 17 62 
16 17 62 
16 17 62 
16 17 62 
16 17 62 
16 166 17 62 
16 17 62 
16 166 17 62 
16 17 19 62 
16 32 166 17 33 62 
16 17 62 
16 17 62 
16 230 231 17 19 62 
16 17 62 
16 17 62 
16 17 62 
16 166 17 62 
16 166 17 62 
16 17 62 
16 230 231 17 19 62 
16 17 62 
16 17 62 
16 166 17 62 
16 17 62 
16 17 62 
16 17 62 
16 17 62 
16 17 62 
16 17 69 62 72 
16 166 17 62 
16 17 62 
16 32 17 33 62 
16 17 62 
16 166 100 17 101 62 
16 17 62 
16 17 62 
16 166 17 62 
16 166 100 17 101 62 
16 17 62 
16 17 62 
16 166 17 62 
16 17 62 
16 32 17 33 62 
16 17 62 
16 32 166 17 33 62 
16 17 62 
16 17 62 
16 17 7 62 9 10 
16 166 17 62 
16 17 62 
16 166 17 62 
16 17 62 
16 17 62 
16 17 62 
16 17 62 
16 166 17 62 
16 230 231 17 19 62 
16 166 17 62 
16 17 62 
16 166 17 62 
16 17 62 
16 166 17 62 
16 17 62 
16 166 17 62 
16 166 17 62 
16 17 19 62 
16 17 62 
16 166 17 62 
16 166 17 62 
16 17 62 
16 166 17 62 
16 166 17 62 
16 230 231 17 19 62 
16 166 17 19 62 
16 166 100 17 101 62 
16 17 62 
16 32 166 17 33 62 
16 166 17 62 
16 166 17 62 
16 17 62 
16 166 17 62 
16 17 62 
16 166 17 62 
16 166 17 62 
16 166 17 62 
16 166 230 231 17 19 62 
16 166 17 62 
16 166 17 62 
16 17 62 
16 166 17 62 
16 17 62 
16 17 62 
16 17 62 
16 166 17 62 
16 166 17 62 
16 166 17 62 
16 166 17 62 
16 166 17 122 101 62 
16 17 62 
16 17 62 
16 166 17 62 
16 17 62 
16 17 62 
16 166 17 19 62 
16 17 62 
16 166 17 62 
16 17 62 
16 166 230 231 17 19 62 
16 166 17 62 
16 166 17 62 
16 166 17 62 
16 32 17 33 62 
16 17 62 
16 166 17 122 101 62 
16 166 17 62 
16 166 17 62 
16 17 62 
16 17 62 
16 166 17 62 
16 166 230 231 17 19 62 
16 17 62 
16 17 62 
16 230 231 17 19 62 
16 166 17 62 
16 166 17 62 
16 166 17 62 
16 17 62 
16 166 17 62 
16 166 17 62 
16 166 17 62 
16 166 17 62 
16 166 17 62 
16 17 62 
16 166 17 62 
16 166 17 62 
16 17 62 
16 166 17 62 
16 166 17 62 
16 32 166 17 33 62 
16 17 62 
16 17 62 
16 17 19 62 
16 166 17 62 
16 17 62 
16 17 62 
16 17 62 
16 166 17 62 
16 166 17 62 
16 17 62 
16 166 17 62 
16 17 62 
16 166 17 62 
16 17 62 
16 166 17 62 
16 166 17 62 
16 17 62 
16 166 17 62 
16 17 62 
16 166 17 62 
16 166 17 62 
16 166 17 62 
16 166 17 62 
16 17 62 