27 181 42 7 8 43 
27 42 7 8 183 43 
27 42 7 8 183 43 
27 26 42 7 8 420 43 
27 42 7 8 420 43 
27 42 7 8 420 43 
27 42 7 8 420 43 
27 42 7 8 420 43 
27 42 7 8 420 43 
27 42 7 8 420 43 
27 42 7 8 420 43 
27 42 7 8 420 43 
27 181 42 7 8 43 
27 42 7 8 182 43 
27 42 7 8 182 43 
27 42 7 8 420 43 
27 181 42 7 8 43 
27 42 7 8 183 43 
27 181 42 7 8 43 
27 42 7 8 183 43 
27 181 42 7 8 43 
27 181 42 7 8 43 
27 181 42 7 8 43 
27 181 42 7 8 43 
27 181 42 7 8 43 
27 181 42 7 8 43 
27 42 7 8 183 43 
27 42 7 8 183 43 
27 42 7 8 183 43 
27 42 7 8 183 43 
27 181 42 7 8 43 
27 181 42 7 8 43 
27 42 7 8 183 43 
27 42 7 8 183 43 
27 42 7 8 183 43 
27 42 7 8 183 43 
27 42 7 8 183 43 
27 42 7 8 183 43 
27 181 42 7 8 43 
27 42 7 8 183 43 
27 42 7 8 183 43 
27 42 7 8 183 43 
27 42 7 8 183 43 
27 42 7 8 183 43 
27 42 7 8 183 43 81 
27 42 7 8 183 43 
27 42 7 8 183 43 
27 42 7 8 183 43 
27 181 42 7 8 43 
27 42 7 8 182 43 
27 42 7 8 183 43 
27 181 42 7 8 43 
27 42 7 8 183 43 
27 42 7 8 182 43 
27 181 42 7 8 43 
27 42 7 8 183 43 
27 7 8 182 
27 42 7 8 183 43 
27 181 42 7 8 43 
27 42 7 8 183 9 10 43 