27 7 8 242 43 
27 7 8 242 43 83 
27 7 8 242 43 
27 7 8 242 43 
27 7 8 242 43 
27 7 8 242 43 
27 7 8 242 43 
16 27 17 7 8 242 70 43 
27 7 8 242 43 
27 7 8 242 43 
16 27 7 8 242 43 
27 7 8 242 43 
27 7 8 242 43 
93 27 73 7 8 242 74 43 
27 7 8 242 43 
27 7 8 242 43 
27 7 8 242 43 
27 7 8 242 43 
27 7 8 242 43 
27 7 8 242 43 
93 27 73 7 8 242 74 43 
27 7 8 242 43 
27 7 8 242 43 
16 27 7 8 242 196 37 19 43 
27 7 8 242 43 
27 7 8 242 43 
27 7 8 242 43 
32 16 27 17 7 8 242 33 43 
27 7 8 242 71 43 
27 7 8 242 43 
27 7 8 242 43 
27 7 8 242 43 
27 7 8 242 43 83 
27 7 8 242 43 
27 7 8 242 43 
27 7 8 242 43 
93 27 73 7 8 242 74 43 
93 27 73 7 8 242 74 43 
27 7 8 242 43 
27 7 8 242 43 
16 27 7 8 242 43 
27 7 8 242 43 
16 27 7 8 242 19 43 
27 7 8 242 43 83 
27 7 8 242 43 83 
27 7 8 242 43 83 
27 7 8 242 43 
27 7 8 242 43 
27 7 8 242 43 
27 7 8 242 43 83 
27 7 8 242 43 
93 27 73 7 8 242 74 43 
93 27 73 7 8 242 74 43 
27 7 8 242 43 
27 7 8 242 43 
27 7 8 242 43 83 
93 27 73 7 8 242 74 43 
27 7 8 242 43 83 
93 27 73 7 8 242 74 43 
93 27 73 7 8 242 74 43 
27 7 8 242 43 83 
93 27 73 7 8 242 74 43 
93 27 73 7 8 242 74 43 
93 27 73 7 8 242 74 43 
93 27 73 7 8 242 74 43 
27 7 8 242 43 
27 7 8 242 43 
27 7 8 242 43 83 