114 26 27 7 8 94 118 10 
114 7 8 94 118 10 
114 7 8 94 118 9 10 
32 16 114 17 7 8 33 94 118 10 
114 7 8 94 118 9 10 
114 7 8 94 118 9 10 
114 7 8 94 118 9 10 
114 7 8 94 118 9 10 
114 7 8 94 118 9 10 
114 7 8 94 118 9 10 
114 7 8 94 118 10 
114 7 8 94 118 9 10 
114 7 8 94 118 9 10 
114 7 8 94 118 9 10 
7 8 94 9 10 
114 7 8 94 118 9 10 
114 7 8 94 118 9 10 
114 7 8 94 118 9 10 
114 7 8 94 118 9 10 
114 7 8 94 118 9 10 
114 7 8 94 118 9 10 
114 7 8 94 118 9 10 
114 7 8 94 118 9 10 
114 7 8 94 118 9 10 
114 7 8 94 118 9 10 
114 7 8 94 118 9 10 
114 7 8 94 118 9 10 
114 7 8 94 118 9 10 
114 7 8 94 118 9 10 
114 7 8 94 118 9 10 
114 7 8 94 118 9 10 
114 7 8 94 118 9 10 
114 7 8 94 118 9 10 
114 7 8 94 118 9 10 
114 7 8 94 118 9 10 
114 7 8 94 118 9 10 
114 7 8 94 118 9 10 
114 7 8 94 118 9 10 
114 7 8 94 118 9 10 
114 7 8 94 118 9 10 
16 114 17 7 8 94 118 10 
7 8 94 9 10 
7 8 94 9 10 
7 8 94 9 10 