258 34 15 
258 34 15 
258 34 15 
258 34 15 
258 34 15 147 
258 34 15 147 
258 34 15 147 
258 34 15 
258 34 15 
258 34 15 
258 34 15 
258 34 15 
258 34 15 147 
258 34 15 
258 34 15 
258 34 15 
258 34 15 
258 34 15 147 
258 34 15 
258 34 15 
16 258 34 19 15 
258 34 15 
258 34 15 
258 34 15 
258 34 15 
258 34 15 
258 34 15 
258 34 15 
258 34 15 
258 34 15 35 
258 34 15 
258 34 15 
258 34 15 147 
258 34 15 147 
258 34 15 147 
258 34 15 
258 34 15 
258 34 15 
258 34 15 
258 34 15 
258 34 15 
258 34 15 
258 34 15 
258 34 15 
258 34 15 
258 34 15 
258 34 15 
258 34 15 
258 34 15 
258 34 15 
258 34 15 
258 34 15 
258 34 15 
258 34 15 
258 34 15 
258 34 15 
258 34 15 
258 34 15 
258 34 15 
258 34 15 