52 3 65 53 
52 3 65 53 
3 65 
3 65 
3 65 
3 65 
16 3 65 
3 65 
3 65 
3 65 
3 65 
3 65 
3 65 
3 65 
3 65 
3 65 
3 65 
3 65 
3 65 
3 65 
3 65 
3 65 
3 65 
3 65 
3 65 
3 65 
3 65 
3 65 
3 65 
3 65 
3 65 
3 65 
3 65 
3 65 
3 65 
3 65 
3 65 
3 65 
16 3 65 19 
3 65 
3 65 
3 65 
3 65 
3 65 
3 65 
3 65 
3 65 
3 65 
3 65 
3 65 
3 65 
3 65 
3 65 
3 65 
3 65 
3 65 
3 65 
3 65 
3 65 
3 65 
3 65 
3 65 
3 65 
3 65 
3 65 
3 65 
3 65 
3 65 
3 65 
3 65 
3 65 
3 65 
3 65 
3 65 
3 65 
3 65 
3 65 
3 65 
3 65 
3 65 
3 65 
3 65 
3 65 
3 65 
3 65 
3 65 
3 65 
3 65 
3 65 
3 65 
3 65 
3 65 
3 65 
3 65 
3 65 
3 65 
3 65 
3 65 
32 16 17 3 65 33 
3 65 
3 65 
3 65 
3 65 
3 65 
34 3 65 15 35 
3 65 
3 65 
3 65 
3 65 
3 65 
3 65 
3 65 
3 65 
3 65 
3 65 
3 65 
3 65 
3 65 
3 65 163 
3 65 
3 65 
3 65 
3 65 
3 65 
3 65 
3 65 
3 65 
3 65 
73 440 138 3 65 74 
3 65 
3 65 
3 65 
3 65 
3 65 
3 65 
3 65 
3 65 
3 65 
3 65 
3 65 
3 65 
3 65 15 
3 65 
3 65 
3 65 
3 65 
3 65 
3 65 
3 65 
3 65 
3 65 
3 65 
3 65 
3 65 
3 65 
3 65 
3 65 
3 65 
3 65 
3 65 
3 65 
3 65 
3 65 
3 65 
3 65 
3 65 
3 65 
3 65 
3 65 
3 65 
3 65 
3 65 
3 65 
3 65 
3 65 
3 65 
3 65 
3 65 
3 65 
3 65 
3 65 
3 65 
3 65 
3 65 
16 3 65 
3 65 
3 65 
3 65 
3 65 
3 65 
3 65 
3 65 
3 65 
3 65 
3 65 
3 65 
3 65 
3 65 
3 65 
3 65 
3 65 
3 65 15 
3 65 
3 65 
3 65 
3 65 
3 65 
3 65 
3 65 
34 3 65 15 35 
3 65 
3 65 
3 65 
3 65 
3 65 
3 65 
3 65 
3 65 
3 65 
3 65 
3 65 
3 65 
3 65 
3 65 
3 65 
3 65 
3 65 
3 65 
3 65 
3 65 
3 65 
3 65 
3 65 
3 65 
3 65 
3 65 
3 65 163 
3 65 
3 65 
3 65 
3 65 
3 65 
3 65 
3 65 
3 65 
3 65 
3 65 
3 65 
3 65 
3 65 
3 65 
3 65 
3 65 
3 65 
3 65 
3 65 
3 65 
3 65 
3 65 
3 65 
3 65 
3 65 
3 65 
3 65 
3 65 
3 65 
3 65 
3 65 
3 65 
3 65 
3 65 
16 3 65 
3 65 
3 65 
3 65 
3 65 
3 65 
3 65 
3 65 
3 65 
3 65 
13 3 65 15 
3 65 
3 65 
3 65 
3 65 
3 65 
3 65 
3 65 
3 65 
3 65 
3 65 
3 65 
3 65 
3 65 
3 65 
3 65 
3 65 
3 65 
3 65 
3 65 
3 65 
3 65 
3 65 
3 65 
16 3 65 19 
3 65 
3 65 
3 65 
3 65 
3 65 
3 65 
3 65 
3 65 
3 65 
3 65 
3 65 
3 65 
3 65 
3 65 
3 65 
3 65 
3 65 
3 65 
3 65 
3 65 
16 3 65 19 
3 65 
3 65 
3 65 
3 65 
3 65 
3 65 
16 3 65 19 
3 65 
3 65 
3 65 
3 65 
3 65 
3 65 
3 65 
26 27 7 3 65 
3 65 
3 65 
3 65 
3 65 
3 65 
3 65 
3 65 
3 65 
16 3 65 19 
3 65 
3 65 
3 65 
3 65 
3 65 
3 65 
3 65 
3 65 
3 65 
3 65 
3 65 
3 65 
3 65 
3 65 
3 65 
3 65 
3 65 
3 65 
3 65 
16 3 65 19 
3 65 
3 65 
16 3 65 19 
3 65 
3 65 
3 65 
3 65 
3 65 
3 65 
3 65 
3 65 
3 65 
3 65 
3 65 
3 65 
3 65 
3 65 
3 65 
3 65 
7 3 65 
3 65 
3 65 
7 3 65 
3 65 
3 65 
3 65 
3 65 
3 65 
3 65 
3 65 
3 65 
3 65 
3 65 
3 65 
3 65 
16 3 65 19 
3 65 
3 65 
3 65 
3 65 
3 65 
3 65 
3 65 