16 17 101 122 
16 17 101 122 
16 17 101 122 
16 17 101 122 19 
16 17 101 122 
16 17 101 122 
16 17 101 122 
16 17 101 122 
16 17 101 122 62 
16 17 101 122 
16 17 101 122 
16 17 101 122 
16 17 101 122 
16 100 17 101 122 
16 17 101 122 
16 17 101 122 
16 17 101 122 
16 17 101 122 
16 17 101 122 
16 17 101 122 
16 17 101 122 
16 17 101 122 
16 17 101 122 
16 13 17 101 122 14 15 
16 17 101 122 
16 17 101 122 
16 17 101 122 
16 17 101 122 
16 17 101 122 
16 100 17 101 122 
16 17 101 122 
16 17 101 122 
16 17 101 122 
16 17 101 122 
16 100 17 101 122 
16 17 101 122 
16 17 101 122 
16 17 101 122 
16 17 101 122 
16 17 101 122 
16 17 101 122 
16 17 101 122 
16 17 101 122 
16 17 101 122 
16 17 101 122 
16 100 17 101 122 
16 17 101 122 
16 17 101 122 
16 17 101 122 
16 17 101 122 
16 17 101 122 
16 17 101 122 
16 17 101 122 
16 100 17 101 122 
16 17 101 122 
16 100 17 101 122 
16 17 101 122 
16 17 101 122 
16 17 101 122 
16 100 17 101 122 
16 17 101 122 
16 17 101 122 
16 17 101 122 
16 17 101 122 
16 17 101 122 
16 17 101 122 
16 17 101 122 
16 17 101 122 
16 17 101 122 
16 17 101 122 
16 17 101 122 
16 17 101 122 
16 17 101 122 
16 17 101 122 
16 17 101 122 
16 17 101 122 
16 17 101 122 
16 17 101 122 
16 17 101 122 
16 17 101 122 
16 17 101 122 
16 17 101 122 
16 17 101 122 
16 17 101 122 
16 17 101 122 
16 17 101 122 
16 17 101 122 
16 17 101 122 
16 17 101 122 
16 17 101 122 
16 17 101 122 
16 17 101 122 
16 17 101 122 
16 17 101 122 
16 17 101 122 
16 17 101 122 
16 17 101 122 
16 17 101 122 
16 17 101 122 
16 17 101 122 
16 17 101 122 
16 17 101 122 
16 17 101 122 19 
16 17 101 122 
16 17 101 122 
16 26 27 17 7 101 122 
16 17 101 122 
16 17 101 122 
16 17 101 122 
16 17 101 122 
16 17 101 122 
16 17 101 122 
16 17 101 122 
16 17 101 122 
16 17 101 122 
16 100 17 101 122 
16 17 101 122 
16 17 101 122 
16 17 101 122 
16 17 101 122 
16 17 101 122 
16 17 101 122 
16 100 17 101 122 
16 17 101 122 
16 17 101 122 
16 17 101 122 
16 17 101 122 
16 17 101 122 
16 17 101 122 
16 17 101 122 
16 17 101 122 
16 17 101 122 
16 17 101 122 
16 17 101 122 
16 17 101 122 
16 17 101 122 
16 17 101 122 
16 17 101 122 
16 17 101 122 
16 17 101 122 
16 17 101 122 
16 17 101 122 
16 17 101 122 
16 17 101 122 
16 17 101 122 
16 17 101 122 
16 17 101 122 
16 17 101 122 
16 17 101 122 
16 17 101 122 
16 17 101 122 
16 17 101 122 
16 17 101 122 
16 17 101 122 
16 17 101 122 
16 26 27 17 7 101 122 124 
16 17 101 122 
16 17 101 122 
16 17 101 122 
16 17 101 122 
16 17 101 122 
16 17 101 122 
16 17 101 122 
16 17 101 122 
16 17 101 122 
16 17 101 122 
16 17 101 122 
16 17 101 122 
16 17 101 122 
16 17 101 122 
16 17 101 122 
16 17 101 122 
16 17 101 122 
16 17 101 122 
16 17 101 122 
16 17 101 122 
16 17 101 122 
16 17 101 122 
16 17 101 122 
16 17 101 122 
16 17 101 122 
16 17 101 122 
16 17 101 122 
16 17 101 122 
16 17 101 122 
16 17 101 122 
16 17 101 122 
16 17 101 122 
16 17 101 122 
16 17 101 122 
16 17 101 122 
16 17 101 122 
16 17 101 122 
16 17 101 122 
16 17 101 122 
16 17 101 122 
16 17 101 122 
16 17 101 122 
16 17 101 122 
16 17 101 122 19 
16 17 101 122 
16 17 101 122 
16 17 101 122 
16 17 101 122 
16 17 101 122 
16 17 101 122 
16 17 101 122 
16 17 101 122 
16 17 101 122 
16 17 101 122 
16 17 101 122 
16 17 101 122 
16 17 101 122 
16 17 101 122 
16 17 101 122 
16 17 101 122 
16 17 101 122 
16 17 101 122 
16 17 101 122 
16 17 101 122 
16 17 101 122 
16 17 101 122 
16 17 101 122 
16 100 17 101 122 
16 17 101 122 19 
16 17 101 122 
16 17 101 122 
16 17 101 122 
16 17 101 122 
16 17 101 122 
16 17 101 122 
16 17 101 122 
16 17 101 122 
16 17 101 122 
16 17 101 122 
16 100 17 101 122 
16 17 101 122 
16 17 101 122 
16 17 101 122 
16 17 101 122 
16 100 17 101 122 
16 17 101 122 
16 17 101 122 
16 17 101 122 
16 17 101 122 
16 17 101 122 
16 17 101 122 
16 17 101 122 
16 17 101 122 
16 17 101 122 
16 17 101 122 
16 17 101 122 
16 17 101 122 
16 17 101 122 
16 17 101 122 
16 17 101 122 
16 17 101 122 
16 17 101 122 
16 17 101 122 
16 17 101 122 
16 100 17 101 122 
16 17 101 122 
16 13 17 101 122 14 15 
16 17 101 122 
16 17 101 122 
16 17 101 122 19 
16 17 101 122 
16 17 101 122 
16 17 101 122 
16 17 101 122 
16 17 101 122 
16 17 101 122 
16 17 101 122 
16 17 101 122 
16 17 101 122 
16 17 101 122 
16 17 101 122 
16 17 101 122 
16 17 101 122 
16 17 101 122 
16 17 101 122 
16 17 101 122 
16 100 17 101 122 
16 17 101 122 
16 17 101 122 62 
16 32 17 101 122 33 
16 17 101 122 
16 17 101 122 
16 17 101 122 
16 17 101 122 
16 17 101 122 
16 17 101 122 
16 17 101 122 
16 17 101 122 
16 17 101 122 
16 17 101 122 96 
16 100 17 101 122 
16 17 101 122 
16 17 101 122 
16 17 101 122 
16 17 101 122 
16 17 101 122 
16 17 101 122 
16 17 101 122 
16 17 101 122 
16 17 101 122 
16 17 101 122 
16 17 101 122 
16 17 101 122 
16 17 101 122 
16 17 101 122 
16 17 101 122 
16 17 101 122 
16 17 101 122 
16 17 101 122 
16 17 101 122 
16 17 101 122 
16 17 101 122 
16 17 101 122 
16 17 101 122 
16 17 101 122 
16 17 101 122 
16 17 101 122 
16 17 101 122 
16 17 101 122 
16 17 101 122 
16 17 101 122 
16 17 101 122 
16 17 101 122 
16 17 101 122 
16 17 101 122 
16 17 101 122 
16 17 101 122 
16 17 101 122 
16 17 101 122 
16 17 101 122 
16 17 101 122 
16 17 101 122 
16 17 101 122 
16 17 101 122 
16 17 101 122 
16 17 101 122 
16 17 101 122 
16 17 101 122 
16 100 17 101 122 
16 17 101 122 
16 17 101 122 
16 17 101 122 
16 17 101 122 
16 17 101 122 
16 100 17 101 122 
16 100 17 101 122 
16 17 101 122 
16 17 101 122 
16 17 101 122 
16 17 101 122 
16 17 101 122 19 
16 17 101 122 
16 17 101 122 
16 17 101 122 
16 17 101 122 
16 17 101 122 
16 17 101 122 
16 17 101 122 
16 17 101 122 
16 17 101 122 
16 17 101 122 
16 17 101 122 
16 17 101 122 
16 17 101 122 
16 17 101 122 
16 17 101 122 
16 17 7 101 122 9 10 
16 17 7 101 122 9 10 
16 17 101 122 
16 17 7 101 122 9 10 
16 17 7 101 122 9 10 
16 17 101 122 
16 17 101 122 
16 17 7 101 122 9 10 
16 17 101 122 
16 100 17 101 122 
16 17 101 122 
16 17 101 122 