16 100 17 101 
16 100 17 101 122 
16 17 101 122 
16 100 17 101 
16 17 101 122 
16 100 17 101 
16 17 101 122 
16 17 101 122 
16 100 17 101 
16 100 17 101 
16 17 101 122 
16 17 101 122 
16 17 101 122 
16 100 17 101 
16 17 101 122 
16 17 101 122 
16 17 101 122 
16 17 101 122 
16 17 101 122 
16 17 101 122 
16 17 101 122 
16 26 27 17 7 101 122 
16 17 101 122 
16 17 101 122 
16 17 101 122 
16 17 7 101 122 9 10 
16 100 17 101 
16 100 17 101 
16 100 17 101 
16 17 101 122 
16 17 101 122 
16 17 101 122 
16 100 17 101 
16 17 101 122 
16 17 101 122 
16 17 101 122 
16 17 101 122 
16 17 101 122 
16 17 101 122 
16 17 101 122 
16 17 101 122 
16 100 17 101 
16 100 17 101 