16 268 19 217 
16 268 19 217 
16 17 268 19 217 
16 17 268 19 217 
16 17 268 19 217 
16 17 268 19 217 
16 17 268 19 217 
16 17 268 19 217 
16 17 268 19 217 
16 17 268 19 217 
16 17 268 19 217 
16 17 268 19 217 
16 17 268 19 217 
16 17 268 19 217 
16 17 268 19 217 
16 17 268 19 217 
16 17 268 19 217 
16 268 19 217 
16 268 19 217 
16 268 19 217 
16 268 19 217 
16 268 19 217 
16 268 19 217 
16 268 19 217 
16 268 19 217 
16 268 19 217 
16 268 19 217 
16 268 19 217 
16 268 19 217 
16 268 19 217 
16 268 19 217 
16 268 19 217 
16 26 27 7 268 19 217 
16 268 19 217 
16 268 19 217 
16 268 19 217 
16 268 19 217 
16 268 19 217 
16 26 27 7 268 19 217 
16 268 19 217 
16 26 27 7 268 19 217 
16 268 19 217 
16 268 19 217 
16 268 19 217 
16 268 19 217 
16 268 19 217 
16 268 19 217 
16 268 19 217 
16 268 19 217 
16 268 19 217 
16 268 19 217 
16 268 19 217 
16 268 19 217 
16 268 19 217 
16 268 19 217 
16 268 19 217 
16 268 19 217 
16 268 19 217 
16 268 19 217 
16 268 19 217 
16 268 19 217 
16 268 19 217 
16 268 19 217 
16 268 19 217 
16 268 19 217 
16 268 19 217 
16 268 19 217 
16 268 19 217 
16 268 19 217 
16 268 19 217 
16 268 19 217 
16 268 19 217 
16 268 19 217 
16 268 19 217 
16 100 17 268 101 19 217 
16 100 17 268 101 19 217 
16 100 17 268 101 19 217 
16 268 19 217 
16 268 19 217 
16 268 37 19 217 
16 268 37 19 217 
16 268 19 217 
16 268 19 217 
16 100 17 268 101 19 217 
16 268 19 217 
16 100 17 268 101 19 217 
16 100 17 268 101 19 217 
16 268 19 217 