247 3 
247 3 
247 3 
247 3 
247 3 59 15 
247 3 
247 3 
247 3 
247 3 
247 3 
247 3 
247 3 
247 3 
247 3 
247 3 
247 3 
247 3 
247 3 
247 3 
247 3 
247 3 
247 3 
247 3 
247 3 15 82 
247 3 
247 3 
247 3 
247 3 
247 3 
247 3 
16 247 37 3 19 208 
247 3 
247 3 
247 3 
247 3 
247 3 
247 3 
247 3 
247 3 
247 3 
247 3 
27 247 7 3 83 43 
247 3 
32 16 17 247 3 33 
247 3 
247 3 
247 3 
247 3 
50 247 3 
247 3 
247 3 
247 3 
247 3 
247 3 
247 3 
247 3 
247 3 
16 17 247 3 
247 3 
247 3 
247 3 
247 3 
247 34 3 15 35 
247 3 
247 3 
247 3 
247 3 
247 3 
247 3 
247 3 
247 3 
247 3 
247 3 
247 3 
247 3 
247 3 
247 3 
247 3 
247 3 
104 16 17 247 3 
247 3 
247 3 
247 3 
247 3 
247 3 
247 3 
247 3 59 15 
247 3 
247 3 
247 3 
247 3 
247 3 
247 3 
247 3 
247 3 74 
247 3 
247 3 
247 3 
247 3 
247 3 
247 3 
247 3 
247 3 
247 3 
247 3 
32 16 17 247 3 33 
247 3 
247 3 
247 3 
247 3 
247 3 
247 3 
247 3 
247 3 
247 3 
247 3 
247 3 
247 3 
50 247 3 
247 3 
247 3 59 15 
247 3 
247 3 
247 3 
247 3 
247 3 
247 3 
247 3 
247 3 
247 3 
247 3 
247 3 
247 3 
247 3 
247 3 
247 3 
247 3 
247 3 
247 3 15 82 
247 3 
247 3 
247 3 
247 3 
247 3 
247 3 
247 3 
247 3 
247 3 
247 3 
247 3 
247 3 
247 3 
247 3 
247 3 
247 3 
247 3 
247 3 
63 247 3 
247 3 
247 3 
247 3 
247 3 
247 3 
247 3 
247 3 
247 3 
247 3 
247 3 
247 3 
247 3 
247 3 
247 3 
247 3 
247 3 
247 3 
247 3 
247 3 
247 3 
247 3 
247 3 
247 3 
247 3 
16 247 3 
16 247 3 
247 3 
50 247 3 
247 3 
247 3 
247 3 
247 3 
247 3 
247 3 
16 247 3 19 
247 3 
247 3 
247 3 
32 16 17 247 3 33 
247 3 
247 3 
247 3 
247 3 
247 3 
16 247 3 19 
247 3 
247 3 
247 3 
247 3 
247 3 
247 3 
247 3 59 15 
247 3 
247 3 
247 3 
247 3 
247 3 
247 3 
247 3 
247 3 
247 3 
247 3 
50 247 3 
247 3 
247 3 
247 3 
247 3 
247 3 
247 3 
32 16 17 247 3 33 
247 3 
247 3 
247 3 
247 3 
247 3 
247 3 
247 3 
247 3 
247 3 
247 3 
247 3 
247 3 
247 3 
247 3 
247 3 
247 3 
247 3 
247 3 
247 3 15 
247 3 
247 3 
247 3 
247 3 
247 3 
247 3 
247 3 
247 3 
16 247 3 19 
247 3 
247 3 
247 3 
247 3 
247 3 
247 3 
247 3 
247 3 
247 3 
50 247 3 
247 3 
247 3 
247 3 
247 3 
247 3 
247 3 
247 3 
247 3 
247 3 
247 3 
247 3 
247 3 
247 3 
247 3 
247 3 
247 3 
247 3 59 15 
247 3 
247 3 
247 3 
247 3 
247 3 
247 34 3 15 35 
247 3 
247 3 
247 3 
247 3 
247 3 
247 3 
247 3 
247 3 
247 34 3 15 35 
247 3 
247 3 
247 3 
247 3 
247 3 
247 3 
247 3 
247 3 
247 3 
247 3 
247 3 
247 3 
247 3 
247 3 
247 3 
247 3 
247 3 
247 3 
247 3 
247 3 
247 3 
247 3 
247 3 
247 3 
247 3 
247 3 
247 3 
247 3 
247 3 
247 3 
247 3 
247 3 
16 247 3 19 
247 3 
16 17 247 3 62 
247 3 
247 3 
247 3 
247 3 
247 3 
247 3 
16 247 3 19 
247 3 
247 3 
247 3 
247 3 
247 3 
247 3 
247 3 
247 3 
247 3 
247 3 
247 3 
247 3 
247 3 
247 3 
247 3 
247 3 
16 247 3 19 
247 3 
247 3 
247 3 
247 3 
247 3 
247 3 
247 3 
42 27 247 7 3 43 81 
42 27 247 7 3 43 81 
247 3 
247 3 
247 3 59 15 
247 3 
247 3 
247 3 
247 3 
247 3 
247 3 
247 3 
247 3 
247 3 
247 3 
247 3 
247 3 
247 3 
247 3 
247 3 
247 3 
247 3 
247 3 
247 3 
247 3 
247 3 
247 3 
247 3 
247 3 
247 3 
247 3 59 15 
247 3 
247 3 
16 247 3 19 
247 3 
247 3 
247 3 
247 3 
247 3 
247 3 
247 3 
247 3 59 15 
247 3 
247 3 
247 3 
247 3 
247 3 
247 3 
247 3 
247 3 
247 3 
247 3 
16 247 3 19 
247 3 
247 3 
247 3 
247 3 
247 3 
247 3 
247 3 
247 3 59 15 
247 3 
16 247 3 19 
247 3 
247 3 
247 3 
16 247 3 19 
247 3 
247 3 15 
247 3 
247 3 
247 3 
247 3 
16 247 3 
247 3 
247 3 143 144 172 
247 3 
247 3 
247 3 
247 3 
247 3 
247 3 
247 3 
247 3 
247 3 
247 3 
247 3 59 15 
247 3 
247 3 
247 3 
247 3 
247 3 
247 3 
247 3 
247 3 
247 3 
247 3 
247 3 
247 3 
247 3 
247 3 
16 247 3 19 
247 3 
247 3 
247 3 
247 3 
247 3 
247 3 
247 3 
247 3 
247 3 
247 3 
247 3 
247 3 
247 3 
247 3 
247 3 
247 3 
247 3 
247 3 
247 3 
247 3 
247 3 
247 3 
247 3 
16 247 3 19 
247 3 
247 3 
247 3 
247 3 
247 3 
247 3 
247 3 
247 3 
247 3 
247 3 
247 3 
247 3 
247 3 
247 3 
247 3 
247 3 59 15 
247 3 
247 3 
247 3 
247 3 59 15 
247 3 
247 3 
247 3 
247 3 
247 3 
247 3 
247 3 
247 3 
247 3 
247 3 
247 3 
247 3 
247 3 
247 3 
247 3 
247 3 
247 3 
247 3 
247 3 
247 3 59 15 
247 3 
247 3 
247 3 
247 3 
247 3 
247 3 
247 3 
247 3 
247 3 
247 3 
247 3 
247 3 
247 3 59 15 
247 3 
247 3 
247 3 
247 3 
247 3 
41 42 27 247 7 3 43 
247 3 
247 3 
247 3 
247 3 
247 3 
247 3 
247 3 
247 3 
247 3 
247 3 
247 3 
247 3 
247 3 
247 3 59 15 
247 3 
247 3 
247 3 
247 3 59 15 
247 3 
247 3 
247 3 
247 3 
247 3 
247 3 
247 3 
247 3 
247 3 
247 3 
247 3 
247 3 
247 3 
247 3 
247 3 
247 3 
247 3 
247 3 
247 3 
247 3 
247 3 
247 3 
247 3 
247 3 
247 3 
247 3 
42 27 247 7 3 43 81 
247 3 
247 3 
247 3 
247 3 
247 3 
247 3 
247 3 
247 3 
247 3 
247 3 
247 3 
247 3 
41 42 27 247 7 3 43 
247 3 
247 3 
247 3 
247 3 
247 3 
247 3 
247 3 
247 3 
247 3 
247 3 
247 3 
247 3 15 
247 3 
247 3 
247 3 
247 3 
247 3 
247 3 
247 3 15 
247 3 
247 3 
247 3 
247 3 
247 3 
247 3 
247 3 
247 3 
247 3 15 
63 247 3 
16 247 3 19 
247 3 
247 3 59 15 
247 3 
247 3 
247 3 
16 247 3 19 
247 3 
247 3 
247 3 
247 3 
247 3 
247 3 
247 3 
247 3 
247 3 
247 3 
247 3 
247 3 
247 3 
247 3 
247 3 59 15 
16 247 3 
247 3 
247 3 
247 3 