27 7 8 179 95 
27 7 8 179 95 
27 7 8 179 95 
27 7 8 179 95 
27 7 8 44 43 
27 7 8 179 95 
27 7 8 179 95 
27 26 7 8 179 95 
27 7 8 179 95 
16 27 7 8 19 179 95 
27 7 8 44 43 
27 7 8 179 95 
27 26 7 8 179 95 
16 27 7 8 19 179 95 
27 7 8 44 43 
27 7 8 179 95 
27 7 8 179 95 
27 7 8 44 43 
27 7 8 9 10 179 95 
27 7 8 179 95 
16 27 7 8 19 179 95 
16 27 7 8 19 179 95 
16 27 7 8 19 179 95 
16 27 7 8 19 179 95 
27 7 8 179 95 
27 7 8 179 95 
27 7 8 179 95 
27 7 8 15 179 95 
27 7 8 44 43 
27 7 8 179 95 
16 27 7 8 19 179 95 
27 26 7 8 179 95 
16 27 7 8 19 179 95 
27 7 8 179 95 
27 184 7 8 44 46 43 48 
27 7 8 179 95 
16 27 7 8 19 179 95 
27 26 7 8 179 95 
27 7 8 44 43 
27 7 8 44 43 
27 7 8 44 43 
27 7 8 179 95 
27 7 8 179 95 
27 7 8 9 10 179 95 
16 27 7 8 19 179 95 
16 27 7 8 19 179 95 
16 27 7 8 19 179 95 
16 27 7 8 19 179 95 
27 7 8 179 95 
27 7 8 9 10 179 95 
16 27 7 8 19 179 95 
27 7 8 44 43 
27 7 8 179 95 
27 26 7 8 179 95 
27 7 8 179 95 
27 7 8 44 43 
16 27 7 8 19 179 95 
27 26 7 8 179 95 
27 7 8 44 43 
27 7 8 179 95 
16 27 7 8 19 179 95 
27 7 8 44 43 
27 26 7 8 179 95 
27 7 8 44 43 
27 7 8 44 43 
27 7 8 44 43 
27 26 7 8 179 95 
27 7 8 44 43 