16 17 70 
16 17 70 
16 17 70 
16 17 3 65 70 
16 17 7 70 
16 17 70 
16 17 19 70 
16 17 70 
16 17 70 
16 17 70 
16 17 70 
16 17 70 
16 17 70 
16 17 70 
16 17 70 
16 17 70 
16 17 70 
16 17 70 
16 17 70 
16 17 70 
16 17 70 
16 17 70 
16 17 70 
16 17 70 
16 17 70 
16 17 70 
16 17 70 
16 17 70 
16 17 7 70 
16 63 17 3 70 
16 17 70 
16 17 70 
16 17 70 
16 17 70 
16 17 70 
16 17 70 
16 17 70 
16 17 70 
16 17 70 
16 17 70 
16 17 70 
16 17 70 
16 17 70 
16 17 70 
16 17 70 
16 17 70 
16 17 70 
16 17 70 
16 17 70 
16 17 70 
16 17 70 
16 17 70 
16 17 70 
16 17 70 
16 17 70 
16 114 17 7 70 118 10 
16 114 17 7 70 118 10 
16 114 17 7 70 118 10 
16 17 70 
16 17 70 
16 17 70 
16 17 70 
16 17 70 
16 17 70 
16 17 70 
16 17 70 
16 17 3 65 70 
16 17 70 
16 17 70 
16 26 27 17 7 70 
16 17 70 
16 17 70 
16 17 70 
16 63 17 3 70 
16 17 70 
16 17 70 
16 17 70 
16 17 70 62 
16 17 70 
16 17 28 70 23 24 
16 17 70 
16 17 70 
16 17 70 
16 17 70 
16 17 70 
16 17 70 
16 17 70 
16 17 70 
16 17 70 
16 17 70 
16 17 70 
16 17 70 
16 17 70 
16 17 70 
16 17 70 
16 17 70 
16 17 70 
16 17 70 
16 17 70 
16 17 70 
16 17 70 
16 17 70 
16 17 70 
16 17 70 
16 17 70 
16 17 70 
16 17 70 
16 17 70 
16 17 70 
16 17 70 
16 17 70 
16 17 70 
16 17 70 
16 17 70 
16 17 70 
16 17 70 
16 17 70 
16 17 70 
16 17 70 
16 17 70 
16 17 70 
16 17 70 
16 17 70 
16 17 70 
16 17 70 
16 114 17 7 70 118 10 
16 17 3 65 70 
16 17 70 
16 17 70 
16 17 70 
16 17 70 
16 17 70 
16 17 19 70 
16 17 70 
16 17 70 
16 17 70 
16 17 70 
16 17 70 
16 17 70 
16 17 70 
16 17 70 
16 17 70 
16 17 70 
16 17 70 
16 17 70 
16 17 70 
16 17 70 
16 17 70 62 
16 17 70 
16 17 70 
16 17 70 
16 17 70 
16 17 70 
16 17 70 
16 17 70 
16 17 70 
16 17 7 70 
16 17 70 
16 17 70 
16 17 70 
16 17 70 
16 17 70 
16 17 70 
16 17 70 
16 17 70 
16 17 3 65 70 
16 17 70 
16 17 70 
16 17 70 
16 17 3 65 70 
16 17 70 
16 17 70 
16 17 70 
16 17 70 
16 17 70 
16 17 70 
16 17 70 
16 17 70 
16 17 70 
16 17 19 70 
16 17 70 
16 17 70 
16 17 70 
16 17 70 
16 17 70 
16 17 70 
16 17 70 
16 17 70 
16 17 70 
16 17 70 
16 17 70 
16 17 70 
16 17 70 
16 17 70 
16 17 70 
16 17 70 
16 17 70 
16 17 70 
16 17 70 
16 17 70 
16 17 70 
16 17 70 
16 17 28 70 23 24 
16 17 70 
16 17 70 
16 17 70 
16 17 70 
16 100 17 101 70 
16 17 70 
16 17 70 
16 17 70 
16 17 70 
16 17 70 
16 17 70 
16 17 70 
16 17 70 
16 17 70 
16 17 70 
16 17 70 
16 17 70 
16 17 70 
16 17 70 
16 17 70 
16 17 70 
16 17 70 
16 17 70 
16 17 70 
16 17 70 
16 17 70 
16 17 70 
16 17 70 
16 17 70 
16 17 28 70 23 24 
16 17 70 
16 17 70 
16 17 70 
16 17 70 
16 17 70 
16 17 70 
16 17 70 
16 17 70 
16 17 70 
16 17 70 
16 17 70 
16 17 70 
16 17 70 
16 17 70 
16 17 70 
16 17 70 
16 17 70 
16 17 70 
16 17 70 
16 17 70 
16 17 70 
16 17 70 
16 17 70 
16 17 70 
16 17 70 
16 17 70 
16 17 70 
16 17 70 
16 17 70 
16 17 70 
16 17 70 
16 17 70 
16 17 70 
16 17 70 
16 17 70 
16 17 70 
16 114 17 7 70 118 10 
16 17 70 
16 17 70 
16 17 70 
16 17 70 
16 17 70 
16 17 19 70 
16 17 70 
16 17 70 
16 17 70 
16 114 17 7 70 118 10 
16 17 70 
16 17 70 
16 17 70 
16 17 70 
16 17 70 
16 17 70 
16 17 70 
16 17 70 
16 17 70 
16 17 70 
16 17 70 
16 17 70 
16 17 70 
16 17 70 
16 17 70 
16 17 70 
16 17 70 
16 17 70 
16 17 70 
16 17 70 
16 17 70 
16 17 70 
16 17 70 
16 17 70 
16 17 70 
16 17 70 
16 17 70 
16 17 70 
16 17 70 
16 17 70 
16 17 70 
16 17 70 
16 17 70 
16 17 70 
16 17 70 
16 17 70 
16 17 70 
16 17 70 
16 17 70 
16 17 70 
16 17 70 
16 17 70 
16 17 70 62 
16 17 70 
16 17 70 
16 17 70 
16 17 70 
16 17 70 
16 17 70 
16 17 70 
16 17 70 
16 17 70 
16 17 70 
16 17 70 
16 17 70 
16 17 70 
16 17 70 
16 17 70 
16 17 70 
16 17 70 
16 17 70 
16 17 70 
16 17 70 
16 17 70 
16 17 70 
16 17 70 
16 17 70 
16 17 70 
16 17 70 
16 17 70 
16 17 70 
16 17 70 
16 17 70 
16 17 70 
16 17 70 
16 17 70 
16 17 70 
16 17 70 
16 17 70 
16 17 70 
16 17 70 
16 17 70 
16 17 70 
16 17 70 
16 17 70 
16 17 70 
16 17 70 
16 17 70 
16 17 70 
16 17 70 
16 17 70 
16 17 70 
16 17 70 
16 17 70 
16 17 70 
16 17 70 
16 17 70 
16 17 70 
16 17 70 
16 17 70 
16 17 70 
16 17 70 
16 17 70 
16 17 70 
16 17 70 
16 17 70 
16 17 70 
16 17 70 
16 17 70 
16 17 70 
16 17 70 
16 17 70 62 
16 17 70 
16 17 70 
16 17 70 
16 17 70 
16 17 70 
16 17 70 
16 17 70 
16 17 70 
16 17 70 
16 17 70 
16 17 70 
16 17 70 
16 17 70 
16 17 70 
16 17 70 
16 17 70 
16 17 70 
16 17 70 
16 17 70 
16 17 70 