7 8 45 46 112 3 48 
7 8 45 46 112 3 48 
7 8 45 46 112 3 48 
7 8 45 46 112 3 48 
7 8 45 46 112 3 48 
7 8 45 46 3 48 
7 8 45 46 112 3 48 
7 8 45 46 112 3 48 
7 8 45 46 112 3 48 
7 8 45 46 112 3 48 
7 8 45 46 112 3 48 
7 8 45 46 112 3 48 
7 8 45 46 112 3 48 
7 8 45 46 112 3 48 
7 8 45 46 112 3 48 
7 8 45 46 112 3 48 
7 8 45 46 112 3 48 
7 8 45 46 112 3 48 
7 8 45 46 112 3 48 
7 8 45 46 112 3 48 
7 8 45 46 112 3 48 
7 8 45 46 112 3 48 
7 8 45 46 112 3 48 
7 8 45 46 112 3 48 
7 8 45 46 112 3 48 
7 8 45 46 112 3 48 
7 8 45 46 112 3 48 
7 8 45 46 112 3 48 
7 8 45 46 112 3 48 
7 8 45 46 112 3 48 
7 8 45 46 112 3 48 
7 8 45 46 112 3 48 
7 8 45 46 112 3 48 
7 8 45 46 112 3 48 
7 8 45 46 112 3 48 
7 8 45 46 112 3 48 
7 8 45 46 112 3 48 
7 8 45 46 112 3 48 
7 8 45 46 112 3 48 
7 8 45 46 112 3 48 
7 8 45 46 112 3 48 
7 8 45 46 112 3 48 
7 8 45 46 112 3 48 
7 8 45 46 112 3 48 
7 8 45 46 112 3 48 
7 8 45 46 112 3 48 
7 8 45 46 112 3 48 
7 8 45 46 112 3 48 
7 8 45 46 112 3 48 
7 8 45 46 112 3 48 
7 8 45 46 112 3 48 
7 8 45 46 112 3 48 
7 8 45 46 112 3 48 
7 8 45 46 112 3 48 
7 8 45 46 112 3 48 
7 8 45 46 112 3 48 
7 8 45 46 112 3 48 
7 8 45 46 112 3 48 
7 8 45 46 112 3 48 
7 8 45 46 112 3 48 
7 8 45 46 112 3 48 
7 8 45 46 112 3 48 
7 8 45 46 112 3 48 
7 8 45 46 112 3 48 
7 8 45 46 112 3 48 
7 8 45 46 112 3 48 
7 8 45 46 112 3 48 
7 8 45 46 112 3 48 
7 8 45 46 112 3 48 
7 8 45 46 112 3 48 
7 8 45 46 112 3 48 
7 8 45 46 112 3 48 
7 8 45 46 112 3 48 
7 8 45 46 112 3 48 
7 8 45 46 112 3 48 
7 8 45 46 112 3 48 
7 8 45 46 112 3 48 
7 8 45 46 112 3 48 
7 8 45 46 112 3 48 
7 8 45 46 112 3 48 
7 8 45 46 112 3 48 
7 8 45 46 112 3 48 
7 8 45 46 112 3 48 
7 8 45 46 112 3 48 
7 8 45 46 112 3 48 
7 8 45 46 112 3 48 
7 8 45 46 112 3 48 
7 8 45 46 112 3 48 
7 8 45 46 112 3 48 
7 8 45 46 112 3 48 
32 16 17 7 8 3 33 
7 8 45 46 112 3 48 
7 8 45 46 112 3 48 
7 8 45 46 112 3 48 
7 8 45 46 112 3 48 
7 8 45 46 112 3 48 
7 8 45 46 112 3 48 
7 8 3 
7 8 45 46 112 3 48 
7 8 45 46 112 3 48 
7 8 45 46 112 3 48 
7 8 45 46 112 3 48 
16 17 7 8 45 46 112 3 48 
7 8 45 46 112 3 48 
7 8 45 46 112 3 48 
7 8 45 46 112 3 48 
7 8 45 46 112 3 48 
7 8 45 46 112 3 48 
7 8 45 46 112 3 48 
7 8 45 46 112 3 48 
7 8 45 46 112 3 48 
7 8 45 46 112 3 48 
7 8 45 46 112 3 48 
7 8 45 46 112 3 48 
7 8 45 46 112 3 48 
7 8 45 46 112 3 48 
7 8 45 46 112 3 48 
7 8 45 46 112 3 48 
7 8 45 46 112 3 48 
7 8 45 46 112 3 48 
7 8 45 46 112 3 48 
7 8 45 46 112 3 48 
7 8 45 46 112 3 48 
7 8 45 46 112 3 48 
7 8 45 112 46 3 48 
7 8 45 46 112 3 48 
7 8 45 46 112 3 48 
7 8 45 46 112 3 48 
7 8 45 46 112 3 48 
7 8 45 46 112 3 48 
7 8 45 46 112 3 48 
7 8 45 46 112 3 48 
7 8 45 46 112 3 48 
7 8 45 46 112 3 48 
7 8 45 46 112 3 48 
7 8 45 46 112 3 48 
7 8 45 112 46 3 48 
7 8 45 46 112 3 48 
7 8 45 46 112 3 48 
7 8 45 46 112 3 48 
7 8 45 46 112 3 48 
7 8 45 46 112 3 48 
7 8 45 46 112 3 48 
7 8 45 46 112 3 48 
7 8 45 46 112 3 48 
7 8 45 46 112 3 48 
7 8 45 46 112 3 48 