7 8 134 10 
7 8 134 10 
7 8 134 10 
7 8 134 10 
16 7 8 19 134 10 
7 8 134 10 
7 8 134 10 
7 8 134 10 
7 8 134 10 
16 7 8 19 134 10 
7 8 134 10 
7 8 134 15 10 
7 8 134 10 
7 8 134 10 
7 8 134 10 
7 8 134 10 
7 8 134 10 
7 8 134 10 
16 7 8 19 134 10 
7 8 134 10 
7 8 134 10 
7 8 134 10 
7 8 134 10 
7 8 134 10 
7 8 134 10 
7 8 134 10 
7 8 134 10 
7 8 134 10 
7 8 134 10 
16 7 8 19 134 10 
7 8 134 10 
7 8 134 10 
7 8 134 10 
7 8 134 10 
7 8 134 10 
7 8 134 10 
7 8 134 10 
7 8 134 10 
7 8 134 10 
16 7 8 19 134 10 
16 7 8 19 134 10 
7 8 134 10 
7 8 134 10 
7 8 134 10 
7 8 134 10 
16 17 7 8 134 10 
7 8 134 10 
7 8 134 10 
7 8 134 10 
7 8 134 10 
7 8 134 10 
7 8 134 10 
7 8 134 10 
7 8 134 10 
7 8 134 10 
114 7 8 134 118 10 
7 8 134 10 
7 8 134 10 
7 8 134 10 
7 8 134 10 
7 8 134 10 
7 8 134 10 
7 8 134 10 
7 8 134 10 
7 8 134 10 
7 8 134 10 
7 8 134 10 
7 8 134 10 
7 8 134 10 
7 8 134 10 
7 8 134 10 
16 17 7 8 134 96 10 
7 8 134 10 
7 8 134 10 
7 8 134 10 
7 8 134 10 
7 8 134 10 
7 8 134 10 
16 7 8 19 134 10 
7 8 134 10 
7 8 134 10 
7 8 134 10 
7 8 134 9 10 
7 8 134 10 
16 7 8 19 134 10 
7 8 134 10 
7 8 134 10 
7 8 134 10 
7 8 134 10 
7 8 28 134 23 24 10 
7 8 134 10 
7 8 134 10 
7 8 134 10 
7 8 134 10 
7 8 134 10 
7 8 134 10 
7 8 134 10 
114 115 7 8 116 134 118 10 
7 8 134 10 
7 8 134 10 
7 8 134 10 
7 8 134 10 
7 8 20 134 10 
7 8 134 10 
7 8 134 10 
7 8 134 9 10 
7 8 134 10 
7 8 134 10 
16 17 7 8 134 10 
7 8 134 10 
7 8 134 10 
7 8 134 10 
16 17 7 8 134 10 
16 17 7 8 134 10 
7 8 134 10 
7 8 134 10 
7 8 134 10 
7 8 134 10 
7 8 134 10 
7 8 134 10 
7 8 134 10 
7 8 134 10 
7 8 134 10 
7 8 134 9 10 
7 8 134 10 
7 8 134 10 
7 8 134 10 
7 8 134 10 
7 8 134 10 
7 8 134 10 
7 8 134 10 
7 40 8 134 15 10 
7 8 134 10 
7 8 134 10 
7 8 134 10 
16 7 8 19 134 10 
7 8 134 10 
7 8 134 10 
16 7 8 19 134 10 
7 8 134 10 
16 17 7 8 134 10 
7 8 134 10 
7 8 134 10 
7 8 134 10 
7 8 134 10 
7 8 134 10 
7 8 134 10 
27 7 8 134 10 
7 8 134 10 
7 8 134 10 
7 8 134 10 
7 8 134 10 
7 8 134 10 
7 8 134 10 
7 8 134 10 
7 8 134 10 
7 8 134 10 
7 8 134 10 
7 8 134 9 10 
7 8 134 9 10 
7 8 134 10 
7 8 134 10 
7 8 134 10 
7 8 134 10 
7 8 134 9 10 
7 8 134 10 
7 8 134 10 
7 8 134 10 
7 8 134 10 
30 31 7 8 134 10 
7 8 134 9 10 
7 8 134 9 10 
7 8 134 9 10 
7 8 134 10 
7 8 134 10 
26 27 7 8 134 10 124 
7 8 134 10 
7 8 134 10 
16 7 8 19 134 10 
7 8 134 10 
7 8 134 10 
7 8 134 10 
7 8 134 10 
7 8 134 10 
7 8 134 10 
7 8 134 10 
7 8 134 10 
7 8 134 10 
7 8 134 10 
7 8 134 10 
7 8 134 10 
7 8 134 10 
7 8 134 10 
7 8 134 10 
7 8 134 10 
7 8 134 10 
7 8 134 10 
7 8 134 10 
114 7 8 134 118 10 
7 8 134 10 
7 8 134 10 
7 8 358 134 10 
7 8 134 10 
7 8 134 10 
7 8 134 10 
7 8 134 10 
7 8 134 10 
7 8 134 10 
7 8 134 10 
16 7 8 19 134 10 
7 8 134 10 
26 27 7 8 134 10 
7 8 134 10 
7 8 134 10 
7 8 134 10 
7 8 134 10 
7 8 134 10 
7 8 134 10 
7 8 134 10 
7 8 134 10 
7 8 134 10 
7 8 134 10 
7 8 134 10 
7 8 134 10 
16 17 7 8 134 10 
7 8 134 10 
7 8 134 10 
16 7 8 102 19 134 103 10 
16 17 7 8 134 10 
7 8 134 10 
7 8 134 10 
7 8 134 10 
16 17 7 8 134 10 
7 8 134 10 
7 8 134 10 
7 8 134 10 
7 8 134 10 
7 8 134 10 
7 8 289 134 10 290 
7 8 134 10 
7 8 134 10 
7 8 134 10 
7 8 134 10 
7 8 134 10 
7 8 134 10 
7 8 134 10 
7 8 134 10 
7 8 134 9 10 
7 8 134 10 
7 8 134 10 
7 8 134 10 
7 8 134 10 
7 8 134 9 10 
7 8 134 9 10 
7 8 134 10 
16 7 8 102 19 134 103 10 
7 8 134 10 
7 8 134 10 
7 8 134 10 
16 17 7 8 134 96 10 
7 8 134 10 
7 8 134 10 
7 8 134 10 
7 8 134 9 10 
7 8 134 10 
7 8 134 10 
7 8 134 10 
7 8 134 10 
7 8 134 10 
114 7 8 134 118 10 
16 17 7 8 134 10 
7 8 134 9 10 
7 8 134 10 
7 8 134 10 
7 8 134 9 10 
7 8 134 10 
12 7 8 134 9 10 
7 8 134 10 
7 8 134 10 
7 8 134 10 
7 8 134 10 
7 8 134 10 
7 8 134 10 
7 8 134 10 
7 8 134 10 
7 8 134 10 
7 8 134 10 
7 8 134 10 
16 17 7 8 134 10 
7 8 134 10 
7 8 134 10 
7 8 134 10 
7 8 134 10 
7 8 134 10 
7 8 134 10 
7 8 134 10 
7 8 134 10 
7 8 134 10 
7 8 134 10 
7 8 134 10 
7 8 134 10 
16 7 8 102 19 134 103 10 
7 8 134 10 
7 8 134 10 
7 8 134 10 
7 8 134 10 
7 8 134 10 
7 8 134 10 
7 8 134 10 
7 8 134 10 
7 8 134 10 
16 7 8 19 134 10 
7 8 134 10 
7 8 28 134 23 24 10 
7 8 134 10 
7 8 134 10 
7 8 134 10 
7 8 134 10 
7 8 134 10 
7 8 134 10 
16 17 7 8 134 10 
7 8 134 10 
16 17 7 8 134 10 
7 8 134 10 
7 8 134 10 
7 8 134 10 
7 8 134 10 
7 8 134 10 
7 8 134 10 
7 8 134 10 
7 8 134 9 10 
7 8 134 9 10 
7 8 134 10 
7 8 134 10 
7 8 134 10 
16 17 7 8 134 10 
7 8 134 10 
7 8 134 10 
7 8 134 10 
7 8 134 10 
7 8 134 10 
7 8 134 10 
7 8 134 10 
7 8 134 10 
7 8 134 10 
16 17 7 8 134 10 
7 8 134 10 
7 8 134 10 
16 17 7 8 134 10 
7 8 134 10 
7 8 134 10 
12 7 8 134 9 10 
7 8 134 10 
7 8 134 10 
7 8 134 10 
7 8 134 10 
16 7 8 134 10 
7 8 134 10 
16 17 7 8 134 10 
7 8 134 10 
16 17 7 8 134 10 
7 8 134 9 10 
7 8 134 10 
7 8 134 10 
7 8 134 10 
16 17 7 8 134 10 
7 8 134 10 
7 8 20 134 10 
16 7 8 102 19 134 103 10 
7 8 134 10 
7 8 134 10 
7 8 134 10 
7 8 134 10 
7 8 134 10 
7 8 134 10 
7 8 134 10 
7 8 134 10 
7 8 134 10 
16 17 7 8 134 10 
7 8 134 10 
7 8 134 10 
7 8 134 10 
7 8 134 10 
7 8 134 10 
7 8 134 10 
7 8 134 10 
7 8 134 10 
7 8 134 10 
7 8 134 10 
7 8 134 10 
7 8 134 10 
7 8 134 10 
7 8 134 10 
7 8 134 10 
7 8 134 10 
16 17 7 8 134 10 
7 8 134 10 
7 8 134 9 10 
7 8 134 10 
7 8 134 10 
7 8 134 10 
16 17 7 8 134 10 
7 8 134 10 
16 17 7 8 134 10 
7 8 134 10 
7 8 134 10 
7 8 134 10 
7 8 134 10 
7 8 134 10 
16 17 7 8 134 10 
16 17 7 8 134 10 
7 8 134 10 
16 17 7 8 134 10 
7 8 134 10 
7 8 134 10 
7 8 134 10 
16 17 7 8 134 10 
7 8 134 10 
7 8 134 10 
7 8 134 10 
7 8 134 10 
7 8 134 10 
7 8 134 10 
7 8 134 10 
7 8 134 10 
7 8 134 10 
7 8 134 10 
7 8 134 10 
7 8 134 10 
7 8 134 10 
7 8 134 10 
7 8 134 10 
7 8 134 10 
7 8 134 10 
16 17 7 8 134 10 
7 8 134 10 
7 8 134 10 
7 8 134 10 
7 8 134 10 
7 8 28 134 23 24 10 
7 8 134 10 
7 8 134 10 
7 8 134 10 
7 8 134 10 
7 8 134 10 
7 8 134 10 
7 8 134 10 
7 8 134 10 
7 8 134 10 
30 31 7 8 134 10 
7 8 134 10 
7 8 134 10 
7 8 134 10 
7 8 134 10 
7 8 134 10 
16 7 8 134 10 
7 8 134 10 
7 8 134 9 10 
7 8 134 10 
7 8 134 10 
16 17 7 8 134 10 
7 8 134 10 
7 8 134 10 
16 7 8 102 19 134 103 10 
7 8 134 10 
16 17 7 8 134 10 
16 17 7 8 134 96 10 
7 8 134 10 
7 8 134 15 10 82 
7 8 134 10 
7 8 134 9 10 
16 17 7 8 134 10 
7 8 134 10 
7 8 134 10 
16 7 8 19 134 10 
7 8 134 10 
7 8 134 10 
7 8 134 10 
7 8 134 10 
7 8 134 10 
7 8 134 10 
7 8 134 10 
7 8 134 10 
7 8 134 10 
7 8 134 10 
7 8 134 10 
7 8 134 10 
7 8 134 10 
7 8 134 10 
7 8 134 10 
16 17 7 8 134 10 
16 7 8 19 134 10 
16 17 7 8 134 10 
7 8 28 134 23 24 10 
7 8 134 10 
7 8 28 134 23 24 10 
7 8 134 10 
7 8 134 10 
16 17 7 8 134 10 
7 8 134 10 
7 8 28 134 23 24 10 
16 17 7 8 134 10 
7 8 134 10 
7 8 134 10 
7 8 134 10 
7 8 134 10 
7 8 134 10 
7 8 134 10 
7 8 28 134 23 24 10 
7 8 134 10 
7 8 134 10 
16 7 8 19 134 84 10 
7 8 134 10 
7 8 134 9 10 
7 8 134 10 
16 17 7 8 134 10 
26 27 7 8 134 10 
7 8 134 10 
7 8 134 10 
16 17 7 8 134 10 
7 8 134 10 
7 8 134 10 
7 8 134 10 
7 8 134 10 
7 8 134 10 
7 8 134 10 
16 7 8 102 19 134 103 10 
7 8 134 10 
7 8 134 10 
7 8 134 10 
7 8 134 10 
16 17 7 8 134 10 
7 8 134 10 
7 8 134 10 
16 17 7 8 134 10 
16 17 7 8 134 10 
7 8 134 10 
7 8 134 10 
7 8 134 10 
16 17 7 8 134 10 
16 17 7 8 134 10 
7 8 134 10 
7 8 134 10 
7 8 134 9 10 
7 8 134 10 
7 8 134 10 
7 8 134 10 
7 8 134 10 
7 8 134 10 
16 17 7 8 134 10 
7 8 134 10 
7 8 134 10 
7 8 134 10 
7 8 134 10 
7 8 134 10 
7 8 134 10 
7 8 134 10 
7 8 134 10 
7 8 134 10 
7 8 134 10 
7 8 134 10 
7 8 134 10 
7 8 134 10 
7 8 134 10 
7 8 134 10 
7 8 134 10 
114 7 8 134 118 10 
7 8 134 10 
7 8 134 10 
7 8 134 10 
7 8 134 10 
7 8 134 10 
7 8 134 10 
7 8 134 10 
7 8 134 10 
7 8 134 10 
7 8 134 10 
7 8 134 10 
7 8 134 10 
7 8 134 10 
7 8 134 10 
7 8 134 10 
7 8 134 10 
7 8 134 10 
7 8 134 10 
7 8 134 10 
7 8 134 10 
7 8 134 10 
7 8 134 9 10 
7 8 134 10 
16 17 7 8 134 10 
7 8 134 10 
7 8 134 10 
7 8 134 10 
7 8 134 10 
7 8 134 10 
7 8 134 10 
7 8 134 10 
7 8 134 10 
7 8 134 10 
7 8 134 10 
7 8 134 9 10 
7 8 134 10 
7 8 134 10 
16 17 7 8 134 10 
7 8 134 10 
7 8 134 10 
16 17 7 8 134 10 
16 17 7 8 134 10 
16 17 7 8 134 10 
7 8 134 10 
7 8 134 10 
7 8 134 10 
7 8 134 10 
7 8 134 10 
7 8 134 10 
7 8 134 10 
7 8 134 10 
7 8 134 10 
16 17 7 8 134 10 
16 17 7 8 134 10 
7 8 134 10 
16 17 7 8 134 10 
7 8 134 10 
7 8 134 10 
7 8 134 10 
7 8 134 10 
7 8 134 10 
16 17 7 8 134 10 
7 8 134 10 
7 8 134 10 
7 8 134 10 
16 17 7 8 134 10 
7 8 134 10 
7 8 134 10 
7 8 134 10 
7 8 134 10 
7 8 134 10 
7 8 134 10 
7 8 134 10 
7 8 134 10 
7 8 134 10 
7 8 134 10 
7 8 134 10 
16 17 7 8 134 10 
7 8 134 10 
7 8 134 10 
7 8 134 10 
7 8 134 10 
16 17 7 8 134 10 
7 8 134 10 
7 8 134 10 
7 8 131 134 10 
7 8 134 10 
7 8 134 10 
7 8 134 10 
7 8 134 10 
7 8 134 10 
7 8 134 10 
7 8 134 10 
7 8 134 10 
7 8 134 10 
7 8 134 9 10 
7 8 134 10 
7 8 134 10 
7 8 134 10 
32 16 17 7 8 33 134 10 
16 7 8 19 134 10 
16 17 7 8 134 10 
7 8 134 10 
7 8 134 10 
7 8 134 10 
16 17 7 8 134 10 
7 8 134 10 
16 7 8 19 134 10 
16 17 7 8 134 10 
7 8 134 10 
16 17 7 8 134 10 
7 8 134 10 
7 8 134 10 
7 8 134 10 
16 17 7 8 134 229 10 
7 8 134 10 
114 7 8 134 118 10 
7 8 134 10 
16 17 7 8 134 10 
7 8 134 10 
7 8 134 10 
16 17 7 8 134 10 
7 8 134 10 
7 8 134 10 
7 8 134 10 
16 17 7 8 134 10 
16 17 7 8 134 10 
7 8 134 10 
7 8 134 10 
7 8 134 10 
7 8 134 10 
7 8 134 10 
7 8 134 10 
7 8 134 10 
7 8 134 10 
7 8 134 10 
7 8 134 10 
7 8 134 10 
7 8 134 10 
16 17 7 8 134 10 
7 8 134 10 
7 8 134 10 
16 17 7 8 134 10 
7 8 134 10 
7 8 134 10 
7 8 134 10 
7 8 134 10 
7 8 134 10 
7 8 134 10 
16 17 7 8 134 10 
7 8 134 10 
7 8 134 10 
7 8 134 10 
7 8 134 10 
7 8 134 10 
7 8 134 10 
7 8 134 10 
7 8 134 10 
7 8 134 10 
7 8 134 10 
7 8 134 10 
7 8 134 10 
26 27 7 8 134 10 
7 8 134 10 
7 8 134 10 
7 8 134 10 
7 8 134 10 
7 8 134 10 
7 8 134 10 
7 8 134 10 
7 8 134 10 
7 8 134 10 
7 8 134 10 
7 8 134 10 
7 8 134 10 
16 17 7 8 134 10 
7 8 134 10 
16 7 8 102 19 134 103 10 
16 17 7 8 134 10 
16 17 7 8 134 10 
16 17 7 8 134 10 
7 8 134 10 
7 8 134 10 
16 17 7 8 134 10 
7 8 134 10 
7 8 134 10 
7 8 134 10 
7 8 134 10 
7 8 134 10 
7 8 134 10 
7 8 134 10 
7 8 134 10 
16 17 7 8 134 10 
7 8 134 10 
7 8 134 10 
7 8 134 10 
16 17 7 8 134 10 
16 17 7 8 134 10 
7 8 134 10 
16 17 7 8 134 10 
7 8 134 10 
114 7 8 134 118 10 
7 8 134 10 
7 8 134 10 
16 17 7 8 134 10 
16 17 7 8 134 10 
16 17 7 8 134 10 
7 8 134 10 
7 8 134 10 
7 8 134 10 
7 8 134 10 
32 16 17 7 8 33 134 10 
7 8 134 10 
7 8 134 10 
7 8 134 10 
7 8 134 10 
7 8 134 10 
16 17 7 8 134 10 
7 8 134 10 
7 8 134 10 
7 8 134 10 
7 8 134 10 
16 17 7 8 134 10 
7 8 134 10 
7 8 134 10 
7 8 134 10 
7 8 134 10 
7 8 134 10 
16 17 7 8 134 10 
16 17 7 8 134 10 
7 8 134 10 
7 8 134 10 
16 17 7 8 134 10 
7 8 134 10 
7 8 134 10 
7 8 134 10 
7 8 134 10 
7 8 134 10 
7 8 134 10 
7 8 134 10 
16 17 7 8 134 10 
7 8 134 10 
7 8 134 10 
16 17 7 8 134 10 
7 8 134 10 
7 8 134 10 
7 8 134 10 
7 8 134 10 
7 8 134 10 
7 8 134 10 
16 17 7 8 134 10 
7 8 134 10 
7 8 134 10 
7 8 134 10 
7 8 134 10 
7 8 134 10 
7 8 134 10 
7 8 134 10 
7 8 134 10 
7 8 134 9 10 
7 8 134 10 
7 8 134 10 
16 17 7 8 134 10 
7 8 134 10 
16 17 7 8 134 10 
7 8 134 10 
7 8 134 10 
7 8 134 10 
7 8 134 10 
16 17 7 8 134 10 
7 8 134 10 
32 16 17 7 8 33 134 10 
7 8 134 10 
16 17 7 8 134 10 
16 17 7 8 134 10 
7 8 134 10 
7 8 134 10 
7 8 134 10 
7 8 134 10 
7 8 134 10 
7 8 59 134 15 10 
7 8 134 10 
7 8 134 10 
7 8 134 10 
16 17 7 8 134 10 
7 8 134 10 
16 17 7 8 134 10 
7 8 134 10 
7 8 134 10 
7 8 134 10 
7 8 134 10 
7 8 134 10 
7 8 134 10 
7 8 134 10 
7 8 134 10 
16 7 8 102 19 134 103 10 
7 8 134 10 
7 8 134 10 
7 8 134 10 
7 8 134 10 
7 8 134 10 
7 8 134 10 
7 8 134 10 
16 17 7 8 134 10 
16 17 7 8 134 10 
7 8 134 10 
7 8 134 10 
7 8 134 15 10 
7 8 28 134 23 24 10 
7 8 134 10 
7 8 134 10 
7 8 134 10 
26 27 7 8 134 10 
16 17 7 8 134 10 
7 8 134 10 
7 8 134 10 
16 17 7 8 134 10 
7 8 134 10 
7 8 134 10 
7 8 134 10 
7 8 134 10 
7 8 134 10 
7 8 134 9 10 
7 8 134 10 
7 8 134 10 
7 8 134 10 
7 8 134 10 
16 7 8 102 19 134 103 10 
7 8 134 10 
7 8 134 10 
7 8 134 10 
7 8 134 10 
7 8 134 10 
7 8 134 10 
16 17 7 8 134 10 
16 17 7 8 134 10 
7 8 134 10 
7 8 134 10 
7 8 134 10 
7 8 134 10 
7 8 134 10 
16 17 7 8 134 10 
7 8 134 10 
7 8 134 10 
7 8 134 10 
7 8 134 10 
16 7 8 102 19 134 103 10 
7 8 134 10 
7 8 134 10 
7 8 134 10 
7 8 134 10 
7 8 134 10 
7 8 134 10 
16 17 7 8 134 10 
7 8 134 10 
7 8 134 10 
7 8 134 10 
7 8 134 10 
7 8 134 10 
7 8 134 10 
7 8 134 10 
7 8 134 10 
7 8 134 10 
7 8 134 10 
7 8 134 10 
7 8 134 10 
7 8 134 9 10 
7 8 134 10 
7 8 134 10 
7 8 134 10 
7 8 134 10 
7 8 134 10 
114 7 8 134 118 10 
16 17 7 8 134 10 
7 8 134 10 
7 8 134 10 
7 8 134 10 
16 17 7 8 134 10 
7 8 134 10 
7 8 134 10 
7 8 134 10 
7 8 134 10 
7 8 134 10 
7 8 134 10 
16 17 7 8 134 10 
16 17 7 8 134 10 
7 8 134 10 
7 8 134 10 
7 8 134 10 
7 8 134 10 
7 8 134 10 
7 8 134 10 
7 8 134 10 
7 8 134 10 
7 8 134 10 
7 8 134 10 
7 8 134 10 
7 8 134 10 
16 17 7 8 134 10 
7 8 134 10 
32 16 17 7 8 33 134 10 
7 8 134 10 
7 8 134 10 
7 34 8 15 134 35 10 
7 8 134 10 
7 8 134 10 
16 17 7 8 134 10 
7 8 134 10 
7 8 134 10 
7 8 134 10 
16 17 7 8 134 10 
7 8 134 10 
7 8 134 10 
7 8 134 10 
7 8 134 10 
7 8 134 10 
16 17 7 8 134 10 
7 8 134 10 
7 8 134 10 
7 8 134 10 
7 8 134 10 
16 7 8 102 19 134 103 10 
32 16 17 7 8 33 134 10 
7 8 134 10 
7 8 134 9 10 
16 7 8 102 19 134 103 10 
7 8 134 10 
16 17 7 8 134 10 
7 8 134 10 
7 8 134 10 
7 8 134 10 
7 8 134 10 
7 8 134 10 
7 8 134 10 
16 17 7 8 134 10 
7 8 134 10 