7 8 9 10 
7 8 9 10 
12 7 8 9 10 
18 7 8 9 10 
7 8 9 10 
7 8 9 10 
18 7 8 9 10 
7 8 9 10 
7 8 9 10 
18 7 8 9 10 
18 7 8 9 10 
7 8 9 10 
7 8 9 10 
7 8 9 10 
7 8 9 10 
18 7 8 9 10 
18 7 8 9 10 
18 7 8 9 10 
18 7 8 9 10 
18 7 8 9 10 
18 7 8 9 10 
18 7 8 9 10 
18 7 8 9 10 
18 7 8 9 10 
7 8 9 10 
18 7 8 9 10 
18 7 8 9 10 
18 7 8 9 10 
18 7 8 9 10 
18 7 8 9 10 
7 8 9 10 
7 8 9 10 
18 7 8 9 10 
7 8 9 10 
7 8 9 10 
18 7 8 9 10 
18 7 8 9 10 
7 8 9 10 
7 8 9 10 
18 7 8 9 10 
18 7 8 9 10 
12 7 8 9 10 
18 7 8 9 10 
18 7 8 9 10 
18 7 8 9 10 
18 7 8 9 10 
7 8 9 10 
18 7 8 9 10 
18 7 8 9 10 
18 7 8 9 10 
18 7 8 9 10 
18 7 8 9 10 
7 8 9 10 
18 7 8 9 10 
7 8 9 10 
7 8 9 10 
18 7 8 9 10 
18 7 8 9 10 
18 7 8 9 10 
7 8 94 9 10 
18 7 8 9 10 
7 8 9 10 
18 7 8 9 10 
7 8 9 10 
18 7 8 9 10 
18 7 8 9 10 
32 16 17 7 8 33 9 10 
7 8 9 10 
18 7 8 9 10 
18 7 8 9 10 
18 7 8 9 10 
18 7 8 9 10 
18 7 8 9 10 
18 7 8 9 10 
18 7 8 9 10 
7 8 9 10 
18 7 8 9 10 
7 8 9 10 
18 7 8 9 10 
18 7 8 9 10 
18 7 8 9 10 
18 7 8 9 10 
18 7 8 9 10 
18 7 8 9 10 
18 7 8 9 10 
18 7 8 9 10 
18 7 8 9 10 
18 7 8 9 10 
18 7 8 9 10 
18 7 8 9 10 
7 8 9 10 
18 7 8 9 10 
18 7 8 9 10 
18 7 8 9 10 
7 8 9 10 
18 7 8 9 10 
7 8 9 10 
18 7 8 9 10 
18 7 8 9 10 
18 7 8 9 10 
7 8 9 10 
7 8 9 10 
18 7 8 9 10 
7 8 9 10 
18 7 8 9 10 
18 7 8 9 10 
18 7 8 9 10 
18 7 8 9 10 
7 8 9 10 