77 7 20 9 10 
77 7 20 
77 20 
20 39 
26 27 77 7 20 
20 39 
77 20 
20 
16 77 17 20 70 
26 27 77 7 20 
77 20 
26 27 77 7 20 
77 34 20 15 35 
77 20 
77 20 
77 20 
77 34 20 15 35 
77 20 
77 20 
77 20 
77 20 
77 20 
77 20 
77 7 20 9 10 
77 20 
77 20 
77 20 
77 20 
77 34 20 15 35 
77 20 
13 77 20 14 15 
77 20 
77 7 20 9 10 
32 16 17 77 20 33 
77 20 
77 20 
77 20 
32 16 17 77 20 33 
77 20 
77 20 
77 20 
77 20 
77 20 
77 20 
32 16 17 77 20 33 
77 20 15 
32 16 17 20 33 
77 20 
77 20 
77 20 
77 20 
77 20 
77 20 78 
77 20 78 
26 27 77 7 20 
77 20 
77 20 
77 20 
26 27 77 7 20 
77 7 20 9 10 
77 20 
32 16 17 77 20 33 
77 20 
77 20 
77 20 
77 20 
77 20 
77 20 
77 20 
77 20 
77 20 
77 20 
77 20 
77 7 20 9 10 
77 20 
77 20 78 
77 20 
77 20 
77 20 
77 20 
77 20 
77 20 
77 20 
77 20 
77 20 
77 20 
77 7 20 
61 20 
20 39 
77 20 24 
89 90 20 
7 20 
34 20 15 35 
20 39 
77 20 
20 
20 39 
20 
7 20 
7 20 
20 39 
26 27 7 20 
20 39 
20 39 
20 
20 39 
20 
20 
20 39 
26 27 7 20 
77 20 
20 39 
20 
20 
60 20 
60 20 
60 20 
32 16 60 17 20 33 
60 20 
60 20 
60 20 
60 20 
60 20 
60 20 
60 20 
60 20 
60 20 
60 20 
60 20 
60 20 
60 20 
60 20 
60 20 
32 16 60 17 20 33 
60 20 
60 20 
60 20 
60 20 
60 20 
60 20 
60 20 
60 20 
60 20 
60 20 
60 20 
60 20 
60 20 
60 20 
60 20 
60 20 
60 20 
60 20 
60 20 
60 20 
32 16 60 17 20 33 
60 20 
60 20 
60 20 
60 20 
60 20 
60 20 
60 20 
60 20 
60 20 
60 20 
60 20 
60 20 
60 20 
60 20 
60 20 
60 20 
60 20 
60 20 
60 20 
60 20 
60 20 
26 27 60 7 20 
60 20 
60 20 
32 16 60 17 20 33 
60 20 
60 20 
60 20 
60 20 
60 20 
60 20 
60 20 
60 20 
60 20 
60 20 
60 20 
60 20 
60 20 
60 20 
60 20 
60 20 
60 20 
60 20 
60 20 
60 20 
60 20 
60 20 
60 20 
60 20 
60 20 
60 20 
60 20 
60 20 
60 20 
60 20 
60 20 
60 20 
60 20 
60 20 
60 20 
60 20 
60 20 
60 20 
60 20 
60 20 
60 20 
60 20 
60 20 
60 20 
60 20 
60 20 
60 20 
60 20 
60 20 
60 20 
60 20 
60 20 
60 20 
60 20 
60 20 
60 20 
60 20 
60 20 
60 20 
60 20 
60 20 
60 20 
60 20 
60 20 
60 20 
60 20 
60 20 
60 20 
60 20 
60 20 
60 20 
60 20 
60 20 
60 20 
60 20 
60 20 
60 20 
60 20 
60 20 
60 20 
60 20 
60 20 
60 20 
60 20 
60 20 
60 20 
60 20 
60 20 
60 20 
60 20 
60 20 
60 20 
60 20 
60 20 
60 20 
60 63 3 20 
60 20 
60 20 
60 20 
60 20 
60 20 
60 20 
60 20 
60 20 
60 20 
60 20 
60 20 
60 20 
60 20 
60 20 
60 20 
60 20 
32 16 60 17 20 33 
60 20 
60 20 
60 20 
60 20 
60 20 
60 20 
60 20 
60 20 
60 20 
60 20 
60 20 
60 20 
60 20 
60 20 
60 20 
60 20 
60 20 
60 20 
60 20 
60 20 
60 20 
42 27 60 7 20 57 43 
60 20 
60 20 
60 20 
60 20 
60 20 
60 20 
60 20 
60 20 
60 20 
60 20 
60 20 
60 20 
60 20 
60 20 
60 20 
32 16 60 17 20 33 
60 20 
60 20 
20 
60 20 
16 60 20 19 87 
60 20 
60 20 
61 20 
20 
25 20 
20 
20 
25 20 
16 36 37 20 38 19 
22 20 39 23 24 
20 
20 66 
20 66 
20 66 
20 66 
20 66 
16 17 20 66 
20 66 
16 17 20 66 
20 66 
20 66 
20 66 
20 66 
20 66 
20 66 
20 3 65 66 
20 3 65 66 
20 3 65 66 
16 17 20 66 
16 17 20 66 
20 66 
20 66 
20 3 65 66 
20 3 65 66 
20 66 
20 66 
16 17 20 66 
20 66 
20 66 
16 17 20 66 
20 66 
20 66 
20 66 
20 66 
20 66 
20 66 
20 
20 66 
20 66 
16 17 20 66 
20 66 
16 17 20 66 
20 66 
16 17 20 66 
16 17 20 66 
20 66 
16 17 20 66 
16 17 20 66 
20 66 
16 17 20 66 
20 66 
20 66 
16 17 20 66 
20 66 
20 66 
20 66 
20 66 
20 66 
20 66 
20 66 
16 17 20 66 
20 66 
20 3 65 66 
20 66 
20 3 65 66 
20 66 
20 66 
20 66 
20 66 
20 66 
20 66 
16 17 20 66 
16 17 20 66 
20 66 
16 17 20 66 
20 66 
20 66 
16 17 20 66 
20 66 
20 66 
20 66 
20 66 
16 17 20 66 
20 66 
20 3 65 66 
20 66 
20 3 65 66 
20 3 65 66 
20 66 
20 66 
20 66 
16 17 20 66 
20 66 
20 66 
20 66 
16 17 20 66 
20 66 
20 66 
16 17 20 66 
20 66 
16 17 20 66 
20 66 
20 66 
20 66 
20 66 
20 66 
20 66 
20 66 
20 66 
20 66 
20 66 
16 17 20 66 
20 66 
20 66 
16 17 20 66 
20 66 
16 17 20 66 
20 66 
20 66 
20 66 
20 66 
20 3 65 66 
20 66 
20 66 
20 66 
20 66 
16 17 20 66 
20 66 
20 66 
20 66 
20 66 
20 3 65 66 
16 17 20 66 
20 3 65 66 
16 17 20 66 
20 66 
20 66 
20 66 
16 17 20 66 
20 66 
20 66 
20 66 
20 66 
16 17 20 66 
20 66 
16 17 20 66 
20 66 
20 66 
20 66 
20 66 
20 66 
20 66 
20 66 
20 66 
20 66 
20 66 
20 66 
16 17 20 66 
20 66 
20 66 
20 66 
20 66 
20 66 
16 17 20 66 
20 66 
32 16 17 20 33 66 
20 66 
20 66 
20 66 
20 3 65 66 
20 66 
20 66 
7 20 66 
20 66 
20 66 
20 66 
20 66 
20 66 
20 66 
20 3 65 66 
20 66 
20 66 
20 66 
16 17 20 66 
20 66 
20 66 
20 3 65 66 
20 66 
20 66 
20 66 
20 66 
20 66 
20 66 
20 66 
20 66 
20 66 
20 66 
20 66 
20 66 
20 66 
20 66 
20 66 
20 66 
20 66 
16 17 20 66 
20 66 
7 20 9 10 
20 
20 
20 
20 
20 
20 
20 
20 
20 39 
20 
20 
20 
20 
20 
20 
20 
20 
1 20 
20 
20 
20 
20 
20 
1 20 
20 
20 
20 
20 
20 
20 
20 
20 
148 149 7 25 20 110 
25 20 28 23 24 
7 25 20 9 10 
77 20 
64 20 
20 
16 17 20 69 
20 3 65 66 
7 20 
20 
20 
16 20 39 
20 
20 
20 
26 27 7 20 
20 
20 
20 
20 
20 
29 20 
26 27 7 20 
20 
20 
20 
20 
20 3 
20 
20 
20 
20 
77 20 
20 
20 
20 
20 
20 
20 
20 
20 
29 20 39 
20 
20 
20 
20 
20 
20 
60 20 
22 20 39 23 24 
20 
20 
7 20 9 10 
7 20 
77 20 
20 
20 
16 17 20 69 
20 
26 27 7 20 
20 
20 
20 
20 
20 
20 
20 
20 
20 
20 
20 
20 
20 
20 
25 20 
58 20 
25 20 
26 27 7 25 20 
61 20 
16 61 17 20 
16 61 17 20 
61 20 
61 20 
61 20 
61 20 
61 20 
16 61 17 20 
61 20 
61 20 
61 20 
16 61 17 20 
16 61 17 20 
16 61 17 20 
16 61 17 20 
61 20 
61 20 
61 20 
61 20 
61 20 
61 20 
61 20 
61 20 
61 20 
61 20 
61 20 
61 20 
61 20 
61 20 
61 20 
61 20 
61 20 
61 20 
61 20 
61 20 
61 20 
61 20 
61 20 
61 20 
16 61 17 20 
61 20 
61 20 
61 20 
61 20 
61 20 
61 20 
61 20 
61 20 
61 20 
61 20 
61 20 
16 61 17 20 
61 20 
61 20 
61 20 
16 61 17 20 
61 20 
61 20 
61 20 
16 61 17 20 
16 61 17 20 
61 20 
61 20 
61 20 
61 20 
16 61 17 20 
61 20 
61 20 
61 20 
61 20 
61 20 
16 61 17 20 
16 61 17 20 
61 20 
61 20 
16 61 17 20 
61 20 
61 20 
16 61 17 20 
16 61 17 20 
61 20 
61 20 
67 16 61 37 20 19 68 
61 20 
61 20 
61 20 
61 20 
61 20 
61 20 
61 20 
16 61 17 20 
61 20 
61 20 
61 20 
61 20 
61 20 
61 20 
16 61 17 20 
61 20 
61 20 
61 20 
16 61 17 20 
61 20 
16 61 17 20 
61 20 
61 20 
61 20 
16 61 17 20 
61 20 
16 61 17 20 
61 20 
61 20 
16 61 17 20 
61 20 
16 61 17 20 70 
16 61 17 20 
16 61 17 20 
61 20 
61 20 
16 61 17 20 
61 20 
61 20 
61 20 15 
61 20 
61 20 
61 20 
61 20 
61 20 
61 20 
61 20 
61 20 
61 20 
20 39 
20 39 
20 39 
20 39 
20 39 
20 39 
20 39 
20 39 
20 39 
20 39 
20 39 
20 39 
20 39 
20 39 
20 39 
20 39 
20 39 
20 
64 20 
64 20 
20 
61 20 
61 20 
20 
61 20 
64 20 
61 20 
61 20 
61 20 
61 20 
61 20 
16 61 17 20 
61 20 
61 20 
61 20 
61 20 
16 61 17 20 
61 20 
26 27 7 20 
64 20 
20 
64 20 
64 20 
64 20 
16 61 17 20 
20 
64 20 
64 20 
16 61 17 20 69 
61 20 
61 20 
64 20 
20 
61 20 
16 61 17 20 69 
16 61 17 20 
61 20 
61 20 
61 20 
61 20 
61 20 
61 20 
61 20 
61 20 
61 20 
16 64 17 20 69 
16 61 17 20 69 
61 20 
61 20 
61 20 
20 
61 20 
61 20 
61 20 
61 20 15 
20 
58 20 
16 64 17 20 69 
22 20 39 23 24 
20 39 
20 39 
20 39 
20 
20 39 
20 39 
20 39 
20 
20 
26 27 7 20 39 
22 20 39 23 24 
20 39 
20 39 
20 39 
20 39 
7 46 20 39 51 
20 39 
20 39 
20 39 
20 39 
16 25 20 19 
7 20 39 
20 
13 20 39 15 
20 39 
22 20 39 23 24 
20 39 
20 
77 20 
77 20 
20 
20 39 
77 20 
16 77 17 20 69 
77 20 
64 20 
60 20 
20 
16 17 20 66 
61 20 
16 17 20 66 
61 20 
26 27 7 20 
76 20 3 65 
20 66 
20 66 
20 39 
16 61 17 20 
16 61 17 20 
20 39 
20 
76 20 
20 66 
20 39 
20 39 
20 39 
20 39 
20 39 
25 20 
20 
20 
20 
20 39 
7 46 20 39 51 
20 39 
20 39 
7 20 39 
20 39 
7 20 39 9 10 
77 20 39 
20 39 
7 46 20 51 
20 39 
20 39 
20 39 
20 39 
20 39 
20 39 
20 39 
20 
77 7 20 
64 20 
64 20 
64 20 
64 20 
64 20 
25 20 
64 25 20 
64 20 
64 20 
64 20 
64 20 
64 20 
64 20 
64 20 
64 20 
64 20 
64 20 
64 20 
64 20 
64 20 3 65 
64 20 
64 20 
77 20 
64 20 3 65 
64 20 
64 20 
64 20 
64 20 
64 20 
64 20 
64 20 
64 20 
64 20 
64 20 
64 20 
77 20 
64 20 
64 20 
64 20 
64 20 3 65 
64 20 
64 20 3 65 
64 20 
64 20 
64 20 
64 20 3 65 
64 20 
64 20 
64 20 
64 20 
64 20 
64 20 
64 20 
64 20 
64 20 
64 20 
64 20 
64 20 
64 20 
64 20 
64 20 
64 20 
64 7 20 
64 20 
64 20 
64 20 
64 20 
64 20 
64 20 
64 20 
64 20 
64 20 3 65 
64 20 
64 20 
64 20 
64 20 
64 20 
64 20 
64 20 3 65 
64 20 3 65 
64 20 
64 20 
64 20 
64 20 
64 20 
64 20 
64 20 
64 20 
64 20 
64 20 
64 20 3 65 
64 20 
64 20 3 65 
64 20 
64 20 
64 20 
64 7 45 112 46 20 48 
64 20 
64 7 45 112 46 20 48 
64 20 
64 20 
64 20 
64 7 45 112 46 20 48 
64 20 
64 20 
64 20 
64 20 
64 20 
64 20 
64 20 
64 20 
64 20 
64 20 
64 20 
64 20 
64 20 
64 20 
64 20 
64 20 
64 20 
64 20 
64 20 
64 20 
64 20 
64 20 
64 20 3 65 
64 20 
64 20 
64 20 
64 20 
64 20 
64 20 
64 20 
64 20 
64 20 
64 20 
64 20 
64 20 
64 20 
64 20 
64 20 
64 20 
64 20 3 65 
64 20 
64 20 
64 20 
64 20 
64 20 
64 20 
64 20 
64 20 
64 20 
64 20 
64 20 
64 20 
64 20 
64 20 
64 20 
64 20 
64 20 
64 20 
64 20 
64 20 
20 
20 
20 
64 20 
20 
20 
32 16 17 20 33 
64 20 
64 20 
64 20 
64 20 
16 17 20 69 66 
20 66 
20 39 
20 66 
20 39 
20 66 
20 
20 
20 
7 20 
16 17 20 
20 39 
20 39 
25 20 
20 
20 
20 
7 20 
20 
7 46 20 51 
26 27 7 20 
7 20 39 
20 39 
20 39 
20 39 
20 
50 20 3 
20 39 
20 39 
7 45 46 20 39 47 48 
20 39 
20 39 
20 39 
20 
20 39 
22 20 23 24 
20 39 
20 39 
20 39 
20 39 
20 
20 
20 
7 20 39 
7 20 
7 20 39 
20 39 
20 39 
20 39 
7 20 9 10 
20 
20 
16 20 
77 20 
26 27 77 7 20 
77 20 
77 20 
77 20 
77 20 
77 20 
20 
20 59 15 
20 3 
20 
20 
77 20 
20 
20 
7 20 
20 
20 
20 
25 20 
26 27 77 7 20 
20 
20 
26 27 77 7 20 
20 
20 
20 
20 
20 
77 20 
20 
20 
20 
32 16 17 20 33 
77 20 
20 
20 
20 78 
26 27 77 7 20 
26 27 7 20 
16 17 20 69 
77 20 
77 20 
77 20 
26 27 77 7 20 
77 20 
77 20 
77 7 20 9 10 
26 27 7 25 20 
77 20 
77 20 
77 20 
25 20 
7 20 9 10 
20 
26 27 7 25 20 
20 39 
16 17 20 62 
16 17 20 70 
20 
20 
7 20 39 
20 
20 
20 
77 20 
20 
20 39 
20 
20 
22 20 39 23 24 
20 
20 
77 20 
20 39 
7 20 39 
26 27 77 7 20 
26 27 77 7 20 
20 39 
77 20 
77 20 
20 39 
7 25 20 
77 20 
20 
20 
42 27 7 20 43 81 
20 
20 
20 
20 
20 
20 
20 
92 7 20 
7 20 
77 20 
20 
7 20 
20 
20 
40 20 15 
20 
20 
20 
20 
20 
40 20 15 
20 
20 
26 27 7 20 
20 
20 
20 
20 
77 20 
20 
20 
20 
77 20 
20 
77 20 
16 64 17 20 
16 17 20 56 
20 39 
32 16 17 20 33 
20 
77 20 
20 
77 7 20 
16 77 17 20 70 
20 
77 7 20 
77 20 
20 
7 20 
20 
20 
20 
20 
20 
20 
29 20 
20 
20 
20 
16 61 17 20 
61 20 
20 
20 
77 7 20 
20 
20 
20 
20 
16 61 17 20 
20 
20 
20 
20 
77 7 20 
20 
16 17 20 62 
20 
77 20 
20 39 
77 20 
20 39 
20 
25 20 
58 20 
58 20 
58 20 
58 20 
7 20 
58 20 
58 7 20 
58 20 
58 20 
20 
58 20 
58 20 
58 20 
58 20 
58 20 59 15 
58 20 
32 16 58 17 20 33 
20 
58 20 
58 20 
58 20 
58 20 
58 20 
58 20 
26 27 58 7 20 
58 20 
58 20 
20 
58 20 
32 16 58 17 20 33 
58 20 
58 20 
58 20 
58 20 
58 20 
20 
58 20 
58 20 
20 
58 20 
58 7 20 94 10 
58 20 
58 20 
58 20 
58 20 
58 20 
32 16 58 17 20 33 
58 20 
58 20 
58 20 
58 20 
58 20 
58 20 
20 
58 20 
58 20 
32 16 58 17 20 33 
58 20 
58 20 
58 20 
58 20 
58 20 
58 20 
58 20 
58 20 
58 20 
58 20 
32 16 58 17 20 33 
58 20 
32 16 58 17 20 33 
32 16 58 17 20 33 
58 20 
32 16 58 17 20 33 
58 20 
58 20 
32 16 17 20 33 
32 16 58 17 20 33 
58 20 
32 16 58 17 20 33 
32 16 58 17 20 33 
32 16 58 17 20 33 
32 16 58 17 20 33 
58 20 
58 20 
58 20 
58 20 
58 20 
58 20 
32 16 58 17 20 33 
58 20 39 
58 20 
58 20 
58 20 
58 20 
20 
58 20 
58 20 
32 16 58 17 20 33 
32 16 58 17 20 33 
32 16 58 17 20 33 
58 20 
32 16 58 17 20 33 
32 16 58 17 20 33 
58 20 
58 20 
58 20 
58 20 
58 20 
32 16 58 17 20 33 
58 20 
58 20 
58 20 
58 20 
32 16 58 17 20 33 
32 16 58 17 20 33 
32 16 58 17 20 33 
32 16 58 17 20 33 
32 16 58 17 20 33 
32 16 58 17 20 33 
32 16 58 17 20 33 
32 16 58 17 20 33 
32 16 58 17 20 33 
32 16 58 17 20 33 
58 20 
32 16 58 17 20 33 
32 16 58 17 20 33 
58 20 
32 16 58 17 20 33 
32 16 58 17 20 33 
32 16 58 17 20 33 
32 16 58 17 20 33 
32 16 58 17 20 33 
58 20 59 15 
32 16 58 17 20 33 
20 
20 
58 20 
32 16 58 17 20 33 
58 20 
58 20 
7 20 
20 
26 27 7 20 
26 27 7 20 
32 16 58 17 20 33 
58 20 
58 20 
58 20 
20 
58 20 
58 20 
58 20 
32 16 58 17 20 33 
58 20 
58 20 
58 20 
32 16 58 17 20 33 
32 16 58 17 20 33 
20 
58 20 
58 20 
20 
58 20 
32 16 76 17 20 33 
76 20 
76 20 
76 20 
32 16 76 17 20 33 
32 16 76 17 20 33 
76 20 
76 7 20 9 10 
76 7 20 9 10 
76 7 20 9 10 
76 20 
76 20 
76 20 
76 20 
32 16 76 17 20 33 
76 20 
7 20 9 10 
76 20 
76 20 
76 20 
20 
26 27 7 20 
76 20 
76 20 
77 7 20 9 10 
25 20 
20 
7 20 
77 20 
13 20 14 15 
20 
20 
20 39 
20 
77 7 20 
77 20 
20 
77 34 20 15 35 
20 
77 20 
77 7 20 
20 
77 20 
77 20 
20 
77 20 59 15 
77 20 
20 
77 7 20 
77 20 59 15 
20 
20 
77 20 
20 
20 
20 
77 7 20 
20 
7 20 
20 
7 20 
26 27 7 20 
20 
20 
20 
20 39 
20 39 
20 
7 20 39 
7 45 46 20 39 47 48 
7 45 46 20 47 48 
7 20 
7 45 46 20 47 48 
20 
20 15 
7 45 46 20 47 48 
20 
26 27 7 20 
20 39 
20 39 
20 39 
7 45 46 20 39 47 48 
16 17 20 69 72 
20 39 
20 15 
20 
20 
60 20 
13 20 15 
16 20 19 
77 20 15 
20 
77 7 20 9 10 
20 
20 
77 20 
20 
7 20 
20 39 
64 20 
64 34 20 15 35 
64 34 20 15 35 
25 20 
16 64 17 20 69 72 
64 20 
64 7 20 
64 20 
64 7 20 
64 7 20 
20 
64 7 20 9 10 
20 
64 20 
77 20 
20 
26 27 7 25 20 
77 20 
20 
20 
20 39 
20 
20 
20 
20 
20 
20 
20 
20 
20 
20 
7 20 
20 
20 
20 
20 
20 39 
20 39 
20 39 
41 42 27 7 20 39 43 
42 27 7 20 49 43 
20 39 
20 39 
20 
20 39 
42 27 7 20 57 43 
26 27 7 20 
20 
20 
32 16 17 77 20 33 
20 
42 27 7 20 39 57 43 
20 
20 39 
20 
20 39 
7 20 39 
20 39 
20 39 
20 39 
77 20 
7 20 
20 
20 
20 
20 
77 20 
77 20 
60 20 
20 66 
20 
20 
77 20 
20 66 
60 20 
20 66 
20 66 
20 39 
20 39 
7 46 20 39 51 
20 39 
20 66 
20 66 
20 
20 
41 42 27 7 20 43 
63 3 20 
20 39 
20 39 
20 
63 3 20 
77 7 20 
162 20 15 82 
61 20 
20 39 
61 20 
61 20 
20 66 
16 17 20 66 
61 20 
61 20 
20 66 
16 61 17 20 
20 
16 17 20 66 
61 20 
61 20 
20 66 
20 66 
20 66 
20 66 
61 20 
20 66 
20 66 
61 20 
61 20 
61 20 
20 66 
61 20 
20 66 
61 20 
20 66 
61 20 
61 20 
20 66 
16 61 17 20 62 
20 66 
61 20 
20 66 
20 66 
20 66 
20 66 
20 66 
20 66 
61 20 
20 66 
61 20 
61 20 
61 20 
61 20 
61 20 
20 39 
20 66 
20 66 
16 17 20 66 
20 39 
20 66 
61 20 
26 27 7 20 39 
61 20 
20 
20 66 
61 20 
20 3 65 66 
61 20 
61 20 
20 66 
20 66 
16 17 20 66 
20 3 65 66 
61 20 
61 20 
61 20 
61 20 
61 20 
20 66 
20 66 
16 17 20 66 
20 66 
16 17 20 70 66 
20 66 
20 66 
20 66 
61 20 
20 66 
20 66 
16 17 20 66 
16 17 20 66 
16 17 20 66 
16 17 20 66 
61 20 
16 61 17 20 
61 20 
20 
61 20 
20 66 
16 17 20 66 
61 20 
20 66 
20 66 
20 66 
20 66 
61 20 
16 61 17 20 
16 61 17 20 
61 20 
61 20 
16 61 17 20 
61 20 
61 20 
20 66 
61 20 
61 20 
20 66 
20 66 
61 20 
20 3 65 66 
16 17 20 66 
20 3 65 66 
61 20 
20 66 
61 20 
61 20 
61 20 
61 20 
16 61 17 20 
16 61 17 20 
16 61 17 20 
16 61 17 20 
16 61 17 20 
16 61 17 20 
1 20 66 
73 20 74 
61 20 
61 20 
61 20 
61 20 
20 66 
61 20 
20 66 
16 61 17 20 
61 20 
61 27 7 20 83 43 
20 66 
61 20 
61 20 
16 61 17 20 
20 66 
16 17 20 66 
16 17 20 66 
20 66 
61 20 
20 66 
16 61 17 20 
61 20 
16 61 17 20 
61 20 
20 66 
20 66 
61 20 
32 16 61 17 20 33 
61 20 
20 
32 16 17 20 33 
20 
20 
20 
25 20 
7 20 
25 20 
20 
77 20 
77 20 
77 20 
20 
20 39 
77 20 
77 20 
77 20 
77 20 
26 27 77 7 20 
20 39 
20 39 
16 36 37 20 38 19 
20 39 
20 
20 39 
77 20 
77 20 
20 39 
20 
20 
77 20 
77 20 
77 20 
20 39 
20 39 
20 
20 39 
20 39 
20 
20 
20 39 
20 
77 20 
58 20 
58 20 
58 20 59 15 
58 20 
58 20 
58 20 59 15 
20 
20 
20 
20 
58 20 
61 20 
61 20 
61 7 20 
61 20 
20 
61 7 20 
20 78 
61 20 
61 20 
61 20 
61 20 
61 20 
20 
61 20 
20 
61 20 
61 20 
61 20 
61 20 
20 
61 20 
61 20 
61 20 
29 61 20 
61 20 
61 20 
61 20 
61 20 
20 39 
20 
20 
34 20 15 35 
20 
20 
20 
20 
20 
7 20 
7 20 9 10 
20 
20 
20 
20 
20 
20 
7 20 
20 
20 
20 
7 20 
20 
20 
20 
20 
20 
20 39 
20 
20 39 
77 20 
26 27 77 7 20 
20 39 
20 
20 
16 17 20 
20 
42 27 77 7 20 43 81 
20 39 
77 20 
77 20 
77 7 20 
20 39 
20 
20 
20 
20 
7 46 20 51 
7 20 9 10 
20 
7 20 
7 20 9 10 
20 66 
16 64 17 20 69 
16 17 20 69 66 
58 7 20 
7 20 
20 
20 
32 16 17 20 33 
32 16 58 17 20 33 
77 20 
77 20 
20 
20 
20 3 
20 
20 
26 27 77 7 20 
60 77 20 
7 20 9 10 
77 20 
7 20 9 10 
7 20 9 10 
77 20 
20 
20 
20 
16 17 20 
20 39 
27 7 20 71 43 
20 
20 
27 7 20 
26 27 7 20 
26 27 7 20 
20 
20 15 82 
29 20 
20 15 
20 59 15 
77 7 20 9 10 
32 16 17 77 20 33 
27 7 20 95 
77 20 
20 
77 20 
20 
26 27 77 7 20 
20 
20 
20 
20 
77 20 
77 20 
20 
20 
20 
77 7 20 
20 
77 20 
20 
16 61 17 20 
20 
25 20 
58 20 
77 20 
20 
20 
77 20 
77 20 
29 20 
20 
20 
77 20 
20 
20 39 
20 
20 39 
77 20 
77 20 
20 
20 
20 
20 
20 
60 20 
25 20 
77 20 
77 7 20 9 10 
77 7 20 9 10 
20 
20 
20 66 
16 77 20 19 
77 20 
20 39 
77 34 20 15 35 
77 20 
77 20 
20 
77 20 
29 77 20 
77 20 
20 
25 20 
77 20 
26 27 77 7 20 
77 20 
77 20 
20 78 
20 
20 39 
77 20 
20 
20 39 
20 39 
20 39 
20 39 
20 39 
7 20 39 
20 39 
20 39 
20 
20 
20 
20 
20 39 
20 39 
20 39 
20 
26 27 7 20 
20 
20 
20 
20 39 
20 39 
20 39 
20 39 
20 
77 20 
20 39 
20 
20 39 
20 39 
20 
26 27 7 20 
20 39 
29 20 39 
20 39 
20 39 
77 20 
20 
7 20 
20 
20 
20 
20 
20 
7 20 39 
77 20 3 
77 20 
20 
61 42 27 7 20 43 81 
32 16 17 20 33 
20 3 65 66 
20 66 
20 66 
16 17 20 66 
20 66 
20 66 
32 16 17 20 33 66 
20 39 
20 
20 
20 
20 
77 20 
20 
26 27 7 20 
20 39 
20 39 
20 
29 20 
20 39 
20 
20 
20 39 
20 39 
20 39 
20 39 
20 39 
20 39 
20 39 
20 
25 20 
31 141 20 66 
32 16 17 20 33 
7 20 
77 20 
42 27 7 20 57 43 
20 
20 
20 
20 
32 16 60 17 20 33 
16 25 20 19 
20 
32 16 17 77 20 33 
16 77 20 19 
7 20 
26 27 7 20 
20 
20 39 
77 7 20 
20 
77 20 
7 20 39 
20 
20 
20 
20 
20 
16 20 39 
7 20 
64 7 20 
60 20 
26 27 7 20 
77 20 
20 
20 
32 16 17 20 33 
20 
20 
20 
20 
7 20 
20 
20 
20 39 
20 
7 20 
7 20 
20 
20 
20 
22 20 39 23 24 
20 39 
20 39 
20 39 
77 20 
77 7 20 
32 16 17 77 20 33 
20 
16 17 20 96 
77 20 
25 20 
25 20 
20 
22 20 39 23 24 
77 7 20 
20 39 
29 20 
20 39 
20 15 
20 39 
42 27 7 20 39 57 43 
20 39 
7 20 39 
20 39 
7 46 20 39 51 
20 
20 
20 39 
20 39 
20 39 
20 
26 27 7 20 
20 
20 
20 
20 
20 
20 
20 
7 20 39 
61 77 20 
61 20 
7 20 
7 20 
32 16 17 25 20 33 
20 39 
20 
20 
20 
20 
20 
20 
77 20 
20 
20 
7 20 
20 
20 39 
20 
20 3 65 66 
20 39 
20 39 
20 39 
20 39 
20 39 
20 
20 
20 
20 
85 20 86 
7 20 39 
20 39 
7 20 39 
7 20 39 
7 20 39 
20 
61 20 
20 
20 
7 20 
20 
20 
20 
20 
20 
20 
20 78 
20 
20 
20 
20 
20 
20 
20 
20 
20 
20 
20 39 
20 39 
77 20 
20 39 
20 39 
20 39 
20 39 
20 39 
20 39 
20 39 
20 39 
26 27 7 20 39 
20 39 
20 
20 
20 39 
20 66 
20 15 82 
77 20 
20 39 
77 20 
20 
20 
20 
20 
20 
7 25 20 
7 20 
20 
20 
20 
77 20 
20 
77 20 
32 16 17 77 20 33 
20 
20 15 82 
7 20 9 10 
20 
20 
20 
20 
58 60 20 
20 
20 
20 
20 
20 
20 
20 
20 
20 
20 
20 
20 
7 20 
20 39 
20 
20 39 
20 
20 39 23 24 55 
20 39 
7 46 20 91 
20 
20 
7 20 
20 
26 27 77 7 20 
20 
20 
29 20 
20 
7 20 9 10 
20 
7 20 9 10 
20 
20 
20 
20 
20 39 
20 
20 39 
25 20 
20 
77 20 
77 20 
7 20 
77 20 
7 46 20 39 51 
20 
20 
20 39 
20 
20 
61 7 20 
20 
7 46 20 51 
20 39 
61 20 
7 20 
20 
20 
7 20 9 10 
20 39 
26 27 7 20 
20 