106 107 24 
106 107 24 
109 7 106 107 24 110 
106 107 24 
106 107 24 
106 107 24 
106 107 24 
106 107 24 
106 107 24 
106 107 24 
106 107 24 
106 107 24 
106 107 24 
106 107 24 
106 107 24 
106 107 24 
106 107 24 
106 107 24 
106 107 24 
106 107 24 
106 107 24 
106 107 24 
106 107 24 
106 107 24 
106 107 24 
106 107 24 
106 107 24 
106 107 24 
106 107 24 
106 107 24 
106 107 24 
106 107 24 
106 107 24 
106 107 24 
106 107 24 
106 107 24 
106 107 24 
106 107 24 
106 59 107 24 15 
106 107 24 
106 107 24 
106 107 24 
106 107 24 
106 107 24 
106 107 24 
106 107 24 
106 107 24 
106 107 24 
106 107 24 
106 59 107 24 15 
106 107 24 
106 107 24 
106 107 24 
106 107 24 
106 107 24 
106 107 24 
106 107 24 
106 107 24 
106 107 24 
106 107 24 
106 107 24 