24 23 451 
24 23 451 
24 23 451 
24 23 451 
24 23 451 
24 23 451 
24 23 451 
24 23 451 
24 23 451 
24 23 451 
24 23 451 
24 23 451 
24 23 451 
24 23 451 
24 23 451 
24 23 451 
24 23 451 
24 23 451 
24 23 451 
24 23 451 
24 23 451 
24 23 451 
24 23 451 
24 23 451 
24 23 451 
24 23 451 
24 23 451 
24 23 451 
24 23 451 
24 23 451 
24 23 451 
24 23 451 
24 23 451 
24 23 451 
24 23 451 
24 23 451 
24 23 451 
24 23 451 
24 23 451 
24 23 451 
24 23 451 
24 23 451 
24 23 451 
24 23 451 
24 23 451 
24 23 451 
24 23 451 
24 23 451 
24 23 451 
24 23 451 
24 23 451 
24 23 451 
24 23 451 
24 23 451 
24 23 451 
24 23 451 
24 23 451 
24 23 451 
24 23 451 
24 23 451 
99 23 24 
152 24 23 153 451 55 
24 23 451 
24 23 451 
24 23 451 
24 23 451 
24 23 451 
24 23 451 
24 23 451 
24 23 451 
24 23 451 
24 23 451 
24 23 451 
24 23 451 
24 23 451 
24 23 451 
24 23 451 
24 23 451 
24 23 451 
24 23 451 
24 23 451 
24 23 451 
24 23 451 
24 23 451 
24 23 451 
24 23 451 
16 19 24 23 451 
24 23 451 
24 23 451 
24 23 451 
24 23 451 
24 23 451 
24 23 451 
24 23 451 
24 23 451 
24 23 451 
24 23 451 
24 23 451 
24 23 451 
24 23 451 
24 23 451 
24 23 451 
24 23 451 
24 23 451 
24 23 451 
24 23 451 
24 23 451 
24 23 451 
24 23 451 
24 23 451 
24 23 451 
24 23 451 
24 23 451 
24 23 451 
24 23 451 
24 23 451 
24 23 451 
24 23 451 
24 23 451 
24 23 451 
24 23 451 
24 23 451 
24 23 451 
24 23 451 
24 23 451 
24 23 451 
24 23 451 
24 23 451 
24 23 451 
24 23 451 
16 19 24 23 451 
24 23 451 
24 23 451 
24 23 451 
24 23 451 
24 23 451 
24 23 451 
24 23 451 
24 23 451 
24 23 451 
24 23 451 
24 23 451 
24 23 451 
24 23 451 
152 452 24 23 153 55 
24 23 451 
24 23 451 
24 23 451 
24 23 451 
24 23 451 
24 23 451 
99 23 24 
24 23 451 
24 23 451 
24 23 451 
152 452 24 23 153 55 
24 23 451 
24 23 451 
24 23 451 
24 23 451 
152 452 24 23 153 55 
24 23 451 
24 23 451 
24 23 451 
24 23 451 
99 23 24 
24 23 451 
24 23 451 
24 23 451 
24 23 451 
24 23 451 
24 23 451 
24 23 451 
24 23 451 
24 23 451 
24 23 451 
24 23 451 
24 23 451 
24 23 451 
24 23 451 
24 23 451 
24 23 451 
24 23 451 
24 23 451 
24 23 451 
24 23 451 
24 23 451 
24 23 451 
152 452 24 23 55 
24 23 451 
24 23 451 
24 23 451 
24 23 451 
24 23 451 
24 23 451 
24 23 451 
24 23 451 
24 23 451 
24 23 451 
24 23 451 
24 23 451 
24 23 451 
24 23 451 
24 23 451 
24 23 451 
24 23 451 
152 251 452 24 23 55 
24 23 451 
24 23 451 
24 23 451 
24 23 451 
24 23 451 
24 23 451 
24 23 451 
24 23 451 
24 23 451 
152 452 24 23 153 55 
24 23 451 
24 23 451 
24 23 451 
24 23 451 
24 23 451 
24 23 451 
24 23 451 
99 23 24 
24 23 451 
24 23 451 
24 23 451 
24 23 451 
24 23 451 
24 23 451 
24 23 451 
24 23 451 
24 23 451 
24 23 451 
24 23 451 
24 23 451 
24 23 451 
24 23 451 
24 23 451 
24 23 451 
99 23 24 
152 452 24 23 55 
24 23 451 
24 23 451 
24 23 451 
24 23 451 
24 23 451 
24 23 451 
24 23 451 
24 23 451 
24 23 451 
24 23 451 
152 452 24 23 55 
24 23 451 
24 23 451 
24 23 451 
24 23 451 
24 23 451 
24 23 451 
24 23 451 
24 23 451 
24 23 451 
24 23 451 
24 23 451 
24 23 451 
24 23 451 
152 452 24 23 55 
24 23 451 
24 23 451 
24 23 451 
24 23 451 
24 23 451 
24 23 451 
24 23 451 
99 23 24 
24 23 451 
24 23 451 
24 23 451 
24 23 451 
24 23 451 
24 23 451 
24 23 451 
24 23 451 
24 23 451 
99 23 24 15 147 
24 23 451 
24 23 451 
99 59 23 24 15 
24 23 451 
24 23 451 
99 23 24 
24 23 451 
24 23 451 
24 23 451 
24 23 451 
99 23 24 
24 23 451 
24 23 451 
24 23 451 
24 23 451 
152 452 24 23 55 
24 23 451 
16 17 99 23 24 96 
24 23 451 
99 23 24 
24 23 451 
24 23 451 
24 23 451 
24 23 451 
24 23 451 
99 23 24 
24 23 451 
24 23 451 
99 23 24 55 
152 452 24 23 55 
24 23 451 
24 23 451 
99 23 24 
16 24 23 451 
24 23 451 
16 24 23 451 
99 23 24 
24 23 451 
24 23 451 
24 23 451 
99 23 24 
24 23 451 
24 23 451 
24 23 451 
99 23 24 55 
16 19 24 23 451 
24 23 451 
145 99 23 24 
24 23 451 
24 23 451 
24 23 451 
24 23 451 
152 452 24 23 55 
152 452 24 23 55 
152 452 24 23 55 
24 23 451 
16 19 99 23 24 
24 23 451 
99 23 24 
99 23 24 
99 23 24 
99 23 24 
24 23 451 
24 23 451 
24 23 451 
7 99 23 24 10 
24 23 451 
99 23 24 
24 23 451 
24 23 451 
24 23 451 
99 23 24 
24 23 451 
24 23 451 
16 17 99 23 24 
16 19 99 23 24 
24 23 451 
24 23 451 
99 23 24 
24 23 451 
99 59 23 24 15 
24 23 451 
24 23 451 
24 23 451 
99 23 24 
152 452 24 23 55 
152 452 24 23 55 
152 452 24 23 55 
24 23 451 
27 7 99 23 24 187 
99 23 24 15 
16 19 99 23 24 
99 23 24 55 
16 17 24 23 451 
24 23 451 
99 23 24 
99 23 24 
99 23 24 
99 23 24 55 
99 23 24 55 
24 23 451 
99 23 24 
32 16 17 33 99 23 24 
24 23 451 
99 59 23 24 15 
16 17 99 23 24 
99 23 24 55 
16 17 122 101 99 23 24 
24 23 451 
99 23 24 55 
99 23 24 55 
99 23 24 
24 23 451 
24 23 451 
99 23 24 
99 23 24 55 
24 23 451 
99 23 24 
24 23 451 
99 59 23 24 15 
24 23 451 
16 99 23 24 
99 59 23 24 15 
7 99 23 24 
99 23 24 
24 23 451 
99 59 23 24 15 
24 23 451 
27 7 99 23 24 187 
145 99 23 24 
24 23 451 
152 24 23 153 451 55 
99 23 24 
99 23 24 
99 59 23 24 15 
16 17 24 23 451 
24 23 451 
99 23 24 
24 23 451 
24 23 451 
152 99 23 24 55 
99 23 24 55 
99 23 24 55 
99 59 23 24 15 
99 23 24 
16 17 99 23 24 
99 23 24 55 
99 23 24 
24 23 451 
99 23 24 
24 23 451 
99 23 24 55 
24 15 23 147 451 
27 7 99 23 24 187 
99 23 24 
24 23 451 
99 23 24 291 
99 23 24 15 
16 17 99 23 24 
136 99 23 24 137 55 
162 99 23 24 15 82 
162 99 23 24 15 82 
162 99 23 24 15 82 
99 23 24 
152 99 23 24 55 
24 23 451 
16 19 99 23 24 123 
24 23 451 
99 23 24 
99 23 24 
24 23 451 
24 23 451 
99 23 24 
24 23 451 
162 99 23 24 15 82 
99 23 24 
27 7 24 23 451 
27 7 24 23 451 
24 23 451 
24 23 451 
16 17 24 23 451 
24 23 451 
24 23 451 