16 52 19 174 175 
52 59 174 15 175 
52 174 175 
52 174 15 175 82 
52 174 175 
26 27 7 52 174 175 
52 174 175 
52 174 175 
52 174 175 
52 174 175 
52 174 15 175 82 
52 174 175 
52 3 163 174 175 
52 174 175 
52 174 15 175 82 
52 174 15 175 82 
52 174 175 
52 174 175 
52 174 175 
52 174 175 
16 52 19 174 175 
52 174 175 
52 174 175 
52 174 15 175 82 
52 174 15 175 82 
52 174 175 
52 174 15 175 82 
52 174 175 
52 174 175 
52 174 175 
52 174 175 
52 3 174 175 
52 174 175 
52 174 175 
52 174 15 175 82 
52 174 175 
52 174 175 
52 174 15 175 82 
52 174 175 
52 174 175 
52 174 175 
52 174 175 
52 174 175 
52 174 175 
52 174 15 175 82 