16 17 62 
16 166 17 62 
16 17 62 
16 17 62 
16 17 62 
16 17 62 
16 17 62 
16 17 62 
16 17 62 
16 17 62 
16 166 17 62 
16 17 62 
16 17 62 
16 17 62 
16 166 17 62 
16 166 17 62 
16 17 62 
16 17 62 
16 17 62 
16 166 17 62 
16 166 17 62 
16 17 62 
16 17 62 419 
16 17 62 
16 17 62 
16 17 19 62 
16 17 62 
16 17 162 15 62 82 
16 17 62 
16 17 62 
16 17 62 
16 17 62 
16 166 17 62 
16 17 19 62 
16 17 62 
16 17 62 
16 17 62 
16 17 62 
16 26 27 17 7 62 
16 17 62 
16 17 62 
16 17 62 
16 17 62 
16 17 62 
16 17 62 
16 17 19 62 
16 17 62 
16 17 62 
16 17 62 
16 166 17 62 
16 17 62 
16 17 62 
16 17 62 
16 17 62 
16 17 62 
16 17 62 
16 17 62 
16 166 17 62 
16 17 62 
16 17 62 
16 17 62 
16 17 62 
16 17 62 
16 17 62 
16 17 62 
16 17 62 
16 166 17 62 
16 17 62 
16 17 62 
16 17 62 
16 17 62 
16 17 62 
16 17 62 
16 17 62 
16 17 62 
16 17 62 
16 17 62 
16 17 62 
16 166 17 62 
16 17 62 
16 17 62 
16 17 62 
16 17 62 
16 32 17 33 62 
16 166 17 62 
16 166 17 62 
16 17 62 
16 166 17 62 
16 17 62 
16 17 62 
16 17 62 
16 17 62 
16 166 17 62 
16 17 62 
16 166 17 62 
16 17 62 
16 17 62 
16 17 62 
16 166 17 62 
16 17 62 
16 166 100 17 101 62 
16 17 62 
16 17 62 
16 166 17 62 
16 17 15 62 
16 17 62 
16 17 62 
16 17 62 
16 17 62 
16 17 62 
16 17 62 
16 17 62 
16 17 62 
16 17 62 
16 17 62 
16 17 62 419 
16 17 62 
16 17 62 
16 17 62 
16 17 62 
16 17 62 
16 17 62 
16 17 62 
16 17 19 62 
16 17 62 419 
16 17 62 
16 17 19 62 
16 17 62 
16 166 17 62 
16 17 62 
16 17 62 
16 17 62 
16 17 62 
16 17 62 
16 166 17 62 
16 17 62 
16 166 17 62 
16 17 62 
16 17 62 
16 17 62 
16 17 62 
16 17 62 419 
16 17 62 
16 17 62 
16 17 62 
16 17 62 
16 17 62 
16 17 62 419 
16 17 62 
16 17 62 
16 17 62 
16 166 17 62 
16 17 62 
16 17 62 
16 27 17 7 62 
16 17 62 
16 17 62 
16 17 62 
16 17 62 
16 17 62 
16 17 62 
16 17 62 
16 17 70 62 
16 17 62 
16 17 62 
16 17 62 
16 17 62 
16 17 62 
16 17 62 
16 17 62 
16 17 62 
16 17 62 
16 166 17 62 
16 17 62 
16 17 62 
16 17 62 
16 17 19 62 
16 17 62 
16 17 62 
16 17 62 
16 17 62 
16 17 62 
16 17 62 
16 17 62 
16 17 62 
16 17 19 62 
16 17 62 
16 17 62 
16 17 62 
16 17 62 
16 17 62 
16 17 62 419 
16 17 62 
16 17 3 163 62 
16 17 62 
16 166 17 62 
16 17 62 
16 17 19 62 
16 17 62 
16 17 62 419 
16 166 109 17 7 110 62 
16 17 62 
16 17 62 
16 17 62 
16 17 62 
16 166 17 62 
16 17 62 
16 17 62 
16 17 62 
16 17 62 
16 17 62 
16 17 62 
16 17 62 
16 17 62 
16 17 62 
16 17 62 
16 17 62 
16 17 52 62 53 
16 17 62 
16 17 62 
16 166 17 62 
16 17 62 
16 166 17 62 
16 17 62 
16 17 62 
16 17 62 
16 17 62 
16 17 62 
16 17 62 
16 17 62 
16 17 62 
16 17 62 
16 17 62 
16 93 73 17 74 62 
16 17 62 
16 17 62 
16 17 62 
16 17 62 
16 17 62 
16 166 17 62 
16 17 19 62 
16 17 62 419 
16 17 62 
16 17 62 
16 17 62 
16 17 62 
16 17 62 
16 17 62 
16 17 62 
16 17 62 
16 17 62 
16 17 62 
16 17 62 
16 17 62 
16 17 62 
16 17 62 
16 17 62 
16 17 62 
16 17 62 
16 17 62 
16 17 62 
16 17 62 
16 17 62 
16 17 62 
16 17 62 
16 17 62 
16 17 62 
16 17 52 62 
16 1 17 62 
16 17 62 
16 17 62 419 
16 17 62 
16 17 62 
16 17 3 65 62 419 
16 26 27 17 7 62 
16 17 62 
16 17 62 
16 17 62 
16 17 62 
16 17 62 
16 17 62 
16 17 62 
16 17 62 
16 17 62 
16 17 62 
16 26 27 17 7 62 
16 17 62 
16 17 62 
16 17 62 
16 17 3 65 62 419 
16 17 19 62 
16 17 62 
16 166 17 62 
16 17 62 
16 17 19 62 
16 17 62 
16 17 62 
16 17 62 
16 166 17 62 
16 17 62 
16 166 17 62 
16 166 17 62 
16 17 62 
16 17 19 62 
16 17 62 
16 17 62 
16 17 62 
16 17 62 
16 17 62 
16 166 17 62 
16 32 166 17 33 62 
16 166 17 62 
16 17 62 
16 17 62 
16 166 17 62 
16 17 62 
16 17 62 
16 17 62 
16 17 62 
16 17 62 
16 17 62 
16 17 62 
16 17 62 
16 17 62 
16 17 62 
16 17 62 
16 17 62 
16 166 100 17 101 62 
16 17 62 
16 166 17 62 
16 17 62 
16 17 62 
16 17 62 
16 17 62 
16 17 62 
16 17 62 
16 17 62 
16 17 62 
16 166 17 62 
16 17 62 
16 17 62 
16 17 62 
16 17 62 
16 17 62 
16 17 62 
16 17 62 
16 17 62 
16 166 17 62 
16 30 17 31 62 
16 17 62 
16 17 62 
16 17 62 
16 17 62 
16 17 62 
16 17 19 62 
16 17 62 
16 166 17 62 
16 17 62 
16 17 19 62 
16 17 62 
16 17 62 
16 17 62 
16 17 62 
16 17 62 
16 17 62 
16 17 19 62 
16 17 62 
16 17 62 
16 166 17 62 
16 17 62 
16 17 62 
16 17 62 
16 17 62 
16 17 62 
16 17 62 
16 17 62 
16 17 62 
16 17 19 62 
16 17 19 62 
16 17 62 
16 17 62 
16 17 62 
16 17 62 
16 166 17 62 
16 17 62 
16 17 62 
16 17 62 
16 17 62 
16 17 62 
16 17 62 
16 17 62 
16 17 62 
16 17 62 
16 17 62 419 
16 17 62 
16 166 17 62 
16 17 62 
16 17 19 62 
16 17 62 
16 17 62 
16 17 62 
16 17 62 
16 166 17 62 
16 17 62 
16 17 62 
16 17 62 
16 17 62 
16 17 62 
16 166 17 62 
16 17 62 
16 17 62 
16 17 62 
16 17 62 
16 166 17 62 
16 166 17 62 
16 17 62 
16 17 62 
16 17 62 
16 17 62 
16 17 62 
16 17 62 
16 166 17 62 
16 17 62 
16 17 62 
16 17 62 
16 166 17 62 
16 17 62 
16 17 62 
16 17 62 419 
16 17 62 
16 17 62 
16 17 62 
16 17 62 
16 17 62 
16 17 62 
16 17 62 
16 17 62 
16 17 62 
16 17 62 419 
16 17 62 
16 17 62 
16 17 62 
16 17 62 
16 17 62 
16 17 62 
16 17 62 
16 17 62 
16 17 62 
16 166 17 62 
16 17 62 
16 17 19 62 
16 17 62 
16 17 62 
16 166 17 62 
16 17 62 419 
16 17 62 
16 17 62 
16 17 62 
16 17 62 
16 32 17 33 62 
16 17 62 
16 17 62 419 
16 166 17 69 62 
16 17 62 
16 17 62 
16 17 62 
16 17 62 
16 17 62 
16 17 62 
16 17 62 
16 17 62 
16 17 62 
16 17 62 
16 17 62 
16 17 62 
16 17 62 
16 17 62 
16 17 62 
16 17 62 
16 17 62 
16 17 62 
16 17 62 
16 17 62 
16 17 62 
16 166 17 62 
16 17 62 
16 17 62 
16 166 17 19 62 
16 17 62 
16 17 62 
16 17 62 
16 17 62 
16 17 62 
16 17 62 
16 166 17 62 
16 166 17 62 
16 166 17 62 
16 17 62 
16 17 62 
16 17 62 
16 166 17 62 
16 17 62 
16 17 62 
16 17 62 
16 17 62 
16 17 62 
16 17 62 
16 17 62 
16 166 17 62 
16 17 62 
16 17 62 
16 17 62 
16 17 62 
16 17 62 
16 17 62 
16 17 62 
16 166 17 62 
16 17 62 
16 166 17 62 
16 17 62 
16 17 62 
16 17 62 
16 17 62 
16 32 17 33 62 
16 17 62 
16 17 62 
16 17 62 
16 17 62 
16 17 62 
16 17 62 
16 32 17 33 62 
16 17 62 
16 17 62 
16 17 62 
16 17 62 
16 166 17 62 
16 17 15 62 
16 17 62 
16 17 62 
16 17 62 
16 26 27 17 7 88 62 
16 17 62 
16 17 62 
16 17 62 
16 17 62 
16 17 19 62 
16 17 62 
16 17 62 
16 17 62 
16 17 62 
16 17 62 
16 17 62 
16 17 62 
16 17 62 
16 17 7 62 
16 17 62 
16 17 62 
16 17 62 
16 17 62 
16 17 62 
16 17 62 
16 17 62 
16 17 62 
16 17 62 
16 17 62 
16 17 62 
16 17 62 
16 166 17 62 
16 17 62 
16 17 62 
16 17 62 
16 17 62 
16 166 17 62 
16 17 62 
16 17 62 
16 17 62 
16 26 27 17 7 165 62 
16 166 17 62 
16 17 62 
16 17 62 
16 166 17 62 
16 166 17 62 
16 17 62 
16 166 17 62 
16 32 166 17 33 62 
16 17 62 
16 17 62 
16 17 62 
16 17 62 
16 166 17 62 
16 166 17 62 
16 166 17 62 
16 17 62 
16 17 19 62 
16 17 62 
16 17 62 
16 17 62 
16 17 62 
16 17 62 
16 166 17 62 
16 17 3 163 62 
16 17 62 
16 17 62 
16 17 62 
16 17 62 
16 17 62 
16 17 62 
16 17 62 
16 17 62 
16 17 62 419 
16 17 62 
16 166 17 62 
16 17 62 
16 17 62 
16 17 62 
16 17 62 
16 17 62 
16 166 17 62 
16 17 62 
16 32 17 33 62 
16 17 62 
16 17 62 
16 17 62 
16 166 17 62 
16 17 62 
16 17 62 
16 17 19 62 
16 17 62 
16 166 17 62 
16 166 17 62 
16 17 62 
16 17 62 
16 17 62 
16 17 122 101 62 
16 166 17 62 
16 17 62 
16 17 62 
16 17 62 
16 17 62 
16 17 62 
16 17 62 
16 17 62 
16 17 62 
16 17 62 
16 17 62 
16 17 62 
16 17 62 
16 17 62 
16 17 62 
16 17 62 
16 17 62 
16 17 62 419 
16 17 62 
16 17 62 
16 17 19 62 
16 17 62 
16 17 62 
16 17 62 
16 17 160 34 15 62 171 
16 166 17 62 
16 17 62 
16 17 62 
16 17 62 
16 17 62 
16 17 62 
16 17 62 
16 17 62 
16 17 19 62 
16 17 62 
16 17 62 
16 17 62 
16 17 62 
16 17 62 
16 17 62 
16 17 62 
16 17 62 
16 17 62 
16 166 17 62 
16 17 62 
16 17 62 
16 17 62 
16 17 62 
16 17 62 
16 166 17 62 
16 17 62 
16 17 62 
16 166 17 62 
16 17 62 
16 17 62 
16 166 17 62 
16 166 17 62 
16 17 62 
16 17 62 
16 17 62 
16 17 62 
16 17 62 
16 166 17 62 
16 32 17 33 62 
16 17 62 
16 166 17 62 
16 17 62 
16 17 62 
16 166 17 62 
16 166 17 62 
16 1 17 62 
16 17 62 
16 17 62 
16 17 62 
16 166 17 62 
16 17 62 
16 17 62 
16 17 62 
16 17 19 62 
16 17 62 
16 17 62 
16 166 17 62 
16 17 62 
16 17 62 
16 17 62 
16 17 62 
16 17 19 62 
16 17 62 
16 166 17 7 62 
16 166 17 62 
16 166 17 62 
16 166 17 62 
16 32 166 17 33 62 
16 17 62 
16 17 62 
16 100 17 101 62 
16 17 62 
16 17 62 
16 17 62 
16 17 62 
16 17 62 
16 17 62 
16 17 62 
16 17 62 
16 17 19 62 
16 17 62 
16 17 62 
16 17 62 
16 17 62 
16 17 62 
16 17 62 
16 17 62 
16 17 62 
16 17 62 
16 17 62 
16 166 17 62 
16 17 62 
16 17 62 
16 17 62 
16 17 62 
16 17 62 419 
16 17 62 419 
16 166 17 62 
16 17 62 
16 17 62 419 
16 17 62 
16 17 62 
16 17 62 
16 17 62 
16 166 17 62 
16 17 62 
16 17 62 
16 17 62 
16 17 62 
16 17 62 
16 166 17 24 62 
16 17 62 
16 17 62 
16 17 62 
16 17 62 
16 17 62 
16 17 62 
16 17 62 
16 17 62 
16 17 62 
16 17 62 
16 17 62 
16 17 62 
16 17 62 
16 17 19 62 
16 17 62 
16 17 62 
16 17 62 
16 17 7 62 10 
16 17 19 62 
16 17 62 
16 17 62 
16 17 62 
16 17 62 
16 17 62 
16 17 62 
16 17 62 
16 166 17 62 
16 166 17 62 
16 166 17 62 
16 17 62 
16 17 62 
16 17 62 
16 17 62 
16 17 62 
16 17 62 
16 17 62 
16 17 15 62 82 
16 17 62 
16 17 62 
16 17 62 
16 17 62 419 
16 17 62 
16 17 62 
16 17 62 
16 17 62 
16 17 62 
16 17 62 
16 17 62 
16 17 62 
16 17 62 
16 17 62 
16 17 62 
16 32 166 17 33 62 
16 17 62 
16 17 62 
16 17 62 
16 166 17 62 
16 166 17 62 
16 17 62 
16 17 62 
16 17 62 
16 17 62 
16 17 62 
16 17 62 
16 17 62 
16 17 62 
16 32 17 33 62 
16 17 62 
16 17 62 
16 17 62 
16 166 17 62 
16 17 62 
16 17 62 
16 17 62 
16 17 62 
16 17 62 
16 26 27 17 7 165 62 
16 166 17 62 
16 17 62 
16 17 62 
16 17 62 
16 17 62 
16 17 62 
16 17 62 
16 17 62 
16 17 62 
16 17 62 
16 17 62 
16 17 62 
16 17 62 
16 17 62 
16 17 102 19 62 103 
16 17 62 
16 17 19 62 
16 17 19 62 
16 17 62 
16 17 19 62 
16 17 62 
16 166 17 62 
16 17 62 
16 17 62 
16 17 62 
16 17 62 
16 17 62 
16 166 17 62 
16 17 62 
16 17 62 
16 17 62 
16 17 62 
16 17 19 62 
16 17 62 
16 17 62 
16 17 62 
16 17 19 62 
16 17 62 
16 17 62 
16 27 17 7 62 
16 17 62 
16 17 19 62 
16 17 62 
16 17 62 
16 17 62 
16 166 17 62 
16 17 62 
16 17 62 
16 17 62 
16 17 62 
16 166 17 62 
16 166 17 62 
16 17 62 
16 17 62 
16 17 62 
16 17 62 
16 17 62 
16 17 62 
16 17 62 
16 17 62 
16 17 62 
16 17 62 
16 17 62 
16 17 62 
16 166 17 62 
16 17 62 
16 17 62 
16 17 62 
16 17 62 
16 17 62 
16 17 62 
16 17 62 
16 17 62 
16 17 62 
16 17 62 
16 17 62 
16 166 17 62 
16 17 62 
16 17 62 
16 17 62 
16 17 62 
16 17 62 
16 17 62 
16 166 17 62 
16 17 62 
16 17 62 
16 17 62 
16 17 62 
16 17 62 
16 17 62 
16 17 62 
16 166 100 17 101 62 
16 17 62 
16 17 62 
16 17 62 
16 17 62 
16 17 62 
16 17 62 
16 17 62 
16 17 19 62 
16 17 62 
16 17 62 
16 17 62 
16 17 62 
16 17 62 
16 17 62 
16 17 62 
16 17 62 
16 17 19 62 
16 17 62 
16 166 17 62 
16 17 62 
16 166 17 62 
16 17 62 
16 17 62 
16 17 62 
16 17 62 
16 17 62 
16 17 62 
16 17 62 
16 1 17 62 
16 17 62 
16 17 62 
16 17 62 
16 17 62 
16 17 62 
16 17 62 
16 17 62 
16 17 62 
16 17 19 62 
16 17 62 
16 17 62 
16 1 17 62 
16 17 62 
16 166 17 62 
16 166 17 62 
16 17 62 
16 17 62 
16 17 62 
16 17 62 
16 17 62 
16 17 62 
16 17 62 
16 32 17 33 62 
16 17 62 
16 17 62 
16 17 62 
16 17 62 
16 17 62 
16 17 62 
16 17 62 
16 17 62 
16 17 62 
16 17 62 
16 17 62 
16 17 62 
16 166 17 62 
16 166 17 62 
16 17 62 
16 17 62 
16 166 17 62 
16 17 62 
16 166 17 62 
16 17 62 
16 17 62 
16 17 19 62 
16 17 62 
16 17 62 
16 17 62 
16 17 62 
16 17 62 
16 17 62 
16 17 62 
16 17 62 
16 166 17 62 
16 17 62 
16 17 62 
16 17 62 
16 17 62 
16 17 62 
16 17 62 
16 17 19 62 
16 17 62 
16 17 7 62 
16 17 62 
16 17 62 
16 17 62 
16 17 19 62 
16 17 62 
16 17 62 
16 17 62 
16 17 62 
16 17 62 
16 17 62 
16 17 62 
16 17 62 
16 17 62 
16 166 17 62 
16 17 19 62 
16 17 62 
16 17 62 
16 17 62 
16 17 62 
16 17 62 
16 17 62 
16 17 62 
16 17 62 
16 17 62 
16 17 62 
16 17 62 
16 17 62 
16 17 62 
16 17 62 
16 166 17 62 
16 17 62 
16 17 19 62 
16 17 62 
16 17 62 
16 166 17 62 
16 17 62 
16 166 17 62 
16 17 62 
16 17 62 
16 17 62 
16 17 62 
16 17 62 
16 17 62 
16 17 62 
16 17 62 
16 17 62 
16 17 62 
16 17 62 
16 17 89 90 62 
16 17 62 
16 17 62 
16 17 62 
16 17 19 62 
16 17 62 
16 17 62 
16 17 62 
16 17 62 
16 13 17 164 15 62 
16 17 62 
16 32 17 33 62 
16 166 17 62 
16 17 62 
16 17 62 
16 17 62 
16 17 62 
16 17 62 
16 166 17 62 
16 17 62 
16 17 62 
16 17 62 
16 17 62 
16 17 62 
16 17 62 
16 17 62 
16 17 62 
16 17 62 
16 17 62 
16 17 19 62 
16 17 62 
16 17 62 
16 17 62 
16 17 62 
16 166 17 62 
16 166 17 62 
16 17 62 
16 166 17 62 
16 17 62 
16 17 19 62 
16 17 62 
16 166 17 62 
16 166 17 62 
16 17 62 
16 17 62 
16 17 62 
16 17 62 
16 17 7 62 
16 17 62 
16 17 62 
16 17 62 
16 166 17 62 
16 17 62 
16 17 62 
16 166 17 62 
16 17 62 
16 17 62 
16 166 17 62 
16 17 62 
16 17 19 62 
16 17 62 
16 17 62 
16 17 62 
16 17 62 
16 17 62 
16 17 62 
16 17 62 
16 17 62 
16 17 62 
16 17 62 
16 17 62 
16 17 62 
16 17 62 
16 166 17 62 
16 17 62 
16 166 17 62 
16 17 62 
16 166 17 62 
16 166 17 62 
16 17 62 
16 17 62 
16 17 62 
16 166 17 62 
16 17 62 
16 166 17 62 
16 17 62 
16 166 17 62 
16 17 62 
16 17 62 419 
16 17 62 
16 166 17 62 
16 17 62 
16 17 62 
16 17 62 
16 17 62 
16 17 62 
16 17 62 
16 17 62 
16 17 62 
16 17 62 
16 166 17 62 
16 17 62 
16 17 62 
16 17 62 
16 17 62 
16 17 62 
16 17 62 
16 17 62 
16 17 62 
16 32 166 17 33 62 
16 17 62 
16 17 62 
16 166 17 62 
16 17 62 
16 17 62 
16 166 17 62 
16 17 62 
16 42 27 17 7 62 43 81 
16 17 62 
16 17 62 
16 32 166 17 33 62 
16 166 17 62 
16 17 62 
16 17 62 
16 17 62 
16 17 69 62 72 
16 17 62 
16 17 62 
16 166 17 62 
16 17 19 62 
16 17 62 
16 17 62 
16 17 62 
16 17 62 
16 17 62 
16 32 17 33 62 
16 17 62 
16 17 62 
16 17 62 
16 17 62 
16 17 62 
16 17 62 
16 17 62 
16 17 62 
16 166 17 62 
16 17 62 
16 17 62 
16 17 62 
16 17 19 62 
16 17 62 
16 17 62 
16 17 62 
16 17 62 
16 17 62 
16 17 62 
16 17 62 
16 17 62 
16 17 62 
16 17 62 
16 166 17 62 
16 166 17 62 
16 17 62 
16 17 62 
16 17 62 
16 17 15 62 82 
16 17 62 
16 17 62 
16 17 62 
16 17 62 
16 17 62 
16 17 62 
16 17 19 62 
16 17 62 
16 17 62 
16 17 62 
16 17 62 
16 166 17 62 
16 17 62 
16 17 62 
16 17 62 
16 17 62 
16 17 62 
16 17 62 
16 17 62 
16 166 17 62 
16 17 62 
16 17 62 
16 166 17 62 
16 166 17 62 
16 17 62 
16 1 17 62 
16 166 17 62 
16 17 62 
16 17 62 
16 166 17 62 
16 17 62 
16 166 17 19 62 
16 17 62 
16 166 17 62 
16 17 62 
16 17 62 
16 17 62 
16 17 62 
16 17 62 
16 17 7 62 9 10 
16 17 62 
16 17 62 
16 17 62 
16 17 62 
16 166 17 62 
16 17 62 
16 166 17 62 
16 156 73 17 138 74 62 
16 17 62 
16 17 62 
16 30 17 31 62 
16 17 62 
16 17 62 
16 17 62 
16 166 17 62 
16 32 17 33 62 
16 17 62 
16 17 62 
16 17 62 
16 166 100 17 101 62 
16 166 17 62 
16 166 17 62 
16 17 62 
16 17 62 
16 17 3 65 62 
16 32 166 17 33 62 
16 17 62 
16 17 62 
16 166 17 62 
16 17 62 
16 17 62 
16 17 62 
16 17 62 419 
16 17 62 
16 17 62 
16 17 62 
16 17 62 
16 166 17 62 
16 17 62 
16 17 62 
16 17 62 
16 17 62 
16 17 62 
16 17 62 
16 17 62 
16 17 62 
16 17 62 
16 17 62 
16 17 62 
16 32 17 33 62 
16 17 62 
16 17 62 
16 17 62 
16 17 62 
16 166 17 62 
16 17 62 
16 17 62 
16 17 62 
16 166 17 62 
16 17 62 
16 17 62 
16 17 62 
16 17 62 
16 166 17 62 
16 17 62 
16 17 62 
16 17 62 
16 17 62 
16 17 62 
16 17 62 
16 17 62 
16 17 62 
16 17 62 
16 17 62 
16 166 17 62 
16 17 62 
16 17 62 
16 17 62 
16 17 62 
16 17 62 
16 17 62 
16 17 62 
16 17 62 
16 17 62 
16 17 62 
16 17 62 
16 17 62 
16 17 62 
16 17 62 
16 17 62 
16 17 62 
16 1 413 17 62 
16 166 17 62 
16 17 62 
16 166 17 62 
16 166 17 62 
16 166 17 62 
16 17 62 
16 17 19 62 
16 17 19 62 
16 17 62 
16 166 17 62 
16 17 62 
16 17 62 
16 17 62 
16 17 62 
16 17 62 
16 17 62 
16 17 62 
16 166 17 62 
16 17 62 
16 17 62 
16 17 62 
16 166 100 17 101 62 
16 17 62 
16 17 70 62 
16 17 62 
16 17 19 62 
16 17 62 
16 17 62 
16 17 62 
16 17 62 
16 17 62 
16 17 19 62 
16 17 62 
16 17 62 
16 166 17 62 
16 17 62 
16 17 157 15 62 
16 17 62 
16 17 62 
16 17 62 
16 17 62 
16 17 62 
16 17 62 
16 17 62 
16 17 62 
16 17 62 
16 17 62 
16 17 62 
16 17 62 
16 17 62 
16 17 62 
16 17 62 
16 17 62 
16 166 17 62 
16 17 62 
16 17 62 
16 17 62 
16 17 62 
16 17 62 
16 166 17 62 
16 166 17 19 62 
16 30 17 31 62 
16 166 17 62 
16 17 62 
16 17 62 
16 17 62 
16 17 62 
16 17 62 
16 17 62 
16 17 62 
16 166 17 62 
16 17 62 
16 17 62 
16 17 62 
16 17 62 
16 17 62 
16 166 17 62 
16 17 62 
16 17 62 
16 17 62 
16 17 62 
16 17 62 
16 17 62 
16 17 19 62 
16 17 62 
16 17 62 
16 17 62 
16 166 17 62 
16 166 17 62 
16 17 62 
16 17 62 
16 17 62 
16 166 17 62 
16 230 231 17 19 62 
16 17 62 
16 17 62 
16 17 62 
16 17 62 
16 17 62 
16 17 62 
16 17 62 
16 17 62 
16 17 62 
16 17 62 
16 166 13 17 15 62 
16 26 27 17 7 62 
16 17 62 
16 166 17 62 
16 17 62 
16 166 17 62 
16 166 17 62 
16 166 17 62 
16 17 62 
16 17 62 
16 17 62 
16 17 62 
16 17 62 
16 32 17 33 62 
16 17 62 
16 17 62 
16 17 62 
16 17 62 
16 17 62 
16 17 62 
16 17 62 
16 17 62 
16 17 62 
16 17 62 
16 17 62 
16 17 15 62 82 
16 166 17 62 
16 17 62 
16 17 62 
16 17 62 
16 166 17 62 
16 17 62 
16 17 62 
16 166 17 62 
16 166 17 62 
16 17 62 
16 17 62 
16 17 62 
16 166 17 62 
16 17 62 
16 17 62 
16 17 62 
16 166 17 62 
16 166 17 62 
16 166 17 62 
16 1 17 62 
16 17 62 
16 17 62 
16 17 62 
16 17 62 
16 17 62 
16 17 62 
16 166 17 62 
16 17 62 
16 17 62 
16 17 62 
16 166 17 62 
16 17 69 62 
16 17 69 62 
16 17 62 
16 17 62 
16 17 62 
16 17 62 
16 17 62 
16 17 62 
16 17 62 
16 17 62 
16 17 15 62 82 
16 17 62 
16 17 62 
16 17 62 
16 17 62 
16 32 17 33 62 
16 17 62 
16 17 62 
16 17 62 
16 166 17 62 
16 17 62 
16 17 19 62 
16 17 62 
16 166 17 62 
16 166 17 62 
16 17 62 
16 17 62 
16 17 62 
16 17 62 
16 17 62 
16 166 17 62 
16 17 62 
16 17 62 
16 166 17 62 
16 17 62 
16 17 62 
16 17 62 
16 17 62 
16 17 62 
16 17 62 
16 17 62 
16 17 62 
16 17 62 
16 166 100 17 101 62 
16 17 62 
16 17 62 
16 17 62 
16 100 17 101 62 
16 166 17 62 
16 17 62 
16 166 17 62 
16 166 17 62 
16 17 62 
16 166 17 62 
16 166 26 27 17 7 62 
16 166 17 62 
16 17 62 
16 166 17 62 
16 166 17 62 
16 17 62 
16 17 62 
16 17 62 
16 17 62 
16 166 17 62 
16 17 62 
16 17 62 
16 166 17 62 
16 166 17 62 
16 166 17 62 
16 17 62 
16 17 62 
16 17 62 
16 17 62 
16 17 62 
16 32 166 17 33 62 
16 166 17 62 
16 17 62 
16 166 17 62 
16 17 62 
16 17 19 62 
16 17 62 
16 17 62 
16 17 62 
16 17 62 
16 166 17 62 
16 17 62 
16 166 17 19 62 
16 17 62 
16 17 62 
16 17 62 
16 32 17 33 62 
16 32 17 33 62 
16 17 62 
16 17 62 
16 17 62 
16 17 62 
16 17 62 
16 17 62 
16 17 62 
16 166 17 62 
16 166 17 62 
16 17 62 
16 166 17 62 
16 17 62 
16 17 62 
16 166 17 62 
16 166 17 62 
16 17 62 
16 166 17 62 
16 166 17 62 
16 17 62 
16 17 62 
16 17 62 
16 166 17 62 
16 17 62 
16 17 62 
16 17 62 
16 17 62 
16 17 62 
16 17 62 
16 17 62 
16 17 62 
16 17 62 
16 17 3 163 62 
16 17 62 
16 17 62 
16 17 62 
16 17 62 
16 17 62 
16 17 3 65 62 419 
16 17 62 
16 17 3 65 62 419 
16 17 62 
16 166 17 62 
16 17 62 
16 17 62 419 
16 17 62 
16 17 62 
16 17 3 65 62 419 
16 17 62 
16 17 62 
16 17 62 
16 17 62 
16 17 15 62 
16 17 62 
16 17 62 
16 17 3 163 62 
16 17 62 419 
16 17 15 62 82 
16 17 62 
16 17 62 
16 17 62 
16 17 62 
16 166 17 62 
16 17 62 
16 17 62 
16 17 62 
16 166 17 62 
16 17 62 
16 17 62 
16 17 62 
16 17 62 
16 166 17 62 
16 17 62 
16 17 62 
16 17 62 
16 17 62 
16 17 62 
16 17 62 
16 17 62 
16 17 62 
16 17 62 
16 17 62 
16 17 62 
16 166 17 62 
16 17 62 
16 17 62 
16 17 19 62 
16 17 69 62 
16 17 62 
16 17 62 
16 17 62 
16 17 62 
16 17 62 
16 17 62 
16 17 62 
16 17 62 
16 17 19 62 
16 17 62 
16 17 62 
16 17 62 
16 17 62 
16 166 17 62 
16 17 62 
16 32 17 33 62 
16 17 62 
16 17 62 
16 17 62 
16 17 62 
16 17 62 
16 17 62 
16 32 17 33 62 
16 17 62 
16 17 62 
16 17 62 
16 32 17 33 62 
16 166 17 62 
16 17 62 
16 17 62 
16 17 62 
16 17 62 
16 17 62 
16 17 62 
16 17 62 
16 17 62 
16 17 62 
16 17 62 
16 17 62 
16 17 62 
16 17 62 
16 27 17 7 62 83 43 
16 17 62 
16 17 62 
16 27 17 7 62 83 43 
16 17 62 
16 17 62 
16 166 17 62 
16 17 62 
16 17 62 
16 17 62 
16 67 17 37 19 146 62 
16 17 62 
16 17 62 
16 17 62 
16 17 62 
16 166 17 62 
16 166 17 62 
16 17 62 
16 17 62 
16 17 19 62 
16 17 19 62 
16 17 62 
16 17 62 
16 17 62 
16 17 62 
16 17 19 62 
16 17 62 
16 17 62 
16 17 62 
16 17 62 
16 17 62 
16 17 62 
16 17 62 
16 17 62 
16 166 17 62 
16 17 62 
16 17 62 
16 17 62 
16 17 62 
16 17 62 
16 17 62 
16 17 62 
16 17 62 
16 17 62 
16 17 62 
16 17 62 
16 17 62 
16 17 62 
16 17 62 
16 17 62 
16 17 62 
16 17 69 62 
16 17 62 
16 17 62 
16 17 62 
16 32 17 33 62 
16 166 17 62 
16 166 17 62 
16 166 17 62 
16 17 62 
16 17 62 
16 17 62 
16 17 62 
16 17 62 
16 17 19 62 
16 17 62 
16 17 62 
16 17 62 
16 32 17 33 62 
16 17 62 
16 17 62 
16 17 62 
16 17 62 
16 17 69 62 
16 17 62 
16 17 62 
16 17 62 
16 17 62 
16 17 62 
16 17 62 
16 166 17 62 
16 166 17 62 
16 17 62 
16 17 62 
16 17 62 
16 17 62 
16 17 62 
16 17 62 
16 17 62 
16 17 62 
16 17 62 
16 17 62 
16 17 62 
16 17 62 
16 17 62 
16 166 17 62 
16 17 62 
16 17 62 
16 166 17 62 
16 166 100 17 101 62 
16 17 62 
16 166 17 62 
16 17 62 
16 17 62 
16 17 62 
16 17 62 
16 17 62 
16 17 62 
16 17 62 
16 17 62 
16 17 62 
16 17 62 
16 17 62 
16 17 62 
16 17 62 
16 17 62 
16 17 62 
16 17 62 
16 17 62 
16 17 62 
16 17 62 
16 17 19 62 
16 17 19 62 
16 17 62 
16 17 15 62 82 
16 17 62 
16 32 166 17 33 62 
16 17 62 
16 17 62 419 
16 17 62 
16 17 62 
16 230 231 17 19 62 
16 17 62 
16 17 62 
16 17 62 
16 17 62 
16 166 17 62 
16 17 62 
16 166 17 62 
16 166 17 62 
16 17 62 
16 17 62 
16 17 62 
16 17 62 
16 17 62 
16 17 62 
16 17 62 
16 17 62 
16 17 62 
16 17 62 
16 12 17 7 9 62 10 
16 17 62 
16 166 17 62 
16 166 17 62 
16 166 17 62 
16 17 62 
16 17 7 62 
16 166 17 62 
16 17 62 
16 17 62 
16 17 62 
16 17 62 
16 17 62 
16 17 62 
16 17 62 
16 17 62 
16 17 62 
16 26 27 17 7 62 
16 166 17 62 
16 17 62 
16 166 17 62 
16 17 62 
16 17 62 
16 17 62 
16 166 17 62 
16 17 19 62 
16 17 62 
16 17 62 
16 17 62 
16 17 62 
16 17 62 
16 17 62 
16 17 62 
16 166 17 62 
16 17 62 
16 17 62 
16 17 62 
16 17 62 
16 17 62 
16 17 62 
16 17 62 
16 17 62 
16 17 62 
16 17 62 
16 166 17 62 
16 17 62 
16 17 62 
16 17 62 
16 17 62 
16 17 3 65 62 
16 17 62 
16 17 62 
16 166 17 19 62 
16 17 62 
16 17 19 62 
16 17 19 62 
16 17 19 62 
16 17 62 
16 17 62 
16 17 62 
16 17 62 
16 17 62 
16 17 62 
16 17 62 
16 17 62 
16 17 62 
16 17 62 
16 17 62 
16 17 62 
16 17 19 62 
16 17 62 
16 17 62 
16 17 19 62 
16 104 17 62 
16 166 17 7 62 9 10 
16 17 62 
16 17 62 
16 17 62 
16 17 62 
16 17 19 62 
16 166 17 62 
16 17 62 
16 17 69 62 
16 17 62 
16 17 62 
16 17 62 
16 17 62 
16 17 62 
16 17 62 
16 17 19 62 
16 17 62 
16 17 19 62 
16 17 62 
16 17 62 
16 17 62 
16 166 17 62 
16 17 19 62 
16 17 15 62 
16 17 62 
16 17 62 
16 17 62 
16 17 62 
16 166 17 62 
16 166 17 62 
16 17 62 
16 17 62 
16 17 62 
16 17 62 
16 166 17 62 
16 17 62 
16 17 62 
16 166 17 62 
16 166 17 62 
16 17 62 
16 17 62 
16 17 62 
16 17 62 
16 17 62 
16 17 62 
16 17 19 62 
16 32 17 33 62 
16 17 62 
16 17 62 
16 17 62 
16 17 62 
16 17 62 
16 17 62 