352 7 8 46 51 
352 7 8 46 51 
352 7 8 46 51 
352 7 8 46 51 
352 7 8 46 51 
352 7 8 46 51 
352 7 8 46 51 
352 7 8 46 51 
352 7 8 46 51 
352 7 8 46 51 
352 7 8 46 51 
16 352 7 8 46 51 
352 7 8 46 51 
352 7 8 46 51 
352 7 8 46 51 
352 7 8 46 
352 7 8 46 51 
352 7 8 46 51 
352 7 8 46 51 
352 7 8 46 51 
352 7 8 46 
352 7 8 46 51 78 
352 7 8 46 51 
352 7 8 46 51 
352 7 8 46 51 
352 7 8 46 51 
352 7 8 46 51 
352 7 8 46 
352 7 8 46 
352 7 8 46 51 
352 7 8 46 51 
352 7 8 46 51 
92 352 7 8 46 51 
352 7 8 46 51 
352 7 8 46 51 
352 7 8 46 51 
352 7 8 46 51 
92 352 7 8 46 51 
352 7 8 46 51 
352 7 8 46 
352 7 8 46 51 
352 7 8 46 51 
352 7 8 46 51 
352 7 8 46 51 
352 7 8 46 51 
352 7 8 46 51 
352 7 8 46 51 
352 7 8 46 51 
352 7 8 46 51 
352 7 8 46 51 
352 7 8 46 51 
352 7 8 46 51 
352 7 8 46 51 
352 7 8 46 51 
352 7 8 46 51 
352 7 8 46 
352 7 8 46 51 
352 7 8 46 51 
352 7 8 46 51 
352 7 8 46 51 
352 7 8 46 51 
352 7 8 46 
352 7 8 46 51 
352 7 8 46 51 
352 7 8 46 51 
352 7 8 46 51 
352 7 8 46 51 
352 7 8 46 51 
352 7 8 46 51 
352 7 8 46 
352 7 8 46 
352 7 8 46 51 
352 7 8 46 51 
352 7 8 46 51 
352 7 8 46 51 
352 7 8 46 51 
352 7 8 46 51 
352 7 8 46 51 
352 7 8 46 51 
352 7 8 46 
352 7 8 46 51 
352 7 8 46 
352 7 8 46 51 
352 7 8 46 
352 7 8 46 51 
352 7 8 46 51 
352 7 8 46 51 
352 7 8 46 94 10 51 
352 7 8 46 
352 7 8 46 51 
352 7 8 46 51 
352 7 8 46 51 
352 7 8 46 
352 7 8 46 51 
352 7 8 46 
26 27 352 7 8 46 
352 7 8 46 
16 352 7 8 46 19 51 
352 7 8 46 51 
352 7 8 46 51 
352 7 8 46 51 
352 7 8 46 51 
352 7 8 46 51 
352 7 8 46 51 
352 7 8 46 
352 7 8 46 
352 7 8 46 9 10 51 
352 7 8 46 51 
352 7 8 46 51 
352 7 8 46 51 
352 7 8 46 51 
352 7 8 46 51 
352 7 8 46 51 
352 7 8 46 
352 7 8 46 51 
352 7 8 46 51 
352 7 8 46 
352 7 8 46 
352 7 8 46 
352 7 8 46 51 
352 7 8 46 51 
352 7 8 46 51 
352 7 8 46 51 
352 7 8 46 51 
352 7 8 46 51 
27 352 7 8 46 71 43 51 
352 7 8 46 51 
352 7 8 46 51 
352 7 8 46 
352 7 8 46 51 
352 7 8 46 51 
352 7 8 46 51 
352 7 8 46 51 
352 7 8 46 
352 7 8 46 51 
352 7 8 46 51 
352 7 34 8 46 15 35 51 
352 7 8 46 51 
352 7 8 46 51 
352 7 8 46 51 
352 7 8 46 
352 7 8 46 
352 7 8 46 
352 7 8 46 
352 7 8 46 20 51 
352 7 8 46 
32 16 352 17 7 8 46 33 51 
352 7 8 46 51 
352 7 8 46 51 
352 7 8 46 51 
352 7 8 46 51 
352 7 8 46 51 
352 7 8 46 51 
352 7 8 46 51 
352 7 8 46 51 
352 7 8 46 
352 7 8 46 267 51 
352 7 8 46 51 
352 7 8 46 51 
352 7 8 46 
352 7 8 46 51 
352 7 8 46 51 
352 7 8 46 
352 7 8 46 51 
352 7 8 46 51 
352 7 8 46 51 
352 7 8 46 51 
352 7 8 46 51 
352 7 8 46 
352 7 8 46 94 10 51 
352 7 8 46 51 
352 7 8 46 51 
352 7 8 46 51 
16 352 17 7 8 46 62 51 
352 7 8 46 
352 7 8 46 51 
352 7 8 46 
352 7 8 46 51 
352 7 8 46 
352 7 8 46 51 
352 7 8 46 
352 7 8 46 51 
352 7 8 46 51 
352 7 8 46 51 
352 7 8 46 51 
352 7 8 46 
352 7 8 46 51 
352 7 8 46 
352 7 8 46 51 
352 7 8 46 
352 7 8 46 51 
352 7 8 46 51 
352 7 8 46 
352 7 8 46 51 
352 7 8 46 
352 7 8 46 
352 7 8 46 51 
352 7 8 46 
352 7 8 46 51 
352 7 8 46 
352 7 8 46 
352 7 8 46 51 
352 7 8 46 
352 7 8 46 51 
352 7 8 46 51 
352 7 8 46 
352 7 8 46 51 
352 7 8 46 94 10 
352 7 8 46 
352 7 8 46 51 
352 7 8 46 51 
352 7 8 46 
352 7 8 46 
352 7 8 46 
352 7 8 46 
352 7 8 46 51 
352 7 8 46 
352 7 8 46 51 
352 7 8 46 
32 16 352 17 7 8 46 33 
352 7 8 46 51 
352 7 8 46 15 51 
352 7 8 46 9 10 51 
352 7 8 46 51 
352 7 8 46 51 
352 7 8 46 
352 7 8 46 20 51 
352 7 8 46 51 
352 7 8 46 94 10 
352 7 8 46 
352 7 8 46 
352 7 8 46 51 
352 7 8 46 
352 7 8 46 
32 16 352 17 7 8 46 33 51 
352 7 8 46 51 
352 7 8 46 51 
352 7 8 46 
352 7 8 46 51 
352 7 8 46 
352 7 8 46 51 
29 352 7 8 46 51 
352 7 8 46 
352 7 8 46 51 
352 7 8 46 
352 7 8 46 
352 7 8 46 51 
352 7 8 46 51 78 
352 7 8 46 
352 7 8 46 51 
352 7 8 46 
352 7 8 46 
352 7 8 46 
352 7 8 46 51 
352 7 8 46 94 10 
352 7 8 46 
352 7 8 46 
352 7 8 46 
352 7 8 46 51 
352 7 8 46 51 
352 7 8 46 
352 7 8 46 
352 7 8 46 51 
26 27 352 7 8 46 51 
16 352 17 7 8 46 62 
352 7 8 46 
352 7 8 46 
352 7 8 46 
352 7 8 46 51 
352 7 8 46 51 
352 7 8 46 
352 7 8 46 
352 7 8 46 51 
352 7 8 46 51 
352 7 8 46 
352 7 8 46 
352 7 8 46 
352 7 8 46 
352 7 8 46 51 
352 7 8 46 
352 7 8 46 
352 7 8 46 51 
352 7 8 46 
352 7 8 46 
352 7 8 46 
352 7 8 46 
352 7 8 46 
352 7 8 46 
352 7 8 46 
352 7 8 46 51 
352 7 8 46 
352 184 7 8 46 51 48 
352 7 8 46 
352 7 8 46 
352 7 8 46 
352 7 8 46 
352 7 8 46 
352 7 8 46 
352 7 8 46 51 
352 7 8 46 51 
352 7 8 46 51 
352 7 8 46 94 10 
352 7 8 46 
352 7 8 46 51 
352 7 8 46 51 
352 7 8 46 51 
352 7 8 46 94 10 
352 7 8 46 
352 7 8 46 
352 7 8 46 51 
352 7 8 46 
352 7 8 46 51 
352 7 8 46 
352 7 8 46 
32 16 352 17 7 8 46 33 51 
352 7 8 46 
352 7 8 46 51 
352 7 8 46 51 
352 7 8 46 
32 16 352 17 7 8 46 33 
352 7 8 46 51 
352 7 8 46 94 10 
352 7 8 46 
352 7 8 46 51 
352 7 8 46 
352 7 8 46 
352 7 8 46 51 
352 7 8 46 
352 7 8 46 
352 7 8 46 51 
352 7 8 46 51 
352 7 8 46 51 
352 7 8 46 
352 7 8 46 
352 7 8 46 94 10 
352 7 8 46 51 
352 7 8 46 51 
352 7 8 46 51 
352 7 8 46 51 
352 7 8 46 51 
352 7 8 46 
352 7 8 46 
352 7 8 46 
352 7 8 46 51 
352 7 8 46 
352 7 8 46 
352 7 8 46 51 
352 7 8 46 
352 7 8 46 
352 7 8 46 
352 7 8 46 51 
352 7 8 46 
352 7 8 46 51 
352 7 8 46 
352 7 8 46 51 
352 7 8 46 
352 7 8 46 51 
352 7 8 46 51 
352 7 8 46 
352 7 8 46 51 
352 7 8 46 
352 7 8 46 51 
352 7 8 46 
352 7 8 46 51 
352 7 8 46 267 51 
352 7 8 46 
352 7 8 46 
352 7 8 46 51 
352 7 8 46 51 
352 7 8 46 51 
352 7 8 46 
352 7 8 46 
352 7 8 46 51 
352 7 8 52 46 51 53 
352 7 8 46 51 
352 7 8 46 94 10 
352 7 8 46 
352 7 8 46 51 
352 7 8 46 51 
352 7 8 46 
352 7 8 46 51 
26 27 352 7 8 46 
352 7 8 46 
352 7 8 46 51 
352 7 8 46 
352 7 8 46 51 
352 7 8 46 51 
352 7 8 46 51 
352 7 8 46 
352 7 8 46 51 
352 7 8 46 51 
352 7 8 46 51 
352 7 8 46 
352 7 8 46 51 
352 7 8 46 51 
352 7 8 46 
352 7 8 46 51 
352 7 8 46 
352 7 8 46 
352 7 8 46 51 
352 7 8 46 94 10 51 
352 7 8 46 
352 7 8 46 51 
352 7 8 46 
32 16 352 17 7 8 46 33 51 
352 7 8 46 
352 7 8 46 51 
32 16 352 17 7 8 46 33 51 
352 7 8 46 
352 7 8 46 
352 7 8 46 51 
352 7 8 46 51 
352 7 8 46 
352 7 8 46 94 10 51 
352 7 8 46 51 
352 7 8 46 51 
352 7 8 46 51 
352 7 8 46 
352 7 8 46 51 
352 7 8 46 
352 7 8 46 
352 7 8 46 51 
352 7 8 46 51 
352 7 8 46 51 
352 7 8 46 51 
352 7 8 46 
352 7 8 46 
352 7 8 46 
352 7 8 46 51 
352 7 8 46 51 
352 7 8 46 51 
352 7 8 46 51 
32 16 352 17 7 8 46 33 51 
352 7 8 46 51 
352 7 8 46 51 
352 7 8 46 
352 7 8 46 
352 7 8 46 51 
352 7 8 46 51 
352 7 8 46 
352 7 8 46 
352 7 8 46 
352 7 8 46 51 
352 7 8 46 
352 7 8 46 
352 7 8 46 
352 7 8 46 51 
352 7 8 46 51 
352 7 8 46 
352 7 8 46 
352 7 8 46 51 
352 7 8 46 51 
352 7 8 46 
32 16 352 17 7 8 46 33 51 
352 7 8 46 51 
352 7 8 46 
352 7 8 46 51 
352 7 8 46 51 
352 7 8 46 
352 7 8 46 
352 7 8 46 
352 7 8 46 51 
352 7 8 46 51 
352 7 8 46 
352 7 8 46 
352 7 8 46 51 
352 7 8 46 
352 7 8 46 94 10 51 
352 7 8 46 51 
352 7 8 46 
352 7 8 46 51 
352 7 8 46 
352 7 8 46 51 
32 16 352 17 7 8 46 33 
352 7 8 46 
352 7 8 46 51 
352 7 8 46 51 
352 7 8 46 
352 7 8 46 51 
352 7 8 46 51 
352 7 8 46 51 
352 7 8 46 
352 7 8 46 
352 7 8 46 51 
352 7 8 46 51 
352 7 8 46 51 
352 7 8 46 
352 7 8 46 
352 7 8 46 51 
352 7 8 46 51 
352 7 8 46 
352 7 8 46 
352 7 8 46 
352 7 8 46 
352 7 8 46 
352 7 8 46 51 
352 7 8 46 51 
352 7 8 46 
352 7 8 46 51 
352 7 8 46 51 
352 7 8 46 
352 7 8 46 
352 7 8 46 51 
352 7 8 46 
352 7 8 46 51 
352 7 8 46 
352 7 8 46 51 
352 7 8 46 94 10 51 
352 7 8 46 
352 7 8 46 
352 7 8 46 
352 7 8 46 94 10 
352 7 8 46 51 
352 7 8 46 51 
352 7 8 46 51 
352 7 8 46 51 
352 7 8 46 
352 7 8 46 
16 194 352 7 8 46 37 19 
352 7 8 46 
32 16 352 17 7 8 46 33 
352 7 8 46 51 
352 7 8 46 
352 7 8 46 
352 7 8 46 
352 7 8 46 
352 7 8 46 51 
352 7 8 46 51 
352 7 8 46 51 
32 16 352 17 7 8 46 33 
352 7 8 46 51 
352 7 8 46 51 
352 7 8 46 51 
352 7 8 46 51 
352 7 8 46 
352 7 8 46 51 
26 27 352 7 8 46 51 
352 7 8 46 51 
352 7 8 46 
352 7 8 46 51 
352 7 8 46 
352 7 8 46 
352 7 8 46 
352 7 8 46 
352 7 8 46 51 
352 7 8 46 
352 7 8 46 
352 7 8 46 
352 7 8 46 
352 7 8 46 
352 7 8 46 
352 7 8 46 51 
352 7 8 46 51 
32 16 352 17 7 8 46 33 
352 7 8 46 51 
352 7 8 46 51 
352 7 8 46 51 
352 7 8 46 51 
352 7 8 46 51 
352 7 8 46 51 
352 7 8 46 
352 7 8 46 51 
352 7 8 46 51 
352 7 8 46 51 
352 7 8 46 51 
352 7 8 46 
352 7 8 46 51 
352 7 8 46 
352 7 8 46 
352 7 8 46 51 
352 7 8 46 
352 7 8 46 94 10 
352 7 8 46 
352 7 8 46 
352 7 8 46 51 
352 7 8 46 
352 7 8 46 94 10 
352 7 8 46 
352 7 8 46 
352 7 8 46 
352 7 8 46 51 
352 7 8 46 
352 7 8 46 51 
352 7 8 46 51 
352 7 8 46 
352 7 8 46 
352 7 8 46 
352 7 8 46 51 
352 7 8 46 51 
352 7 8 46 
352 7 8 46 
352 7 8 46 
352 7 8 46 51 
352 7 8 46 51 
352 7 8 46 51 
352 7 8 46 51 
352 7 8 46 51 
352 7 8 46 
352 7 8 46 
352 7 8 46 
352 7 8 46 
352 7 8 46 51 
352 7 8 46 51 
352 7 8 46 51 
352 7 8 46 
352 7 8 46 94 10 51 
352 7 8 46 
32 16 352 17 7 8 46 33 51 
352 7 8 46 51 
352 7 8 46 
352 7 8 46 51 
352 7 8 46 
352 7 8 46 51 
352 7 8 46 
352 7 8 46 51 
352 7 8 46 
352 7 8 46 20 51 
352 7 8 46 
352 7 8 46 51 
352 7 8 46 51 
352 7 8 46 51 
352 7 8 46 
352 7 8 46 51 
352 7 8 46 51 
352 7 8 46 
352 7 8 46 51 
352 7 8 46 51 
352 7 8 46 94 10 
352 7 8 46 
352 7 8 46 51 
26 27 352 7 8 46 
352 7 8 46 51 
352 7 8 46 51 
352 7 8 46 51 
352 7 8 46 51 
352 7 8 46 
352 7 8 46 
352 7 8 46 
352 7 8 46 
352 7 8 46 51 
352 7 8 46 
352 7 8 46 
352 7 8 46 
352 7 8 46 
352 7 8 46 51 
352 7 8 46 51 
32 16 352 17 7 8 46 33 51 
352 7 8 46 
352 7 8 46 51 
352 7 8 46 94 10 51 
352 7 8 46 
352 7 8 46 94 10 
352 7 8 46 94 10 
352 7 8 46 51 
16 352 7 8 46 19 
352 7 8 46 51 
352 7 8 46 
352 7 8 46 
352 7 8 46 51 
352 7 8 46 51 
352 7 8 46 
352 7 8 46 51 
352 7 8 46 51 
352 7 8 46 
352 7 8 46 51 
352 7 8 46 
352 7 8 46 
352 7 8 46 51 
352 7 8 46 94 10 
352 7 8 46 
352 7 8 46 51 
352 7 8 46 
352 7 8 46 51 
352 7 8 46 51 
352 7 8 46 
352 7 8 46 
352 7 8 46 
352 7 8 46 51 
352 7 8 46 
352 7 8 46 
352 7 8 46 
352 7 8 46 51 
352 7 8 46 51 
352 7 8 46 
352 7 8 46 
352 7 8 46 
352 7 8 46 51 
352 7 8 46 51 
352 7 8 46 
352 7 8 46 51 
352 7 8 46 51 
352 7 8 46 
352 7 8 46 51 
352 7 8 46 51 
352 7 8 46 
352 7 8 46 51 
352 7 8 46 
352 7 8 46 51 
352 7 8 46 51 
352 7 8 46 51 
352 7 8 46 
352 7 8 46 51 
352 7 8 46 
352 7 8 46 51 
352 7 8 46 
352 7 8 46 51 
352 7 8 46 51 
352 7 8 46 51 
352 7 8 46 51 
352 7 8 46 51 
352 7 8 46 51 
32 16 352 17 7 8 46 33 51 
352 7 8 46 51 
352 7 8 46 51 
352 7 8 46 51 
352 7 8 46 
352 7 8 46 51 
352 7 8 46 
352 7 8 46 51 
352 7 8 46 
352 7 8 46 
352 7 8 46 
352 7 8 46 51 
352 7 8 46 51 
352 7 8 46 51 
352 7 8 46 
352 7 8 46 
32 16 352 17 7 8 46 33 51 
352 7 8 46 
352 7 8 46 51 
352 7 8 46 51 
352 7 8 46 
352 7 8 46 51 
352 7 8 305 46 23 24 51 55 
352 7 8 46 
352 7 8 46 
352 7 8 46 
352 7 8 46 51 
352 7 8 46 51 
352 7 8 46 51 
352 7 8 46 
352 7 8 46 
352 7 8 46 
352 7 8 46 51 
352 7 8 46 
352 7 8 46 51 
352 7 8 46 51 
352 7 8 46 51 
352 7 8 46 51 
352 7 8 46 51 
352 7 8 46 
352 7 8 46 
352 7 8 46 51 
32 16 352 17 7 8 46 33 51 
352 7 8 46 51 
16 352 17 7 8 46 62 
352 7 8 46 51 
352 7 8 46 
352 7 8 46 51 
352 7 8 46 51 
352 7 8 46 51 
352 7 8 46 20 51 
352 7 8 46 51 
352 7 8 46 51 
352 7 8 46 51 
352 7 8 46 51 
32 16 352 17 7 8 46 33 51 
352 7 8 46 
352 7 8 46 51 
352 7 8 46 51 
352 7 8 46 
352 7 8 46 
352 7 8 46 51 
352 7 8 46 
352 7 8 46 51 
32 16 352 17 7 8 46 33 51 
352 7 8 46 51 
352 7 8 46 
352 7 8 46 
352 7 8 46 
352 7 8 46 
352 7 8 46 
352 7 8 46 51 
352 7 8 46 51 
352 7 8 46 51 
352 7 8 46 51 
352 7 8 46 51 
352 7 8 46 
32 16 352 17 7 8 46 33 
352 7 8 46 51 
352 7 8 46 
352 7 8 46 51 
352 7 8 46 51 
352 7 8 46 51 
352 7 8 46 51 
352 7 8 46 51 
352 7 8 46 
352 7 8 46 
352 7 8 46 
352 7 8 46 
352 7 8 46 51 
352 7 8 46 
352 7 8 46 51 
352 7 8 46 
352 7 8 46 
352 7 8 46 
352 7 8 46 51 
352 7 8 46 
352 7 8 46 267 51 
352 7 8 46 51 
352 7 8 46 94 10 
352 7 8 46 51 
352 7 8 46 51 
352 7 8 46 51 
352 7 8 46 
352 7 8 46 51 
32 16 352 17 7 8 46 33 
32 16 352 17 7 8 46 33 
352 7 8 46 9 10 51 
352 7 8 46 
352 7 8 46 51 
352 7 8 305 46 23 24 51 55 