16 17 101 122 
16 17 101 122 
16 17 101 122 
16 17 101 122 
16 17 101 122 
16 17 101 122 
16 17 101 122 
16 17 101 122 
16 17 101 122 
16 17 101 122 
16 17 101 122 
16 17 101 122 
16 17 101 122 
16 17 101 122 
16 17 101 122 
16 17 101 122 
16 17 101 122 
16 17 101 122 
16 17 101 122 
16 17 101 122 
16 17 101 122 
16 17 101 122 
16 17 101 122 
16 17 101 122 
16 17 101 122 
16 17 101 122 
16 17 101 122 
16 17 101 122 
16 17 101 122 
16 17 101 122 
16 17 101 122 
16 17 101 122 
16 17 101 122 
16 17 101 122 19 
16 17 101 122 
16 17 101 122 
16 17 101 122 
16 100 17 101 122 
16 17 101 122 
16 17 101 122 
16 17 101 122 
16 17 101 122 
16 17 101 122 
16 17 101 122 
16 17 101 122 
16 17 101 122 
16 17 101 122 
16 17 101 122 
16 17 101 122 
16 17 101 122 
16 17 101 122 15 82 
16 17 101 122 
16 17 101 122 
16 17 101 122 
16 17 101 122 
16 17 101 122 
16 17 101 122 
16 17 101 122 
16 17 101 122 
16 17 101 122 
16 17 7 101 122 9 10 
16 17 101 122 
16 17 101 122 
16 17 101 122 
16 17 101 122 
16 17 101 122 
16 17 101 122 
16 17 101 122 
16 17 101 122 
16 17 101 122 
16 17 101 122 
16 17 101 122 
16 17 101 122 
16 17 101 122 
16 17 101 122 
16 17 101 122 
16 17 101 122 
16 17 101 122 
16 17 101 122 
16 100 17 101 122 
16 17 101 122 
16 17 101 122 
16 17 101 122 
16 17 101 122 
16 17 7 101 122 9 10 
16 17 101 122 
16 17 101 122 
16 17 101 122 
16 17 101 122 
16 17 101 122 
16 17 101 122 
16 17 101 122 
16 17 101 122 
16 17 101 122 
16 17 101 122 
16 17 101 122 
16 17 101 122 
16 17 101 122 
16 17 101 122 
16 17 101 122 
16 17 101 122 
16 17 101 122 
16 17 101 122 
16 17 101 122 
16 17 101 122 
16 17 101 122 
16 17 101 122 
16 17 101 122 
16 17 101 122 
16 17 101 122 
16 17 101 122 
16 17 101 122 
16 17 101 122 
16 17 101 122 
16 17 101 122 
16 17 101 122 
16 17 101 122 
16 17 101 122 
16 17 101 122 
16 17 101 122 
16 17 101 122 
16 17 101 122 
16 17 101 122 
16 17 101 122 
16 17 101 122 
16 17 101 122 
16 17 101 122 
16 100 17 101 122 
16 17 101 122 
16 17 101 122 
16 17 101 122 
16 17 101 122 
16 17 101 122 
16 17 101 122 
16 17 101 122 
16 17 101 122 
16 17 101 122 
16 17 101 122 
16 17 101 122 
16 17 101 122 
16 17 101 122 
16 17 101 122 
16 17 101 122 
16 17 101 122 
16 17 101 122 
16 17 101 122 
16 17 101 122 
16 17 101 122 
16 17 101 122 
16 17 101 122 
16 17 101 122 
16 17 101 122 
16 17 101 122 
16 17 101 122 
16 17 101 122 