160 34 15 161 
160 34 15 161 
160 34 15 161 
160 34 15 161 
160 34 15 161 
160 34 15 161 
160 34 15 161 
160 34 15 161 
160 34 15 161 
160 34 15 161 
160 34 15 161 
160 34 15 161 
160 34 15 161 
160 34 15 161 35 
160 34 15 161 35 
160 34 15 161 
160 265 34 15 161 
16 160 34 19 15 161 
160 34 15 161 
160 34 15 161 
160 34 15 161 
160 34 15 161 
160 34 15 161 
160 34 15 161 
160 34 15 161 
160 34 15 161 
160 34 15 161 
160 34 15 161 
160 34 15 161 
160 34 15 161 
160 34 15 161 
160 34 15 161 
16 160 34 19 15 161 
160 34 15 161 
160 34 15 161 
160 34 15 161 
160 34 15 161 
160 34 15 161 
160 34 15 161 
160 265 34 15 161 
160 34 15 161 
160 34 15 161 
160 34 15 161 
160 34 15 161 
160 34 15 161 
160 34 15 161 
160 34 15 161 
160 34 15 161 
16 160 34 19 15 161 
160 34 15 161 
160 34 15 161 
160 265 34 15 161 
160 34 59 15 161 
160 34 15 161 
16 160 34 19 15 161 
160 34 15 161 
160 34 15 161 
160 34 15 161 
160 34 15 161 
160 34 15 161 
160 265 34 15 161 
160 34 15 161 
160 34 15 161 
160 34 15 161 
160 34 15 161 
160 34 15 161 
160 34 15 161 
160 34 15 161 
160 34 15 161 
160 34 15 161 
160 34 15 161 
160 34 15 161 
160 34 15 161 
160 34 15 161 
160 34 15 161 
160 34 15 161 
160 34 15 161 
160 34 15 161 
160 34 15 161 35 
160 34 15 161 
160 34 15 161 
160 34 15 161 
160 265 34 15 161 
160 34 15 161 
160 34 15 161 
160 34 15 161 
160 34 15 161 
160 34 15 161 
160 34 15 161 
160 34 15 161 
160 34 15 161 
160 34 15 161 
160 265 34 15 161 
160 34 15 161 
160 34 15 161 
160 34 15 161 
160 34 15 161 
160 34 15 161 
160 34 15 161 
160 34 15 161 
160 34 15 161 
160 34 15 161 
160 34 15 161 
160 34 15 161 
160 34 15 161 
160 34 15 161 
160 34 15 161 
160 34 15 161 
160 34 15 161 
160 34 15 161 
160 34 15 161 
160 34 15 161 
160 34 15 161 
160 34 15 161 
160 34 15 161 
160 34 15 161 
160 34 15 161 
160 34 15 161 
160 34 15 161 
160 34 15 161 
160 34 15 161 
160 34 15 161 
160 34 15 161 
13 160 34 15 14 161 
160 34 15 161 
160 34 15 161 
160 34 15 161 
160 34 15 161 
160 34 15 161 
160 34 15 161 
160 34 15 161 
160 34 15 161 
160 34 15 161 
160 34 15 161 
160 34 15 161 
160 34 15 161 
160 34 15 161 
160 34 15 161 
160 34 15 161 
160 34 15 161 
160 34 15 161 
160 34 15 161 
160 34 15 161 
160 34 15 161 
160 34 15 161 
160 34 15 161 
160 34 15 161 
160 34 15 161 
160 34 15 161 
16 160 34 19 15 161 
160 34 15 161 
160 34 15 161 
160 34 15 161 
160 34 15 161 
160 34 15 161 
160 34 15 161 
160 265 34 15 161 
160 34 15 161 
160 34 15 161 
160 34 15 161 
160 34 15 161 
160 34 15 161 
160 34 15 161 
160 34 15 161 
16 17 160 34 15 161 
160 34 15 161 
160 34 15 161 
160 34 15 161 
160 34 15 161 
160 34 15 161 
160 34 59 15 161 
160 34 15 161 
160 34 15 161 
160 34 15 161 
160 34 15 161 
160 34 15 161 
160 34 59 15 161 
160 34 15 161 
160 34 15 161 
160 34 15 161 
160 34 15 161 
160 34 59 15 161 
160 34 15 161 
160 34 15 161 171 
160 34 15 161 
160 34 15 161 
160 34 15 161 
160 34 15 161 
160 34 15 161 
160 34 15 161 
160 34 15 161 
160 34 15 161 
160 34 15 161 
160 34 15 161 
160 34 15 161 
160 34 15 161 
160 34 15 161 
160 34 15 161 
160 34 15 161 
160 34 15 161 
160 34 15 161 
160 34 15 161 
160 34 15 161 
160 34 15 161 
160 34 15 161 
160 265 34 15 161 
160 34 15 161 
16 17 160 34 15 161 
16 17 160 34 15 161 
160 34 15 161 
160 34 15 161 
160 34 15 161 
16 160 34 19 15 161 
160 34 15 161 
160 34 15 161 
160 34 15 161 
16 100 17 160 34 101 15 161 
160 34 15 161 
160 34 15 161 
160 34 15 161 
160 34 15 161 
160 34 15 161 
160 34 15 161 
160 34 15 161 
160 34 59 15 161 
160 34 15 161 
160 34 15 161 
160 34 15 161 
160 34 15 161 
160 34 15 161 
160 34 15 161 
160 34 15 161 
160 34 15 161 
160 34 15 161 
160 34 15 161 
160 34 15 161 
160 34 15 161 
160 34 15 161 
160 34 15 161 
160 34 15 161 
160 34 15 161 
160 34 15 161 
160 34 15 161 
160 34 15 161 
160 34 59 15 161 
160 34 15 161 
160 34 15 161 
160 34 15 161 
160 34 15 161 
160 34 15 161 
160 34 15 161 
16 160 34 19 15 161 
160 34 15 161 
160 34 15 161 
160 265 34 15 161 
160 34 15 161 
160 34 15 161 
160 34 59 15 161 
160 34 15 161 
160 34 15 161 
160 34 15 161 
16 160 34 19 15 161 
16 17 160 34 15 161 62 
160 34 15 161 
16 17 160 34 15 161 
160 34 15 161 
160 34 15 161 
160 34 15 161 
160 265 34 15 161 
160 34 15 161 
160 34 15 161 
160 34 15 161 
160 34 15 161 
160 34 15 161 
160 34 15 161 
160 34 15 161 
160 34 15 161 
160 34 15 161 
16 160 34 19 15 161 
160 34 15 161 
160 34 15 161 
160 34 15 161 
160 34 15 161 
160 34 15 161 
160 34 15 161 
160 34 59 15 161 
160 34 15 161 
160 34 15 161 
160 34 15 161 
160 34 15 161 
160 34 15 161 
160 34 15 161 
160 34 15 161 
160 34 15 161 
160 34 15 161 
160 34 15 161 
160 34 15 161 
160 34 15 161 
160 34 15 161 
160 34 15 161 
160 34 15 161 
160 34 15 161 
160 34 15 161 
160 34 15 161 
160 34 15 161 
160 34 15 161 
160 34 15 161 
160 34 15 161 
160 34 15 161 
160 34 15 161 
160 34 15 161 
160 34 15 161 
160 34 15 161 
160 34 15 161 
160 34 15 161 
160 34 15 161 
160 34 15 161 
160 34 15 161 
160 34 15 161 
160 34 15 161 
160 34 15 161 
160 34 15 161 
160 34 15 161 
160 34 15 161 
160 34 15 161 
160 34 15 161 
160 34 15 161 
160 34 15 161 
160 34 15 161 
16 160 34 19 15 161 
160 34 15 161 
160 34 15 161 
160 34 15 161 
160 34 15 161 
160 34 15 161 
160 34 15 161 
160 34 15 161 
160 34 15 161 
160 34 15 161 
160 34 15 161 
160 34 15 161 
160 265 34 15 161 
160 34 15 161 
160 34 15 161 
160 34 15 161 
160 34 15 161 
160 34 15 161 
160 34 15 161 259 
160 34 15 161 
160 34 15 161 
160 34 15 161 
160 34 15 161 
160 34 15 161 
160 34 15 161 
160 34 15 161 
160 34 15 161 
160 34 15 161 
160 34 15 161 
160 34 15 161 
160 34 15 161 
160 34 15 161 
160 34 15 161 
160 34 15 161 
160 34 15 161 
160 34 15 161 
160 34 15 161 
160 34 15 161 
160 34 15 161 
160 34 15 161 
16 100 17 160 34 101 15 161 
160 34 15 161 
160 34 15 161 
160 34 15 161 
160 34 15 161 
160 34 15 161 
160 34 15 161 
160 34 15 161 
160 34 15 161 
160 34 15 161 
160 34 15 161 
160 34 15 161 
16 160 34 19 15 161 
160 34 15 161 
160 34 15 161 
160 34 15 161 
160 34 15 161 
160 34 15 161 
160 34 15 161 
160 34 15 161 
160 34 15 161 
160 34 15 161 
160 34 15 161 
160 34 15 161 35 
160 265 34 15 161 
160 34 15 161 
160 34 15 161 
160 34 15 161 
160 34 15 161 
160 34 15 161 
160 34 15 161 
16 17 160 34 15 161 
160 34 15 161 
160 34 15 161 
160 34 15 161 
160 34 15 161 
160 34 15 161 
160 34 15 161 
160 34 15 161 
160 34 15 161 
160 34 15 161 
160 34 15 161 
160 34 15 161 
160 34 15 161 
160 34 15 161 
160 34 15 161 
160 34 15 161 
160 34 15 161 
160 34 15 161 
160 34 15 161 
160 34 15 161 
160 34 15 161 
160 34 15 161 
160 34 15 161 
160 34 15 161 
160 34 15 161 
160 34 15 161 
160 34 15 161 
160 34 15 161 
160 34 15 161 
160 34 15 161 
160 34 15 161 
160 34 15 161 
160 34 15 161 
160 34 15 161 
160 34 15 161 
160 34 15 161 
160 34 15 161 
160 265 34 15 161 
160 34 15 161 
160 34 15 161 
160 34 15 161 
160 34 15 161 
160 34 15 161 
16 160 34 19 15 161 
160 34 15 161 
160 34 15 161 
160 34 15 161 
160 34 15 161 
160 34 15 161 
160 34 15 161 