401 400 
399 400 
401 400 
401 400 
401 400 
401 400 
401 400 
401 400 
401 400 
401 400 
401 400 
401 400 
401 400 
401 400 
401 400 
401 400 
399 400 
399 400 
399 400 
399 400 
399 400 
399 400 
399 400 
399 400 
399 400 
399 400 
399 400 
399 400 
399 400 
399 400 
399 400 
399 400 
401 400 
399 400 
401 400 
401 400 
401 400 
401 400 
401 400 
401 400 
401 400 
401 400 
401 400 
401 400 
401 400 
401 400 
401 400 
399 400 
399 400 
399 400 
399 400 
399 400 
399 400 
399 400 
399 400 
399 400 
399 400 
399 400 
399 400 
399 400 
399 400 
399 400 
401 400 
401 400 
401 400 
401 400 
399 400 