7 8 94 10 
7 8 186 
7 8 186 
7 8 186 
7 8 186 
428 26 27 7 8 46 
7 8 186 
7 8 186 
7 8 94 10 
7 8 94 10 
7 8 94 10 
7 8 94 10 
7 8 186 
7 8 186 
7 8 186 
7 8 186 
7 8 186 
7 8 186 
7 8 94 10 
7 8 186 
7 8 186 
7 8 94 10 
7 8 94 10 
7 8 94 10 
7 8 45 46 112 48 
7 8 94 10 
7 8 186 
428 7 8 46 
7 8 186 
428 26 27 7 8 46 
7 8 186 
7 8 186 
7 8 186 
7 8 186 
7 8 186 
32 16 17 7 8 33 94 10 
7 8 186 
7 8 186 
7 8 186 
7 8 45 46 112 48 
428 7 8 46 
7 8 186 
7 8 186 
7 8 186 
7 8 186 
7 8 186 
7 8 186 
7 8 186 
428 7 8 46 
7 8 186 
428 26 27 7 8 46 
7 8 
7 8 94 10 
7 8 94 10 
7 8 186 
7 8 186 
7 8 186 
7 8 94 10 
7 8 94 10 
7 8 94 10 
7 8 94 10 
7 8 186 
7 8 186 
7 8 186 
16 17 7 8 62 
7 8 9 10 
429 7 8 46 
7 8 46 51 
428 7 8 46 
7 8 186 59 15 
7 8 
7 8 
7 8 9 10 
16 7 8 19 
7 8 
7 8 
7 8 
16 7 8 19 261 
7 8 
7 8 
7 8 
7 8 9 10 
7 8 9 10 
7 8 
7 8 
7 8 
7 8 
177 7 8 110 
429 7 8 46 
429 7 8 46 
429 7 8 46 
429 7 8 46 
7 8 9 10 
7 40 8 15 
16 17 7 8 62 
429 7 8 46 
7 8 