7 8 94 9 10 
7 8 94 9 10 
7 8 94 9 10 
7 8 94 9 10 
7 8 94 9 10 
7 8 94 9 10 
7 8 94 9 10 
7 8 94 9 10 
7 8 94 9 10 
7 8 94 9 10 
7 8 94 9 10 
7 8 94 9 10 
7 8 94 9 10 
7 8 94 9 10 
7 8 94 9 10 
7 8 94 9 10 
7 8 94 9 10 
7 8 94 9 10 
7 8 94 9 10 
12 7 8 94 9 10 
12 7 8 94 9 10 
7 8 94 9 10 
7 8 94 9 10 
7 8 94 9 10 
7 8 94 9 10 
7 8 94 9 10 
7 8 94 9 10 
7 8 94 9 10 
12 7 8 94 9 10 
7 8 94 9 10 
7 8 94 9 10 
7 8 94 9 10 
7 8 94 9 10 
7 8 94 9 10 
7 8 94 9 10 
7 8 94 9 10 
12 7 8 94 9 10 
114 7 8 94 118 10 
7 8 94 9 10 
114 7 8 94 118 9 10 
7 8 94 9 10 
7 8 94 9 10 
7 8 94 9 10 
7 8 94 9 10 
7 8 94 9 10 
7 8 94 9 10 
7 8 94 9 10 
18 7 8 94 9 10 
7 8 94 9 10 
7 8 94 9 10 
7 8 94 9 10 
7 8 94 9 10 
7 8 94 9 10 
7 8 94 9 10 
12 7 8 94 9 10 
7 8 94 9 10 
18 7 8 94 9 10 
7 8 94 9 10 
7 8 94 9 10 
7 8 94 9 10 
18 7 8 94 9 10 
7 8 94 9 10 
18 7 8 94 9 10 
18 7 8 94 9 10 
7 8 94 9 10 
7 8 94 9 10 
7 8 94 9 10 
7 8 94 9 10 
18 7 8 94 9 10 
7 8 94 9 10 
7 8 94 9 10 
7 8 94 9 10 
7 8 94 9 10 
7 8 94 9 10 
7 8 94 9 10 
18 7 8 94 9 10 
7 8 94 9 10 
7 8 94 9 10 
7 8 94 9 10 
7 8 94 9 10 
16 114 17 7 8 94 118 10 
18 7 8 94 9 10 
7 8 94 9 10 