20 39 23 24 55 
7 46 20 39 51 
77 7 20 9 10 
20 
20 
22 20 23 24 
77 20 
20 
20 
25 20 
26 27 7 25 20 
25 20 
25 20 
7 25 20 
16 25 20 19 
25 20 
26 27 7 25 20 
25 20 28 23 24 
29 25 20 
25 20 
25 20 
16 25 20 19 
25 20 
25 20 
25 20 
25 20 
30 31 25 20 
26 27 7 25 20 
25 20 
25 20 
25 20 
25 20 
7 25 20 
26 27 7 25 20 
26 27 7 25 20 
16 17 25 20 
16 17 25 20 
32 16 17 25 20 33 
25 20 
25 20 
25 20 
20 
25 20 
77 20 
20 
20 
34 25 20 15 35 
20 
25 20 
20 
25 20 
25 20 
25 20 
25 20 
25 20 
25 20 
25 20 15 
25 20 
25 20 
25 20 
26 27 7 25 20 
7 25 20 
25 20 
25 22 20 23 24 
20 
25 20 
25 20 
16 36 37 20 38 19 
16 20 19 
20 39 
20 39 
20 39 
20 
20 
20 39 
26 27 7 20 
20 
20 
20 66 
61 20 
20 3 
20 
20 
20 
20 
20 39 
20 39 
20 39 
20 39 
61 20 
20 39 
20 39 
20 39 
7 20 39 
7 20 39 
7 20 39 
20 39 
40 20 39 15 
20 
20 39 
20 39 
20 39 
20 
20 39 
20 39 
22 20 39 23 24 
26 27 7 20 
20 
20 39 
1 20 
26 27 7 20 
20 39 
20 39 
27 7 44 20 39 43 
20 39 
41 42 27 7 20 39 43 
20 39 
20 39 
7 20 39 
20 39 
20 39 
20 39 
20 39 
20 
7 45 46 20 39 47 48 
20 39 
20 39 
20 39 
20 39 
20 39 
20 39 
20 39 
20 39 
20 39 
20 39 
41 42 27 7 20 39 43 
20 39 
20 39 
29 20 39 
20 39 
7 20 
20 39 
20 
42 27 7 20 49 43 
20 39 
20 39 
20 39 
20 39 
20 39 
20 
20 39 
20 39 
20 39 
20 39 
16 20 39 
20 39 
22 20 39 23 24 
20 39 
20 39 
20 39 
7 20 39 
20 
20 39 
7 46 20 39 51 
7 20 39 
20 39 
20 39 
20 39 
20 39 
7 46 20 39 51 
20 
50 20 3 
20 39 
20 39 
7 45 46 20 39 47 48 
20 39 
7 20 39 
20 39 
20 39 
20 39 
20 39 
13 20 39 15 
20 39 
20 39 
20 39 
20 39 
20 39 
20 39 
20 39 
20 39 
20 39 
20 39 
20 39 
7 46 20 51 
22 20 39 23 24 
20 39 
20 39 
7 20 39 
22 20 39 23 24 
20 39 
20 39 
20 39 
20 39 
20 39 
7 20 39 
20 39 
20 39 
20 39 
20 39 
7 20 39 
22 20 39 23 24 
20 39 
20 39 
22 20 39 23 24 
20 39 
20 39 
20 39 
7 20 39 
20 39 
20 39 
20 39 
20 39 
20 
20 39 
20 39 
20 39 
52 20 39 53 
20 39 
20 39 
20 39 
20 39 
20 39 
20 39 
20 39 
20 39 
7 45 46 20 39 47 48 
20 39 
7 20 
20 39 
20 39 
7 20 39 
20 39 
7 20 39 
20 39 
20 39 
20 39 
20 39 
20 39 
20 39 
22 20 39 23 24 
20 39 
20 39 
20 39 
20 39 
20 39 
20 
20 
20 
7 45 46 20 39 47 48 
20 39 
20 39 
20 39 
20 39 
20 39 
20 39 
20 39 
20 39 
20 39 
20 39 
20 39 
20 
20 39 
20 39 
20 
20 
20 39 
20 39 
20 
20 39 
20 39 
20 39 
20 39 
20 39 
7 45 46 20 39 47 48 
20 39 
20 
20 39 
22 20 39 23 24 
20 39 
20 
20 39 
20 39 
20 39 
20 
20 
26 27 7 20 39 
20 
7 45 46 20 47 48 
7 20 
20 
22 20 23 24 
20 
7 20 9 10 
20 
20 
20 
20 
20 
20 
20 
20 
7 20 
20 
20 
20 
20 
20 
20 
20 39 
20 
7 20 39 
20 
20 
20 
20 39 
20 39 
20 39 
20 
20 
20 
20 
20 
20 
7 20 
20 
20 
20 
7 46 20 54 
20 
20 39 
20 39 
20 39 
20 39 
20 39 
20 39 
22 20 39 23 24 
20 39 
20 39 
20 39 
20 39 
20 
20 39 
20 39 
7 20 39 9 10 
20 39 
20 39 
20 39 
20 39 
26 27 7 20 39 
20 39 
20 39 
20 39 
20 39 
20 39 
20 39 
29 20 
20 39 
20 39 
20 39 
20 39 
20 39 
7 20 39 
20 39 
20 39 
20 39 
20 39 
20 39 
20 39 
20 39 
20 39 
20 39 
20 39 
20 39 
20 39 
20 39 
20 39 
20 39 
20 39 
20 39 
20 39 
16 36 37 20 39 38 19 
20 39 
20 39 
20 39 
20 39 
20 
16 17 20 39 56 
20 39 
20 39 
20 39 
20 39 
20 39 
20 39 
20 39 
20 39 
20 39 
20 39 
20 39 
20 39 
20 39 
20 39 
20 39 
20 
20 39 
20 39 
20 39 
20 39 
42 27 7 20 39 57 43 
20 39 
20 39 
42 27 7 20 39 57 43 
20 39 
20 39 
20 39 
26 27 7 20 39 
20 39 
20 39 
20 39 
20 39 
20 39 
20 39 
20 39 
7 20 39 
20 39 
7 46 20 39 51 
20 39 
20 39 
20 39 
20 39 
20 39 
7 20 39 
20 39 
20 39 
20 39 
20 39 
20 39 
20 39 
16 20 39 
20 39 
20 39 
20 39 
20 39 
20 39 
22 20 39 23 24 
20 39 
20 39 
20 39 
20 39 
20 39 
20 39 
7 20 39 
20 39 
20 
20 39 
20 39 
7 20 39 
20 39 
20 39 
29 20 39 
20 39 
20 39 
20 39 
20 39 
20 39 
20 39 
20 39 
7 46 20 39 51 
20 39 
20 39 
29 20 39 
20 39 
20 39 
20 39 
20 39 
20 39 
20 39 
32 16 17 20 39 33 
20 39 28 23 24 
20 39 
20 39 
20 39 
32 16 17 20 39 33 
20 39 
20 39 
20 39 
20 39 
20 39 
20 
20 
20 
20 
20 
20 
20 
20 
20 
20 
20 
20 39 
20 39 
20 
16 20 
20 
20 
20 
20 
20 
20 
58 20 
58 20 
20 
58 20 
58 20 
58 20 
58 20 
58 20 
20 
58 20 
32 16 58 17 20 33 
58 20 
58 20 
20 
20 
20 
58 20 
20 
58 20 
20 
20 
32 16 58 17 20 33 
20 
58 20 
20 
32 16 58 17 20 33 
20 
20 
58 20 
58 20 
20 
20 
32 16 17 20 33 
20 
20 
20 
58 20 
58 20 
58 20 
58 20 
58 20 
20 
58 20 
58 20 
58 20 
20 
20 
20 
20 
20 
32 16 58 17 20 33 
32 16 58 17 20 33 
58 20 
32 16 58 17 20 33 
20 
58 20 
58 20 
58 20 
58 20 39 
20 
1 20 
32 16 58 17 20 33 
32 16 58 17 20 33 
58 20 
20 
58 20 
58 20 
20 
32 16 58 17 20 33 
20 
20 
20 
32 16 58 17 20 33 
58 20 
58 20 
32 16 58 17 20 33 
20 
58 20 
32 16 58 17 20 33 
20 
20 
58 20 
20 
32 16 58 17 20 33 
20 
58 20 
58 20 
20 
20 
58 20 
58 20 
58 20 
58 20 
58 20 59 15 
20 
58 20 
32 16 58 17 20 33 
20 
20 
20 
20 
58 20 
20 
58 20 
20 
58 20 
58 20 
58 20 
58 20 
20 
58 20 
32 16 58 17 20 33 
58 20 
20 
58 20 
58 20 
58 7 20 
58 20 
32 16 17 20 33 
32 16 17 20 33 
20 
58 20 
20 
7 20 9 10 
20 
58 60 20 
20 
58 20 
58 20 
20 
58 20 
26 27 7 20 
32 16 58 17 20 33 
58 20 
58 20 
58 20 
58 20 
58 20 
58 20 
32 16 58 17 20 33 
20 
20 
58 20 
58 20 
1 20 
58 20 
58 20 
32 16 58 17 20 33 
20 
32 16 58 17 20 33 
58 20 
20 
58 20 
20 
20 
20 
58 20 
58 20 
58 20 
58 20 
58 20 
20 
20 
58 20 
26 27 58 7 20 
20 
20 
32 16 17 20 33 
20 
20 
20 
20 
20 
20 
32 16 17 20 33 
20 
20 
20 
7 20 
60 20 
20 
60 20 
60 20 
20 
60 20 
60 20 
20 
20 
60 20 
60 20 
60 20 
60 20 
60 20 
60 20 
60 20 
60 20 
60 20 
60 20 
60 20 
26 27 60 7 20 
32 16 17 20 33 
60 20 
60 20 
20 
60 20 
60 20 
16 17 20 62 
60 20 
60 20 
20 
20 
20 
20 
20 
20 
60 20 
20 
20 
60 20 
60 20 
60 20 
60 20 
58 20 
32 16 60 17 20 33 
60 20 
60 20 
60 20 
60 20 
60 20 
60 20 
32 16 60 17 20 33 
60 20 
60 20 
60 20 
60 20 
60 20 
32 16 60 17 20 33 
20 
60 20 
60 20 
60 20 
60 20 
60 20 
32 16 60 17 20 33 
60 20 
60 20 
60 20 
60 20 
60 20 
60 20 
42 27 60 7 20 57 43 
7 20 9 10 
60 20 
60 20 
60 20 
60 20 
60 20 24 
60 20 
32 16 60 17 20 33 
60 20 
20 
20 
60 20 
60 20 
58 20 
20 
7 20 
7 20 
29 20 
7 20 9 10 
20 
20 
20 
20 
60 20 
20 59 15 
26 27 7 20 
20 
32 16 58 17 20 33 
60 20 
58 20 
58 20 
60 20 
60 20 
20 
26 27 7 20 
60 20 
20 
32 16 58 17 20 33 
60 20 
20 
20 
42 27 7 20 49 43 
26 27 7 20 
29 20 
20 
20 
32 16 17 20 33 
20 
20 
60 20 
20 
20 
20 
26 27 7 20 
60 20 
32 16 17 20 33 
20 
29 20 
7 20 9 10 
60 20 
60 20 
60 20 
60 20 
20 
60 20 
60 63 3 20 
20 
20 
60 20 
60 20 
60 20 
20 
20 
60 20 
20 
20 
60 20 
60 20 
60 20 
60 20 
60 20 
20 
20 
60 20 
60 20 
20 
60 20 
60 20 
20 
20 
60 20 
60 20 
60 20 
60 20 
60 20 
32 16 17 20 33 
60 20 
20 
60 20 
60 20 
20 
60 20 
20 
60 20 
60 20 
60 20 
60 20 
60 20 
20 
60 20 
16 17 20 62 
20 
60 20 
60 20 
60 20 
60 20 
60 20 
60 20 
60 20 
60 20 
20 
60 20 
60 20 
60 20 
60 20 
60 20 
20 
60 20 
60 20 
60 20 
60 20 
60 20 
60 20 
60 20 
32 16 17 20 33 
58 20 
20 
20 
20 
20 
60 20 
60 20 
60 20 
60 20 
60 20 
60 20 
60 20 
60 20 
60 20 
60 20 
60 20 
32 16 17 20 33 
20 
60 20 
60 20 
60 20 
60 20 
20 
20 
20 
20 
20 
60 20 
32 16 60 17 20 33 
60 20 
60 20 
60 20 
60 20 
60 20 
60 20 
60 20 
20 
60 20 
60 20 
32 16 60 17 20 33 
60 20 
60 20 
60 20 
60 20 
60 20 
20 
60 20 
32 16 60 17 20 33 
60 20 
60 20 
60 20 
60 20 
60 20 
60 20 
60 20 
60 20 
20 
60 20 
60 20 
32 16 17 20 33 
32 16 17 20 33 
20 
60 20 
20 
60 20 
60 20 
60 20 
60 7 20 
20 
60 20 
20 
60 20 
20 
20 
60 20 
60 20 
60 20 
60 20 
60 20 
60 20 
20 
60 20 
58 7 20 
20 
32 16 17 20 33 
20 
32 16 58 17 20 33 
20 
60 20 
60 20 
60 20 
60 20 
60 20 
60 20 
60 20 
60 20 
60 20 
60 20 
60 20 
60 20 
20 
20 
20 
26 27 7 25 20 
25 20 
20 
25 20 
25 20 
20 
16 25 20 19 
25 20 
25 20 
25 20 
25 20 
25 20 
25 20 
25 20 
25 20 
26 27 7 25 20 
26 27 7 25 20 
25 20 59 15 
64 25 20 
64 20 
25 20 
25 20 
25 20 
16 17 20 
20 
20 
20 
7 20 
20 
20 
20 
20 
20 
20 
16 17 20 56 
25 20 
20 
20 
64 20 
20 
64 34 20 15 35 
7 20 
20 
20 
20 
20 
20 
20 
20 
20 
20 
60 20 
32 16 17 20 33 
20 
20 
20 
20 
20 
20 66 
20 
20 
7 20 
26 27 7 20 
7 20 
64 20 
20 3 65 66 
20 66 
20 
20 66 
58 20 
20 66 
20 66 
20 66 
60 20 
20 66 
32 16 60 17 20 33 
20 66 
16 17 20 66 
20 66 
20 66 
20 66 
20 66 
20 66 
20 66 
20 66 
20 66 
20 66 
20 66 
20 66 
20 66 
20 66 
20 66 
20 66 
16 17 20 66 
16 17 20 66 
20 66 
20 66 
20 66 
20 66 
20 66 
20 66 
20 66 
20 66 
20 66 
20 66 
16 17 20 66 
20 66 
20 66 
20 66 
20 66 
20 66 
20 66 
16 17 20 66 
16 17 20 66 
20 66 
20 66 
20 3 65 66 
20 66 
20 66 
20 66 
20 66 
20 66 
20 66 
20 66 
20 66 
20 66 
20 66 
20 66 
20 66 
20 66 
20 66 
20 66 
16 17 20 66 
20 66 
20 66 
20 66 
20 66 
20 66 
20 66 
20 66 
20 66 
20 66 
20 66 
7 20 9 10 
20 
20 
20 
7 20 9 10 
20 
20 
20 
16 17 20 
20 66 
20 66 
20 66 
16 17 20 66 
20 66 
20 66 
20 66 
20 66 
20 66 
16 17 20 66 
20 66 
20 66 
20 66 
20 66 
20 66 
20 66 
20 66 
7 20 66 
20 66 
20 66 
20 66 
20 66 
20 66 
20 3 65 66 
32 16 17 20 33 66 
20 66 
16 17 20 66 
20 66 
20 66 
20 66 
20 66 
20 66 
20 66 
20 3 65 66 
20 66 
20 66 
20 66 
20 66 
7 20 66 
67 16 37 20 19 68 66 
20 66 
16 17 20 66 
20 66 
16 17 20 66 
20 66 
20 66 
16 17 20 66 
32 16 17 20 33 66 
7 20 
20 66 
20 3 65 66 
20 
20 66 
20 66 
20 66 
20 3 65 66 
16 17 20 66 
20 66 
20 66 
20 66 
16 17 20 66 
20 66 
20 66 
20 3 65 66 
20 
16 17 20 66 
16 17 20 66 
20 3 65 66 
20 66 
20 66 
20 66 
20 66 
16 17 20 66 
20 66 
20 66 
20 3 65 66 
20 66 
20 66 
20 3 65 66 
20 66 
20 66 
16 17 20 66 
16 17 20 69 66 
20 66 
20 66 
20 66 
20 66 
20 66 
20 66 
20 66 
20 66 
20 66 
20 66 
20 3 65 66 
20 66 
20 66 
20 66 
20 66 
20 3 65 66 
20 66 
20 66 
20 66 
20 66 
20 3 65 66 
16 17 20 66 
20 66 
20 66 
20 66 
20 3 65 66 
20 66 
16 17 20 66 
20 3 65 66 
20 
20 66 
20 66 
20 66 
20 66 
20 66 
20 66 
16 17 20 66 
16 17 20 66 
16 17 20 66 
20 66 
20 66 
16 17 20 66 
16 17 20 66 
16 17 20 66 
20 66 
20 66 
16 17 20 66 
16 17 20 66 
20 66 
20 66 
20 66 
16 17 20 66 
20 3 65 66 
20 66 
20 66 
16 17 20 66 
20 3 65 66 
20 66 
20 66 
7 20 66 
20 3 65 66 
20 66 
20 66 
20 66 
20 66 
20 66 
16 17 20 70 66 
20 66 
16 17 20 66 
20 66 
20 66 
20 66 
20 66 
20 66 
20 66 
20 66 
20 66 
20 66 
16 17 20 66 
20 66 
20 66 
16 17 20 66 
20 66 
20 66 
20 66 
16 17 20 66 
20 66 
16 17 20 66 
20 66 
20 66 
20 66 
20 
27 7 20 71 43 
20 
7 20 9 10 
42 27 7 20 43 
16 17 20 66 
20 66 
20 66 
20 66 
20 66 
20 66 
20 66 
20 66 
20 66 
20 66 
20 66 
20 66 
20 66 
20 66 
20 66 
20 
20 66 
20 66 
20 66 
20 66 
20 66 
20 66 
16 17 20 66 
20 66 
16 17 20 66 
20 66 
16 17 20 66 
20 66 
16 17 20 69 66 
20 66 
20 66 
20 66 
20 3 65 66 
20 66 
20 66 
20 66 
20 66 
20 66 
20 66 
16 17 20 66 
20 66 
20 66 
20 66 
20 66 
20 66 
64 20 
64 20 
64 20 
64 20 
16 64 20 19 
64 20 3 65 
64 20 
64 20 
64 20 
64 20 
64 20 
64 20 
64 20 
64 20 3 65 
64 20 
64 20 
64 20 
64 20 
64 20 
64 20 
64 20 
64 20 
64 20 
64 20 
64 20 
64 20 
64 20 
64 20 
64 20 
64 20 
64 20 
64 20 
64 20 
64 20 
64 20 
64 20 
64 20 
64 20 
64 20 
64 20 
64 20 3 65 
64 20 
64 20 
64 20 
64 20 
64 20 
64 20 
64 20 
64 20 
64 20 3 65 
64 20 
64 20 
64 20 
16 64 17 20 69 72 
64 7 20 
64 7 20 
64 7 20 
64 20 
64 7 20 9 10 
64 20 
64 34 20 15 35 
64 7 20 
64 20 
64 20 
61 20 
64 20 
64 26 27 7 20 
64 20 
64 20 
64 20 
64 20 
64 20 
16 64 17 20 69 
64 7 20 
64 20 
64 20 
64 20 
64 20 
64 20 
64 20 
64 20 
64 20 
64 20 
64 20 3 65 
64 20 
64 20 
64 20 
64 20 
64 20 
64 20 
64 20 
64 20 
64 20 3 65 
64 73 20 74 75 
64 20 
64 20 
64 20 
64 20 
64 20 3 65 
64 20 
64 20 
64 20 
64 20 
64 20 
64 20 
64 20 
64 20 
64 20 
64 20 
64 20 
64 20 
64 20 
64 20 15 
64 20 15 
64 20 
64 20 
64 20 
64 20 
64 20 
64 20 
64 20 
64 20 
64 20 
64 20 
64 20 
64 20 
64 20 3 65 
64 20 
64 20 
64 20 
64 20 
64 20 
64 20 
64 20 
64 20 
64 20 
64 20 
64 20 
64 20 
64 20 
64 20 
64 20 
64 20 
64 20 
64 20 
64 20 
64 20 
64 20 
64 20 
64 20 
64 20 
64 20 
64 20 
64 20 
64 20 3 65 
64 20 3 65 
64 20 3 65 
64 20 
64 20 
64 20 
64 20 
64 20 3 65 
64 20 
64 20 
64 20 
64 20 3 65 
64 20 
7 20 
76 20 3 65 
76 20 
76 20 
76 20 
76 20 
76 20 
20 
76 20 
76 20 
32 16 76 17 20 33 
76 20 
76 20 
76 20 
76 20 
76 20 
76 20 
76 20 
76 20 
76 20 
76 20 
76 20 
76 7 20 9 10 
76 20 24 
76 20 3 65 
76 20 
76 20 
76 20 
76 20 
76 20 
76 20 
76 20 
76 20 
76 20 
76 20 
76 20 
76 7 20 9 10 
76 20 
76 20 
76 20 
76 20 
76 20 
32 16 76 17 20 33 
76 20 
76 20 
32 16 76 17 20 33 
76 20 
76 20 
76 20 
76 20 
76 20 
76 20 
76 20 
76 20 
76 20 
76 20 
76 20 
76 20 
20 
76 20 
76 20 
20 
20 
20 
20 
20 
20 
20 
20 
20 
20 
61 20 
20 
7 25 20 9 10 
26 27 7 25 20 
25 20 
77 20 
77 20 
20 
20 59 15 
20 78 
20 
20 
20 
16 36 37 20 38 19 
20 
7 20 
20 
77 20 
20 
20 
20 
20 
7 20 
20 
20 
20 
20 
77 7 20 
77 34 79 20 80 15 
32 16 17 20 33 
61 20 
77 20 
20 
20 
77 20 
20 
77 20 
20 
77 7 20 
20 
20 
20 
77 20 
77 20 
20 
77 20 
77 20 59 15 
20 
77 20 
7 20 
77 20 
77 20 
77 20 
77 7 20 9 10 
32 16 17 77 20 33 
77 20 
20 
26 27 77 7 20 
26 27 77 7 20 
77 20 
77 20 
77 20 
77 20 
77 20 
77 20 
77 20 
77 20 
32 16 17 77 20 33 
77 20 
77 7 20 
77 20 
77 20 
77 20 
20 
77 20 
77 20 
77 20 
77 20 
77 20 
77 20 
77 20 
77 7 20 9 10 
77 20 
77 20 
77 34 20 15 35 
77 20 
77 20 
77 20 
32 16 17 77 20 33 
77 20 
77 20 
77 20 
77 20 
77 20 
77 20 
77 20 
77 20 
77 20 
77 20 
77 22 20 23 24 
77 20 
77 7 20 9 10 
32 16 17 77 20 33 
77 20 
77 20 
77 20 
77 20 
16 77 20 19 
77 20 
77 20 
26 27 77 7 20 
77 20 
77 20 
77 20 
77 20 
77 20 78 
77 20 
32 16 17 77 20 33 
77 20 
77 7 20 
77 20 39 
77 20 
77 20 
77 20 
26 27 77 7 20 
77 20 
77 20 
77 20 
77 7 20 
77 20 
77 20 
77 20 
77 20 
77 20 
32 16 17 77 20 33 
26 27 77 7 20 
26 27 77 7 20 
77 20 
77 20 
77 20 
77 20 
77 20 
77 20 
26 27 77 7 20 
77 20 
77 7 20 
77 20 
77 7 20 
77 20 
77 20 
77 20 
26 27 77 7 20 
26 27 77 7 20 
77 20 
77 20 
77 20 
77 7 20 9 10 
26 27 77 7 20 
26 27 77 7 20 
77 20 
77 20 
26 27 77 7 20 
77 20 
77 7 20 
77 20 
32 16 17 77 20 33 
77 40 20 15 
77 20 
42 27 77 7 20 43 81 
77 7 20 
32 16 17 77 20 33 
77 20 39 
13 20 15 
77 7 20 
77 20 
77 20 
77 20 
26 27 77 7 20 
16 36 77 37 20 38 19 
77 20 
77 20 
77 20 
77 20 
77 20 
77 20 
77 20 
26 27 77 7 20 
77 20 
77 20 
77 20 
77 20 
29 77 20 
77 20 
77 20 
77 20 
77 7 20 9 10 
77 20 15 
77 20 
77 20 
77 20 
77 20 
77 20 
77 20 
77 7 20 9 10 
77 20 
77 20 
77 20 
77 20 
77 20 
26 27 77 7 20 
77 20 
77 20 
77 20 
77 20 
26 27 77 7 20 
77 20 
77 20 
26 27 77 7 20 
77 20 
77 20 
77 20 
77 20 
77 20 
77 20 
77 7 20 9 10 
77 20 
77 20 
77 20 
77 20 
77 20 
26 27 77 7 20 
77 20 
77 20 
77 20 
77 7 20 
7 20 9 10 
77 20 
77 20 
77 20 
77 20 
77 7 20 
77 20 
77 20 
77 20 
77 20 
77 20 
77 20 
77 20 
20 
77 20 
77 20 
77 20 
77 20 
77 20 
77 20 
26 27 77 7 20 
77 20 
77 20 
26 27 77 7 20 
77 20 
77 20 24 
77 20 
26 27 77 7 20 
77 20 
42 27 77 7 20 43 81 
77 20 
77 20 
77 20 59 15 
60 77 20 
77 20 
20 
77 20 
77 7 20 
16 77 20 19 
16 77 17 20 69 72 
32 16 17 77 20 33 
77 20 
77 20 
77 20 
26 27 77 7 20 
77 20 
77 7 20 
77 20 
77 34 20 15 35 
77 20 
77 7 20 
77 20 
32 16 17 77 20 33 
26 27 7 20 
20 
20 
20 
20 
77 20 
77 20 15 
61 20 
77 20 
77 20 
77 20 
77 20 
20 
20 
20 
20 
77 20 
77 20 
77 20 15 82 
16 77 17 20 62 
77 20 23 24 55 
20 
20 
77 20 
77 20 
42 27 7 20 43 81 
20 
20 
77 20 
77 20 
77 20 
29 77 20 
77 20 
20 
20 
61 20 
77 34 20 15 35 
61 20 
77 20 
77 20 
61 20 
20 
61 20 
61 20 
16 61 17 20 
61 20 
16 61 17 20 
16 61 17 20 
16 61 17 20 
16 61 17 20 
61 20 
61 20 
61 20 
61 20 
61 20 
16 61 17 20 
16 61 17 20 
61 20 
16 61 17 20 
61 20 
61 20 
61 20 
61 20 
61 20 
61 20 
61 20 
61 20 
61 20 
61 20 
61 20 
61 20 
16 61 17 20 
61 20 
61 20 
61 20 
16 61 17 20 
16 61 17 20 
61 20 
61 20 
61 20 
61 20 
16 61 17 20 
16 61 17 20 
61 20 
16 61 17 20 
61 20 
61 20 
16 61 17 20 
61 20 
61 20 
16 61 17 20 
61 20 
61 7 20 
61 20 
61 20 
61 20 
20 39 
61 20 
61 20 
61 7 20 
61 7 20 
61 20 
61 20 
61 20 
61 20 
61 20 
61 20 
61 20 
61 20 
61 20 
61 20 
77 20 
61 20 
61 7 20 
16 61 17 20 
61 20 
61 20 
61 20 
61 20 
16 61 17 20 69 
61 20 
61 20 
61 20 
61 20 
61 20 
61 20 
16 61 17 20 
61 20 
61 20 
29 61 20 
61 20 
61 20 
61 20 
61 20 
16 61 17 20 
61 20 
16 61 17 20 
16 61 17 20 
61 20 
16 61 17 20 62 
61 20 
61 20 
61 20 
61 20 
61 20 
20 
61 20 
20 
73 20 74 
20 
7 20 
61 20 
61 20 
61 20 
61 20 
61 20 
61 20 
67 16 61 37 20 19 68 
61 20 
61 20 
16 61 17 20 
61 20 
61 20 
61 20 
61 20 
61 20 
61 20 
61 20 
61 20 
61 20 
61 20 
61 42 27 7 20 43 81 
16 61 17 20 69 
61 20 
61 20 
61 20 
16 61 17 20 
61 20 
61 20 
61 20 
16 61 17 20 
61 20 
61 20 
61 20 
61 20 
61 20 
61 20 15 
61 20 
61 20 
61 20 
61 20 
61 20 
16 61 17 20 
61 20 
16 61 17 20 
61 20 
16 61 17 20 
61 20 
61 20 
61 20 
61 27 7 20 83 43 
61 20 
16 61 17 20 
61 20 
61 20 
16 61 17 20 
61 20 
61 20 
61 20 
61 20 
61 20 
61 20 
16 61 17 20 
61 20 
61 20 
61 20 
61 20 
61 20 
61 20 
16 61 17 20 
16 61 17 20 
61 20 
61 20 
61 20 
61 20 
61 20 
61 20 
61 20 
16 61 17 20 
61 20 
61 20 
61 20 
61 20 
61 20 
16 61 17 20 
61 20 
61 20 
61 20 
61 20 
61 20 
61 20 
61 20 
61 20 
61 20 
16 61 17 20 
61 20 
61 20 
61 20 
61 20 
61 20 
16 61 17 20 
61 20 
61 20 
61 20 
61 20 
61 20 
61 20 
61 20 
61 20 
61 20 
61 20 
61 20 
16 61 17 20 
61 20 
61 20 
61 20 
61 20 
20 
61 20 
61 20 
20 
61 20 
61 20 
61 20 
61 20 
61 20 
61 20 
61 20 
61 20 
61 20 
20 
61 20 
61 20 
16 61 17 20 69 
61 20 
61 20 
61 20 
61 20 
61 20 
61 20 
16 61 17 20 
61 20 
61 20 
61 20 
61 20 
61 20 
61 20 
61 20 15 
61 20 
16 61 17 20 
61 20 
20 
20 
20 
20 39 
20 
20 
7 20 
26 27 7 20 
20 
16 20 19 84 
20 
20 
20 
20 
20 
34 79 20 80 15 
20 
20 
20 
20 
32 16 17 20 33 
20 
20 39 
20 
20 
20 
25 20 
25 20 
25 20 
20 
20 3 65 
20 
20 
7 20 
20 
20 
20 
20 
20 
20 
20 
20 
64 20 
20 
60 20 
26 27 7 20 
20 
20 
60 20 
60 20 
85 20 86 
7 20 
7 20 
20 
7 20 
20 
20 
20 78 
20 
20 
20 
20 
20 
27 7 20 83 43 
20 
26 27 7 20 
16 17 20 70 
60 20 
60 20 
60 20 
60 20 
60 20 
60 20 
20 
60 20 
60 20 
20 
20 
7 46 20 51 
20 
20 
20 
20 
20 
7 20 
29 20 
20 
20 
20 
20 
20 
29 20 
20 
20 
16 17 20 69 72 
16 36 37 20 38 19 
20 
20 
25 20 
20 
25 20 
60 20 
20 
20 
20 
20 
20 
20 39 
20 15 
20 
20 
20 15 
60 20 
60 20 
60 20 
60 20 
60 20 
60 20 
60 20 
16 60 20 19 87 
60 20 
60 20 
20 
20 
20 
20 
20 
20 
20 39 
20 
20 
20 
7 46 20 51 
20 
20 
20 39 
20 39 
20 39 
20 39 
60 20 
60 20 
20 
16 61 17 20 
20 
20 
20 
20 
20 
20 
20 
77 20 
20 
20 
20 
20 
7 20 9 10 
34 20 15 35 
7 20 39 
20 
26 27 7 20 
32 16 17 20 33 
26 27 7 88 20 
20 
20 
20 
20 
16 17 20 62 
20 
20 
20 
20 
20 
26 27 7 20 
7 45 46 20 47 48 
20 
20 
20 
20 
20 
16 17 20 70 
20 
20 
64 20 
89 90 20 
20 3 
20 
20 
20 
20 
20 
20 
26 27 7 20 
20 
20 
20 
20 
20 
7 20 
20 
20 
20 
20 
20 
20 
26 27 7 25 20 
30 31 25 20 
20 
20 
20 
20 
58 20 
52 20 53 
20 
7 20 
20 
20 
20 
58 20 
58 20 
32 16 58 17 20 33 
58 20 
58 20 
20 
58 20 
20 
7 20 
58 20 
34 20 15 35 
20 
20 
20 
20 
60 20 
60 20 
60 20 
60 20 
60 20 
60 20 
60 20 
60 20 
60 20 
60 20 
20 
7 20 
20 
20 
20 
26 27 7 20 
20 
20 
20 
20 
20 
20 
16 17 20 
20 
25 20 
25 20 
25 20 
25 20 
25 20 
25 20 
20 
25 20 
26 27 7 25 20 
25 20 
20 
20 
25 20 
20 
20 
20 
20 
20 
20 
20 
20 
20 
20 
20 
20 
20 
20 
20 
20 
20 
20 
20 
20 
20 
20 
20 
60 20 
60 20 
32 16 60 17 20 33 
60 20 
60 20 
60 20 
60 20 
20 
60 20 
20 
20 
20 
20 
20 
7 46 20 91 
20 
20 
20 
20 
20 
20 
92 7 20 
20 
20 
60 20 
60 20 
60 20 
20 
60 20 
20 
20 
29 20 
20 
20 
93 73 20 74 
20 
20 
60 20 
20 
60 20 
60 20 
60 20 
60 20 
60 20 
32 16 60 17 20 33 
20 
20 
20 
20 
7 20 9 10 
20 
20 39 
58 20 
58 20 
20 15 82 
20 
29 20 
20 15 
20 
20 
20 
20 
20 
7 20 
58 20 
20 
20 
20 
58 20 
20 
26 27 7 20 
20 
58 20 
20 39 
20 
20 
20 
20 
20 
20 
7 20 9 10 
20 
20 
42 27 7 20 57 43 
7 20 9 10 
20 
20 
20 
20 66 
20 66 
20 
26 27 7 20 
20 
20 
61 20 
61 20 
20 
20 
20 
20 
20 
20 
20 
20 
20 
20 
20 
7 20 9 10 
20 
20 
7 20 
20 
20 
20 
32 16 60 17 20 33 
20 
58 7 20 94 10 
20 
20 
58 20 
20 
20 
20 
7 20 
20 
7 25 20 
58 20 
58 20 
20 
20 
26 27 7 20 
20 
20 
20 
20 
20 
20 
20 
20 
20 
20 
20 
25 20 
25 20 
16 17 25 20 
25 20 
7 20 
7 20 
25 20 
30 31 25 20 
20 
20 
29 25 20 
26 27 7 25 20 
25 20 
20 
25 20 
25 20 
16 17 25 20 
26 27 7 20 
7 25 20 
26 27 7 25 20 
20 
34 20 15 35 
20 
20 
16 17 20 
20 
20 
32 16 17 20 33 
20 3 65 66 
16 17 20 70 
20 
16 17 20 69 
20 
20 15 82 
20 
20 
20 
20 
20 
26 27 7 20 
40 20 15 
20 
29 20 
20 
40 20 15 
20 3 65 66 
64 20 
64 20 
20 59 15 66 
16 17 20 56 
20 
16 64 17 20 
20 
20 
20 
7 20 9 10 
20 
20 
20 
60 20 
20 
20 
20 
20 15 
20 
26 27 7 20 
20 
20 
20 
20 
20 
20 
20 
26 27 7 20 
60 20 
20 
7 20 
26 27 7 20 
20 
16 64 17 20 69 
20 
20 
20 
7 20 
20 
20 
7 20 
20 
20 
20 
20 
20 
16 17 20 69 
16 17 20 69 
26 27 7 20 
20 3 
20 
7 20 
29 20 
20 
20 
20 
20 
26 27 7 20 
26 27 7 20 
20 
20 
20 
7 20 
7 20 
20 
20 
7 20 
20 
20 
20 
32 16 17 20 33 
20 
20 
20 
20 
20 
20 
20 66 
20 
20 
20 
58 20 
20 
58 20 
20 
20 
20 
20 
26 27 7 20 
20 78 
20 
20 
20 
20 
20 
20 
20 
27 7 20 95 
20 
20 
20 
20 
20 
29 20 
58 20 
20 
20 
20 
20 
7 45 46 20 47 48 
20 
20 
20 
58 20 
20 
20 
20 
20 
20 
20 
20 
20 
20 
20 
20 
20 
20 
7 20 
20 
16 17 20 96 
20 
20 
93 73 20 74 
20 
32 16 17 20 33 
20 
7 20 
20 
20 
20 
60 20 
20 
20 
26 27 7 20 
77 20 
20 
77 20 
20 
77 20 
77 20 
16 17 20 
20 15 
32 16 17 20 33 
25 20 
20 
29 20 
20 
20 
20 
20 
20 
20 78 
26 27 7 20 
20 
7 20 
58 20 
20 
58 20 
20 
7 20 9 10 
7 20 9 10 
16 17 20 66 
64 20 
20 
20 
7 20 
20 
20 
20 
20 
20 
27 7 20 
26 27 7 20 
20 
7 20 9 10 
20 
7 20 9 10 
20 