29 
29 
29 
29 
29 
29 
32 16 29 17 33 
32 16 29 17 33 
29 
29 
32 16 29 17 33 
32 16 29 17 33 
29 
29 
29 
29 
29 
29 
29 
29 
29 
29 
29 
29 
29 
29 
29 
29 
29 
29 
29 
29 
29 
29 
29 
29 
29 
29 
29 
29 
29 
29 
29 
29 
29 
29 
29 
32 16 29 17 33 
29 
29 
29 
29 
29 
29 
29 
29 
29 
29 
29 
32 16 29 17 33 
29 
29 
29 
29 
29 
29 
29 
29 
29 
29 
29 
29 
13 29 15 
29 
29 
29 
29 15 82 
29 
29 
29 
29 
29 
29 20 
29 
29 
29 
29 
29 
29 
29 
29 
29 
29 
29 
29 
29 
29 
29 3 
29 
29 
29 
29 
29 
29 
29 
29 
29 
29 
29 
29 
29 
29 
29 
29 
29 
29 
29 
29 
29 
29 
29 
29 
29 
29 
29 
29 
29 
29 
29 
29 
29 
29 
29 
29 
29 
29 
29 
29 73 138 74 139 
29 
29 
29 
29 
29 
29 
29 
29 
16 29 17 62 
29 
29 
29 
29 
29 
29 
29 
29 
29 
29 
29 
29 
29 
29 
29 
29 
29 
29 
29 
29 
29 
29 
29 
29 
29 
29 
29 
29 
29 
29 
29 
29 
29 
29 