7 8 430 
7 8 45 112 46 430 48 
7 8 430 9 10 
7 8 430 
7 8 430 
7 8 430 10 
7 8 430 
7 8 430 
7 8 430 
7 8 186 430 
7 8 430 
7 8 430 
7 34 8 430 15 35 
7 8 430 
7 34 8 430 15 35 
7 8 430 
7 8 430 
7 8 430 
7 8 430 24 
7 8 430 
7 8 430 
7 8 430 
7 8 430 9 10 
7 8 430 
16 7 8 430 
7 8 430 
7 8 45 112 46 430 48 
7 8 430 
7 8 430 
7 8 430 59 15 
7 8 430 
7 8 430 
7 8 430 59 15 
7 8 430 
26 27 7 8 430 
7 8 430 15 259 
67 16 7 8 37 19 430 146 
7 8 430 
26 27 7 8 430 
7 8 430 
7 8 430 
7 8 430 
7 8 430 
7 8 430 
7 8 430 
7 8 430 
26 27 7 8 430 
26 27 7 8 430 124 
7 8 430 
7 8 430 
7 8 430 9 10 
7 8 430 
7 8 430 
26 27 7 8 430 
7 8 430 
7 8 430 
42 27 7 8 430 57 43 
7 8 430 
26 27 7 8 430 
7 8 430 
7 8 430 9 10 
7 8 430 
7 8 430 
7 8 430 
26 27 7 8 430 
7 8 430 
7 8 430 
12 7 8 430 9 10 
7 8 430 
7 8 430 
7 8 430 
7 8 430 
7 8 430 
7 8 430 
7 8 430 
7 8 430 
7 8 430 9 10 
7 8 430 
26 27 7 8 430 
7 8 430 
7 8 430 
7 8 430 
7 8 430 
7 8 430 
42 27 7 8 430 43 81 
7 8 430 
7 8 430 
7 8 430 
7 8 430 
7 8 430 
26 27 7 8 430 
7 8 430 
7 8 430 
26 27 7 8 430 
26 27 7 8 430 
26 27 7 8 430 
7 8 430 
7 8 430 
7 8 186 430 
26 27 7 8 430 
26 27 7 8 430 
26 27 7 8 430 
26 27 7 8 430 121 
7 8 430 
26 27 7 8 430 
26 27 7 8 430 
26 27 7 8 430 
26 27 7 8 430 
7 8 430 
7 8 430 
7 8 430 
26 27 7 8 430 124 
7 8 430 
7 8 430 
7 8 430 
7 8 430 
7 8 430 
7 8 430 
7 8 430 
7 8 430 9 10 
12 7 8 430 9 10 
7 8 430 
16 17 7 8 430 62 
7 8 430 
7 8 186 430 
7 8 430 
7 8 430 
7 8 430 
7 8 430 
7 8 430 
27 7 8 246 430 
7 8 430 
26 27 7 8 430 124 
26 27 7 8 430 
7 8 430 
7 8 430 9 10 
7 8 430 
16 17 7 8 430 
7 8 430 
7 8 430 
7 8 430 
27 7 8 246 430 
7 8 430 
7 8 430 
7 8 430 
26 27 7 349 8 430 
7 8 430 
7 8 430 
7 8 430 
7 8 430 
7 8 430 
7 8 430 
7 8 430 
26 27 7 8 430 
7 8 430 
7 8 430 
7 8 430 
7 8 430 
7 8 430 
7 8 430 
7 8 430 
7 8 430 
7 8 430 
7 8 430 
16 17 7 8 122 101 430 
7 8 430 
7 8 430 
7 8 430 
7 8 430 
7 8 430 
7 8 430 
7 8 430 
7 8 430 
32 16 17 7 8 33 430 
7 8 430 
26 27 7 8 430 
26 27 7 8 430 243 
7 8 430 
7 8 430 
7 8 430 
41 42 27 7 8 430 43 
7 8 430 
7 8 430 
7 8 430 
26 27 7 8 430 
7 8 430 
7 8 430 
7 8 430 
7 8 430 
7 8 430 
7 8 430 
7 8 430 9 10 
7 8 430 
7 8 430 
7 8 430 
13 7 8 404 430 15 
7 8 430 
7 8 430 
7 8 430 
26 27 7 8 430 
7 8 430 
7 8 430 
7 8 430 
7 8 430 
7 8 430 
7 8 430 
7 8 430 
26 27 7 8 430 
32 16 17 7 8 33 430 
7 8 430 
7 8 94 430 10 
7 8 430 
7 8 430 
7 8 430 
7 8 430 
7 8 430 
7 8 430 
7 8 430 
7 8 430 
7 8 430 
7 8 430 
7 8 94 430 10 
7 8 430 
7 8 430 
7 8 430 
7 8 430 
7 8 430 9 10 
7 8 430 9 10 
7 8 430 
7 8 430 
7 8 430 
7 8 430 
7 8 430 
7 8 430 
7 8 430 
7 8 430 
7 8 430 
7 8 430 
7 8 430 
7 8 430 
7 8 430 
7 8 430 
7 8 430 
26 27 7 8 430 
16 17 7 8 122 101 430 
7 8 430 
7 8 430 
7 8 430 
7 8 430 
7 8 430 
7 8 430 
7 8 430 
7 8 430 
7 8 430 
7 8 430 
7 8 430 
7 8 430 
26 27 7 8 430 121 
7 8 430 
26 27 7 8 430 121 
7 8 430 
26 27 7 8 430 121 
16 17 7 8 430 
7 8 430 9 10 
7 8 430 9 10 
7 8 430 
245 7 8 46 430 
7 8 430 
7 8 430 
7 8 430 
7 8 430 
7 8 430 
7 8 430 9 10 
7 8 430 9 10 
7 8 430 
16 17 7 8 430 
32 16 17 7 8 33 430 
7 8 430 
7 8 430 
7 8 430 
32 16 17 7 8 33 430 
7 8 430 
7 8 430 
67 16 7 8 37 19 430 146 
7 8 430 
7 8 430 
7 8 430 
7 8 430 
7 8 430 59 15 
18 7 8 430 9 10 
7 8 430 
7 8 430 
7 8 430 
7 8 430 
7 8 430 
7 8 430 
7 8 430 
42 27 7 8 430 57 43 
16 17 7 8 430 
27 7 8 430 95 
7 8 430 
7 8 430 
27 7 8 430 95 
7 8 430 9 10 
7 8 430 
7 8 430 
26 27 7 8 430 
7 8 430 
7 8 430 
7 8 430 
7 8 430 
7 8 430 
7 8 430 
7 8 430 
7 8 430 
7 8 430 
7 8 430 
7 8 430 
7 8 430 
7 8 430 
7 8 430 
32 16 17 7 8 33 430 
7 8 430 
7 8 430 
7 8 430 
7 8 430 
7 8 430 
7 8 430 
7 8 430 
32 16 17 7 8 33 430 
18 7 8 430 9 10 
7 8 430 
16 7 8 19 430 
7 8 430 59 15 
7 8 430 
7 8 430 
7 8 430 
7 8 430 9 10 
26 27 7 8 430 
7 8 430 59 15 
7 8 430 
7 8 430 
7 8 430 
7 8 430 
7 8 430 
29 7 8 430 
7 8 430 
7 8 430 
7 8 430 
7 8 430 
7 8 430 
7 8 430 
7 8 430 
26 27 7 8 430 
7 8 430 
7 8 430 
7 8 430 
12 7 8 430 9 10 
26 27 7 8 430 
7 34 8 430 15 35 
26 27 7 8 430 121 
32 16 17 7 8 33 430 
7 8 94 430 10 
7 8 430 
7 8 430 
7 8 430 
7 8 430 
7 8 430 
7 8 430 
42 27 7 8 430 43 81 
7 8 430 
245 7 8 46 430 
7 8 45 112 46 430 48 
7 8 430 
18 7 8 430 9 10 
7 8 430 
7 8 430 
7 8 430 
7 8 430 
7 8 430 
16 7 8 19 430 
32 16 17 7 8 33 430 
7 8 430 
7 8 430 
7 8 430 
421 13 7 8 430 15 
7 8 430 
7 8 430 
7 8 430 9 10 
26 27 7 8 430 
7 8 430 
7 8 430 9 10 
7 8 430 
7 8 430 
7 8 430 
7 8 430 
7 8 430 
7 8 430 9 10 
7 8 430 
7 8 430 9 10 
16 17 7 8 430 62 
7 8 430 
7 8 430 
7 8 430 
27 7 8 246 430 
7 8 430 
7 8 430 
7 8 430 
7 8 430 9 10 
7 8 430 
7 8 430 
7 8 430 9 10 
12 7 8 430 9 10 
26 27 7 8 430 
92 7 8 430 
7 8 430 
26 27 7 8 430 
7 8 430 
92 7 8 430 
42 27 7 8 430 43 81 
7 8 430 
92 7 8 430 
7 8 430 
92 7 8 430 
7 8 430 
7 8 430 
7 8 430 
7 8 430 
7 8 430 
7 8 430 
7 8 430 
7 8 430 
7 8 430 
7 8 430 
7 8 430 
7 8 430 
7 8 430 
16 17 7 8 430 
7 34 8 430 15 35 
7 8 430 
7 8 430 
7 8 430 
7 8 430 9 10 
7 8 430 
7 8 430 
7 8 430 
7 8 430 59 15 
7 8 430 
7 8 430 9 10 
7 8 430 
7 8 430 9 10 
7 8 430 
26 27 7 8 430 
7 8 430 
7 8 430 
7 8 430 
7 8 430 
7 8 430 
7 8 430 
26 27 7 8 430 121 
7 8 430 
7 8 430 
7 8 430 
7 8 430 
7 8 430 
32 16 17 7 8 33 430 
26 27 7 8 430 121 
7 8 430 
26 27 7 8 430 
7 8 430 
7 8 430 
7 8 430 
12 7 8 430 9 10 
7 8 430 
7 8 430 
7 8 430 
7 8 430 
12 7 8 430 9 10 
7 8 430 
7 8 430 9 10 
26 27 7 8 430 
7 8 430 
7 8 430 
7 8 430 
7 8 430 
7 8 430 
7 8 430 
7 8 430 
7 8 430 
7 8 430 
7 8 20 430 
7 8 430 
7 8 430 
7 8 430 
32 16 17 7 8 33 430 
16 7 8 202 37 19 430 
26 27 7 8 430 
7 8 430 9 10 
7 8 46 430 51 
7 8 430 
184 7 8 46 430 48 
7 8 430 9 10 
7 8 430 
7 8 430 
26 27 7 8 430 
7 8 430 
7 8 430 
7 8 430 
7 8 430 
16 7 8 19 430 
7 8 430 
7 8 430 
7 8 430 
7 8 430 
7 8 430 
7 8 430 
16 7 8 19 430 
7 8 430 
7 8 430 
7 8 430 
26 27 7 8 430 
7 8 430 
7 8 430 
7 8 430 
7 8 430 
67 16 7 8 37 19 430 146 
7 8 430 
26 27 7 8 430 124 
7 8 430 
7 8 430 
7 8 430 
7 8 430 
7 8 94 430 10 
7 8 430 
7 8 430 
7 8 430 
7 8 430 
7 8 430 
7 8 430 
7 8 186 430 
32 16 17 7 8 33 430 
7 8 430 
7 8 430 
7 8 46 430 48 
7 8 430 
26 27 7 8 430 
7 8 430 
7 8 430 
7 8 430 
7 8 94 430 10 
245 7 8 46 430 
16 17 7 8 69 430 
7 8 430 
7 8 430 
7 8 430 
7 8 430 
26 27 7 349 8 430 
7 8 430 
7 8 430 
7 8 430 
7 8 430 
7 8 430 
7 8 430 
7 8 430 
7 8 430 
16 7 8 430 
7 8 430 
7 8 430 
26 27 7 8 430 
26 27 7 8 430 
26 27 7 8 430 
32 16 17 7 8 33 430 
7 8 430 
7 8 430 9 10 
16 100 17 7 8 101 430 
18 7 8 430 9 10 
18 7 8 430 9 10 
7 8 430 
7 8 430 
7 34 8 430 15 35 
26 27 7 8 430 
26 27 7 8 430 
7 8 430 
7 8 430 
7 8 430 
7 8 46 430 48 
7 8 430 
7 8 430 
7 8 430 
7 8 430 
7 8 430 
7 8 430 
26 27 7 8 430 124 
7 8 430 
7 8 430 
26 27 7 8 430 124 
7 8 430 
7 8 430 
7 8 430 9 10 
7 8 430 
7 8 430 
7 8 430 
7 8 430 
7 8 430 
32 16 17 7 8 33 430 
7 8 430 
7 8 430 
7 8 430 
7 8 430 
7 8 430 
7 8 430 
7 8 430 
7 8 94 430 10 
26 27 7 8 430 124 
7 8 430 
26 27 7 8 430 124 
7 8 430 
7 8 430 
7 8 430 
7 8 430 
7 8 430 
7 8 430 
26 27 7 8 430 
7 8 430 
7 8 430 
7 8 430 
12 7 8 430 9 10 
7 8 430 9 10 
7 8 430 
7 8 430 9 10 
7 8 430 
7 8 430 
7 8 430 
7 8 430 
26 27 7 8 430 
7 8 430 
7 8 430 
7 8 430 
7 8 430 
7 8 430 
7 8 430 9 10 
7 8 52 430 53 
7 8 430 
7 8 430 
7 8 430 
7 8 430 
7 8 430 
7 8 430 
7 34 8 430 15 35 
26 27 7 8 430 
26 27 7 8 430 
7 8 430 
7 8 430 
7 8 430 
7 8 430 
7 8 430 
7 8 430 
27 7 8 430 
7 8 430 
7 8 430 
7 8 46 430 51 
7 8 46 267 430 
7 8 430 
26 27 7 349 8 430 
27 7 8 246 430 
7 8 430 
7 8 430 
7 8 430 
26 27 7 8 430 
26 27 7 8 430 
26 27 7 8 430 121 
7 8 430 
7 8 430 
26 27 7 8 430 124 
7 8 430 
7 8 430 
30 31 7 8 430 
7 8 430 
7 8 430 9 10 
7 8 430 
7 8 430 
27 7 8 430 
7 8 430 
7 8 430 
7 8 430 59 15 
7 8 430 
7 8 430 59 15 
7 8 430 
7 8 430 
26 27 7 8 430 124 
7 8 430 
7 8 430 
7 8 94 430 10 
7 8 46 430 
7 8 430 
7 8 94 430 10 
7 8 430 
7 8 20 430 
7 8 94 430 10 
7 8 430 
7 8 430 
7 8 430 
16 7 8 430 
41 42 27 7 8 430 43 
7 8 430 
7 8 430 
7 8 430 
7 8 430 
7 8 430 
7 8 430 
7 8 430 
7 8 430 
7 8 430 
7 8 430 
7 8 430 
16 17 7 8 430 62 
7 8 46 430 51 
7 8 430 
7 8 430 59 15 
7 8 430 59 15 
26 27 7 8 430 124 
26 27 7 8 430 
7 8 430 
7 8 430 
7 8 430 
7 8 430 
7 8 430 
7 8 430 
7 8 430 
7 8 430 
7 8 430 9 10 
7 8 430 
7 8 430 
7 8 94 430 10 
7 8 430 
7 8 430 
7 8 430 
7 8 186 430 
7 8 430 
7 8 430 
7 8 430 
7 8 430 
26 27 7 8 430 121 
26 27 7 8 430 
26 27 7 349 8 430 
7 8 430 
7 8 430 
7 8 430 
7 8 430 
7 8 430 
7 8 430 
7 8 430 
26 27 7 8 430 243 
7 8 430 
7 8 430 
7 8 430 
26 27 7 8 430 
7 8 430 
7 8 430 
7 8 430 
7 8 430 
7 8 430 
7 8 430 
7 8 430 
26 27 7 8 430 124 
12 7 8 430 9 10 
7 8 430 
7 8 430 
7 8 430 
26 27 7 8 430 121 
7 8 430 
7 8 430 
7 8 430 
7 8 430 
7 8 430 
7 8 430 
7 8 430 
12 7 8 430 9 10 
7 8 430 
7 8 430 
26 27 7 8 430 
26 27 7 8 430 
26 27 7 8 430 121 
16 17 7 8 430 
7 8 430 
148 149 7 8 430 110 
7 8 430 
7 8 430 9 10 
7 8 430 
7 8 430 
7 8 430 
26 27 7 8 430 
7 8 430 
32 16 17 7 8 33 430 
7 8 430 
7 8 430 
27 7 8 430 
7 8 430 
7 8 430 
7 8 430 
7 8 52 430 53 
7 8 430 
27 7 8 430 43 
7 8 430 
16 17 7 8 430 
7 8 430 
7 8 430 
27 7 8 246 430 
7 8 430 
26 27 7 8 430 
7 8 430 
7 8 430 
7 8 430 
7 8 430 
7 8 430 
7 8 430 
7 8 430 
7 34 8 430 15 35 
7 8 430 
7 8 430 
32 16 17 7 8 33 430 
7 8 430 
7 8 430 
7 8 430 
7 8 430 
7 8 430 
42 27 7 8 430 57 43 
7 8 430 
7 8 430 
7 8 430 9 10 
7 8 430 
7 8 430 
7 8 430 
16 17 7 8 430 62 
16 17 7 8 430 
7 8 430 
32 16 17 7 8 33 430 
7 8 430 
7 8 430 
7 8 430 
7 8 430 
7 8 430 
7 34 8 430 15 35 
7 8 430 
7 8 46 430 51 
7 8 430 
26 27 7 8 430 
7 8 430 
7 8 430 
7 8 430 
7 8 430 
26 27 7 8 430 124 
7 8 430 9 10 
7 8 430 
7 8 430 
7 8 430 
16 7 8 19 430 
7 8 430 59 15 
7 8 430 
18 7 8 430 9 10 
18 7 8 430 9 10 
7 8 430 
7 8 46 430 51 
7 8 430 
7 8 430 
7 8 430 
7 8 430 
7 8 430 
7 8 430 
7 8 430 9 10 
7 8 430 
7 8 430 9 10 
42 27 7 8 430 57 43 
7 8 430 9 10 
7 8 430 
7 8 430 
18 7 8 430 9 10 
7 8 20 430 
7 8 430 9 10 
26 27 7 8 430 
32 16 17 7 8 33 430 
7 8 430 
7 8 430 
7 8 430 
16 17 7 8 430 
7 8 430 9 10 
7 8 430 
7 8 430 
7 8 430 
26 27 7 8 430 
42 27 7 8 430 43 81 
16 17 7 8 69 430 72 
26 27 7 8 430 
7 8 430 59 15 
7 8 430 
7 8 430 
7 8 430 
16 17 7 8 430 62 
7 8 430 9 10 
7 8 430 15 259 
16 7 8 19 430 
245 7 8 46 430 
26 27 7 8 430 124 
7 8 430 
7 8 430 
7 8 430 
16 7 8 19 430 
7 8 430 
7 8 430 
7 8 430 
7 8 430 
7 8 430 
26 27 7 8 430 
7 8 430 
7 8 430 
7 8 430 
7 8 430 
26 27 7 8 430 
7 8 430 
26 27 7 8 430 
26 27 7 8 430 
26 27 7 8 430 
7 8 186 430 
26 27 7 8 430 
7 8 430 
26 27 7 8 430 
7 8 430 
26 27 7 8 430 
26 27 7 8 430 
26 27 7 8 430 
26 27 7 8 430 
26 27 7 8 430 
26 27 7 8 430 
26 27 7 8 430 
26 27 7 8 430 
26 27 7 8 430 
26 27 7 8 430 
7 8 186 430 
7 8 430 
7 8 430 