16 27 17 7 69 133 83 43 
16 27 17 7 69 133 83 43 
16 27 17 7 69 72 83 43 
16 17 69 72 
16 27 17 7 69 72 83 43 
16 27 17 7 69 72 83 43 
16 27 17 7 69 72 83 43 
16 27 17 7 69 72 83 43 
16 27 17 7 69 72 83 43 
16 27 17 7 69 72 83 43 
16 27 17 7 69 72 83 43 
16 27 17 7 69 72 83 43 
16 17 69 133 
16 27 17 7 69 72 83 43 
16 27 17 7 69 72 83 43 
16 27 17 7 69 72 83 43 
16 27 17 7 69 72 83 43 
16 17 69 72 
16 17 69 72 
16 17 69 133 
16 17 69 133 
16 17 69 72 
16 27 17 7 69 72 83 43 
16 27 17 7 69 133 83 43 
16 27 17 7 69 72 83 43 
16 17 69 72 
16 27 17 7 69 72 83 43 
16 27 17 7 69 72 83 43 
16 17 69 133 
16 27 17 7 69 72 83 43 
16 17 69 72 
16 27 17 7 69 72 83 43 
16 27 17 7 69 72 83 43 
16 17 69 72 
16 27 17 7 69 72 83 43 
16 27 17 7 69 72 83 43 
16 27 17 7 69 72 83 43 
16 27 17 7 69 72 83 43 
16 17 69 15 72 
16 27 17 7 69 72 83 43 
16 17 69 72 
16 27 17 7 69 72 83 43 
16 17 69 72 
16 27 17 7 69 72 83 43 
16 17 69 62 72 
16 17 69 72 
16 17 69 72 
16 17 69 72 
16 27 17 7 69 72 83 43 
16 17 69 133 
16 17 69 72 
16 17 69 62 72 
16 17 69 72 
16 27 17 7 69 72 83 43 
16 27 17 7 69 72 83 43 
16 27 17 7 69 72 83 43 
16 17 69 72 
16 27 17 7 69 72 83 43 
16 17 69 19 133 
16 17 69 72 
16 17 69 72 
16 17 69 133 72 
16 17 69 72 
16 17 69 72 
16 17 69 72 
16 32 17 33 69 72 
16 17 34 69 15 35 72 
16 17 69 19 133 
16 17 69 19 133 
16 17 69 72 
16 17 69 19 72 
16 17 69 72 
16 17 69 19 133 
16 17 69 72 
16 17 69 72 
16 27 17 7 69 72 83 43 
16 17 69 72 
16 17 69 72 
16 17 69 72 
16 17 69 19 72 
16 17 69 72 
16 17 69 133 
16 17 34 69 15 35 72 
16 17 69 72 
16 17 69 72 
16 17 69 72 
16 27 17 7 69 72 83 43 
16 17 69 72 
16 17 69 72 
16 17 69 72 
16 17 69 72 
16 17 69 133 
16 17 69 72 
16 17 69 72 
16 17 69 72 
16 17 69 72 
16 17 69 72 
16 17 69 72 
16 17 69 72 
16 17 69 72 
16 17 69 72 
16 17 69 72 
16 17 69 72 
16 17 69 72 
16 27 17 7 69 72 83 43 
16 17 69 72 
16 17 69 72 
16 17 69 133 
16 17 69 72 
16 17 69 72 
16 17 69 72 
16 17 69 72 
16 17 69 133 
16 17 69 72 
16 17 69 72 
16 17 69 72 
16 27 17 7 69 72 83 43 
16 17 69 72 
16 17 69 72 
16 17 69 133 
16 17 69 133 62 
16 1 17 69 72 
16 17 69 72 
16 17 69 15 72 
16 17 69 72 
16 27 17 7 69 72 83 43 
16 17 69 59 15 72 
16 27 17 7 69 72 83 43 
16 17 69 19 72 
16 17 69 72 
16 17 69 15 72 
16 17 69 72 
16 17 69 72 
16 17 69 72 
16 17 69 72 
16 17 69 72 
16 17 69 72 
16 17 69 72 
16 17 69 72 
16 17 69 72 
16 27 17 7 69 72 83 43 
16 17 69 72 
16 17 69 72 
16 17 69 72 
16 17 69 72 
16 17 69 72 
16 17 69 72 
16 17 69 72 
16 17 69 72 
16 17 69 72 
16 27 17 7 69 72 83 43 
16 17 7 69 133 
16 17 132 69 72 
16 17 69 72 
16 17 69 72 
16 27 17 7 69 72 83 43 
16 27 17 7 69 72 83 43 
16 27 17 7 69 72 83 43 
16 27 17 7 69 72 83 43 
16 27 17 7 69 72 83 43 
16 27 17 7 69 72 83 43 
16 17 69 72 
16 17 69 72 
16 17 69 157 15 72 
16 17 69 72 
16 27 17 7 69 72 83 43 
16 17 69 72 
16 17 69 72 
16 17 69 19 133 
16 17 69 72 
16 17 69 72 
16 17 69 72 
16 17 69 72 
16 17 69 72 
16 17 69 72 
16 17 69 72 
16 17 69 72 
16 17 69 72 
16 17 69 72 
16 17 69 72 
16 17 7 69 133 
16 17 69 59 15 72 
16 17 69 72 
16 17 69 72 
16 17 69 72 
16 17 69 72 
16 17 69 72 
16 17 69 15 72 
16 17 69 72 
16 17 69 72 
16 17 69 72 
16 17 69 72 
16 17 69 72 
16 17 69 72 
16 17 69 72 
16 17 7 69 133 
16 17 69 19 72 
16 27 17 7 69 72 83 43 
16 27 17 7 69 72 83 43 
16 17 69 72 
16 17 69 72 
16 17 69 72 
16 17 7 69 133 
16 17 69 72 
16 27 17 7 69 72 83 43 
16 17 69 72 
16 17 69 72 
16 17 69 72 
16 17 69 72 
16 17 69 133 62 
16 17 69 72 
16 17 7 69 72 
16 17 69 62 72 
16 17 69 72 
16 17 69 72 
16 17 69 19 72 
16 17 7 69 72 
16 17 162 69 15 72 82 
16 17 69 72 
16 148 149 17 7 69 110 72 
16 17 69 72 
16 17 69 72 
16 17 69 133 
16 17 69 72 
16 17 69 72 
16 17 69 72 
16 17 69 72 
16 27 17 7 69 72 83 43 
16 17 69 72 
16 27 17 7 69 72 83 43 
16 32 17 33 69 72 
16 17 69 72 
16 17 69 72 
16 17 69 72 
16 27 17 7 69 72 83 43 
16 17 69 72 
16 27 17 7 69 133 83 43 
16 27 17 7 69 72 83 43 
16 17 69 72 
16 17 69 72 
16 17 69 59 15 72 
16 17 69 72 
16 17 69 72 
16 27 17 7 69 72 83 43 
16 17 69 72 
16 17 69 72 
16 17 69 72 
16 17 69 72 
16 17 132 69 72 
16 17 69 72 
16 17 69 72 
16 17 69 72 
16 17 69 72 
16 17 69 72 
16 17 69 72 
16 17 69 59 15 72 
16 17 69 72 
16 17 69 15 72 
16 13 17 69 14 15 72 
16 17 69 62 72 
16 17 132 69 72 
16 17 150 69 15 72 159 
16 17 69 72 
16 17 69 72 
16 17 69 72 
16 17 69 72 
16 17 69 72 
16 17 69 72 
16 17 69 72 
16 17 69 72 
16 17 69 72 
16 17 7 69 134 10 72 
16 17 69 72 
16 17 69 72 
16 17 69 59 15 72 
16 17 69 72 
16 17 69 72 
16 17 69 72 
16 17 131 69 72 
16 17 69 72 
16 17 69 72 
16 17 69 72 
16 17 69 72 
16 17 69 133 
16 17 69 59 15 72 
16 17 69 72 
16 27 17 7 69 133 83 43 
16 17 69 72 
16 17 69 72 
16 17 69 72 
16 27 17 7 69 72 83 43 
16 17 69 72 
16 17 69 72 
16 17 69 72 
16 27 17 7 69 72 83 43 
16 17 69 72 
16 17 69 72 
16 17 69 72 
16 17 69 72 
16 17 34 69 15 35 72 
16 17 69 133 
16 27 17 7 69 72 83 43 
16 17 162 69 15 72 82 
16 17 69 72 
16 17 69 59 15 72 
16 27 17 7 69 72 
16 17 69 72 
16 17 69 72 
16 17 69 59 15 72 
16 27 17 7 69 72 83 43 
16 17 69 72 
16 17 69 72 
16 17 69 19 72 
16 17 69 72 
16 27 17 7 69 72 
16 17 69 133 
16 17 69 133 
16 17 69 133 
16 17 69 72 
16 17 69 15 72 
16 17 69 72 
16 17 69 19 72 
16 17 69 72 
16 17 69 72 
16 17 69 72 
16 17 69 72 
16 17 69 72 
16 17 34 69 15 35 72 
16 17 7 69 133 
16 17 69 133 72 
16 17 69 59 15 133 
16 17 69 72 
16 17 69 72 
16 17 69 72 
16 17 69 72 
16 17 69 72 
16 17 69 72 
16 17 69 72 
16 17 69 72 
16 17 69 72 
16 17 69 72 
16 27 17 7 69 72 
16 27 17 7 69 72 83 43 
16 17 69 72 
16 17 69 72 
16 17 69 72 
16 17 132 69 72 
16 17 69 72 
16 17 69 72 
16 17 69 72 
16 17 69 72 
16 17 69 72 
16 17 69 72 
16 27 17 7 69 72 83 43 
16 17 69 72 
16 17 69 72 
16 17 69 59 15 72 
16 17 69 72 
16 17 69 72 
16 17 69 72 
16 27 17 7 69 72 83 43 
16 17 69 72 
16 27 17 7 69 72 83 43 
16 17 69 72 
16 17 132 69 72 
16 27 17 7 69 72 83 43 
16 17 69 59 15 72 
16 27 17 7 69 72 83 43 
16 27 17 7 69 72 83 43 
16 27 17 7 69 72 83 43 
16 27 17 7 69 72 83 43 
16 27 17 7 69 72 83 43 
16 17 69 59 15 72 
16 17 69 72 
16 17 69 72 
16 17 69 72 
16 17 69 72 
16 17 69 72 
16 17 69 72 
16 17 69 72 
16 17 69 72 
16 17 69 72 
16 17 69 72 
16 17 69 72 
16 17 69 72 
16 17 69 72 
16 27 17 7 69 72 83 43 
16 27 17 7 69 72 83 43 
16 17 69 19 72 
16 17 69 133 
16 17 69 72 
16 17 69 72 
16 17 69 72 
16 17 69 19 72 
16 17 69 72 
16 17 69 72 
16 17 69 72 
16 27 17 7 69 72 83 43 
16 17 69 72 
16 13 17 69 14 15 72 
16 104 17 69 133 
16 27 17 7 69 72 83 43 
16 17 69 72 
16 17 69 72 
16 17 34 69 15 35 72 
16 17 69 72 
16 17 69 59 15 72 
16 17 69 72 
16 17 69 72 
16 17 69 72 
16 17 69 72 
16 17 69 72 
16 17 69 72 
16 17 69 133 
16 17 69 133 
16 17 69 72 
16 17 69 72 
16 17 69 62 72 
16 27 17 7 69 72 83 43 
16 17 69 72 
16 17 69 72 
16 17 69 133 
16 17 69 72 
16 17 69 72 
16 17 69 72 
16 17 69 72 
16 27 17 7 69 72 83 43 
16 27 17 7 69 72 83 43 
16 17 69 72 
16 17 69 72 
16 17 69 72 
16 27 17 7 69 72 83 43 
16 17 69 72 
16 17 69 72 
16 17 69 15 72 
16 17 69 72 
16 17 69 72 
16 27 17 7 69 72 83 43 
16 17 69 62 72 
16 17 69 72 
16 17 69 72 
16 17 69 59 15 72 
16 17 69 72 
16 17 69 72 
16 17 69 62 72 
16 17 69 72 
16 17 69 19 72 
16 17 69 15 72 
16 27 17 7 69 72 83 43 
16 17 69 72 
16 17 69 72 
16 27 17 7 69 72 83 43 
16 27 17 7 69 72 83 43 
16 17 69 72 
16 27 17 7 69 72 83 43 
16 17 69 72 
16 17 69 62 72 
16 17 69 62 72 
16 17 69 72 
16 17 69 72 
16 17 69 72 
16 17 69 72 
16 17 69 157 15 72 
16 17 69 72 
16 17 69 72 
16 17 69 72 
16 13 17 69 14 15 72 
16 17 69 72 
16 17 69 72 
16 17 69 72 
16 17 69 72 
16 17 69 72 
16 17 69 72 
16 17 69 72 
16 17 69 72 
16 17 69 133 
16 17 69 72 
16 27 17 7 69 72 83 43 
16 17 69 72 
16 17 69 72 
16 17 69 72 
16 27 17 7 69 72 83 43 
16 17 69 59 15 72 
16 17 69 72 
16 17 69 157 15 72 
16 17 69 72 
16 17 69 62 72 
16 17 69 72 
16 17 69 72 
16 17 69 19 133 
16 17 69 72 
16 17 69 72 
16 17 69 133 
16 17 69 72 
16 17 69 62 72 
16 17 69 72 
16 17 69 72 
16 17 69 19 72 
16 17 69 15 72 
16 17 69 72 
16 17 69 72 
16 17 69 72 
16 17 69 72 
16 17 69 62 72 
16 27 17 7 69 72 83 43 
16 17 69 133 
16 17 69 133 
16 17 69 72 
16 17 69 72 
16 17 69 72 
16 17 69 72 
16 17 69 72 
16 17 69 62 72 
16 27 17 7 69 72 83 43 
16 17 69 72 
16 17 69 72 
16 17 69 72 
16 17 69 72 
16 17 69 72 
16 17 69 72 
16 17 69 157 15 72 
16 17 69 15 72 
16 17 69 72 
16 17 69 72 
16 17 69 72 
16 27 17 7 69 72 83 43 
16 17 69 72 
16 17 69 72 
16 17 69 72 
16 17 69 72 
16 17 69 72 
16 17 69 72 
16 17 69 72 
16 17 69 72 
16 17 69 72 
16 17 69 59 15 72 
16 17 69 72 
16 17 69 72 
16 17 69 72 
16 27 17 7 69 72 83 43 
16 17 69 72 
16 17 69 72 
16 17 69 15 72 
16 17 69 72 
16 17 69 72 
16 17 69 72 
16 17 69 72 
16 27 17 7 69 72 83 43 
16 17 69 72 
16 17 69 72 
16 27 17 7 69 72 83 43 
16 27 17 7 69 72 83 43 
16 17 69 72 
16 17 69 72 
16 27 17 7 69 72 83 43 
16 17 69 133 
16 27 17 7 69 72 83 43 
16 17 69 72 
16 17 69 72 
16 17 69 72 
16 27 17 7 69 72 83 43 
16 17 69 72 
16 17 69 72 
16 17 69 72 
16 27 17 7 69 72 83 43 
16 17 69 72 
16 17 69 72 
16 17 69 72 
16 17 69 72 
16 17 69 72 
16 17 69 72 
16 17 69 72 
16 17 69 72 
16 17 69 72 
16 17 69 72 
16 17 69 72 
16 17 69 72 
16 17 69 72 
16 17 69 72 
16 17 69 72 
16 17 69 72 
16 17 69 72 
16 17 69 15 72 
16 27 17 7 69 72 83 43 
16 17 69 72 
16 17 69 72 
16 27 17 7 69 72 83 43 
16 17 69 72 
16 17 69 59 15 72 
16 17 132 69 72 
16 17 69 72 
16 27 17 7 69 72 83 43 
16 17 69 72 
16 17 69 72 
16 17 69 72 
16 17 69 72 
16 17 69 72 
16 17 69 72 
16 17 69 72 
16 17 69 72 
16 17 69 72 
16 17 69 72 
16 17 69 15 72 
16 17 69 72 
16 17 69 72 
16 17 69 72 
16 17 69 72 
16 17 69 72 
16 17 69 72 
16 27 17 7 69 72 83 43 
16 17 69 72 
16 17 69 72 
16 27 17 7 69 72 83 43 
16 27 17 7 69 72 83 43 
16 27 17 7 69 72 83 43 
16 17 69 72 
16 27 17 7 69 72 83 43 
16 26 27 17 7 154 69 72 
16 17 69 72 
16 17 69 72 
16 17 69 72 
16 17 69 72 
16 17 69 72 
16 17 69 72 
16 17 69 72 
16 17 69 72 
16 17 69 72 
16 17 69 72 
16 17 69 72 
16 17 69 72 
16 27 17 7 69 72 83 43 
16 17 69 72 
16 17 69 72 
16 17 69 72 
16 17 69 72 
16 17 69 72 
16 17 69 72 
16 17 69 72 
16 17 69 72 
16 17 69 133 
16 17 69 133 
16 32 17 33 69 72 
16 17 69 72 
16 17 7 69 133 
16 17 69 72 
16 17 69 72 
16 17 7 69 133 
16 17 69 72 
16 17 69 59 15 72 
16 17 69 15 72 
16 17 69 72 
16 17 69 133 
16 17 69 133 62 
16 17 69 72 
16 17 69 72 
16 17 69 72 
16 17 69 72 
16 17 69 72 
16 17 69 15 72 
16 17 69 59 15 72 
16 27 17 7 69 72 83 43 
16 17 69 72 
16 17 69 72 
16 17 69 72 
16 17 69 72 
16 17 69 72 
16 27 17 7 69 72 83 43 
16 17 69 72 
16 17 69 72 
16 27 17 7 69 72 83 43 
16 17 69 72 
16 17 69 59 15 72 
16 17 69 72 
16 27 17 7 69 72 83 43 
16 17 69 72 
16 17 69 72 
16 17 69 72 
16 27 17 7 69 133 83 43 
16 17 69 72 
16 17 69 72 
16 1 17 69 72 
16 17 69 72 
16 17 69 72 
16 17 69 59 15 72 
16 17 69 72 
16 27 17 7 69 72 83 43 
16 26 27 17 7 154 69 72 
16 17 69 59 15 72 
16 17 69 59 15 72 
16 17 69 72 
16 17 7 69 133 
16 17 69 72 
16 17 69 59 15 72 
16 17 69 72 
16 17 69 59 15 72 
16 17 69 62 72 
16 17 69 72 
16 17 69 72 
16 17 69 72 
16 17 69 72 
16 17 69 72 
16 17 69 72 
16 17 132 69 72 
16 17 69 72 
16 17 132 69 72 
16 17 69 72 
16 17 69 72 
16 17 69 72 
16 17 69 72 
16 17 69 72 
16 27 17 7 69 72 83 43 
16 17 69 72 
16 17 69 72 
16 17 69 72 
16 17 69 72 
16 17 69 72 
16 17 69 72 
16 17 69 59 15 72 
16 17 69 72 
16 17 69 72 
16 17 69 72 
16 17 69 72 
16 17 69 72 
16 17 69 72 
16 17 69 72 
16 17 69 72 
16 17 69 15 133 
16 17 69 72 
16 17 69 72 
16 17 69 59 15 72 
16 17 69 133 
16 27 17 7 69 72 83 43 
16 17 69 72 
16 17 69 72 
16 17 69 72 
16 17 69 72 
16 17 160 34 69 15 133 171 
16 17 69 72 
16 17 69 72 
16 17 69 72 
16 17 69 72 
16 17 69 19 72 
16 17 69 72 
16 17 69 72 
16 27 17 7 69 72 83 43 
16 17 69 72 
16 27 17 7 69 72 83 43 
16 27 17 7 69 72 83 43 
16 17 69 72 
16 17 69 72 
16 17 69 19 72 
16 27 17 7 69 72 83 43 
16 17 69 72 
16 17 69 72 
16 17 69 72 
16 17 69 72 
16 17 69 62 72 
16 17 69 72 
16 17 69 72 
16 17 69 15 72 
16 17 69 72 
16 17 69 72 
16 17 69 72 
16 17 69 72 
16 17 69 72 
16 17 69 72 
16 17 69 133 
16 13 17 69 14 15 72 
16 17 69 72 
16 17 69 62 72 
16 27 17 7 69 72 83 43 
16 17 69 72 
16 17 69 72 
16 17 69 72 
16 27 17 7 69 72 83 43 
16 17 69 19 72 
16 17 69 72 
16 17 69 19 72 
16 17 69 19 72 
16 17 69 72 
16 17 69 72 
16 17 69 72 
16 17 69 72 
16 17 69 15 72 
16 17 69 72 
16 17 69 72 
16 17 69 72 
16 17 69 72 
16 17 69 72 
16 17 69 72 
16 17 69 72 
16 17 69 72 
16 17 69 72 
16 17 69 72 
16 17 69 72 
16 17 69 72 
16 17 69 72 
16 17 69 72 
16 17 69 72 
16 17 69 72 
16 17 69 15 133 82 
16 17 69 133 
16 17 69 72 
16 17 69 133 62 
16 17 69 72 
16 17 69 19 72 
16 17 69 72 
16 17 69 72 
16 17 69 72 
16 17 69 72 
16 148 149 17 7 69 110 72 
16 17 69 72 
16 17 69 72 
16 17 69 72 
16 17 69 72 
16 17 69 133 
16 17 69 72 
16 17 69 72 
16 17 69 72 
16 17 69 72 
16 17 69 72 
16 17 69 72 
16 17 69 72 
16 17 69 15 72 
16 17 69 62 72 
16 17 69 72 
16 17 69 72 
16 17 69 72 
16 27 17 7 69 72 83 43 
16 17 69 72 
16 17 69 72 
16 17 69 133 
16 17 69 72 
16 17 69 72 
16 17 69 72 
16 17 69 72 
16 17 69 72 
16 17 69 72 
16 17 69 72 
16 17 69 72 
16 17 69 133 
16 17 69 72 
16 17 69 72 
16 17 69 72 
16 17 69 72 
16 17 69 72 
16 27 17 7 69 72 83 43 
16 17 69 15 72 
16 17 69 72 
16 17 69 72 
16 17 69 72 
16 17 69 72 
16 17 69 72 
16 17 162 69 15 72 82 
16 17 69 72 
16 17 69 72 
16 17 69 72 
16 17 69 72 
16 17 69 72 
16 17 69 72 
16 17 69 72 
16 27 17 7 69 72 83 43 
16 17 69 72 
16 17 69 19 133 
16 17 69 72 
16 17 69 72 
16 27 17 7 69 133 83 43 
16 17 69 133 72 
16 17 69 72 
16 17 69 72 
16 17 69 72 
16 17 69 72 
16 17 69 72 
16 17 69 15 72 82 
16 17 162 69 15 72 82 
16 17 132 69 72 
16 17 69 72 
16 17 69 72 
16 17 69 72 
16 17 69 72 
16 17 69 72 
16 17 69 72 
16 17 69 72 
16 17 69 72 
16 17 69 72 
16 17 69 72 
16 17 7 69 72 
16 17 69 72 
16 17 69 72 
16 17 69 72 
16 17 69 72 