15 82 
15 82 
16 17 70 15 82 
15 82 
15 82 
15 82 
15 82 
15 82 
15 82 
15 82 
15 82 
32 16 17 33 15 82 
15 82 
15 82 
15 82 
15 82 
230 16 231 19 15 82 
15 82 
15 82 
15 82 
15 82 
16 19 15 82 
15 82 
15 82 
52 15 53 82 
15 82 
15 82 
15 82 
16 26 27 17 7 101 235 15 82 
16 19 15 82 
15 82 
16 26 27 17 7 101 235 15 82 
15 82 
16 26 27 17 7 101 235 15 82 
15 82 
15 78 82 
15 82 
15 82 
32 16 17 33 15 82 
15 82 
230 16 231 19 15 82 
7 15 9 10 82 
15 82 
15 82 
15 82 
15 82 
15 82 
15 82 
16 19 15 82 
15 82 
15 82 
236 237 15 82 
111 15 82 
15 82 
16 17 15 62 82 
15 82 
15 82 
34 15 35 82 
15 82 
15 82 
15 82 
230 16 231 19 15 82 
15 82 
16 17 15 82 
15 82 
34 15 35 82 
15 82 
16 19 15 82 
15 82 
111 15 82 
15 82 
15 82 
15 82 
15 82 
15 82 
15 82 
52 15 53 82 
15 82 
15 82 
15 82 
15 82 
15 82 
15 82 
15 82 
15 82 
15 82 
15 82 
15 82 
15 82 
15 82 
15 82 
15 82 
32 16 17 33 15 82 
15 82 
15 82 
15 82 
15 82 
16 17 15 62 82 
15 82 
15 82 
15 82 
15 82 