16 17 56 
16 26 27 17 7 56 
16 17 56 
16 17 56 
16 17 70 56 
16 26 27 17 7 56 
16 26 27 17 7 56 
16 17 56 
16 17 56 
16 17 56 
16 26 27 17 7 56 
16 17 56 
16 17 56 
16 17 56 
16 17 56 
16 17 56 
16 17 56 
16 17 56 
16 17 56 
16 17 56 
16 17 56 
16 17 56 
16 17 56 
16 17 56 
16 17 56 
16 17 99 23 24 56 
16 17 56 
16 17 19 56 123 
16 17 56 
16 17 56 
16 17 56 
16 17 56 
16 17 56 
16 17 70 56 
16 17 56 
16 26 27 17 7 56 
16 17 56 
16 17 56 
16 17 56 
16 26 27 17 7 56 
16 17 56 
16 17 56 
16 17 56 
16 17 56 
16 26 27 17 7 56 
16 17 56 
16 17 19 56 
16 17 56 
16 26 27 17 7 56 
16 17 62 56 
16 17 7 9 10 56 
16 17 56 
16 17 56 
16 17 56 
16 17 56 
16 17 56 
16 17 56 
16 17 56 
16 17 56 
16 17 56 
16 17 56 
16 17 56 
16 17 56 
16 17 56 
16 17 56 
16 17 56 
16 17 56 
16 17 56 
16 17 56 
16 17 56 
16 17 56 
16 17 56 
16 17 56 
16 17 56 
16 17 56 
16 17 56 
16 17 56 
16 17 56 
16 17 56 
16 26 27 17 7 56 
16 17 56 
16 26 27 17 7 56 
16 17 56 
16 17 56 
16 26 27 17 7 56 
16 17 56 
16 17 56 
16 26 27 17 7 56 
16 17 19 56 123 
16 17 56 
16 17 56 
16 17 56 
16 17 56 
16 17 56 
16 17 56 
16 17 56 
16 17 56 
16 17 56 
16 17 56 
16 17 56 
16 26 27 17 7 56 
16 17 56 
16 17 56 
16 17 56 
16 17 56 
16 26 27 17 7 56 
16 17 56 
16 17 99 23 24 56 
16 17 19 56 123 
16 17 56 
16 17 56 
16 17 56 
16 17 56 
16 17 56 
16 17 56 
16 17 56 
16 17 56 
16 17 56 
16 17 56 
16 26 27 17 7 56 
16 17 56 
16 17 56 
16 17 56 
16 17 56 
16 17 56 
16 17 56 
16 17 56 
16 17 56 
16 17 56 
16 17 56 
16 17 56 
16 17 15 56 
16 17 56 
16 17 56 
16 17 56 
16 26 27 17 7 56 
16 17 56 
16 26 27 17 7 56 
16 26 27 17 7 56 
16 17 56 
16 26 27 17 7 56 
16 17 56 
16 26 27 17 7 56 
16 17 56 
16 17 56 
16 17 56 
16 17 19 56 
16 17 56 
16 17 56 
16 26 27 17 7 56 
16 17 56 
16 17 56 
16 26 27 17 7 56 
16 17 56 
16 17 56 
16 26 27 17 7 56 
16 17 56 
16 26 27 17 7 56 
16 17 56 
16 17 56 
16 17 56 
16 17 56 
16 17 56 
16 17 56 
16 17 56 
16 17 56 
16 17 56 
16 17 56 
16 17 56 
16 17 56 
16 17 56 
16 26 27 17 7 56 
16 17 56 
16 17 56 
16 26 27 17 7 56 
16 17 56 
16 17 56 
16 17 56 
16 26 27 17 7 56 
16 17 56 
16 26 27 17 7 56 
16 17 56 
16 26 27 17 7 56 
16 17 56 
16 17 56 
16 17 56 
16 17 56 
16 17 56 
16 17 56 
16 17 56 
16 17 56 
16 17 56 
16 17 56 
16 17 56 
16 17 56 
16 26 27 17 7 56 
16 17 56 
16 26 27 17 7 56 
16 26 27 17 7 56 
16 17 56 
16 17 56 
16 17 56 
16 17 56 
16 26 27 17 7 56 
16 17 56 
16 26 27 17 7 56 
16 17 56 
16 17 56 
16 17 56 
16 17 56 
16 17 56 
16 17 56 
16 26 27 17 7 56 
16 17 56 
16 17 56 
16 17 56 
16 26 27 17 7 56 
16 17 56 
16 17 56 
16 17 56 
16 17 56 
16 17 56 
16 17 56 
16 17 56 
16 17 56 
16 17 56 
16 17 56 
16 17 56 
16 26 27 17 7 56 
16 17 56 
16 26 27 17 7 56 
16 17 56 
16 17 56 
16 17 56 
16 26 27 17 7 56 
16 17 56 
16 26 27 17 7 56 
16 17 7 56 
16 17 56 
16 26 27 17 7 56 
16 17 56 
16 17 20 56 
16 17 56 
16 17 56 
16 17 56 
16 17 56 
16 17 56 
16 17 56 
16 17 56 
16 17 56 
16 17 56 
16 17 56 
16 17 56 
16 17 56 
16 17 56 
16 17 56 
16 17 56 
16 17 56 
16 17 56 
16 17 56 
16 17 56 
16 17 56 
16 17 56 
16 17 56 
16 17 56 
16 17 56 
16 17 56 
16 17 56 
16 17 56 
16 17 7 9 10 56 
16 17 56 
16 17 56 
16 17 56 
16 17 56 
16 17 7 9 10 56 
16 17 56 
16 17 56 
16 17 56 
16 17 56 
16 17 56 
16 17 56 
16 17 56 
16 17 56 
16 17 56 
16 17 56 
16 17 56 
16 17 56 
16 17 56 
16 17 56 
16 26 27 17 7 56 
16 17 56 
16 17 56 
16 17 56 
16 17 56 
16 17 56 
16 17 56 
16 17 19 56 123 
16 17 56 
16 17 56 
16 17 56 
16 26 27 17 7 56 
16 17 56 
16 26 27 17 7 56 
16 17 56 
16 17 56 
16 17 102 19 103 56 
16 17 56 
16 17 56 
16 17 56 
16 17 56 
16 17 19 56 
16 17 56 
16 17 56 
16 17 56 
16 17 56 
16 26 27 17 7 56 
16 17 56 
16 26 27 17 7 56 
16 17 56 
16 17 56 
16 17 56 
16 26 27 17 7 56 
16 17 56 
16 17 56 
16 17 56 
16 17 56 
16 17 56 
16 17 56 
16 17 56 
16 17 56 
16 17 56 
16 26 27 17 7 56 
16 17 56 
16 17 56 
16 26 27 17 7 56 
16 17 56 
16 17 56 
16 17 7 9 10 56 
16 26 27 17 7 56 
16 17 56 
16 17 56 
16 17 56 
16 17 56 
16 17 56 
16 26 27 17 7 56 
16 17 56 
16 17 56 
16 17 56 
16 17 56 
16 17 18 7 9 10 56 
16 17 56 
16 17 56 
16 17 7 56 
16 17 56 
16 17 56 
16 26 27 17 7 56 
16 17 56 
16 26 27 17 7 56 
16 17 56 
16 17 56 
16 17 56 
16 17 56 
16 17 56 
16 17 56 
16 26 27 17 7 56 
16 17 56 
16 17 56 
16 17 56 
16 26 27 17 7 56 
16 17 56 
16 17 56 
16 26 27 17 7 56 
16 17 56 
16 17 56 
16 26 27 17 7 56 
16 17 56 
16 26 27 17 7 56 
16 17 56 
16 26 27 17 7 56 
16 17 56 
16 17 56 
16 26 27 17 7 56 
16 17 56 
16 17 56 
16 17 56 
16 17 56 
16 26 27 17 7 56 
16 17 56 
16 17 56 
16 17 56 
16 26 27 17 7 56 
16 17 56 
16 17 56 
16 17 56 
16 17 56 
16 26 27 17 7 56 
16 17 56 
16 26 27 17 7 56 
16 26 27 17 7 56 
16 17 7 9 10 56 
16 17 56 
16 26 27 17 7 56 
16 26 27 17 7 56 
16 17 56 
16 17 56 
16 17 56 
16 17 56 
16 17 56 
16 17 56 
16 17 56 
16 17 56 
16 17 56 
16 17 56 
16 17 56 
16 17 56 
16 17 56 
16 17 56 
16 17 56 
16 17 56 
16 17 56 
16 17 56 
16 17 56 
16 17 56 
16 17 56 
16 17 56 
16 17 56 
16 17 56 
16 17 7 9 10 56 
16 17 56 
16 17 56 
16 17 56 
16 17 56 
16 17 56 
16 17 56 
16 100 17 101 56 
16 17 56 
16 17 56 
16 17 99 23 24 56 
16 17 56 
16 17 56 
16 17 56 
16 17 56 
16 17 56 
16 17 56 
16 17 56 
16 17 56 
16 17 56 
16 17 56 
16 17 56 
16 17 56 
16 17 56 
16 17 7 9 10 56 
16 17 7 9 10 56 
16 17 56 
16 26 27 17 7 56 
16 26 27 17 7 56 
16 17 56 
16 26 27 17 7 56 
16 17 56 
16 17 56 
16 17 56 
16 17 56 
16 17 56 
16 17 56 
16 17 56 
16 26 27 17 7 56 
16 17 56 
16 17 56 
16 17 56 
16 17 56 
16 17 56 
16 17 56 
16 17 56 
16 17 56 
16 17 7 9 10 56 
16 17 56 
16 17 56 
16 17 56 
16 17 56 
16 13 17 14 15 56 
16 17 56 
16 17 56 
16 17 56 
16 17 56 
16 17 56 
16 17 56 
16 26 27 17 7 56 
16 17 56 
16 17 56 
16 17 56 
16 17 56 
16 17 56 
16 17 56 
16 17 56 
16 17 56 
16 17 56 
16 17 56 
16 17 56 
16 17 56 
16 17 56 
16 17 56 
16 17 56 
16 17 56 
16 17 56 
16 17 56 
16 17 56 
16 17 56 
16 17 19 56 
16 17 56 
16 17 19 56 123 
16 17 7 9 10 56 
16 17 56 
16 17 56 
16 17 56 
16 17 56 
16 17 56 
16 17 56 
16 17 56 
16 17 56 
16 17 56 
16 17 56 
16 17 56 
16 17 56 
16 17 56 
16 17 19 56 123 
16 17 19 56 123 
16 17 56 
16 17 56 
16 26 27 17 7 56 
16 17 56 
16 17 56 
16 17 56 
16 17 56 
16 17 56 
16 17 56 
16 17 56 
16 17 56 
16 17 56 
16 17 56 
16 17 56 
16 17 56 
16 17 56 
16 17 56 
16 17 56 
16 17 56 
16 17 56 
16 17 56 
16 17 56 
16 17 56 
16 17 56 
16 17 56 
16 17 56 
16 17 56 
16 17 56 
16 17 56 
16 17 56 
16 17 56 
16 17 56 
16 17 56 
16 17 56 
16 17 56 
16 17 56 
16 17 56 
16 17 7 9 10 56 
16 17 56 