89 90 
89 90 
89 90 
89 90 
30 89 31 90 
89 90 
89 90 
89 90 
89 90 
89 90 
89 90 
89 90 
89 90 
89 90 
73 89 90 74 
89 90 
89 90 
89 90 
89 90 
89 90 
89 90 
89 90 
89 90 
89 90 
89 90 
89 90 
89 90 
89 90 
89 90 
89 90 
89 90 
89 90 
89 90 
89 90 
89 90 
89 90 
89 90 
89 90 
89 90 
30 89 31 90 
89 90 
89 90 
89 90 
89 90 
89 90 
89 90 
89 90 
89 90 
89 90 
89 90 
89 90 
89 90 
89 90 
89 90 
89 90 
89 90 
89 90 
89 90 
30 89 31 90 
89 90 
89 90 
61 89 90 20 
89 90 
89 90 
89 90 
89 90 
89 90 
89 90 
89 90 
89 31 90 
89 90 
89 90 
89 90 
89 90 
89 90 
89 90 
89 90 
89 90 
32 16 17 89 90 33 
89 90 
89 90 
89 90 
16 89 90 19 
89 90 
89 90 
89 90 
89 90 
89 90 
89 90 
32 16 17 89 90 33 
89 90 
89 90 
89 90 
89 90 
89 90 
89 90 
89 90 
89 90 
89 90 
89 90 
89 90 
89 90 
89 90 
89 90 
89 90 
89 90 
16 89 17 90 69 72 
32 16 17 89 90 33 
89 90 
89 90 
89 90 
89 90 
32 16 17 89 90 33 
89 90 
89 90 
89 90 
89 90 
16 89 17 90 69 72 
89 90 
89 90 
89 90 
89 90 
89 90 
89 90 
89 90 
32 16 17 89 90 33 
89 90 
89 90 
89 90 
89 90 
89 90 
89 90 
89 90 
89 90 15 82 
89 90 
89 90 
89 90 
89 90 
89 90 
89 90 
89 90 
89 90 
89 90 
89 90 
89 90 
89 90 
89 90 
89 90 
89 90 
89 90 
89 90 
89 90 
89 90 
89 90 
89 90 
89 90 3 
89 90 
89 90 
89 90 
16 89 90 19 
89 90 
89 90 
89 90 
16 89 17 90 70 
89 90 
89 90 
89 90 
89 90 
89 90 
89 90 
89 90 
89 90 
89 90 
89 90 
89 90 
89 90 
89 90 
89 90 
32 16 17 89 90 33 
89 90 
89 90 
89 90 
89 90 
89 90 
89 90 
89 90 
89 90 
89 90 
89 90 
89 90 
89 90 
89 90 
89 90 
89 90 
89 90 
16 89 90 19 
89 90 
89 90 
89 90 
89 90 
89 90 
89 90 
89 90 
89 90 
89 90 
89 90 
89 90 
89 90 
89 90 
89 90 
89 90 
32 16 17 89 90 33 
89 90 
16 89 90 19 
89 90 
89 90 
89 90 
89 90 
89 90 
89 90 
89 90 
32 16 17 89 90 33 
89 90 
16 89 90 19 
89 90 
32 16 17 89 90 33 
89 90 
89 90 
89 90 
89 90 
89 90 
89 90 
89 90 
89 90 
89 90 
89 90 
89 90 
89 90 
89 90 
89 90 
89 90 
89 90 
89 90 
89 90 
89 90 
89 90 
89 90 
73 89 90 74 
32 16 17 89 90 33 
89 90 
89 90 
89 90 
89 90 
89 90 
89 90 
89 90 
89 90 
89 90 
89 90 
89 90 
89 90 
89 90 
89 90 
89 90 
89 90 
89 90 
89 90 
89 90 
89 90 
89 90 
32 16 17 89 90 33 
89 90 15 82 
89 90 
89 90 
89 90 
89 90 
89 90 
89 90 
89 90 
89 90 
89 90 
89 90 
89 90 
89 90 
16 89 17 90 62 
89 90 
89 90 
89 90 
89 90 
89 90 
89 90 
89 90 
89 90 
32 16 17 89 90 33 
32 16 17 89 90 33 
32 16 17 89 90 33 
32 16 17 89 90 33 
32 16 17 89 90 33 
89 90 
89 31 90 
89 90 
89 90 
89 90 
89 90 
89 90 
32 16 17 89 90 33 
89 90 
89 90 
89 90 
89 90 
89 90 
89 90 
89 90 
89 90 