7 8 
12 7 8 9 10 
7 8 186 
7 8 186 59 15 
7 8 186 
7 8 9 10 
114 7 8 118 9 10 
7 8 9 10 
114 7 8 94 118 10 
12 7 8 9 10 
7 8 9 10 
7 8 9 10 
18 7 8 9 10 
7 8 186 9 10 
114 7 8 118 10 
7 8 9 10 
428 26 27 7 8 46 
7 8 9 10 
7 8 9 10 
12 7 8 9 10 
7 8 371 
7 8 94 10 
7 8 94 10 
7 8 94 10 
7 8 94 10 
7 8 94 10 
7 8 9 10 
7 8 9 10 
7 8 9 10 
7 8 9 10 
7 8 9 10 
7 8 9 10 
7 8 9 10 
7 8 9 10 
7 8 9 10 
7 8 9 10 
7 8 9 10 
7 8 9 10 
7 8 9 10 
7 8 9 10 
7 8 9 10 
114 7 8 118 9 10 
114 26 27 7 8 118 10 
7 8 9 10 
114 7 8 118 9 10 
7 8 9 10 
7 8 9 10 
114 7 8 118 10 
7 8 9 10 
7 8 186 
7 8 9 10 
7 8 9 10 
7 8 9 10 
7 8 9 10 
7 8 9 10 
7 8 9 10 
7 8 94 10 
7 8 9 10 
7 8 9 10 
7 8 94 10 
7 8 9 10 
7 8 9 10 
7 8 9 10 
7 8 9 10 
7 8 186 
32 16 17 7 8 33 94 10 
7 8 94 10 
114 7 8 118 10 
7 8 9 10 
7 8 9 10 
7 8 9 10 
7 8 9 10 
7 8 9 10 
7 8 9 10 
7 8 9 10 
7 8 9 10 
7 8 9 10 
7 8 9 10 
7 8 9 10 
7 8 9 10 
7 8 9 10 
7 8 94 10 
7 8 9 10 
7 8 9 10 
7 8 9 10 
7 8 9 10 
7 8 9 10 
7 8 9 10 
7 8 9 10 
7 8 9 10 
7 8 9 10 
7 8 9 10 
7 8 9 10 
7 8 9 10 
7 8 9 10 
7 8 9 10 
7 8 9 10 
7 8 9 10 
7 8 9 10 
7 8 9 10 
7 8 9 10 
7 8 9 10 
7 8 9 10 
7 8 9 10 
7 8 9 10 
7 8 9 10 
7 8 9 10 
7 8 9 10 
7 8 9 10 
7 8 9 10 
7 8 9 10 
7 8 9 10 
7 8 9 10 
7 8 94 10 
7 8 9 10 
7 8 9 10 
7 8 9 10 
7 8 9 10 
7 8 9 10 
7 8 9 10 
7 8 94 10 
7 8 9 10 
7 8 9 10 
7 8 9 10 
7 8 9 10 
7 8 9 10 
7 8 94 10 
428 7 8 46 
428 26 27 7 8 46 
32 16 17 7 8 33 94 10 
7 8 94 10 
7 8 9 10 
7 8 9 10 
7 8 9 10 
7 8 9 10 
7 8 9 10 
7 8 9 10 
7 8 186 
7 8 9 10 
428 7 8 46 
7 8 9 10 
32 16 114 17 7 8 33 118 10 
7 8 9 10 
7 8 186 
428 7 8 46 
7 8 9 10 
7 8 9 10 
7 8 186 
7 8 9 10 
7 8 9 10 
7 8 9 10 
7 8 9 10 
7 8 9 10 
7 8 9 10 
428 26 27 7 8 46 
114 7 8 118 9 10 
114 7 8 118 9 10 
7 8 9 10 
7 8 
7 8 9 10 
7 8 94 10 
7 8 94 10 
7 8 186 
7 8 9 10 
7 8 9 10 
7 8 186 
7 8 94 10 
114 7 8 118 9 10 
7 8 9 10 
12 7 8 9 10 
12 7 8 9 10 
18 7 8 9 10 
18 7 8 9 10 
7 8 9 10 
18 7 8 9 10 
18 7 8 9 10 
18 7 8 9 10 
12 7 8 9 10 
12 7 8 9 10 
12 7 8 9 10 
18 7 8 9 10 
7 8 9 10 
18 7 8 9 10 
7 8 9 10 
7 8 9 10 
12 7 8 9 10 
18 7 8 9 10 
7 8 9 10 
12 7 8 9 10 
12 7 8 9 10 
7 8 9 10 
7 8 9 10 
7 8 9 10 
7 8 
7 8 9 10 
7 8 430 
7 8 186 
18 7 8 9 10 
114 7 8 118 9 10 
7 8 
7 8 
12 7 8 9 10 
18 7 8 9 10 
7 8 9 10 
18 7 8 9 10 
18 7 8 9 10 
12 7 8 9 10 
7 8 9 10 
18 7 8 9 10 
7 8 
114 7 8 118 9 10 
7 8 186 
7 8 186 
7 8 186 
429 7 8 46 
7 8 186 
7 8 186 
7 8 186 
7 8 186 
7 8 9 10 
429 7 8 46 
7 8 9 10 
7 8 9 10 
7 8 9 10 
7 8 9 10 
7 8 9 10 
7 8 9 10 
7 8 9 10 
7 8 9 10 
7 8 9 10 
7 8 9 10 
7 8 9 10 
7 8 9 10 
7 8 9 10 
7 8 9 10 
7 8 9 10 
7 8 9 10 
7 8 9 10 
7 8 9 10 
7 8 9 10 
7 8 9 10 
7 8 9 10 
7 8 9 10 
7 8 9 10 
7 8 9 10 
7 8 9 10 
7 8 9 10 
7 8 9 10 
7 8 9 10 
7 8 9 10 
7 8 9 10 
7 8 9 10 
7 8 9 10 
7 8 9 10 
7 8 9 10 
7 8 9 10 
7 8 9 10 
7 8 9 10 
7 8 9 10 
7 8 9 10 
7 8 9 10 
7 8 9 10 
7 8 9 10 
7 8 9 10 
7 8 9 10 
7 8 9 10 
7 8 9 10 
7 8 9 10 
7 8 9 10 
7 8 9 10 
7 8 9 10 
7 8 9 10 
7 8 9 10 
7 8 9 10 
7 8 9 10 
7 8 9 10 
7 8 9 10 
7 8 9 10 
7 8 186 
7 8 9 10 
429 7 8 46 
7 8 9 10 
7 8 186 
429 7 8 46 
7 8 186 
7 8 186 
7 8 46 51 
7 8 186 
429 7 8 46 
7 8 9 10 
7 8 186 
18 7 8 9 10 
7 8 186 
7 8 
7 8 
7 8 186 
7 8 186 
7 8 186 
429 7 8 46 
7 8 9 10 
7 8 9 10 
7 8 186 
7 8 186 
7 8 186 
429 7 8 46 
18 7 8 9 10 
429 7 8 46 
7 8 186 
114 7 8 118 10 
429 7 8 46 
7 8 186 
429 7 8 46 
7 8 186 
429 7 8 46 
429 7 8 46 
429 7 8 46 
7 8 
429 7 8 46 
429 7 8 46 
18 7 8 9 10 
18 7 8 9 10 
18 7 8 9 10 
7 8 9 10 
429 7 8 46 
429 7 8 46 
7 8 9 10 
429 7 8 46 
429 7 8 46 
429 7 8 46 
429 7 8 46 
429 7 8 46 
7 8 9 10 
7 8 9 10 
429 7 8 46 
7 8 
16 7 8 
7 8 9 10 
7 8 9 10 
429 7 8 46 
429 7 8 46 
429 7 8 46 
429 7 8 46 
429 7 8 46 
429 7 8 46 
27 7 8 186 43 
7 8 186 
7 8 186 
429 7 8 46 