7 3 340 
3 340 
3 340 
3 340 
16 3 19 340 
16 17 3 340 
52 3 340 53 
63 3 340 
3 340 
3 340 
3 340 
3 340 
3 340 
3 340 
3 340 
63 3 340 
3 340 
3 340 
3 340 
63 3 340 
3 340 
3 340 15 
3 340 
3 340 
52 3 340 53 
3 340 
3 340 
3 340 
3 340 
3 340 
3 340 
3 340 
3 340 
3 340 
16 3 19 340 
3 340 
16 3 19 340 
16 3 19 340 
3 340 
3 340 
3 340 
7 3 340 
3 340 
52 3 340 53 
3 340 
3 340 
3 340 
3 340 
3 59 340 15 
3 59 340 15 
3 340 
3 340 
3 340 
3 340 
31 3 340 
3 340 
3 340 
3 59 340 15 
3 340 
3 340 
52 3 340 53 
3 340 
3 340 
3 340 
3 340 
3 340 
3 340 
3 340 
3 340 
3 340 
3 59 340 15 
3 340 
3 340 
3 340 
3 340 
7 3 340 
3 340 
3 340 
3 340 
3 340 
3 340 
3 340 
3 340 
3 340 
3 340 
3 340 
3 340 
3 340 
3 340 
3 340 
3 340 
3 340 
3 340 
3 340 
3 340 
3 340 
3 340 
3 340 
3 340 
3 340 
16 3 19 340 
3 340 
3 340 
3 340 
3 340 
3 340 
3 340 
3 340 
3 340 
3 340 15 
3 340 
3 340 
3 340 
3 340 
31 3 340 
3 340 
3 340 
3 340 
32 16 17 3 33 340 
3 340 
31 3 340 
3 340 
16 3 19 340 
3 340 
3 340 
3 340 
3 340 
3 340 
3 340 
3 340 
3 340 
3 340 
3 340 
3 340 
3 340 
3 340 
3 340 
3 340 
3 340 
3 340 
3 340 
3 340 
3 340 
3 340 
3 340 
3 340 
3 340 
3 340 
3 340 
3 340 
3 340 
3 340 
3 340 
16 3 19 340 
16 3 19 340 
3 340 
3 340 
3 340 
3 340 
3 340 
63 3 340 
3 340 
16 3 19 340 
3 340 
3 340 
16 3 19 340 
3 340 
3 340 
3 340 
3 340 
3 340 
3 340 
3 340 
3 340 
16 17 3 340 
3 340 
3 340 
3 340 
3 340 
3 340 
3 340 
3 340 
3 340 
3 340 
3 340 
3 340 
3 340 
3 340 
3 340 
3 340 
3 340 
3 340 15 
3 340 
3 340 
3 340 
3 340 
3 340 
3 340 
3 340 
3 340 15 
3 340 
3 340 
3 340 
3 340 
7 3 340 
3 340 
3 340 
3 340 
3 340 
3 340 
3 340 
3 340 
3 340 
3 340 
3 340 
3 340 
7 3 340 
3 340 
3 340 
3 340 
3 340 
3 340 
3 340 
3 340 
3 340 
3 340 
3 340 
3 340 
3 340 
3 340 
3 340 
3 340 
16 17 3 340 
3 340 
3 340 
3 340 
3 340 
3 340 
3 340 
16 3 19 340 
3 340 
3 340 
3 59 340 15 
3 340 
3 340 
3 340 
3 340 
3 340 
3 340 
3 340 
3 340 15 
3 340 
7 3 340 
3 340 
3 340 
3 340 
3 340 
3 340 
3 340 
3 340 