7 8 94 10 
7 8 94 10 
27 26 7 8 94 10 
27 26 7 8 165 94 10 
27 42 7 8 94 10 57 43 
27 26 7 8 94 10 
27 26 7 8 94 10 
27 26 7 8 94 10 
27 26 7 8 94 10 
7 8 94 10 
7 8 94 10 
16 27 26 17 7 8 94 10 
27 26 7 8 94 10 
27 26 7 8 94 10 
27 26 7 8 94 10 
7 8 94 9 10 
27 26 7 8 94 10 
27 42 7 8 94 10 57 43 
27 42 7 8 94 10 57 43 
27 42 7 8 94 10 57 43 
27 42 7 8 94 10 57 43 
27 42 7 8 94 10 57 43 
27 42 7 8 94 10 57 43 
27 42 7 8 94 10 57 43 
27 42 26 7 8 94 10 57 43 
7 8 94 10 
7 8 94 10 
7 8 94 10 
7 8 94 10 
27 42 7 8 94 10 57 43 
27 42 7 8 94 10 57 43 
27 42 7 8 94 10 57 43 
27 42 7 8 246 94 10 57 43 
7 8 94 10 
7 8 94 10 
27 42 26 7 8 94 10 57 43 
27 42 26 7 8 94 10 57 43 
27 42 7 8 94 10 57 43 
27 42 7 8 94 10 57 43 
27 42 7 8 94 10 57 43 
27 42 7 8 94 10 57 43 
27 42 26 7 8 94 10 57 43 
27 42 7 8 94 10 57 43 
27 42 7 8 94 10 57 43 
27 42 7 8 94 10 57 43 
27 42 7 8 94 10 57 43 
27 42 26 7 8 94 10 57 43 
27 42 7 8 94 10 57 43 
27 42 7 8 94 10 57 43 
27 42 7 8 94 10 57 43 
27 42 7 8 94 10 57 43 
27 42 26 7 8 94 10 57 43 
27 42 7 8 94 10 57 43 
27 42 7 8 94 10 57 43 
27 42 7 8 94 10 57 43 
27 42 7 8 94 10 57 43 
27 42 7 8 94 10 57 43 
27 42 7 8 94 10 57 43 
27 42 7 8 94 10 57 43 
27 42 7 8 94 10 57 43 
27 42 7 8 94 10 57 43 
27 42 7 8 94 10 57 43 
27 42 7 8 94 10 57 43 
27 42 7 8 94 10 57 43 
27 42 7 8 94 10 57 43 
27 42 7 8 94 10 57 43 
27 42 26 7 8 94 10 57 43 
27 42 7 8 94 10 57 43 
27 42 7 8 94 10 57 43 
27 42 7 8 94 10 57 43 
27 42 7 8 94 10 57 43 
27 42 7 8 94 10 57 43 
27 42 7 8 94 10 57 43 
27 42 7 8 94 10 57 43 
27 42 7 8 94 10 57 43 
27 42 7 8 94 10 57 43 
27 42 7 8 94 10 57 43 
27 42 7 8 94 10 57 43 
27 42 7 8 94 10 57 43 
27 42 7 8 94 10 57 43 
27 42 7 8 94 10 57 43 
27 42 7 8 94 10 57 43 
27 42 7 8 94 10 57 43 
27 42 7 8 94 10 57 43 
27 42 7 8 94 10 57 43 
27 42 26 7 8 94 10 57 43 
27 42 7 8 94 10 57 43 
27 42 7 8 94 10 57 43 
27 42 7 8 94 10 57 43 
27 42 7 8 94 10 57 43 
27 42 7 8 94 10 57 43 
27 42 7 8 94 10 57 43 
27 42 7 8 94 10 57 43 
27 42 7 8 94 10 57 43 
27 42 7 8 94 10 57 43 
27 42 7 8 94 10 57 43 
27 42 7 8 94 10 57 43 
27 42 7 8 94 10 57 43 
27 42 7 8 94 10 57 43 
27 42 7 8 94 10 57 43 
27 42 7 8 94 10 57 43 
27 42 7 8 94 10 57 43 
27 42 7 8 94 10 57 43 
7 8 348 94 10 
27 26 7 8 94 10 
27 26 7 8 94 10 
27 26 7 349 8 94 10 
27 26 7 8 94 10 
27 26 7 8 94 10 
27 26 7 8 94 10 
27 26 7 8 94 10 
27 26 7 8 94 10 
27 26 7 8 94 10 
27 26 7 8 94 10 
27 26 7 8 94 10 
27 26 7 349 8 94 10 
27 26 7 8 94 10 
27 26 7 349 8 94 10 
27 26 7 349 8 94 10 
27 26 7 8 94 10 
27 26 7 8 94 10 
27 26 7 8 94 10 
27 26 7 8 246 94 10 
27 26 7 8 94 10 
27 26 7 8 94 10 
27 26 7 8 94 10 
7 8 94 10 
7 8 348 94 10 
32 16 27 26 17 7 8 33 94 10 
27 26 7 8 246 94 10 
7 8 94 10 
27 26 7 8 246 94 10 
27 26 7 8 246 94 10 
27 26 7 8 246 94 10 
27 26 7 8 94 10 
27 42 7 8 94 10 57 43 
27 26 7 349 8 94 10 
27 26 7 8 94 10 
27 26 7 8 94 10 
27 26 7 349 8 94 10 
27 26 7 8 94 10 
27 26 7 8 94 9 10 
27 26 7 349 8 94 10 
27 42 7 8 94 10 57 43 
27 26 7 349 8 94 10 
27 26 7 8 246 94 10 
27 26 7 349 8 94 10 
27 26 7 349 8 94 10 
27 26 7 8 94 10 
27 26 7 8 94 10 
27 26 7 8 94 10 
7 8 94 10 
32 16 27 26 17 7 8 33 94 10 
27 26 7 8 94 10 
27 26 7 8 94 10 
27 26 7 349 8 94 10 
26 27 7 8 94 10 
27 26 7 8 94 10 
27 26 7 8 94 10 
27 26 7 8 94 10 
27 26 7 8 94 10 124 
27 26 7 8 246 94 10 
27 26 7 8 246 94 10 
27 26 7 8 94 10 
27 26 7 349 8 94 10 
27 26 7 8 94 10 
27 26 7 8 94 10 
27 26 7 8 94 9 10 
27 26 7 8 94 10 
27 26 7 349 8 94 10 
27 26 7 8 94 10 
27 26 7 8 94 10 
27 26 7 8 94 10 
16 27 26 7 8 19 94 10 
27 26 7 349 8 94 10 
27 26 7 8 94 10 
27 26 7 8 94 10 
27 26 7 8 94 10 
27 26 7 8 94 10 
27 26 7 8 94 121 10 
27 26 7 8 94 10 
27 26 7 349 8 94 10 
32 16 27 26 17 7 8 33 94 10 
27 26 7 8 94 10 
27 26 7 8 94 10 
27 26 7 8 94 10 124 
27 26 7 8 94 10 
27 26 7 8 94 10 
27 26 7 8 94 10 
27 26 7 8 94 10 
27 26 7 8 94 10 
27 26 7 8 94 10 
27 26 7 8 94 10 
27 26 7 8 94 10 
27 26 7 8 94 10 
32 16 27 26 17 7 8 33 94 10 
27 26 7 349 8 94 10 
27 26 7 8 94 10 
27 26 7 8 94 10 
27 26 7 8 246 94 10 
27 26 7 8 94 10 
27 26 7 349 8 94 10 
27 26 7 8 94 10 
16 27 26 7 8 19 94 10 
27 26 7 8 94 10 
27 26 7 8 94 10 
27 26 7 8 186 94 10 
27 26 7 8 94 10 
27 26 7 8 94 10 
27 26 7 8 94 10 
27 26 7 8 94 10 124 
27 26 7 8 94 10 
27 26 7 8 3 94 340 10 
27 26 7 8 94 10 
27 26 7 8 94 10 
27 26 7 8 246 94 10 
27 26 7 349 8 94 10 
27 26 7 8 94 10 
16 27 26 7 8 19 94 10 
16 7 8 19 94 10 
27 42 7 8 94 10 57 43 
26 27 7 349 8 94 10 
27 26 7 8 246 94 10 
27 42 7 8 94 10 57 43 
27 26 7 8 94 10 
27 42 7 8 94 10 57 43 
27 42 7 8 94 10 57 43 
27 42 7 8 94 10 57 43 
27 42 7 8 94 10 57 43 
27 42 26 7 8 94 10 57 43 
27 42 7 8 94 10 57 43 
27 42 7 8 94 10 57 43 
27 42 7 8 94 10 57 43 
27 42 7 8 94 10 57 43 
27 42 7 8 94 10 57 43 
27 42 7 8 94 10 57 43 
27 42 26 7 8 94 10 57 43 
27 42 7 8 94 10 57 43 
27 42 7 8 94 10 57 43 
27 26 7 8 94 10 
26 27 7 8 94 10 
7 8 94 10 
27 26 7 8 94 10 
27 7 8 94 10 83 43 
27 26 7 8 94 10 
27 26 7 349 8 94 10 
16 7 8 348 19 94 10 
16 7 8 348 19 94 10 
27 26 7 8 94 10 
27 26 7 8 94 10 
7 8 94 10 
7 8 94 10 
7 8 94 10 
16 17 7 8 94 10 
27 26 7 8 94 10 
27 26 7 8 246 94 10 
27 26 7 8 246 94 10 
27 26 7 8 94 10 
27 26 7 8 94 10 
27 26 7 8 94 10 
27 26 7 8 94 10 
16 100 27 26 17 7 8 101 94 10 
27 26 7 8 94 10 
27 26 7 8 94 10 
27 26 7 8 94 10 
27 26 7 8 94 10 
27 26 7 8 94 10 
27 26 7 8 94 10 
27 26 7 8 94 10 
27 26 7 8 94 10 
27 26 7 8 94 10 
27 26 7 8 246 94 10 
27 26 7 8 94 10 
27 26 7 8 94 10 
27 26 7 8 94 10 
27 26 7 8 94 10 
27 26 7 8 94 10 
27 26 7 8 94 243 10 
27 26 7 8 94 10 
27 26 7 8 94 10 
27 26 7 8 94 10 
27 26 7 8 94 10 
27 26 7 8 246 94 10 
27 26 7 8 94 10 
27 26 7 8 246 94 10 
27 26 7 8 94 10 
27 26 7 8 246 94 10 
27 26 7 8 94 10 
27 26 7 8 246 94 10 
27 26 7 8 246 94 10 
27 26 7 8 246 94 10 
7 8 94 10 
27 26 7 8 94 350 351 10 
27 26 7 8 94 350 351 10 
16 27 26 7 8 19 94 10 
27 26 7 8 94 10 
7 8 94 10 
27 26 7 8 94 10 
16 27 26 7 8 19 94 10 
27 26 7 8 94 10 
27 26 7 8 94 10 
27 26 7 349 8 94 10 
27 26 7 349 8 94 10 
27 26 7 8 94 10 
27 26 7 8 94 10 
27 26 7 8 94 10 
27 26 7 349 8 94 10 
27 26 7 349 8 94 10 
26 27 7 8 94 10 
7 8 94 10 
7 8 94 10 
27 26 7 8 94 10 
7 8 94 10 
7 8 94 10 
7 8 94 10 
27 26 7 349 8 94 10 
7 8 94 10 
27 7 8 94 10 83 43 
27 26 7 8 94 10 
26 27 7 8 94 10 
27 26 7 349 8 94 10 
27 26 7 8 94 10 
27 26 7 8 94 10 
27 26 7 8 94 10 
27 26 7 349 8 94 10 
27 42 7 8 94 10 57 43 
27 26 7 8 94 121 10 
7 8 94 10 
27 7 8 94 71 10 43 
27 7 8 168 94 169 10 
7 8 94 10 
27 26 7 8 246 94 10 
27 7 8 168 94 169 10 
27 26 7 8 94 10 
27 42 7 8 94 10 57 43 
7 8 94 10 
7 8 94 10 
7 8 94 10 
7 8 94 10 
27 7 8 94 10 83 43 
27 7 8 168 94 169 10 
27 7 8 168 94 169 10 
27 7 8 168 94 169 10 
27 26 7 349 8 94 10 
16 27 26 7 8 19 94 10 
16 27 26 7 8 19 94 10 
27 26 7 8 94 10 
27 42 7 8 94 10 57 43 
27 7 8 94 10 83 43 
27 7 8 94 10 83 43 
27 7 8 94 10 83 43 
27 7 8 94 10 83 43 
7 8 94 10 
27 7 8 94 10 83 43 
27 7 8 94 10 83 43 
27 7 8 94 10 83 43 
7 8 94 10 
26 27 7 8 94 10 
27 26 7 349 8 94 10 
27 42 7 8 94 10 57 43 
27 42 26 7 8 94 10 57 43 
7 8 348 94 10 
7 8 348 94 10 
7 8 348 94 10 
7 8 348 94 10 
27 26 7 8 94 10 
27 26 7 8 94 10 
27 26 7 8 94 10 
27 26 7 8 94 10 
27 26 7 8 94 10 
27 26 7 8 246 94 10 
27 26 7 8 94 10 
18 7 8 94 9 10 
7 8 94 10 
7 8 94 10 
18 7 8 94 9 10 
7 8 94 10 
16 17 7 8 94 10 
7 8 94 10 
7 8 94 10 
7 8 94 10 
7 8 94 10 
7 8 94 10 
7 8 94 10 
7 8 94 10 
7 8 94 10 
7 8 94 10 
7 8 94 10 
27 7 8 168 94 169 10 
7 8 94 10 
7 8 94 10 
7 8 94 10 
7 8 94 10 
7 8 94 10 
7 8 94 10 
27 7 8 168 94 169 10 
7 8 94 10 
7 8 94 10 
7 8 94 10 
7 8 94 10 
7 8 94 10 
7 8 94 10 
7 8 94 10 
7 8 94 10 
7 8 94 10 
7 8 94 10 
7 8 94 10 
7 8 94 10 
7 8 94 10 
7 8 94 10 
7 8 94 10 
7 8 94 10 
7 8 94 10 
7 8 94 10 
7 8 94 10 
7 8 94 10 
7 8 94 10 
7 8 94 10 
7 8 94 10 
7 8 94 10 
7 8 94 10 
7 8 94 10 
7 8 94 10 
7 8 94 10 
7 8 94 10 
7 8 94 10 
7 8 94 10 
7 8 94 10 
7 8 94 10 
7 8 94 10 
7 8 94 10 
7 8 94 10 
7 8 94 10 
7 8 94 10 
7 8 94 10 
7 8 94 10 
7 8 94 10 
7 8 94 10 
7 8 94 10 
7 8 94 10 
7 8 94 10 
7 8 94 10 
7 8 94 10 
7 8 94 10 
7 8 94 10 
7 8 94 10 
27 26 7 8 94 10 
16 27 26 7 8 19 94 10 
7 8 94 10 
7 8 94 10 
7 8 94 10 
7 8 94 10 
7 8 94 10 
7 8 94 10 
7 8 94 10 
7 8 94 10 
7 8 94 10 
27 7 8 94 10 83 43 
27 7 8 94 10 83 43 
27 7 8 94 10 83 43 
27 7 8 94 10 83 43 
7 8 94 10 
7 8 94 10 
7 8 94 10 
7 8 94 10 
7 8 94 10 
7 8 94 10 
7 8 94 10 
7 8 94 10 
7 8 94 10 
7 8 94 10 
7 8 94 10 
27 26 7 8 94 350 351 10 
27 7 8 94 10 83 43 
27 7 8 94 10 83 43 
27 7 8 94 10 83 43 
7 8 94 10 
27 26 7 8 94 10 83 43 
27 26 7 8 94 10 83 43 
27 42 26 7 8 94 10 57 43 
7 8 94 10 
7 8 94 10 
7 8 94 10 
7 8 94 10 
27 26 7 8 94 10 