32 16 17 3 33 340 
3 340 
3 340 
3 340 
3 340 
3 340 
3 340 
3 340 
424 3 
27 7 424 3 83 43 
27 7 424 3 83 43 
27 7 424 3 83 43 
3 340 
3 340 
3 340 
3 340 
3 59 340 15 
3 340 
3 340 
3 340 
63 3 340 
3 340 
3 340 
3 340 
3 340 
3 340 
3 340 
3 340 
34 3 15 340 35 
16 17 3 70 340 
3 340 
3 340 
16 17 424 3 
424 3 
3 340 
3 340 
3 340 
63 3 340 
3 340 
3 340 
32 16 17 3 33 340 
424 3 15 82 
3 340 
27 7 424 3 83 43 
3 340 
3 340 15 
3 340 
16 17 3 340 
3 340 
424 3 15 
3 340 
3 340 
3 340 
3 340 
3 340 
7 3 340 
3 340 
3 340 
3 340 
3 340 
3 340 
3 340 
3 340 
3 340 
3 340 
3 340 
3 340 
3 340 
3 340 
3 340 
3 340 
3 340 
3 340 
3 340 
3 59 340 15 
3 340 15 
3 59 340 15 
7 424 3 186 
3 340 
52 3 340 53 
3 59 340 15 
7 424 3 186 
3 340 
16 3 19 340 
3 340 
3 340 
3 340 
16 17 3 340 
16 3 19 340 
3 340 
3 340 
3 340 
3 340 
3 340 
52 3 340 53 
3 340 
424 3 
3 340 
3 340 
3 340 
3 340 
52 3 340 53 
3 340 
3 340 
3 340 
3 340 
3 340 
3 340 
3 340 
3 340 
27 7 424 3 83 43 
3 340 
3 340 
3 340 
3 340 
3 340 
3 340 
3 340 
42 27 7 3 340 43 81 
3 340 
3 340 
3 340 
3 340 
31 3 340 
31 3 340 
3 340 
3 340 
3 340 
31 3 340 
3 340 
3 340 
3 340 
16 3 19 340 
3 340 
3 340 
3 340 
16 424 3 
3 340 
3 340 
3 340 
3 340 
3 340 
3 340 
3 340 
3 340 
3 340 
3 340 
3 340 
3 340 
63 3 340 
3 340 
3 340 
3 340 
3 340 
3 340 
16 3 19 340 
16 3 19 340 
3 340 
3 340 
16 3 19 340 
3 340 15 
7 424 3 186 
27 7 424 3 83 43 
3 340 
16 17 3 340 
3 340 
3 340 
3 340 
16 3 19 340 
3 340 
3 340 
3 59 340 15 
16 3 19 340 
3 340 
3 340 
3 340 
7 424 3 186 
7 424 3 186 
3 340 
3 340 
7 3 340 
3 340 
16 3 19 340 
16 3 19 340 
3 340 
3 340 
3 340 
3 340 
3 340 
3 340 
3 340 
3 340 
3 340 
3 340 
3 340 
3 340 
3 340 
3 340 
7 3 340 
3 340 
3 340 
424 3 
3 340 
3 340 
3 340 
3 340 
16 3 19 340 
3 340 
3 340 
3 340 
3 340 
32 16 17 3 33 340 
3 340 
3 340 