20 
20 
20 
26 27 7 20 
20 
20 
20 
16 17 20 39 56 
7 20 9 10 
20 
20 
20 
20 
20 
34 20 15 35 
20 
20 
20 
20 
20 
20 
20 
20 
20 
20 
20 
20 
20 
29 20 
77 20 
42 27 77 7 20 43 81 
20 
20 
26 27 77 7 20 
77 7 20 9 10 
29 77 20 
77 20 
77 7 20 
77 20 
77 20 
77 20 
61 20 
60 20 
20 
20 
85 20 86 
20 
20 
25 20 
20 
20 
20 
20 
20 
20 
20 
20 
26 27 77 7 20 
77 20 
77 20 
20 39 
20 39 
20 39 
20 39 
20 
26 27 7 20 
20 
20 
20 
20 
20 
20 39 
20 39 
20 39 
20 
93 73 20 74 
20 
20 
160 34 20 15 171 
61 20 
61 20 
20 
20 
20 
20 
20 
20 
20 
20 39 
20 39 
20 39 
20 39 
20 39 
20 39 
20 39 
20 39 
20 
20 39 
20 39 
40 20 39 15 
20 39 
22 20 39 23 24 
20 
20 
20 
20 
20 3 65 66 
20 66 
20 66 
20 66 
64 20 
64 20 3 65 
64 20 
64 20 
64 73 20 74 75 
20 
20 
20 
77 20 
77 20 
77 7 20 9 10 
77 20 
77 20 
16 77 17 20 69 72 
77 20 
42 27 7 20 43 81 
20 
61 20 
61 20 
61 20 
61 20 
61 20 
61 20 
61 20 
61 20 
61 20 
61 20 
16 61 17 20 69 
61 20 
61 20 
20 
20 
73 20 74 
20 
20 
20 
20 
34 20 15 35 
32 16 17 20 39 33 
20 39 
20 
20 39 
20 
20 
20 39 
20 39 
20 39 
20 39 
20 
20 39 
20 39 
20 39 
7 20 9 10 
20 
20 
7 20 
7 20 
20 
20 
20 66 
20 66 
77 20 
61 20 
20 
20 
20 
20 
25 20 
25 20 
20 
20 
7 20 
7 20 
20 39 
16 36 37 20 38 19 
20 
26 27 7 20 
20 
26 27 7 20 
20 
20 66 
77 20 
26 27 77 7 20 
20 
26 27 7 25 20 
20 
20 39 
20 39 
20 39 
20 39 
7 20 
20 
16 20 19 84 
20 
20 
77 20 
20 66 
20 66 
77 20 
77 20 
77 20 
77 20 78 
77 20 
42 27 77 7 20 43 81 
77 20 
26 27 77 7 20 
77 7 20 
26 27 77 7 20 
77 20 
77 20 
77 20 
77 20 
20 
16 17 20 70 
26 27 7 88 20 
16 17 20 62 
20 
20 
7 20 
20 
7 20 
58 20 
20 39 
20 39 
20 39 
20 
20 
20 
7 20 
20 
20 
16 17 20 69 
20 
16 17 20 56 
64 20 3 65 
20 
20 
77 20 
77 20 
77 7 20 9 10 
77 20 
77 7 20 9 10 
20 
77 20 
16 61 17 20 69 
20 
16 17 25 20 
32 16 17 20 33 
7 20 9 10 
20 
20 
20 
20 66 
20 66 
64 20 
20 3 65 66 
77 20 
77 20 59 15 
77 34 20 15 35 
61 20 
7 20 
20 
16 20 19 
20 
20 
77 7 20 9 10 
77 20 
20 
20 
29 20 
20 
20 
25 20 
20 66 
77 20 
7 20 
20 
20 
25 20 
25 20 
29 25 20 
20 
22 20 23 24 
20 
20 
20 66 
77 20 
26 27 77 7 20 
77 7 20 
7 20 
20 
20 
16 17 25 20 
16 17 20 69 
20 
77 20 
20 78 
25 20 
25 20 
20 
20 39 
20 39 
7 20 
64 20 
64 20 
64 20 
64 20 
64 20 
77 20 
20 3 
20 66 
77 40 20 15 
16 17 20 
26 27 7 20 
20 
20 
20 
64 20 
26 27 77 7 20 
77 20 
77 20 
77 7 20 
77 20 
7 20 
20 15 82 
20 66 
20 
16 17 20 66 
61 20 
20 
20 
20 
20 
20 66 
20 66 
7 20 66 
20 66 
64 20 
20 
77 20 
20 
20 
20 
20 
20 
20 
20 
64 20 3 65 
26 27 77 7 20 
77 20 
26 27 7 20 
20 
25 20 
20 
20 
16 17 20 66 
20 66 
64 20 
77 20 
16 61 17 20 
20 
20 
20 3 65 66 
16 17 20 66 
20 3 65 66 
20 66 
20 3 65 66 
64 20 3 65 
64 20 3 65 
77 20 
77 20 
77 7 20 9 10 
7 20 
58 20 
20 
20 66 
20 
77 20 
7 20 9 10 
77 20 
16 61 17 20 
20 
20 
20 
7 20 
7 20 
77 20 
77 20 
20 
20 
77 20 
20 
32 16 17 20 39 33 
20 39 28 23 24 
1 20 
20 
20 39 
7 20 66 
77 20 
61 20 
20 
20 
20 66 
64 34 20 15 35 
64 7 20 
16 64 17 20 69 72 
64 20 
64 7 20 
64 20 
64 7 20 
64 26 27 7 20 
64 7 20 
64 20 
64 20 
64 7 20 9 10 
16 61 17 20 
16 61 17 20 
61 7 20 
16 61 17 20 
25 20 
25 20 
25 20 
20 
7 20 39 
20 39 
20 
77 20 
20 
77 20 
20 66 
61 20 
20 39 
20 39 
20 
20 
61 20 
61 20 
20 39 
20 
61 20 
20 
26 27 7 25 20 
16 17 20 66 
77 20 
20 39 
20 39 
20 39 
20 39 
20 39 
77 20 
77 20 
77 20 
32 16 17 77 20 33 
77 20 
25 20 
77 20 
20 
16 36 77 37 20 38 19 
77 20 39 
61 20 
61 20 
61 20 
61 20 
58 20 
20 
26 27 77 7 20 
20 
20 
20 
20 
20 66 
26 27 77 7 20 
32 16 17 77 20 33 
60 77 20 
77 20 
61 20 
32 16 17 20 33 
61 20 
61 20 
7 25 20 
26 27 7 25 20 
20 
20 
20 
20 
20 
7 20 39 
20 
20 
7 20 
58 20 
20 
20 
77 20 
77 20 
77 7 20 9 10 
77 20 
26 27 7 25 20 
20 39 
22 20 39 23 24 
20 
20 
20 
20 
26 27 7 25 20 
20 
20 
20 
26 27 7 20 
20 
20 
20 
29 20 
20 
20 
77 7 20 9 10 
25 20 
20 
20 
32 16 17 77 20 33 
20 39 
64 20 
20 
20 
20 