16 17 
16 17 
16 17 
16 17 
16 17 
16 17 
16 17 
16 17 69 
16 17 131 
16 17 
16 17 
16 32 17 33 
16 17 69 
16 17 
16 17 15 
16 17 
16 17 
16 17 
16 17 
16 32 17 33 
16 17 
16 17 
16 17 
16 17 18 7 9 10 
16 17 
16 17 
16 17 
16 17 7 94 10 
16 17 
16 67 17 37 19 146 
16 17 
16 17 
16 17 
16 17 
16 17 
16 17 
16 17 
16 104 17 125 
16 17 99 23 24 
16 17 
16 17 
16 17 
16 17 
16 17 
16 17 
16 17 
16 32 17 33 
16 17 
16 17 
16 17 
16 17 
16 17 
16 17 52 53 
16 17 19 
16 32 17 33 
16 17 
16 17 18 7 9 10 
16 100 17 101 
16 17 
16 104 17 
16 17 
16 32 17 33 
16 17 
16 17 69 72 
16 17 
16 17 
16 17 
16 17 
16 17 
16 32 17 33 
16 17 
16 17 
16 17 
16 17 
16 17 
16 17 157 15 
16 32 17 33 
16 17 
16 17 
16 17 
16 17 19 
16 17 
16 17 
16 17 
16 17 99 23 24 
16 17 
16 17 
16 17 
16 17 
16 17 
16 17 
16 17 
16 17 
16 17 
16 17 
16 17 
16 17 
16 17 
16 17 
16 17 
16 17 
16 17 
16 17 
16 17 
16 17 
16 17 99 23 24 
16 17 62 
16 17 7 9 10 
16 17 
16 17 99 23 24 
16 17 
16 17 
16 17 
16 17 
16 100 17 101 
16 100 17 101 
16 17 
16 17 
16 17 
16 17 
16 17 
16 17 
16 17 
16 17 
16 17 
16 17 
16 17 
16 17 
16 17 
16 32 17 33 
16 17 
16 17 
16 17 
16 17 69 
16 17 
16 17 
16 17 
16 17 
16 17 
16 17 
16 17 
16 17 18 7 9 10 
16 17 
16 17 
16 17 
16 17 
16 32 17 33 
16 17 15 
16 26 27 17 7 88 
16 67 17 37 19 146 
16 17 
16 17 15 
16 17 7 
16 17 
16 17 
16 17 
16 17 
16 17 15 
16 17 
16 17 
16 17 
16 17 
16 17 
16 17 62 
16 17 
16 17 
16 17 
16 17 
16 17 
16 17 
16 17 
16 17 
16 17 
16 17 
16 17 155 
16 17 
16 17 
16 17 
16 27 17 7 
16 17 
16 17 
16 17 
16 17 
16 17 
16 17 
16 17 122 101 
16 17 
16 17 
16 17 
16 17 
16 17 
16 17 
16 17 
16 17 
16 17 
16 17 
16 17 
16 17 
16 17 
16 17 
16 17 
16 17 
16 17 
16 17 
16 17 
16 17 
16 17 
16 32 17 33 
16 17 
16 17 
16 17 23 24 
16 17 7 9 10 
16 17 
16 17 
16 17 
16 17 99 23 24 
16 17 
16 17 
16 27 17 7 
16 17 
16 17 
16 17 
16 17 
16 17 
16 17 
16 17 
16 17 
16 17 
16 17 23 24 
16 17 
16 17 
16 17 69 
16 17 
16 17 
16 17 
16 17 
16 17 
16 17 
16 17 
16 17 
16 17 
16 17 
16 17 
16 17 
16 17 
16 17 
16 17 
16 17 
16 100 17 101 
16 17 
16 17 
16 17 
16 17 
16 17 
16 17 
16 17 
16 17 
16 17 62 
16 17 
16 17 
16 17 
16 17 
16 17 
16 17 
16 17 
16 17 
16 17 
16 17 
16 17 
16 17 59 15 
16 17 122 101 
16 17 69 
16 17 
16 17 
16 17 
16 17 
16 17 
16 17 
16 17 
16 17 
16 17 
16 17 
16 17 
16 17 
16 17 
16 17 69 
16 17 
16 17 
16 17 
16 17 
16 17 
16 17 
16 17 
16 17 
16 17 
16 17 
16 17 
16 17 
16 17 
16 17 
16 17 62 
16 17 
16 17 
16 26 27 17 7 
16 17 
16 17 
16 17 
16 17 
16 17 
16 17 
16 17 
16 17 
16 17 
16 17 
16 17 
16 17 
16 17 
16 17 
16 17 
16 17 
16 17 293 240 
16 17 69 
16 17 
16 17 
16 17 
16 17 
16 17 
16 17 
16 17 
16 17 7 9 10 
16 17 
16 17 
16 17 
16 17 
16 17 
16 17 
16 17 
16 17 18 7 9 10 
16 17 
16 17 
16 17 
16 17 
16 17 19 
16 17 
16 17 
16 17 
16 17 
16 17 
16 17 
16 17 69 
16 17 
16 17 
16 17 
16 17 
16 17 
16 17 
16 17 
16 17 69 
16 17 
16 17 
16 17 
16 100 17 101 
16 17 
16 17 
16 17 96 
16 17 70 
16 17 
16 17 
16 17 
16 17 