16 100 17 101 
16 100 17 101 
16 67 100 17 101 37 19 146 
16 100 17 101 
16 100 17 101 
16 100 17 101 
16 100 17 101 62 
16 100 17 101 
16 100 17 101 
16 100 17 101 
16 100 17 101 
16 100 17 101 
16 100 17 101 
16 100 17 101 122 
16 100 17 101 
16 100 17 101 
16 100 17 101 
16 100 17 101 
16 100 17 101 
16 100 17 101 
16 100 17 101 
16 100 17 101 
16 100 17 101 
16 100 17 101 
16 100 17 101 
16 100 17 101 
16 100 17 101 
16 100 17 101 
16 100 17 101 
16 100 17 101 
16 100 17 101 122 
16 100 17 101 
16 100 17 101 
16 100 17 101 
16 100 17 101 
16 100 17 101 
16 100 17 101 
16 100 17 101 
16 100 17 7 101 134 10 
16 100 17 101 
16 100 17 7 101 9 10 
16 100 17 101 
16 100 17 101 
16 100 17 101 
16 100 17 101 
16 100 17 101 
16 100 17 101 
16 100 17 101 122 
16 100 17 101 
16 100 17 101 
16 100 17 101 122 
16 100 17 101 
16 100 17 101 122 
16 100 17 101 
16 100 17 101 
16 100 17 101 122 
16 100 17 101 
16 100 17 101 
16 100 17 101 
16 100 26 27 17 7 101 
16 100 17 101 
16 100 17 101 122 
16 100 17 101 
16 100 17 101 62 
16 100 17 101 
16 100 17 101 
16 100 17 101 
16 100 17 101 
16 100 17 101 
16 100 17 101 
16 67 100 17 101 37 19 146 
16 100 17 101 
16 100 17 101 
16 100 17 101 
16 100 17 101 122 
16 100 17 101 
16 100 17 101 122 
16 100 17 101 
16 100 17 101 
16 100 17 101 
16 100 17 101 
16 100 17 101 
16 100 17 101 
16 100 17 101 
16 100 17 101 
16 100 17 101 
16 100 17 101 
16 100 17 101 
16 100 17 101 122 
16 100 17 101 15 
16 100 17 101 122 
16 100 17 101 
16 100 17 101 122 
16 100 17 101 
16 100 17 101 
16 100 17 101 
16 100 17 101 122 
16 100 17 101 
16 100 17 101 
16 100 17 101 
16 100 17 101 
16 100 17 101 
16 100 17 101 
16 100 17 101 122 
16 100 17 101 
16 100 17 101 
16 100 17 101 
16 100 17 101 
16 100 17 101 
16 100 17 101 
16 100 17 101 
16 100 17 101 
16 100 17 101 
16 100 17 101 
16 100 17 101 
16 100 17 101 
16 100 17 101 
16 100 17 101 
16 100 17 101 122 
16 100 17 101 
16 100 17 101 
16 100 17 101 
16 100 17 7 101 9 10 
16 100 17 101 122 
16 100 17 101 
16 100 17 101 
16 100 17 101 
16 100 17 101 62 
16 100 17 162 101 15 82 
16 100 17 101 
16 100 17 101 122 
16 100 17 101 
16 100 17 101 
16 100 17 101 
16 100 17 101 
16 100 17 101 
16 100 17 101 
16 100 17 101 
16 100 17 101 
16 67 100 17 101 37 19 146 
16 100 17 101 122 
16 100 17 101 
16 100 17 101 
16 100 17 101 
16 100 17 101 122 
16 100 17 101 
16 100 17 101 
16 100 17 101 
16 100 17 101 122 
16 100 17 101 122 
16 100 17 101 
16 100 17 101 
16 100 17 101 
16 100 17 101 122 
16 100 17 7 101 9 10 
16 100 17 101 122 
16 100 17 101 122 
16 100 17 101 122 
16 100 17 101 
16 100 17 101 
16 100 17 101 
16 100 17 101 
16 100 17 101 122 
16 100 17 101 
16 100 17 101 
16 100 17 101 
16 100 17 101 
16 100 17 101 
16 100 17 101 122 
16 100 17 101 
16 100 17 101 
16 100 17 101 
16 100 17 101 122 
16 100 17 101 122 
16 100 17 101 
16 100 17 101 
16 100 17 101 
16 100 17 101 
16 100 17 101 122 
16 100 17 101 122 
16 100 17 101 
16 100 17 101 
16 100 17 101 
16 100 17 101 
16 100 17 101 
16 100 17 101 122 
16 100 17 101 
16 100 17 101 
16 100 17 101 
16 100 17 101 
16 100 17 101 
16 100 26 27 17 7 101 
16 100 17 101 
16 100 17 101 122 
16 100 17 101 
16 100 17 7 101 9 10 
16 100 17 7 101 9 10 
16 100 17 101 
16 100 17 101 
16 100 17 101 
16 100 17 101 
16 100 17 101 
16 100 17 101 122 
16 100 17 101 122 
16 100 17 101 122 
16 100 17 101 
16 100 17 101 122 
16 100 17 101 
16 100 17 101 
16 100 17 101 122 
16 100 17 7 101 46 51 
16 100 17 7 101 9 10 
16 100 17 101 
16 100 17 101 
16 100 17 101 122 
16 100 17 101 
16 100 17 101 
16 100 17 101 
16 100 17 101 
16 100 17 101 
16 100 17 101 122 
16 100 26 27 17 7 101 
16 100 17 101 122 
16 100 17 101 
16 100 17 101 
16 100 17 101 122 
16 100 17 101 
16 100 17 101 
16 100 17 101 
16 100 17 101 
16 100 17 101 
16 100 17 101 
16 100 17 101 
16 100 17 101 
16 100 17 101 
16 100 17 101 
16 100 17 101 
16 100 17 101 62 
16 100 17 7 101 10 
16 100 17 101 
16 100 17 101 
16 100 17 101 122 
16 100 17 101 
16 100 17 101 
16 100 17 101 
16 100 17 101 
16 100 17 101 
16 100 17 7 101 9 10 
16 100 17 101 
16 100 17 101 
16 100 17 101 122 
16 100 17 101 
16 100 17 101 
16 100 17 101 
16 100 17 101 
16 100 17 101 
16 100 17 101 
16 100 17 101 
16 100 17 101 
16 100 17 101 
16 100 17 101 
16 100 17 101 
16 100 17 101 
16 100 17 101 
16 100 17 101 122 
16 100 17 101 
16 100 17 101 
16 100 17 101 
16 100 17 101 
16 100 17 101 122 
16 100 17 7 101 9 10 
16 100 17 101 
16 100 17 101 
16 100 17 101 19 
16 100 17 101 
16 100 17 101 
16 100 17 101 
16 100 17 101 
16 100 17 101 
16 100 17 101 122 
16 100 17 101 
16 100 17 101 
16 100 17 7 101 9 10 
16 100 17 101 
16 100 17 101 122 
16 67 100 17 101 37 19 146 
16 100 17 101 
16 100 17 101 
16 100 17 101 
16 100 17 101 
16 100 17 101 
16 100 17 101 
16 100 17 101 
16 100 17 101 
16 100 17 101 
16 100 17 101 
16 100 17 101 122 
16 100 17 101 
16 100 17 101 
16 100 17 101 
16 100 17 101 
16 100 17 101 
16 100 17 101 
16 100 17 101 
16 100 17 101 19 
16 100 17 101 
16 100 17 101 
16 100 17 101 
16 100 17 101 
16 100 17 101 
16 100 17 101 
16 100 17 101 
16 100 17 101 
16 100 17 101 
16 100 17 101 
16 100 17 101 78 
16 100 17 101 
16 100 17 101 
16 100 17 101 
16 100 17 101 
16 100 17 7 101 10 
16 100 17 101 
16 100 17 101 
16 100 17 101 
16 100 17 101 
16 100 17 101 
16 100 17 101 
16 100 17 101 122 
16 100 17 101 
16 100 17 101 
16 100 17 101 
16 100 17 101 
16 100 17 101 
16 100 17 101 122 
16 100 17 101 
16 100 17 101 
16 100 17 101 
16 100 17 101 122 
16 100 17 101 
16 100 17 101 
16 100 17 101 
16 100 17 101 
16 100 17 101 
16 100 17 101 
16 100 17 101 
16 100 17 101 
16 100 17 101 122 
16 100 17 101 
16 100 17 101 122 
16 100 17 101 
16 100 17 101 
16 100 17 101 
16 100 17 101 
16 100 17 101 
16 100 17 101 
16 100 17 101 122 
16 100 17 101 
16 100 17 101 
16 100 17 101 
16 100 17 101 
16 100 17 101 
16 100 17 101 
16 100 17 101 
16 100 17 101 
16 100 17 101 
16 100 17 101 
16 100 17 101 
16 100 17 101 
16 100 17 101 
16 100 17 101 
16 100 17 101 122 
16 100 17 101 
16 100 17 101 
16 100 17 101 
16 100 17 101 
16 100 17 101 122 
16 100 17 101 
16 100 17 101 
16 100 17 101 
16 100 17 101 
16 100 17 101 
16 100 17 101 
16 100 17 101 122 
16 100 17 101 
16 100 17 101 
16 100 17 101 122 
16 100 17 101 
16 100 17 101 
16 100 17 101 
16 100 17 101 
16 100 17 101 
16 100 17 7 101 10 
16 100 17 101 
16 100 17 101 
16 100 17 101 
16 100 17 101 
16 100 17 101 
16 100 17 101 
16 100 17 101 
16 100 17 101 
16 100 17 101 
16 100 17 101 
16 100 17 101 
16 100 17 101 
16 100 17 101 
16 100 17 101 
16 100 17 101 
16 100 17 101 
16 100 17 101 96 
16 100 17 101 
16 100 17 101 
16 100 17 101 
16 100 17 101 
16 100 17 101 
16 100 17 101 
16 100 17 101 
16 100 17 101 
16 100 17 101 
16 100 17 101 
16 100 17 101 
16 100 17 101 
16 100 17 101 
16 100 17 101 
16 100 17 101 
16 100 17 101 
16 100 17 101 
16 100 17 101 
16 100 17 101 
16 100 17 101 122 
16 100 17 101 
16 100 17 101 
16 100 17 101 
16 100 17 101 
16 100 17 101 
16 100 17 101 
16 100 17 101 
16 100 17 101 
16 100 17 101 
16 100 17 101 122 
16 100 17 101 
16 100 17 101 
16 100 26 27 17 7 101 
16 100 17 101 
16 100 17 101 
16 100 17 101 
16 100 17 101 122 
16 100 17 101 
16 100 17 101 
16 100 17 101 
16 100 17 101 
16 100 17 101 
16 100 17 101 
16 100 17 101 
16 100 17 101 
16 100 17 101 
16 100 17 101 
16 100 17 101 
16 100 17 101 19 
16 100 17 101 
16 100 17 101 
16 100 17 101 
16 100 17 101 
16 100 17 101 
16 100 17 101 
16 100 17 101 19 
16 100 17 101 
16 100 17 101 
16 100 17 101 
16 100 17 101 
16 100 17 101 
16 100 17 162 101 15 82 
16 100 17 101 
16 100 17 101 
16 100 17 101 
16 100 17 101 
16 100 17 101 
16 100 17 101 
16 100 17 101 
16 100 17 101 
16 100 17 101 
16 100 17 101 
16 100 17 101 
16 100 17 101 
16 100 17 101 
16 100 17 101 
16 100 17 101 
16 100 17 101 
16 100 17 101 
16 100 17 101 
16 100 17 101 
16 100 17 101 
16 100 17 101 
16 100 17 101 
16 100 17 101 
16 100 17 101 
16 100 17 101 
16 100 17 101 
16 100 17 101 
16 100 17 101 
16 100 17 101 
16 100 17 101 
16 100 17 101 
16 100 17 101 
16 100 17 101 
16 100 17 101 
16 100 17 101 
16 100 17 101 
16 100 17 101 
16 100 17 101 
16 100 17 101 
16 100 26 27 17 7 101 
16 100 17 101 
16 100 17 101 
16 100 17 101 143 144 172 
16 100 17 101 122 
16 100 26 27 17 7 101 
16 100 17 101 
16 100 17 101 62 
16 100 17 101 
16 100 17 101 
16 100 17 101 
16 100 17 101 
16 100 17 101 
16 100 17 101 
16 100 17 101 
16 100 17 101 
16 100 17 101 
16 100 17 101 
16 100 17 101 
16 100 17 101 19 
16 100 17 101 
16 100 17 101 
16 100 17 101 
16 100 17 101 96 
16 100 17 101 
16 100 17 101 
16 100 17 101 