27 26 7 8 254 
27 26 7 8 254 
27 26 7 8 254 
27 26 7 8 254 
27 26 7 8 254 
27 26 7 8 254 
27 26 7 88 8 254 
16 27 26 7 8 254 19 
27 26 7 8 254 
27 26 7 8 254 
27 26 7 8 254 
27 26 7 8 254 
27 26 7 88 8 254 
27 26 7 8 254 
27 26 7 8 165 254 
27 26 7 8 254 
27 26 7 8 254 
27 26 109 7 8 254 110 
27 26 7 8 254 
27 26 7 8 254 
27 26 7 8 254 
27 26 7 8 254 
27 26 7 8 254 
27 26 7 8 254 
27 26 7 8 254 
27 26 7 8 254 
27 26 7 8 254 
27 26 7 8 254 
27 26 7 8 254 
27 26 7 8 254 
27 26 7 8 254 
27 26 7 8 254 
27 26 7 8 254 
27 26 7 8 254 
27 26 7 8 254 
27 26 7 8 254 
27 26 7 8 254 
27 26 7 8 254 
27 26 7 8 254 
27 26 7 8 254 
27 26 7 8 254 
27 26 7 8 254 
27 26 7 8 254 
27 26 7 8 254 
27 26 7 8 254 
27 26 7 8 254 
27 26 7 8 168 254 169 
27 26 7 88 8 254 
27 26 7 8 254 
27 26 7 8 254 
27 26 7 8 254 
27 26 7 8 254 
27 26 7 8 254 
27 26 7 8 254 
27 26 7 8 254 
27 26 7 8 254 
27 26 7 8 254 
27 26 7 8 254 
27 26 7 8 254 
27 26 7 8 254 
27 26 7 8 254 
27 26 7 8 254 
27 26 7 8 254 
27 26 7 8 254 
27 26 7 8 254 
27 26 7 8 254 
27 26 7 8 254 
27 26 7 8 254 
27 26 7 8 254 
27 26 7 8 254 
27 26 7 8 3 254 65 
27 26 7 8 254 
27 26 7 8 254 
27 26 7 8 254 
27 26 7 8 254 
27 26 7 8 254 
27 26 7 8 254 
27 26 7 8 254 
27 26 7 8 254 
27 26 7 8 254 
27 26 7 8 254 
27 26 7 8 46 254 51 
27 26 7 8 254 
27 26 7 8 254 
27 26 7 8 254 
27 26 7 8 254 
27 26 7 8 254 
27 26 7 8 254 
27 26 7 8 254 
27 26 7 8 254 
27 26 7 8 254 
27 26 7 8 254 
27 26 7 8 254 
27 26 7 8 254 
27 26 7 8 254 
27 26 7 8 254 
27 26 7 8 254 
27 26 7 8 254 
27 26 7 8 254 
27 26 7 8 254 
27 26 7 8 254 
27 26 7 8 254 
27 26 7 8 254 9 10 
27 26 7 8 254 
27 26 7 8 254 
27 26 7 8 254 
27 26 7 8 254 24 
27 26 7 8 254 
27 26 7 8 254 
27 26 7 8 254 
27 26 7 8 254 
27 26 7 8 254 
27 26 7 8 254 
27 26 7 8 254 
27 26 7 8 254 
27 26 7 8 254 
27 26 7 8 254 
27 26 7 8 254 
27 26 7 8 254 
27 26 7 8 254 
27 26 7 8 254 
27 26 7 8 254 
27 26 7 8 254 
27 26 7 8 254 
27 26 7 8 254 
27 26 7 8 254 
27 26 7 8 254 
27 26 7 8 3 254 65 
27 26 7 8 254 
27 26 7 8 254 
27 26 7 8 254 
27 26 7 8 254 
27 26 7 8 254 
27 26 7 8 254 
27 26 7 8 254 
27 26 7 8 254 
27 26 7 8 254 
27 26 7 8 254 
27 26 7 8 254 
27 26 7 8 254 
27 26 7 8 254 
27 26 7 8 254 169 180 
27 26 7 8 254 
27 26 7 8 254 
27 26 7 8 254 
27 26 7 8 254 
27 26 7 8 254 
27 26 7 8 254 94 10 
27 26 7 8 254 
27 26 7 8 254 
27 26 7 8 254 
27 26 7 8 254 
27 26 7 8 254 
27 26 7 8 254 
27 26 7 8 254 
27 26 7 8 254 
27 26 7 8 254 
27 26 7 8 254 
27 26 7 8 254 
27 26 7 8 254 
27 26 7 8 254 
27 26 7 8 254 
27 26 7 8 254 
27 26 7 8 254 
27 26 7 8 254 
27 26 7 8 254 
27 26 7 8 254 
27 26 7 8 254 
27 26 7 8 254 
27 26 7 8 254 
27 26 7 8 254 
27 26 7 8 254 
27 26 7 8 254 
16 27 26 7 8 254 19 
27 26 7 8 254 
27 26 7 8 254 
27 26 7 8 254 
27 26 7 8 254 
16 27 26 17 7 8 254 
27 26 7 8 254 
27 26 7 8 254 
27 26 7 8 168 254 169 
27 26 7 8 168 254 169 
27 26 7 8 254 
27 26 7 8 254 
27 26 7 8 254 
27 26 7 8 254 
27 26 7 8 254 
27 26 7 8 254 
16 27 26 17 7 8 254 62 
27 26 7 8 254 
27 26 7 8 254 
27 26 7 8 254 
27 26 7 8 254 
27 26 7 8 254 
27 26 7 8 254 
27 26 7 8 254 
27 26 7 8 254 
27 26 7 8 254 
27 26 7 8 254 
27 26 7 8 254 
27 26 7 8 254 
27 26 7 8 254 
27 26 7 8 254 
27 26 7 8 254 
27 26 7 8 254 
27 26 7 8 254 
27 26 7 8 254 
27 26 7 8 254 
27 26 7 8 254 
16 27 26 7 8 254 
27 26 7 8 254 
27 26 7 8 254 
27 26 7 8 254 
27 26 7 8 254 
27 26 7 8 254 
27 26 7 8 254 
27 26 7 8 254 
27 26 7 8 254 
27 26 7 8 254 
27 26 7 8 254 
27 26 7 8 254 
27 26 7 8 254 
27 26 7 8 254 
27 26 7 8 254 
27 26 7 8 254 
27 26 7 8 254 
27 26 7 8 254 
27 26 7 8 254 
27 26 7 8 254 
27 26 7 8 254 
27 26 7 8 254 
27 26 7 8 254 
27 26 7 8 254 
27 26 7 8 254 
27 26 7 8 254 
27 26 7 8 254 
27 26 7 8 168 254 169 
27 26 7 8 254 
27 26 7 8 254 
27 26 7 8 254 
27 26 7 8 254 
27 26 7 8 254 
27 26 7 8 254 
27 26 7 8 254 
27 26 7 8 254 
27 26 7 8 254 
27 26 7 8 254 
27 26 7 8 254 
27 26 7 8 254 
27 26 7 8 254 
27 26 7 8 254 
27 26 7 8 254 
27 26 7 8 254 
27 26 7 8 254 
27 26 7 8 254 
27 26 7 8 254 
27 26 7 8 254 
27 26 7 8 254 
27 26 7 8 254 
27 26 7 8 254 
27 26 7 8 254 
27 26 7 8 254 
27 26 7 8 254 
27 26 7 8 254 
27 26 7 8 254 
27 26 7 8 254 
27 26 7 8 254 
27 26 7 8 254 
27 26 7 8 168 254 169 
27 26 7 8 254 
27 26 7 8 254 
27 26 7 8 254 
27 26 7 8 254 
27 26 7 8 254 
27 26 7 8 254 
27 26 7 31 141 8 254 
27 26 7 8 254 
27 26 7 8 254 
27 26 7 8 254 
27 26 7 8 254 
27 26 7 8 254 
27 26 7 8 168 254 169 
27 26 7 8 254 
27 26 7 8 254 
27 26 7 8 254 
27 26 7 8 254 
27 26 7 8 254 
27 26 7 8 254 
27 26 7 8 254 
16 27 26 17 7 8 254 62 
27 26 7 8 254 
27 26 7 8 254 
27 26 7 8 254 
27 26 7 8 254 
27 26 7 8 254 
27 26 7 8 254 
27 26 7 8 254 
27 26 7 8 254 
27 26 7 8 254 
27 26 7 8 254 
27 26 7 8 254 
27 26 7 8 254 
27 26 7 8 254 
27 26 7 8 254 
27 26 7 8 254 
27 26 7 8 254 
27 26 7 8 254 
27 26 7 8 254 
27 26 7 8 254 
27 26 7 8 254 
27 26 7 8 254 
27 26 7 8 254 
27 26 7 8 254 
27 26 7 8 254 
27 26 7 8 254 
27 26 7 8 254 
27 26 7 8 254 
27 26 7 8 254 
27 26 7 8 254 
27 26 7 8 254 
27 26 7 8 254 
27 26 7 8 254 
27 26 7 8 254 
27 26 7 8 254 
27 26 7 8 254 
27 26 7 8 254 
27 26 7 8 254 
27 26 7 8 254 
27 26 7 8 254 
27 26 7 8 254 
27 26 7 8 254 
27 26 7 8 254 
27 26 7 8 254 
27 26 7 8 254 
27 26 7 8 254 
27 26 7 8 254 
27 26 7 8 254 
27 26 7 8 254 
27 26 7 8 254 
27 26 7 8 254 
27 26 7 8 254 
27 26 7 8 254 
27 26 7 8 254 
27 26 7 8 254 
27 26 7 8 254 
27 26 7 8 254 
27 26 7 8 254 
27 26 7 8 254 
27 26 7 8 254 
27 26 7 8 254 
27 26 7 8 254 
27 26 7 8 254 
27 26 7 8 254 
27 26 7 8 254 
27 26 7 8 254 
27 26 7 8 168 254 169 
27 26 7 8 254 
27 26 7 8 254 
27 26 7 8 254 
27 26 7 8 254 
27 26 7 8 254 
27 26 7 8 254 
27 26 7 8 254 
27 26 7 8 254 
27 26 7 255 8 254 169 
27 26 7 8 254 
27 26 7 8 254 
27 26 7 8 254 
27 26 7 8 254 
27 26 7 8 254 
27 26 7 8 254 
27 26 7 8 254 
27 26 7 8 254 
27 26 7 8 254 
27 26 7 8 254 
27 26 7 8 254 
27 26 7 8 254 
27 26 7 8 254 
27 26 7 8 254 
27 26 7 8 254 
27 26 7 8 254 
27 26 7 8 254 
27 26 7 8 254 
27 26 7 8 254 
27 26 7 8 254 
27 26 7 8 254 
27 26 7 8 254 
27 26 7 8 168 254 169 
27 26 7 8 254 
27 26 7 8 254 
27 26 7 8 254 
27 26 7 8 254 
27 26 7 8 254 
27 26 7 8 254 
27 26 7 8 254 
27 26 7 8 254 
27 26 7 8 254 
27 26 7 8 254 
27 26 7 8 254 
27 26 7 8 254 
27 26 7 8 254 
27 26 7 8 254 
27 26 7 8 254 
27 26 7 8 254 
27 26 7 8 254 
27 26 7 8 254 
27 26 7 8 254 
27 26 7 8 254 
27 26 7 8 254 
27 26 7 8 254 
27 26 7 8 254 
27 26 7 8 254 
27 26 7 8 254 
27 26 7 8 254 
27 26 7 8 254 
27 26 7 8 254 
27 26 7 8 254 
27 26 7 8 254 
27 26 7 8 254 
27 26 7 8 254 
27 26 7 8 254 
27 26 7 8 254 
27 26 7 8 254 
27 26 7 8 254 
27 26 7 8 254 
27 26 7 8 254 
27 26 7 8 254 
27 26 7 8 254 
27 26 7 8 254 
27 26 7 8 254 
27 26 7 8 254 
27 26 7 8 254 
92 27 26 7 8 254 
27 26 7 8 254 
27 26 109 7 8 254 110 
27 26 7 8 254 
27 26 7 8 254 
27 26 7 8 254 
27 26 7 8 254 
27 26 7 8 254 
27 26 7 8 254 
27 26 7 8 254 
27 26 7 8 254 
27 26 7 8 254 
27 26 7 8 254 
27 26 7 8 254 
27 26 7 8 254 
27 26 7 8 254 
27 26 7 8 254 
27 26 7 8 254 
27 26 7 8 254 
27 26 7 8 254 
27 26 7 8 254 
27 26 7 8 254 
27 26 7 8 254 
27 26 7 8 254 
13 27 26 7 8 254 164 15 
27 26 7 8 254 
27 26 7 8 254 
27 26 7 8 254 
27 26 7 8 254 
27 26 7 8 254 
27 26 7 8 254 
27 26 7 8 254 
27 26 7 8 254 
27 26 7 8 254 
27 26 7 8 168 254 169 
27 26 7 8 254 
27 26 7 8 254 
27 26 7 8 254 
16 27 26 7 8 254 
27 26 7 8 254 
27 26 7 8 254 
27 26 7 8 254 
27 26 7 8 168 254 169 
27 26 7 8 168 254 169 
27 26 7 8 254 
27 26 7 8 254 
27 26 7 8 254 
27 26 7 8 254 
27 26 7 8 254 
27 26 7 8 254 
27 26 7 8 254 
27 26 7 8 254 
27 26 7 8 254 
27 26 7 8 254 
27 26 7 8 254 
27 26 7 8 254 
27 26 7 8 254 
27 26 7 8 254 
27 26 7 8 254 
27 26 7 8 254 
27 26 7 8 254 
27 26 7 8 254 
27 26 7 8 254 
27 26 7 8 254 
27 26 7 8 254 
27 26 7 8 254 
27 26 7 8 254 
27 26 7 8 168 254 169 
27 26 7 8 254 
27 26 7 8 254 
27 26 7 8 254 
27 26 7 8 254 
27 26 7 8 254 
27 26 7 8 254 
27 26 7 8 254 
27 26 7 8 254 
27 26 7 8 254 
27 26 7 8 254 
27 26 7 8 254 
27 26 7 8 254 
27 26 7 8 254 
27 26 7 8 254 
27 26 7 8 254 
27 26 12 7 8 254 9 10 
27 26 109 7 8 254 110 
27 26 7 8 254 
27 26 7 8 254 
27 26 7 8 254 
27 26 7 8 254 
27 26 7 8 254 
27 26 7 8 254 
27 26 7 8 254 
27 26 7 8 254 
27 26 7 8 254 
27 26 109 7 8 254 110 
27 26 7 8 254 
27 26 7 8 254 
27 26 7 8 254 
27 26 7 8 254 
27 26 7 8 254 
27 26 7 8 254 
27 26 7 8 254 
27 26 7 8 254 
27 26 7 8 254 
27 26 7 8 254 
27 26 7 8 254 
27 26 7 8 254 
27 26 7 8 254 
27 26 7 8 254 
27 26 7 8 254 
27 26 7 8 254 
27 26 7 8 254 
27 26 7 8 254 
27 26 7 8 254 
27 26 7 8 254 
27 26 7 8 254 
27 26 7 8 254 
27 26 7 8 254 
27 26 7 8 254 
27 26 7 8 254 
27 26 7 8 254 
27 26 7 8 254 
27 26 7 8 254 
27 26 7 8 254 
27 26 7 8 254 
27 26 7 8 254 
27 26 7 8 254 
27 26 7 8 254 
27 26 7 8 254 9 10 
27 26 7 8 254 
27 26 7 8 254 
27 26 7 8 254 
27 26 7 8 254 
27 26 7 8 254 
27 26 7 8 254 
27 26 7 8 254 
92 27 26 7 8 254 
27 26 7 8 254 
27 26 7 8 168 254 169 
27 26 7 8 254 
27 26 7 8 254 
27 26 7 8 254 
27 26 7 8 254 
27 26 7 8 254 
27 26 7 8 168 254 169 
27 26 7 8 254 
27 26 7 8 254 
27 26 7 8 254 
27 26 7 8 254 
27 26 7 8 254 
27 26 7 8 254 
16 27 26 7 8 254 
27 26 7 8 254 
27 26 7 8 254 
27 26 7 8 254 
27 26 7 8 254 
27 26 7 8 254 
27 26 7 8 254 
16 27 26 7 8 254 
27 26 7 8 254 
27 26 7 8 254 
27 26 7 8 254 
27 26 7 8 254 
27 26 7 8 254 
27 26 7 8 254 
27 26 7 8 254 
27 26 7 8 254 
27 26 7 8 254 
27 26 7 8 254 
27 26 7 8 254 
27 26 7 8 168 254 169 
27 26 7 8 254 
27 26 7 8 168 254 169 
27 26 7 8 254 
27 26 7 8 254 
27 26 7 8 254 
27 26 7 8 254 
27 26 7 8 254 
27 26 7 8 254 
27 26 7 8 168 254 169 
27 26 7 8 254 
27 26 7 8 254 
27 26 7 8 254 
27 26 7 8 254 
27 26 7 8 254 
27 26 7 8 254 
27 26 7 8 168 254 169 
27 26 7 8 254 
27 26 7 8 254 
27 26 7 8 254 
27 26 7 8 254 
27 26 7 8 254 
27 26 7 8 254 
27 26 7 8 254 
27 26 7 8 168 254 169 
27 26 7 8 254 
27 26 7 8 254 
27 26 7 8 254 
27 26 7 8 254 
27 26 7 8 254 
27 26 7 8 168 254 169 
27 26 7 8 254 
27 26 7 8 254 
27 26 7 8 254 
27 26 7 8 254 
27 26 7 8 254 
27 26 7 8 254 
27 26 7 8 254 
27 26 7 8 254 
27 26 7 8 254 
27 26 7 8 254 
27 26 7 8 254 
27 26 7 8 254 
27 26 7 8 254 
27 26 7 8 254 
27 26 7 8 254 
16 27 26 7 8 254 19 
27 26 7 8 254 
27 26 7 8 254 
27 26 7 8 254 
27 26 7 8 254 
27 26 7 8 254 
27 26 7 8 254 
27 26 7 8 254 
27 26 7 8 254 
27 26 7 8 254 
27 26 7 8 254 
27 26 7 8 254 
27 26 7 8 254 
27 26 7 8 254 
27 26 7 8 254 
27 26 7 8 254 
27 26 7 8 254 
27 26 7 8 168 254 169 
27 26 7 8 254 
27 26 7 8 254 
27 26 7 8 254 
27 26 7 8 254 
27 26 7 8 254 
27 26 7 8 254 
27 26 7 8 254 
27 26 7 8 254 
27 26 7 8 254 
27 26 7 8 254 
27 26 7 8 254 
27 26 7 8 254 
27 26 7 8 254 
27 26 7 8 254 
27 26 7 8 254 
27 26 7 8 254 
27 26 7 8 254 
27 26 7 8 254 
27 26 7 8 254 
27 26 7 8 254 
27 26 7 8 254 
27 26 7 8 254 
27 26 7 8 254 
27 26 7 8 254 
27 26 7 8 254 
27 26 7 8 254 
27 26 7 8 34 254 15 
27 26 7 8 254 
27 26 7 8 254 
27 26 7 8 34 254 15 
27 26 7 8 254 
27 26 7 8 254 
27 26 7 8 254 
16 27 26 7 8 254 
27 26 7 8 254 
27 26 7 8 254 
27 26 7 8 254 
27 26 7 8 254 
27 26 7 8 254 
27 26 7 8 254 
27 26 7 8 254 
27 26 7 8 254 
27 26 7 8 254 
27 26 7 8 254 
27 26 7 8 254 
27 26 7 8 254 
27 26 7 8 254 
27 26 7 8 254 
27 26 7 8 254 
27 26 7 8 254 
27 26 7 8 254 
27 26 7 8 254 
27 26 7 8 254 
27 26 7 8 254 
27 26 7 8 254 
27 26 7 8 254 
27 26 7 8 254 
27 26 7 8 254 
27 26 7 8 254 
27 26 7 8 254 
27 26 7 8 254 
27 26 7 8 254 9 10 
27 26 7 8 254 
27 26 7 8 254 
27 26 7 8 254 
27 26 7 8 254 
27 26 7 8 254 
27 26 7 8 254 
27 26 7 255 8 254 169 
27 26 7 8 254 
27 26 7 8 254 
27 26 7 8 254 
27 26 7 8 254 
27 26 7 8 254 
27 26 7 8 254 
27 26 7 8 254 
27 26 7 8 254 
27 26 7 8 254 
27 26 7 8 168 254 169 
27 26 7 8 254 
27 26 7 8 254 
27 26 7 8 254 
27 26 7 8 254 
27 26 7 8 254 
27 26 7 8 254 
27 26 7 8 168 254 169 
27 26 7 8 254 
27 26 7 8 254 
27 26 7 8 254 
27 26 7 8 254 
27 26 7 8 254 
27 26 7 8 254 
27 26 7 8 254 
27 26 7 8 254 
13 27 26 7 8 254 14 15 
27 26 7 8 254 
27 26 7 8 254 
27 26 7 8 254 
27 26 7 8 254 
27 26 7 8 254 
27 26 7 8 254 
27 26 7 8 254 
27 26 7 8 254 
27 26 7 8 254 
27 26 7 8 254 
27 26 7 8 254 
27 26 7 8 254 
27 26 7 8 254 
27 26 7 8 254 
27 26 7 8 254 
27 26 7 8 254 
27 26 7 8 254 
27 26 7 8 254 
27 26 7 8 254 
27 26 7 8 254 
27 26 7 8 254 
16 27 26 17 7 8 254 62 
27 26 7 8 254 
27 26 7 8 254 
27 26 7 8 254 
27 26 7 8 254 
27 26 109 7 8 254 110 
27 26 7 8 254 
27 26 7 8 254 
27 26 7 8 254 
27 26 7 8 254 
27 26 7 8 254 
16 27 26 17 7 8 254 
27 26 7 8 254 
27 26 7 8 254 
27 26 7 8 254 
27 26 7 8 254 
27 26 7 8 254 
27 26 7 8 254 
27 26 7 8 168 254 169 
27 26 7 8 168 254 169 
27 26 7 8 254 
27 26 7 8 254 
27 26 7 8 254 
27 26 7 8 254 
27 26 7 8 254 
27 26 7 8 254 
27 26 7 8 254 
27 26 7 8 254 
27 26 7 8 254 
27 26 7 8 254 
27 26 7 8 254 
27 26 7 8 254 
27 26 7 8 254 
27 26 7 8 254 
27 26 7 8 254 
27 26 7 8 254 
27 26 7 8 254 
27 26 7 8 254 
27 26 7 8 254 
27 26 7 8 254 
27 26 7 8 254 
27 26 7 8 254 
27 26 7 8 254 
27 26 7 8 254 
27 26 7 8 254 
27 26 7 8 254 
27 26 7 8 254 
27 26 7 8 254 
27 26 7 8 254 
27 26 7 8 254 
27 26 7 8 254 
27 26 7 8 254 
27 26 7 8 254 
27 26 7 8 254 
27 26 7 8 254 
27 26 7 8 254 
27 26 7 8 254 
27 26 7 8 254 
27 26 7 8 254 
27 26 7 8 254 
27 26 7 8 254 
27 26 7 8 254 
27 26 7 8 254 
27 26 7 8 254 
27 26 7 8 254 
27 26 7 8 254 
27 26 7 8 254 
27 26 7 8 254 
27 26 7 8 254 
27 26 7 8 254 
27 26 7 8 254 
27 26 7 8 168 254 169 
27 26 7 8 168 254 169 
27 26 7 8 254 
27 26 7 8 254 
27 26 7 8 254 
27 26 7 8 254 
27 26 7 8 254 
27 26 7 8 254 
27 26 7 8 168 254 169 
27 26 7 8 254 
27 26 7 8 254 
27 26 7 8 254 
27 26 7 8 254 
27 26 7 8 254 
27 26 7 8 254 
27 26 7 8 254 
27 26 7 8 254 
27 26 7 8 254 
27 26 7 8 254 
27 26 7 8 254 
27 26 7 8 254 
27 26 7 8 254 
27 26 7 8 254 
27 26 7 8 254 
27 26 7 8 254 
16 27 26 7 8 254 
27 26 7 8 254 
27 26 7 8 254 
27 26 7 8 254 
27 26 7 8 168 254 169 
27 26 7 8 254 
27 26 7 8 168 254 169 
27 26 7 8 254 
27 26 7 8 254 
27 26 7 8 254 
27 26 7 8 254 
27 26 7 8 254 
27 26 7 8 254 
27 26 7 8 254 
27 26 7 8 254 
27 26 7 8 254 
16 27 26 17 7 8 254 62 
27 26 7 8 254 
27 26 7 8 254 
27 26 7 8 254 
27 26 7 8 254 
27 26 7 8 254 
27 26 7 8 254 
27 26 7 8 254 
27 26 7 8 168 254 169 
27 26 7 8 254 
27 26 7 8 254 
27 26 7 8 254 
27 26 7 8 254 
27 26 7 8 254 
27 26 7 8 254 
27 26 7 8 254 
27 26 7 8 254 
32 16 27 26 17 7 8 254 33 
27 26 7 8 254 
27 26 7 8 254 
27 26 7 8 254 
27 26 7 8 34 254 15 
27 26 7 8 254 
27 26 7 8 254 
27 26 7 8 254 
27 26 7 8 254 
27 26 7 8 254 
27 26 7 8 254 
27 26 7 8 254 
27 26 7 8 254 
27 26 7 8 254 
27 26 7 8 254 
27 26 7 8 254 
27 26 7 8 254 
27 26 7 8 254 
27 26 7 8 168 254 169 
27 26 7 8 254 
27 26 7 8 254 
27 26 7 8 254 
27 26 7 8 254 
27 26 7 8 168 254 169 
27 26 7 8 254 
27 26 7 8 254 
27 26 7 8 34 254 15 
27 26 7 8 254 
27 26 7 8 254 
27 26 7 8 254 
27 26 7 8 254 
27 26 7 8 254 
27 26 7 8 254 
27 26 7 8 254 
27 26 7 8 254 
27 26 7 8 254 
27 26 7 8 254 
27 26 7 8 254 
27 26 7 8 254 