27 26 7 8 254 
27 26 7 8 254 
27 26 7 8 254 
27 26 7 8 254 
27 26 7 8 254 
27 26 7 8 254 
27 26 7 8 254 
27 26 7 8 254 
27 26 7 8 254 
27 26 7 8 254 
27 26 7 8 254 
27 26 7 8 254 
27 26 7 8 254 
27 26 7 8 254 
27 26 7 8 254 
27 26 7 8 254 
27 26 7 8 254 
27 26 7 8 254 
27 26 7 8 254 
27 26 7 8 254 
27 26 7 8 254 
27 26 7 8 254 
27 26 7 8 254 
27 26 7 8 254 
27 26 7 8 254 
27 26 7 8 254 
27 26 7 8 254 
27 26 7 8 254 
27 26 7 8 254 
27 26 7 8 254 
27 26 7 8 254 
27 26 7 8 254 
27 26 7 8 254 
27 26 7 8 254 
27 26 7 8 254 
27 26 7 8 254 
27 26 7 8 254 
16 27 26 17 7 8 254 
27 26 7 8 254 
27 26 7 8 254 
27 26 7 8 254 
27 26 7 8 254 
27 26 7 8 254 
27 26 7 8 254 
27 26 7 8 254 
27 26 7 8 254 