27 42 7 8 57 43 
27 42 7 8 57 43 
27 42 26 7 8 57 43 
27 42 7 8 57 43 
27 42 7 8 57 43 
27 42 7 8 57 43 
27 42 26 7 8 57 43 
27 42 7 8 57 43 
27 42 7 8 57 43 
27 42 7 8 57 43 
27 42 7 8 57 43 
27 42 7 8 57 43 
27 42 7 8 57 43 
27 42 7 8 57 43 
27 42 7 8 57 43 
27 42 7 8 57 43 
27 42 7 8 57 43 
27 42 7 8 57 43 
27 42 7 8 57 43 
27 42 7 8 57 43 
27 42 7 8 57 43 
27 42 7 8 57 43 
27 42 7 8 57 43 
27 42 7 8 57 43 
27 42 7 8 57 43 
27 42 7 8 57 43 
27 42 7 8 57 43 
27 42 7 8 57 43 
27 42 7 8 57 43 
27 42 7 8 57 43 
27 42 7 8 57 43 
27 42 7 8 57 43 
27 42 7 8 57 43 
27 42 7 8 57 43 
27 42 7 8 57 43 
27 42 7 8 57 43 
27 42 7 8 57 43 
27 42 7 8 57 43 
27 42 7 8 57 43 
27 42 7 8 57 43 81 
16 27 42 17 7 8 57 43 113 
27 42 7 8 57 43 
27 42 7 8 57 43 
27 42 7 8 57 43 
27 42 7 8 57 43 
27 42 7 8 57 43 81 
27 42 7 8 57 43 
27 42 7 8 57 43 
27 42 7 8 57 43 
27 42 7 8 57 43 
27 42 7 8 57 43 
27 42 7 8 57 43 
27 42 7 8 57 43 
27 42 7 8 57 43 
27 42 7 8 57 43 
27 42 7 8 57 43 
27 42 7 8 57 43 
27 42 7 8 57 43 
27 42 7 8 57 43 
27 42 7 8 57 43 
27 42 7 8 57 43 
27 42 7 8 57 43 
27 42 7 8 57 43 
27 42 7 8 57 43 
27 42 7 8 3 163 57 43 
27 42 7 8 57 43 
27 42 7 8 57 43 
27 42 7 8 57 43 
27 42 7 8 57 43 
27 42 7 8 57 43 
27 42 7 8 57 43 
27 42 7 8 57 43 
27 42 7 8 57 43 
27 42 7 8 57 43 
27 42 7 8 57 43 
27 42 7 8 57 43 
27 42 7 8 57 43 
27 42 7 8 57 43 
27 42 7 8 57 43 
27 42 7 8 57 43 
27 42 7 8 57 43 
27 42 7 8 57 43 
27 42 7 8 57 43 
27 42 7 8 57 43 
27 42 7 8 57 43 
27 42 7 8 57 43 
27 42 7 8 57 43 
27 42 7 8 57 43 
27 42 7 8 57 43 
27 42 7 8 57 43 
27 42 7 8 57 43 
27 42 7 8 57 43 
27 42 7 8 57 43 
27 42 7 8 57 43 
27 42 7 8 57 43 
27 42 7 8 57 43 
27 42 7 8 57 43 
27 42 7 8 57 43 
27 42 7 8 57 43 
27 42 7 8 57 43 
27 42 7 8 57 43 
27 42 7 8 57 43 
27 42 7 8 57 43 
27 42 7 8 57 43 
27 42 7 8 57 43 
27 42 7 8 57 43 
27 42 7 8 57 43 
27 42 7 8 57 43 
27 42 7 8 57 43 
27 42 7 8 57 43 
27 42 7 8 57 43 
27 42 7 8 57 43 
27 42 7 8 57 43 
27 42 7 8 57 43 
27 42 26 7 8 57 43 
27 42 7 8 57 43 
27 42 7 8 57 43 
27 42 7 8 57 43 
27 42 7 8 57 43 
27 42 7 8 57 43 
27 42 7 8 57 43 
27 42 7 8 57 43 
27 42 7 8 57 43 
27 42 7 8 57 43 
27 42 7 8 57 43 
27 42 7 8 57 43 
27 42 7 8 57 43 
27 42 7 8 57 43 
27 42 7 8 57 43 
27 42 7 8 57 43 
27 42 7 8 57 43 
27 42 7 8 57 43 
27 42 7 8 3 163 57 43 
27 42 7 8 57 43 
27 42 7 8 57 43 
27 42 7 8 59 15 57 43 
27 42 7 8 57 43 
27 42 7 8 57 43 
27 42 7 8 57 43 
27 42 7 8 57 43 
27 42 7 8 57 43 
27 42 7 8 57 43 
27 42 7 8 57 43 
27 42 7 8 57 43 
27 42 7 8 57 43 
27 42 7 8 57 43 
27 42 7 8 57 43 
27 42 7 8 57 43 
27 42 7 8 57 43 
27 42 7 8 57 43 
27 42 7 8 57 43 
27 42 7 8 57 43 
27 42 7 8 57 43 
27 42 7 8 57 43 
27 42 7 8 57 43 
27 42 7 8 57 43 
27 42 7 8 57 43 
27 42 7 8 57 43 
27 42 7 8 57 43 
27 42 7 8 57 43 
27 42 7 8 57 43 
27 42 7 8 57 43 
27 42 7 8 57 43 
16 27 42 7 8 19 57 43 
27 42 7 8 57 43 
27 42 7 8 57 43 
27 42 7 8 57 43 
27 42 7 8 57 43 
27 42 7 8 57 43 
27 42 7 8 57 43 
27 42 7 8 57 43 
27 42 7 8 57 43 
27 42 7 8 57 43 
27 42 7 8 57 43 
27 42 7 8 57 43 
27 42 7 8 57 43 
27 42 7 8 57 43 
27 42 7 8 57 43 
27 42 7 8 57 43 
27 42 7 8 57 43 
27 42 7 8 57 43 
27 42 7 8 57 43 
27 42 7 8 57 43 
27 42 7 8 57 43 
27 42 7 8 57 43 
27 42 7 8 57 43 
27 42 7 8 57 43 
27 42 7 8 57 43 
27 42 7 8 57 43 
27 42 7 8 57 43 
27 42 7 8 57 43 
27 42 7 8 57 43 
27 42 7 8 57 43 
27 42 7 8 57 43 
27 42 7 8 57 43 
41 27 42 7 8 57 43 
27 42 7 8 57 43 
27 42 7 8 57 43 
27 42 7 8 57 43 
27 42 7 8 57 43 
27 42 7 8 57 43 
27 42 7 8 57 43 
27 42 7 8 57 43 
27 42 7 8 57 43 
27 42 26 7 8 57 43 
27 42 7 8 57 43 
27 42 7 8 57 43 
27 42 7 8 57 43 
27 42 7 8 57 43 
27 42 7 8 57 43 
27 42 7 8 57 43 83 
27 42 7 8 57 43 
27 42 7 8 57 43 
27 42 7 8 57 43 
27 42 7 8 57 43 
27 42 7 8 57 43 
27 42 7 8 57 43 
27 42 7 8 57 43 
27 42 7 8 57 43 
27 42 7 8 57 43 
27 42 7 8 57 43 
27 42 7 8 57 43 
27 42 26 7 8 57 43 
27 42 7 8 57 43 
27 42 7 8 57 43 
27 42 7 8 57 43 
27 42 7 8 57 43 
27 42 7 8 57 43 
27 42 7 8 57 43 
27 42 7 8 57 43 
27 42 7 8 57 43 
27 42 26 7 8 57 43 
27 42 7 8 57 43 
27 42 7 8 57 43 
27 42 7 8 57 43 
27 42 7 8 57 43 
27 42 7 8 57 43 
27 42 7 8 57 43 
27 42 7 8 57 43 
27 42 7 8 57 43 
27 42 26 7 8 57 43 
27 42 7 8 57 43 
27 42 7 8 57 43 
27 42 7 8 57 43 
27 42 7 8 57 43 
27 42 7 8 57 43 
27 42 7 8 57 43 
27 42 7 8 57 43 
27 42 7 8 57 43 
27 42 7 8 57 43 
27 42 7 8 57 43 
27 42 7 8 57 43 
27 42 7 8 57 43 
27 42 7 8 57 43 
27 42 7 8 57 43 
27 42 7 8 57 43 
27 42 7 8 57 43 
27 42 7 8 57 43 
16 27 42 7 8 19 57 43 
27 42 7 8 57 43 
27 42 7 8 57 43 
27 42 7 8 57 43 
27 42 7 8 57 43 
27 42 7 8 57 43 
27 42 26 7 8 57 43 
13 27 42 7 8 14 15 57 43 
27 42 7 8 57 43 
27 42 7 8 57 43 
27 42 7 8 57 43 
27 42 7 8 57 43 
27 42 7 8 57 43 
27 42 7 8 57 43 
27 42 7 8 57 43 
27 42 7 8 57 43 
27 42 7 8 57 43 
27 42 7 8 57 43 
27 42 7 8 57 43 
27 42 7 8 57 43 
27 42 7 8 57 43 
27 42 7 8 57 43 
27 42 7 8 57 43 81 
27 42 7 8 57 43 
27 42 7 8 57 43 
27 42 7 8 57 43 
27 42 7 8 57 43 
27 42 7 8 57 43 
27 42 7 8 57 43 
27 42 7 8 57 43 
27 42 7 8 57 43 
27 42 7 8 57 43 
27 42 7 8 57 43 
27 42 7 8 57 43 
27 42 7 8 57 43 
27 42 7 8 57 43 
27 42 7 8 57 43 
27 42 7 8 57 43 
27 42 7 8 57 43 
27 42 7 8 57 43 
27 42 7 8 57 43 
27 42 7 8 57 43 
27 42 7 8 57 43 
27 42 7 8 57 43 
27 42 7 8 57 43 
27 42 7 8 57 43 
27 42 7 8 57 43 
27 42 7 8 57 43 
27 42 7 8 57 43 
27 42 7 8 57 43 
27 42 7 8 57 43 
27 42 7 8 57 43 
27 42 7 8 57 43 
27 42 7 8 57 43 
27 42 26 7 8 57 43 
27 42 7 8 57 43 
27 42 7 8 57 43 
27 42 7 8 57 43 
27 42 7 8 57 43 
27 42 7 8 57 43 
27 42 7 8 57 43 
27 42 7 8 57 43 
27 42 7 8 57 43 81 
27 42 7 8 57 43 
27 42 7 8 57 43 
27 42 7 8 57 43 
27 42 7 8 57 43 
27 42 7 8 57 43 
27 42 7 8 57 43 
27 42 7 8 57 43 
27 42 7 8 57 43 
27 42 7 8 57 43 
27 42 7 8 57 43 
27 42 7 8 57 43 
27 42 7 8 57 43 
27 42 7 8 57 43 
27 42 7 8 57 43 
27 42 7 8 57 43 
27 42 7 8 57 43 
27 42 7 8 57 43 
27 42 7 8 57 43 
27 42 7 8 57 43 
27 42 7 8 57 43 
27 42 7 8 57 43 
27 42 7 8 57 43 
27 42 7 8 57 43 
27 42 7 8 57 43 
27 42 7 8 57 43 
27 42 7 8 57 43 
27 42 7 8 57 43 
27 42 7 8 57 43 
27 42 7 8 57 43 
27 42 7 8 57 43 
27 42 7 8 57 43 
27 42 7 8 57 43 
27 42 7 8 57 43 
27 42 7 8 57 43 
27 42 7 8 57 43 
27 42 7 8 57 43 
27 42 7 8 57 43 
27 42 7 8 57 43 
27 42 7 8 57 43 
27 42 7 8 57 43 
27 42 7 8 57 43 
27 42 7 8 57 43 
27 42 7 8 57 43 
27 42 7 8 57 43 
27 42 7 8 57 43 
27 42 7 8 57 43 
27 42 7 8 57 43 
27 42 7 8 57 43 
41 27 42 7 8 57 43 
27 42 7 8 57 43 
27 42 7 8 57 43 
27 42 26 7 8 121 57 43 
27 42 7 8 57 43 
27 42 7 8 57 43 
27 42 7 8 57 43 
27 42 7 8 57 43 81 
27 42 7 8 57 43 
27 42 7 8 57 43 81 
27 42 7 8 57 43 
27 42 7 8 57 43 
27 42 7 8 57 43 
27 42 7 8 57 43 
27 42 7 8 57 43 
27 42 7 8 57 43 
27 42 7 8 57 43 
27 42 7 8 57 43 
27 42 7 8 57 43 
27 42 7 8 57 43 
27 42 7 8 57 43 
27 42 7 8 57 43 81 
27 42 7 8 57 43 
27 42 26 7 8 121 57 43 
27 42 7 8 57 43 
27 42 7 8 57 43 
27 42 7 8 57 43 
27 42 7 8 57 43 
27 42 7 8 57 43 
27 42 26 7 8 57 43 
27 42 7 8 57 43 
27 42 7 8 57 43 
27 42 7 8 57 43 
27 42 7 8 57 43 
27 42 7 8 57 43 
27 42 7 8 57 43 
27 42 7 8 57 43 
27 42 7 8 57 43 
27 42 7 8 57 43 
27 42 7 8 57 43 
27 42 7 8 57 43 
27 42 7 8 57 43 
27 42 7 8 57 43 
27 42 7 8 57 43 
27 42 7 8 57 43 
27 42 7 8 57 43 
27 42 7 8 57 43 
27 42 7 8 57 43 
27 42 7 8 57 43 
27 42 7 8 57 43 
27 42 7 8 57 43 
27 42 7 8 57 43 
27 42 7 8 57 43 
27 42 7 8 57 43 
27 42 7 8 57 43 
27 42 7 8 57 43 
27 42 7 8 57 43 
27 42 7 8 57 43 
27 42 7 8 57 43 
27 42 7 8 57 43 
27 42 7 8 57 43 
27 42 7 8 57 43 
27 42 7 8 57 43 
16 27 42 7 8 57 43 
27 42 7 8 57 43 
27 42 7 8 57 43 
27 42 7 8 57 43 
27 42 7 8 57 43 81 
27 42 7 8 57 43 
27 42 7 8 57 43 
27 42 7 8 57 43 
27 42 7 8 57 43 
27 42 7 8 57 43 
27 42 7 8 57 43 
27 42 26 7 8 57 43 
27 42 7 8 57 43 
27 42 7 8 15 57 43 
27 42 7 8 57 43 
27 42 7 8 57 43 
27 42 7 8 57 43 
27 42 7 8 57 43 
27 42 7 8 57 43 81 
27 42 7 8 57 43 
27 42 7 8 57 43 
27 42 7 8 57 43 
27 42 7 8 57 43 
27 42 26 7 8 57 43 
27 42 7 8 57 43 
27 42 7 8 57 43 
27 42 7 8 57 43 
27 42 7 8 57 43 
27 42 7 8 57 43 
27 42 7 8 57 43 
27 42 7 8 57 43 
27 42 7 8 57 43 
27 42 7 8 57 43 
27 42 7 8 57 43 
27 42 26 7 8 57 43 
27 42 7 8 57 43 
27 42 7 8 57 43 
27 42 7 8 57 43 
27 42 7 8 57 43 
16 27 42 17 7 8 57 43 
27 42 7 8 57 43 
27 42 7 8 57 43 
27 42 7 8 57 43 
27 42 7 8 57 43 
27 42 7 8 57 43 
27 42 7 8 57 43 81 
27 42 7 8 57 43 
27 42 7 8 57 43 
27 42 7 8 57 43 
27 42 7 8 57 43 
27 42 7 8 57 43 
27 42 7 8 57 43 
27 42 7 8 57 43 
27 42 7 8 57 43 
27 42 7 8 57 43 
27 42 7 8 57 43 
16 27 42 7 8 57 43 
27 42 7 8 57 43 
27 42 7 8 57 43 
16 27 42 7 8 19 57 43 
27 42 7 8 57 43 
27 42 7 8 57 43 
27 42 26 7 8 121 57 43 
27 42 7 8 57 43 
27 42 7 8 57 43 
27 42 7 8 57 43 
27 42 7 8 57 43 
27 42 7 8 57 43 
27 42 7 8 57 43 
27 42 7 8 57 43 
27 42 7 8 57 43 
27 42 7 8 57 43 
27 42 7 8 57 43 
27 42 7 8 57 43 
27 42 7 8 57 43 
27 42 7 8 57 43 
41 27 42 7 8 57 43 
27 42 7 8 57 43 
27 42 7 8 57 43 
27 42 7 8 57 43 
27 42 7 8 57 43 
27 42 7 8 57 43 
27 42 7 8 57 43 
27 42 7 8 57 43 
27 42 7 8 57 43 
27 42 7 8 57 43 
27 42 7 8 57 43 
27 42 7 8 57 43 
27 42 7 8 57 43 
27 42 7 8 57 43 
27 42 7 8 57 43 
27 42 7 8 57 43 
27 42 7 8 57 43 
27 42 7 8 57 43 
27 42 7 8 44 57 43 
27 42 7 8 57 43 
27 42 7 8 57 43 
27 42 7 8 57 43 
27 42 7 8 57 43 
27 42 7 8 57 43 
27 42 7 8 57 43 
27 42 7 8 57 43 
27 42 7 8 57 43 
27 42 7 8 57 43 
27 42 7 8 57 43 
27 42 7 8 57 43 
27 42 7 8 57 43 
27 42 7 8 57 43 
27 42 7 8 57 43 
27 42 7 8 57 43 
27 42 7 8 57 43 
27 42 7 8 57 43 
27 42 7 8 57 43 
27 42 7 8 57 43 
27 42 7 8 57 43 
27 42 7 8 57 43 
27 42 7 8 57 43 
27 42 7 8 57 43 
27 42 7 8 57 43 
27 42 7 8 57 43 
27 42 7 8 57 43 
27 42 7 8 57 43 
27 42 7 8 57 43 
27 42 7 8 57 43 
27 42 7 8 57 43 
27 42 7 8 57 43 
27 42 7 8 57 43 
27 42 7 8 57 43 
27 42 26 7 8 57 43 
27 42 7 8 57 43 
27 42 7 8 57 43 
27 42 7 8 57 43 
27 42 7 8 57 43 
27 42 7 8 57 43 
27 42 7 8 57 43 
27 42 7 8 57 43 
27 42 7 8 57 43 
27 42 7 8 57 43 
27 42 7 8 57 43 
27 42 7 8 57 43 
27 42 7 8 57 43 
27 42 7 8 57 43 
27 42 7 8 57 43 
27 42 7 8 57 43 
27 42 7 8 57 43 
27 42 7 8 57 43 
27 42 7 8 57 43 
27 42 7 8 57 43 
27 42 7 8 57 43 
27 42 7 8 57 43 
27 42 7 8 57 43 
27 42 7 8 57 43 
27 42 7 8 57 43 
27 42 7 8 57 43 83 
27 42 7 8 57 43 
27 42 7 8 57 43 
27 42 7 8 57 43 
27 42 7 8 57 43 
27 42 7 8 57 43 
27 42 7 8 57 43 
27 42 7 8 57 43 
27 42 7 8 57 43 
27 42 7 8 57 43 
27 42 7 8 57 43 
27 42 7 8 57 43 
27 42 7 8 57 43 
27 42 7 8 57 43 
27 42 7 8 57 43 
27 42 7 8 57 43 
27 42 7 8 57 43 
27 42 7 8 57 43 
27 42 7 8 57 43 
27 42 7 8 57 43 
27 42 7 8 57 43 
27 42 7 8 57 43 
27 42 26 7 8 57 43 
27 42 7 8 57 43 
27 42 7 8 57 43 
27 42 26 7 8 121 57 43 
27 42 7 8 57 43 
27 42 7 8 57 43 
27 42 7 8 57 43 
27 42 7 8 57 43 
27 42 7 8 57 43 
27 42 7 8 57 43 
27 42 7 8 57 43 
27 42 7 8 57 43 
27 42 7 8 57 43 
27 42 7 8 20 57 43 
27 42 7 8 57 43 
27 42 7 8 57 43 
27 42 7 8 57 43 
27 42 7 8 57 43 
27 42 7 8 59 15 57 43 
27 42 7 8 57 43 
27 42 7 8 57 43 
27 42 26 7 8 121 57 43 
27 42 7 8 57 43 81 
27 42 7 8 57 43 
27 42 7 8 57 43 
27 42 7 8 57 43 
27 42 7 8 57 43 
27 42 7 8 57 43 
27 42 7 8 57 43 
16 27 42 17 7 8 62 57 43 
27 42 7 8 57 43 
27 42 7 8 57 43 
27 42 26 7 8 57 43 
27 42 7 8 57 43 
27 42 7 8 57 43 
27 42 7 8 57 43 
16 27 42 17 7 8 57 43 
27 42 7 8 57 43 
27 42 7 8 57 43 
27 42 7 8 57 43 
27 42 7 8 57 43 
27 42 7 8 57 43 
27 42 7 8 57 43 
27 42 7 8 57 43 
27 42 7 8 57 43 
27 42 7 8 57 43 
27 42 7 8 57 43 
27 42 7 8 57 43 
27 42 7 8 57 43 
27 42 7 8 57 43 
27 42 7 8 57 43 
27 42 7 8 57 43 
27 42 7 8 57 43 
27 42 7 8 57 43 
27 42 7 8 57 43 
27 42 7 8 57 43 
27 42 7 8 57 43 
27 42 7 8 57 43 
27 42 7 8 57 43 
27 42 7 8 57 43 
27 42 7 8 57 43 
27 42 7 8 57 43 
27 42 7 8 57 43 
27 42 7 8 57 43 
27 42 7 8 57 43 
27 42 7 8 57 43 
27 42 7 8 57 43 
27 42 7 8 57 43 
27 42 7 8 57 43 
27 42 7 8 57 43 
27 42 7 8 57 43 
27 42 7 8 57 43 
27 42 7 8 57 43 
27 42 7 8 57 43 
27 42 7 8 57 43 
27 42 7 8 57 43 
27 42 7 8 57 43 
27 42 7 8 57 43 
27 42 7 8 57 43 
27 42 7 8 57 43 
27 42 7 8 57 43 
27 42 7 8 57 43 
27 42 7 8 57 43 
27 42 7 8 57 43 
27 42 7 8 57 43 
27 42 7 8 57 43 
27 42 7 8 57 43 
27 42 7 8 57 43 
27 42 7 8 57 43 
27 42 7 8 57 43 
27 42 7 8 57 43 
27 42 7 8 57 43 
27 42 7 8 57 43 
27 42 7 8 57 43 
27 42 7 8 57 43 
27 42 7 8 57 43 
27 42 7 8 57 43 
27 42 7 8 57 43 
27 42 7 8 57 43 
27 42 7 8 57 43 
27 42 7 8 57 43 
27 42 7 8 57 43 
27 42 7 8 57 43 
27 42 7 8 57 43 
27 42 7 8 57 43 
27 42 7 8 57 43 
27 42 7 8 57 43 
27 42 7 8 57 43 
27 42 7 8 57 43 
27 42 7 8 57 43 
27 42 7 8 57 43 
27 42 7 8 57 43 
27 42 7 8 57 43 
27 42 7 8 57 43 
27 42 7 8 57 43 
27 42 7 8 57 43 
27 42 7 8 57 43 
27 42 7 8 57 43 
27 42 7 8 57 43 83 
27 42 7 8 57 43 
27 42 7 8 57 43 
27 42 7 8 57 43 
27 42 7 8 57 43 
27 42 7 8 57 43 
27 42 7 8 57 43 
27 42 7 8 57 43 
27 42 7 8 57 43 
27 42 7 8 57 43 
27 42 7 8 57 43 
27 42 7 8 57 43 
27 42 7 8 57 43 