16 17 
16 17 
16 17 
16 17 
16 17 
16 17 
16 17 
16 17 
16 17 
16 17 
16 17 62 
16 17 15 
16 17 
16 104 17 125 
16 17 
16 17 
16 17 
16 17 
16 17 
16 17 229 
16 17 
16 17 18 7 9 10 
16 17 
16 17 
16 17 
16 17 18 7 9 10 
16 17 
16 17 
16 17 
16 17 
16 17 
16 17 
16 17 
16 17 69 
16 17 
16 17 19 
16 17 
16 32 17 33 
16 17 160 34 15 161 
16 17 
16 17 62 
16 17 
16 17 15 
16 17 62 
16 17 
16 17 
16 17 
16 17 
16 17 
16 17 
16 26 27 17 7 
16 17 
16 32 17 33 
16 26 27 17 7 
16 17 
16 17 
16 17 
16 17 
16 17 7 9 10 
16 17 96 
16 17 
16 17 
16 17 
16 17 
16 32 17 33 
16 17 
16 17 
16 17 
16 17 
16 17 
16 67 17 37 19 146 
16 17 
16 17 
16 17 
16 17 
16 17 
16 17 69 72 
16 17 99 23 24 
16 17 
16 17 
16 17 
16 17 157 15 
16 17 7 134 10 
16 17 
16 17 
16 17 18 7 9 10 
16 17 15 
16 17 
16 17 
16 17 7 134 10 
16 17 19 
16 17 
16 100 17 101 
16 17 
16 17 
16 17 155 
16 17 
16 17 
16 17 
16 26 27 17 7 88 
16 17 
16 17 
16 17 
16 32 17 33 
16 17 19 
16 17 
16 32 17 33 
16 17 
16 32 17 33 
16 17 
16 17 
16 17 
16 17 
16 32 17 33 
16 17 
16 17 
16 17 62 
16 17 
16 17 
16 17 
16 17 
16 17 
16 67 17 37 19 146 
16 145 17 
16 17 
16 32 17 33 
16 17 
16 17 155 
16 17 
16 32 17 33 
16 17 
16 17 
16 17 
16 17 
16 17 
16 17 
16 17 
16 17 
16 17 
16 17 157 15 
16 17 62 
16 17 
16 17 
16 17 
16 370 17 
16 17 
16 17 
16 17 
16 17 
16 17 
16 17 
16 32 17 33 
16 17 122 101 
16 17 
16 17 
16 17 
16 26 27 17 7 
16 17 
16 17 
16 17 
16 17 
16 17 
16 17 
16 17 15 
16 26 27 17 7 
16 17 
16 17 
16 17 
16 17 
16 17 
16 17 
16 17 
16 32 17 33 
16 17 18 7 9 10 
16 17 
16 17 
16 17 
16 17 
16 17 
16 17 
16 17 62 
16 17 
16 17 
16 17 
16 17 
16 17 
16 17 15 
16 17 
16 17 
16 32 17 33 
16 17 
16 17 
16 17 62 
16 17 
16 17 
16 17 
16 17 59 15 
16 17 
16 17 19 
16 17 78 
16 17 
16 17 
16 17 69 
16 17 
16 17 
16 17 
16 17 
16 17 
16 17 
16 17 
16 17 15 
16 17 
16 17 
16 17 
16 17 
16 17 
16 17 
16 17 
16 17 
16 17 
16 17 
16 17 
16 17 
16 17 23 24 
16 17 62 
16 17 
16 17 
16 17 
16 17 
16 17 
16 17 
16 17 
16 13 17 14 15 
16 17 
16 17 
16 17 
16 17 
16 17 157 15 
16 17 
16 17 
16 17 
16 17 
16 17 
16 17 
16 17 
16 17 
16 32 17 33 
16 17 15 
16 17 
16 17 
16 17 
16 17 
16 17 7 9 10 
16 17 
16 17 
16 17 
16 17 
16 17 
16 17 
16 17 
16 17 
16 17 7 134 10 
16 17 
16 17 
16 17 
16 17 
16 17 
16 17 
16 17 
16 17 
16 17 
16 17 
16 17 
16 17 
16 17 
16 17 
16 17 229 
16 17 
16 17 
16 17 
16 17 
16 17 
16 17 
16 17 7 186 
16 17 
16 26 27 17 7 
16 170 17 52 
16 17 
16 17 
16 17 
16 17 
16 17 
16 17 
16 17 
16 17 
16 17 122 101 
16 17 
16 17 
16 17 
16 17 
16 17 
16 17 
16 17 
16 17 
16 17 
16 67 17 37 19 146 
16 17 
16 17 
16 17 
16 17 
16 17 
16 17 
16 17 
16 32 17 33 
16 17 
16 17 
16 17 
16 17 
16 17 
16 67 17 37 19 146 
16 17 
16 17 
16 17 
16 17 15 
16 100 17 101 
16 17 
16 17 
16 17 
16 17 
16 17 
16 17 
16 17 
16 17 
16 17 62 
16 17 
16 32 17 33 
16 17 
16 17 
16 17 
16 17 
16 17 
16 17 69 
16 17 15 
16 17 
16 17 
16 17 
16 17 7 9 10 
16 17 
16 17 
16 17 
16 17 
16 17 
16 17 
16 17 
16 17 
16 17 
16 17 
16 17 
16 17 
16 17 
16 17 
16 100 17 101 
16 17 
16 17 
16 17 62 
16 17 19 
16 17 
16 17 
16 17 
16 17 
16 17 
16 26 27 17 7 
16 17 
16 17 
16 17 
16 17 
16 17 
16 17 52 53 
16 17 
16 100 17 101 
16 17 
16 17 
16 17 122 101 
16 17 
16 17 
16 17 
16 26 27 17 7 88 
16 100 17 101 
16 17 
16 17 
16 17 
16 17 
16 17 
16 17 
16 17 
16 17 
16 17 23 24 
16 17 
16 17 122 101 
16 17 
16 17 19 
16 17 56 
16 17 
16 17 
16 17 62 
16 17 
16 17 
16 17 
16 17 
16 17 
16 17 
16 17 
16 100 17 101 
16 17 
16 17 
16 17 
16 17 62 
16 17 
16 17 
16 17 
16 17 7 
16 17 
16 100 17 101 
16 17 
16 17 162 15 82 
16 17 
16 17 
16 17 
16 17 
16 17 122 101 
16 100 17 101 
16 17 
16 17 
16 17 
16 17 
16 17 
16 17 
16 17 
16 17 
16 32 17 33 
16 26 27 17 7 
16 17 
16 17 
16 17 
16 17 59 15 
16 17 
16 17 
16 17 
16 17 
16 17 
16 17 
16 17 62 
16 17 
16 17 
16 67 17 37 19 146 
16 17 
16 17 
16 17 
16 17 
16 32 17 33 
16 32 17 33 
16 17 
16 17 
16 67 17 37 19 146 
16 17 
16 27 17 7 
16 17 
16 17 
16 32 17 33 
16 17 62 
16 100 17 101 
16 17 
16 17 
16 17 
16 17 
16 17 
16 17 7 9 10 
16 17 
16 17 7 
16 17 
16 17 
16 17 
16 17 
16 26 27 17 7 
16 17 
16 17 
16 17 62 
16 17 
16 17 
16 17 
16 17 
16 17 
16 100 17 101 
16 17 
16 17 
16 17 
16 17 
16 17 62 
16 17 
16 17 
16 17 
16 17 
16 17 
16 17 
16 17 
16 17 
16 17 
16 17 
16 17 
16 17 
16 17 
16 17 
16 17 
16 17 
16 17 62 
16 17 
16 17 
16 17 
16 17 
16 17 
16 17 
16 17 
16 17 
16 17 
16 17 
16 17 
16 17 
16 17 
16 17 
16 17 69 
16 17 
16 17 
16 100 17 101 
16 17 
16 26 27 17 7 
16 17 62 
16 17 
16 17 
16 17 
16 17 
16 32 17 33 
16 17 
16 100 17 101 
16 17 
16 17 
16 17 
16 17 
16 100 17 101 
16 17 
16 17 
16 17 
16 17 
16 17 
16 17 19 
16 17 
16 100 17 101 
16 100 17 101 
16 17 
16 17 
16 17 62 
16 17 
16 17 
16 17 
16 67 17 37 19 146 
16 17 
16 17 62 
16 17 
16 17 293 240 
16 17 
16 17 
16 17 
16 17 
16 100 17 101 
16 17 
16 17 99 23 24 
16 17 
16 17 
16 17 
16 17 
16 17 157 15 
16 17 
16 17 
16 17 
16 17 
16 17 
16 17 
16 100 17 101 
16 17 
16 26 27 17 7 
16 17 
16 17 
16 17 
16 17 
16 17 
16 17 7 134 10 
16 17 
16 100 17 101 
16 17 
16 100 17 101 
16 100 17 101 
16 17 
16 100 17 101 
16 17 
16 100 17 101 
16 17 
16 17 
16 17 
16 17 
16 17 
16 17 
16 17 
16 17 
16 17 19 
16 13 17 14 15 
16 17 
16 17 
16 26 27 17 7 
16 67 17 37 19 146 
16 17 
16 17 62 
16 17 
16 17 
16 100 17 101 
16 17 
16 17 
16 17 
16 17 
16 17 
16 17 
16 26 27 17 7 
16 17 
16 17 
16 17 
16 17 
16 17 
16 17 
16 148 149 17 7 110 
16 17 
16 17 
16 17 
16 17 
16 17 
16 17 
16 17 
16 17 
16 17 62 
16 17 
16 17 
16 17 
16 17 15 82 
16 17 62 
16 17 
16 17 
16 17 
16 17 
16 17 
16 17 
16 67 17 37 19 146 
16 17 
16 17 
16 17 
16 100 17 101 
16 17 
16 17 
16 17 
16 17 
16 100 17 101 
16 17 
16 17 
16 27 17 7 
16 17 
16 26 27 17 7 
16 17 
16 26 27 17 7 121 
16 17 
16 17 
16 17 
16 17 
16 17 15 
16 17 
16 17 62 
16 27 17 7 
16 17 
16 100 17 101 
16 17 
16 17 
16 26 27 17 7 
16 104 17 125 
16 17 
16 17 62 
16 17 19 
16 166 17 62 
16 17 19 123 
16 17 
16 17 
16 17 69 
16 17 
16 17 
16 17 
16 17 
16 73 17 74 
16 17 
16 17 62 
16 17 15 
16 100 17 101 
16 17 
16 100 17 101 
16 17 20 
16 17 
16 100 17 101 
16 17 
16 17 
16 17 
16 17 
16 17 62 
16 17 
16 17 
16 17 
16 17 
16 26 27 17 7 
16 17 
16 17 
16 17 
16 17 62 
16 17 
16 26 27 17 7 
16 17 
16 17 
16 17 7 9 10 
16 17 
16 17 62 
16 17 
16 17 
16 17 
16 17 
16 17 
16 17 
16 17 
16 17 
16 17 
16 17 
16 12 17 7 9 10 
16 17 7 9 10 
16 17 15 
16 17 