16 100 17 101 
16 100 17 101 
16 100 17 101 
16 100 17 101 
16 100 17 101 
16 100 17 101 
16 100 17 101 
16 100 17 7 101 9 10 
16 100 17 101 
16 100 17 101 
16 100 17 101 
16 100 17 101 
16 100 17 101 
16 100 17 101 
16 100 17 101 
16 100 17 101 
16 100 17 101 122 
16 100 17 101 122 
16 100 17 101 
16 100 17 101 
16 100 17 101 
16 100 17 101 
16 100 17 101 
16 100 17 101 
16 100 17 101 122 
16 100 17 101 
16 100 17 101 
16 100 17 101 
16 100 17 101 
16 100 17 101 
16 100 17 101 
16 100 17 101 
16 100 17 101 
16 100 17 101 
16 100 17 101 
16 100 17 101 
16 100 17 101 
16 100 17 101 
16 100 17 101 
16 100 17 101 
16 100 17 101 
16 100 26 27 17 7 101 
16 100 17 101 
16 100 17 101 
16 100 17 101 122 
16 100 17 101 
16 100 17 101 
16 100 17 101 
16 100 17 101 
16 100 17 101 
16 100 17 101 
16 100 17 101 122 
16 100 17 101 
16 100 17 101 
16 100 17 101 
16 100 17 101 
16 100 17 101 
16 100 17 101 
16 100 17 101 
16 100 17 101 
16 100 17 101 122 
16 100 17 101 
16 100 17 101 
16 100 17 101 
16 100 17 101 
16 100 17 101 
16 100 17 101 
16 100 17 101 122 
16 100 17 101 
16 100 17 101 
16 100 17 101 
16 100 17 101 
16 100 17 101 
16 100 17 101 
16 100 17 101 
16 100 17 101 
16 100 17 101 
16 100 17 101 
16 100 17 101 
16 100 17 101 
16 100 17 101 
16 100 17 101 
16 100 17 101 
16 100 26 27 17 7 101 
16 100 17 101 
16 100 17 101 
16 100 17 101 
16 100 17 101 
16 100 17 101 
16 100 17 101 
16 100 17 101 
16 100 17 101 
16 100 17 101 
16 100 17 101 
16 100 17 101 
16 100 17 101 
16 100 17 101 
16 100 17 101 
16 100 17 101 
16 100 17 101 
16 100 17 101 
16 100 17 101 
16 100 17 101 
16 100 17 101 
16 100 17 101 
16 100 17 101 
16 100 17 101 
16 100 17 101 
16 100 17 101 122 
16 100 17 101 
16 100 17 101 
16 100 17 101 122 
16 100 17 101 
16 100 17 101 
16 100 17 101 
16 100 17 101 
16 100 17 101 
16 100 17 101 
16 100 17 101 
16 100 17 101 
16 100 17 101 
16 100 17 101 
16 100 17 101 122 
16 100 17 101 
16 100 17 101 
16 100 17 101 
16 100 17 101 
16 100 17 101 
16 100 17 101 122 
16 100 17 101 
16 100 17 101 
16 100 17 101 
16 100 17 101 
16 100 17 101 
16 100 17 101 
16 100 17 101 
16 100 17 101 
16 100 17 101 
16 100 17 101 
16 100 17 101 122 
16 100 17 101 
16 100 17 101 
16 100 17 101 19 
16 100 17 101 
16 100 17 101 
16 100 17 101 
16 100 17 101 
16 100 17 101 
16 100 17 101 
16 100 17 101 
16 100 17 101 
16 100 17 101 
16 100 17 101 
16 100 17 101 
16 100 17 101 
16 100 17 101 122 
16 100 17 101 
16 100 17 101 
16 100 17 101 
16 100 17 101 
16 100 17 101 
16 100 17 101 
16 100 17 101 122 
16 100 17 101 
16 100 17 101 
16 100 17 101 
16 100 17 101 
16 100 17 101 
16 100 17 101 
16 100 17 101 
16 100 17 101 
16 100 17 101 
16 100 17 101 
16 100 17 101 
16 100 17 101 
16 100 17 101 
16 100 17 101 
16 100 17 101 
16 100 17 101 
16 100 17 101 
16 100 17 101 
16 100 17 101 
16 100 17 101 
16 100 17 101 
16 100 17 101 
16 100 17 101 
16 100 17 101 
16 100 17 101 
16 100 17 101 
16 100 17 101 
16 100 17 101 