89 90 
89 90 
89 90 
30 89 31 90 
89 90 
89 90 
89 90 
89 90 
89 90 
32 16 17 89 90 33 
89 90 
32 16 17 89 90 33 
89 90 
89 90 
89 90 
89 90 
89 90 
89 90 
32 16 17 89 90 33 
89 90 
32 16 17 89 90 33 
89 90 
89 90 
89 90 
89 90 
89 90 
89 90 15 
89 90 
89 90 
89 90 
89 90 
89 90 
89 90 
89 90 
89 90 
89 90 
89 90 
89 90 
89 90 
89 90 
89 90 
89 90 
89 90 
89 90 
89 90 
89 90 
89 90 
89 90 
89 90 
16 89 90 19 
89 90 
89 90 
89 90 
89 90 
16 89 90 19 
89 90 
30 89 31 90 
89 90 
89 90 
89 90 
89 90 
89 90 
89 90 
89 90 
89 90 
89 90 
30 89 31 90 
89 90 
89 90 
89 90 
89 90 
89 90 
89 90 
89 90 
32 16 17 89 90 33 
32 16 17 89 90 33 
89 90 
89 90 
89 90 
89 90 
89 90 
32 16 17 89 90 33 
89 90 
89 90 
89 90 
89 90 
89 90 
89 90 
89 90 
89 90 
89 90 
89 90 
89 90 
89 90 
89 90 
89 90 
89 90 
89 90 
89 90 
89 90 
89 90 
89 90 
89 90 