6 7 8 9 10 
7 8 9 10 
12 7 8 9 10 
12 7 8 9 10 
6 7 8 9 10 
7 8 9 10 
6 7 8 9 10 
12 7 8 9 10 
12 7 8 9 10 
12 7 8 9 10 
12 7 8 9 10 
12 7 8 9 10 
12 7 8 9 10 
12 7 8 9 10 
7 8 9 10 
12 7 8 9 10 
12 7 8 9 10 
7 8 9 10 
7 8 9 10 
12 7 8 9 10 
7 8 9 10 
7 8 9 10 
7 8 9 10 
7 8 9 10 
12 7 8 9 10 
7 8 9 10 
12 7 8 9 10 
12 7 8 9 10 
12 7 8 9 10 
12 7 8 9 10 
12 7 8 9 10 
12 7 8 9 10 
7 8 9 10 
12 7 8 9 10 
12 7 8 9 10 
12 7 8 9 10 
12 7 8 9 10 
12 7 8 9 10 
7 8 9 10 
12 7 8 9 10 
6 7 8 9 10 
12 7 8 9 10 
12 7 8 9 10 
7 8 9 10 
6 7 8 9 10 
12 7 8 9 10 
12 7 8 9 10 
12 7 8 9 10 
12 7 8 9 10 
13 7 8 14 15 9 10 
7 8 9 10 
6 7 8 9 10 
7 8 9 10 
12 7 8 9 10 
12 7 8 9 10 
12 7 8 9 10 
12 7 8 9 10 
12 7 8 9 10 
12 7 8 9 10 
7 8 9 10 
12 7 8 9 10 
7 8 9 10 
7 8 9 10 
12 7 8 9 10 
12 7 8 9 10 
7 8 9 10 
7 8 9 10 
12 7 8 9 10 
12 7 8 9 10 
12 7 8 9 10 
12 7 8 9 10 
12 7 8 9 10 
12 7 8 9 10 
12 7 8 9 10 
7 8 9 10 
12 7 8 9 10 
16 17 7 8 9 10 
12 7 8 9 10 
12 7 8 9 10 
12 7 8 9 10 
7 8 9 10 
6 7 8 9 10 
12 7 8 9 10 
12 7 8 9 10 
18 7 8 9 10 
12 7 8 9 10 
12 7 8 9 10 
12 7 8 9 10 
12 7 8 9 10 
12 7 8 9 10 
12 7 8 9 10 
12 7 8 9 10 
12 7 8 9 10 
12 7 8 9 10 
12 7 8 9 10 
7 8 9 10 
7 8 9 10 
12 7 8 9 10 
12 7 8 9 10 
12 7 8 9 10 
12 7 8 9 10 
6 7 8 9 10 
12 7 8 9 10 
12 7 8 9 10 
7 8 9 10 
12 7 8 9 10 
7 8 9 10 
12 7 8 9 10 
7 8 9 10 
6 7 8 9 10 
12 7 8 9 10 
12 7 8 9 10 
12 7 8 9 10 
7 8 9 10 
7 8 9 10 
12 7 8 9 10 
12 7 8 9 10 
12 7 8 9 10 
12 7 8 9 10 
12 7 8 9 10 
12 7 8 9 10 
7 8 9 10 
12 7 8 9 10 
12 7 8 9 10 
12 7 8 9 10 
12 7 8 9 10 
12 7 8 9 10 
12 7 8 9 10 
12 7 8 9 10 
12 7 8 9 10 
12 7 8 9 10 
7 8 9 10 
12 7 8 9 10 
12 7 8 9 10 
12 7 8 9 10 
12 7 8 9 10 
12 6 7 8 9 10 
7 8 9 10 
7 8 9 10 
12 7 8 9 10 
12 7 8 9 10 
12 7 8 9 10 
7 8 9 10 
7 8 9 10 
12 7 8 9 10 
12 7 8 9 10 
7 8 9 10 
12 7 8 9 10 
12 7 8 9 10 
12 7 8 9 10 
18 7 8 9 10 
12 7 8 9 10 
12 7 8 9 10 
12 7 8 9 10 
12 7 8 9 10 
18 7 8 9 10 
12 7 8 9 10 
12 7 8 9 10 
12 7 8 9 10 
12 7 8 9 10 
7 8 9 10 
7 8 9 10 
6 7 8 9 10 
7 8 9 10 
12 7 8 9 10 
7 8 9 10 
6 7 8 9 10 
12 7 8 9 10 
12 7 8 9 10 
6 7 8 9 10 
12 7 8 9 10 
12 7 8 9 10 
7 8 9 10 
7 8 9 10 
7 8 9 10 
7 8 9 10 
7 8 9 10 
7 8 9 10 
12 6 7 8 9 10 
12 7 8 9 10 
12 7 8 9 10 
12 7 8 9 10 
7 8 9 10 
7 8 9 10 
7 8 9 10 
7 8 9 10 
7 8 9 10 
12 7 8 9 10 
7 8 9 10 
12 7 8 9 10 
7 8 9 10 
12 7 8 9 10 
7 8 9 10 
6 7 8 9 10 
7 8 9 10 
12 7 8 9 10 
7 8 9 10 
12 7 8 9 10 
12 7 8 9 10 
12 7 8 9 10 
12 7 8 9 10 
12 7 8 9 10 
12 7 8 9 10 
12 7 8 9 10 
7 8 9 10 
7 8 9 10 
12 7 8 9 10 
7 8 9 10 
6 7 8 9 10 
16 17 7 8 9 10 
7 8 9 10 
7 8 9 10 
7 8 9 10 
7 8 9 10 
7 8 9 10 
12 7 8 9 10 
16 12 7 8 19 9 10 
12 7 8 9 10 
7 8 9 10 
7 8 9 10 
7 8 9 10 
12 7 8 9 10 
7 8 9 10 
7 8 9 10 
7 8 9 10 
7 8 9 10 
6 7 8 9 10 
7 8 9 10 
7 8 9 10 
7 8 9 10 
7 8 9 10 
7 8 9 10 
12 7 8 9 10 