16 42 27 17 7 113 43 
16 41 42 27 17 7 113 43 
16 42 27 17 7 113 43 
16 42 27 17 7 113 43 
16 42 27 17 7 113 43 
41 27 42 7 8 43 
16 42 27 17 7 113 43 
16 42 27 17 7 289 113 43 290 
16 41 42 27 17 7 113 43 
16 41 27 42 17 7 8 62 43 
16 42 27 17 7 62 113 43 
16 41 42 27 17 7 113 43 
41 27 42 7 8 43 
41 27 42 7 8 43 
41 27 42 7 8 43 
16 42 27 17 7 69 113 43 
41 27 42 7 8 43 
16 42 27 17 7 113 43 
27 181 42 7 8 43 
16 42 27 17 7 113 43 
16 42 27 17 7 113 43 
16 42 27 17 7 113 43 
16 42 27 17 7 113 43 
16 42 27 17 7 113 43 
16 42 27 17 7 113 43 
16 42 27 17 7 113 43 
16 42 27 17 7 113 43 
16 42 27 17 7 113 43 
16 42 27 17 7 113 43 
16 42 27 17 7 113 43 
16 42 27 17 7 113 43 
16 42 27 17 7 113 43 
16 42 27 17 7 113 43 
16 42 27 17 7 113 43 
16 42 27 17 7 62 113 43 
16 42 27 17 7 113 43 
16 42 27 17 7 113 43 
16 42 27 17 7 113 43 
16 42 27 17 7 113 43 
16 42 27 17 7 113 43 
16 42 27 17 7 113 43 
16 42 27 17 7 113 43 
27 181 42 7 8 43 
16 42 27 17 7 113 43 
16 42 27 17 7 113 43 
16 42 27 17 7 113 43 
16 42 27 17 7 113 43 
16 42 27 17 7 113 43 
16 42 27 17 7 62 113 43 
16 42 27 17 7 113 43 
16 42 27 17 7 113 43 
16 42 27 17 7 113 43 
16 42 27 17 7 113 43 
16 42 27 17 7 113 43 
16 42 27 17 7 113 43 
16 42 27 17 7 113 43 
16 42 27 17 7 113 43 
16 42 27 17 7 113 43 
41 27 42 7 8 43 
16 42 27 17 7 62 113 43 
16 42 27 17 7 69 113 43 
16 42 27 17 7 113 43 
16 42 27 17 7 113 43 
16 42 27 17 7 113 43 
41 27 42 7 8 43 
41 27 42 7 8 43 
16 41 42 27 17 7 113 43 
16 42 27 17 7 113 43 
16 42 27 17 7 62 113 43 
16 42 27 17 7 113 43 
41 27 42 7 8 43 
41 27 42 7 8 43 
41 27 42 7 8 43 
41 27 42 7 8 43 
16 42 27 17 7 113 43 
16 42 27 17 7 113 43 
41 27 42 7 8 43 
16 42 27 17 7 113 43 
27 181 42 7 8 43 
16 42 27 17 7 113 43 
16 42 27 17 7 113 43 
41 27 42 7 8 43 
16 42 27 17 7 113 43 
41 27 42 7 8 43 
27 181 42 7 8 43 
41 27 42 7 8 43 
16 42 27 17 7 113 43 
16 42 27 17 7 113 43 
16 42 27 17 7 113 43 
16 42 27 17 7 113 43 
16 42 27 17 7 113 43 
16 42 27 17 7 113 43 
16 42 27 17 7 113 43 
16 42 27 17 7 113 43 
16 42 27 17 7 113 43 
16 42 27 17 7 113 43 
16 42 27 17 7 113 43 
16 42 27 17 7 113 43 
16 42 27 17 7 113 43 
16 42 27 17 7 113 43 
16 42 27 17 7 113 43 
16 42 27 17 7 113 43 
41 27 42 7 8 43 
41 27 42 7 8 43 
41 27 42 7 8 43 
41 27 42 7 8 43 
16 42 27 17 7 113 43 
16 42 27 17 7 113 43 
41 27 42 7 8 43 