16 327 37 19 
16 327 37 19 329 
16 327 37 19 
16 327 37 19 
16 327 37 19 
16 327 37 19 
16 327 37 19 
16 327 37 19 
16 327 37 19 
16 327 37 19 
16 327 37 19 
16 327 37 19 
16 327 37 19 329 
16 327 37 19 
16 327 37 19 329 
16 327 37 19 
16 327 37 19 
16 327 37 19 329 
16 327 37 19 
16 327 37 19 
16 327 37 19 
16 327 37 19 
16 327 37 19 
16 327 37 19 
16 327 37 19 
16 327 37 19 329 
16 327 37 19 
16 327 37 19 329 
16 327 37 19 
16 327 37 19 329 
16 327 37 19 
16 327 37 19 
16 327 37 19 
16 327 37 19 
16 327 37 19 329 
16 327 37 19 
16 327 37 19 
16 327 37 19 
16 327 37 19 
16 327 37 19 329 
16 327 37 19 329 
16 327 37 19 
16 327 37 19 329 
16 327 37 19 329 
16 327 37 19 329 
16 327 37 19 329 
16 327 37 19 
16 327 37 19 329 
16 327 37 19 
16 327 37 19 329 
16 327 37 19 329 
16 327 37 19 329 
16 327 37 19 329 
16 327 37 19 329 