89 188 189 
89 190 189 
89 90 188 189 
89 190 189 
89 90 188 189 
89 190 189 
89 90 188 189 
89 190 189 
89 90 188 189 
89 190 189 
89 190 189 
89 90 188 189 
89 190 189 
89 90 188 189 
89 188 189 
89 190 189 
89 90 188 189 
89 190 189 
89 90 188 189 
89 90 188 189 
89 190 189 
89 190 189 
89 188 189 
89 90 188 189 
89 190 189 
89 90 188 189 
89 190 189 
89 190 189 
89 190 189 
89 90 188 189 
89 190 189 
89 90 188 189 
89 188 189 
89 190 189 
89 90 188 189 
89 90 188 189 
89 90 188 189 
89 190 189 
89 190 189 
89 90 188 189 
89 190 189 
89 190 189 
89 190 189 
89 188 189 
89 90 188 189 
89 190 189 
89 90 188 189 
89 190 189 
89 190 189 
89 90 188 189 
89 90 188 189 
89 90 188 189 
89 90 188 189 
89 190 189 
89 190 189 
89 90 188 189 
89 90 188 189 
89 90 188 189 
89 190 189 
89 190 189 
89 190 189 
89 190 189 
89 90 188 189 
89 90 188 189 
89 190 189 
89 90 188 189 
89 190 189 
89 90 188 189 
89 190 189 
89 190 189 
89 90 188 189 
89 188 189 
89 90 188 189 
89 90 188 189 
89 190 189 
89 190 189 
89 190 189 
89 190 189 
89 90 188 189 
89 90 188 189 
89 90 188 189 
89 90 188 189 
89 90 188 189 
89 90 188 189 
89 190 189 
89 190 189 
89 190 189 
89 90 188 189 
89 190 189 
89 190 189 
89 190 189 
89 90 188 189 
89 190 189 
89 90 188 189 
89 190 189 