16 17 113 
16 17 113 
16 17 62 113 
16 17 113 
16 17 113 
16 17 113 
16 17 113 
16 17 113 
16 17 113 
16 17 113 
16 17 62 113 
16 17 113 
16 17 113 
16 17 113 
16 17 113 
16 17 113 
16 17 113 
16 41 42 27 17 7 113 43 
16 17 113 
16 17 113 
16 17 113 
16 17 62 113 
16 17 113 
16 17 62 113 
16 17 113 
16 17 113 
16 50 17 3 113 
16 17 113 
16 17 113 
16 17 113 
16 17 113 
16 17 113 
16 104 17 113 
16 41 42 27 17 7 113 43 
16 17 113 
16 17 113 
16 17 113 
16 17 113 
16 17 113 
16 114 17 7 118 10 113 
16 17 113 
16 17 113 
16 17 113 
16 17 113 
16 17 113 
16 17 113 
16 41 42 27 17 7 113 43 
16 17 113 
16 17 113 
16 17 113 
16 17 113 
16 17 62 113 
16 17 113 
16 17 62 113 
16 17 113 
16 17 113 
16 17 113 
16 17 113 
16 17 113 
16 17 113 
16 17 113 
16 17 113 
16 17 113 
16 17 113 
16 17 113 
16 17 113 
16 17 28 23 24 113 
16 41 42 27 17 7 113 43 
16 17 113 
16 114 17 7 118 10 113 
16 17 113 
16 17 113 
16 27 17 7 71 43 113 
16 17 113 
16 17 62 113 
16 17 113 
16 17 113 
16 17 113 
16 17 113 
16 17 113 
16 26 27 17 7 243 113 
16 41 42 27 17 7 113 43 
16 17 62 113 
16 17 113 
16 17 113 
16 17 113 
16 17 113 
16 17 62 113 
16 17 113 
16 17 113 
16 17 113 
16 17 113 
16 17 113 
16 17 113 
16 17 113 
16 17 113 
16 17 113 
16 17 113 
16 17 113 
16 17 113 
16 17 113 
16 17 113 
16 17 113 
16 17 113 
16 17 113 
16 17 113 
16 17 113 
16 17 113 
16 17 7 10 113 
16 17 113 
16 17 7 9 10 113 
16 41 42 27 17 7 113 43 
16 17 113 
16 17 113 
16 114 17 7 118 10 113 
16 17 113 
16 17 113 
16 17 113 
16 17 113 
16 17 113 
16 41 42 27 17 7 113 43 
16 114 17 7 118 10 113 
16 17 113 
16 17 113 
16 17 113 
16 17 113 
16 17 113 
16 114 17 7 118 10 113 
16 17 7 10 113 
16 41 42 27 17 7 113 43 
16 17 113 
16 17 113 
16 17 113 
16 17 113 
16 17 113 
16 114 17 7 118 10 113 
16 41 42 27 17 7 113 43 
16 17 62 113 
16 26 27 17 7 113 
16 17 113 
16 17 113 
16 17 113 
16 17 113 
16 17 113 
16 17 113 
16 17 113 
16 17 113 
16 17 113 
16 17 113 
16 17 113 
16 17 113 
16 17 113 
16 41 42 27 17 7 113 43 
16 17 113 
16 17 113 
16 17 7 10 113 
16 17 113 
16 17 113 
16 41 42 27 17 7 113 43 
16 17 113 
16 17 113 
16 17 113 
16 17 113 
16 17 113 
16 17 62 113 
16 17 113 
16 17 113 
16 17 113 
16 17 113 
16 41 42 27 17 7 113 43 
16 17 62 113 
16 17 113 
16 41 42 27 17 7 113 43 
16 41 42 27 17 7 113 43 
16 41 42 27 17 7 113 43 
16 17 3 65 113 
16 17 113 
16 17 113 
16 17 113 
16 17 113 
16 17 113 
16 17 113 
16 114 17 7 118 10 113 
16 17 113 
16 17 113 
16 17 113 
16 17 62 113 
16 17 113 
16 17 113 