16 27 26 7 8 165 
27 26 7 8 165 
27 26 7 8 165 
27 26 7 8 165 
27 26 7 8 165 
27 26 7 8 165 
27 26 7 8 165 
27 26 7 8 165 
27 26 7 8 165 
16 27 26 17 7 8 165 62 
16 27 26 17 7 8 165 62 
27 26 7 8 165 
27 26 7 8 165 
27 26 7 8 165 
27 26 7 8 165 
27 26 7 8 165 
27 26 7 8 165 
27 26 7 8 165 
27 26 12 7 8 165 9 10 
27 26 7 8 165 
27 26 7 8 165 
27 26 7 8 165 
27 26 7 8 165 
27 26 7 8 165 
27 26 7 8 165 
27 26 7 8 165 
27 26 7 8 165 
27 26 7 8 165 
27 26 7 8 165 
27 26 7 8 165 
27 26 7 8 165 
27 26 7 8 165 
27 26 7 8 165 
27 26 7 8 165 
27 26 7 8 165 
27 26 7 8 165 
27 26 7 8 165 
27 26 7 8 165 
27 26 7 8 165 
27 26 7 8 165 
27 26 7 8 165 
27 26 7 8 165 
27 26 7 8 165 
27 26 7 8 165 
27 26 7 8 165 
27 26 7 8 165 
27 26 7 8 165 
27 26 7 8 165 
27 26 7 8 165 
27 26 7 8 165 
27 26 7 8 165 
27 26 7 8 165 
27 26 7 8 165 
27 26 7 8 165 