16 17 101 122 
16 100 17 101 122 
16 17 101 122 
16 17 101 122 
16 17 101 122 
16 17 101 122 
16 17 101 122 
16 17 101 122 
16 17 101 122 
16 17 101 122 
16 17 101 122 
16 17 101 122 
16 17 101 122 
16 17 101 122 
16 17 101 122 
16 17 7 101 122 9 10 
16 17 7 101 122 9 10 
16 17 101 122 
16 17 101 122 
16 17 101 122 
16 17 101 122 
16 17 101 122 
16 17 101 122 
16 17 101 122 
16 100 17 101 122 
16 17 7 101 122 
16 13 17 101 122 14 15 
16 17 101 122 
16 17 101 122 
16 17 101 122 
16 17 101 122 
16 17 101 122 
16 17 7 101 122 9 10 
16 17 101 122 
16 17 101 122 
16 17 101 122 
16 17 101 122 
16 17 101 122 
16 17 101 122 
16 17 101 122 
16 17 101 122 
16 17 101 122 
16 17 101 122 
16 17 101 122 
16 100 17 101 122 
16 17 101 122 
16 17 101 122 
16 17 101 122 
16 17 101 122 
16 13 17 101 122 14 15 
16 17 101 122 
16 17 101 122 
16 17 101 122 
16 17 101 122 
16 17 101 122 
16 17 101 122 
16 17 101 122 
16 100 17 101 122 
16 17 101 122 
16 17 101 122 
16 17 101 122 
16 17 101 122 
16 26 27 17 7 101 122 124 
16 17 101 122 
16 17 101 122 
16 17 101 122 
16 17 101 122 
16 100 17 101 122 
16 17 101 122 
16 17 101 122 
16 17 101 122 
16 17 101 122 
16 17 101 122 
16 17 101 122 
16 17 101 122 
16 100 17 101 122 
16 17 101 122 
16 17 101 122 
16 17 101 122 
16 17 101 122 
16 17 101 122 
16 100 17 101 122 
16 17 101 122 
16 17 101 122 
16 17 101 122 
16 17 101 122 
16 17 101 122 
16 100 17 101 122 
16 17 101 122 
16 17 101 122 
16 17 101 122 
16 17 101 122 
16 100 17 101 122 
16 100 17 101 122 
16 17 101 122 
16 17 101 122 
16 17 101 122 
16 17 101 122 
16 17 101 122 
16 17 101 122 
16 17 101 122 
16 17 101 122 
16 100 17 101 122 
16 17 101 122 
16 17 101 122 
16 17 101 122 
16 17 101 122 
16 17 101 122 
16 17 101 122 28 23 24 
16 100 17 101 122 
16 17 101 122 
16 17 101 122 
16 17 101 122 
16 17 101 122 
16 17 101 122 
16 17 101 122 
16 17 101 122 
16 17 101 122 
16 17 101 122 
16 17 101 122 
16 17 101 122 
16 17 101 122 
16 17 101 122 
16 17 101 122 
16 17 101 122 
16 17 101 122 
16 17 101 122 
16 17 101 122 
16 17 101 122 
16 17 101 122 
16 17 101 122 
16 17 101 122 
16 100 17 101 122 
16 100 17 101 122 
16 100 17 101 122 
16 100 17 101 122 
16 100 17 101 122 
16 17 101 122 
16 17 101 122 
16 17 101 122 
16 17 101 122 
16 17 101 122 
16 17 101 122 
16 17 101 122 
16 17 101 122 
16 17 101 122 
16 17 101 122 
16 17 101 122 
16 17 101 122 
16 17 101 122 
16 17 101 122 
16 17 101 122 
16 17 101 122 
16 17 101 122 
16 17 101 122 
16 17 101 122 
16 17 101 122 
16 17 101 122 
16 17 101 122 
16 17 101 122 
16 17 101 122 
16 17 101 122 
16 17 101 122 
16 17 101 122 
16 17 101 122 
16 17 101 122 
16 17 101 122 
16 17 101 122 
16 17 101 122 
16 17 101 122 
16 17 101 122 
16 17 101 122 
16 17 101 122 
16 17 101 122 
16 17 101 122 
16 17 101 122 
16 17 101 122 
16 17 101 122 
16 17 101 122 
16 17 101 122 
16 17 101 122 
16 17 101 122 
16 17 101 122 
16 13 17 101 122 14 15 
16 17 101 122 
16 17 101 122 
16 17 101 122 
16 17 101 122 15 
16 17 101 122 
16 17 101 122 
16 17 101 122 
16 17 101 122 
16 17 101 122 
16 17 101 122 
16 17 101 122 
16 17 101 122 
16 17 101 122 
16 17 101 122 
16 32 17 101 122 33 
16 17 101 122 
16 17 101 122 
16 17 101 122 
16 17 101 122 
16 17 101 122 
16 17 101 122 
16 17 101 122 
16 17 101 122 
16 17 101 122 
16 17 101 122 
16 17 101 122 
16 17 101 122 
16 17 101 122 
16 17 101 122 
16 17 101 122 
16 17 101 122 
16 17 101 122 
16 17 101 122 
16 17 101 122 
16 17 101 122 
16 17 101 122 
16 17 101 122 
16 17 101 122 
16 100 17 101 122 
16 17 101 122 
16 17 101 122 
16 17 101 122 
16 17 101 122 
16 17 101 122 
16 17 101 122 
16 17 101 122 
16 17 101 122 
16 17 101 122 
16 17 101 122 
16 100 17 101 122 
16 17 101 122 
16 17 101 122 
16 17 101 122 
16 17 101 122 
16 17 101 122 
16 17 101 122 
16 17 101 122 
16 100 17 101 122 
16 17 101 122 
16 17 101 122 
16 17 101 122 
16 17 101 122 
16 17 101 122 
16 17 101 122 
16 17 101 122 
16 17 101 122 
16 17 101 122 
16 17 101 122 
16 17 101 122 
16 17 101 122 
16 17 101 122 
16 17 101 122 
16 17 101 122 15 82 
16 17 101 122 
16 17 101 122 
16 17 101 122 
16 17 101 122 
16 17 101 122 
16 17 101 122 
16 17 101 122 
16 17 101 122 
16 17 101 122 
16 17 101 122 
16 17 101 122 
16 17 101 122 
16 17 101 122 
16 17 101 122 
16 17 101 122 
16 17 101 122 
16 17 101 122 
16 17 101 122 
16 17 101 122 
16 17 101 122 
16 17 101 122 
16 17 101 122 
16 17 101 122 
16 17 101 122 
16 17 101 122 
16 17 101 122 
16 17 101 122 
16 17 101 122 
16 17 101 122 
16 100 17 101 122 
16 17 101 122 
16 17 101 122 
16 17 101 122 
16 17 7 101 122 9 10 
16 17 101 122 
16 17 101 122 
16 17 101 122 
16 17 101 122 
16 17 101 122 
16 17 101 122 
16 17 101 122 
16 17 101 122 
16 17 101 122 
16 17 7 101 122 9 10 
16 17 101 122 
16 17 101 122 
16 17 101 122 
16 17 101 122 
16 17 101 122 
16 17 101 122 
16 17 101 122 
16 17 101 122 
16 17 101 122 
16 17 101 122 19 123 
16 17 101 122 
16 17 101 122 
16 17 101 122 
16 17 101 122 
16 17 101 122 
16 17 101 122 
16 17 101 122 
16 17 101 122 
16 17 101 122 
16 17 101 122 
16 17 101 122 
16 17 101 122 
16 17 101 122 
16 17 101 122 
16 17 101 122 
16 17 101 122 
16 17 101 122 
16 17 101 122 
16 17 101 122 
16 17 101 122 
16 17 101 122 
16 100 17 101 122 
16 17 101 122 
16 17 101 122 
16 17 101 122 
16 100 17 101 122 
16 17 101 122 
16 17 101 122 
16 17 101 122 
16 17 101 122 
16 17 101 122 
16 17 101 122 
16 17 101 122 
16 17 101 122 
16 17 101 122 
16 17 101 122 
16 17 101 122 
16 17 101 122 
16 17 101 122 
16 17 101 122 
16 17 101 122 
16 17 101 122 
16 17 101 122 
16 17 101 122 
16 17 101 122 
16 17 101 122 
16 17 101 122 
16 17 101 122 
16 17 101 122 
16 17 101 122 
16 17 101 122 
16 17 101 122 
16 17 101 122 
16 100 17 101 122 
16 17 101 122 
16 100 17 101 122 