1 
1 
1 
1 
1 
1 
1 
1 
1 413 
1 
1 
1 
1 
1 
1 
1 
1 
1 
1 
1 
1 
1 
1 413 
1 
1 
1 
1 
1 
1 
1 
1 15 82 
1 
1 
1 
1 
1 
1 
1 13 14 15 
1 
1 
1 
1 
1 
1 
1 
1 
1 
1 93 73 74 97 98 
1 
1 
1 413 
1 
1 
1 
1 
1 
1 
1 
1 
1 
1 
1 413 
1 
1 
1 
1 
1 
1 
1 
1 
1 
1 
1 
1 
1 
16 1 17 62 
1 
1 
1 
16 1 17 62 
1 
1 
1 
1 
1 
1 
1 
1 3 
1 
1 
1 
1 
1 
1 
1 
1 
1 
1 
1 
1 
1 
1 
1 
1 
1 
1 
1 
1 
1 
1 
1 
1 
1 
1 
1 
1 
1 
1 
1 7 9 10 
1 
1 
1 
1 
1 
1 
1 
1 
1 
1 
1 
1 
1 
1 
1 
1 
1 
1 
1 
1 
1 
1 
1 
1 
1 
1 
1 
1 
1 
1 93 73 74 97 98 
1 
1 
1 
1 
1 
1 
1 
1 
1 
1 
1 
1 
1 16 19 
1 
1 15 
1 
1 
1 
1 
1 
1 
1 
1 
1 
1 
1 
1 
1 
1 
1 
1 
1 
1 16 19 
1 
1 
1 
1 
1 
1 
1 
1 
1 
1 
1 
1 
1 
1 
1 
1 
1 
1 
1 
1 
1 
1 
1 
1 
1 
1 
1 
1 
1 
1 
1 
1 
1 
16 1 
1 
1 
1 
1 
1 
1 
1 
1 262 73 138 74 
1 
1 
1 
1 
1 
1 
1 
1 
1 
1 413 
1 
1 
1 
1 
1 
1 
1 
1 
1 
1 
1 
1 
1 
1 
1 
1 
1 
1 
16 1 
1 
1 
1 
1 
1 
1 
1 
1 16 19 
1 
1 
1 
1 
1 
1 
1 
1 
1 
1 
1 
1 
1 
1 
1 
1 
1 
1 
1 
1 
1 
1 
1 
1 
1 
1 24 
1 
1 
1 
1 16 17 
1 
1 
1 
1 
1 
1 
1 
1 
1 20 
1 
1 
1 
1 
1 
1 
1 
1 
1 
1 
1 
1 
1 
1 
1 
1 
1 
1 
1 
1 
1 
1 
1 
1 
1 
1 
1 
1 
1 
1 
1 
1 
1 
1 
1 
1 
1 
1 16 19 
1 
1 
1 
1 
1 
16 1 19 261 
1 
1 
1 
1 
1 
1 13 164 15 
1 
1 
1 
1 
1 
1 
1 
1 
1 
1 
1 
1 
1 
1 
1 
1 
1 
1 
1 
1 
1 15 
1 
1 
1 
1 16 19 
1 
1 
1 
1 
1 
1 
1 
1 
1 
1 
1 93 73 74 97 98 
1 
1 
1 
1 
1 
1 
1 
1 
1 
16 1 17 62 
1 93 73 74 97 98 
1 15 82 
1 
1 
1 
1 
1 
1 
1 
1 
1 
1 
1 
1 
1 
1 
1 
1 
1 
1 
1 
1 93 73 74 97 98 
1 16 19 
1 
1 
1 
1 
1 
1 
1 
1 
1 
1 
1 
1 
1 
1 
1 
1 
1 
1 
1 34 263 80 15 
1 
1 
1 
1 
1 
1 
1 
1 
1 
1 
1 
1 
1 
1 
1 
1 
1 
1 
1 
1 
1 
1 13 14 15 
1 
1 
1 
1 
1 
1 
1 
1 
1 
1 
1 
1 
16 1 17 62 
1 
1 
1 
1 
1 
1 
1 
1 
1 
1 
1 413 
1 
1 
1 
1 
1 
1 
1 
1 
1 
1 
1 
1 
1 
1 
1 
1 
1 
1 
1 
1 
1 
1 73 138 244 74 
1 
1 
1 
1 
1 
1 
1 
1 
1 
1 
1 
1 
1 
1 
1 
1 
1 15 82 
1 
1 
1 
1 
1 
1 
1 
1 
1 
1 
1 
1 
1 
1 
1 
1 
1 
1 
1 
1 
1 
1 
1 
1 
1 
1 
1 
1 
1 
1 
1 
1 
1 
1 
1 
1 
1 
1 
1 
1 
1 
1 
1 
1 93 73 74 97 98 
1 
1 
1 
1 
1 
1 93 73 74 97 98 
1 
1 
1 
1 
1 
1 
1 
1 16 19 
1 
1 
1 
1 
1 
1 
1 
1 
1 
1 
1 
1 
1 
1 
1 
1 
1 
1 
1 
1 
1 
1 
1 
1 173 
1 
1 
1 
1 
1 
1 
1 93 73 74 
1 
1 
1 
1 
1 
1 
1 52 53 
1 
1 
1 
1 
1 
1 
1 
1 
1 
1 
1 
1 
1 
1 
1 
1 
1 
1 
1 
1 
1 
1 93 73 74 97 98 
1 
1 
1 
1 
1 
1 
1 
1 
1 
1 
1 
1 413 
1 
1 
1 
1 
1 
1 
1 
1 
1 
1 
1 
1 
1 93 73 74 97 98 
1 
1 
1 
1 
1 
1 
1 
1 
1 
1 
1 
1 
1 
1 413 
1 
1 
1 
1 
1 
1 
1 
1 
1 73 138 244 74 
1 
1 
1 
1 
1 
1 73 138 244 74 
1 
1 
1 413 
1 
1 
1 
1 
1 
1 
1 
1 16 19 
1 
1 413 
1 413 
1 
1 
1 
1 
1 413 
1 
1 
1 
16 1 17 62 
1 
1 