16 27 17 132 7 69 83 43 
16 17 69 72 
16 17 69 72 
16 17 69 19 72 
16 17 69 72 
16 17 69 72 
16 17 69 72 
16 17 69 72 
16 17 69 15 72 
16 17 69 72 
16 17 69 72 
16 17 69 72 
16 17 69 59 15 72 
16 17 69 72 
16 17 69 72 
16 17 69 72 
16 17 69 72 
16 17 69 72 
16 17 69 72 
16 17 69 72 
16 17 69 72 
16 17 69 72 
16 17 69 72 
16 17 69 72 
16 17 69 72 
16 17 69 62 72 
16 17 69 72 
16 17 69 72 
16 17 69 72 
16 17 69 72 
16 17 69 72 
16 17 69 72 
16 17 69 72 
16 17 69 72 
16 17 69 72 
16 17 69 72 
16 17 69 72 
16 17 69 72 
16 17 69 72 
16 17 69 15 72 
16 17 69 72 
16 17 69 72 
16 17 69 72 
16 17 69 72 
16 17 69 72 
16 17 69 72 
16 17 69 72 
16 17 69 72 
16 17 132 69 72 
16 17 132 69 72 
16 17 69 72 
16 17 69 62 72 
16 17 69 72 
16 17 132 69 72 
16 26 27 17 7 69 72 
16 17 69 72 
16 17 69 62 72 
16 17 69 72 
16 17 69 72 
16 17 69 72 
16 17 69 72 
16 17 3 65 69 72 
16 148 149 17 7 69 110 72 
16 17 69 72 
16 17 69 72 
16 17 69 72 
16 17 69 72 
16 27 17 7 69 72 83 43 
16 17 69 72 
16 17 69 72 
16 17 69 59 15 72 
16 17 69 62 72 
16 17 69 72 
16 17 69 72 
16 17 69 72 
16 148 149 17 7 69 110 72 
16 17 69 72 
16 17 69 72 
16 17 69 72 
16 17 69 72 
16 17 69 72 
16 17 69 72 
16 17 69 72 
16 17 69 72 
16 17 69 72 
16 17 69 19 72 
16 17 69 72 
16 17 69 72 
16 27 17 7 69 72 83 43 
16 17 69 72 
16 17 69 72 
16 17 69 72 
16 17 69 72 
16 17 69 72 
16 17 69 72 
16 148 149 17 7 69 110 72 
16 17 69 19 72 
16 17 69 72 
16 17 69 72 
16 17 69 72 
16 17 69 72 
16 17 69 72 
16 17 69 72 
16 17 69 62 72 
16 17 69 72 
16 17 69 72 
16 17 69 72 
16 17 69 72 
16 17 69 72 
16 17 69 72 
16 17 69 72 
16 17 69 72 
16 17 69 72 
16 17 69 72 
16 17 69 72 
16 17 150 69 15 72 159 
16 17 69 72 
16 17 69 72 
16 17 69 72 
16 17 69 72 
16 17 69 72 
16 17 69 59 15 72 
16 17 69 72 
16 17 69 59 15 72 
16 17 69 59 15 72 
16 17 69 72 
16 17 132 69 72 
16 17 69 72 
16 17 132 69 72 
16 17 69 15 72 
16 17 69 72 
16 17 69 72 
16 17 69 72 
16 17 69 72 
16 17 69 72 
16 17 69 72 
16 17 69 72 
16 17 69 72 
16 17 69 72 
16 17 69 72 
16 17 69 59 15 72 
16 17 69 72 
16 17 69 72 
16 17 69 72 
16 17 69 72 
16 17 69 72 
16 17 69 72 
16 17 69 72 
16 17 69 72 
16 17 69 72 
16 17 69 72 
16 17 69 72 
16 17 69 72 
16 17 69 72 
16 17 69 72 
16 17 69 72 
16 17 69 72 
16 17 69 72 
16 17 69 72 
16 17 69 72 
16 32 17 33 69 72 
16 17 69 72 
16 17 69 72 
16 17 69 72 
16 17 69 72 
16 17 69 72 
16 17 69 72 
16 32 17 33 69 72 
16 17 69 72 
16 17 132 69 72 
16 17 69 72 
16 17 69 72 
16 17 69 72 
16 17 69 72 
16 17 69 72 
16 17 69 72 
16 17 69 72 
16 17 69 72 
16 17 69 72 
16 17 69 72 
16 17 69 72 
16 17 69 72 
16 17 69 59 15 72 
16 17 69 72 
16 17 69 72 
16 17 69 72 
16 17 69 15 72 
16 17 69 72 
16 17 69 72 
16 27 17 7 69 72 83 43 
16 17 132 69 72 
16 17 69 72 
16 17 69 72 
16 17 69 72 
16 17 69 72 
16 17 69 72 
16 17 69 72 
16 17 69 72 
16 17 69 72 
16 17 69 72 
16 17 69 72 
16 17 69 72 
16 17 69 62 72 
16 17 69 72 
16 17 69 72 
16 17 69 72 
16 17 69 72 
16 17 69 72 
16 17 69 72 
16 17 69 72 
16 17 69 72 
16 17 69 72 
16 27 17 132 7 69 83 43 
16 17 132 69 
16 17 69 62 72 
16 17 69 72 
16 17 69 19 72 
16 17 69 72 
16 27 17 7 69 72 83 43 
16 17 69 19 72 
16 27 17 7 69 72 83 43 
16 17 69 72 
16 27 17 132 7 69 83 43 
16 17 132 69 
16 17 132 69 
16 27 17 132 7 69 83 43 
16 27 17 132 7 69 83 43 
16 17 132 69 
16 27 17 132 7 69 83 43 
16 27 17 132 7 69 83 43 
16 17 132 69 62 
16 27 17 132 7 69 83 43 
16 17 132 69 
16 17 132 69 
16 27 17 132 7 69 83 43 
16 27 17 132 7 69 83 43 
16 27 17 132 7 69 83 43 
16 27 17 132 7 69 83 43 
16 17 132 69 
16 27 17 132 7 69 83 43 
16 17 132 69 19 
16 17 132 69 
16 27 17 132 7 69 83 43 
16 27 17 132 7 69 83 43 
16 27 17 132 7 69 83 43 
16 27 17 132 7 69 83 43 
16 27 17 132 7 69 83 43 
16 27 17 132 7 69 83 43 
16 27 17 132 7 69 83 43 
16 27 17 132 7 69 83 43 
16 27 17 132 7 69 83 43 
16 27 17 132 7 69 83 43 
16 27 17 132 7 69 83 43 
16 27 17 132 7 69 83 43 
16 17 132 34 69 15 35 
16 17 132 69 
16 27 17 132 7 69 83 43 
16 27 17 132 7 69 83 43 
16 17 132 69 
16 27 17 132 7 69 83 43 
16 27 17 132 7 69 83 43 
16 27 17 132 7 69 83 43 
16 27 17 132 7 69 83 43 
16 27 17 132 7 69 83 43 
16 27 17 132 7 69 83 43 
16 27 17 132 7 69 83 43 
16 27 17 132 7 69 83 43 
16 27 17 132 7 69 83 43 
16 27 17 132 7 69 83 43 
16 27 17 132 7 69 83 43 
16 27 17 132 7 69 83 43 
16 27 17 132 7 69 83 43 
16 27 17 132 7 69 83 43 
16 17 132 69 
16 17 132 69 
16 17 132 69 
16 27 17 132 7 69 83 43 
16 27 17 132 7 69 83 43 
16 27 17 132 7 69 83 43 
16 27 17 132 7 69 83 43 
16 27 17 132 7 69 83 43 
16 27 17 132 7 69 83 43 
16 32 17 132 33 69 
16 17 132 69 
16 27 17 132 7 69 83 43 
16 27 17 132 7 69 83 43 
16 27 17 132 7 69 83 43 
16 27 17 132 7 69 83 43 
16 27 17 132 7 69 83 43 
16 27 17 132 7 69 83 43 
16 27 17 132 7 69 83 43 
16 17 132 69 
16 27 17 132 7 69 83 43 
16 27 17 132 7 69 83 43 
16 17 132 69 
16 27 17 132 7 69 83 43 
16 27 17 132 7 69 83 43 
16 17 132 69 
16 27 17 132 7 69 83 43 
16 27 17 132 7 69 83 43 
16 27 17 132 7 69 83 43 
16 27 17 132 7 69 83 43 
16 27 17 132 7 69 83 43 
16 17 132 69 
16 17 132 69 
16 17 132 69 19 
16 17 132 69 19 
16 17 132 69 19 
16 17 132 69 19 
16 17 132 69 19 
16 17 132 69 19 
16 17 132 69 19 
16 17 132 69 59 15 
16 17 132 69 
16 17 132 69 
16 17 132 69 
16 114 17 132 7 69 118 10 
16 17 132 69 
16 17 132 69 
16 17 132 69 
16 27 17 132 7 69 83 43 
16 17 132 69 
16 17 132 69 
16 17 132 69 
16 17 132 69 
16 17 132 69 
16 17 132 69 
16 17 132 69 
16 17 132 69 
16 17 132 69 
16 17 132 69 
16 17 132 69 
16 27 17 132 7 69 83 43 
16 17 132 69 
16 17 132 69 
16 17 132 69 
16 17 132 69 
16 17 132 69 
16 17 132 69 
16 17 132 69 
16 27 17 132 7 69 83 43 
16 27 17 132 7 69 83 43 
16 27 17 132 7 69 83 43 
16 17 132 69 
16 27 17 132 7 69 83 43 
16 27 17 132 7 69 83 43 
16 17 132 69 
16 17 132 69 59 15 
16 27 17 132 7 69 83 43 
16 17 132 69 
16 27 17 132 7 69 83 43 
16 17 132 69 
16 17 132 34 69 15 35 
16 27 17 132 7 69 83 43 
16 27 17 132 7 69 83 43 
16 27 17 132 7 69 83 43 
16 27 17 132 7 69 83 43 
16 27 17 132 7 69 83 43 
16 27 17 132 7 69 83 43 
16 27 17 132 7 69 83 43 
16 27 17 132 7 69 83 43 
16 17 132 69 
16 27 17 132 7 69 83 43 
16 17 132 69 
16 27 17 132 7 69 83 43 
16 27 17 132 7 69 83 43 
16 32 17 132 33 69 
16 27 17 132 7 69 83 43 
16 17 132 69 15 
16 27 17 132 7 69 83 43 
16 17 132 69 
16 27 17 132 7 69 83 43 
16 27 17 132 7 69 83 43 
16 17 132 69 
16 17 132 69 
16 17 132 196 37 69 19 
16 17 132 69 19 
16 17 132 69 
16 27 17 132 7 69 83 43 
16 27 17 132 7 69 83 43 
16 27 17 132 7 69 83 43 
16 27 17 132 7 69 83 43 
16 27 17 132 7 69 83 43 
16 17 132 69 
16 17 132 69 
16 27 17 132 7 69 83 43 
16 27 17 132 7 69 83 43 
16 27 17 132 7 69 83 43 
16 17 132 69 
16 27 17 132 7 69 83 43 
16 27 17 132 7 69 83 43 
16 27 17 132 7 69 83 43 
16 17 132 69 
16 27 17 132 7 69 83 43 
16 17 132 69 
16 27 17 132 7 69 83 43 
16 27 17 132 7 69 83 43 
16 27 17 132 7 69 83 43 
16 27 17 132 7 69 83 43 
16 27 17 132 7 69 83 43 
16 27 17 132 7 69 83 43 
16 27 17 132 7 69 83 43 
16 27 17 132 7 69 83 43 
16 27 17 132 7 69 83 43 
16 17 132 69 
16 27 17 132 7 69 83 43 
16 27 17 132 7 69 83 43 
16 27 17 132 7 69 83 43 
16 27 17 132 7 69 83 43 
16 27 17 132 7 69 83 43 
16 27 17 132 7 69 83 43 
16 27 17 132 7 69 83 43 
16 27 17 132 7 69 83 43 
16 27 17 132 7 69 83 43 
16 27 17 132 7 69 83 43 
16 17 132 69 
16 17 132 69 
16 27 17 132 7 69 83 43 
16 27 17 132 7 69 83 43 
16 27 17 132 7 69 83 43 
16 27 17 132 7 69 83 43 
16 27 17 132 7 69 83 43 
16 27 17 132 7 69 83 43 
16 17 132 69 
16 17 132 69 
16 17 132 69 
16 17 132 69 
16 17 132 69 19 
16 27 17 132 7 69 83 43 
16 27 17 132 7 69 83 43 
16 27 17 132 7 69 83 43 
16 17 132 69 
16 27 17 132 7 69 83 43 
16 27 17 132 7 69 83 43 
16 27 17 132 7 69 83 43 
16 17 132 69 
16 17 132 69 
16 27 17 132 7 69 83 43 
16 27 17 132 7 69 83 43 
16 17 132 69 
16 156 73 17 132 138 69 74 
16 27 17 132 7 69 83 43 
16 17 132 69 
16 27 17 132 7 69 83 43 
16 17 132 69 
16 17 132 34 69 15 35 
16 17 132 69 62 
16 17 132 69 
16 27 17 132 7 69 83 43 
16 17 132 69 
16 17 132 69 
16 17 132 69 
16 27 17 132 7 69 83 43 
16 17 132 69 
16 27 17 132 7 69 83 43 
16 27 17 132 7 69 83 43 
16 27 17 132 7 69 83 43 
16 27 17 132 7 69 83 43 
16 17 132 69 
16 27 17 132 7 69 83 43 
16 27 17 132 7 69 83 43 
16 27 17 132 7 69 83 43 
16 17 132 69 
16 27 17 132 7 69 83 43 
16 17 132 69 
16 27 17 132 7 69 83 43 
16 17 132 69 15 
16 27 17 132 7 69 83 43 
16 27 17 132 7 69 83 43 
16 27 17 132 7 69 83 43 
16 27 17 132 7 69 83 43 
16 27 17 132 7 69 83 43 
16 27 17 132 7 69 83 43 
16 27 17 132 7 69 83 43 
16 27 17 132 7 69 83 43 
16 27 17 132 7 69 83 43 
16 27 17 132 7 69 83 43 
16 27 17 132 7 69 83 43 
16 27 17 132 7 69 83 43 
16 27 17 132 7 69 83 43 
16 27 17 132 7 69 83 43 
16 27 17 132 7 69 83 43 
16 17 69 72 
16 17 69 72 
16 17 69 72 
16 17 69 72 
16 17 69 72 
16 17 69 72 
16 17 69 72 
16 17 69 72 
16 17 69 72 
16 17 69 72 
16 17 69 72 
16 17 160 34 69 15 161 72 
16 17 69 72 
16 17 69 72 
16 17 69 72 
16 17 69 72 
16 27 17 7 69 72 83 43 
16 17 69 59 15 72 
16 17 69 72 
16 17 132 69 72 
16 17 69 59 15 72 
16 17 69 72 
16 27 17 7 69 72 83 43 
16 27 17 132 7 69 83 43 
16 27 17 132 7 69 83 43 
16 27 17 132 7 69 83 43 
16 27 17 132 7 69 83 43 
16 27 17 132 7 69 83 43 
16 27 17 132 7 69 83 43 
16 27 17 132 7 69 83 43 
16 27 17 132 7 69 83 43 
16 27 17 132 7 69 83 43 
16 27 17 132 7 69 83 43 
16 27 17 132 7 69 83 43 
16 27 17 132 7 69 83 43 
16 27 17 132 7 69 83 43 
16 27 17 132 7 69 83 43 
16 27 17 132 7 69 83 43 
16 27 17 132 7 69 83 43 
16 27 17 132 7 69 83 43 
16 27 17 132 7 69 83 43 
16 27 17 132 7 69 83 43 
16 27 17 132 7 69 83 43 
16 27 17 132 7 69 83 43 
16 17 132 69 
16 27 17 132 7 69 83 43 
16 27 17 132 7 69 83 43 
16 27 17 132 7 69 83 43 
16 27 17 132 7 69 83 43 
16 27 17 132 7 69 83 43 
16 27 17 132 7 69 83 43 
16 27 17 132 7 69 83 43 
16 27 17 132 7 69 83 43 
16 27 17 132 7 69 83 43 
16 27 17 132 7 69 83 43 
16 27 17 132 7 69 83 43 
16 27 17 132 7 69 83 43 
16 27 17 132 7 69 83 43 
16 27 17 132 7 69 83 43 
16 27 17 132 7 69 83 43 
16 27 17 132 7 69 83 43 
16 27 17 132 7 69 83 43 
16 27 17 132 7 69 83 43 
16 27 17 132 7 69 83 43 
16 27 17 132 7 69 83 43 
16 27 17 132 7 69 83 43 
16 27 17 132 7 69 83 43 
16 27 17 132 7 69 83 43 
16 27 17 132 7 69 83 43 
16 27 17 132 7 69 83 43 
16 27 17 132 7 69 83 43 
16 27 17 132 7 69 83 43 
16 27 17 132 7 69 83 43 
16 27 17 132 7 69 83 43 
16 27 17 132 7 69 83 43 
16 27 17 132 7 69 83 43 
16 27 17 132 7 69 83 43 
16 27 17 132 7 69 83 43 
16 27 17 132 7 69 83 43 
16 27 17 132 7 69 83 43 
16 27 17 132 7 69 83 43 
16 27 17 132 7 69 83 43 
16 27 17 132 7 69 83 43 
16 27 17 132 7 69 83 43 
16 27 17 132 7 69 83 43 
16 27 17 132 7 69 83 43 
16 27 17 132 7 69 83 43 
16 27 17 132 7 69 83 43 
16 27 17 132 7 69 83 43 
16 27 17 132 7 69 83 43 
16 27 17 132 7 69 83 43 
16 27 17 132 7 69 83 43 
16 27 17 132 7 69 83 43 
16 27 17 132 7 69 83 43 
16 27 17 132 7 69 83 43 
16 27 17 132 7 69 83 43 
16 27 17 132 7 69 83 43 
16 27 17 132 7 69 83 43 
16 27 17 132 7 69 83 43 
16 27 17 132 7 69 83 43 
16 27 17 132 7 69 83 43 
16 27 17 132 7 69 83 43 
16 27 17 132 7 69 83 43 
16 27 17 132 7 69 83 43 
16 27 17 132 7 69 83 43 
16 27 17 132 7 69 83 43 
16 27 17 132 7 69 83 43 
16 27 17 132 7 69 83 43 
16 27 17 132 7 69 83 43 
16 27 17 132 7 69 83 43 
16 27 17 132 7 69 83 43 
16 27 17 132 7 69 83 43 
16 27 17 132 7 69 83 43 
16 27 17 132 7 69 83 43 
16 27 17 132 7 69 83 43 
16 27 17 132 7 69 83 43 
16 27 17 132 7 69 83 43 
16 27 17 132 7 69 83 43 
16 27 17 132 7 69 83 43 
16 27 17 132 7 69 83 43 
16 27 17 132 7 69 83 43 
16 27 17 132 7 69 83 43 
16 27 17 132 7 69 83 43 
16 27 17 132 7 69 83 43 
16 27 17 132 7 69 83 43 
16 27 17 132 7 69 83 43 
16 27 17 132 7 69 83 43 
16 17 132 69 
16 27 17 132 7 69 83 43 
16 27 17 132 7 69 83 43 
16 27 17 132 7 69 83 43 
16 27 17 132 7 69 83 43 
16 27 17 132 7 69 83 43 
16 27 17 132 7 69 83 43 
16 27 17 132 7 69 83 43 
16 27 17 132 7 69 83 43 
16 27 17 132 7 69 83 43 
16 27 17 132 7 69 83 43 
16 27 17 132 7 69 83 43 
16 27 17 132 7 69 83 43 
16 27 17 132 7 69 83 43 
16 27 17 132 7 69 83 43 
16 27 17 132 7 69 83 43 
16 27 17 132 7 69 83 43 
16 27 17 132 7 69 83 43 
16 27 17 132 7 69 83 43 
16 27 17 132 7 69 83 43 
16 27 17 132 7 69 83 43 
16 27 17 132 7 69 83 43 
16 27 17 132 7 69 83 43 
16 27 17 132 7 69 83 43 
16 27 17 132 7 69 83 43 
16 17 132 69 59 15 
16 27 17 132 7 69 83 43 
16 27 17 132 7 69 83 43 
16 27 17 132 7 69 83 43 
16 27 17 132 7 69 83 43 
16 27 17 132 7 69 83 43 
16 27 17 132 7 69 83 43 
16 27 17 132 7 69 83 43 
16 27 17 132 7 69 83 43 
16 27 17 132 7 69 83 43 
16 17 132 69 
16 17 132 69 
16 27 17 132 7 69 83 43 
16 27 17 132 7 69 83 43 
16 27 17 132 7 69 83 43 
16 27 17 132 7 69 83 43 
16 27 17 132 7 69 83 43 
16 27 17 132 7 69 83 43 
16 27 17 132 7 69 83 43 
16 27 17 132 7 69 83 43 
16 17 132 69 
16 27 17 132 7 69 83 43 
16 17 132 69 
16 27 17 132 7 69 83 43 
16 27 17 132 7 69 83 43 
16 27 17 132 7 69 83 43 
16 27 17 132 7 69 83 43 
16 27 17 132 7 69 83 43 
16 27 17 132 7 69 83 43 
16 27 17 132 7 69 83 43 
16 27 17 132 7 69 83 43 
16 27 17 132 7 69 83 43 
16 27 17 132 7 69 83 43 
16 27 17 132 7 69 83 43 
16 17 132 7 69 
16 27 17 132 7 69 83 43 
16 27 17 132 7 69 83 43 
16 27 17 132 7 69 83 43 
16 27 17 132 7 69 83 43 
16 27 17 132 7 69 83 43 
16 27 17 132 7 69 83 43 
16 27 17 132 7 69 83 43 
16 27 17 132 7 69 83 43 
16 27 17 132 7 69 83 43 
16 27 17 132 7 69 83 43 
16 27 17 132 7 69 83 43 
16 27 17 132 7 69 83 43 
16 27 17 132 7 69 83 43 
16 27 17 132 7 69 83 43 
16 27 17 132 7 69 83 43 
16 27 17 132 7 69 83 43 
16 27 17 132 7 69 83 43 
16 27 17 132 7 69 83 43 
16 27 17 132 7 69 83 43 
16 27 17 132 7 69 83 43 
16 27 17 132 7 69 83 43 
16 27 17 132 7 69 83 43 
16 27 17 132 7 69 83 43 
16 27 17 132 7 69 83 43 
16 27 17 132 7 69 83 43 
16 27 17 132 7 69 83 43 
16 27 17 132 7 69 83 43 
16 27 17 132 7 69 83 43 
16 27 17 132 7 69 83 43 
16 27 17 132 7 69 83 43 
16 27 17 132 7 69 83 43 
16 17 132 69 
16 27 17 132 7 69 83 43 
16 27 17 132 7 69 83 43 
16 27 17 132 7 69 83 43 
16 27 17 132 7 69 83 43 
16 27 17 132 7 69 83 43 
16 17 132 69 
16 27 17 132 7 69 83 43 
16 27 17 132 7 69 83 43 
16 27 17 132 7 69 83 43 
16 27 17 132 7 69 83 43 
16 17 132 69 
16 27 17 132 7 69 83 43 
16 27 17 132 7 69 83 43 
16 27 17 132 7 69 83 43 
16 27 17 132 7 69 83 43 
16 27 17 132 7 69 83 43 
16 27 17 132 7 69 83 43 
16 27 17 132 7 69 83 43 
16 27 17 132 7 69 83 43 
16 27 17 132 7 69 83 43 
16 27 17 132 7 69 83 43 
16 27 17 132 7 69 83 43 
16 27 17 132 7 69 83 43 
16 27 17 132 7 69 83 43 
16 17 132 69 
16 27 17 132 7 69 83 43 
16 27 17 132 7 69 83 43 
16 27 17 132 7 69 83 43 
16 17 132 69 
16 27 17 132 7 69 83 43 
16 27 17 132 7 69 83 43 
16 27 17 132 7 69 83 43 
16 27 17 132 7 69 83 43 
16 27 17 132 7 69 83 43 
16 27 17 132 7 69 83 43 
16 27 17 132 7 69 83 43 
16 27 17 132 7 69 83 43 
16 27 17 132 7 69 83 43 
16 27 17 132 7 69 83 43 
16 27 17 132 7 69 83 43 
16 27 17 132 7 69 83 43 
16 27 17 132 7 69 83 43 
16 27 17 132 7 69 83 43 
16 27 17 132 7 69 83 43 
16 27 17 132 7 69 83 43 
16 27 17 132 7 69 83 43 
16 27 17 132 7 69 83 43 
16 27 17 132 7 69 83 43 
16 27 17 132 7 69 83 43 
16 27 17 132 7 69 83 43 
16 27 17 132 7 69 83 43 
16 27 17 132 7 69 83 43 
16 27 17 132 7 69 83 43 
16 27 17 132 7 69 83 43 
16 27 17 132 7 69 83 43 
16 27 17 132 7 69 83 43 
16 27 17 132 7 69 83 43 
16 27 17 132 7 69 83 43 
16 27 17 132 7 69 83 43 
16 27 17 132 7 69 83 43 
16 27 17 132 7 69 83 43 
16 27 17 132 7 69 83 43 
16 27 17 132 7 69 83 43 
16 27 17 132 7 69 83 43 
16 17 132 69 
16 27 17 132 7 69 83 43 
16 27 17 132 7 69 83 43 
16 27 17 132 7 69 83 43 
16 27 17 132 7 69 83 43 
16 27 17 132 7 69 83 43 
16 27 17 132 7 69 83 43 
16 27 17 132 7 69 83 43 
16 27 17 132 7 69 83 43 
16 27 17 132 7 69 83 43 
16 27 17 132 7 69 83 43 
16 27 17 132 7 69 83 43 
16 27 17 132 7 69 83 43 
16 27 17 132 7 69 83 43 
16 27 17 132 7 69 83 43 
16 27 17 132 7 69 83 43 
16 27 17 132 7 69 83 43 
16 27 17 132 7 69 83 43 
16 27 17 132 7 69 83 43 
16 27 17 132 7 69 83 43 
16 27 17 132 7 69 83 43 
16 27 17 132 7 69 83 43 
16 27 17 132 7 69 83 43 
16 27 17 132 7 69 83 43 
16 27 17 132 7 69 83 43 
16 17 69 72 
16 17 69 72 
16 27 17 132 7 69 83 43 
16 17 69 72 
16 17 69 72 
16 17 69 72 
16 17 69 72 
16 17 69 72 
16 17 69 72 
16 17 69 72 
16 17 69 72 
16 17 69 72 
16 17 69 72 
16 17 69 72 
16 17 69 72 
16 17 69 72 
16 17 69 72 
16 17 69 72 
16 17 69 72 
16 17 69 72 
16 17 69 72 
16 17 69 72 
16 17 69 72 
16 17 69 72 
16 17 69 72 
16 17 69 72 
16 17 69 19 72 
16 17 69 72 
16 27 17 132 7 69 83 43 
16 17 69 72 
16 17 69 72 
16 27 17 132 7 69 83 43 
16 27 17 132 7 69 83 43 
16 17 69 72 
16 17 7 69 72 
16 17 69 72 
16 100 17 101 69 72 
16 17 69 72 
16 17 69 72 
16 17 69 72 
16 17 69 72 
16 17 69 72 
16 17 69 72 
16 17 69 72 
16 17 69 72 
16 17 69 19 72 
16 17 69 72 
16 17 69 72 
16 17 69 72 
16 17 69 72 
16 17 69 72 
16 17 69 72 
16 17 69 72 
16 17 69 72 
16 17 69 72 
16 17 69 72 
16 27 17 7 69 72 83 43 
16 1 17 69 72 
16 17 69 72 
16 17 69 72 
16 17 69 19 72 
16 17 69 72 
16 17 69 72 
16 17 69 72 
16 17 69 72 
16 17 69 72 
16 17 69 72 
16 17 69 15 72 
16 17 177 7 69 110 72 
16 17 69 72 
16 17 69 72 
16 17 69 72 
16 17 69 72 
16 17 69 72 
16 17 69 15 72 
16 17 69 62 72 
16 17 69 72 
16 17 69 19 72 
16 17 69 72 
16 17 69 72 
16 17 69 72 
16 17 69 72 
16 17 69 72 
16 17 69 72 
16 17 69 72 
16 17 69 72 
16 17 69 72 
16 17 69 72 
16 17 132 69 72 
16 17 69 72 
16 17 132 69 72 
16 17 69 72 
16 17 69 72 
16 17 69 62 72 
16 17 69 72 
16 17 69 72 
16 17 69 72 
16 27 17 7 69 72 83 43 
16 17 69 72 
16 17 69 72 
16 1 17 69 72 
16 17 69 72 
16 27 17 7 69 72 83 43 
16 17 132 7 69 
16 17 132 69 
16 27 17 132 7 69 83 43 
16 27 17 132 7 69 83 43 
16 27 17 132 7 69 83 43 
16 27 17 132 7 69 83 43 
16 27 17 132 7 69 83 43 
16 27 17 132 7 69 83 43 
16 17 132 69 
16 27 17 132 7 69 83 43 
16 27 17 132 7 69 83 43 
16 27 17 132 7 69 83 43 
16 27 17 132 7 69 83 43 
16 27 17 132 7 69 83 43 
16 27 17 132 7 69 83 43 
16 27 17 132 7 69 83 43 
16 27 17 132 7 69 83 43 
16 27 17 132 7 69 83 43 
16 27 17 132 7 69 83 43 
16 27 17 132 7 69 83 43 
16 27 17 132 7 69 83 43 
16 27 17 132 7 69 83 43 
16 27 17 132 7 69 83 43 
16 17 69 72 
16 17 69 72 
16 17 69 72 
16 17 69 62 72 
16 27 17 7 69 72 83 43 
16 27 17 132 7 69 83 43 
16 17 132 69 
16 17 132 69 
16 17 69 72 
16 17 69 72 
16 17 69 72 
16 17 69 59 15 72 
16 27 17 7 69 72 83 43 
16 13 17 69 14 15 72 
16 17 69 72 
16 17 69 72 
16 17 69 19 72 
16 17 69 72 
16 17 69 72 
16 17 69 72 
16 17 69 72 
16 17 69 72 
16 27 17 132 7 69 83 43 
16 17 132 69 72 
16 17 132 69 72 
16 17 132 69 72 
16 17 132 69 72 
16 27 17 7 69 72 83 43 
16 17 69 72 
16 17 69 72 
16 17 132 69 
16 17 69 72 
16 27 17 132 7 69 83 43 
16 27 17 132 7 69 83 43 
16 27 17 132 7 69 83 43 
16 17 69 72 
16 17 69 72 
16 17 69 72 
16 17 69 72 
16 27 17 7 69 72 83 43 
16 17 69 72 
16 17 69 72 
16 17 69 72 
16 17 69 72 
16 17 69 72 
16 17 69 72 
16 17 69 72 
16 17 69 72 
16 17 69 72 
16 17 69 72 
16 27 17 132 7 69 83 43 
16 17 69 72 
16 17 69 72 
16 17 69 72 
16 17 69 72 
16 17 69 72 
16 17 69 72 
16 27 17 7 69 72 83 43 
16 17 69 72 
16 27 17 132 7 69 83 43 
16 17 132 69 59 15 
16 17 132 69 72 
16 17 132 69 
16 17 132 69 59 15 
16 17 132 69 59 15 
16 17 132 69 59 15 
16 17 132 69 72 
16 17 69 72 
16 17 69 72 
16 17 132 69 72 
16 27 17 7 69 72 83 43 
16 17 69 72 
16 17 69 72 
16 17 69 72 
16 17 69 72 
16 17 69 72 
16 17 69 72 
16 17 69 72 
16 27 17 7 69 72 83 43 
16 17 69 72 
16 27 17 132 7 69 83 43 
16 27 17 132 7 69 83 43 
16 17 69 72 
16 17 69 72 
16 17 69 72 
16 17 69 72 
16 17 69 72 
16 17 69 72 
16 17 69 72 
16 17 69 72 
16 17 69 72 
16 17 69 72 
16 17 69 72 
16 17 132 69 72 
16 17 69 72 
16 27 17 132 7 69 83 43 
16 27 17 132 7 69 83 43 
16 27 17 132 7 69 83 43 
16 17 69 72 
16 27 17 132 7 69 83 43 
16 17 132 69 
16 27 17 132 7 69 83 43 
16 17 69 72 
16 27 17 132 7 69 83 43 
16 27 17 132 7 69 83 43 
16 17 69 72 
16 17 69 72 
16 17 69 72 
16 17 132 69 
16 17 69 72 
16 27 17 132 7 69 83 43 
16 17 69 72 
16 27 17 132 7 69 83 43 
16 27 17 132 7 69 83 43 
16 17 69 72 
16 17 69 72 
16 17 69 62 72 
16 27 17 7 69 72 83 43 
16 17 69 72 
16 17 69 72 
16 17 69 72 
16 27 17 132 7 69 83 43 
16 27 17 132 7 69 83 43 
16 17 132 69 15 
16 17 69 72 
16 27 17 132 7 69 83 43 
16 17 132 69 
16 27 17 132 7 69 83 43 
16 27 17 132 7 69 83 43 
16 27 17 132 7 69 83 43 
16 27 17 132 7 69 83 43 
16 17 69 72 
16 17 69 72 
16 17 69 72 
16 27 17 132 7 69 83 43 
16 27 17 132 7 69 83 43 
16 27 17 132 7 69 83 43 
16 27 17 132 7 69 83 43 
16 27 17 132 7 69 83 43 
16 27 17 132 7 69 83 43 
16 27 17 132 7 69 83 43 
16 27 17 132 7 69 83 43 
16 27 17 132 7 69 83 43 
16 27 17 132 7 69 83 43 
16 27 17 132 7 69 83 43 
16 27 17 132 7 69 83 43 
16 17 132 69 15 
16 27 17 132 7 69 83 43 
16 27 17 132 7 69 83 43 
16 17 69 59 15 72 
16 13 17 69 14 15 72 
16 27 17 132 7 69 83 43 
16 27 17 132 7 69 83 43 
16 17 132 69 72 
16 17 132 69 72 
16 17 132 69 72 
16 27 17 132 7 69 83 43 
16 27 17 132 7 69 83 43 
16 27 17 132 7 69 83 43 
16 27 17 132 7 69 83 43 
16 27 17 132 7 69 83 43 
16 27 17 132 7 69 83 43 
16 27 17 132 7 69 83 43 
16 17 69 72 
16 27 17 132 7 69 83 43 
16 17 132 69 72 
16 17 132 69 72 
16 27 17 132 7 69 83 43 
16 17 69 72 
16 27 17 7 69 72 83 43 
16 17 69 72 
16 27 17 132 7 69 83 43 
16 17 69 72 
16 17 69 72 
16 17 132 34 69 15 35 
16 17 69 72 
16 27 17 132 7 69 83 43 
16 17 69 72 
16 17 69 72 
16 17 69 72 
16 17 69 72 
16 17 69 72 
16 17 69 72 
16 17 69 72 
16 17 69 72 
16 17 69 72 
16 17 69 72 
16 17 69 72 
16 17 69 72 
16 17 132 69 
16 17 69 72 
16 17 69 72 
16 17 69 72 
16 17 69 72 
16 27 17 7 69 72 83 43 
16 17 69 72 
16 17 132 69 72 
16 27 17 132 7 69 83 43 
16 27 17 132 7 69 83 43 
16 27 17 132 7 69 83 43 
16 17 69 72 
16 27 17 132 7 69 83 43 
16 17 69 72 
16 17 69 72 
16 27 17 132 7 69 83 43 
16 17 69 72 
16 17 69 15 72 