15 82 
16 17 15 62 82 
32 16 17 33 15 82 
15 82 
15 82 
16 26 27 17 7 101 235 15 82 
15 82 
15 82 
16 37 19 15 82 
16 19 15 82 
15 82 
15 82 
162 15 82 
15 82 
16 19 15 82 
15 82 
15 82 
15 82 
3 65 15 82 
15 82 
15 82 
16 37 19 15 82 
15 82 
15 82 
15 82 
16 111 218 37 19 15 234 82 
15 82 
15 82 
15 82 
230 16 231 19 15 82 
15 82 
15 82 
15 82 
15 82 
15 82 
15 82 
15 82 
15 82 
15 82 
15 82 
15 82 
15 82 
15 82 
16 17 15 62 82 
162 15 82 
16 26 27 17 7 101 235 15 82 
15 82 
15 82 
15 82 
16 19 15 82 
15 82 
16 37 19 15 82 
15 82 
15 82 
15 82 
15 82 
15 82 
15 82 
15 82 
26 27 7 15 243 82 
15 82 
15 82 
15 82 
15 82 
26 27 7 15 243 82 
16 26 27 17 7 101 235 15 82 
15 82 
16 17 15 62 82 
15 82 
16 26 27 17 7 101 235 15 82 
15 82 
15 82 
15 82 
26 27 7 15 243 82 
15 82 
15 82 
15 82 
16 26 27 17 7 101 235 15 82 
15 82 
16 19 15 82 
15 82 
15 82 
15 82 
15 82 
16 19 15 82 
15 82 
15 82 
230 16 231 19 15 82 
15 82 
15 82 
15 82 
15 82 
230 16 231 19 15 82 
15 82 
15 82 
15 82 
15 82 
16 19 15 82 
15 82 
15 82 
15 82 
16 19 15 82 
15 82 
15 82 
16 17 15 62 82 
15 82 
15 82 
15 82 
15 82 
16 19 15 82 
15 82 
15 82 
230 16 231 19 15 82 
15 82 
15 82 
16 17 15 62 82 
15 82 
34 15 35 82 
15 82 
34 15 35 82 
15 82 
16 19 15 82 
15 82 
16 19 15 82 
15 82 
15 82 
15 82 
15 82 
15 82 
15 82 
15 157 82 
15 82 
15 82 
162 15 82 
16 17 15 62 82 
15 82 
16 19 15 82 
15 82 
15 82 
15 82 
230 16 231 19 15 82 
15 82 
15 82 
230 16 231 19 15 82 
15 82 
15 82 
15 82 
16 37 19 15 82 
230 16 231 19 15 82 
15 82 
15 82 
15 82 
15 82 
16 19 15 82 
15 82 
15 82 
16 19 15 82 
15 82 
162 15 82 
15 82 
15 82 
15 82 
15 82 
15 82 
15 82 
15 82 
15 82 
162 15 82 
15 82 
15 82 
15 82 
15 82 
15 82 
15 82 
15 82 
15 82 
15 82 
162 15 82 
15 82 
15 82 
15 82 
230 16 231 19 15 82 
15 82 
16 19 15 82 
15 82 
15 82 
16 17 15 62 82 
15 82 
16 19 15 82 
15 82 
15 82 
15 82 
15 82 
15 82 
15 82 
15 82 
16 37 19 15 82 
15 82 
15 82 
15 82 
16 19 15 82 
15 82 
15 82 
15 82 
15 82 
143 144 15 172 82 
15 82 
15 82 
7 15 9 10 82 
15 82 
15 82 
15 82 
16 19 15 82 
15 82 
15 82 
15 82 
15 82 
15 82 
15 82 
230 16 231 19 15 82 
15 82 
15 82 
15 82 
15 82 
15 82 
15 82 
15 82 
15 82 
16 19 15 82 
15 82 
15 82 
15 82 
16 17 15 82 
15 82 
15 82 
3 163 15 82 
15 82 
230 16 231 19 15 82 
15 82 
15 82 
16 19 15 82 
15 82 
15 82 
15 82 
16 19 15 82 
15 82 
16 346 269 19 15 82 
15 82 
15 82 
16 15 82 
15 82 
15 82 
15 82 
15 82 
15 82 
230 16 231 19 15 82 
15 82 
16 17 15 82 
15 82 
15 82 
15 82 
15 82 
15 82 
15 82 
15 82 
15 82 
15 82 
16 19 15 82 
15 82 
15 82 
15 82 
16 19 15 82 
15 82 
15 82 
16 19 15 82 
15 82 
15 82 
15 82 
15 82 
3 163 15 82 
15 82 
15 82 
15 82 
16 19 15 82 
15 82 
15 82 
16 19 15 82 
15 82 
15 82 
15 82 
15 82 
16 19 15 82 
16 19 15 82 
15 82 
13 15 82 
13 15 82 
15 82 
15 82 
15 82 
7 110 15 82 
16 19 15 82 
15 82 
15 82 
15 82 
16 19 15 82 
15 82 
16 19 15 82 
16 19 15 82 
15 82 
15 82 
15 82 
15 82 
162 15 82 
15 82 
15 82 
230 16 231 19 15 82 
16 26 27 17 7 101 235 15 82 
230 16 231 19 15 82 
15 82 
34 15 35 82 
15 82 
15 82 
15 82 
16 111 26 27 17 7 101 235 15 82 
15 82 
15 82 
162 15 82 
15 82 
162 15 82 
15 82 
15 82 
15 82 
15 82 
16 19 15 82 
230 16 231 19 15 82 
15 82 
15 82 
15 82 
15 82 
16 19 15 82 
162 15 82 
15 82 
15 82 
15 82 
15 82 
162 15 82 
15 82 
15 82 
15 82 
15 82 
16 19 15 82 
16 37 19 15 82 
15 157 82 
15 82 
15 82 
15 82 
15 82 
15 82 
15 82 
16 19 15 82 
16 19 15 82 
230 16 231 19 15 82 
15 82 
15 82 
15 82 
15 78 82 
15 82 
16 17 15 62 82 
15 82 
15 82 
15 82 
15 82 
15 82 
15 82 
15 82 
15 82 
230 16 231 19 15 82 
16 17 15 62 82 
15 82 
15 82 
15 82 
15 82 
15 82 
15 82 
15 82 
15 82 
16 19 15 82 
15 82 
16 37 19 15 82 
16 17 69 15 72 82 
15 82 
15 82 
15 82 
15 82 
15 82 
15 82 
15 82 
15 82 
15 82 
15 82 
16 19 15 82 
15 82 
15 82 
15 82 
16 19 15 82 
15 82 
15 82 
16 19 15 82 
15 82 
15 82 
15 82 
16 17 15 62 82 
16 19 15 82 
15 82 
16 26 27 17 7 101 235 15 82 
15 82 
15 82 
15 82 
15 82 
15 82 
15 82 
15 82 
15 82 
15 82 
16 19 15 82 
15 82 
15 82 
15 82 
15 82 
15 82 
15 82 
15 82 
245 7 46 15 82 
15 82 
15 82 
230 16 231 19 15 82 
15 82 
15 82 
16 19 15 82 
230 16 231 19 15 82 
15 82 
230 16 231 19 15 82 
16 17 15 62 82 
15 82 
15 82 
16 17 15 82 
16 26 27 17 7 101 235 15 82 
16 26 27 17 7 101 235 15 82 
15 82 
15 82 
15 82 
15 82 
15 82 
162 15 82 
15 82 
16 19 15 82 
15 82 
15 82 
15 82 
34 15 35 82 
16 218 37 19 15 234 82 
15 82 
16 19 15 82 
15 82 
15 82 
247 3 15 82 
15 82 
230 16 231 19 15 82 
34 15 35 82 
15 82 
15 82 
16 26 27 17 7 101 235 15 82 
16 37 19 15 82 
16 19 15 82 
230 16 231 19 15 82 
15 82 
15 82 
15 82 
15 82 
15 82 
15 82 
15 82 
15 82 
15 82 
15 82 
15 82 
15 82 
15 82 
15 82 
15 82 
15 82 
15 82 
15 82 
15 82 
15 82 
15 82 
34 15 35 82 
15 82 
16 17 15 82 
15 82 
15 82 
15 82 
15 82 
162 15 82 
16 19 15 82 
15 82 
15 82 
16 37 19 15 82 
34 15 35 82 
15 82 
32 16 17 33 15 82 
15 82 
15 82 
16 37 19 15 82 
15 82 
16 19 15 82 
15 82 
15 82 
15 82 
15 82 
15 82 
15 82 
15 82 
15 82 
15 82 
15 82 
15 82 
15 82 
15 82 
16 17 15 82 
34 15 35 82 
15 82 
32 16 17 33 15 82 
15 82 
15 82 
15 82 
34 15 35 82 
16 19 15 82 
15 82 
16 111 26 27 17 7 101 235 15 82 
15 82 
15 82 
15 82 
34 15 35 82 
15 82 
16 17 15 62 82 
15 82 
230 16 231 19 15 82 
15 82 
15 82 
15 82 
15 82 
15 82 
15 82 
15 82 
16 19 15 82 
16 26 27 17 7 101 235 15 82 
15 82 
15 82 
15 82 
15 82 
15 82 
15 82 
32 16 17 33 15 82 
245 7 46 15 82 
15 82 
230 16 231 19 15 82 
15 82 
15 82 
15 82 
15 82 
13 14 15 82 
15 82 
15 82 
16 37 19 15 82 
16 19 15 82 
32 16 17 33 15 82 
15 82 
15 82 
15 82 
15 82 
15 82 
7 15 9 10 82 
15 82 
15 82 
15 82 
15 82 
15 82 
15 82 
15 82 
15 82 
230 16 231 19 15 82 
16 17 15 62 82 
15 82 
15 82 
16 19 15 82 
15 82 
15 82 
15 82 
15 82 
15 82 
15 82 
15 82 
15 82 
15 82 
15 82 
15 82 
15 82 
15 82 
15 82 
162 15 82 
15 82 
7 15 9 10 82 
15 82 
13 14 15 82 
15 82 
15 82 
15 82 
16 17 15 62 82 
15 82 
15 82 
15 82 
15 82 
15 82 
15 82 
16 19 15 82 
15 82 
15 82 
16 17 15 62 82 
28 23 24 15 82 
15 82 
15 82 
15 82 
15 82 
15 82 
15 82 
15 82 
15 82 
15 82 
15 82 
15 82 
15 82 
15 82 
230 16 231 19 15 82 
15 157 82 
15 82 
15 82 
15 82 
15 82 
16 19 15 82 
15 82 
13 14 15 82 
16 17 69 15 82 
16 19 15 82 
15 82 
15 82 
1 15 82 
15 82 
15 82 
16 19 15 82 
15 82 
15 82 
15 82 
15 82 
15 82 
15 82 
15 82 
15 82 
16 19 15 82 
15 82 
162 15 82 
15 82 
15 82 
15 82 
15 82 
15 82 
15 82 
15 82 
15 82 
16 19 15 82 
16 26 27 17 7 101 235 15 82 
32 16 17 33 15 82 
15 82 
15 82 
15 82 
15 82 
16 17 15 62 82 
15 82 
15 82 
15 82 
15 82 
15 82 
15 82 
15 82 
34 15 35 82 
15 82 
15 82 
15 82 
15 82 
15 82 
16 111 26 27 17 7 101 235 15 82 
16 111 26 27 17 7 101 235 15 82 
15 82 
15 82 
15 82 
15 82 
15 82 
15 82 
16 17 15 82 
15 82 
15 82 
15 82 
230 16 231 19 15 82 
15 82 
162 15 82 
15 82 
15 82 
15 82 
15 82 
15 82 
15 82 
15 82 
15 82 
15 82 
15 82 
15 82 
15 82 
15 82 
15 82 
15 82 
15 82 
15 82 
15 82 
15 82 
15 82 
34 15 35 82 
15 82 
230 16 231 19 15 82 
15 78 82 
15 82 
15 82 
15 82 
15 82 
13 14 15 82 
15 82 
15 82 
13 14 15 82 
16 37 19 15 82 
15 82 
16 19 15 82 
15 82 
15 82 
15 82 
16 26 27 17 7 101 235 15 82 
15 82 
15 82 
15 82 
15 82 
15 82 
15 82 
16 17 15 62 82 
15 82 
15 82 
15 82 
15 82 
15 82 
15 82 
15 82 
15 82 
16 19 15 82 
15 82 
15 82 
15 82 
16 37 19 15 82 
15 82 
16 17 15 82 
15 82 
15 82 
16 19 15 82 
15 82 
15 82 
15 82 