41 27 42 7 8 43 
41 27 42 7 8 43 
41 27 42 7 8 43 
41 27 42 7 8 43 
41 27 42 7 8 43 
41 27 42 7 8 43 
41 27 42 7 8 43 
41 27 42 7 8 43 
41 27 42 7 8 43 
27 181 42 7 8 43 
41 27 42 7 8 43 
41 27 42 7 8 43 
41 27 42 7 8 43 
41 27 42 7 8 43 
41 27 42 7 8 43 
41 27 42 7 8 43 
41 27 42 7 8 3 163 43 
41 27 42 7 8 3 163 43 
41 27 42 7 8 43 
41 27 42 7 8 43 
27 42 7 8 182 43 
41 27 42 7 8 43 
41 27 42 7 8 43 
41 27 42 7 8 43 
41 27 42 7 8 43 
41 27 42 7 8 43 
41 27 42 7 8 43 
41 27 42 7 8 43 
41 27 42 7 8 43 
41 27 42 7 8 43 
41 27 42 7 8 43 
41 27 42 7 8 43 
41 27 42 7 8 43 
27 181 42 7 8 43 
41 27 42 7 8 43 
41 27 42 7 8 43 
41 27 42 7 8 43 
41 27 42 7 8 43 
41 27 42 7 8 43 
41 27 42 7 8 43 
41 27 42 7 8 43 
41 27 42 7 8 43 
41 27 42 7 8 43 
41 27 42 7 8 43 
41 27 42 7 8 43 
41 27 42 7 8 43 
41 27 42 7 8 43 
41 27 42 7 8 3 65 43 
41 27 42 7 8 43 
41 27 42 7 8 43 
16 41 27 42 17 7 8 43 113 
41 27 42 7 8 43 
41 27 42 7 8 43 
41 27 42 7 8 43 
41 27 42 7 8 52 43 53 
16 41 27 42 17 7 8 43 113 
16 41 27 42 17 7 8 69 43 
41 27 42 7 8 43 
41 27 42 7 8 43 
41 27 42 7 8 43 
27 42 7 8 183 43 
41 27 42 7 8 43 
41 27 42 7 8 43 
41 27 42 7 8 43 
41 27 42 7 8 43 
41 27 42 7 8 43 
41 27 42 7 8 43 
41 27 42 7 8 43 
41 27 42 7 8 43 
41 27 42 7 8 43 
41 27 42 7 8 43 
41 27 42 7 8 43 
41 27 42 7 8 43 
41 27 42 7 8 43 
41 27 42 7 8 43 81 
41 27 42 7 8 43 
27 181 42 7 8 43 
41 27 42 7 8 43 
41 27 42 7 8 43 
41 27 42 7 8 43 
41 27 42 7 8 43 
41 27 42 7 8 43 
41 27 42 7 8 43 
41 27 42 7 8 43 
41 27 42 7 8 43 
41 27 42 7 8 43 
41 27 42 7 8 43 81 
41 27 42 7 8 43 
27 42 7 8 183 43 81 
27 42 7 8 183 43 
41 27 42 7 8 43 
41 27 42 7 8 43 
41 27 42 7 8 43 
27 42 7 8 183 43 
27 181 42 7 8 43 
41 27 42 7 8 43 
41 27 42 7 8 43 
41 27 42 7 8 43 
41 27 42 7 8 43 81 
41 27 42 7 8 43 81 
41 27 42 7 8 43 
41 27 42 7 8 43 
41 27 42 7 8 43 
41 27 42 7 8 43 
41 27 42 7 8 43 81 
41 27 42 7 8 43 81 
41 27 42 7 8 43 
41 27 42 7 8 43 
41 27 42 7 8 43 
41 27 42 7 8 43 
41 27 42 7 8 43 81 
41 27 42 7 8 43 81 
27 42 7 8 183 43 
27 181 42 7 8 43 
41 27 42 7 8 43 
41 27 42 7 8 43 
41 27 42 7 8 43 
27 181 42 7 8 43 
27 42 7 8 183 43 
41 27 42 7 8 43 
41 27 42 7 8 43 
41 27 42 7 8 43 
41 27 42 7 8 43 
16 41 27 42 17 7 8 43 
27 42 7 8 183 43 
41 27 42 7 8 43 
41 27 42 7 8 43 
41 27 42 7 8 43 
41 27 42 7 8 43 
41 27 42 7 8 43 
41 27 42 7 8 43 
41 27 42 7 8 43 
27 42 7 8 183 43 
41 27 42 7 8 43 
27 42 7 8 183 43 
41 27 42 7 8 43 
41 27 42 7 8 43 
41 27 42 7 8 9 10 43 
41 27 42 7 8 9 10 43 
41 27 42 7 8 9 10 43 
41 27 42 7 8 43 
41 27 42 7 8 9 10 43 
41 27 42 7 8 43 
41 27 42 7 8 9 10 43 
41 27 42 7 8 43 
41 27 42 7 8 43 81 
41 27 42 7 8 9 10 43 
27 42 7 8 183 43 
41 27 42 7 8 43 
41 27 42 7 8 43 
41 27 42 7 8 43 
16 41 27 42 17 7 8 43 
16 41 27 42 17 7 8 43 
41 27 42 7 8 43 
41 27 42 7 8 43 
41 27 42 7 8 43 
41 27 42 7 8 43 
27 42 7 8 183 43 
16 41 27 42 17 7 8 43 113 
41 27 42 7 8 43 
27 42 7 8 183 43 
27 42 7 8 183 43 
27 42 7 8 183 43 
27 42 7 8 183 43 
41 27 42 7 8 43 
41 27 42 7 8 43 
41 27 42 7 8 43 
41 27 42 7 8 43 
41 27 42 7 8 43 
41 27 42 7 8 43 
41 27 42 7 8 43 
41 27 42 7 8 43 
41 27 42 7 8 43 
41 27 42 7 8 9 10 43 
41 27 42 7 8 43 
41 27 42 7 8 43 
27 42 7 8 183 43 
41 27 42 7 8 43 
41 27 42 7 8 43 
16 41 27 42 17 7 8 43 
41 27 42 7 8 43 
41 27 42 7 8 43 
27 42 7 8 183 43 
41 27 42 7 8 43 
41 27 42 7 8 43 
41 27 42 7 8 43 
41 27 42 7 8 43 
27 42 7 8 183 43 
32 16 41 27 42 17 7 8 33 43 
41 27 42 7 8 43 
41 27 42 7 8 43 
27 42 7 8 183 43 
41 27 42 7 8 43 
41 27 42 7 8 43 81 
41 27 42 7 8 43 
41 27 42 7 8 43 
41 27 42 7 8 43 
41 27 42 7 8 43 
41 27 42 7 8 43 
41 27 42 7 8 43 81 
27 42 7 8 183 43 
27 42 7 8 183 43 
41 27 42 7 8 43 
41 27 42 7 8 43 
41 27 42 7 8 43 
41 27 42 7 8 43 
41 27 42 7 8 43 
41 27 42 7 8 43 
27 42 7 8 183 43 
27 42 7 8 183 43 
27 42 7 8 183 43 
41 27 42 7 8 43 
41 27 42 7 8 43 
27 42 7 8 183 43 
41 27 42 7 8 43 
41 27 42 7 8 43 
41 27 42 7 8 43 
41 27 42 7 8 43 
41 27 42 7 8 43 
41 27 42 7 8 43 
41 27 42 7 8 43 
41 27 42 7 8 43 
41 27 42 7 8 43 
41 27 42 7 8 43 
41 27 42 7 8 43 
41 27 42 7 8 43 
41 27 42 7 8 43 
41 27 42 7 8 43 
41 27 42 7 8 43 81 
41 27 42 7 8 43 
41 27 42 7 8 43 
41 27 42 7 8 43 
41 27 42 7 8 43 
41 27 42 7 8 43 
41 27 42 7 8 43 
41 27 42 7 8 43 
41 27 42 7 8 43 
41 27 42 7 8 43 83 
41 27 42 7 8 43 
41 27 42 7 8 43 
41 27 42 7 8 43 
41 27 42 7 8 43 
41 27 42 7 8 43 
41 27 42 7 8 43 
41 27 42 7 8 43 
41 27 42 7 8 43 
41 27 42 7 8 43 
41 27 42 7 8 43 
41 27 42 7 8 43 
41 27 42 7 8 43 
27 42 7 8 183 43 
41 27 42 7 8 43 
41 27 42 7 8 43 
41 27 42 7 8 43 
41 27 42 7 8 43 
41 27 42 7 8 43 
41 27 42 7 8 43 
41 27 42 7 8 43 
41 27 42 7 8 43 
41 27 42 7 8 43 
41 27 42 7 8 43 
41 27 42 7 8 43 
27 42 7 8 183 43 
41 27 42 7 8 43 
41 27 42 7 8 43 
41 27 42 7 8 43 
41 27 42 7 8 43 
41 27 42 7 8 43 
41 27 42 7 8 43 
41 27 42 7 8 43 
27 42 7 8 183 43 
41 27 42 7 8 43 
41 27 42 7 8 43 
41 27 42 7 8 43 
41 27 42 7 8 43 
41 27 42 7 8 43 
41 27 42 7 8 43 
41 27 42 7 8 43 
41 27 42 7 8 43 
41 27 42 7 8 43 
41 27 42 7 8 43 
41 27 42 7 8 43 
41 27 42 7 8 43 
41 27 42 7 8 9 10 43 
41 27 42 7 8 43 
41 27 42 7 8 43 
41 27 42 7 8 43 
27 42 7 8 183 43 
27 42 7 8 183 43 
41 27 42 7 8 43 
41 27 42 7 8 43 
41 27 42 7 8 43 
27 42 7 8 183 43 
27 42 7 8 183 43 
27 42 7 8 183 43 
41 27 42 7 8 43 
41 27 42 7 8 43 
41 27 42 7 8 43 
41 27 42 7 8 43 
16 41 27 42 17 7 8 43 113 
41 27 42 7 8 43 
27 42 7 8 183 43 
27 42 7 8 183 43 
27 42 7 8 183 43 
41 27 42 7 8 43 
41 27 26 42 7 8 43 
27 42 7 8 183 43 
27 42 7 8 183 43 
27 42 7 8 183 43 
41 27 42 7 8 43 
41 27 42 7 8 43 
41 27 42 7 8 43 
41 27 42 7 8 43 
41 27 42 7 8 43 
41 27 42 7 8 43 
41 27 42 7 8 43 
41 27 42 7 8 43 
41 27 42 7 8 43 
41 27 42 7 8 43 83 
41 27 42 7 8 43 
41 27 42 7 8 43 
41 27 42 7 8 43 
41 27 42 7 8 43 83 
41 27 42 7 8 43 
27 181 42 7 8 43 
27 181 42 7 8 43 
41 27 42 7 8 43 
41 27 42 7 8 43 
41 27 42 7 8 43 
41 27 42 7 8 43 
41 27 42 7 8 43 
41 27 42 7 8 43 
41 27 42 7 8 43 
41 27 42 7 8 43 
41 27 42 7 8 43 81 
16 41 27 42 17 7 8 43 
41 27 42 7 8 43 81 
41 27 42 7 8 43 
41 27 42 7 8 43 
41 27 42 7 8 43 
41 27 42 7 8 43 
41 27 42 7 8 43 
41 27 42 7 8 43 83 
41 27 42 7 8 43 
27 42 7 8 183 43 
41 27 42 7 8 43 
41 27 42 7 8 43 
41 27 42 7 8 43 
41 27 42 7 8 43 
41 27 42 7 8 43 
41 27 42 7 8 43 
41 27 42 7 8 43 
41 27 42 7 8 43 
41 27 42 7 8 43 
41 27 42 7 8 43 
41 27 42 7 8 43 
41 27 42 7 8 43 
27 42 7 8 183 43 
41 27 42 7 8 43 
41 27 42 7 8 43 
41 27 42 7 8 43 
41 27 42 7 8 43 
27 42 7 8 183 43 
41 27 42 7 8 43 
16 41 27 42 17 7 8 96 43 
41 27 42 7 8 43 
41 27 42 7 8 43 
41 27 42 7 8 43 
41 27 42 7 8 43 
41 27 42 7 8 43 
16 41 27 42 17 7 8 43 
41 27 42 7 8 43 
41 27 42 7 8 15 43 82 
41 27 42 7 8 43 
41 27 42 7 8 15 43 82 
41 27 42 7 8 43 
41 27 42 7 8 43 
41 27 42 7 8 43 
41 27 42 7 8 43 
41 27 42 7 8 43 
41 27 42 7 8 43 
41 27 42 7 8 43 
41 27 42 7 8 43 
41 27 42 7 8 43 
27 42 7 8 183 43 
41 27 42 7 8 43 
41 27 42 7 8 43 
41 27 42 7 8 43 
41 27 42 7 8 43 
41 27 42 7 8 43 
41 27 42 7 8 43 
41 27 42 7 8 43 
41 27 42 7 8 43 
41 27 42 7 8 43 
41 27 42 7 8 43 
41 27 42 7 8 43 
41 27 42 7 8 43 
41 27 42 7 8 43 
27 42 7 8 183 43 
41 27 42 7 8 43 
27 42 7 8 183 43 
27 42 7 8 183 43 
41 27 42 7 8 43 
41 27 42 7 8 43 
41 27 42 7 8 43 
41 27 42 7 8 43 
41 27 42 7 8 43 
41 27 42 7 8 43 
41 27 42 7 8 43 
27 42 7 8 183 43 
41 27 42 7 8 43 
41 27 42 7 8 43 
41 27 42 7 8 43 
41 27 42 7 8 43 
41 27 42 7 8 43 
41 27 42 7 8 43 
41 27 42 7 8 43 
41 27 42 7 8 43 
41 27 42 7 8 43 
41 27 42 7 8 43 
27 42 7 8 183 43 
41 27 42 7 8 43 
27 42 7 8 183 43 
41 27 42 7 8 43 
41 27 42 7 8 43 
41 27 42 7 8 43 
41 27 42 7 8 43 
41 27 42 7 8 43 
27 42 7 8 183 43 81 
41 27 42 7 8 43 
41 27 42 7 8 43 
27 42 7 8 183 43 
41 27 42 7 8 43 
41 27 42 7 8 43 
41 27 42 7 8 43 
41 27 42 7 8 43 
27 42 7 8 183 43 
27 42 7 8 183 43 
27 42 7 8 183 43 
41 27 42 7 8 43 
41 27 42 7 8 43 
41 27 42 7 8 43 
41 27 42 7 8 43 
41 27 42 7 8 43 
27 42 7 8 183 43 
27 42 7 8 183 43 
27 42 7 8 183 43 
27 42 7 8 183 59 15 43 
41 27 42 7 8 43 
27 42 7 8 183 43 81 
27 42 7 8 183 43 
41 27 42 7 8 43 
41 27 42 7 8 43 
27 42 7 8 183 43 
27 181 42 7 8 43 
41 27 42 7 8 43 
41 27 42 7 8 43 
41 27 42 7 8 43 
41 27 42 7 8 43 
41 27 42 7 8 43 
41 27 42 7 8 43 
27 42 7 8 183 43 
41 27 42 7 8 43 
41 27 42 7 8 43 
41 27 42 7 8 43 
41 27 42 7 8 43 
41 27 42 7 8 43 
41 27 42 7 8 43 
41 27 42 7 8 43 
27 42 7 8 183 43 
41 27 42 7 8 43 
27 42 7 8 183 43 
41 27 42 7 8 43 
41 27 42 7 8 43 
41 27 42 7 8 43 
27 42 7 8 183 43 
41 27 42 7 8 43 
27 42 7 8 183 43 
41 27 42 7 8 43 
41 27 42 7 8 43 
41 27 42 7 8 43 
41 27 42 7 8 43 
41 27 42 7 8 43 
41 27 42 7 8 43 
41 27 42 50 7 8 3 43 
41 27 42 7 8 43 
41 27 42 7 8 43 
41 27 42 7 8 43 
41 27 42 7 8 43 
41 27 42 7 8 43 
41 27 42 7 8 43 
41 27 42 7 8 43 
41 27 42 7 8 43 
41 27 42 7 8 43 
41 27 42 7 8 43 
41 27 42 7 8 43 
41 27 42 7 8 43 
41 27 42 7 8 43 
41 27 42 7 8 43 
41 27 42 7 8 43 
41 27 42 7 8 43 
41 27 42 7 8 43 
41 27 42 7 8 43 
41 27 42 7 8 43 
41 27 42 7 8 43 
41 27 42 7 8 43 
41 27 42 7 8 43 
41 27 42 7 8 43 
41 27 42 7 8 43 
41 27 42 7 8 43 
41 27 42 7 8 43 
41 27 42 7 8 43 
41 27 42 7 8 43 
41 27 42 7 8 43 
41 27 42 7 8 43 
41 27 42 7 8 43 
41 27 42 7 8 43 
41 27 42 7 8 43 
41 27 42 7 8 43 
41 27 42 7 8 43 
27 42 7 8 183 43 
27 42 7 8 183 43 
41 27 42 7 8 43 
41 27 42 7 8 43 
41 27 42 7 8 43 
41 27 42 7 8 43 
41 27 42 7 8 43 
27 42 7 8 183 43 
27 181 42 7 8 43 
41 27 42 7 8 43 
27 42 7 8 183 43 
27 42 7 8 183 43 
41 27 42 7 8 43 
41 27 42 7 8 43 
41 27 42 7 8 43 
41 27 42 7 8 43 
41 27 42 7 8 43 
41 27 42 7 8 43 
41 27 42 7 8 43 
41 27 42 7 8 43 
41 27 42 7 8 43 
41 27 42 7 8 43 
41 27 42 7 8 43 
41 27 42 7 8 43 
27 42 7 8 183 43 
27 42 7 8 183 43 
27 42 7 8 183 43 
41 27 42 7 8 43 
41 27 42 7 8 43 
41 27 42 7 8 43 
41 27 42 7 8 43 
41 27 42 7 8 43 
27 42 7 8 183 43 
27 42 7 8 183 43 
41 27 42 7 8 43 
41 27 42 7 8 43 
41 27 42 7 8 43 
41 27 42 7 8 43 
41 27 42 7 8 43 
16 41 27 42 17 7 8 43 
41 27 42 7 8 43 
41 27 42 7 8 43 
41 27 42 7 8 43 
41 27 42 7 8 43 
27 42 7 8 183 43 
41 27 42 7 8 43 
41 27 42 7 8 43 
41 27 42 7 8 43 
27 42 7 8 183 43 
27 42 7 8 183 43 
41 27 42 7 8 43 
41 27 42 7 8 43 
41 27 42 7 8 43 
41 27 42 7 8 43 
41 27 42 7 8 43 
41 27 42 7 8 43 
41 27 42 7 8 43 
41 27 42 7 8 43 
41 27 42 7 8 43 
41 27 42 7 8 43 
41 27 42 7 8 43 
41 27 42 7 8 43 
41 27 42 7 8 43 
41 27 42 7 8 43 
41 27 42 7 8 43 
41 27 42 7 8 43 
41 27 42 7 8 43 
41 27 42 7 8 43 
41 27 42 7 8 43 
41 27 42 7 8 43 
41 27 42 7 8 43 
41 27 42 7 8 43 
41 27 42 7 8 43 
41 27 42 7 8 43 
41 27 42 7 8 43 
16 41 27 42 17 7 8 43 
41 27 42 7 8 43 
41 27 42 7 8 43 
27 181 42 7 8 43 
41 27 42 7 8 43 
41 27 42 7 8 43 
41 27 42 7 8 43 
41 27 42 7 8 43 
41 27 42 7 8 43 
41 27 42 7 8 43 
41 27 42 7 8 43 
41 27 42 7 8 43 
41 27 42 7 8 43 
27 181 42 7 8 43 
41 27 42 7 8 43 
41 27 42 7 8 43 
41 27 42 7 8 43 
41 27 42 7 8 43 
41 27 42 7 8 43 
41 27 42 7 8 43 
41 27 42 7 8 43 
41 27 42 7 8 43 
16 41 27 42 17 7 8 43 
41 27 42 7 8 43 
41 27 42 7 8 43 
41 27 42 7 8 43 
41 27 42 7 8 43 
41 27 42 7 8 43 
41 27 42 7 8 43 
41 27 42 7 8 43 
41 27 42 7 8 43 81 
27 42 7 8 183 43 
41 27 42 7 8 43 
41 27 42 7 8 43 
41 27 42 7 8 43 
41 27 42 7 8 43 
41 27 42 7 8 43 
41 27 42 7 8 43 
41 27 42 7 8 43 
41 27 42 7 8 43 
41 27 42 7 8 43 
41 27 42 7 8 43 
41 27 42 7 8 43 
32 16 41 27 42 17 7 8 33 43 
41 27 42 7 8 43 
41 27 42 7 8 43 
41 27 42 7 8 43 
41 27 42 7 8 43 
41 27 42 50 7 8 3 43 
41 27 42 7 8 43 
41 27 42 7 8 43 81 
41 27 42 7 8 43 
41 27 42 7 8 43 
41 27 42 7 8 43 
41 27 42 7 8 43 
41 27 42 7 8 43 
41 27 42 7 8 43 
41 27 42 7 8 43 
41 27 42 7 8 43 
41 27 42 7 8 43 
41 27 42 7 8 43 
41 27 42 7 8 43 
41 27 42 7 8 43 
41 27 42 7 8 43 
41 27 42 7 8 43 
41 27 42 7 8 43 
41 27 42 7 8 43 
41 27 42 7 8 43 
41 27 42 7 8 43 
41 27 42 7 8 43 
41 27 42 7 8 43 
41 27 42 7 8 43 
41 27 42 7 8 43 
41 27 42 7 8 43 
41 27 42 7 8 43 
41 27 42 7 8 43 
41 27 42 7 8 43 
41 27 42 50 7 8 3 43 
41 27 42 7 8 43 
41 27 42 7 8 43 
41 27 42 7 8 43 
41 27 42 7 8 43 
41 27 42 7 8 43 
41 27 42 7 8 43 
41 27 42 7 8 43 
41 27 42 7 8 43 
41 27 42 7 8 43 
41 27 42 7 8 43 
41 27 42 7 8 43 
41 27 42 7 8 43 
41 27 42 7 8 43 
41 27 42 7 8 43 
41 27 42 7 8 43 
41 27 42 7 8 43 
41 27 42 7 8 43 
41 27 42 7 8 43 
41 27 42 7 8 43 
41 27 42 7 8 43 
41 27 42 7 8 43 
41 27 42 7 8 43 
41 27 42 7 8 43 
41 27 42 7 8 43 
41 27 42 7 8 43 
41 27 42 7 8 43 
41 27 42 7 8 43 
41 27 42 7 8 43 
41 27 42 7 8 43 
41 27 42 7 8 43 
41 27 42 7 8 43 
41 27 42 7 8 43 
41 27 42 7 8 43 
41 27 42 7 8 43 
41 27 42 7 8 43 
41 27 42 7 8 43 
41 27 42 7 8 9 10 43 
41 27 42 7 8 43 
41 27 42 7 8 3 65 43 
41 27 42 7 8 43 
41 27 42 7 8 43 
41 27 42 7 8 43 
41 27 42 50 7 8 3 43 
41 27 42 7 8 43 
41 27 42 7 8 43 
41 27 42 7 8 43 
41 27 42 7 8 43 
41 27 42 7 8 43 
41 27 42 7 8 43 
41 27 42 7 8 43 
41 27 42 7 8 9 10 43 
41 27 42 7 8 43 
27 42 7 8 183 43 
41 27 42 7 8 43 
41 27 42 7 8 43 
27 42 7 8 183 43 
41 27 42 7 8 43 
27 42 7 8 183 43 
41 27 42 7 8 43 
41 27 42 7 8 43 
41 27 42 7 8 43 
41 27 42 7 8 43 
41 27 42 7 8 43 
41 27 42 7 8 43 
16 41 27 42 17 7 8 43 
41 27 42 7 8 43 
41 27 42 7 8 43 
41 27 42 7 8 43 
41 27 42 7 8 43 
41 27 42 7 8 43 
41 27 42 7 8 43 
41 27 42 7 8 43 
16 41 27 42 17 7 8 43 
41 27 42 7 8 43 
41 27 42 7 8 43 
41 27 42 7 8 43 
41 27 42 7 8 43 
41 27 42 7 8 43 
27 42 7 8 183 43 
41 27 42 7 8 43 
41 27 42 7 8 43 
41 27 42 7 8 43 
16 41 27 42 17 7 8 62 43 
41 27 42 7 8 43 
41 27 42 7 8 43 
41 27 42 7 8 43 
41 27 42 7 8 43 
41 27 42 7 8 43 
41 27 42 7 8 43 
41 27 42 7 8 43 
41 27 42 7 8 43 
41 27 42 7 8 43 
41 27 42 7 8 43 
41 27 42 7 8 43 
41 27 42 7 8 43 
41 27 42 7 8 43 
41 27 42 7 8 43 
41 27 42 7 8 43 
41 27 42 7 8 43 
16 41 27 42 17 7 8 62 43 
41 27 42 7 8 43 
41 27 42 7 8 43 
41 27 42 7 8 43 
41 27 42 7 8 43 
41 27 42 7 8 43 
41 27 42 7 8 43 
41 27 42 7 8 43 
16 41 27 42 17 7 8 43 
41 27 42 7 8 43 
41 27 42 7 8 43 
41 27 42 7 8 43 
41 27 42 7 8 43 
41 27 42 7 8 43 
41 27 42 7 8 43 
41 27 42 7 8 43 
41 27 42 7 8 43 
41 27 42 7 8 43 
41 27 42 7 8 43 
41 27 42 7 8 43 
41 27 42 7 8 43 
41 27 42 7 8 43 
41 27 42 7 8 43 
41 27 42 7 8 43 
41 27 42 7 8 43 
41 27 42 7 8 43 
41 27 42 7 8 43 
41 27 42 7 8 43 
41 27 42 7 8 43 
41 27 42 7 8 43 
16 41 27 42 17 7 8 43 
41 27 42 7 8 43 
16 41 27 42 17 7 8 62 43 
41 27 42 7 8 43 
41 27 42 7 8 43 
41 27 42 7 8 43 
41 27 42 7 8 43 81 
41 27 42 7 8 43 
41 27 42 7 8 43 
41 27 42 7 8 43 
41 27 42 7 8 43 
41 27 42 7 8 43 
41 27 42 7 8 43 
41 27 42 7 8 43 
41 27 42 7 8 43 
41 27 42 7 8 43 
41 27 42 7 8 43 
41 27 42 7 8 43 
41 27 42 7 8 43 
41 27 42 7 8 43 
41 27 42 7 8 43 
16 41 27 42 17 7 8 43 
41 27 42 7 8 43 
41 27 42 7 8 43 
41 27 42 7 8 43 
41 27 42 7 8 43 
41 27 42 7 8 43 
41 27 42 7 8 43 
41 27 42 7 8 43 
41 27 42 7 8 43 
41 27 42 7 8 43 
41 27 42 7 8 43 
41 27 42 7 8 43 
41 27 42 7 8 43 
41 27 42 7 8 43 
41 27 42 7 8 43 
41 27 42 7 8 43 
41 27 42 7 8 43 
41 27 42 7 8 43 
41 27 42 7 8 43 
16 41 27 42 17 7 8 43 
41 27 42 7 8 43 
41 27 42 7 8 43 
41 27 42 7 8 43 
41 27 42 7 8 43 
41 27 42 7 8 43 81 
41 27 42 7 8 43 
32 16 41 27 42 17 7 8 33 43 
41 27 42 7 8 43 
16 41 27 42 17 7 8 43 
27 181 42 7 8 43 
41 27 42 7 8 43 
41 27 42 7 8 43 
41 27 42 7 8 43 
41 27 42 7 8 43 
41 27 42 7 8 43 
41 27 42 7 8 43 
41 27 42 7 8 43 
41 27 42 7 8 43 
41 27 42 7 8 43 
16 41 27 42 7 8 19 43 
41 27 42 7 8 43 
41 27 42 7 8 43 
41 27 42 7 8 43 
41 27 42 7 8 43 
41 27 42 7 8 43 
41 27 42 7 8 43 
41 27 42 7 8 43 
41 27 42 7 8 43 
41 27 42 7 8 43 
16 41 27 42 7 8 19 43 
41 27 42 7 8 43 
41 27 42 7 8 43 
41 27 42 7 8 43 
41 27 42 7 8 43 
41 27 42 7 8 43 
41 27 42 7 8 43 
41 27 42 7 8 43 81 
41 27 42 7 8 43 
27 181 42 7 8 43 
41 27 42 7 8 43 
41 27 42 7 8 43 
41 27 42 7 8 43 
41 27 42 7 8 43 
41 27 42 7 8 43 
41 27 42 7 8 43 
41 27 42 7 8 43 
41 27 42 7 8 43 
41 27 42 7 8 43 
41 27 42 7 8 43 
41 27 42 7 8 43 
41 27 42 7 8 43 
41 27 42 7 8 43 
41 27 42 7 8 43 
41 27 42 7 8 43 
41 27 42 7 8 43 
41 27 42 7 8 43 
41 27 42 7 8 43 
41 27 42 7 8 43 
41 27 42 7 8 43 
41 27 42 7 8 43 
41 27 42 7 8 43 81 
41 27 42 7 8 43 
41 27 42 7 8 43 
41 27 42 7 8 43 
41 27 42 7 8 43 
41 27 42 7 8 43 
41 27 42 7 8 43 
41 27 42 7 8 43 
41 27 42 7 8 43 
41 27 42 7 8 43 
41 27 42 7 8 43 
41 27 42 7 8 43 
41 27 42 7 8 43 
41 27 42 7 8 43 
27 181 42 7 8 43 
41 27 42 7 8 43 
41 13 27 42 7 8 164 15 43 
41 27 42 7 8 43 
41 27 42 7 8 43 
16 41 27 42 17 7 8 43 
16 41 27 42 17 7 8 43 
41 27 42 7 8 43 
41 27 42 7 8 43 81 
41 27 42 7 8 43 
41 27 42 7 8 43 
41 27 42 7 8 43 
41 27 42 7 8 43 
41 27 42 7 8 43 
41 27 42 7 8 43 
41 27 42 7 8 43 
41 27 42 7 8 43 
41 27 42 7 8 43 
41 27 42 7 8 43 
41 27 42 7 8 43 
41 27 42 7 8 43 
41 27 42 7 8 43 81 
41 27 42 7 8 43 
41 27 42 7 8 43 
41 27 42 7 8 43 
41 27 42 7 8 43 
41 27 42 7 8 43 
41 27 42 7 8 43 81 
41 27 42 7 8 43 
41 27 42 7 8 43 
41 27 42 7 8 43 
41 27 42 7 8 43 
41 27 42 7 8 43 
41 27 42 50 7 8 3 43 
41 27 42 7 8 43 
41 27 42 7 8 43 
41 27 42 7 8 43 
41 27 42 7 8 43 
41 27 42 7 8 43 
16 41 27 42 17 7 8 43 
41 27 42 7 8 43 
27 181 42 7 8 43 
41 27 42 7 8 43 
41 27 42 7 8 43 
41 27 42 7 8 43 
41 27 42 7 8 43 
41 27 42 7 8 43 
41 27 42 7 8 43 
41 27 42 7 8 43 
41 27 42 7 8 43 
41 27 42 7 8 43 
27 181 42 7 8 43 
27 181 42 7 8 43 
27 181 42 7 8 43 
41 27 42 7 8 43 
41 27 42 7 8 43 
16 41 27 42 17 7 8 43 
41 27 42 7 8 43 
41 27 42 7 8 43 
41 27 42 7 8 43 
41 27 42 7 8 43 
41 27 42 7 8 43 
41 27 42 7 8 43 
41 27 42 7 8 43 
41 27 42 7 8 43 81 
41 27 42 7 8 43 
41 27 42 7 8 43 
41 27 42 7 8 43 
27 181 42 7 8 43 
41 27 42 7 8 43 
41 27 42 7 8 43 
41 27 42 7 8 43 
41 27 42 7 8 43 
41 27 42 7 8 43 
41 27 42 7 8 43 
41 27 42 7 8 43 
41 27 42 7 8 43 
41 27 42 7 8 43 
41 27 42 7 8 43 
41 27 42 7 8 43 
41 27 42 7 8 43 
41 27 42 7 8 43 
41 27 42 7 8 43 
41 27 42 7 8 43 
41 27 42 7 8 43 
41 27 42 7 8 43 
41 27 42 7 8 43 
41 27 42 7 8 43 
41 27 42 7 8 43 
41 27 42 7 8 43 
41 27 42 7 8 43 
41 27 42 7 8 43 83 
41 27 42 7 8 43 
27 181 42 7 8 43 
41 27 42 7 8 43 
41 13 27 42 7 8 164 15 43 
41 27 42 7 8 43 
41 27 42 7 8 43 
41 27 42 7 8 43 
41 27 42 7 8 43 
41 27 42 7 8 43 
41 27 42 7 8 43 
41 27 42 7 8 43 81 
41 27 42 7 8 43 
41 27 42 7 8 43 
41 27 42 7 8 43 
41 27 42 7 8 43 
41 27 42 7 8 43 
41 13 27 42 7 8 164 15 43 
41 27 42 7 8 43 
41 27 42 7 8 43 
41 27 42 7 8 43 
41 27 42 7 8 43 
41 27 42 7 8 43 
41 27 42 7 8 43 
41 27 42 7 8 43 
41 27 42 7 8 43 
41 27 42 7 8 43 
41 27 42 7 8 43 
41 27 42 7 8 43 
41 13 27 42 7 8 164 15 43 
41 27 42 7 8 43 
41 27 42 7 8 43 
41 27 42 7 8 43 
16 41 27 42 17 7 8 43 
41 27 42 7 8 43 
41 27 42 7 8 43 
41 27 42 7 8 43 
41 27 42 7 8 43 
41 27 42 7 8 43 
16 41 27 42 17 7 8 62 43 
41 27 42 7 8 43 
41 27 42 7 8 43 
41 27 42 7 8 43 
41 27 42 7 8 43 
41 27 42 7 8 43 
41 27 42 7 8 43 
41 27 42 7 8 43 83 
16 41 27 42 17 7 8 43 
41 27 42 7 8 43 
41 27 42 7 8 43 
41 27 42 7 8 43 
41 27 42 7 8 43 81 
16 41 27 42 17 7 8 43 
41 27 42 7 8 43 
32 16 41 27 42 17 7 8 33 43 
41 27 42 7 8 43 
41 27 42 7 8 43 
41 27 42 7 8 43 
41 27 42 7 8 43 
41 27 42 7 8 43 
41 27 42 50 7 8 3 43 
16 41 27 42 17 7 8 43 
41 27 42 7 8 43 
41 27 42 7 8 43 
41 27 42 7 8 43 
41 27 42 7 8 43 
41 13 27 42 7 8 14 15 43 
41 27 42 7 8 43 
41 27 42 7 8 43 
41 27 42 7 8 43 
41 27 42 7 8 43 
41 27 42 7 8 43 
41 27 42 7 8 43 
41 27 42 7 8 43 
41 27 42 7 8 43 
41 27 42 7 8 15 43 82 
41 27 42 7 8 43 
41 27 42 7 8 43 
41 13 27 42 7 8 164 15 43 
41 27 42 7 8 43 
27 181 42 7 8 43 
41 27 42 7 8 43 
41 27 42 7 8 43 
41 27 42 7 8 43 
16 41 27 42 17 7 8 43 113 
41 27 42 7 8 43 
41 27 42 7 8 43 
41 27 42 7 8 43 
41 27 42 7 8 43 
41 27 42 7 8 43 
41 27 42 7 8 43 
41 27 42 7 8 43 
41 27 42 7 8 43 
41 27 42 7 8 43 
41 27 42 7 8 43 
27 181 42 7 8 43 
41 27 42 7 8 43 
41 27 42 7 8 43 
41 27 42 7 8 43 
41 27 42 7 8 43 
41 27 42 7 8 43 
41 27 42 7 8 43 
41 27 42 7 8 43 
41 27 42 7 8 43 
41 27 42 7 8 43 
41 27 42 7 8 43 
41 27 42 7 8 43 
41 27 42 7 8 43 
41 27 42 7 8 43 
27 181 42 7 8 43 
41 27 42 7 8 43 
41 27 42 7 8 43 
41 27 42 7 8 43 
41 27 42 7 8 43 81 
41 27 42 7 8 43 
32 16 41 27 42 17 7 8 33 43 
41 27 42 7 8 43 
41 27 42 7 8 43 
27 181 42 7 8 43 
41 27 42 7 8 43 
41 27 42 7 8 43 
41 27 42 7 8 43 
41 27 42 7 8 43 
41 27 42 7 8 43 
41 27 42 50 7 8 3 43 
41 27 42 7 8 43 
41 27 42 7 8 43 
41 27 42 7 8 43 
41 27 42 7 8 43 
41 27 42 7 8 43 
41 27 42 7 8 43 
41 27 42 7 8 43 
41 27 42 7 8 43 
27 181 42 7 8 43 
41 27 42 7 8 43 
41 27 42 7 8 43 
41 27 42 7 8 43 
41 27 42 7 8 43 
41 27 42 7 8 43 
41 27 42 7 8 43 
27 181 42 7 8 43 
41 27 42 7 8 43 
41 27 42 7 8 43 
41 27 42 7 8 43 
41 27 42 7 8 43 
41 27 42 7 8 43 
41 27 42 7 8 43 
41 27 42 7 8 43 
41 27 42 7 8 43 
41 27 42 7 8 43 
41 27 42 7 8 43 
41 27 42 7 8 43 
41 27 42 7 8 43 
41 27 42 7 8 43 
16 41 27 42 17 7 8 69 43 
41 27 42 7 8 43 
41 27 42 7 8 43 
41 27 42 7 8 43 
27 181 42 7 8 43 
41 27 42 7 8 43 
41 27 42 7 8 43 
41 27 42 7 8 43 
41 27 42 7 8 43 
41 27 42 7 8 43 
41 27 42 7 8 43 
41 27 42 7 8 43 
41 27 42 7 8 43 
41 27 42 7 8 43 
41 27 42 7 8 43 
41 27 42 7 8 43 
41 27 42 7 8 43 
41 27 42 7 8 43 
32 16 41 27 42 17 7 8 33 43 
41 27 42 7 8 43 
41 27 42 7 8 43 
41 27 42 7 8 43 
32 16 41 27 42 17 7 8 33 43 
41 27 42 7 8 43 
41 27 42 7 8 43 
41 27 42 7 8 43 
41 27 42 7 8 43 
41 27 42 7 8 43 
41 27 42 7 8 43 
41 27 42 7 8 43 
41 27 42 7 8 43 
41 27 42 7 8 43 
41 27 42 7 8 43 
41 27 42 7 8 43 
41 27 42 7 8 43 
41 27 42 7 8 43 
41 27 42 7 8 43 
41 27 42 7 8 43 
41 27 42 7 8 43 
41 27 42 7 8 43 
41 27 42 7 8 43 
41 27 42 7 8 43 
41 27 42 7 8 43 
41 27 42 7 8 43 
16 41 27 42 17 7 8 43 
32 16 41 27 42 17 7 8 33 43 
41 27 42 7 8 43 
41 27 42 7 8 43 
32 16 41 27 42 17 7 8 33 43 
41 27 42 7 8 43 
27 181 42 7 8 43 
41 27 42 7 8 15 43 82 
41 27 42 7 8 43 
16 41 27 42 17 7 8 62 43 
41 27 42 7 8 43 
41 27 42 7 8 43 
41 27 42 7 8 43 
41 27 42 7 8 43 
41 27 42 7 8 15 43 
16 41 27 42 17 7 8 43 
41 27 42 7 8 43 
41 27 42 7 8 43 
41 27 42 7 8 43 
41 27 42 7 8 43 
41 27 42 7 8 43 
41 27 42 7 8 43 
41 27 42 7 8 43 
41 27 42 7 8 43 
41 27 42 7 8 43 
41 27 42 7 8 43 
41 27 42 7 8 43 
41 27 42 7 8 43 83 
41 27 42 7 8 43 
41 27 42 7 8 43 
41 27 42 7 8 43 
41 27 42 7 8 43 
41 27 42 7 8 43 
41 27 42 7 8 43 
41 27 42 7 8 43 