7 8 45 46 112 48 
7 8 45 46 112 48 
7 8 45 46 112 48 
7 8 45 46 112 48 
7 8 45 46 112 48 
7 8 45 46 112 48 
7 8 45 46 112 48 
7 8 45 46 112 48 
7 8 45 46 112 48 
7 8 45 46 112 48 
7 8 45 46 112 48 
7 8 45 46 112 48 
7 8 45 46 112 48 
7 8 45 46 112 48 
7 8 45 46 112 48 
7 8 45 46 112 48 
7 8 45 46 112 48 
7 8 45 46 112 48 
7 8 45 46 112 48 
7 8 45 46 112 48 
7 8 45 46 112 48 
7 8 45 46 112 48 
7 8 45 46 112 48 
16 17 7 8 45 46 112 48 
7 8 45 46 112 48 
7 8 45 46 112 48 
7 8 45 46 112 48 
7 8 45 46 112 48 
7 8 45 46 112 48 
7 8 45 46 112 48 
7 8 45 46 112 48 
7 8 45 46 112 48 
7 8 45 46 112 48 
7 8 45 46 112 48 
7 8 45 46 112 48 
7 8 45 46 112 48 
7 8 45 46 112 48 
7 8 45 46 112 48 
7 8 45 46 112 48 
7 8 45 46 112 48 
7 8 45 46 112 48 
7 8 45 46 112 48 
7 8 45 46 112 48 
7 8 45 46 112 48 
7 8 45 46 112 48 
7 8 45 46 112 48 
7 8 45 46 112 48 
7 8 45 46 112 48 
7 8 45 46 112 48 
7 8 45 46 112 48 
7 8 45 46 112 48 
7 8 45 46 112 48 
7 8 45 46 112 48 
7 8 45 46 112 48 
7 8 45 46 112 48 
7 8 45 46 112 48 
7 8 45 46 112 48 
7 8 45 46 112 48 
7 8 45 46 112 48 
7 8 45 46 112 48 
7 8 45 46 112 48 
7 8 45 46 112 48 
7 8 45 46 112 48 
7 8 45 46 112 48 
7 8 45 46 112 48 
7 8 45 46 112 48 
7 8 45 46 112 48 
7 8 45 46 112 48 
7 8 45 46 112 48 
7 8 45 46 112 48 
7 8 45 46 112 48 
7 8 45 46 112 48 
7 8 45 46 112 48 
7 8 45 46 112 48 
7 8 45 46 112 48 
7 8 45 46 112 48 
7 8 45 46 112 48 
7 8 45 46 112 48 
7 8 45 46 112 48 
7 8 45 46 112 48 
7 8 45 46 112 48 
7 8 45 46 112 48 
7 8 45 46 112 48 
7 8 45 46 112 48 
7 8 45 46 112 48 
7 8 45 46 112 48 
7 8 45 46 112 48 
7 8 45 46 112 48 
7 8 45 46 112 48 
7 8 45 46 112 48 
7 8 45 46 112 48 
7 8 45 46 112 48 
7 8 45 46 112 48 
7 8 45 46 112 48 
7 8 45 46 112 48 
7 8 45 46 112 48 
7 8 45 46 112 48 
7 8 45 46 112 48 
7 8 45 46 112 48 
7 8 45 46 112 48 
7 8 45 46 112 48 
7 8 45 46 112 48 
7 8 45 46 112 48 
7 8 45 46 112 48 
7 8 45 46 112 48 
7 8 45 46 112 48 
7 8 45 46 112 48 
7 8 45 46 112 48 
7 8 45 46 112 48 
7 8 45 46 112 48 
7 8 45 46 48 
7 8 45 46 112 48 
7 8 45 46 112 48 
7 8 45 46 112 48 
7 8 45 46 112 48 
7 8 45 46 112 48 
7 8 45 46 112 48 
7 8 45 46 112 48 
7 8 45 46 112 48 
7 8 45 46 112 48 
7 8 45 46 112 48 
7 8 45 46 112 48 
7 8 45 46 112 48 
7 8 45 46 112 48 
7 8 45 46 112 48 
7 8 45 46 112 48 
7 8 45 46 112 48 
7 8 45 46 112 48 
7 8 45 46 112 48 
7 8 45 46 112 48 
7 8 45 46 112 48 
7 8 45 46 112 48 
7 8 45 46 112 48 
7 8 45 46 112 48 
7 8 45 46 112 48 
7 8 45 46 112 48 
7 8 45 46 112 48 
7 8 45 46 112 48 
7 8 45 46 112 48 
7 8 45 46 112 48 
7 8 45 46 112 48 
7 8 45 46 112 48 
7 8 45 46 112 48 