16 17 69 19 72 
16 17 69 19 72 
16 17 69 72 
16 17 69 72 
16 17 69 72 
16 17 69 72 
16 17 69 72 
16 17 69 72 
16 17 69 72 
16 17 69 72 
16 17 69 72 
16 17 69 72 
16 17 69 72 
16 17 69 72 
16 17 69 72 
16 17 69 72 
16 17 69 72 
16 17 69 72 
16 17 69 72 
16 17 69 72 
16 17 69 72 
16 17 69 72 
16 17 69 72 
16 17 69 72 
16 17 69 72 
16 17 69 72 
16 17 69 72 
16 17 69 72 
16 17 69 72 
16 17 69 72 
16 17 69 72 
16 17 69 72 
16 17 69 72 
16 17 69 72 
16 17 69 72 
16 17 69 72 
16 17 69 72 
16 17 69 72 
16 17 69 72 
16 17 69 72 
16 17 69 72 
16 17 69 72 
16 17 69 72 
16 17 69 72 
16 17 69 72 
16 17 69 72 
16 17 69 72 
16 17 69 72 
16 17 69 72 
16 17 69 72 
16 17 69 72 
16 17 69 72 
16 17 69 19 72 
16 17 69 72 
16 17 69 72 
16 17 69 72 
16 17 69 72 
16 17 69 72 
16 17 69 72 
16 17 69 72 
16 17 69 72 
16 17 132 69 72 
16 17 69 72 
16 17 69 59 15 72 
16 17 69 72 
16 17 69 62 72 
16 17 69 72 
16 17 69 72 
16 17 69 72 
16 17 132 69 72 
16 26 27 17 7 69 72 
16 17 69 72 
16 17 69 72 
16 17 69 72 
16 17 69 72 
16 17 69 72 
16 17 69 72 
16 17 69 72 
16 17 69 72 
16 17 69 62 72 
16 17 69 72 
16 17 69 72 
16 17 69 72 
16 17 69 72 
16 17 69 72 
16 17 69 72 
16 17 69 72 
16 17 69 72 
16 17 69 72 
16 17 69 72 
16 17 69 72 
16 17 69 72 
16 17 69 72 
16 17 69 72 
16 17 69 72 
16 17 69 72 
16 17 69 72 
16 27 17 7 69 72 83 43 
16 17 69 72 
16 17 69 72 
16 17 69 72 
16 17 69 72 
16 17 69 62 72 
16 17 69 72 
16 17 69 72 
16 17 69 72 
16 17 69 72 
16 17 69 72 
16 17 69 72 
16 17 69 72 
16 17 69 72 
16 17 69 72 
16 17 69 72 
16 17 69 72 
16 17 69 72 
16 17 69 72 
16 17 69 72 
16 17 69 72 
16 32 17 33 69 72 
16 17 69 72 
16 17 69 72 
16 17 69 72 
16 17 69 72 
16 17 69 72 
16 17 69 72 
16 17 69 59 15 72 
16 17 69 72 
16 17 69 72 
16 17 69 72 
16 17 69 72 
16 17 69 72 
16 17 69 72 
16 17 69 72 
16 17 69 59 15 72 
16 152 17 69 23 24 153 72 55 
16 17 69 72 
16 17 69 72 
16 17 69 72 
16 17 69 72 
16 17 69 72 
16 17 69 72 
16 17 69 72 
16 17 69 72 
16 17 69 72 
16 17 69 72 
16 17 69 72 
16 17 69 72 
16 17 69 72 
16 17 69 72 
16 17 69 72 
16 17 69 72 
16 17 69 72 
16 17 69 72 
16 17 69 59 15 72 
16 17 69 72 
16 17 69 72 
16 17 69 72 
16 17 69 72 
16 17 69 72 
16 17 69 72 
16 17 69 72 
16 17 69 72 
16 17 69 72 
16 17 69 72 
16 17 69 72 
16 17 69 72 
16 17 69 72 
16 17 69 72 
16 17 69 72 
16 17 69 72 
16 17 69 72 
16 17 69 72 
16 17 69 19 72 
16 17 69 72 
16 17 69 19 72 
16 17 69 19 72 
16 17 69 72 
16 17 69 72 
16 17 69 72 
16 17 69 72 
16 17 69 19 72 
16 17 69 19 72 
16 27 17 7 69 72 83 43 
16 17 69 72 
16 27 17 7 69 72 83 43 
16 27 17 7 69 72 83 43 
16 17 69 72 
16 17 69 72 
16 17 69 72 
16 17 69 72 
16 17 69 72 
16 17 69 72 
16 17 69 72 
16 17 132 69 72 
16 17 69 72 
16 17 69 72 
16 17 69 72 
16 17 69 72 
16 17 69 72 
16 17 69 72 
16 17 69 72 
16 17 69 72 
16 17 69 72 
16 17 69 72 
16 17 69 72 
16 17 69 72 
16 17 69 72 
16 17 69 72 
16 17 69 72 
16 17 69 72 
16 17 69 72 
16 17 69 72 
16 17 69 72 
16 17 69 72 
16 17 69 72 
16 17 69 72 
16 17 69 72 
16 17 69 72 
16 17 69 72 
16 17 69 72 
16 17 69 72 
16 17 69 72 
16 17 69 72 
16 17 69 72 
16 17 69 62 72 
16 27 17 7 69 72 83 43 
16 17 69 72 
16 17 69 72 
16 17 69 72 
16 17 69 72 
16 17 69 72 
16 17 69 15 72 
16 17 69 72 
16 17 69 72 
16 17 69 72 
16 17 69 72 
16 17 69 72 
16 17 69 72 
16 17 69 72 
16 17 69 59 15 72 
16 17 69 72 
16 17 69 62 72 
16 17 69 72 
16 17 69 62 72 
16 17 69 15 72 82 
16 17 69 15 72 82 
16 17 69 15 72 82 
16 17 69 15 72 82 
16 17 69 72 
16 17 69 72 
16 17 69 72 
16 17 69 72 
16 17 69 72 
16 17 69 15 72 
16 17 69 72 
16 17 69 72 