27 42 7 8 57 43 
27 42 7 8 57 43 
16 27 42 7 8 19 57 43 
27 42 7 8 57 43 
27 42 7 8 57 43 
27 42 7 8 57 43 
27 42 7 8 57 43 
27 42 7 8 57 43 
27 42 7 8 57 43 
27 42 7 8 183 43 
27 42 7 8 183 43 
27 42 7 8 57 43 
27 42 7 8 57 43 
27 42 7 8 57 43 
27 42 7 8 57 43 
27 42 7 8 57 43 
27 42 7 8 57 43 
27 42 7 8 59 15 57 43 
27 42 7 8 57 43 
27 42 7 8 57 43 
27 42 7 8 57 43 
27 42 7 8 57 43 
27 42 7 8 57 43 
27 42 7 8 57 43 
27 42 26 7 8 57 43 
27 42 7 8 57 43 
27 42 7 8 57 43 
27 42 7 8 57 43 
32 16 27 42 17 7 8 33 57 43 
27 42 7 8 57 43 
27 42 7 8 57 43 
27 42 7 8 57 43 
27 42 7 8 57 43 
27 42 7 8 57 43 
27 42 7 8 183 43 
27 42 7 8 57 43 
27 42 7 8 57 43 
27 42 7 8 57 43 
27 42 7 8 57 43 
27 42 26 7 8 57 43 
32 16 27 42 17 7 8 33 57 43 
27 42 7 8 57 43 
27 42 7 8 57 43 
27 42 7 8 57 43 
27 42 7 8 57 43 
27 42 7 8 57 43 
27 42 7 8 57 43 
27 42 7 8 57 43 
27 42 7 8 57 43 
27 42 7 8 57 43 
27 42 7 8 57 43 
27 42 7 8 57 43 
27 42 7 8 57 43 
27 42 7 8 57 43 
27 42 7 8 57 43 
27 42 7 8 57 43 
27 42 7 8 57 43 
27 42 7 8 57 43 
27 42 7 8 57 43 
27 42 7 8 57 43 
27 42 7 8 57 43 
27 42 7 8 57 43 
27 42 26 7 8 57 43 
27 42 7 8 57 43 
27 42 7 8 57 43 
32 16 27 42 17 7 8 33 57 43 
27 42 7 8 57 43 
27 42 7 8 57 43 
27 42 7 8 183 43 
27 42 7 8 57 43 
27 42 7 8 57 43 
27 42 7 8 57 43 
27 42 26 7 8 57 43 
27 42 7 8 57 43 
32 16 27 42 17 7 8 33 57 43 
27 42 7 8 57 43 
27 42 7 8 57 43 
27 42 7 8 57 43 
27 42 7 8 57 43 
27 42 7 8 183 43 
27 42 7 8 57 43 
27 42 7 8 57 43 
27 42 7 8 183 43 
27 42 7 8 57 43 
27 42 7 8 183 43 
27 42 7 8 183 43 
27 42 7 8 183 43 
27 42 7 8 183 43 
27 42 7 8 57 43 
27 42 7 8 57 43 
27 42 7 8 57 43 
27 42 7 8 57 43 
27 42 7 8 57 43 
27 42 7 8 57 43 
27 42 7 8 57 43 
27 42 7 8 183 43 
27 42 7 8 183 43 
27 42 7 8 57 43 
27 42 7 8 57 43 
27 42 7 8 57 43 
27 42 7 8 57 43 
27 42 7 8 183 43 
27 42 7 8 57 43 
27 42 7 8 183 43 
27 42 7 8 183 43 
27 42 7 8 57 43 
27 42 7 8 57 43 
27 42 7 8 57 43 
27 42 7 8 57 43 
27 42 7 8 183 43 
27 42 7 8 57 43 
27 42 7 8 57 43 
27 42 7 8 57 43 
27 42 7 8 57 43 
27 42 7 8 57 43 
27 42 7 8 57 43 
32 16 27 42 17 7 8 33 57 43 
27 42 7 8 57 43 
27 42 7 8 183 43 
27 42 7 8 57 43 
27 42 7 8 59 15 57 43 
27 42 7 8 59 15 57 43 
27 42 7 8 59 15 57 43 
27 42 7 8 57 43 
27 42 7 8 57 43 
27 42 7 8 57 43 
27 42 7 8 57 43 
27 42 7 8 57 43 
27 42 7 8 183 43 
27 42 7 8 183 43 
27 42 7 8 59 15 57 43 
27 42 7 8 57 43 
27 42 7 8 57 43 
27 42 7 8 57 43 
27 42 7 8 57 43 
27 42 7 8 183 43 
27 42 7 8 57 43 
27 42 7 8 57 43 
27 42 7 8 57 43 
27 42 7 8 57 43 
27 42 7 8 57 43 
27 42 7 8 57 43 
27 42 7 8 57 43 
27 42 7 8 183 43 
27 42 7 8 57 43 
27 42 7 8 57 43 
27 42 7 8 57 43 
27 42 7 8 57 43 
27 42 7 8 57 43 
27 42 7 8 57 43 
27 42 7 8 57 43 
16 27 42 7 8 57 43 
27 42 7 8 183 43 
27 42 7 8 57 43 
27 42 7 8 22 23 24 57 43 
27 42 7 8 57 43 
27 42 7 8 183 43 
27 42 7 8 57 43 
27 42 7 8 57 43 
27 42 7 8 57 43 
27 42 7 8 57 43 
27 42 7 8 57 43 
27 42 7 8 57 43 
27 42 7 8 57 43 
27 42 7 8 183 43 
27 42 7 8 57 43 
27 42 7 8 57 43 
27 42 7 8 57 43 
27 42 7 8 57 43 
27 42 7 8 57 43 
27 42 7 8 57 43 
27 42 7 8 57 43 
27 42 7 8 183 43 
27 42 7 8 183 43 
27 42 7 8 57 43 
27 42 7 8 57 43 
27 42 7 8 57 43 
27 42 7 8 57 43 
27 42 7 8 57 43 
41 27 42 7 8 57 43 
41 27 42 7 8 57 43 
27 42 7 8 183 43 
27 42 7 8 183 43 
27 42 7 8 57 43 
27 42 7 8 57 43 
27 42 7 8 57 43 
27 42 7 8 57 43 
27 42 7 8 57 43 
27 42 7 8 57 43 
27 42 7 8 57 43 
27 42 7 8 57 43 
27 42 7 8 57 43 
27 42 7 8 57 43 
27 42 7 8 57 43 
27 42 7 8 57 43 
16 27 42 7 8 57 43 
27 42 7 8 57 43 
27 42 7 8 183 43 
27 42 7 8 57 43 
27 42 7 8 57 43 
27 42 7 8 57 43 
27 42 7 8 183 43 
27 42 7 8 57 43 
27 42 7 8 57 43 
27 42 7 8 59 15 57 43 
27 42 7 8 57 43 
27 42 7 8 183 43 81 
27 42 7 8 183 43 
27 42 7 8 57 43 
27 42 7 8 57 43 
27 42 7 8 57 43 
27 42 7 8 57 43 
27 42 7 8 57 43 
27 42 7 8 57 43 
27 42 7 8 183 43 
27 42 7 8 183 43 
27 42 7 8 183 43 
27 42 7 8 57 43 
27 42 7 8 57 43 
27 42 7 8 57 43 
27 42 7 8 183 43 
27 42 7 8 183 43 
27 42 7 8 183 43 
27 42 7 8 183 43 
27 42 7 8 183 43 
27 42 7 8 183 43 
27 42 7 8 22 23 24 57 43 
27 42 7 8 57 43 
27 42 7 8 183 43 