16 27 17 7 69 72 83 43 
16 27 17 7 69 72 83 43 
16 27 17 7 69 72 83 43 
16 27 17 7 69 72 83 43 
16 17 69 19 72 
16 27 17 7 69 72 83 43 
16 27 17 7 69 72 83 43 
16 27 17 7 69 72 83 43 
16 27 17 7 69 72 83 43 
16 27 17 7 69 72 83 43 
16 17 69 72 
16 27 17 7 69 72 83 43 
16 27 17 7 69 72 83 43 
16 27 17 7 69 72 83 43 
16 17 69 72 
16 27 17 7 69 72 83 43 
16 27 17 7 69 72 83 43 
16 27 17 7 69 72 83 43 
16 27 17 7 69 72 83 43 
16 17 69 72 
16 27 17 7 69 72 83 43 
16 27 17 7 69 72 83 43 
16 27 17 7 69 72 83 43 
16 27 17 7 69 72 83 43 
16 27 17 7 69 72 83 43 
16 27 17 7 69 72 83 43 
16 27 17 7 69 72 83 43 
16 17 69 72 
16 17 69 72 
16 17 69 72 
16 27 17 7 69 72 83 43 
16 17 69 72 
16 27 17 7 69 72 83 43 
16 27 17 7 69 72 83 43 
16 27 17 7 69 72 83 43 
16 27 17 7 69 72 83 43 
16 17 69 72 
16 27 17 7 69 72 83 43 
16 27 17 7 69 72 83 43 
16 17 69 72 
16 17 69 72 
16 27 17 7 69 72 83 43 
16 17 132 69 72 
16 27 17 7 69 72 83 43 
16 27 17 7 69 72 83 43 
16 27 17 7 69 72 83 43 
16 27 17 7 69 72 83 43 
16 27 17 7 69 72 83 43 
16 27 17 7 69 72 83 43 
16 27 17 7 69 72 83 43 
16 27 17 7 69 72 83 43 
16 27 17 7 69 72 83 43 
16 17 69 72 
16 27 17 7 69 72 83 43 
16 27 17 7 69 72 83 43 
16 27 17 7 69 72 83 43 
16 27 17 7 69 72 83 43 
16 17 69 72 
16 17 69 72 
16 27 17 7 69 72 83 43 
16 27 17 7 69 72 83 43 
16 27 17 7 69 72 83 43 
16 27 17 7 69 72 83 43 
16 27 17 7 69 72 83 43 
16 27 17 7 69 72 83 43 
16 17 69 72 
16 17 69 72 
16 17 69 72 
16 27 17 7 69 72 83 43 
16 27 17 7 69 72 83 43 
16 27 17 7 69 72 83 43 
16 27 17 7 69 72 83 43 
16 17 69 72 
16 27 17 7 69 72 83 43 
16 27 17 7 69 72 83 43 
16 27 17 7 69 72 83 43 
16 27 17 7 69 72 83 43 
16 27 17 7 69 72 83 43 
16 27 17 7 69 72 83 43 
16 27 17 7 69 72 83 43 
16 27 17 7 69 72 83 43 
16 27 17 7 69 72 83 43 
16 27 17 7 69 72 83 43 
16 27 17 7 69 72 83 43 
16 27 17 7 69 72 83 43 
16 27 17 7 69 72 83 43 
16 27 17 7 69 72 83 43 
16 17 69 72 
16 17 69 59 15 72 
16 27 17 7 69 72 83 43 
16 27 17 7 69 72 83 43 
16 27 17 7 69 72 83 43 
16 27 17 7 69 72 83 43 
16 17 69 72 
16 27 17 7 69 72 83 43 
16 27 17 7 69 72 83 43 
16 17 69 72 
16 27 17 7 69 72 83 43 
16 27 17 7 69 72 83 43 
16 27 17 7 69 72 83 43 
16 27 17 7 69 72 83 43 
16 27 17 7 69 72 83 43 
16 17 69 72 