27 26 7 8 
27 7 8 
27 26 7 8 
27 7 8 
16 27 17 7 8 62 
27 26 7 8 246 
27 7 8 
27 7 8 186 
27 7 8 186 59 15 
27 7 8 186 
16 27 7 8 186 19 
27 7 8 411 186 
27 7 8 186 
27 7 8 186 43 
27 7 8 186 
27 7 8 186 
27 7 8 186 
27 7 8 186 
27 7 8 186 
27 7 8 186 
27 7 8 186 
27 7 8 186 
27 7 8 186 
27 7 8 186 
27 7 8 186 
27 7 8 186 
27 7 8 186 
27 7 8 186 
27 7 8 186 
27 7 8 186 
27 7 8 186 
27 7 8 186 
27 7 8 186 
27 7 8 186 
27 7 8 186 
27 7 8 186 
27 7 8 186 
27 7 8 186 
27 7 8 186 
27 7 8 186 
27 7 8 186 
27 7 45 8 46 47 48 
27 7 8 186 
27 7 8 186 
27 7 8 186 
27 7 8 186 
27 7 8 186 
27 7 8 186 
27 7 8 186 
27 7 8 186 
27 7 8 186 
27 7 8 186 
27 7 8 186 
26 27 7 8 186 243 
27 7 8 186 
27 7 8 186 
27 7 8 186 
27 7 8 186 
27 7 8 186 
27 7 8 186 
27 7 8 186 
27 7 8 186 
27 7 8 186 
27 7 8 186 
27 7 8 186 
27 7 8 186 
27 7 8 186 
27 7 8 186 
27 7 8 186 
27 7 8 186 
27 7 8 186 
27 7 8 186 
27 7 8 186 
27 7 8 186 
27 7 8 186 
27 7 8 186 
27 7 8 186 
27 26 7 349 8 
27 7 8 186 
27 7 8 186 
27 7 8 186 
27 7 8 186 
27 7 8 186 
27 7 8 186 
27 7 8 186 
27 7 8 186 
27 7 8 186 
27 7 8 186 
27 7 8 186 
27 7 8 186 
27 26 7 8 
27 7 8 186 
27 7 8 186 
27 7 8 186 
27 7 8 186 
27 7 8 186 
27 7 8 186 
27 7 8 186 
27 7 8 186 
27 7 8 186 
27 7 8 186 
27 7 8 186 94 10 
27 7 8 186 
27 7 8 186 
27 7 8 186 
27 7 8 186 
27 7 8 186 
27 7 8 186 
27 7 8 186 
27 7 8 186 
27 7 8 186 
27 7 8 186 
27 7 8 186 
27 7 8 186 
27 7 8 186 
27 7 8 186 
27 7 8 186 
27 7 8 186 
27 7 8 186 
26 27 7 8 186 
27 7 8 186 
27 7 8 186 
27 7 8 186 
27 7 8 186 
27 7 8 186 
27 7 8 186 
27 7 8 186 
27 7 8 186 