52 59 15 53 
52 20 39 53 
52 53 
52 53 
52 53 
52 53 
52 53 
52 53 
16 52 19 84 53 
52 53 
52 53 
52 53 
52 53 
16 17 52 62 53 
52 53 
52 53 
52 53 
52 53 
52 53 
16 17 52 62 53 
52 53 
52 53 
52 53 
52 53 
52 53 
52 53 
16 52 53 
52 53 
52 53 
16 52 19 53 
52 53 
52 53 
52 53 
52 53 
52 53 
52 53 
52 53 
52 53 
52 53 
52 53 
52 53 
52 3 340 53 
52 53 
52 53 
52 53 
52 53 
52 53 
52 53 
32 16 17 52 33 53 
52 53 
52 53 
52 53 
52 53 
52 53 
52 53 
52 53 
52 53 
52 3 65 53 
52 53 
52 53 
52 3 65 53 
52 15 53 
52 53 
52 53 
52 53 
52 53 
52 53 
52 53 
52 53 
52 53 
16 17 52 122 101 53 
52 53 
52 53 
52 53 
52 53 
52 53 
52 53 
52 53 
52 53 
63 52 3 53 
52 53 
16 17 52 53 
52 53 
52 53 
52 53 
52 53 
52 53 
52 53 
52 53 
52 53 
52 53 
52 53 
52 59 15 53 
52 53 
52 53 
52 53 
52 53 
52 28 23 24 53 
52 3 65 53 
52 53 
52 53 
52 53 
52 53 
52 53 
52 53 
63 52 3 53 
52 53 
52 53 
52 53 
52 53 
52 53 
52 3 340 53 
52 53 
52 15 53 
52 53 
52 53 
52 53 
52 53 
52 53 
52 3 340 53 
52 53 
52 53 
52 53 
52 53 
52 59 15 53 
52 53 
52 53 
52 53 
52 53 
52 53 
52 53 
52 53 
52 53 
52 53 
52 53 
52 53 
52 53 
52 53 
52 53 
52 53 
52 3 65 53 
52 53 
52 53 
52 53 
52 53 
52 53 
52 3 340 53 
52 53 
52 53 
52 53 
52 53 
52 53 
52 53 
52 53 
52 53 
52 53 
92 7 52 53 
52 53 
16 17 52 70 53 
114 7 52 118 10 53 
52 53 
52 53 
52 53 
52 53 
16 52 19 53 
52 53 
52 53 
52 53 
7 52 295 46 53 48 
52 53 
52 53 
52 53 
52 53 
52 53 
52 3 340 53 
52 53 
52 53 
52 53 
7 52 53 
52 53 
52 53 
52 53 
52 53 
52 53 
52 53 
52 53 
52 53 
52 53 
52 53 
52 53 
52 53 
52 53 
52 53 
52 53 
52 53 
52 53 
52 53 
52 53 
52 53 
52 53 
52 53 
52 53 
52 53 
52 53 
16 52 19 84 53 
52 53 
52 53 
52 53 
16 52 19 84 53 
52 53 
63 52 3 53 
52 53 
52 53 
52 53 
52 53 
52 53 
7 52 53 
52 53 
52 53 
52 53 
52 53 
52 53 
52 53 
52 53 
52 53 
52 53 
52 53 
52 53 
52 53 
52 53 
52 53 
52 53 
52 53 
52 3 340 53 
52 53 
52 53 
52 53 
52 53 
52 53 
52 53 
52 53 
52 53 
52 53 
52 53 
52 53 
52 59 15 53 
52 53 
52 53 
52 53 
52 53 
52 3 163 53 
52 53 
52 53 
52 53 
52 53 
52 53 
52 53 
52 53 
52 53 
52 53 
52 53 
52 53 
52 53 
52 53 
52 53 
7 52 53 
52 53 
52 53 
52 53 
52 53 
52 53 
52 53 
52 53 
73 52 74 75 53 
52 53 
52 53 
52 53 
52 53 
52 53 
52 53 
52 53 
52 53 
52 53 
52 53 
52 53 
52 3 53 
52 53 
52 53 
52 53 
52 53 
52 53 
52 53 
52 53 
52 53 
52 53 
52 53 
52 53 
52 53 
52 53 
52 53 
52 53 
52 53 
52 53 
52 53 
52 53 
52 15 53 
52 53 
52 53 
52 53 
52 53 
52 53 
52 53 
52 53 
52 53 
52 53 
52 53 
52 53 
52 3 163 53 
52 53 
52 15 53 
52 53 
52 53 
52 53 
52 53 
52 53 
52 53 
52 53 
52 53 
52 53 
52 53 
52 53 
52 53 
93 73 52 74 53 
93 73 52 74 53 
52 53 
52 53 
52 53 
52 53 
52 15 53 
52 53 
52 53 
52 53 
52 53 
52 53 
52 53 
52 53 
52 53 
52 53 
52 53 
16 17 52 70 53 
52 53 
16 52 19 53 
52 53 
52 53 
52 53 
52 53 
52 53 
52 53 
52 53 
52 53 
52 3 340 53 
52 53 
52 53 
52 53 
52 53 
52 53 
52 53 
52 53 
52 53 
52 53 
52 53 
52 53 
52 53 
52 15 53 
52 53 
52 53 
52 53 
52 53 
52 53 
52 53 
52 15 53 
52 3 65 53 
52 53 
52 3 340 53 
52 53 
52 53 
52 53 
52 53 
52 53 
52 53 
52 53 
52 53 
52 53 
52 53 
52 53 
52 53 
52 53 
52 53 
52 3 340 53 
52 53 
52 53 
52 53 
52 53 
52 53 
7 52 53 
52 53 
52 53 
52 3 340 53 
52 3 340 53 
52 53 
52 53 
52 3 340 53 
52 53 
52 53 
52 53 
52 53 
52 53 
52 53 
52 53 
52 53 
52 53 
52 53 
16 52 19 53 
52 3 340 53 
52 53 
52 53 
52 53 
52 53 
52 53 
7 52 53 
52 53 
30 31 52 53 
52 53 
52 53 
52 53 
52 53 
52 53 
52 53 
52 53 
52 53 
52 53 
52 53 
52 53 
52 28 23 24 53 
52 53 
52 53 
52 53 
52 53 
52 53 
52 53 
52 53 
52 53 
52 53 
52 53 
52 53 
52 53 
52 53 
52 53 
52 53 
7 52 53 
52 53 
52 53 
52 53 
52 53 
52 53 
52 53 
52 53 
52 53 
52 53 
52 53 
32 16 17 52 33 53 
52 53 
52 53 
52 53 
16 52 19 53 
32 16 17 52 33 53 
16 17 52 122 101 53 
52 53 
32 16 17 52 33 53 
52 53 
52 53 
63 52 3 53 
52 53 
52 53 
52 53 
52 53 
52 3 340 53 
52 3 340 53 
52 53 
52 53 
52 28 23 24 53 
52 53 
52 53 
52 53 
52 53 
52 53 
52 53 
52 15 53 82 
52 53 
52 53 
52 53 
52 53 
13 52 15 53 
52 53 
52 53 
52 53 
52 53 
52 53 
52 53 
52 53 
52 53 
26 27 7 52 53 
52 53 
52 53 
52 53 
52 53 
52 3 65 53 
52 53 
16 17 52 62 53 
52 53 
52 15 53 82 
52 53 
52 53 
52 53 
52 53 
52 53 
52 53 
52 53 
52 53 
52 15 53 
52 53 
52 53 
52 3 340 53 
52 53 
52 53 
52 53 
52 3 340 53 
52 53 
16 17 52 53 
52 53 
52 53 
52 53 
52 53 
52 53 
52 53 
52 53 
52 53 
52 53 
52 53 
13 52 15 53 
52 53 
52 53 
13 52 15 53 
16 17 52 70 53 
52 53 
52 53 
52 53 
16 52 19 53 
52 53 
52 53 
52 53 
52 53 
52 3 53 
52 53 
52 53 
52 53 
52 53 
52 53 
52 53 
52 53 
52 53 
52 53 
52 53 
52 3 65 53 
52 53 
52 53 
52 3 65 53 
7 52 53 
52 53 
52 3 340 53 
52 53 
52 53 
52 53 
52 53 
52 53 
52 53 
52 53 
52 53 
52 53 
52 3 340 53 
52 3 340 53 
52 53 
52 53 
16 17 52 53 
52 53 
52 53 
52 53 
52 53 
16 52 19 53 
52 3 65 53 
52 53 
52 53 
16 52 53 
52 53 
52 3 65 53 
52 3 65 53 
52 53 
52 53 
52 53 
52 53 
52 3 65 53 
52 53 
52 53 
52 53 
52 53 
52 53 
52 53 
52 53 
52 53 
52 53 
52 53 
52 53 
52 53 
52 53 
52 53 
52 53 
52 53 
52 15 53 
52 53 
52 53 
52 53 
52 53 
52 53 
52 53 
16 52 19 84 53 
63 52 3 53 
52 53 
16 52 19 53 
32 16 17 52 33 53 
52 53 
52 53 
52 53 
52 53 
52 53 
52 53 
16 17 52 70 53 
52 53 
52 3 340 53 
52 3 340 53 
52 53 
52 305 23 24 53 55 
52 305 23 24 53 55 
16 52 53 