16 37 19 233 
16 37 19 233 
16 37 19 233 
16 37 19 233 
16 327 37 19 329 
16 37 19 233 
16 37 19 233 
16 37 19 233 
16 327 37 19 329 
16 327 37 19 329 
16 37 19 233 
16 327 37 19 329 
16 327 37 19 329 
16 327 37 19 329 
16 37 19 233 
16 37 19 233 
16 37 19 233 
16 37 19 233 
16 37 19 233 
16 37 19 233 
16 37 19 233 
16 327 37 19 329 
16 327 37 19 329 
16 37 19 233 
16 37 19 233 
16 37 19 233 
16 37 19 233 
16 37 19 233 
16 37 19 233 
16 37 19 233 
16 37 19 233 
16 37 19 233 
16 37 19 233 
16 327 37 19 329 
16 327 37 19 329 
16 327 37 19 329 
16 37 19 233 
16 37 19 233 
16 327 37 19 329 
16 327 37 19 329 
16 327 37 19 329 
16 37 19 233 
16 327 37 19 329 
16 37 19 233 
16 37 19 233 
16 327 37 19 329 
16 37 19 233 
16 327 37 19 329 
16 327 37 19 329 
16 327 37 19 329 
16 327 37 19 329 
16 37 19 233 
16 327 37 19 329 
16 327 37 19 329 
16 327 37 19 329 
16 327 37 19 329 
16 37 19 233 
16 327 37 19 329 
16 327 37 19 329 
16 37 19 233 
16 37 19 233 
16 37 19 233 
16 37 19 233 
16 37 19 233 
16 37 19 233 
16 37 19 233 
16 37 19 233 
16 37 19 233 
16 37 19 233 
16 37 19 233 
16 37 19 233 
16 37 19 233 
16 37 19 233 
16 37 19 233 
16 37 19 233 
16 37 19 233 
16 327 37 19 329 
16 37 19 233 
16 37 19 233 
16 37 19 233 
16 37 19 233 
16 37 19 233 
16 327 7 37 19 329 
16 327 7 37 19 329 
16 37 19 233 
16 37 19 233 
16 37 19 233 
16 37 19 233 
16 37 19 233 
16 37 19 233 