1 15 16 
1 15 16 
1 15 16 
1 15 16 
1 15 16 
1 15 16 
1 15 16 
1 15 16 
1 15 16 
1 15 16 
1 15 16 
1 15 16 43 
1 15 16 
1 15 16 
1 15 16 
1 15 16 
1 15 16 
1 15 16 
1 15 16 
1 15 16 
1 15 16 
1 15 16 
1 15 16 
1 15 16 
1 15 16 
1 15 16 
1 15 16 
1 15 16 
1 15 16 
1 15 16 
1 15 16 
1 15 16 
1 15 16 
1 15 16 
1 15 16 
1 15 16 
1 54 15 51 16 222 192 
1 15 16 
1 15 16 
1 15 16 
1 15 16 
1 54 15 51 16 222 192 
1 54 15 51 16 222 192 
1 15 16 
1 15 16 
1 15 16 
1 15 16 
1 54 15 51 16 222 192 
1 54 15 51 16 222 192 
1 15 2 16 
1 15 16 
1 15 16 
1 15 16 
1 54 15 51 16 222 192 
1 15 16 
1 15 16 
1 15 16 
1 15 16 
1 15 16 
1 164 15 16 
1 15 16 
1 15 16 
1 15 16 
1 15 16 
1 15 16 
1 15 16 
1 15 16 
1 15 16 
1 15 16 
1 15 16 
1 15 16 
1 15 16 
1 15 16 
1 15 16 
1 15 16 
1 15 16 
1 15 16 
1 15 16 
1 15 16 
1 15 16 
1 15 16 
1 15 16 
1 15 16 
1 264 15 38 16 
1 15 51 16 313 78 
1 15 16 
1 15 16 
1 15 16 
1 15 16 
1 15 16 
1 15 16 
1 15 16 
1 15 16 57 
1 15 16 57 
1 15 16 
1 184 15 185 16 
1 15 16 57 
1 15 16 57 
1 15 16 57 
1 15 16 57 
1 15 16 57 
1 15 51 16 375 78 
1 15 16 
1 15 16 
1 15 16 
1 15 16 
1 15 16 
1 15 16 
1 15 16 
1 15 16 
1 15 16 
1 15 16 
1 15 16 
1 15 16 
1 164 15 16 
1 15 16 
1 15 16 
1 15 51 16 375 78 
1 15 16 
1 15 16 
1 15 16 
1 15 16 
1 15 16 
1 15 16 
1 15 51 16 313 78 
1 15 16 
1 15 16 
1 164 15 16 
1 15 16 
1 15 16 
1 15 16 
1 15 16 
1 15 16 
1 15 16 43 
1 15 16 
1 15 16 
1 15 16 
1 15 16 
1 15 16 
1 15 16 
1 15 51 16 375 78 
1 15 16 
1 15 16 
1 15 16 
1 15 16 
1 15 16 
1 15 16 
1 15 16 
1 164 15 16 
1 15 16 
1 15 16 
1 15 16 
1 15 16 
1 15 16 
1 15 16 
1 15 16 43 
1 15 51 16 375 78 
1 15 16 
1 15 16 
1 15 16 
1 15 16 
1 15 16 
1 15 16 
1 15 16 
1 15 16 
1 408 409 15 51 16 52 
1 15 16 
1 15 16 
1 15 16 
1 15 16 
1 15 16 
1 15 16 
1 15 16 
1 15 16 
1 15 16 
1 15 16 
1 15 16 
1 15 16 
1 15 16 
1 15 16 
1 15 16 
1 164 15 16 
1 15 16 
1 15 16 
1 15 16 
1 164 15 16 
1 15 16 
1 15 16 
1 15 16 
1 15 16 
1 15 16 
1 15 16 
1 15 16 
1 15 16 
1 15 16 
1 15 51 601 16 
1 15 16 
1 15 16 
1 15 16 
1 15 16 
1 15 16 
1 15 16 
1 15 16 
1 15 16 
1 15 16 
1 15 16 
1 15 16 
1 15 16 
1 15 16 
1 15 16 
1 15 16 
1 15 16 
1 15 16 
1 15 16 
1 15 16 
1 15 51 601 16 
1 15 16 
1 15 16 
1 15 16 
1 15 16 
1 15 16 
1 15 16 
1 15 16 
1 15 16 
1 15 16 
1 15 16 
1 15 16 
1 15 16 
1 15 16 
1 15 16 
1 15 16 
1 15 16 
1 15 16 
1 15 16 
1 15 16 43 
1 15 16 
1 15 16 
1 15 16 
1 15 16 
1 15 16 
1 15 16 
1 15 16 
1 15 16 
1 164 15 16 
1 15 16 
1 15 16 
1 15 16 
1 15 16 
1 15 16 
1 15 16 
1 15 16 
1 15 16 
1 15 16 
1 15 16 
1 15 16 
1 15 16 
1 15 16 
1 15 16 
1 15 16 
1 15 16 
1 54 15 51 16 222 192 
1 15 16 
1 54 15 51 16 222 192 
1 15 16 
1 54 15 51 16 222 192 
1 15 2 16 
1 15 16 
1 54 15 51 16 222 192 
1 15 16 
1 15 16 
1 15 16 
1 15 16 
1 15 16 
1 15 16 
1 15 16 
1 15 16 
1 15 16 
1 15 16 
1 15 16 
1 15 16 
1 15 16 
1 15 16 
1 15 16 
1 15 16 
1 15 16 
1 15 16 
1 15 16 
1 15 16 
1 15 16 
1 15 16 
1 15 16 
1 15 16 
1 15 16 
1 15 16 
1 15 16 
1 15 16 
1 15 16 
1 15 16 
1 15 16 
1 15 16 
1 15 16 
1 15 16 
1 15 16 
1 15 16 
1 15 16 43 
1 15 16 43 