1 303 2 94 
1 184 15 185 2 94 
1 303 2 94 
1 303 2 94 
1 303 2 94 
1 184 15 185 2 94 
1 303 2 94 
1 303 93 2 94 
1 184 15 185 2 94 
1 184 15 185 2 94 
1 303 2 94 
1 303 93 2 94 
1 303 2 94 
1 303 2 94 
1 303 2 94 
1 303 2 94 
1 303 2 94 
1 303 2 94 
1 303 2 94 
1 303 93 2 94 
1 303 93 2 94 
1 303 93 2 94 
1 303 93 2 94 
1 303 2 94 
1 93 2 94 
1 93 2 94 
1 303 93 2 94 
1 303 2 94 
1 303 2 94 
1 2 94 
1 303 2 94 
1 303 2 94 
1 303 2 94 
1 303 2 94 
1 93 2 94 
1 184 15 93 185 2 94 
1 303 2 94 
1 93 2 94 
1 303 2 94 
1 303 2 94 
1 93 2 94 
1 93 2 94 
1 303 93 2 94 
1 303 2 94 
1 303 93 2 94 
1 303 2 94 
1 303 93 2 94 
1 303 93 2 94 
1 303 2 94 
1 93 2 94 
1 93 2 94 
1 93 2 94 
1 303 93 2 94 
1 184 15 185 2 94 
1 303 2 94 
1 303 2 94 
1 303 93 2 94 
1 303 2 94 
1 303 93 2 94 
1 303 2 94 
1 93 2 94 
1 303 2 94 
1 303 2 94 
1 93 2 94 
1 93 2 94 
1 303 2 94 
1 303 2 94 
1 303 93 2 94 
1 303 2 94 
1 303 93 2 94 
1 303 2 94 
1 303 2 94 
1 303 2 94 
1 303 2 94 
1 303 2 94 
1 93 2 94 
1 93 2 94 
1 93 2 94 
1 93 2 94 
1 184 15 185 2 94 
1 303 2 94 
1 303 93 2 94 
1 303 93 2 94 
1 303 93 2 94 
1 303 93 2 94 
1 93 2 94 
1 93 2 94 
1 303 2 94 
1 303 2 94 
1 303 93 2 94 
1 303 93 2 94 
1 303 93 2 94 
1 303 93 2 94 
1 303 2 94 
1 303 2 94 
1 303 93 2 94 
1 303 93 2 94 
1 93 2 94 
1 93 2 94 
1 303 2 94 
1 303 2 94 
1 303 2 94 
1 303 2 94 
1 93 2 94 
1 303 2 94 
1 303 2 94 
1 93 2 94 
1 303 2 94 
1 303 93 2 94 
1 303 93 2 94 
1 303 2 94 
1 303 2 94 
1 93 2 94 
1 93 2 94 
1 93 2 94 
1 93 2 94 
1 303 93 2 94 
1 303 2 94 
1 303 84 2 56 57 94 
1 93 2 94 
1 93 2 94 
1 93 2 94 
1 303 93 2 94 
1 303 2 94 
1 93 2 94 
1 303 93 2 94 
1 303 93 2 94 
1 303 2 94 
1 93 2 94 
1 303 2 94 
1 303 93 2 94 
1 303 93 2 94 
1 303 93 2 94 
1 303 93 2 94 
1 303 2 94 
1 303 93 2 94 
1 303 2 94 
1 303 2 94 
1 303 93 2 94 
1 303 2 94 
1 303 93 2 94 
1 303 93 2 94 
1 93 2 94 
1 303 2 94 
1 303 2 94 
1 303 2 94 
1 303 2 94 
1 303 2 94 
1 303 2 94 
1 93 2 94 
1 93 2 94 
1 93 2 94 
1 2 94 
1 303 93 2 94 
1 303 2 94 
1 93 2 94 
1 303 2 94 
1 303 2 94 
1 93 2 94 