54 190 51 257 192 269 
54 190 51 257 192 269 
54 190 51 257 192 269 
54 190 51 257 192 269 
54 190 51 257 192 269 
54 190 51 257 192 269 
54 190 51 257 192 269 
54 190 51 257 192 269 
54 190 51 257 192 269 
54 190 51 257 192 269 
54 190 51 257 192 269 
54 190 51 257 192 269 
54 190 51 257 192 269 
54 190 51 257 192 269 
54 190 51 257 192 269 
54 190 51 257 192 269 
54 190 51 257 192 269 
54 190 51 257 192 269 
54 190 51 257 192 269 
54 190 51 257 192 269 
54 190 51 257 192 269 
54 190 51 257 192 269 
54 190 51 257 192 269 
54 190 51 257 192 269 
54 190 51 257 192 269 
54 190 51 257 192 269 
54 190 51 257 192 269 
54 190 51 257 192 269 
54 190 51 257 192 269 
54 190 51 257 192 269 
54 190 51 257 192 269 
54 190 51 257 192 269 
54 190 51 257 192 269 
54 190 51 257 192 269 
54 190 51 257 192 269 
54 190 51 257 192 269 
54 190 51 257 192 269 
54 190 51 257 192 269 
54 190 51 257 192 269 
1 54 190 15 51 257 202 192 269 
54 190 51 257 192 269 
54 190 51 257 192 269 
54 190 51 257 192 269 
54 190 51 257 192 269 
54 190 51 257 192 269 
54 190 51 257 192 269 
54 190 51 257 192 269 
54 190 51 257 192 269 
54 190 51 257 192 269 
54 190 51 257 192 269 
54 190 51 257 192 269 
54 190 51 257 192 269 
54 190 51 257 192 269 
54 190 51 257 192 269 
54 190 51 257 192 269 
54 190 51 257 192 269 
54 190 51 257 192 269 
54 190 51 257 192 269 
54 190 51 257 192 269 
54 190 51 257 192 269 
54 190 51 257 192 269 
54 190 51 257 192 269 
54 190 51 257 192 269 
54 190 51 257 192 269 
54 190 51 257 192 269 
54 190 51 257 192 269 
54 190 51 257 192 269 
54 190 51 257 192 269 
54 190 51 257 192 269 
54 190 51 257 192 269 
54 190 51 257 192 269 
54 190 51 257 192 269 
54 190 51 257 192 269 
54 190 51 257 192 269 
54 190 51 257 192 269 
54 190 51 257 192 269 
54 190 51 257 192 269 
54 190 51 257 192 269 
54 190 51 257 192 269 
54 190 51 257 192 269 