1 376 15 334 
334 514 
334 514 
334 514 
1 376 15 334 
334 514 
334 514 
1 15 334 514 
334 514 
334 514 
334 514 
334 514 
334 514 
334 514 
1 376 15 334 
334 514 
334 514 
1 376 15 334 
376 334 
334 514 
334 38 39 514 
334 514 
334 514 
1 15 334 514 
334 38 39 514 
334 514 
334 514 
334 514 
334 514 
334 514 
334 514 
1 15 334 514 
334 38 39 514 
334 38 39 514 
334 514 
1 15 334 514 
1 15 334 514 
334 514 
334 514 
1 15 334 514 
334 514 
334 514 
334 38 39 514 
1 15 334 514 
334 514 
334 514 
334 514 
1 15 334 202 514 
334 514 
1 15 334 514 
334 514 
334 514 
1 15 334 514 
334 38 39 514 
334 38 39 514 
1 15 334 514 
334 38 39 514 
334 514 
334 514 
334 38 39 514 
1 15 334 514 
334 514 
334 514 
334 514 
376 334 
334 514 
376 334 
376 334 
334 514 
334 514 
376 334 
334 514 
334 514 
334 514 
334 38 39 514 
334 514 
334 514 
334 514 
334 514 
1 15 334 514 
334 514 
1 376 15 334 16 
376 334 
376 334 
1 376 15 334 
334 514 
334 514 
334 514 
334 514 
51 334 514 
334 514 
334 514 
376 334 
334 514 
1 376 15 334 
376 334 
334 514 
334 514 
334 38 39 514 
376 334 
334 514 
334 514 
1 376 15 334 
1 376 15 334 
376 334 
334 514 
334 38 39 514 
376 334 
376 334 
334 38 39 514 
1 376 15 334 
334 514 
1 15 334 514 
334 514 
1 15 334 514 
376 334 
334 38 39 514 
376 334 
334 514 
376 334 
334 38 39 514 
334 514 
334 514 
334 514 
334 514 
334 514 
1 376 15 334 
1 376 15 334 
376 334 
376 334 
1 376 15 334 
334 514 
334 514 
1 376 15 334 
334 514 
334 514 
376 334 
376 334 
376 334 
1 376 15 334 
1 376 15 334 
1 376 15 334 
376 334 
334 38 39 514 
334 514 
376 334 
334 514 
334 38 39 514 
376 334 
334 38 39 514 
376 334 
376 334 
376 334 
334 38 39 514 
376 334 
334 514 
334 514 
334 514 
334 514 
334 38 39 514 
334 145 42 514 
1 15 334 514 
334 38 39 514 
334 38 39 514 
334 145 42 514 
334 38 39 514 
334 514 
1 15 334 514 
334 514 
376 334 
1 376 15 334 
1 15 334 514 
334 514 
334 514 
1 376 15 334 
334 514 
334 38 39 514 
334 514 
376 334 
334 514 
334 514 
334 514 
334 514 
334 514 
334 514 
334 514 
334 514 
334 514 
334 514 
334 514 
334 514 
334 514 
334 38 39 514 
334 514 
334 514 
334 514 
334 514 
334 514 
1 376 15 334 
334 514 
334 514 
334 514 
334 514 
376 334 
334 514 
334 514 
1 15 334 514 
334 514 
334 514 
1 15 334 514 
334 514 
376 334 
334 514 
334 38 39 514 
334 514 
334 514 
334 514 
334 514 
1 376 15 334 
334 514 
334 38 39 514 
334 514 
334 514 
1 15 334 514 
334 514 
376 334 
334 514 
334 514 
1 15 334 514 
1 376 15 334 
97 1 19 334 2 305 514 
1 15 334 514 
1 376 15 334 
1 15 334 514 
334 38 39 514 
1 376 15 334 
376 334 
334 514 
334 514 
1 15 334 514 
334 514 
1 376 15 334 
334 514 
334 514 
334 514 
1 376 15 334 
376 334 
1 376 15 334 
334 514 
376 334 
334 514 
334 514 
334 38 39 514 
334 38 39 514 
334 38 39 514 
1 15 334 514 
334 38 39 514 
334 514 
334 514 
1 15 334 514 
334 514 
334 514 
334 38 39 514 
1 15 334 514 
1 15 334 514 
334 514 
334 514 
334 514 
376 334 
334 514 
334 514 
1 376 15 334 
1 376 15 334 
334 514 
376 334 
376 334 
334 514 
334 514 
334 514 
334 514 
334 514 
334 514 
334 514 
334 514 
334 514 
1 15 334 514 
334 514 
334 514 
334 514 
334 514 
1 15 334 514 
334 514 
376 334 
376 334 
334 514 
334 514 
334 514 
376 334 
334 38 39 514 
334 514 
334 514 
1 376 15 334 
1 376 15 334 
334 514 
334 38 39 514 
334 514 
334 514 
334 514 
376 334 
334 514 
1 15 334 514 
334 514 
1 15 334 514 
1 15 334 514 
376 334 
334 514 
334 514 
334 514 
334 514 
334 514 
334 514 
334 514 
334 514 
334 514 
334 514 
334 38 39 514 
334 514 
334 38 39 514 
334 514 
334 38 39 514 
334 38 39 514 
334 514 
1 15 334 514 
334 514 
1 15 334 514 
334 514 
334 38 39 514 
376 334 
1 376 15 334 
376 334 
334 514 
376 334 
334 38 39 514 
376 334 
1 15 334 514 
334 38 39 514 
334 514 
334 514 
334 514 
334 514 
334 514 
376 334 
1 15 334 514 
1 15 334 514 
334 514 
334 38 39 514 
334 514 
1 15 334 514 
1 15 334 514 
1 15 334 514 
334 514 
376 334 
376 334 
334 38 39 514 
376 334 
376 334 
376 334 
376 334 
376 334 
376 334 
376 334 
334 514 
334 514 
376 334 
376 334 
334 514 
334 514 
334 514 
376 334 
1 376 15 334 
334 38 39 514 
1 15 334 514 
334 514 
1 15 334 514 