74 51 257 540 77 78 
74 51 257 540 77 313 78 
74 51 257 540 77 313 78 
74 51 257 540 77 313 78 
74 51 257 540 77 313 78 
74 51 257 540 77 313 78 
74 51 257 540 77 313 78 
74 51 257 540 77 313 78 
74 51 257 540 77 313 78 
74 51 257 540 77 313 78 
74 51 257 540 77 313 78 
74 51 257 540 77 313 78 
74 51 257 540 77 313 78 
74 51 257 540 77 313 78 
74 51 257 540 77 313 78 
74 51 257 540 77 313 78 
74 51 257 540 77 313 78 
74 51 257 540 77 313 78 
74 51 257 540 77 313 78 
74 51 257 540 77 313 78 
74 51 257 540 77 313 78 
74 51 257 540 77 313 78 
74 51 257 540 77 313 78 
74 51 257 540 77 313 78 
74 51 257 540 77 313 78 
74 51 257 540 77 313 78 
74 51 257 540 77 313 78 
74 51 257 540 77 313 78 
74 51 257 540 77 313 78 
74 51 257 540 77 313 78 
74 51 257 540 77 313 78 
74 51 257 540 77 313 78 
51 257 540 313 78 
74 51 257 540 77 313 78 
74 51 257 540 77 78 
51 257 540 313 78 
184 1 74 15 51 257 185 540 77 78 
74 51 257 540 77 313 78 
51 257 540 313 78 
1 74 15 51 257 540 77 78 
74 51 257 540 77 313 78 
74 51 257 540 77 313 78 
51 257 540 313 78 
74 51 257 540 77 313 78 
74 51 257 540 77 313 78 
51 257 540 313 78 
51 257 540 313 78 
74 51 257 540 77 313 78 
51 257 540 313 78 
74 53 54 51 257 540 77 78 
51 257 540 313 78 
51 257 540 313 78 
74 51 257 540 77 78 
74 51 257 540 77 78 
74 51 257 540 77 78 
74 51 257 540 77 78 
74 51 257 540 77 78 
74 51 257 540 77 78 
74 51 257 540 77 78 
74 51 257 540 77 78 
74 51 257 540 77 78 
51 257 540 313 78 
74 51 257 540 77 78 
51 257 540 313 78 
74 51 257 540 77 313 78 
74 51 257 540 77 313 78 