1 15 401 400 
1 15 114 
1 442 15 401 400 
1 15 401 400 
1 15 401 400 
1 15 401 400 
1 15 401 400 
1 15 401 400 
1 15 401 400 
1 15 401 400 
1 15 114 
1 15 401 400 
1 15 401 400 
1 15 114 
1 15 401 400 
1 15 401 400 
1 15 401 400 
1 15 114 
1 15 401 400 
1 15 401 400 
1 15 401 400 
1 15 401 400 
1 15 401 400 
1 15 401 400 
1 15 401 400 
1 442 15 401 400 
1 15 401 400 
1 15 401 400 
1 15 401 400 
1 15 401 400 
1 15 401 400 
1 15 401 400 
1 15 401 400 
1 15 401 400 
1 15 401 400 
1 15 401 400 2 
1 15 401 400 
1 15 401 400 
1 15 401 400 
1 15 401 400 
1 15 401 400 
1 15 401 400 
1 15 401 400 
1 15 401 400 
1 15 401 400 
1 15 401 400 
1 15 401 400 
1 15 401 400 
1 15 401 400 
1 442 15 401 400 
1 15 401 400 
1 15 401 400 
1 442 15 401 400 
1 442 15 401 400 
1 15 401 400 
1 442 15 401 400 
1 15 401 400 
1 15 401 400 
1 15 401 400 
1 15 401 400 
1 15 401 400 
1 15 401 400 
1 15 114 
1 15 114 
1 15 114 
1 15 401 400 
1 15 401 400 
1 15 401 400 
1 15 401 400 
1 184 15 185 114 
1 15 401 400 
1 15 114 
1 15 401 400 
1 15 202 114 234 
1 15 401 400 
1 15 401 400 
1 15 401 400 
1 15 401 400 
1 15 401 400 
1 15 401 400 
1 15 114 
1 15 114 
1 15 401 400 
1 15 401 400 
1 15 114 
1 15 114 
1 15 114 
1 15 114 
1 15 2 114 
1 15 401 400 
1 15 401 400 
1 15 401 400 
1 15 401 400 
1 15 401 400 
1 15 114 
1 15 401 400 
1 15 114 
1 15 114 
1 15 401 400 
1 15 401 400 
1 15 401 400 
1 15 401 400 
1 15 401 400 
1 15 401 400 
1 15 114 
1 15 114 
1 15 401 400 
1 442 15 401 400 
1 15 401 400 
1 15 401 400 43 
1 15 401 400 
1 15 401 400 
1 15 401 400 
1 15 401 400 
1 15 114 
1 15 401 400 
1 15 51 114 78 
1 15 114 
1 15 401 400 
1 15 114 
1 15 401 400 
1 15 114 
1 15 114 
1 15 401 400 
1 15 114 
1 15 401 400 
1 15 401 400 
1 15 401 400 
1 15 401 400 
1 15 401 400 
1 15 114 
1 15 114 
1 15 401 400 
1 15 114 
1 15 401 400 
1 15 114 
1 15 401 400 
1 15 401 400 
1 15 401 400 
1 15 401 400 
1 442 15 401 400 
1 15 114 
1 15 114 
1 15 202 114 234 
1 15 114 
1 15 114 
1 15 401 400 
1 184 15 185 114 
1 15 401 400 
1 15 401 400 
1 15 401 400 
1 15 114 
1 15 114 
1 15 401 400 
1 15 401 400 
1 15 401 400 
1 15 401 400 
1 15 401 400 
1 15 401 400 
1 15 401 400 
1 15 401 400 
1 15 401 400 
1 15 401 400 
1 15 114 
1 15 401 400 
1 15 401 400 
1 15 202 114 234 
1 15 401 400 
1 15 114 
1 15 401 400 
1 15 401 400 
1 15 114 
1 15 114 
1 15 114 
1 15 114 
1 15 114 
1 15 401 400 
1 15 401 400 
1 15 401 400 
1 15 401 400 
1 15 114 
1 15 401 400 
1 15 114 
1 15 401 400 
1 15 401 400 
1 15 401 400 
1 15 401 400 
1 15 401 400 
1 15 401 400 
1 15 401 400 
1 15 401 400 
1 15 114 
1 15 401 400 
1 15 114 
1 15 401 400 
1 15 401 400 
1 15 401 400 
1 15 202 114 234 
1 15 114 
1 15 401 400 
1 53 54 15 51 401 400 
1 15 401 400 
1 15 114 
1 15 114 
1 15 401 400 
1 15 401 400 
1 15 401 400 
1 15 114 
1 15 114 
1 15 114 
1 15 114 
1 15 114 
1 15 401 400 
1 15 401 400 
1 15 401 400 
1 15 401 400 
1 15 114 
1 442 15 401 400 
1 15 401 400 2 
1 15 114 
1 15 401 400 
1 15 401 400 
1 15 401 400 
1 15 401 400 
1 15 401 400 
1 15 114 
1 15 401 400 
1 15 114 
1 15 114 
1 15 114 
1 15 401 400 
1 15 401 400 
1 15 401 400 
1 15 114 
1 15 114 
1 15 401 400 
1 15 401 400 
1 15 114 
1 15 401 400 
1 15 114 
1 15 401 400 
1 15 114 
1 15 401 400 
1 15 114 
1 15 114 
1 15 401 400 
1 15 401 400 
1 15 114 
1 15 114 
1 15 401 400 