54 53 51 257 258 
1 54 53 51 257 258 2 
54 53 51 257 258 
54 53 51 257 258 
54 53 51 257 258 
54 53 51 257 258 
54 53 51 257 258 
54 53 51 257 258 
54 53 51 257 258 
54 53 51 257 258 
54 53 51 257 258 
54 53 51 257 258 
1 259 54 53 51 257 258 19 2 
54 53 51 257 258 
54 53 51 257 258 
54 53 51 257 258 
54 53 51 257 258 
54 53 51 257 258 
54 53 51 257 258 
54 53 51 257 258 
54 53 51 257 258 
54 53 51 257 258 
54 53 51 257 258 
54 53 51 257 258 
54 53 51 257 258 
54 53 51 257 258 
54 53 51 257 258 
54 53 51 257 258 
54 53 51 257 258 
54 53 51 257 258 
54 53 51 257 258 
54 53 51 257 258 
54 53 51 257 258 
54 53 51 257 258 
54 53 51 257 258 
54 53 51 257 258 
54 53 51 257 258 
54 53 51 257 258 
54 53 51 257 258 
54 53 51 257 258 
54 53 51 257 258 
1 54 53 15 51 257 258 43 
54 53 51 257 258 
54 53 51 257 258 
54 53 51 257 258 
54 53 51 257 258 
54 53 51 257 258 
54 53 51 257 258 
54 53 51 257 258 
54 53 51 257 258 
54 53 51 257 258 
54 53 51 257 258 
54 53 51 257 258 
54 53 51 257 258 