1 736 2 302 
1 736 2 302 
1 736 2 302 
1 736 2 302 
1 736 2 302 
1 736 2 302 
1 736 2 302 
1 736 19 2 302 300 
1 736 2 302 
1 736 2 302 
1 736 2 302 
1 736 2 302 
1 736 2 302 
1 736 2 302 
1 736 2 302 
1 736 2 302 
1 736 2 302 
1 736 2 302 
1 736 2 302 
1 736 2 302 
1 736 19 2 302 
1 736 19 2 302 
1 736 2 302 
1 736 2 302 
1 736 2 302 
1 736 2 302 
1 736 2 302 42 
1 736 2 302 
1 736 2 302 
1 736 2 302 
1 736 2 302 
1 736 2 302 
1 736 2 302 
1 736 2 302 
1 736 2 302 
1 736 2 302 
1 736 2 302 42 
1 442 15 736 401 2 302 
1 736 2 302 
1 736 2 302 42 
1 736 2 302 
1 736 2 302 
1 736 2 302 
1 736 2 302 
1 736 2 302 
1 736 2 302 
1 442 15 736 401 2 302 
1 736 2 302 
1 736 2 302 
1 736 2 302 
1 736 2 302 
1 736 2 302 
1 736 2 302 
1 736 2 302 
1 736 2 302 
1 442 15 736 401 2 302 
1 736 19 2 302 
1 736 2 302 
1 736 2 302 
1 736 2 302 
1 736 2 302 
1 736 2 302 
1 736 2 302 
1 736 2 302 
1 736 19 2 302 
1 736 19 2 302 
1 736 2 302 
1 736 2 302 
1 736 2 302 
1 736 19 2 302 
1 736 2 302 
1 736 2 302 
1 736 19 2 302 
1 736 19 2 302 
1 736 2 302 42 
1 18 736 19 20 2 302 
1 736 2 302 
1 736 2 302 
1 736 2 302 
1 442 15 736 401 2 302 
1 736 2 302 
1 15 736 400 401 2 302 
1 736 2 302 
1 736 19 2 302 
1 736 2 302 
1 736 2 302 
1 736 2 302 
1 736 2 302 
1 736 2 302 
1 736 2 302 
1 736 2 302 
1 736 2 302 
1 442 15 736 401 2 302 
1 736 19 2 302 
1 736 2 302 
1 736 2 302 
1 736 2 302 
1 736 2 302 
1 736 2 302 
1 736 19 2 302 
1 736 19 2 302 
1 18 736 19 20 2 302 
1 736 2 302 
1 736 2 302 
1 736 2 302 
1 736 2 302 
1 736 19 2 302 
1 736 2 302 
1 736 19 2 302 
1 736 19 2 302 
1 736 2 302 
1 736 2 302 
1 736 19 2 302 
1 736 2 302 
1 736 2 302 
1 736 2 302 
1 736 2 302 
1 736 2 302 
1 736 19 2 302 
1 442 15 736 401 2 302 
1 736 2 302 
1 736 2 302 
1 736 2 302 
1 736 19 2 302 
1 736 2 302 
1 736 2 302 
1 736 2 302 
1 736 2 302 
1 736 2 302 
1 736 19 2 302 
1 736 2 302 
1 736 2 302 
1 736 2 302 
1 736 19 2 302 
1 442 15 736 401 2 302 
1 736 2 302 
1 736 2 302 
1 736 2 302 
1 736 2 302 
1 736 19 2 302 
1 736 2 302 
1 736 2 302 
1 736 2 302 
1 442 15 736 401 2 302 
1 736 2 302 
1 736 19 2 302 
1 442 15 736 401 2 302 
1 736 2 302 
1 736 2 302 
1 736 2 302 
1 736 2 302 
1 736 2 302 
1 736 2 302 
1 736 19 2 302 
1 736 2 302 
1 736 2 302 
1 736 2 302 
1 736 2 302 
1 736 2 302 
1 736 2 302 
1 736 2 302 
1 736 2 302 
1 736 2 302 
1 736 2 302 
1 736 2 302 
1 736 19 2 302 
1 736 2 302 
1 736 19 2 302 
1 736 19 2 302 
1 15 736 400 401 2 302 
1 736 2 302 
1 736 2 302 
1 736 2 302 
1 736 2 302 
1 442 15 736 401 2 302 
1 736 2 302 
1 442 15 736 401 2 302 
1 736 2 302 
1 736 2 302 
1 18 736 19 20 2 302 
1 736 19 2 302 
1 736 2 302 
1 736 2 302 
1 18 736 19 20 2 302 
1 736 2 302 
1 736 19 2 302 
1 736 2 302 
1 736 2 302 
1 736 2 302 
1 736 2 302 
1 736 2 302 
1 736 2 302 
1 736 2 302 
1 736 2 302 
1 736 2 302 
1 15 736 400 401 2 302 
1 736 2 302 
1 736 2 302 
1 736 19 2 302 
1 736 19 2 302 
1 736 2 302 
1 736 2 302 
1 736 2 302 
1 736 2 302 
1 736 2 302 
1 736 2 302 
1 736 2 302 
1 736 19 2 302 
1 736 2 302 
1 736 2 302 
1 736 19 2 302 
1 15 736 400 401 2 302 
1 736 2 302 
1 736 2 302 
1 736 19 2 302 
1 736 2 302 
1 736 2 302 
1 442 15 736 401 2 302 
1 736 2 302 
1 736 2 302 
1 736 2 302 
1 736 2 302 
1 736 2 302 
1 736 19 2 302 
1 736 2 302 
1 736 2 302 
1 736 2 302 
1 736 2 302 
1 736 2 302 
1 736 2 302 
1 736 2 302 
1 736 2 302 
1 442 15 736 401 2 302 
1 736 2 302 
1 736 2 302 
1 736 2 302 
1 736 2 302 
1 736 2 302 
1 736 2 302 
1 736 2 302 
1 736 2 302 
1 736 2 302 