145 42 
145 42 
145 42 
1 2 145 42 
145 42 
145 42 
145 42 
184 1 15 185 145 42 
145 42 
145 42 
145 42 
145 42 73 
145 42 
145 42 
145 42 
145 42 
145 42 
145 42 
145 42 
145 42 
145 42 
145 42 
1 15 145 42 43 
145 42 
145 42 
145 42 
145 42 
145 42 
145 42 
1 15 145 42 43 
1 15 145 42 43 
145 42 
145 42 
145 42 
145 42 
145 42 
145 42 
145 42 
145 42 
145 42 
145 42 
145 42 
145 42 
145 42 
145 42 
145 42 
145 42 
145 42 
145 42 
145 42 
145 42 
145 42 
145 42 
145 42 
145 42 
145 42 
1 145 42 
145 42 
145 42 
145 42 
145 42 
145 42 
1 2 145 42 
145 42 
145 42 
145 42 
145 42 
67 145 42 
1 145 42 
145 42 
145 42 
145 42 
145 42 
145 42 
145 42 
145 42 
145 42 
145 42 
145 42 
145 42 
145 42 
145 42 
145 42 
145 42 
145 42 
145 42 
145 42 
1 2 145 42 
145 42 
145 42 73 
145 42 
145 42 
145 42 
145 42 
145 42 
145 42 
145 42 
145 42 
145 42 
145 42 
145 42 
145 42 
145 42 
145 42 
145 42 
1 15 202 145 42 234 
145 42 
145 42 
1 2 145 42 
136 647 312 145 42 
145 42 
145 42 
145 42 
145 42 
145 42 
145 42 
145 42 
145 42 
145 42 
145 42 
145 42 73 
145 42 
55 145 56 57 42 
145 42 
145 42 
145 42 
145 42 
145 42 
145 42 
1 15 145 42 43 
145 42 
1 15 202 145 42 234 
145 42 
145 42 
145 42 
145 42 
145 42 
145 42 
145 42 
145 42 
145 42 
145 42 
145 42 
145 42 
145 42 
145 42 
145 42 
145 42 
145 42 73 
145 42 
145 42 
1 2 145 42 167 
145 42 
145 42 
145 42 
145 42 
145 42 
145 42 
145 42 
145 42 
145 42 
145 42 
145 42 
1 15 145 42 43 
1 15 145 42 43 
145 42 
145 42 
145 42 
145 42 
145 42 
145 42 
145 42 
145 42 
145 42 
145 42 
145 42 
145 42 
145 42 
145 42 
145 42 
145 42 73 
145 42 
145 42 
145 42 
145 42 
145 42 
145 42 
145 42 
145 42 
145 42 
145 42 
145 42 
145 42 
145 42 
145 42 
145 42 
145 42 
145 42 
145 42 
145 42 
145 42 
145 42 
145 42 
145 42 
145 42 
145 42 
145 42 
145 42 
145 42 
145 42 
145 42 
145 42 
145 42 
145 42 
145 42 
145 42 
145 42 
145 42 
145 42 
145 42 
145 42 
145 42 
145 42 
145 42 
145 42 
145 42 
145 42 
175 145 42 
145 42 
145 42 
145 42 
145 42 
145 42 
145 42 
145 42 
145 42 
145 42 
145 42 
145 42 
145 42 
145 42 
145 42 
145 42 
145 42 
145 42 
145 42 
145 42 
145 42 
145 42 
145 42 
145 42 
145 42 
145 42 
145 42 73 
145 42 
145 42 
145 42 
145 42 
145 42 
145 42 
145 42 
145 42 
145 42 
145 42 
145 42 
145 42 
145 42 
145 42 
145 42 
145 42 
145 42 
145 42 
145 42 73 
145 42 
145 42 
145 42 
145 42 
145 42 
145 42 
145 42 
145 42 
145 42 
145 42 73 
145 42 
145 42 
145 42 
145 42 
145 42 
145 42 
145 42 
145 42 
145 42 
145 42 
145 42 
145 42 
145 42 
1 145 42 
145 42 
145 42 
145 42 
145 42 
145 42 
145 42 
145 42 
145 42 
145 42 
145 42 
145 42 
145 42 
145 42 
145 42 
145 42 
145 42 
145 42 
145 42 
145 42 
145 42 
145 42 
145 42 
145 42 
145 42 73 
145 42 73 
145 42 
145 42 
145 42 
145 42 
145 42 
145 42 
145 42 
145 42 
145 42 
145 42 
145 42 
145 42 
145 42 
145 42 
145 42 
145 42 
145 42 
145 42 
145 42 
145 42 
145 42 
145 42 
145 42 
145 42 
145 42 
145 42 
145 42 
145 42 
145 42 
145 42 
145 42 
145 42 
145 42 
145 42 
1 145 42 
145 42 
145 42 
145 42 
145 42 
145 42 
145 42 
145 42 
145 42 
145 42 
1 2 145 42 
1 15 202 145 42 234 
145 42 
145 42 
145 42 
145 42 
1 15 202 145 42 234 
145 42 
145 42 
145 42 
145 42 
145 42 
145 42 
145 42 
145 42 
145 42 
145 42 
179 145 56 57 42 180 181 
1 2 145 42 
145 42 
145 42 
145 42 
145 42 
145 42 
145 42 
145 42 
145 42 
145 42 
182 136 145 42 183 
145 42 
145 42 
145 42 
145 42 
145 42 
145 42 
145 42 
145 42 
145 42 
145 42 
145 42 
145 42 
145 42 
145 42 
145 42 
145 42 
145 42 
145 42 
145 42 
145 42 
145 42 
145 42 
1 2 145 42 
145 42 
145 42 
145 42 
145 42 
145 42 
145 42 
145 42 73 
145 42 
145 42 
145 42 
145 42 
145 42 
145 42 
145 42 
145 42 
145 42 
145 42 
145 42 
145 42 
145 42 
145 42 
145 42 
145 42 
145 42 
145 42 
145 42 
145 42 
145 42 
145 42 
145 42 
145 42 
145 42 
145 42 
145 42 
145 42 
145 42 
145 42 
145 42 
145 42 
145 42 
145 42 
1 2 145 42 
145 42 
145 42 
175 145 42 
145 42 
145 42 
145 42 
145 42 
145 42 
145 42 
145 42 
145 42 73 
145 42 
145 42 
1 2 145 42 
145 42 
145 42 
145 42 
145 42 
145 42 
145 42 
145 42 
145 42 
145 42 
145 42 
145 42 
145 42 
145 42 
145 42 
145 42 
145 42 
145 42 
145 42 
145 42 
58 59 145 60 42 149 150 
145 42 
145 42 
145 42 73 
145 42 
145 42 
145 42 
145 42 
1 2 145 42 
145 42 
145 42 
145 42 
145 42 
145 42 
205 206 145 207 42 
145 42 
145 42 
145 42 
145 42 
145 42 
145 42 
145 42 
145 42 
145 42 
145 42 
145 42 
145 42 
145 42 
145 42 
145 42 
145 42 
145 42 
145 42 
145 42 
205 206 145 207 42 
145 42 
145 42 
145 42 
145 42 
145 42 
145 42 
145 42 
145 42 
145 42 
145 42 
145 42 
145 42 
145 42 
145 42 
145 42 
145 42 
145 42 
145 42 
145 42 
145 42 
145 42 
145 42 
145 42 
145 42 
145 42 
145 42 
145 42 
145 42 
145 42 
145 42 
145 42 
145 42 
145 42 
145 42 
145 42 
145 42 
145 42 
145 42 
145 42 
54 51 145 42 
145 42 
145 42 
145 42 
145 42 
145 42 
145 42 
145 42 
145 42 
145 42 
145 42 
145 42 
145 42 
145 42 
145 42 
145 42 
145 42 
145 42 
145 42 
145 42 
145 42 
145 42 
145 42 
145 42 
145 42 
145 42 
145 42 
145 42 
145 42 
145 42 73 
145 42 
145 42 
145 42 
145 42 
145 42 
145 42 
145 42 
145 42 
145 42 
145 42 
145 42 
145 42 
145 42 
145 42 
145 42 
145 42 
145 42 
145 42 
145 42 
145 42 
145 42 
145 42 
145 42 
145 42 
145 42 
145 42 
1 2 145 42 
145 42 
145 42 
145 42 
145 42 
145 42 
145 42 
145 42 
145 42 
145 42 
145 42 
145 42 
145 42 
145 42 
145 42 
145 42 
145 42 
145 42 
145 42 
145 42 
145 42 
145 42 
145 42 
145 42 
145 42 
145 42 
145 42 
145 42 
145 42 
145 42 
145 42 
145 42 
145 42 
145 42 
145 42 
145 42 
145 42 
145 42 
145 42 
145 42 
145 42 
145 42 
145 42 
145 42 
145 42 
145 42 
145 42 
145 42 
1 2 145 42 
145 42 
145 42 
145 42 
145 42 
145 42 
145 42 
145 42 
145 42 
145 42 73 
145 42 
145 42 
145 42 
145 42 
145 42 
145 42 
145 42 
145 42 
145 42 
145 42 
145 42 
145 42 
145 42 
1 145 42 
145 42 
145 42 
145 42 
145 42 
145 42 
145 42 
145 42 
145 42 
145 42 
145 42 
145 42 
145 42 
145 42 
145 42 
145 42 
145 42 
1 236 15 202 145 42 
145 42 
145 42 
145 42 
145 42 
145 42 
145 42 
145 42 
145 42 
145 42 
145 42 73 
145 42 
1 15 202 145 42 234 
145 42 
1 2 145 42 
145 42 
145 42 
205 206 145 207 42 
145 42 
145 42 
145 42 
145 42 73 
145 42 
145 42 
145 42 
145 42 
145 42 
145 42 
145 42 
145 42 
145 42 
145 42 
145 42 
145 42 
145 42 
145 42 
145 42 
145 42 
145 42 
145 42 
145 42 
145 42 
145 42 
145 42 
1 15 145 42 43 
145 42 
145 42 
145 42 73 
145 42 
145 42 
1 2 145 42 
145 42 
145 42 
184 1 15 185 145 42 
1 236 15 202 145 42 
145 42 
145 42 
145 42 
145 42 
145 42 
145 42 
145 42 
145 42 
145 42 
145 42 
145 42 
145 42 
145 42 
145 42 
145 42 
145 42 
145 42 
145 42 
145 42 
145 42 
145 42 
145 42 
145 42 
145 42 
145 42 
145 42 
145 42 
145 42 
145 42 
145 42 
145 42 
145 42 
145 42 
145 42 
145 42 
145 42 
1 2 145 42 
145 42 
145 42 
145 42 
145 42 
145 42 
145 42 
145 42 
145 42 
145 42 
145 42 
145 42 
1 2 145 42 
145 42 
145 42 
145 42 
145 42 
145 42 
145 42 
145 42 
145 42 
145 42 
145 42 
145 42 
145 42 
145 42 
145 42 
145 42 
145 42 
145 42 
145 42 
145 42 
145 42 
145 42 
145 42 
145 42 
145 42 
145 42 
145 42 
145 42 
145 42 
145 42 
145 42 
145 42 
145 42 
145 42 
145 42 
145 42 
145 42 
145 42 
145 42 
145 42 
145 42 
145 42 
145 42 
145 42 
145 42 
145 42 
145 42 
145 42 
145 42 
145 42 
205 206 145 207 42 
145 42 
145 42 
145 42 
145 42 
145 42 
145 42 
145 42 
145 42 
145 42 