54 53 51 257 
54 53 51 257 
54 53 51 257 
54 53 51 257 
478 51 257 
314 51 257 313 78 
452 51 257 313 78 
452 51 257 313 78 
314 51 257 313 78 
314 51 257 313 78 
452 51 257 313 78 
314 51 257 313 78 
452 51 257 313 78 
97 1 452 51 257 19 2 98 313 78 
452 51 257 313 78 
314 51 257 313 78 
314 51 257 313 78 
314 51 257 313 78 
51 257 313 78 
314 51 257 313 78 
452 51 257 313 78 
314 51 257 313 78 
314 51 257 313 78 
54 53 51 257 
54 53 51 257 
54 53 51 257 
478 53 54 51 257 
54 53 51 257 
54 53 190 51 257 192 269 
478 1 442 15 51 257 401 
54 53 51 257 
54 53 51 257 
54 53 51 257 
478 51 257 
54 53 51 257 
54 53 51 257 
54 53 51 257 
54 53 51 257 
54 53 51 257 
54 53 51 257 
54 53 51 257 
54 53 51 257 
54 53 51 257 
314 51 257 313 78 
51 257 313 78 
51 257 313 78 
51 257 313 78 
51 257 313 78 
51 257 313 78 
51 257 313 78 
51 257 313 78 
478 51 257 
54 53 51 257 
54 53 51 439 257 
54 53 51 257 
54 53 51 257 
54 53 51 257 
51 257 313 78 
314 51 257 313 78 
314 51 257 313 78 
452 51 257 313 78 
51 257 313 78 
74 51 257 77 78 
51 257 313 78 
478 51 257 313 78 
54 53 51 257 
478 1 15 51 257 16 
478 51 257 
478 51 257 
478 51 257 
54 53 51 257 313 78 
54 53 51 257 
54 53 51 257 
54 53 51 257 
54 53 51 257 
54 53 51 257 
54 53 51 257 
54 53 51 257 
478 51 257 
478 51 257 
478 51 257 
54 53 51 257 
54 53 51 257 
54 53 51 257 
54 53 51 257 
54 53 51 257 
54 53 51 257 
54 53 51 257 
54 53 51 257 
54 53 51 257 
54 53 51 257 
54 53 51 257 
54 190 53 51 257 191 192 
54 53 51 257 
356 1 54 53 15 51 257 43 
54 53 51 257 
54 53 51 257 
54 53 51 257 42 
478 51 257 
74 54 53 51 257 77 78 
478 51 257 
54 53 51 257 
54 53 51 257 
54 53 51 257 
54 53 51 257 
478 51 257 
478 51 257 
54 53 51 257 
478 51 257 
478 51 257 
478 51 257 
478 53 54 51 257 
54 53 51 257 
54 53 51 257 
478 54 51 257 441 192 
54 53 51 257 
54 53 51 257 
54 53 190 51 257 192 269 
478 51 257 
478 53 54 51 257 
54 53 51 257 
54 53 51 257 
54 53 51 257 
54 53 51 257 
54 53 51 257 
54 53 51 257 
54 53 190 51 257 192 269 
54 53 51 257 
54 53 51 257 313 78 
54 53 51 257 
54 53 51 257 465 
478 51 257 138 
54 53 51 257 
54 53 51 257 
54 53 51 257 
186 54 53 51 257 
54 53 51 257 
54 53 51 257 
54 53 51 257 
54 53 51 257 
54 53 51 257 
54 53 51 257 
478 51 257 
478 53 54 51 257 
54 53 51 257 
478 51 257 
54 53 51 257 
54 53 51 257 
54 53 51 257 
54 53 51 257 
54 53 51 257 
54 53 51 257 
54 53 51 257 
54 53 51 257 
54 53 51 257 
54 53 51 257 
54 53 51 257 
54 53 51 257 
54 53 51 257 
54 53 190 51 257 192 269 
54 53 51 257 
184 1 54 53 15 51 257 185 
54 53 51 257 
54 53 51 257 
54 53 51 257 
54 53 51 257 313 78 
54 53 51 257 
54 53 51 257 
54 190 53 51 257 191 192 
54 53 51 257 
54 53 314 51 257 313 78 
54 53 51 257 465 
478 51 257 
54 190 53 51 257 191 192 
478 51 257 
54 53 51 257 
54 53 51 257 465 
54 53 51 257 
54 53 51 257 
54 53 51 257 
54 53 51 257 
54 53 51 257 
54 53 51 257 
54 53 51 257 
478 51 257 
54 53 51 257 
478 53 54 51 257 
54 53 51 257 
54 53 51 257 465 
478 51 257 
54 53 51 257 
54 53 51 257 
478 51 257 
54 53 51 257 465 
54 53 51 257 
54 53 51 257 
54 53 51 257 
54 53 51 257 
478 51 136 257 42 174 
54 53 51 257 
478 51 257 313 78 
54 53 51 257 
54 53 51 257 
478 51 257 
54 53 51 257 
54 53 51 257 
478 51 257 
54 53 51 257 
478 51 257 
54 53 51 257 
1 54 53 15 51 257 
478 51 257 
54 53 51 257 
54 53 51 257 
54 53 51 257 
54 53 51 257 
478 51 257 
54 53 51 257 
58 54 53 59 51 257 60 
478 51 257 
54 53 51 257 
54 53 51 257 
54 53 51 257 
54 53 51 257 
54 53 51 257 
478 53 54 51 257 
54 53 51 257 
54 53 51 257 
478 54 53 51 257 
478 54 53 51 257 
54 53 51 257 
54 53 51 257 313 78 
54 53 51 257 
478 1 15 51 257 443 
478 51 257 
478 51 257 
54 53 51 257 
54 53 51 257 465 
478 51 257 
54 53 51 257 
54 53 51 257 
54 53 51 257 
54 53 51 257 
478 53 54 51 257 
478 51 257 313 78 
54 53 51 257 
54 53 51 257 
54 53 51 257 
54 53 51 257 
478 51 257 
54 53 51 257 
54 53 51 257 
54 53 51 257 
478 51 257 
54 53 51 257 223 
54 53 51 257 
54 53 51 257 
54 53 51 257 
54 53 51 257 
54 53 51 257 
54 53 51 257 
54 53 51 257 
54 53 51 257 
478 51 257 
54 53 51 257 
54 53 51 257 
54 53 51 257 
54 53 51 257 
54 53 51 257 
54 53 51 257 
478 54 51 257 
478 53 54 51 257 
478 51 257 
54 53 51 257 
478 51 257 
54 53 51 257 
54 53 51 257 
478 51 257 
478 54 51 257 222 192 
54 53 51 257 
54 53 51 257 
54 53 51 257 38 39 
54 53 51 257 
478 51 257 
54 53 51 257 222 192 
184 1 478 15 51 257 185 
184 1 478 15 51 257 185 
478 51 257 42 610 
478 51 257 
54 53 51 257 
54 53 51 257 
54 53 51 257 
54 53 51 257 
54 53 51 257 
54 53 51 257 
54 53 51 257 
54 53 190 51 257 192 269 
478 51 257 
54 53 51 257 
54 53 51 257 
54 53 51 257 
54 53 51 257 465 
478 53 54 51 257 
54 53 51 257 
54 53 51 257 
54 53 51 257 
54 53 51 257 287 
54 53 51 257 
54 53 51 257 
54 53 51 257 
54 53 51 257 
478 51 257 
478 53 54 51 257 
54 190 53 51 257 191 192 
478 51 257 
54 53 51 257 
54 53 51 257 
54 53 51 257 
478 51 257 
478 51 257 
184 1 54 53 15 51 257 185 
478 51 257 
478 51 257 
478 51 257 
54 53 51 257 
478 51 257 
478 53 54 51 257 
478 53 54 51 257 
478 51 257 
478 51 257 
478 51 257 
54 53 190 51 257 192 269 
54 53 51 257 
54 53 51 257 
54 53 51 257 
54 53 51 257 
54 53 51 257 
54 53 51 257 
54 53 51 257 
54 53 51 257 
478 51 257 
54 53 51 257 
54 53 51 257 
54 53 51 257 
54 53 51 257 
54 53 51 257 
478 51 257 
54 53 51 257 
54 53 51 257 
478 51 257 
478 51 257 
54 53 51 257 
54 53 51 257 
478 51 257 
54 53 51 257 
478 51 257 
478 53 54 51 257 
54 53 51 257 
54 53 51 257 42 
478 51 257 
54 53 51 257 
478 51 257 
54 53 51 257 
478 51 257 
54 53 51 257 
54 53 51 257 
478 51 257 
478 51 257 
54 53 51 257 
54 53 51 257 
54 53 51 257 
478 53 54 51 257 
54 53 51 257 
478 53 54 51 257 
54 53 51 257 
54 53 51 257 
54 53 51 257 
54 53 190 51 257 192 269 
54 53 51 257 
54 53 51 257 
478 53 54 51 257 
54 53 51 257 
54 53 51 257 
54 53 51 257 
54 53 51 257 
54 53 51 257 
54 53 51 257 
54 53 51 257 
54 53 51 257 
54 53 51 257 
54 53 51 257 
54 53 51 257 
54 53 51 257 
54 53 51 257 
478 51 257 
54 53 51 257 
54 53 51 257 
54 53 51 257 
54 53 51 257 
54 53 51 257 
54 53 51 257 
54 53 51 257 
54 53 51 257 
54 53 51 257 
478 51 257 
54 53 51 257 
478 51 257 313 78 
54 53 51 257 
478 51 257 313 78 
54 53 51 257 
54 53 51 257 
54 53 51 257 
54 53 51 257 
54 53 51 257 
54 53 51 257 
478 51 257 313 78 
54 53 51 257 
54 53 51 257 
54 53 51 257 
54 53 51 257 
54 53 51 257 42 610 
478 51 257 
54 53 51 257 
54 53 51 257 
54 53 51 257 313 78 
54 53 51 348 257 349 359 351 
54 53 51 257 
478 51 257 
54 53 51 257 
478 51 257 
54 53 51 257 
478 51 257 
54 53 51 257 
478 51 257 
54 53 51 257 
478 51 257 
478 51 257 
54 53 51 257 
54 53 51 257 
54 53 51 257 
54 53 51 257 
54 53 51 257 
54 53 51 257 
478 51 257 
54 53 51 257 
478 53 54 51 257 
54 53 51 257 
478 51 257 
54 53 51 257 42 610 
478 51 257 42 610 
184 1 54 53 15 51 257 185 
54 53 51 257 
54 53 51 257 313 78 
54 53 51 257 
54 53 51 257 
54 53 51 257 
54 53 51 257 
54 53 51 257 
54 53 51 257 
54 53 51 257 
54 53 51 257 
54 53 51 257 
54 53 51 257 
478 51 257 
478 51 257 
54 53 51 257 
54 53 51 257 
54 53 51 257 
478 51 257 
54 53 51 257 
54 53 51 257 
54 53 51 257 222 192 
54 53 51 257 
478 53 54 51 257 
54 53 51 257 
478 51 257 
54 53 51 257 
54 53 51 257 
54 53 51 257 
54 53 51 257 
54 53 51 257 
54 53 51 257 
54 53 51 257 
54 53 51 257 
478 51 257 
54 53 51 257 
478 51 257 
478 51 257 
54 53 51 257 
54 53 51 257 
54 53 51 257 
478 51 257 
54 53 51 257 
478 53 54 51 257 611 
54 53 51 257 
478 51 257 
1 54 53 15 51 257 
54 53 51 257 192 
54 53 51 257 313 78 
54 53 51 257 313 78 
54 53 51 257 
54 53 51 257 313 78 
478 51 257 
478 51 257 
478 51 257 
478 51 257 313 78 
478 51 257 313 78 
478 51 257 
478 51 257 
54 53 51 257 313 78 
54 53 51 257 313 78 
478 51 257 
54 190 53 51 257 191 192 
54 53 51 257 
54 53 51 257 
54 53 51 257 
478 51 257 
54 53 51 257 
54 53 51 257 
54 53 51 257 
54 53 51 348 257 349 359 351 
54 53 51 257 
54 53 51 257 
54 53 51 257 
54 53 51 257 
54 53 51 257 
478 51 257 313 78 
54 53 51 257 612 613 
1 54 53 15 51 257 16 
54 53 51 257 
54 53 51 257 
478 51 257 313 78 
54 53 51 257 
54 53 51 257 
51 257 313 78 
54 53 51 257 611 
54 53 51 257 
478 51 257 
54 53 51 257 
54 53 51 257 
54 53 51 257 
54 53 51 257 476 192 
478 51 257 540 78 
54 53 51 257 476 192 
54 53 51 257 476 192 
54 53 51 257 
54 53 51 257 
478 53 54 51 257 
54 53 51 257 
54 53 190 51 257 192 269 
54 53 51 257 
51 257 313 78 
54 53 51 257 
54 53 51 257 
54 53 51 257 
54 53 51 257 465 
54 53 51 257 
54 53 51 257 
478 51 257 
54 53 51 257 
478 51 257 
54 53 51 257 313 78 
478 51 257 
54 53 51 257 
54 53 51 257 206 207 438 
54 53 51 257 
478 51 257 313 78 
1 54 53 15 51 257 400 401 
54 53 51 257 
54 53 51 257 465 
54 53 51 257 465 
54 53 51 257 206 207 438 
1 54 53 15 51 257 
54 53 51 257 334 
54 53 51 257 
54 53 51 257 
54 53 51 257 
478 51 257 
54 53 51 257 
54 53 51 257 612 613 
478 51 257 
54 53 51 257 
478 51 257 
184 1 54 53 15 51 257 185 
1 54 53 15 51 257 
54 53 51 257 614 192 
54 53 51 257 614 192 
478 51 257 
54 53 51 257 
1 54 53 51 257 
54 53 51 257 
1 54 53 15 51 257 400 401 
54 53 51 257 
1 54 53 15 51 257 
1 54 53 15 51 257 
54 53 615 51 267 257 
54 53 51 257 
54 53 51 257 
478 54 51 257 
478 51 257 38 
54 53 51 257 
54 53 51 257 
54 53 51 257 
54 53 615 51 267 257 
54 53 51 257 
54 53 51 257 349 363 
478 51 257 
478 190 54 51 257 192 269 
54 53 51 257 
54 53 51 257 
54 53 51 257 
54 53 51 257 
478 51 257 
478 53 54 51 257 
54 53 51 257 313 78 
478 51 257 313 78 
54 53 51 257 
54 53 51 257 313 78 
478 51 257 
54 53 51 257 
478 51 257 
54 53 615 51 267 257 
54 53 51 257 
54 53 51 257 
478 53 54 51 257 
54 53 51 257 
54 53 51 257 
54 53 51 257 
54 53 51 257 
54 53 51 257 
478 51 257 313 78 
54 53 51 257 
54 53 51 257 222 192 
54 53 51 257 313 78 
54 53 51 257 
478 51 257 
54 53 51 257 222 192 
478 51 257 
1 54 53 15 51 257 400 401 
54 53 51 257 313 78 
54 53 51 257 
54 53 51 257 
54 53 51 257 
54 53 615 51 267 257 
478 51 257 
478 51 257 
54 53 51 257 
54 53 51 257 222 192 
54 53 51 257 
54 53 51 257 
54 53 51 257 
54 53 51 257 
54 53 51 257 313 78 
54 53 51 257 
478 53 54 51 257 
54 53 51 348 257 349 359 351 
478 58 59 51 257 60 
54 53 51 257 
54 53 51 257 
54 53 51 257 
54 53 51 257 222 192 
54 53 51 136 257 42 174 
54 53 51 257 
54 53 51 257 
54 53 51 257 
54 53 51 257 
478 51 257 349 363 
478 51 257 
478 53 54 51 257 
54 53 51 257 
478 51 257 
54 53 51 257 
54 53 51 257 
54 53 51 257 
478 53 54 51 257 
54 53 51 257 
54 53 51 257 
54 53 51 257 
54 53 51 257 
54 53 51 257 
54 53 51 257 
54 53 51 257 
54 53 51 257 
54 53 51 257 
54 53 51 257 
1 54 53 15 51 257 43 
54 53 51 257 
54 53 51 257 
54 53 51 257 
54 53 51 257 
54 53 51 257 
54 53 51 257 
54 53 51 257 
478 51 257 
478 51 257 
54 53 51 257 
54 53 51 257 
54 53 51 257 
54 53 51 257 
54 53 51 257 
54 53 51 257 
54 53 51 257 
54 53 51 257 
54 53 51 257 
54 53 51 257 
54 53 51 257 
54 53 51 257 
54 53 51 257 
478 51 257 
478 51 257 
54 53 51 257 
54 53 51 257 
54 53 51 257 
478 54 51 257 
54 53 51 257 
54 53 51 257 
54 53 51 257 
54 53 51 257 
54 53 51 257 
54 53 51 257 
478 51 257 313 78 
54 53 51 257 
54 53 51 257 
54 53 51 257 
54 53 51 257 
54 53 51 257 
54 53 51 257 
54 53 51 257 
54 53 51 257 
54 53 51 257 
54 53 51 257 
54 53 51 257 
54 53 51 257 
54 53 51 257 
54 53 51 257 
54 53 51 257 
478 53 54 51 257 
54 53 51 257 
54 53 51 257 
54 53 51 257 
54 53 51 257 
54 53 51 257 
54 53 51 257 
54 53 51 257 
478 51 257 
478 53 54 51 257 
478 1 53 54 15 51 401 257 616 
54 53 51 257 
54 53 51 257 
54 53 51 257 
54 53 51 257 
54 53 51 257 
54 53 51 257 
54 53 51 257 
54 53 51 257 
54 53 51 257 
54 53 51 257 313 78 
54 53 51 257 
478 53 54 51 257 611 
54 53 51 257 
54 53 51 257 
1 54 53 15 51 401 257 616 
54 53 51 257 
54 53 51 257 
54 53 51 257 
451 51 257 313 78 
451 51 257 313 78 
451 51 257 313 78 
451 51 257 313 78 
314 451 51 257 313 78 
451 51 257 313 78 
451 51 257 313 78 
451 51 257 313 78 
451 51 257 313 78 
451 51 257 313 78 
451 51 257 313 78 
451 51 257 313 78 
451 51 257 313 78 
451 51 257 313 78 
451 51 257 313 78 
451 51 257 313 78 
451 51 257 313 78 
451 51 257 313 78 
451 51 257 313 78 
451 51 257 313 78 
451 51 257 313 78 
451 51 257 313 78 
451 51 257 313 78 
451 51 257 313 78 
451 51 257 313 78 
451 51 257 313 78 
451 51 257 313 78 
451 51 257 313 78 
451 51 257 313 78 
451 51 257 313 78 
451 51 257 313 78 
451 51 257 313 78 
451 51 257 313 78 
451 51 257 313 78 
451 51 257 313 78 
451 51 257 313 78 
451 51 257 313 78 
451 51 257 313 78 
451 51 257 313 78 
451 51 257 313 78 
451 51 257 313 78 
451 51 257 313 78 
451 51 257 313 78 
451 51 257 313 78 
451 51 257 313 78 
451 51 257 313 78 
451 51 257 313 78 
451 51 257 313 78 
451 51 257 313 78 
451 51 257 313 78 
451 51 257 313 78 
451 51 257 313 78 
451 51 257 313 78 
451 51 257 313 78 
451 51 257 313 78 
451 51 257 313 78 
451 51 257 313 78 
451 51 257 313 78 
451 51 257 313 78 
451 51 257 313 78 
451 51 257 313 78 
451 51 257 313 78 
451 51 257 313 78 
451 51 257 313 78 
451 51 257 313 78 
451 51 257 313 78 
451 51 257 313 78 
451 51 257 313 78 
451 51 257 313 78 
451 51 257 313 78 
451 51 257 313 78 
451 51 257 313 78 
451 51 257 313 78 
478 53 54 51 257 
54 53 51 257 
54 53 51 257 
54 53 51 257 
314 51 257 313 78 
314 51 257 313 78 
54 53 51 257 
54 53 51 257 
54 53 51 257 
54 53 51 257 
54 53 51 257 
54 53 51 257 
54 53 51 257 
54 53 51 257 
54 53 51 257 
54 53 51 257 
54 53 51 257 
54 53 51 257 
54 53 51 257 
54 53 51 257 
54 53 51 257 
54 53 51 257 
54 53 51 257 
54 53 51 257 
54 53 51 257 
54 53 51 257 611 
54 53 51 257 
54 53 51 257 
54 53 51 257 
1 54 53 51 257 
54 53 51 257 
314 51 257 313 78 
478 53 54 51 257 
54 53 51 257 
54 53 51 257 
54 53 51 257 
478 51 257 
478 51 257 
478 51 257 313 78 
54 53 51 257 
54 53 51 257 
54 53 51 257 
54 53 51 257 
54 53 51 257 
54 53 51 257 
478 51 257 
54 53 51 257 
54 190 53 51 257 191 192 
478 51 257 
54 53 51 257 
478 51 257 145 42 
478 51 257 
54 53 51 257 
54 53 51 257 
54 53 51 257 
54 53 51 257 
478 51 257 313 78 
478 51 257 313 78 
54 53 51 257 313 78 
54 53 51 257 
54 53 51 257 
54 53 51 257 
54 53 51 257 
54 53 51 257 
54 53 51 257 
54 53 51 257 
54 53 51 257 
54 53 51 257 
54 53 51 257 
54 53 51 257 
478 51 257 
54 53 51 257 
54 53 51 257 
54 53 51 257 
478 51 257 
54 53 51 257 
478 51 257 
54 53 51 257 
478 51 257 
54 53 51 257 
478 51 257 
54 53 51 257 
478 51 257 
54 53 51 257 
54 53 51 257 
54 53 51 257 
54 53 51 257 
54 53 51 257 
54 53 51 257 
54 53 51 257 
54 53 51 257 
478 51 257 
54 53 51 257 
54 53 51 257 
54 53 51 257 
54 53 51 257 
54 53 51 257 
478 51 257 
54 53 51 257 
478 51 257 
54 53 51 257 
54 53 51 257 
478 51 257 
54 53 51 257 
54 53 51 257 
54 53 51 257 
478 51 257 
478 51 257 
54 53 51 257 
54 53 51 257 
478 51 257 
478 51 257 
54 53 51 257 540 78 
54 53 51 257 
478 53 54 51 257 
54 53 51 257 
54 53 51 257 
54 53 51 257 
54 53 51 257 
54 53 51 257 
54 53 51 257 
54 53 51 257 
54 53 51 257 
478 51 257 
54 53 51 257 
1 51 257 2 313 78 
478 53 54 51 257 
478 53 54 51 257 
54 53 51 257 
51 257 313 78 
314 51 257 313 78 
54 53 51 257 
54 53 51 257 
1 54 53 15 51 257 
54 53 51 257 
54 53 51 257 
54 53 51 257 
54 53 51 257 
54 53 51 257 
54 53 51 257 
1 442 54 53 15 51 257 401 
54 53 51 257 
478 51 257 
54 53 51 257 
54 53 51 257 
54 53 51 257 
54 53 51 257 
314 51 257 313 78 
478 51 257 
54 53 51 257 
40 54 53 51 257 41 42 
54 53 51 257 
54 53 51 257 
478 51 257 
54 53 51 257 
54 53 51 257 
54 53 51 257 
314 51 257 313 78 
478 51 257 
314 51 257 313 78 
451 51 257 313 78 
54 53 51 257 
54 53 51 257 
54 53 51 257 
54 53 51 257 
54 53 51 257 
54 53 51 257 
54 53 51 257 
314 51 257 313 78 
452 51 257 313 78 
451 51 257 313 78 
452 51 257 313 78 
451 51 257 313 78 
451 51 257 313 78 
451 51 257 313 78 
451 51 257 313 78 
451 51 257 313 78 
451 51 257 313 78 
451 51 257 313 78 
451 51 257 313 78 
451 51 257 313 78 
451 51 257 313 78 
452 51 257 313 78 
451 51 257 313 78 
451 51 257 313 78 
451 51 257 313 78 
451 51 257 313 78 
451 51 257 313 78 
451 51 257 313 78 
451 51 257 313 78 
451 51 257 313 78 
451 51 257 313 78 
451 51 257 313 78 
451 51 257 313 78 
451 51 257 313 78 
451 51 257 313 78 
451 51 257 313 78 
451 51 257 313 78 
451 51 257 313 78 
451 51 257 313 78 
451 51 257 313 78 
451 51 257 313 78 
451 51 257 313 78 
451 51 257 313 78 
51 257 313 78 
451 51 257 313 78 
451 51 257 313 78 
452 51 257 313 78 
451 51 257 313 78 
451 51 257 313 78 
452 451 51 257 313 78 
451 51 257 313 78 
54 53 51 257 
54 53 51 257 
451 51 257 313 78 
54 53 51 257 
54 53 51 257 
54 53 51 257 
54 53 51 257 
54 53 51 257 
54 53 51 257 
54 53 51 257 
54 53 51 257 
1 54 53 15 51 257 400 401 
314 51 257 313 78 
51 257 313 78 
451 51 257 313 78 
54 53 51 257 
54 53 51 257 
54 53 51 257 
451 51 257 313 78 
51 257 313 78 
452 51 257 313 78 
452 51 257 313 78 
452 51 257 313 78 
314 51 257 313 78 
452 51 257 313 78 
452 51 257 313 78 
452 451 51 257 313 78 
54 53 51 257 42 610 
54 53 51 257 313 78 
51 257 313 78 
51 257 313 78 
51 257 313 78 
51 257 313 78 
54 51 257 313 78 222 192 
51 257 313 78 
51 257 313 78 
51 257 313 78 
51 257 313 78 
51 257 313 78 
51 257 313 78 
51 257 313 78 
51 257 313 78 
452 51 257 313 78 
51 257 313 78 
51 257 313 78 
51 257 313 78 
51 257 313 78 
51 257 313 78 
51 257 313 78 
51 257 313 78 
1 442 15 51 257 401 313 78 
51 257 313 78 
51 257 313 78 
451 51 257 313 78 
51 257 313 78 
51 257 313 78 
51 257 313 78 
54 53 51 257 313 78 
51 257 313 78 
54 53 51 257 
54 53 51 257 
314 51 257 313 78 
54 53 51 257 313 78 
54 53 51 257 
54 53 51 257 
478 51 257 
54 53 51 257 
51 257 313 78 
1 54 53 51 257 
54 53 51 257 
478 51 257 
51 257 313 78 
51 257 313 78 
54 53 51 257 
51 257 313 78 
51 257 313 78 
51 257 313 78 
51 257 313 78 
51 257 313 78 
452 51 257 313 78 
478 51 257 
54 53 51 257 
54 53 51 257 
478 51 257 
1 54 53 15 51 257 541 43 
478 51 257 
54 53 51 257 
54 53 51 257 
54 53 51 257 
54 53 51 257 
451 51 257 313 78 
452 51 257 313 78 
51 257 313 78 
51 257 313 78 
51 257 313 78 
451 51 257 313 78 
314 51 257 313 78 
51 257 313 78 
51 257 313 78 
51 257 313 78 
51 257 313 78 
51 257 313 78 
51 257 313 78 
51 257 313 78 
51 257 313 78 
51 257 313 78 
51 257 313 78 
51 257 313 78 
51 257 313 78 
314 51 257 313 78 
51 257 313 78 
51 257 313 78 
51 257 313 78 
51 257 313 78 
51 257 313 78 
51 257 313 78 
51 257 313 78 
51 257 313 78 
51 257 313 78 
51 257 313 78 
51 257 313 78 
51 257 313 78 
51 257 313 78 
51 257 313 78 
51 257 313 78 
51 257 313 78 
51 257 313 78 
51 257 313 78 
54 51 257 313 78 222 192 
1 15 51 257 313 78 
51 257 313 78 
51 257 313 78 
51 257 313 78 
51 257 313 78 
51 257 313 78 
51 257 313 78 
51 257 313 78 
51 257 313 78 
51 257 313 78 
314 51 257 313 78 
51 257 313 78 
314 51 257 313 78 
314 51 257 313 78 
314 51 257 313 78 
314 51 257 313 78 
314 51 257 313 78 
54 53 51 257 
54 53 51 257 611 
54 53 51 257 
54 53 51 257 
314 51 257 313 78 
54 53 51 257 
54 53 51 257 
1 54 53 15 51 257 400 401 
54 53 51 257 
54 53 51 257 
54 53 51 257 
54 53 51 257 
54 53 51 257 
54 53 51 257 
54 53 51 257 313 78 
478 53 54 51 257 
54 53 51 257 
54 53 51 257 
1 54 53 15 51 257 
54 53 51 257 
54 53 51 257 
54 53 51 257 
54 53 51 257 
54 53 51 257 
54 53 51 257 
54 53 51 257 
51 257 313 78 
54 53 51 257 
54 53 51 257 
54 53 51 257 
54 53 51 257 
54 53 51 257 
54 53 51 257 
54 53 51 257 38 39 
54 53 51 257 
54 53 51 257 
478 51 257 
1 54 53 15 51 257 400 401 
1 54 53 15 51 257 400 401 
54 53 51 257 
54 53 51 257 
54 53 51 257 
478 51 257 
54 53 51 257 
54 53 51 257 
54 53 51 257 
54 53 51 257 
54 53 51 257 
478 51 257 
54 53 51 257 
478 51 257 
478 51 257 
478 51 257 
478 51 257 
478 51 257 
54 53 51 257 
54 53 51 257 
54 53 51 257 
54 53 51 257 
54 53 51 257 
478 51 257 
54 53 51 257 
54 53 51 257 
54 53 51 257 
54 53 51 257 313 78 
54 53 51 257 
54 53 51 257 
54 53 51 257 
54 53 51 257 
54 53 51 257 
54 53 51 257 222 192 
54 53 51 257 
54 53 51 257 
54 53 51 257 
1 54 53 51 257 
1 54 53 51 257 
54 53 51 257 
54 53 51 257 
478 53 54 51 257 
54 53 51 257 
54 53 51 257 
54 53 51 257 
54 53 51 257 
54 53 51 257 
54 53 51 257 
54 53 51 257 
54 53 51 257 
54 53 51 257 
54 53 51 257 
54 53 51 257 
54 53 51 257 
54 53 51 257 
54 53 51 257 
54 53 51 257 
54 53 51 257 
54 53 51 257 
54 53 51 257 
478 53 54 51 257 
54 53 51 257 
54 53 51 257 
54 53 51 257 
54 53 51 257 
54 53 51 257 
54 53 51 257 
54 53 51 257 
54 53 51 257 
54 53 51 257 
54 53 51 257 
54 53 51 257 
478 53 54 51 257 
54 53 51 257 
478 53 54 51 257 
54 53 51 257 
54 53 51 257 
54 53 51 257 
54 53 51 257 
54 53 51 257 
54 53 51 257 
54 53 51 257 
54 53 51 257 
54 53 51 257 
54 53 51 257 
54 53 51 257 
54 53 51 257 
1 54 53 15 51 257 43 
54 53 51 257 
54 53 51 257 
54 53 51 257 
54 53 51 257 
54 53 51 257 
54 53 51 257 
54 53 51 257 611 
54 53 51 257 
54 53 51 257 
54 53 51 257 
54 53 51 257 
54 53 51 257 
54 53 51 257 
54 53 51 257 
54 53 51 257 
54 53 51 257 
54 53 51 257 313 78 
478 51 257 
54 53 51 257 
54 53 51 257 
54 53 51 257 
54 53 51 257 
54 53 51 257 
54 53 51 257 
54 53 51 257 
54 53 51 257 
54 53 51 257 453 223 
54 53 51 257 
54 53 51 257 
54 53 51 257 
54 53 51 257 
54 53 51 257 
54 53 51 257 
54 53 51 257 
54 53 51 257 
54 53 190 51 257 479 192 
54 53 51 257 
54 53 51 257 
54 53 51 257 
54 53 51 257 
54 53 51 257 
54 53 51 257 
54 53 51 257 
54 53 51 257 
478 51 257 
54 53 51 257 
478 51 257 313 78 
51 257 313 78 
54 53 51 257 
54 53 51 257 
54 53 51 257 
54 53 51 257 
478 51 257 
54 53 51 257 
54 53 51 257 
452 51 257 313 78 
54 53 51 257 
451 51 257 313 78 
54 53 51 257 
478 51 257 
314 51 257 313 78 
314 51 257 313 78 
74 51 257 77 313 78 
54 53 51 257 
314 51 257 313 78 
54 53 51 257 
54 53 51 257 
54 53 51 257 465 
54 53 51 257 78 
54 53 51 257 
54 51 257 313 78 222 192 
1 15 51 257 313 78 
1 54 53 51 257 
53 54 51 257 313 78 
54 51 257 313 441 78 192 
54 53 51 257 
54 53 51 257 
478 51 257 313 78 
478 51 257 313 78 
478 51 257 313 78 
54 53 51 257 313 78 
478 51 257 
478 51 257 313 78 
54 53 51 257 
478 51 257 313 78 
54 53 51 257 313 78 
54 53 51 257 313 78 
54 53 51 257 313 78 
478 51 257 313 78 
54 53 51 257 313 78 
54 53 51 257 313 78 
54 53 51 257 313 78 
54 53 51 257 
54 53 51 257 313 78 
478 51 257 313 78 
478 51 257 313 78 
478 51 257 313 78 
478 51 257 
54 53 51 257 465 
478 51 257 
54 53 51 257 
54 53 51 257 
54 53 51 257 
54 53 51 257 
54 53 51 257 
54 53 51 257 
54 53 51 257 
478 51 257 
54 53 51 257 
54 53 51 257 
54 53 51 257 
478 51 257 
478 51 257 
54 53 51 257 
314 51 257 313 78 
54 53 51 257 313 78 
478 51 257 
478 51 257 
54 53 51 257 
54 53 51 257 611 
478 51 257 
54 53 51 257 313 78 
478 53 54 51 257 
54 53 51 257 
314 51 257 313 78 
314 51 257 313 78 
54 53 51 257 
54 53 51 257 
54 53 51 257 
54 53 51 257 
54 53 51 257 
54 53 51 257 313 78 
54 53 51 257 
478 51 257 
1 54 53 15 51 257 400 401 
1 54 53 15 51 257 400 401 
51 257 313 78 
314 51 257 313 78 
54 53 51 257 611 
314 51 257 313 78 
54 53 51 257 
54 53 51 257 
51 257 313 78 
1 54 53 15 51 257 16 
54 53 51 257 
54 53 51 257 
54 53 51 257 
54 53 51 257 
478 74 51 257 77 78 
54 53 51 257 95 96 
314 51 257 313 78 
314 51 257 313 78 
478 53 54 51 257 
51 257 313 78 
54 53 51 257 
54 53 51 257 
54 53 51 257 
1 15 51 257 313 78 
1 15 51 257 313 78 
51 257 313 78 
51 257 313 78 
51 257 313 78 
51 257 313 78 
51 257 313 78 
51 257 313 78 
51 257 313 78 
51 257 313 78 
51 257 313 78 
51 257 313 78 
51 257 313 78 
51 257 313 78 
51 257 313 78 
51 257 313 78 
51 257 313 78 
51 257 313 78 
51 257 313 78 
51 257 313 78 
51 257 313 78 
51 257 313 78 
51 257 313 78 
51 257 313 78 
51 257 313 78 
51 257 313 78 
51 257 313 78 
51 257 313 78 
478 54 51 257 192 
1 478 15 51 257 43 
51 257 313 78 
54 53 51 257 
51 257 313 78 
54 53 51 257 
314 51 257 313 78 
54 53 51 257 
478 51 257 
54 53 51 257 
314 51 257 313 78 
74 51 257 77 313 78 
51 257 313 78 
54 53 51 257 
54 53 51 257 
51 257 313 78 
314 51 257 313 78 
314 51 257 313 78 
314 51 257 313 78 
478 53 54 51 257 
478 51 257 
54 53 51 257 
478 51 257 
54 53 51 257 
478 51 257 
478 51 257 
478 51 257 
54 53 51 257 38 39 
478 51 257 
478 51 257 
54 53 51 257 38 39 
478 54 53 51 257 
478 51 257 
478 51 257 
54 53 51 257 540 78 
54 53 51 257 
478 51 257 38 39 
478 51 257 
478 51 257 
54 53 51 257 
478 51 257 
478 51 257 
314 51 257 313 78 
51 257 313 78 
51 257 313 78 
314 51 257 313 78 
314 51 257 313 78 
54 53 51 257 
314 51 257 313 78 
314 51 257 313 78 
314 51 257 313 78 
51 257 313 78 
51 257 313 78 
314 51 257 313 78 
314 51 257 313 78 
314 51 257 313 78 
51 257 313 78 
51 257 313 78 
314 51 257 313 78 
314 51 257 313 78 
314 51 257 313 78 
314 51 257 313 78 
314 51 257 313 78 
314 51 257 313 78 
314 51 257 313 78 
314 51 257 313 78 
314 51 257 313 78 
314 51 257 313 78 
51 257 313 78 
314 51 257 313 78 
51 257 313 78 
51 257 313 78 
314 51 257 313 78 
314 51 257 313 78 
314 51 257 313 78 
51 257 313 78 
314 51 257 313 78 
314 51 257 313 78 
314 51 257 313 78 
314 51 257 313 78 
51 257 313 78 
51 257 313 78 
51 257 313 78 
51 257 313 78 
51 257 313 78 
314 51 257 313 78 
314 51 257 313 78 
452 51 257 313 78 
51 257 313 78 
51 257 313 78 
51 257 313 78 
51 257 313 78 
51 257 313 78 
51 257 313 78 
51 257 313 78 
51 257 313 78 
51 257 313 78 
51 257 313 78 
314 51 257 313 78 
51 257 313 78 
51 257 313 78 
51 257 313 78 
51 257 313 78 
51 257 313 78 
51 257 313 78 
51 257 313 78 
51 257 313 78 
51 257 313 78 
51 257 313 78 
51 257 313 78 
51 257 313 78 
51 257 313 78 
51 257 313 78 
51 257 313 78 
51 257 313 78 
51 257 313 78 
51 257 313 78 
51 257 313 78 
51 257 313 78 
51 257 313 78 
51 257 313 78 
51 257 313 78 
51 257 313 78 
51 257 313 78 
51 257 313 78 
51 257 313 78 
51 257 313 78 
51 257 313 78 
51 257 313 78 
452 51 257 313 78 
51 257 313 78 
51 257 313 78 
51 257 313 78 
51 257 313 78 
51 257 313 78 
51 257 313 78 
51 257 313 78 
51 257 313 78 
51 257 313 78 
314 51 257 313 78 
51 257 313 78 
51 257 313 78 
51 257 313 78 
51 257 313 78 
51 257 313 78 
51 257 313 78 
51 257 313 78 
51 257 313 78 
51 257 313 78 
51 257 313 78 
314 51 257 313 78 
51 257 313 78 
452 51 257 313 78 
51 257 313 78 
51 257 313 78 
314 51 257 313 78 
51 257 313 78 
51 257 313 78 
51 257 313 78 
51 257 313 78 
51 257 313 78 
51 257 313 78 
51 257 313 78 
51 257 313 78 
314 51 257 313 78 
51 257 313 78 
51 257 313 78 
51 257 313 78 
51 257 313 78 
51 257 313 78 
51 257 313 78 
51 257 313 78 
51 257 313 78 
51 257 313 78 
51 257 313 78 
314 51 257 313 78 
51 257 313 78 
51 257 313 78 
51 257 313 78 
51 257 313 78 
51 257 313 78 
51 257 313 78 
314 51 257 313 78 
51 257 313 78 
314 51 257 313 78 
51 257 313 78 
51 257 313 78 
51 257 313 78 
51 257 313 78 
51 257 313 78 
51 257 313 78 
51 257 313 78 
51 257 313 78 
51 257 313 78 
51 257 313 78 
51 257 313 78 
51 257 313 78 
51 257 313 78 
51 257 313 78 
51 257 313 78 
51 257 313 78 
314 51 257 313 78 
51 257 313 78 
51 257 313 78 
51 257 313 78 
314 51 257 313 78 
51 257 313 78 
51 257 313 78 
51 257 313 78 
51 257 313 78 
51 257 313 78 
51 257 313 78 
51 257 313 78 
51 257 313 78 
51 257 313 78 
51 257 313 78 
51 257 313 78 
51 257 313 78 
51 257 313 78 
51 257 313 78 
51 257 313 78 
51 257 313 78 
51 257 313 78 
51 257 313 78 
51 257 313 78 
51 257 313 78 
51 257 313 78 
51 257 313 78 
51 257 313 78 
51 257 313 78 
51 257 313 78 
51 257 313 78 
51 257 313 78 
51 257 313 78 
51 257 313 78 
51 257 313 78 
314 51 257 313 78 
51 257 313 78 
51 257 313 78 
51 257 313 78 
51 257 313 78 
51 257 313 78 
51 257 313 78 
51 257 313 78 
51 257 313 78 
51 257 313 78 
51 257 313 78 
51 257 313 78 
451 51 257 313 78 
51 257 313 78 
51 257 313 78 
51 257 313 78 
51 257 313 78 
51 257 313 78 
51 257 313 78 
51 257 313 78 
51 257 313 78 
51 257 313 78 
51 257 313 78 
51 257 313 78 
51 257 313 78 
51 257 313 78 
51 257 313 78 
51 257 313 78 
51 257 313 78 
51 257 313 78 
51 257 313 78 
51 257 313 78 
51 257 313 78 
51 257 313 78 
51 257 313 78 
51 257 313 78 
51 257 313 78 
51 257 313 78 
51 257 313 78 
51 257 313 78 
51 257 313 78 
51 257 313 78 
51 257 313 78 
51 257 313 78 
51 257 313 78 
51 257 313 78 
51 257 313 78 
51 257 313 78 
51 257 313 78 
51 257 313 78 
51 257 313 78 
51 257 313 78 
51 257 313 78 
51 257 313 78 
51 257 313 78 
51 257 313 78 
51 257 313 78 
51 257 313 78 
51 257 313 78 
51 257 313 78 
51 257 313 78 
51 257 313 78 
51 257 313 78 
51 257 313 78 
51 257 313 78 
51 257 313 78 
51 257 313 78 
51 257 313 78 
51 257 313 78 
51 257 313 78 
314 51 257 313 78 
51 257 313 78 
51 257 313 78 
51 257 313 78 
51 257 313 78 
51 257 313 78 
314 51 257 313 78 
51 257 313 78 
51 257 313 78 
314 51 257 313 78 
51 257 313 78 
51 257 540 313 78 
51 257 313 78 
51 257 313 78 
51 257 313 78 
51 257 313 78 
51 257 313 78 
51 257 313 78 
51 257 313 78 
51 257 313 78 
51 257 313 78 
451 51 257 313 78 
51 257 313 78 
51 257 313 78 
51 257 313 78 
51 257 313 78 
452 51 257 313 78 
51 257 313 78 
51 257 313 78 
51 257 313 78 
51 257 313 78 
51 257 313 78 
51 257 313 78 
51 257 313 78 
51 257 313 78 
51 257 313 78 
51 257 313 78 
51 257 313 78 
51 257 313 78 
51 257 313 78 
51 257 313 78 
51 257 313 78 
452 51 257 313 78 
51 257 313 78 
51 257 313 78 
51 257 313 78 
51 257 313 78 
51 257 313 78 
51 257 313 78 
452 51 257 313 78 
51 257 313 78 
51 257 313 78 
51 257 313 78 
51 257 313 78 
51 257 313 78 
51 257 313 78 
51 257 313 78 
451 51 257 313 78 
51 257 313 78 
51 257 313 78 
451 51 257 313 78 
51 257 313 78 
452 51 257 313 78 
51 257 313 78 
51 257 313 78 
51 257 313 78 
51 257 313 78 
51 257 313 78 
51 257 313 78 
51 257 313 78 
51 257 313 78 
51 257 313 78 
51 257 313 78 
51 257 313 78 
51 257 313 78 
51 257 313 78 
452 51 257 313 78 
51 257 313 78 
51 257 313 78 
51 257 313 78 
51 257 313 78 
51 257 313 78 
314 51 257 313 78 
51 257 313 78 
51 257 313 78 
314 51 257 313 78 
51 257 313 78 
51 257 313 78 
51 257 313 78 
51 257 313 78 
51 257 313 78 
51 257 313 78 
51 257 313 78 
51 257 313 78 
314 51 257 313 78 
51 257 313 78 
51 257 313 78 
51 257 313 78 
51 257 313 78 
51 257 313 78 
51 257 313 78 
51 257 313 78 
51 257 313 78 
51 257 313 78 
51 257 313 78 
51 257 540 313 78 
51 257 313 78 
51 257 313 78 
51 257 313 78 
51 257 313 78 
51 257 313 78 
51 257 313 78 
51 257 313 78 
51 257 313 78 
51 257 313 78 
51 257 313 78 
51 257 313 78 
51 257 313 78 
51 257 313 78 
51 257 313 78 
314 51 257 313 78 
51 257 313 78 
51 257 313 78 
51 257 313 78 
51 257 313 78 
51 257 313 78 
51 257 313 78 
51 257 313 78 
51 257 313 78 
51 257 313 78 
51 257 313 78 
51 257 313 78 
51 257 313 78 
51 257 313 78 
314 51 257 313 78 
452 51 257 313 78 
51 257 313 78 
451 51 257 313 78 
314 51 257 313 78 
452 51 257 313 78 
451 51 257 313 78 
314 51 257 313 78 
314 51 257 313 78 
51 257 313 78 
51 257 313 78 
51 257 313 78 
51 257 313 78 
51 257 313 78 
51 257 313 78 
51 257 313 78 
51 257 313 78 
51 257 313 78 
51 257 313 78 
51 257 313 78 
51 257 313 78 
51 257 313 78 
51 257 313 78 
51 257 313 78 
51 257 313 78 
451 51 257 313 78 
51 257 313 78 
51 257 313 78 
51 257 313 78 
51 257 313 78 
452 51 257 313 78 
51 257 313 78 
451 51 257 313 78 
51 257 313 78 
51 257 313 78 
51 257 313 78 
51 257 313 78 
51 257 313 78 
51 257 313 78 
51 257 313 78 
54 51 257 313 78 222 192 
54 53 51 257 
314 51 257 313 78 
314 51 257 313 78 
54 53 51 257 
478 51 257 
54 53 51 257 
54 53 51 257 313 78 
54 53 51 257 
478 51 257 
54 53 51 257 
54 190 53 51 257 191 192 
314 51 257 313 78 
314 51 257 313 78 
314 51 257 313 78 
314 51 257 313 78 
314 51 257 313 78 
314 51 257 313 78 
314 51 257 313 78 
314 51 257 313 78 
51 257 313 78 
314 51 257 313 78 
51 257 313 78 
51 257 313 78 
54 53 51 257 
54 53 51 257 
54 53 51 257 
54 53 51 257 
54 53 51 257 
54 53 51 257 
1 54 53 15 51 401 257 616 
54 53 51 257 
54 53 51 257 
54 53 51 257 
54 53 51 257 611 
54 53 51 257 
54 53 51 257 
54 53 51 257 
54 53 51 257 
54 53 51 136 257 42 174 
54 53 51 136 257 42 174 
54 53 51 136 257 42 174 
54 53 51 136 257 42 174 
54 53 51 257 
54 53 51 257 
54 53 51 257 381 
54 53 51 257 
54 53 51 257 
54 53 51 257 
54 53 51 257 
54 53 51 257 
54 53 51 257 
54 53 51 257 
54 53 51 136 257 42 174 
54 53 51 257 
54 53 51 257 
478 51 257 
478 51 257 
51 257 313 78 
54 53 51 257 
51 257 313 78 
54 53 51 439 257 
478 54 51 257 287 
54 53 51 257 
478 51 257 
54 53 51 257 
54 53 51 257 
54 53 51 257 
478 53 54 51 257 
54 53 51 257 
54 53 51 257 
54 53 51 257 
478 51 257 
54 53 51 257 
54 53 51 257 
54 53 51 257 
54 190 53 51 257 191 192 
314 51 257 313 78 
51 257 313 78 
51 257 313 78 
51 257 313 78 
51 257 313 78 
51 257 313 78 
51 257 313 78 
51 257 313 78 
51 257 313 78 
619 51 257 334 313 78 
314 51 257 313 78 
54 53 51 257 
314 51 257 313 78 
1 478 15 51 257 43 
54 53 51 257 
54 53 51 257 
54 53 51 257 
54 53 51 257 
54 53 51 257 
54 53 51 257 
54 53 51 257 
54 53 51 257 
478 54 51 257 465 
54 53 51 257 
54 53 51 257 
54 53 51 257 
451 51 257 313 78 
51 257 313 78 
51 257 313 78 
51 257 313 78 
51 257 313 78 
51 257 313 78 
51 257 313 78 
314 51 257 313 78 
51 257 313 78 
299 59 51 257 128 60 313 78 
51 257 313 78 
51 257 313 78 
51 257 313 78 
54 53 51 257 
54 53 51 257 611 
54 53 51 257 
54 53 51 257 
54 53 51 257 
314 51 257 313 78 
54 53 51 257 
54 53 51 257 
54 53 51 257 
51 257 313 78 
51 257 313 78 
51 257 313 78 
51 257 313 78 
51 257 313 78 
51 257 313 78 
51 257 313 78 
51 257 313 78 
51 257 313 78 
51 257 313 78 
51 257 313 78 
452 51 257 313 78 
314 51 257 313 78 
314 51 257 313 78 
51 257 313 78 
51 257 313 78 
51 257 313 78 
1 54 53 15 51 257 400 401 
314 51 257 313 78 
54 53 51 257 465 
54 53 51 257 
54 53 51 257 
54 53 51 257 
54 53 51 257 222 192 
54 53 51 257 
54 53 51 257 
54 53 51 257 
478 51 257 
478 51 257 
54 53 51 257 
54 53 51 257 
478 51 257 
54 53 51 257 
478 51 257 
54 53 51 257 
54 53 51 257 
54 53 51 257 611 
54 53 51 257 
54 53 51 257 
54 53 51 257 
1 15 51 257 313 78 
314 51 257 313 78 
54 53 51 257 
314 51 257 313 78 
54 53 51 257 
478 51 257 313 78 
54 53 51 257 
54 53 51 257 
54 53 51 257 440 
54 53 51 257 440 
54 53 51 257 
54 53 51 257 313 78 
54 53 51 257 
54 53 51 257 
54 53 51 257 
54 53 51 257 
54 53 51 257 
54 53 51 257 
184 1 54 53 15 51 257 185 
54 53 51 257 
478 51 257 
54 53 51 257 
54 53 51 257 441 192 
54 53 51 257 611 
54 53 51 257 
54 53 51 257 
54 53 51 257 
314 51 257 313 78 
314 51 257 313 78 
314 51 257 313 78 
51 257 313 78 
51 257 313 78 
51 257 313 78 
51 257 313 78 
314 51 257 313 78 
51 257 313 78 
51 257 313 78 
51 257 313 78 
51 257 313 78 
51 257 313 78 
51 257 313 78 
51 257 313 78 
51 257 313 78 
51 257 313 78 
51 257 313 78 
51 257 313 78 
51 257 313 78 
51 257 313 78 
51 257 313 78 
51 257 313 78 
51 257 313 78 
51 257 313 78 
97 1 51 257 19 2 98 313 78 
51 257 313 78 
51 257 313 78 
51 257 313 78 
51 257 313 78 
51 257 313 78 
452 51 257 313 78 
51 257 313 78 
54 53 51 257 
54 53 51 257 
54 53 51 257 222 192 
314 51 257 313 78 
54 53 51 257 476 192 
51 257 313 78 
97 1 314 51 257 19 2 98 313 78 
54 53 51 257 540 78 
478 51 257 
54 53 51 257 476 192 
54 53 51 257 
54 53 51 257 476 192 
54 53 51 257 
54 53 51 257 
478 51 257 
54 53 51 257 
54 53 51 257 
54 53 51 257 
54 53 51 257 313 78 
54 53 51 257 
54 53 51 257 223 224 
54 53 51 257 
54 53 51 257 
54 53 51 257 
54 53 51 257 
478 53 54 51 257 
54 53 51 257 
54 53 51 257 
54 53 51 257 
54 53 51 257 
54 53 51 257 313 78 
54 53 51 257 
54 53 51 257 313 78 
54 53 51 257 440 
54 53 51 257 440 
54 53 51 257 
54 53 51 257 
54 53 51 257 
54 53 51 257 
451 51 257 42 313 78 108 
54 53 51 257 
54 53 51 257 
54 53 51 257 
1 54 53 15 51 257 
54 53 51 257 
54 53 51 257 
54 53 190 51 257 192 269 
478 190 54 51 257 192 269 
478 1 15 51 257 202 234 
54 53 51 257 313 78 
54 53 51 257 
54 53 51 257 
51 257 313 78 
54 53 51 257 
74 51 257 77 313 78 
74 51 257 77 313 78 
74 51 257 77 313 78 
314 51 257 313 78 
54 53 51 257 
51 257 313 78 
478 1 15 51 257 400 401 
54 53 51 257 
54 53 51 257 
51 257 313 78 
51 257 313 78 
51 257 313 78 
314 51 257 313 78 
51 257 313 78 
54 53 51 257 
54 53 51 257 620 
478 51 257 
54 53 51 257 
54 53 51 257 
54 53 51 257 
54 53 51 257 
54 53 51 257 
54 53 51 257 38 
54 53 190 51 257 192 
54 53 51 257 
54 53 51 257 
54 53 51 257 
54 53 51 257 
54 53 51 257 
54 53 51 257 
54 53 51 257 
54 53 51 257 
54 53 51 257 
1 54 53 51 257 2 
54 53 51 257 
54 53 51 257 
478 53 54 51 257 
54 53 51 257 
51 257 313 78 
74 54 53 51 257 77 78 
54 53 51 257 
478 53 54 51 257 
452 51 257 313 78 
451 51 257 313 78 
51 257 313 78 
54 53 51 257 
54 51 257 313 78 
54 51 257 313 78 
74 51 257 77 313 78 
54 53 51 257 
51 257 313 78 
54 53 51 257 
314 51 257 313 78 
51 257 313 78 
54 53 51 257 
54 53 51 257 
314 51 257 313 78 
314 51 257 313 78 
452 51 257 313 78 
451 51 257 313 78 
452 51 257 313 78 
451 51 257 313 78 
451 51 257 313 78 
451 51 257 313 78 
451 51 257 313 78 
451 51 257 313 78 
451 51 257 313 78 
451 51 257 313 78 
451 51 257 313 78 
451 51 257 313 78 
451 51 257 313 78 
451 51 257 313 78 
451 51 257 313 78 
451 51 257 313 78 
451 51 257 313 78 
451 51 257 313 78 
451 51 257 313 78 
451 51 257 313 78 
451 51 257 313 78 
451 51 257 313 78 
451 51 257 313 78 
451 51 257 313 78 
451 51 257 313 78 
451 51 257 313 78 
451 51 257 313 78 
451 51 257 313 78 
451 51 257 313 78 
451 51 257 313 78 
451 51 257 313 78 
314 51 257 313 78 
452 51 257 313 78 
451 51 257 313 78 
451 51 257 313 78 
451 51 257 313 78 
451 51 257 313 78 
451 51 257 313 78 
451 51 257 313 78 
451 51 257 313 78 
451 51 257 313 78 
314 51 257 313 78 
314 51 257 313 78 
54 53 51 257 
452 51 257 313 78 
54 53 51 257 
54 53 51 257 
478 51 257 313 78 
478 51 257 
54 53 51 257 621 
54 53 51 257 
314 51 257 313 78 
54 53 51 257 
54 53 51 257 
54 190 53 51 257 191 192 
452 51 257 313 78 
314 51 257 313 78 
1 54 53 51 257 
54 53 51 257 
54 53 51 257 
54 53 51 257 465 
54 53 51 257 
1 54 53 15 51 257 43 
478 51 257 38 39 
54 53 51 257 
54 53 51 257 
54 53 51 257 
54 53 51 257 
452 51 257 313 78 
452 51 257 313 78 
452 51 257 313 78 
452 51 257 313 78 
54 53 51 257 
314 51 257 313 78 
1 15 51 257 313 78 
478 51 257 
478 51 257 
54 53 51 257 465 
58 54 53 59 51 257 60 
54 53 51 257 
54 53 51 257 
54 53 51 257 465 
54 53 51 257 
54 53 51 257 
54 53 51 257 611 
54 53 51 257 
54 53 51 257 
54 190 53 51 257 191 192 
51 257 313 78 
54 53 51 257 
54 53 51 257 465 
54 53 51 257 
54 53 51 257 465 
54 53 51 257 
54 53 51 257 
478 408 409 51 257 52 
54 53 51 257 
1 54 53 51 257 2 
54 53 51 257 
54 53 51 257 
54 53 51 257 
54 53 51 257 
1 54 53 51 257 2 
54 53 51 175 257 42 
478 51 257 
54 53 51 257 313 78 
478 51 257 
54 53 51 257 313 78 
54 53 51 257 
54 53 51 257 
74 51 257 77 313 78 
314 51 257 313 78 
74 51 257 77 313 78 
74 51 257 77 313 78 
314 51 257 313 78 
478 51 257 
478 51 257 
54 53 51 257 
54 53 51 257 
54 53 51 257 
54 53 51 257 
478 51 257 
54 53 51 257 
54 53 51 257 
54 53 51 257 
54 53 51 257 
478 53 54 51 257 
54 53 51 348 257 349 359 351 
54 53 51 257 
54 190 53 51 257 191 192 
54 53 51 257 
51 257 313 78 
54 53 51 257 
54 53 51 257 
58 54 53 59 51 257 60 
54 53 51 257 
54 53 51 257 
54 53 51 257 
54 53 51 257 
314 51 257 313 78 
54 53 51 257 
54 53 51 257 
51 257 313 78 
54 53 51 257 465 
54 53 51 257 
478 53 54 51 257 
51 257 313 78 
314 51 257 313 78 
51 257 313 78 
452 51 257 313 78 
1 51 257 2 313 78 
54 53 51 136 257 42 174 
1 314 15 51 257 313 43 78 
452 51 257 313 78 
452 51 257 313 78 
452 51 257 313 78 
314 51 257 313 78 
54 53 51 257 
54 53 51 257 
54 53 51 257 
54 53 51 257 
54 53 51 257 
478 51 257 
478 51 257 
314 51 257 313 78 
54 53 51 257 38 229 
54 53 51 257 
54 53 51 257 
54 53 51 257 465 
54 53 51 257 38 
314 51 257 313 78 
54 53 51 257 622 
314 51 257 313 78 
54 53 51 257 
314 51 257 313 78 
314 51 257 313 78 
314 51 257 313 78 
314 51 257 313 78 
51 257 313 78 
314 51 257 313 78 
51 257 313 78 
51 257 313 78 
51 257 313 78 
51 257 313 78 
314 51 257 313 78 
314 51 257 313 78 
51 257 313 78 
314 51 257 313 78 
184 1 15 51 257 185 313 78 
478 51 257 
478 51 257 
478 51 257 
478 51 257 
478 51 257 
314 51 257 313 78 
74 51 257 77 313 78 
478 51 257 
51 257 313 78 
51 257 313 78 
314 51 257 313 78 
51 257 313 78 
51 257 313 78 
314 51 257 313 78 
54 53 51 257 
478 53 54 51 257 
54 53 51 257 
314 51 257 313 78 
51 257 313 78 
314 51 257 313 78 
1 54 53 15 51 257 43 
54 53 51 257 
314 51 257 313 78 
314 51 257 313 78 
74 51 257 77 313 78 
51 257 313 78 
51 257 313 78 
51 257 313 78 
314 51 257 313 78 
314 51 257 313 78 
1 442 15 51 257 401 313 78 
54 53 51 257 
452 51 257 313 78 
314 51 257 313 78 
314 51 257 313 78 
452 51 257 313 78 
314 51 257 313 78 
478 53 54 51 257 
54 53 51 257 
54 53 51 257 
54 53 51 257 
54 53 51 257 
54 53 51 257 
54 53 51 257 
54 53 51 257 
1 54 53 15 51 257 
478 53 54 51 257 
54 53 51 257 
54 53 51 257 
54 53 51 257 611 
478 51 257 313 78 
478 53 54 51 257 
54 53 51 257 
53 54 314 51 257 313 78 
478 51 257 
54 53 51 257 
51 257 313 78 
51 257 313 78 
1 54 53 15 51 257 400 401 
1 54 53 15 51 257 400 401 
478 53 54 51 257 
478 51 257 
54 53 51 257 
54 53 51 257 
54 53 51 257 
54 53 51 257 
54 53 51 257 
54 53 51 257 
478 51 257 
54 53 51 257 
478 53 54 51 257 
51 257 313 78 
314 452 51 257 313 78 
51 257 540 313 78 
314 51 257 313 78 
51 257 313 78 
314 51 257 313 78 
314 51 257 313 78 
314 51 257 313 78 
314 51 257 313 78 
314 51 257 313 78 
314 51 257 313 78 
314 51 257 313 78 
314 51 257 313 78 
314 452 51 257 313 78 
54 53 51 257 
54 53 51 257 
54 53 51 257 
54 53 51 257 465 
54 53 51 257 313 78 
1 54 53 15 51 257 
54 53 51 257 
54 53 51 257 
54 53 51 257 
54 53 51 257 
451 51 257 313 78 
451 51 257 313 78 
451 51 257 313 78 
451 51 257 313 78 
451 51 257 313 78 
452 51 257 313 78 
54 53 51 257 
51 257 313 78 
314 51 257 313 78 
51 257 313 78 
51 257 313 78 
51 257 313 78 
51 257 313 78 
51 257 313 78 
51 257 313 78 
51 257 313 78 
51 257 313 78 
51 257 313 78 
51 257 313 78 
51 257 313 78 
51 257 313 78 
51 257 313 78 
51 257 313 78 
51 257 313 78 
51 257 313 78 
51 257 313 78 
51 257 313 78 
51 257 313 78 
51 257 313 78 
451 51 257 313 78 
51 257 313 78 
51 257 313 78 
51 257 313 78 
51 257 313 78 
51 257 313 78 
51 257 313 78 
51 257 313 78 
51 257 313 78 
51 257 313 78 
51 257 313 78 
51 257 313 78 
51 257 313 78 
51 257 313 78 
51 257 313 78 
51 257 313 78 
51 257 313 78 
51 257 313 78 
51 257 313 78 
51 257 313 78 
51 257 313 78 
51 257 313 78 
51 257 313 78 
51 257 313 78 
51 257 313 78 
51 257 313 78 
51 257 313 78 
51 257 313 78 
51 257 313 78 
51 257 313 78 
51 257 313 78 
51 257 313 78 
51 257 313 78 
51 257 313 78 
51 257 313 78 
51 257 313 78 
51 257 313 78 
51 257 313 78 
314 51 257 313 78 
51 257 313 78 
54 53 51 257 
54 53 51 257 
54 53 51 257 
51 257 313 78 
51 257 313 78 
51 257 313 78 
51 257 313 78 
51 257 313 78 
51 257 313 78 
51 257 313 78 
51 257 313 78 
51 257 313 78 
51 257 313 78 
51 257 313 78 
51 257 313 78 
51 257 313 78 
51 257 313 78 
51 257 313 78 
51 257 313 78 
51 257 313 78 
51 257 313 78 
451 51 257 313 78 
51 257 313 78 
51 257 313 78 
54 53 51 257 
54 53 51 257 
54 53 51 257 
54 53 51 257 
478 53 54 51 257 
1 51 257 2 313 78 
54 53 51 257 
54 53 51 257 
54 53 51 257 
54 53 51 257 
54 53 51 257 
54 53 51 257 
54 53 51 257 
54 53 51 257 
314 51 257 313 78 
54 53 51 257 
314 51 257 313 78 
51 257 313 78 
51 257 313 78 
51 257 313 78 
51 257 313 78 
51 257 313 78 
51 257 313 78 
51 257 313 78 
51 257 313 78 
51 257 313 78 
314 51 257 313 78 
451 51 257 313 78 
51 257 313 78 
51 257 313 78 
51 257 313 78 
314 51 257 313 78 
452 51 257 313 78 
51 257 313 78 
51 257 313 78 
51 257 313 78 
54 53 51 257 
478 51 257 
54 53 51 257 
54 53 51 257 
54 53 51 257 
314 51 257 313 78 
54 53 51 257 
54 53 51 257 
51 257 313 78 
54 53 51 257 
51 257 313 78 
314 51 257 313 78 
314 51 257 313 78 
314 51 257 313 78 
452 51 257 313 78 
51 257 313 78 
51 257 313 78 
51 257 313 78 
314 51 257 313 78 
51 257 313 78 
314 51 257 313 78 
314 51 257 313 78 
314 51 257 313 78 
314 51 257 313 78 
54 53 51 257 
478 51 257 
54 51 257 313 78 
51 257 313 78 
54 51 257 313 78 
97 1 51 257 19 2 98 313 78 
51 257 313 78 
97 1 51 257 19 2 98 313 78 
51 257 313 78 
51 257 313 78 
51 257 313 78 
314 51 257 313 78 
452 51 257 313 78 
314 51 257 313 78 
54 53 51 257 
54 53 51 257 
54 53 51 257 611 
54 53 51 257 
54 53 51 257 
54 53 51 257 
54 53 51 257 
51 257 313 78 
314 51 257 313 78 
478 51 257 
314 51 257 313 78 
51 257 313 78 
51 257 313 78 
51 257 313 78 
51 257 313 78 
51 257 313 78 
51 257 313 78 
51 257 313 78 
51 257 313 78 
51 257 313 78 
51 257 313 78 
51 257 313 78 
51 257 313 78 
314 51 257 313 78 
314 51 257 313 78 
74 51 257 77 78 
452 51 257 313 78 
314 51 257 313 78 
54 53 51 257 
54 53 51 257 
478 53 54 51 257 
54 51 257 313 441 78 192 
51 257 313 78 
51 257 313 78 
51 257 313 78 
54 51 257 313 441 78 192 
54 51 257 313 441 78 192 
54 51 257 313 441 78 192 
54 51 257 313 441 78 192 
51 257 313 78 
51 257 313 78 
51 257 313 78 
51 257 313 78 
314 51 257 313 78 
314 51 257 313 78 
452 51 257 313 78 
451 51 257 313 78 
51 257 313 78 
314 51 257 313 78 
314 51 257 313 78 
478 53 54 51 257 
451 51 257 313 78 
51 257 313 78 
478 53 54 51 257 
51 257 313 78 
51 257 313 78 
314 51 257 313 78 
51 257 313 78 
314 51 257 313 78 
314 51 257 313 78 
314 51 257 313 78 
54 53 51 257 
451 51 257 313 78 
314 51 257 313 78 
314 51 257 313 78 
478 53 54 51 257 
314 51 257 313 78 
451 51 257 313 78 
1 54 53 15 51 257 400 401 
54 53 51 257 465 
478 51 257 
54 53 51 257 287 
54 53 51 257 
54 53 51 257 
451 51 257 313 78 
51 257 313 78 
51 257 313 78 
451 51 257 313 78 
478 54 51 257 287 
314 51 257 313 78 
54 53 51 257 
51 257 313 78 
51 257 313 78 
314 51 257 313 78 
451 51 257 313 78 
51 257 313 78 
51 257 313 78 
51 257 313 78 
51 257 313 78 
54 53 51 257 
314 51 257 313 78 
314 51 257 313 78 
314 51 257 313 78 
51 257 313 78 
51 257 313 78 
51 257 313 78 
314 51 257 313 78 
452 51 257 313 78 
54 51 257 313 78 222 192 
314 51 257 313 78 
51 257 313 78 
54 51 257 313 441 78 192 
451 51 257 313 78 
54 53 51 257 
314 51 257 313 78 
54 53 51 257 612 613 
53 54 51 257 313 78 
314 51 257 313 78 
314 51 257 313 78 
51 257 313 78 
314 51 257 313 78 
54 53 51 257 
54 53 51 257 
51 257 313 78 
51 257 313 78 
54 53 51 257 
314 51 257 313 78 
314 51 257 313 78 
314 51 257 313 78 
54 53 51 257 
451 51 257 313 78 
54 53 51 257 
54 53 51 257 78 
452 51 257 313 78 
54 53 51 257 
54 53 51 257 
54 53 51 257 
54 53 51 257 
451 51 257 313 78 
314 51 257 313 78 