51 257 138 540 78 
367 51 257 349 540 78 
51 257 138 540 78 
821 53 54 51 257 349 540 78 
821 51 257 349 540 78 
821 53 54 51 257 349 540 78 
821 51 257 349 540 78 
821 53 54 51 257 349 540 78 
51 257 540 78 
74 51 257 540 77 313 78 
1 74 15 51 257 540 77 78 
74 51 257 540 77 78 
314 51 257 540 313 78 
51 257 540 78 
51 257 540 78 
51 257 540 78 
51 257 138 540 78 
51 257 540 78 
51 257 138 540 78 
51 257 138 540 78 
51 257 540 78 
51 257 540 313 78 
51 257 540 78 
51 257 540 78 
821 51 257 349 540 78 
51 257 540 78 
51 257 540 313 78 
51 257 540 78 
51 257 540 78 
51 257 138 540 78 
51 257 540 78 
51 257 540 313 78 
51 257 138 540 78 
51 257 540 313 78 
51 257 540 313 78 
51 257 138 540 78 