410 411 
410 411 
410 411 
410 411 
410 411 
410 411 
410 411 
408 409 410 51 411 52 
410 411 
410 411 
410 411 
410 411 
410 411 
410 411 
410 411 
410 411 
410 411 
410 411 
410 411 
410 411 
410 411 
410 411 
410 411 412 
410 411 
410 411 
410 411 
74 410 51 411 77 78 
410 411 
1 410 411 2 
410 411 
410 411 
74 410 51 411 77 78 
410 411 
410 411 
410 411 
410 411 
410 411 
1 410 411 2 
410 411 
410 411 
410 411 
410 411 
410 411 
410 411 
410 411 
410 411 
410 411 
410 411 
410 411 
410 411 
410 411 
410 411 
410 411 
410 411 
410 411 
410 411 
410 411 
410 411 
410 411 
410 411 
410 411 
410 411 412 
74 410 51 411 77 78 
410 411 
410 411 
410 411 
1 410 411 2 
410 411 
410 411 
410 411 
410 411 
410 411 
410 411 
410 411 
410 411 
410 411 
410 411 
410 411 
410 411 
410 411 
410 411 
410 411 
410 411 
410 411 
74 410 51 411 77 78 
410 411 
410 411 
410 411 
408 409 410 51 411 52 
410 411 
410 411 
410 411 
410 411 
410 411 
410 411 
410 411 
410 411 
410 411 
410 411 
410 411 
410 411 
410 411 
410 411 
410 411 
410 411 
410 411 
410 411 
410 411 
410 411 
410 411 
1 410 411 2 
410 411 
410 411 
410 411 
410 411 
410 411 
410 411 
410 411 
410 411 
410 411 
410 411 
410 411 
410 411 
1 410 411 2 
410 411 
410 411 
410 411 
410 411 
410 411 
410 411 
410 411 
410 411 
410 411 
410 411 
410 411 
410 411 
410 411 
410 411 
410 411 
410 411 
410 411 
410 411 
410 411 
410 411 
410 411 
410 411 
410 411 
410 411 
410 411 
410 411 
410 411 
410 411 
410 411 
410 411 
410 411 
410 411 
410 411 
410 411 
1 410 411 2 
410 411 
410 411 
410 411 
410 411 
410 411 
410 411 
410 411 
410 411 
410 411 
410 411 
410 411 
410 411 
410 411 
410 411 
410 411 
410 411 
410 411 
410 411 
410 411 
410 411 
410 411 
410 411 
410 411 
408 409 410 51 411 52 
410 411 
410 411 
410 411 
1 410 411 2 
410 411 
410 411 
410 411 
410 411 
410 411 
410 411 