1 15 16 
1 15 51 16 375 78 
1 15 16 
1 15 16 
1 15 16 
1 15 16 
1 15 16 
1 15 16 
1 15 16 
1 15 16 
1 15 16 
1 15 16 
1 15 16 
1 15 16 
1 15 16 
1 15 16 
1 15 16 
1 15 16 
1 184 15 185 16 
1 15 16 
1 15 16 
1 15 16 
1 15 16 
1 15 16 
1 15 16 
1 15 16 
1 15 16 
1 15 16 
1 15 16 
1 15 16 
1 15 16 
1 15 16 
1 15 16 
1 15 16 
1 15 16 
1 15 16 
1 15 16 
1 15 16 
1 15 16 
1 15 16 
1 15 16 
1 15 16 
1 15 16 
1 15 16 
1 15 16 
1 15 16 
1 15 16 
1 15 16 
1 15 16 
1 15 16 
1 15 16 
1 15 16 
1 15 16 
1 15 16 
1 15 16 
1 15 16 
1 15 16 
1 15 16 
1 15 16 
1 15 16 
1 15 16 
1 15 16 
1 15 16 
1 15 16 
1 15 16 
1 15 16 
1 15 16 
1 15 16 
1 15 16 
1 15 16 
1 15 16 
1 15 16 
1 15 16 
1 15 16 
1 15 16 
1 15 16 
1 15 16 
1 15 16 
1 15 16 
1 15 16 
1 15 16 
1 15 16 
1 15 16 
1 15 16 
1 15 16 
1 15 2 16 
1 15 16 
1 15 16 
1 15 16 
1 15 16 
1 15 16 
1 15 16 
1 15 16 
1 15 16 
1 15 16 
1 15 16 
1 15 16 
1 15 16 
1 15 16 
1 15 16 
1 15 16 
1 53 54 15 51 16 
1 15 16 
1 15 16 
1 15 16 
1 15 16 
1 15 16 
1 15 16 
1 15 16 
1 15 16 
1 15 16 
1 15 16 
1 15 16 
1 15 16 
1 15 16 
1 15 16 
1 15 16 
1 53 54 15 51 16 
1 15 16 
1 15 16 
1 15 16 
1 15 16 
1 15 16 
1 15 16 
1 15 16 
1 15 16 
1 15 16 
1 15 16 
1 15 16 
1 15 16 
1 15 16 
1 15 16 
1 15 16 
1 15 16 
1 15 16 
1 15 16 
1 15 400 401 16 
1 15 16 
1 15 16 
1 15 16 
1 15 16 
1 15 16 
1 15 16 
1 15 16 
1 15 16 
1 15 16 
1 15 16 
1 15 16 
1 15 16 
1 15 16 
1 15 16 
1 15 16 
1 15 16 
1 15 16 
1 15 16 
1 15 16 
1 15 16 
1 15 16 
1 184 15 185 16 
1 15 16 
1 15 16 
1 15 16 
1 15 16 
1 15 16 
1 15 16 43 
1 15 16 
1 15 16 
1 15 16 
1 15 16 
1 15 16 
1 15 16 
1 15 16 
1 15 16 
1 15 16 
1 15 16 
1 15 16 
1 15 16 
1 15 16 
1 15 16 
1 15 16 
1 15 16 
1 15 16 
1 15 16 
1 15 16 
1 15 16 
1 184 15 185 16 
1 15 16 
1 15 16 
1 15 16 
1 15 16 
1 15 16 
1 15 16 
1 15 16 
1 15 16 
1 15 16 
1 15 16 
1 15 16 
1 15 16 
1 15 16 
1 15 16 
1 15 16 
1 15 16 
1 15 16 
1 15 16 
1 15 16 
1 15 16 
1 15 16 
1 15 16 
1 15 16 
1 15 16 
1 184 15 185 16 
1 15 16 
1 15 16 
1 15 16 
1 15 16 
1 15 16 
1 15 16 
1 15 16 
1 15 16 
1 15 16 
1 15 16 
1 15 16 
1 15 16 
1 15 16 
1 15 16 
1 15 16 
1 15 16 
1 15 16 
1 15 16 
1 15 16 
1 15 16 
1 15 16 
1 15 16 
1 15 16 
1 15 16 
1 15 16 
1 15 16 
1 15 16 
1 15 16 
1 15 16 
1 15 16 
1 15 16 
1 15 16 
1 15 16 
1 184 15 185 16 
1 15 16 
1 15 16 
1 15 16 
1 15 16 
1 15 51 16 375 78 
1 15 16 
1 54 15 51 16 441 192 
1 54 15 51 16 222 192 
1 54 15 51 16 222 192 
1 15 16 
1 54 15 51 16 222 192 
1 54 15 51 16 441 192 
1 54 15 51 16 222 192 
1 15 16 
1 54 15 51 16 222 192 
1 15 16 
1 54 15 51 16 222 192 
1 15 16 42 
1 15 16 
1 54 15 51 16 441 192 
1 15 16 
1 15 16 
1 15 16 
1 15 16 
1 15 16 
1 15 16 
1 15 16 
1 184 15 185 16 
1 15 16 
1 15 16 
1 15 16 
1 15 16 
1 15 16 
1 15 16 
1 15 16 
1 15 16 
1 15 16 
1 15 16 
1 15 16 
1 15 16 
1 15 16 
1 15 16 
1 15 16 
1 15 16 
1 15 16 
1 15 16 
1 15 16 
1 15 16 
1 15 16 
1 15 51 16 375 78 
1 15 16 
1 15 16 
1 15 16 
1 15 16 
1 15 16 
1 15 16 
1 15 16 
1 15 16 
1 15 2 16 
1 15 16 
1 15 16 
1 15 16 
1 15 16 
1 15 16 
1 15 16 
1 15 16 
1 15 16 
1 15 16 
1 15 16 
1 15 16 
1 15 16 
1 15 16 
1 15 16 
1 15 16 
1 15 16 
1 15 16 
1 15 16 
1 53 54 15 51 16 
1 15 16 
1 15 16 
1 15 16 
1 15 16 
1 15 16 
1 15 16 
1 15 16 
1 15 16 
1 15 16 
1 15 16 
1 15 16 
1 15 16 
1 15 16 
1 15 16 
1 15 16 
1 15 16 
1 15 16 
1 15 16 
1 15 16 
1 15 95 16 96 
1 15 16 
1 15 16 
1 15 16 
1 15 16 
1 15 16 
1 15 16 
1 15 16 
1 15 16 
1 15 16 
1 15 16 
1 15 16 
1 15 16 
1 15 16 
1 184 15 185 16 
1 15 16 
1 15 16 
1 15 16 
1 15 16 
1 15 16 
1 15 16 
1 15 16 
1 15 16 
1 15 16 
1 15 16 
1 15 16 
1 15 16 
1 15 16 
1 15 16 