1 2 
1 2 
1 2 
1 2 
1 2 
1 2 
1 2 
1 2 
1 2 
1 29 2 
1 2 
1 2 4 
1 2 
1 2 
1 29 2 
1 2 4 
1 29 2 
1 2 
1 29 2 
1 2 4 
1 2 4 
1 2 4 
1 2 4 
1 29 2 
1 2 
1 29 2 
1 29 2 
1 2 
1 2 4 
1 2 
1 2 
1 2 
1 2 
1 2 
1 2 
1 2 
1 2 4 
1 2 
1 29 2 
1 2 
1 2 
1 29 2 
1 2 
1 2 
1 2 
1 2 
1 2 
1 2 
1 46 47 2 4 
1 2 4 
1 2 4 
1 2 4 
1 2 4 
1 2 4 
1 29 2 
1 2 4 
1 2 
1 2 
1 2 4 
1 2 
1 29 2 
1 2 
1 29 2 
1 29 2 
1 2 
1 2 
1 2 4 
1 2 4 
1 29 2 
1 2 4 
1 2 4 
1 2 4 
1 29 2 
1 2 
1 2 4 
1 2 4 
1 2 4 
1 2 4 
1 2 
1 2 
1 29 32 2 
1 2 4 
1 29 2 
1 2 4 
1 2 4 
1 2 4 
1 2 
1 29 2 
1 29 2 
1 29 2 
1 29 2 
1 29 2 
1 2 4 
1 2 4 
1 2 4 
1 2 
1 2 
1 33 29 2 
1 2 
1 2 
1 2 
1 2 4 
1 2 4 
1 2 
1 2 
1 2 
1 2 4 
1 2 
1 29 32 2 
1 29 2 
1 2 
1 29 2 
1 29 2 
1 2 
1 2 4 
1 2 4 
1 2 4 
1 29 2 
1 2 
1 2 4 
1 2 4 
1 29 2 
1 2 
1 2 4 
1 29 2 
1 2 
1 29 2 
1 2 4 
1 2 
1 2 
1 29 2 
1 2 4 
1 2 4 
1 2 
1 29 2 
1 2 4 
1 2 4 
1 2 4 
1 2 
1 2 4 
1 2 4 
1 2 4 
1 29 2 
1 2 4 
1 2 
1 2 
1 2 4 
1 2 4 
1 29 2 
1 2 
1 29 2 
1 29 2 
1 2 4 
1 2 
1 2 
1 2 4 
1 2 4 
1 2 4 
1 2 4 
1 2 4 
1 2 
1 29 2 
1 29 2 
1 29 2 
1 2 
1 2 
1 2 4 
1 2 
1 2 
1 29 2 
1 2 
1 2 
1 2 
1 2 
1 29 2 
1 29 2 
1 29 2 
1 29 19 2 
1 29 2 
1 2 4 
1 2 4 
1 29 2 
1 2 4 
1 2 4 
1 2 
1 29 2 
1 2 
1 2 
1 2 
1 2 
1 2 
1 2 
1 29 2 
1 29 2 
1 29 2 
1 2 4 
1 29 2 
1 2 
1 2 
1 2 
1 2 
1 2 
1 2 
1 2 4 
1 2 
1 2 
1 2 
1 29 2 
1 29 2 
1 29 2 
1 29 2 71 
1 29 2 
1 2 4 
1 2 
1 2 4 
1 2 4 
1 2 4 
1 2 
1 2 4 
1 2 4 
1 2 4 
1 2 
1 2 
1 29 2 
1 29 2 
1 29 2 
1 29 2 
1 2 4 
1 2 
1 29 2 
1 2 
1 2 
1 2 
1 29 2 
1 2 4 
1 29 19 2 
1 2 
1 2 
1 29 2 
1 15 2 43 
1 2 
1 29 2 
1 2 
1 2 
1 2 4 
1 29 2 
1 2 
1 2 
1 2 
1 2 
1 2 4 
1 29 2 
1 2 
1 2 
1 2 
1 2 
1 2 
1 2 4 
1 2 
1 2 4 
1 2 
1 29 2 
1 2 4 
1 29 2 
1 2 
1 2 4 
1 29 2 
1 2 4 
1 2 4 
1 2 
1 2 
1 2 
1 2 4 
1 2 4 
1 2 
1 2 
1 2 4 
1 29 2 71 
1 29 32 2 
1 29 2 