1 442 15 401 
1 442 15 401 
1 442 15 401 
1 442 15 401 
1 442 15 401 400 
1 442 15 401 
1 442 15 401 
1 442 15 401 
1 442 15 401 
1 442 15 401 
1 442 15 401 
1 442 15 401 
1 442 15 401 
1 442 15 401 
1 442 15 401 400 
1 442 15 401 
1 442 15 401 
1 442 15 401 
1 442 15 401 
1 442 53 54 15 51 401 
1 442 15 401 
1 442 15 401 400 
1 442 15 401 
1 442 15 401 
1 442 15 401 
1 442 15 401 
1 442 15 401 
1 442 15 401 
1 442 15 401 
1 442 15 401 
1 442 15 401 
1 442 15 401 
1 442 15 401 
1 442 15 401 
1 442 15 401 
1 442 15 401 
1 442 15 401 
1 15 401 400 
1 442 15 401 
1 442 15 401 
1 442 15 401 
1 442 15 401 
1 442 15 401 
1 442 15 401 
1 442 15 401 
1 442 15 401 
1 442 15 401 
1 442 15 401 
1 442 15 401 
1 442 15 401 
1 442 15 401 
1 442 15 401 
1 442 15 401 
1 15 401 400 
1 442 15 401 
1 442 15 401 
1 442 15 401 
1 15 401 400 
1 442 15 401 
1 442 15 401 
1 15 401 400 
1 442 15 401 
1 442 15 401 
1 442 15 401 400 
1 442 15 401 
1 442 15 401 
1 442 15 401 
1 442 15 401 
1 442 15 401 400 
1 442 15 401 
1 442 15 401 
1 442 15 401 
1 442 15 401 
1 442 15 401 
1 442 15 401 400 
1 15 401 400 
1 442 15 401 
1 442 54 15 51 401 
1 442 15 401 400 
1 442 15 401 
1 15 401 400 
1 15 401 400 42 
1 15 401 400 
1 442 15 401 
1 442 15 401 
1 442 15 401 
1 442 15 401 
1 442 15 401 16 
1 442 15 401 
1 442 15 401 
1 15 401 400 
1 442 15 401 
1 442 15 401 
1 442 15 401 2 
1 442 15 401 
1 442 15 401 
1 442 15 401 
1 442 15 401 400 
1 442 15 401 
1 442 15 401 
1 442 15 401 
1 442 15 401 
1 15 401 400 
1 442 15 401 400 
1 442 15 401 
1 442 15 401 
1 442 15 401 400 
1 442 15 401 
1 442 15 401 
1 442 15 401 
1 15 401 400 
1 442 15 401 
1 442 15 401 
1 442 15 401 
1 442 15 401 
1 442 15 401 
1 442 15 401 400 
1 15 401 400 
1 442 15 401 
1 442 15 401 
1 15 401 400 
1 97 442 15 401 19 2 98 
1 15 401 400 
1 442 15 401 
1 15 401 400 
1 442 15 401 400 
1 442 15 401 
1 442 15 401 
1 442 15 401 
1 442 15 401 
1 442 15 401 
1 442 15 401 
1 15 401 400 
1 15 401 400 
1 15 401 400 
1 442 15 401 
1 442 15 401 
1 442 15 401 
1 442 15 401 
1 442 53 54 15 51 401 
1 442 15 401 
1 442 15 401 
1 442 15 401 
1 442 15 401 400 
1 442 15 401 
1 442 15 401 
1 15 401 400 
1 442 15 401 
1 442 15 401 
1 442 15 401 
1 442 15 401 
1 442 15 401 
1 442 15 401 
1 442 15 401 
1 15 401 400 
1 442 15 401 
1 15 401 400 
1 442 15 401 
1 442 15 401 
1 442 15 401 
1 442 15 401 
1 442 15 401 
1 442 15 401 
1 442 15 401 400 
1 442 15 401 43 
1 442 15 401 
1 442 15 401 
1 442 15 401 
1 442 15 401 
1 442 15 401 400 