184 1 15 51 348 257 349 185 359 351 
1 15 51 348 257 349 359 443 351 
51 348 257 349 359 351 
51 348 257 349 359 351 
51 348 257 349 359 351 
51 348 257 349 359 351 
51 348 257 349 359 351 
51 348 257 349 359 351 
51 348 257 349 359 351 
51 348 257 349 359 351 
51 348 257 349 359 351 
51 348 257 349 359 351 
51 348 257 349 359 351 
51 348 257 349 359 351 
445 51 348 257 349 42 359 351 108 
51 348 257 349 359 351 
51 348 257 349 359 351 
51 348 257 349 359 351 
51 348 257 349 359 351 
51 348 257 349 42 359 351 108 
51 348 257 349 359 351 
51 348 257 349 359 351 
51 348 257 349 359 351 
59 51 348 257 349 60 359 351 
51 348 257 349 359 351 
51 348 257 349 359 351 
51 348 257 349 359 351 
51 348 257 349 359 351 
51 348 257 349 359 351 
51 348 257 349 359 351 
51 348 257 349 359 351 
51 348 257 349 42 359 351 
51 348 257 349 359 351 
51 348 257 349 359 351 
51 348 257 349 359 351 
51 348 257 349 359 351 
51 348 257 349 359 351 
51 348 257 349 359 351 
51 348 257 349 359 351 
51 348 257 349 359 351 
51 348 257 349 359 351 
51 348 257 349 359 351 
51 348 257 349 359 351 
190 54 51 348 257 349 359 192 351 269 
51 348 257 349 359 351 
184 1 15 51 348 257 349 185 359 351 
51 348 257 349 359 351 
51 348 257 349 359 351 
190 54 51 348 257 349 359 192 351 269 
51 348 257 349 359 351 
51 348 257 349 359 351 
51 348 257 349 359 351 
1 15 51 348 257 349 359 351 
51 348 257 349 359 351 
51 348 257 349 359 351 
51 348 257 349 359 351 
51 348 257 349 359 351 
51 348 257 349 359 351 
51 348 257 349 359 351 
51 348 257 349 359 351 
51 348 257 349 359 351 
51 348 257 349 359 351 
51 348 257 349 359 351 
51 348 257 349 359 351 
51 348 257 349 359 351 
1 15 51 348 257 349 202 359 234 351 
51 348 257 349 359 351 
1 15 51 348 257 349 202 359 234 351 
51 348 257 349 359 351 
184 1 15 51 348 257 349 185 359 351 
51 348 257 349 42 359 351 
51 348 257 349 145 42 359 351 
51 348 257 349 359 351 
51 348 257 349 359 351 
51 348 257 349 359 351 
51 348 257 349 359 351 
51 348 257 349 359 351 
51 348 257 349 359 351 
51 348 257 349 359 351 
51 348 257 349 359 351 
51 348 257 349 359 351 
51 348 257 349 359 351 
51 348 257 349 359 351 
186 51 348 257 349 359 351 
51 348 257 349 359 351 
51 348 257 349 359 351 
51 348 257 349 359 351 
51 348 257 349 359 351 
51 348 257 349 359 351 