1 51 257 93 2 375 94 78 
51 257 375 78 
1 51 257 93 2 375 94 78 
1 51 257 93 2 375 94 78 
1 51 257 93 2 375 94 78 
1 51 257 93 2 375 94 78 
1 51 257 93 2 375 94 78 
1 51 257 93 2 375 94 78 
51 257 375 78 
51 257 375 78 
51 257 375 78 
1 51 257 93 2 375 94 78 
1 51 257 93 2 375 94 78 
1 51 257 93 2 375 94 78 
1 51 257 93 2 375 94 78 
51 257 375 78 
1 51 257 93 2 375 94 78 
51 257 375 78 
51 257 375 78 
1 51 257 93 2 375 94 78 
51 257 375 78 
1 51 257 93 2 375 94 78 
1 51 257 93 2 375 94 78 
51 257 375 78 
51 257 375 78 
51 257 375 78 
1 51 257 93 2 375 94 78 
51 257 375 78 
51 257 375 78 
51 257 375 78 
1 51 257 93 2 375 94 78 
1 51 257 93 2 375 94 78 
1 51 257 93 2 375 94 78 
51 257 375 78 
1 51 257 93 2 375 94 78 
51 257 375 78 
51 257 375 78 
1 51 257 93 2 375 94 78 
51 257 375 78 
1 51 257 93 2 375 94 78 
1 51 257 93 2 375 94 78 
1 51 257 93 2 375 94 78 
1 51 257 93 2 375 94 78 
1 51 257 93 2 375 94 78 
1 51 257 93 2 375 94 78 
1 51 257 93 2 375 94 78 
1 51 257 93 2 375 94 78 
51 257 375 78 
1 51 257 93 2 375 94 78 
51 257 375 78 
1 51 257 93 2 375 94 78 
1 51 257 93 2 375 94 78 
1 51 257 93 2 375 94 78 
1 51 257 93 2 375 94 78 
1 51 257 93 2 375 94 78 
1 51 257 93 2 375 94 78 
1 51 257 93 2 375 94 78 
51 257 375 78 
1 51 257 93 2 375 94 78 
1 51 257 93 2 375 94 78 
1 51 257 93 2 375 94 78 
1 51 257 93 2 375 94 78 
1 51 257 93 2 375 94 78 
51 257 375 78 
1 51 257 93 2 375 94 78 
1 51 257 93 2 375 94 78 
1 51 257 93 2 375 94 78 
1 51 257 93 2 375 94 78 
1 51 257 93 2 375 94 78 
51 257 375 78 
51 257 375 78 
51 257 375 78 
51 257 540 375 78 
51 257 375 78 
1 51 257 93 2 375 94 78 
51 257 375 78 
1 51 257 93 2 375 94 78 
1 51 257 93 2 375 94 78 
1 51 257 93 2 375 94 78 
51 257 375 78 
51 257 375 78 
51 257 375 78 
1 51 257 93 2 375 94 78 
1 51 257 93 2 375 94 78 
1 51 257 93 2 375 94 78 
1 51 257 93 2 375 94 78 
51 257 375 78 
1 51 257 93 2 375 94 78 
1 51 257 93 2 375 94 78 
1 51 257 93 2 375 94 78 
51 257 375 78 
1 51 257 93 2 375 94 78 
1 51 257 93 2 375 94 78 
1 51 257 93 2 375 94 78 
51 257 375 78 
1 51 257 93 2 375 94 78 
1 51 257 93 2 375 94 78 
51 257 375 78 
51 257 375 78 
1 51 257 93 2 375 94 78 
51 257 375 78 
1 51 257 93 2 375 94 78 
1 51 257 93 2 375 94 78 
1 51 257 93 2 375 94 78 
1 51 257 93 2 375 94 78 
51 257 375 78 
1 51 257 93 2 375 94 78 
1 51 257 93 2 375 94 78 
1 51 257 93 2 375 94 78 
1 51 257 93 2 375 94 78 
1 51 257 93 2 375 94 78 
1 51 257 93 2 375 94 78 
51 257 375 313 78 
1 51 257 93 2 375 94 78 
1 15 51 257 375 78 
51 257 375 78 
51 257 375 78 
1 51 257 93 2 375 94 78 
51 257 375 78 
51 257 375 78 
51 257 375 78 
1 51 257 93 2 375 94 78 
1 51 257 93 2 375 94 78 
51 257 375 78 
51 257 375 78 
51 257 375 78 
51 257 375 78 
1 51 257 93 2 375 94 78 
1 51 257 93 2 375 94 78 
51 257 375 78 
51 257 375 78 
1 51 257 93 2 375 94 78 
51 257 375 78 
51 257 375 78 
1 51 257 93 2 375 94 78 
1 51 257 93 2 375 94 78 
51 257 375 78 
1 15 51 257 375 78 
51 257 375 78 