1 2 
1 33 29 2 
1 2 
1 2 
1 2 
1 2 
1 2 
1 2 4 
1 2 
1 2 
1 2 
1 29 32 2 
1 2 
1 2 
1 2 
1 2 
1 2 4 
1 2 42 73 
1 2 
1 2 4 
1 2 
1 2 
1 33 29 2 
1 2 
1 2 
1 2 4 
1 2 
1 29 2 30 
1 2 
1 2 
1 2 
1 2 4 
1 2 
1 2 
1 29 2 
1 29 2 
1 2 4 
1 29 2 30 
1 2 
1 2 
1 2 
1 2 
1 2 
1 51 2 313 78 
1 2 
1 2 
1 33 29 2 
1 2 
1 2 
1 2 
1 2 
1 2 
1 66 29 2 
1 2 
1 691 2 
1 2 4 
1 2 
1 2 
1 2 
1 2 
1 17 2 
1 2 
1 2 
1 2 
1 2 
1 2 
1 2 
1 2 4 
1 2 
1 2 
1 50 51 2 52 
1 2 
1 93 2 94 
1 2 
1 2 
1 2 4 
1 2 
1 2 
1 2 
1 2 
1 2 
1 2 4 
1 2 
1 2 
1 29 2 
1 2 
1 33 29 2 
1 93 2 94 
1 2 
1 29 2 71 
1 2 4 
1 40 93 2 41 42 94 
1 29 32 2 
1 2 
1 2 
1 2 
1 2 
1 2 
1 2 
1 2 
1 29 32 2 
1 29 2 
1 2 
1 2 
1 2 
1 2 
1 2 4 
1 2 4 
1 2 
1 2 
1 2 
1 2 
1 2 
1 2 
1 2 
1 2 
1 2 
1 46 47 2 
1 2 4 
1 2 
1 2 4 
1 2 4 
1 2 4 
1 2 
1 2 318 
1 2 
1 2 
1 2 
1 2 
1 2 
1 2 
1 2 
1 2 
1 2 
1 2 
1 2 
1 2 
1 2 
1 2 
1 2 
1 2 
1 2 
1 2 
1 15 2 43 
1 2 
1 2 
1 2 
1 2 
1 2 
1 2 
1 2 
1 2 
1 2 
1 2 
1 2 
1 2 
1 2 
1 2 
1 2 
1 2 
1 2 
1 2 
1 2 
1 2 
1 2 
1 2 
1 2 
1 2 
1 2 
1 2 
1 2 
1 2 
1 2 
1 2 
1 2 4 
1 2 
1 2 4 
1 2 4 
1 2 4 
1 2 3 
1 2 
1 2 
1 2 
1 2 
1 2 
1 2 
1 2 
1 2 
1 2 
1 2 
1 2 
1 2 
1 2 4 
1 2 4 
1 2 4 
1 2 4 
1 2 4 
1 2 
1 2 
1 2 
1 2 4 
1 2 
1 2 
1 2 
1 2 
1 2 
1 2 
1 2 
1 2 
1 2 
1 29 2 
1 2 
1 2 
1 17 2 
1 2 4 
1 2 
1 2 
1 2 
1 29 2 
1 2 
1 2 
1 89 2 
1 2 
1 2 
1 2 
1 2 
1 2 124 
1 2 
1 2 
1 2 
1 2 
1 2 
1 2 4 
1 2 
1 2 
1 2 4 
1 2 
1 2 
1 2 
1 2 
1 2 4 
1 2 
1 2 
1 2 
1 2 
1 2 
1 2 4 
1 93 2 94 
1 2 
1 2 
1 2 
1 2 
1 2 
1 29 2 34 
1 127 2 
1 2 
1 2 
1 2 
1 2 
1 2 
1 2 
1 2 
1 2 4 
1 2 
1 2 
1 2 
1 2 
1 2 
1 2 
1 2 
1 2 42 73 
1 2 
1 2 4 
1 2 
1 2 
1 406 2 
1 2 
1 2 
1 2 
1 2 
1 2 
1 17 2 
1 2 
1 2 
1 2 
1 2 
1 2 
1 126 2 127 
1 2 
1 2 
1 2 
1 2 
1 2 
1 2 124 
1 2 
1 29 2 34 
1 2 
1 2 
1 2 
1 2 
1 2 
1 2 
1 2 
1 2 
1 2 
1 2 
1 2 
1 2 
1 2 
1 2 
1 2 
1 2 
1 29 32 2 
1 2 
1 29 32 2 
1 2 
1 2 4 
1 2 4 
1 2 
1 2 
1 2 4 
1 2 4 
1 2 
1 2 
1 89 2 
1 2 
1 51 2 
1 2 
1 2 
1 2 
1 2 4 
1 2 
1 2 
1 2 
1 2 4 
1 2 
1 2 
1 2 
1 2 
1 2 
1 2 
1 2 
1 2 
1 2 
1 2 4 
1 2 
1 2 
1 2 
1 2 4 
1 2 
1 29 2 71 
1 356 15 2 43 
1 2 
1 29 32 2 
1 2 
1 2 
1 2 3 
1 2 
1 2 
1 2 
1 581 19 2 
1 2 4 
1 2 
1 2 
1 2 
1 50 51 2 52 
1 33 29 2 
1 29 32 2 
1 2 
1 15 2 
1 2 
1 2 
1 2 
1 2 
1 2 
1 2 4 
1 2 
1 29 2 71 
1 2 
1 2 
1 2 
1 2 
1 2 
1 29 32 2 4 
1 2 4 
1 15 2 43 
1 2 
1 2 
1 2 
1 2 
1 2 4 
1 2 4 
1 2 
1 2 4 
1 2 4 
1 2 
1 2 
1 2 
1 2 
1 2 
1 2 
1 29 32 2 
1 2 
1 2 
1 2 
1 2 
1 2 
1 2 
1 2 
1 2 
1 2 
1 2 
1 2 
1 2 
1 2 4 
1 2 
1 33 29 2 
1 2 
1 2 
1 2 
1 2 
1 2 
1 2 
1 2 
1 2 
1 17 2 
1 2 4 
1 2 
1 2 
1 2 
1 2 4 
1 2 4 
1 2 
1 53 54 51 29 2 34 
1 2 
1 29 2 34 
1 2 
1 2 
1 2 
1 2 270 
1 2 
1 2 
1 2 
1 19 2 
1 2 
1 2 4 
1 2 
1 15 2 
1 2 
1 2 
1 2 
1 53 54 51 2 
1 2 
1 2 
1 2 4 
1 2 
1 2 
1 2 
1 53 54 51 2 
1 2 
1 2 
1 2 
1 2 
1 2 4 
1 2 
1 2 
1 2 
1 2 
1 2 
1 2 
1 2 
1 2 
1 29 2 
1 2 4 
1 2 
1 2 
1 2 
1 2 
1 2 
1 29 32 2 
1 2 
1 89 2 
1 2 
1 2 
1 2 
1 2 
1 2 
1 2 
1 2 
1 2 4 
1 2 
1 2 
1 2 
1 2 
1 2 
1 2 
1 2 
1 2 
1 2 
1 2 
1 2 
1 2 
1 2 
1 2 
1 2 
1 2 
1 2 4 
1 2 
1 2 
1 2 
1 2 
1 2 
1 2 
1 2 
1 2 
1 2 
1 2 