54 190 51 257 555 192 
54 190 51 257 555 192 
54 190 51 257 555 192 
54 190 51 257 556 192 
54 190 51 257 555 192 
54 557 190 51 257 192 
54 190 51 257 555 192 
54 557 190 51 257 192 
54 190 51 257 555 192 
54 557 190 51 257 192 
54 557 190 51 257 192 
54 190 51 257 555 192 
54 190 51 257 556 192 
54 190 51 257 555 192 
54 557 190 51 257 192 
54 557 190 51 257 192 
54 557 190 51 257 192 
54 190 51 257 555 192 
54 190 51 257 555 192 
54 190 51 257 556 192 
54 190 51 257 555 192 
54 190 51 257 555 192 
54 190 51 257 556 192 
54 557 190 51 257 192 
54 190 51 257 556 192 
54 557 190 51 257 192 
54 190 51 257 555 192 
54 190 51 257 555 192 
54 190 51 257 555 192 
54 190 51 257 556 192 
54 190 51 257 556 192 
54 190 51 257 555 192 
54 190 51 257 555 192 
54 190 51 257 555 192 
54 190 51 257 555 192 
54 190 51 257 555 192 
54 557 190 51 257 192 
54 190 51 257 555 192 
54 190 51 257 555 192 
54 190 51 257 555 192 
54 190 51 257 556 192 
54 190 51 257 555 192 
54 190 51 257 555 192 
54 557 190 51 257 192 
54 190 51 257 555 192 269 
54 557 190 51 257 192 
54 190 51 257 555 192 
54 190 51 257 555 192 
54 557 190 51 257 192 
54 557 190 51 257 192 
54 190 51 257 555 192 
54 190 51 257 555 192 
54 190 51 257 555 192 
54 190 51 257 555 192 
54 190 51 257 555 192 
54 557 190 51 257 192 
54 190 51 257 555 192 
54 190 51 257 556 192 
54 190 51 257 556 192 
54 190 51 257 556 192 
54 190 51 257 556 192 
54 190 51 257 555 192 
54 190 51 257 555 192 
54 557 190 51 257 192 
54 190 51 257 555 192 
54 190 51 257 555 192 
54 190 51 257 555 192 
54 190 51 257 555 192 
54 557 190 51 257 192 
54 557 190 51 257 192 
54 190 51 257 555 192 
54 190 51 257 555 192 
54 557 190 51 257 192 
54 190 51 257 556 192 
54 190 51 257 555 192 
54 190 51 257 555 192 
54 190 51 257 556 192 
54 190 51 257 555 192 
54 190 51 257 556 192 
54 190 51 257 556 192 
54 557 190 51 257 192 
54 557 190 51 257 192 
54 557 190 51 257 192 
54 190 51 257 555 192 
54 557 190 51 257 192 
54 190 51 257 555 192 
54 557 190 51 257 192 
54 190 51 257 555 192 
54 190 51 257 555 192 
54 190 51 257 555 192 
54 557 190 51 257 192 
54 190 51 257 555 192 269 
54 557 190 51 257 192 
54 190 51 257 555 192 
54 557 190 51 257 192 
54 190 51 257 555 192 
54 557 190 51 257 192 
54 190 51 257 555 192 
54 557 190 51 257 192 
54 190 51 257 555 192 
54 557 190 51 257 192 
54 190 51 257 555 192 
54 190 51 257 556 192 
54 190 51 257 555 192 
54 557 190 51 257 192 
54 190 51 257 555 192 
54 557 190 51 257 192 
54 557 190 51 257 192 
54 190 51 257 555 192 
54 190 51 257 555 192 
54 557 190 51 257 192 
54 190 51 257 555 192 
54 190 51 257 555 192 
54 190 51 257 555 192 
54 557 190 51 257 192 
54 557 190 51 257 192 
54 557 190 51 257 192 
54 557 190 51 257 192 
54 190 51 257 555 192 
54 190 51 257 555 192 
54 190 51 257 555 192 
54 190 51 257 556 192 
54 190 51 257 555 192 
54 190 51 257 555 192 
54 190 51 257 555 192 
54 190 51 257 555 192 
54 190 51 257 555 192 
54 190 51 257 555 192 
54 190 51 257 555 192 
54 557 190 51 257 192 
54 557 190 51 257 192 
54 190 51 257 555 192 
54 190 51 257 555 192 
54 557 190 51 257 192 
54 557 190 51 257 192 
54 190 51 257 555 192 269 
54 190 51 257 555 192 
54 190 51 257 555 192 
54 557 190 51 257 192 
54 190 51 257 556 192 
54 557 190 51 257 192 
54 190 51 257 555 192 
54 190 51 257 555 192 
54 190 51 257 555 192 
54 190 51 257 555 192 269 
54 557 190 51 257 192 
54 190 51 257 555 192 
54 190 51 257 555 192 
54 190 51 257 556 192 
54 190 51 257 555 192 
54 557 190 51 257 192 
54 557 190 51 257 192 
54 557 190 51 257 192 
54 557 190 51 257 192 
54 53 190 51 257 555 192 
54 190 51 257 555 192 
54 190 51 257 556 192 
54 190 51 257 555 192 
54 190 51 257 555 192 
54 190 51 257 556 192 
54 190 51 257 555 192 
54 190 51 257 556 192 
54 190 51 257 555 192 269 
54 190 51 257 555 192 
54 190 51 257 555 192 
54 557 190 51 257 192 
54 190 51 257 555 192 
54 190 51 257 555 192 
54 190 51 257 555 192 
54 190 51 257 556 192 
54 190 51 257 555 192 
54 190 51 257 555 192 
54 557 190 51 257 192 
54 557 190 51 257 192 
54 190 51 257 555 192 
54 190 51 257 555 192 
54 557 190 51 257 192 
54 190 51 257 556 192 
54 190 51 257 555 192 
54 190 51 257 555 192 
54 190 51 257 556 192 
54 557 190 51 257 192 
54 190 51 257 556 192 
54 557 190 51 257 192 
54 190 51 257 556 192 
54 190 51 257 555 192 
54 190 51 257 556 192 
54 190 51 257 555 192 
54 190 51 257 555 192 