1 442 15 401 725 
1 442 15 401 725 
1 442 15 401 725 
1 442 15 401 725 
1 442 15 401 725 
1 442 15 401 725 
1 442 15 401 725 
1 442 15 401 725 
1 442 15 401 725 
1 442 15 401 725 
1 442 15 401 725 
1 442 15 401 725 
1 442 15 401 725 
1 442 15 401 725 
1 442 15 401 725 
1 442 15 401 725 
1 442 15 401 725 
1 442 15 401 725 
1 442 15 401 725 
1 442 15 401 725 
1 442 15 401 725 
1 442 15 401 725 
1 442 15 401 725 
1 442 15 401 725 
1 442 15 401 725 
1 442 15 401 725 
1 442 15 401 725 
1 442 15 401 725 
1 442 15 401 725 
1 442 15 401 725 
1 442 15 401 725 
1 442 15 401 725 
1 442 15 401 725 
1 442 15 401 725 
1 442 15 401 725 
1 442 15 401 725 
1 442 15 401 725 
1 442 15 401 725 
1 442 15 401 725 
1 442 15 401 725 
1 442 15 401 725 
1 442 15 401 725 
1 442 15 401 725 
1 442 15 401 725 
1 442 15 401 725 
1 442 15 401 725 
1 442 15 401 725 
1 442 15 401 725 
1 53 54 15 51 401 725 
1 442 15 401 725 
1 442 15 401 725 
1 442 15 401 725 
1 442 15 401 725 
1 442 15 401 725 
1 442 15 401 725 
1 442 15 401 725 
1 442 15 401 725 
1 442 15 401 725 
1 442 15 401 725 
1 442 15 401 725 
1 442 15 401 725 
1 442 15 401 725 
1 442 15 401 725 
1 442 15 401 725 
1 442 15 401 725 
1 442 15 401 725 
1 442 15 401 725 
1 442 15 401 725 
1 442 15 401 725 
1 442 15 401 725 
1 442 15 401 725 
1 442 15 401 725 
1 442 15 401 725 
1 442 15 401 725 
1 615 15 267 401 725 
1 442 15 401 725 