1 15 114 
1 15 114 
1 15 114 
1 15 114 
1 15 114 
1 15 114 
1 15 114 
1 15 114 
1 15 114 
1 15 114 
1 15 114 
1 15 114 
1 15 114 
1 15 114 
1 15 114 
1 15 114 
1 15 114 
1 15 114 
1 15 114 
1 15 114 
1 15 114 
1 15 114 
1 15 114 
1 15 114 
1 15 114 
1 15 114 
1 15 114 
1 184 15 185 114 
1 184 15 185 114 
1 184 15 185 114 
1 15 114 
1 184 15 185 114 
1 15 114 
1 15 202 114 
1 15 114 
1 15 114 
1 15 114 
1 15 114 
1 15 43 114 
1 15 114 
1 15 114 
1 15 114 
1 15 114 
1 15 114 
1 15 114 
1 15 114 
1 184 15 185 114 
1 15 114 
1 184 15 185 114 
1 15 114 
1 15 114 
1 15 114 
1 15 114 
1 15 114 
1 15 114 
1 15 114 
1 15 114 
1 15 114 
1 15 114 
1 15 114 
1 15 114 
1 15 114 
1 15 114 
1 15 114 
1 15 114 
1 15 114 
1 15 114 
1 15 114 
1 15 114 
1 15 114 
1 15 114 
1 15 114 
1 15 114 
1 15 114 
1 15 114 
1 15 114 
1 15 114 
1 15 114 
1 15 114 
1 15 114 
1 15 51 114 
1 15 114 
1 15 114 
1 15 114 
1 15 114 
1 15 114 
1 15 114 
1 15 114 