1 15 16 
1 15 16 
1 15 16 
1 15 16 
1 15 16 
1 15 16 
1 15 51 16 375 78 
1 15 51 16 375 78 
1 15 16 43 
1 15 38 39 16 
1 15 16 
1 15 16 
1 15 16 
1 15 16 
1 184 15 185 16 
1 15 51 16 
1 15 95 16 96 
1 15 38 39 16 
1 15 16 
1 15 16 
1 15 16 
1 15 16 
1 15 16 
1 15 16 
1 15 16 
1 15 16 
1 15 16 
1 15 16 
1 15 16 42 
1 15 16 
1 15 16 
1 15 16 
1 15 16 
1 15 51 16 313 78 
1 15 16 
1 15 16 
1 15 16 
1 15 16 
1 15 16 
1 15 16 
1 15 16 
1 15 16 
1 15 16 
1 15 16 
1 15 16 
1 15 16 
1 15 16 
1 15 16 
1 15 16 
1 15 16 
1 15 16 
1 15 51 349 16 363 
1 15 2 16 3 
1 15 16 
1 15 16 
1 15 16 
1 15 16 
1 15 16 43 
1 15 16 
1 15 16 
1 15 16 
1 15 16 
1 15 16 
1 15 16 
1 15 16 
1 15 51 16 
1 15 16 57 
1 15 16 
1 15 16 
1 15 16 
1 15 16 
1 15 16 
1 15 16 
1 15 16 
1 15 16 
1 15 16 
1 15 16 
1 15 16 
1 15 16 
1 15 16 
1 15 2 16 3 
1 15 16 
1 15 16 
1 15 16 
1 15 16 
1 15 16 
1 15 16 
1 15 16 
1 15 51 16 
1 15 16 
1 15 16 
1 15 16 
1 15 16 
1 15 16 
1 15 16 
1 15 16 
1 18 15 19 20 2 16 
1 15 16 
1 15 16 
1 15 16 
1 15 16 
1 15 16 
1 15 16 
1 15 16 
1 15 51 16 375 78 
1 15 16 
1 15 16 
1 15 16 
1 15 16 
1 15 16 
1 15 16 
1 15 16 
1 15 16 
1 15 16 
1 15 16 
1 15 16 
1 15 16 
1 15 2 16 
1 15 16 
1 15 16 
1 15 16 
1 15 16 
1 15 16 
1 184 15 185 16 
1 184 15 185 16 
1 15 16 
1 15 16 
1 15 16 
1 15 16 
1 15 16 
1 15 16 
1 15 16 
1 15 16 
1 15 16 
1 15 16 
1 15 16 
1 15 16 
1 15 16 
1 15 16 
1 15 16 
1 15 16 
1 15 16 
1 15 16 
1 15 16 
1 15 16 
1 15 16 