1 15 16 49 25 25 
1 15 16 49 25 25 
1 15 16 5 597 6 25 23 25 
1 15 16 49 25 25 
1 15 16 49 25 25 
1 15 16 49 25 25 
1 15 16 49 25 25 
1 15 16 49 25 25 
1 15 16 49 25 25 
1 15 16 49 25 25 
1 15 16 49 25 25 
1 15 16 43 49 25 25 
1 15 16 49 25 25 
1 15 16 49 25 25 
1 15 16 49 25 25 
1 15 16 49 25 25 
1 15 16 49 25 25 
1 15 16 49 25 25 
1 15 16 49 25 25 
1 15 16 49 25 25 
1 15 16 49 25 25 
1 15 16 49 25 25 
1 15 16 49 25 25 
1 15 16 49 25 25 
1 15 16 49 25 25 
1 15 16 49 25 25 
1 15 16 49 25 25 
1 15 16 49 25 25 
1 15 16 49 25 25 
1 15 16 49 25 25 
1 15 16 49 25 25 
1 15 16 49 25 25 
1 15 16 49 25 25 
1 15 16 49 25 25 
1 15 16 49 25 25 
1 15 16 49 25 25 
1 54 15 51 16 222 192 49 25 25 
1 15 16 49 25 25 
1 15 16 49 25 25 
1 15 16 49 25 25 
1 15 16 49 25 25 
1 54 15 51 16 222 192 49 25 25 
1 54 15 51 16 222 192 49 25 25 
1 15 16 49 25 25 
1 15 16 49 25 25 
1 15 16 49 25 25 
1 15 16 49 25 25 
1 54 15 51 16 222 192 49 25 25 
1 54 15 51 16 222 192 49 25 25 
1 15 2 16 49 25 25 
1 15 16 49 25 25 
1 15 16 49 25 25 
1 15 16 49 25 25 
1 54 15 51 16 222 192 49 25 25 
1 15 16 49 25 25 
1 15 16 49 25 25 
1 15 16 49 25 25 
1 15 16 49 25 25 
1 15 16 49 25 25 
1 164 15 16 49 25 25 
1 15 16 49 25 25 
1 15 16 49 25 25 
1 15 16 49 25 25 
1 15 16 49 25 25 
1 15 16 49 25 25 
1 15 16 49 25 25 
1 15 16 49 25 25 
1 15 16 49 25 25 
1 15 16 49 25 25 
1 15 16 49 25 25 
1 15 16 49 25 25 
1 15 16 49 25 36 25 
1 15 16 49 25 36 25 
1 15 16 49 25 36 25 
1 15 16 49 25 25 
1 15 16 49 25 25 
1 15 16 49 25 25 
1 15 16 49 25 25 
1 15 16 49 25 25 
1 15 16 49 25 25 
1 15 16 49 25 25 
1 15 16 49 25 25 
1 15 16 49 25 25 
1 264 15 38 16 49 25 25 
1 15 51 16 313 78 49 25 25 
1 15 16 49 25 25 
1 15 16 49 25 25 
1 15 16 49 25 25 
1 15 16 49 25 25 
1 15 16 49 25 25 
1 15 16 49 25 36 130 25 
1 15 16 49 25 36 130 25 
1 15 16 57 49 25 36 130 25 
1 15 16 57 49 25 36 130 25 
1 15 16 49 25 36 130 25 
1 184 15 185 16 49 25 36 130 25 
1 15 16 57 49 25 36 130 25 
1 15 16 57 49 25 36 130 25 
1 15 16 57 49 25 36 130 25 
1 15 16 57 49 25 36 130 25 
1 15 16 57 49 25 36 130 25 
1 15 51 16 375 78 49 25 36 25 
1 15 16 49 25 36 25 
1 15 16 49 25 36 25 
1 15 16 49 25 36 25 
1 15 16 49 25 36 25 
1 15 16 49 25 36 25 
1 15 16 49 25 36 25 
1 15 16 49 25 36 25 
1 15 16 49 25 25 
1 15 16 49 25 25 
1 15 16 49 25 25 
1 15 16 49 25 25 
1 15 16 49 25 36 25 
1 164 15 16 49 25 36 25 
1 15 16 49 25 36 25 
1 15 16 49 25 36 25 
1 15 51 16 375 78 49 25 25 
1 15 16 49 25 25 
1 15 16 49 25 25 
1 15 16 49 25 25 
1 15 16 49 25 25 
1 15 16 49 25 25 
1 15 16 49 25 25 
1 15 51 16 313 78 49 25 25 
1 15 16 49 25 25 
1 15 16 49 25 25 
1 164 15 16 49 25 25 
1 15 16 49 25 25 
1 15 16 49 25 25 
1 15 16 49 25 25 
1 15 16 49 25 25 
1 15 16 49 25 25 
1 15 16 43 49 25 25 
1 15 16 49 25 25 
1 15 16 49 25 25 
1 15 16 49 25 25 
1 15 16 49 25 25 
1 15 16 49 25 25 
1 15 16 49 25 25 
1 15 51 16 375 78 49 25 25 
1 15 16 49 25 25 
1 15 16 49 25 25 
1 15 16 49 25 25 
1 15 16 49 25 25 
1 15 16 49 25 25 
1 15 16 49 21 25 25 
1 15 16 49 21 25 25 
1 164 15 16 49 25 25 
1 15 16 49 25 25 
1 15 16 49 25 25 
1 15 16 49 25 25 
1 15 16 49 25 25 
1 15 16 49 25 25 
1 15 16 49 25 25 
1 15 16 43 49 25 25 
1 15 51 16 375 78 49 25 25 
1 15 16 49 25 25 
1 15 16 49 25 25 
1 15 16 49 25 25 
1 15 16 49 25 25 
1 15 16 49 25 25 
1 15 16 49 25 25 
1 15 16 49 25 25 
1 15 16 49 25 25 
1 408 409 15 51 16 52 49 25 25 
1 15 16 49 25 25 
1 15 16 49 25 25 
1 15 16 49 25 25 
1 15 16 49 25 25 
1 15 16 49 25 25 
1 15 16 49 25 25 
1 15 16 49 25 25 
1 15 16 49 25 25 
1 15 16 49 25 25 
1 15 16 49 25 25 
1 15 16 49 25 25 
1 15 16 49 25 25 
1 15 16 49 25 25 
1 15 16 49 25 25 
1 15 16 49 25 25 
1 164 15 16 49 25 25 
1 15 16 49 25 25 
1 15 16 49 25 25 
1 15 16 49 25 25 
1 164 15 16 49 25 25 
1 15 16 49 25 25 
1 15 16 49 25 25 
1 15 16 49 25 25 
1 15 16 49 25 25 
1 15 16 49 25 25 
1 15 16 49 25 25 
1 15 16 49 25 25 
1 15 16 49 25 25 
1 15 16 49 25 25 
1 15 51 601 16 49 25 25 
1 15 16 49 25 25 
1 15 16 49 25 25 
1 15 16 49 25 25 
1 15 16 49 25 25 
1 15 16 49 25 25 
1 15 16 49 25 25 
1 15 16 49 25 25 
1 15 16 49 25 25 
1 15 16 49 25 25 
1 15 16 49 25 25 
1 15 16 49 25 25 
1 15 16 49 25 25 
1 15 16 49 25 25 
1 15 16 49 25 25 
1 15 16 49 25 25 
1 15 16 49 25 25 
1 15 16 49 25 25 
1 15 16 49 25 25 
1 15 16 49 25 25 
1 15 51 601 16 49 25 25 
1 15 16 49 25 25 
1 15 16 49 25 25 
1 15 16 49 25 25 
1 15 16 49 25 25 
1 15 16 49 25 25 
1 15 16 49 25 25 
1 15 16 49 25 25 
1 15 16 49 25 25 
1 15 16 49 25 25 
1 15 16 49 25 25 
1 15 16 49 25 25 
1 15 16 49 25 25 
1 15 16 49 25 25 
1 15 16 49 25 25 
1 15 16 49 25 36 130 25 
1 15 16 49 25 25 
1 15 16 49 25 25 
1 15 16 49 25 25 
1 15 16 43 49 25 25 
1 15 16 49 25 25 
1 15 16 49 25 25 
1 15 16 49 25 25 
1 15 16 49 25 25 
1 15 16 49 25 25 
1 15 16 49 25 25 
1 15 16 49 25 25 
1 15 16 49 25 25 
1 164 15 16 49 25 25 
1 15 16 49 25 25 
1 15 16 49 25 25 
1 15 16 49 25 25 
1 15 16 49 25 25 
1 15 16 49 25 25 
1 15 16 49 25 25 
1 15 16 49 25 25 
1 15 16 49 25 25 
1 15 16 49 25 25 
1 15 16 49 25 25 
1 15 16 49 25 25 
1 15 16 49 25 25 
1 15 16 49 25 25 
1 15 16 49 25 25 
1 15 16 49 25 25 
1 15 16 49 25 25 
1 54 15 51 16 222 192 49 25 25 
1 15 16 49 25 25 
1 54 15 51 16 222 192 49 25 25 
1 15 16 49 25 25 
1 54 15 51 16 222 192 49 25 25 
1 15 2 16 49 25 25 
1 15 16 49 25 25 
1 54 15 51 16 222 192 49 25 25 
1 15 16 49 25 25 
1 15 16 49 25 25 
1 15 16 49 25 25 
1 15 16 49 25 25 
1 15 16 49 25 25 
1 15 16 49 25 25 
1 15 16 49 25 25 
1 15 16 49 25 36 130 25 
1 15 16 49 25 36 130 25 
1 15 16 49 25 36 25 
1 15 16 49 25 36 25 
1 15 16 49 25 36 130 25 
1 15 16 49 25 25 
1 15 16 49 25 25 
1 15 16 49 25 25 
1 15 16 49 25 25 
1 15 16 49 25 25 
1 15 16 49 25 25 
1 15 16 49 25 25 
1 15 16 49 25 25 
1 15 16 49 25 25 
1 15 16 49 25 25 
1 15 16 49 25 25 
1 15 16 49 25 25 
1 15 16 49 25 25 
1 15 16 49 25 25 
1 15 16 49 25 25 
1 15 16 49 25 25 
1 15 16 49 25 25 
1 15 16 49 25 25 
1 15 16 49 25 25 
1 15 16 49 25 25 
1 15 16 49 25 25 
1 15 16 49 25 36 25 
1 15 16 49 25 36 25 
1 15 16 25 25 
1 15 16 43 25 25 
1 15 16 43 25 25 