1 15 16 49 25 25 
1 15 16 49 25 25 
1 15 16 49 25 25 
1 15 16 49 25 25 
1 15 16 49 25 25 
1 15 16 49 25 25 
1 15 16 49 25 25 
1 15 16 49 25 25 
1 15 16 49 25 25 
1 15 16 49 25 25 
1 15 16 49 25 25 
1 15 16 49 25 25 
1 15 16 49 25 25 
1 15 16 49 25 25 
1 15 16 49 25 25 
1 15 16 49 25 25 
1 15 16 49 25 25 
1 15 16 49 25 25 
1 15 16 49 25 25 
1 15 16 49 25 25 
1 15 16 49 25 25 
1 15 16 49 25 25 
1 15 16 49 25 25 
1 15 16 49 25 36 25 
1 15 16 49 25 25 
1 15 16 49 25 25 
1 15 16 49 25 25 
1 15 16 49 25 25 
1 164 15 16 49 25 25 
1 15 16 49 25 25 
1 15 16 49 25 25 
1 15 16 49 25 25 
1 15 16 49 25 25 
1 15 16 49 25 25 
1 15 16 49 25 25 
1 15 16 49 25 25 
1 15 16 49 25 25 
1 164 15 16 49 25 36 25 
1 15 16 49 25 25 
1 15 16 49 25 25 
1 15 16 49 25 25 