1 15 16 49 25 25 
1 15 51 16 313 78 49 25 25 
1 18 15 19 20 2 16 49 25 25 
1 15 16 49 25 25 
1 15 16 49 25 25 
1 15 16 49 25 25 
1 15 16 49 25 25 
1 15 16 49 25 25 
1 15 16 49 25 25 
1 15 16 49 25 25 
1 15 16 49 25 25 
1 15 16 49 25 25 
1 15 16 49 25 25 
1 15 16 49 25 25 
1 264 15 38 16 49 25 36 130 25 
1 15 16 49 25 36 130 25 
1 15 16 49 25 25 
1 15 16 49 25 25 
1 15 16 49 25 25 
1 15 16 49 25 25 
1 15 16 49 25 25 
1 15 16 49 25 25 
1 15 16 49 25 25 
1 15 16 49 25 25 
1 15 16 49 25 25 
1 15 38 16 49 25 25 
1 15 16 49 25 25 
1 15 16 49 25 25 
1 15 16 49 25 25 
1 15 16 49 25 25 
1 15 16 49 25 25 
1 15 16 49 25 25 
1 15 16 49 25 25 
1 15 16 49 25 25 
1 15 16 49 25 25 
1 15 16 49 25 25 
1 15 16 49 25 25 
1 15 16 49 25 25 
1 15 16 43 49 25 25 
1 15 16 49 25 25 
1 15 16 49 25 25 
1 15 16 49 25 25 
1 15 16 49 25 25 
1 15 16 49 25 25 
1 15 16 49 25 25 
1 15 16 49 25 25 
1 15 16 49 25 25 
1 15 16 49 25 25 
1 15 16 49 25 25 
1 15 16 49 25 25 
1 15 16 49 25 142 36 25 
1 15 16 49 25 36 25 
1 15 16 49 25 36 25 
1 15 16 49 25 25 
1 15 16 49 25 25 
1 15 38 16 49 25 25 
1 15 16 49 25 25 
1 15 16 49 25 25 
1 15 16 5 49 25 8 25 
1 15 16 49 25 25 
1 15 51 16 313 78 49 25 25 
1 15 16 49 25 25 
1 15 16 49 25 25 
1 15 16 49 25 25 
1 15 16 49 25 25 
1 15 16 49 25 25 
1 15 16 49 25 25 
1 15 16 49 25 25 
1 15 16 49 25 25 
1 15 16 49 25 25 
1 15 16 49 25 25 
1 15 16 49 25 25 
1 15 16 5 49 25 8 25 
1 15 16 5 49 25 8 25 
1 15 16 5 49 25 8 25 
1 15 16 5 49 25 8 25 
1 15 16 5 49 25 8 25 
1 15 16 5 49 25 8 25 
1 15 16 5 49 25 8 25 
1 15 16 5 49 25 8 25 
1 15 16 5 49 25 8 25 
1 15 16 5 49 25 8 25 
1 15 16 5 49 25 8 25 
1 15 16 5 49 25 8 25 
1 15 16 49 25 25 
1 15 16 49 25 25 
1 15 16 49 25 25 
1 15 16 49 25 25 
1 15 16 49 25 25 
1 15 51 16 375 78 49 25 36 25 
1 15 16 49 25 25 
1 15 16 49 25 25 
1 15 16 49 25 25 
1 15 16 49 25 25 
1 15 16 49 25 25 
1 18 15 19 20 2 16 49 25 25 
1 15 16 49 25 25 
1 15 16 49 25 25 
1 15 16 49 25 25 
1 15 16 49 25 25 
1 15 16 49 25 25 
1 15 16 49 25 25 
1 15 16 49 25 25 
1 15 16 49 25 25 
1 15 16 49 25 26 25 
1 15 16 49 25 25 
1 15 16 27 28 49 21 25 25 
1 15 16 27 28 49 21 25 25 
1 15 16 27 28 49 21 25 25 
1 15 16 49 25 25 
1 15 16 43 49 25 25 
1 15 16 49 25 25 
1 15 16 49 25 25 
1 15 16 49 25 25 
1 15 16 49 25 25 
1 15 16 49 25 25 
1 15 16 49 25 25 
1 15 16 49 25 25 
1 15 16 49 25 25 
1 15 16 49 25 25 
1 15 16 49 25 25 
1 15 51 16 375 78 49 25 25 
1 15 16 49 25 25 
1 15 16 5 49 6 25 25 
1 54 15 51 16 222 192 5 49 6 25 25 
1 15 16 5 49 6 25 25 
1 54 15 51 16 222 192 5 49 6 25 25 
1 54 15 51 16 222 192 5 49 6 25 25 
1 15 16 49 25 25 
1 15 16 49 25 25 
1 15 16 49 25 25 
1 15 16 49 25 25 
1 15 16 49 25 25 
1 15 16 49 25 25 
1 15 16 49 25 25 
1 15 16 49 25 25 
1 15 16 49 25 25 
1 15 16 49 25 25 
1 15 16 49 25 25 
1 15 16 49 25 25 
1 15 16 49 25 25 
1 15 16 49 25 26 25 
1 15 38 39 16 49 25 25 
1 15 51 16 375 78 49 25 25 
1 15 16 49 25 25 
1 15 16 49 25 25 
1 15 16 49 25 25 
1 15 16 49 25 25 
1 15 51 16 313 78 49 25 25 
1 15 16 49 25 25 
1 15 16 49 25 25 
1 15 16 49 25 25 
1 15 16 49 25 25 
1 15 16 49 25 25 
1 15 16 28 49 21 25 25 
1 15 16 28 49 21 25 25 
1 15 16 49 25 25 
1 15 16 49 25 25 
1 15 16 49 25 26 25 
1 15 16 49 25 26 25 
1 15 16 5 49 25 8 25 
1 15 16 49 25 25 
1 54 15 51 16 222 192 49 25 25 
1 54 15 51 16 222 192 49 25 25 
1 15 16 49 25 25 
1 15 16 49 21 25 25 
1 15 16 49 25 25 
1 15 16 49 25 25 
1 15 16 49 25 25 
1 15 16 49 25 142 36 25 
1 15 16 49 25 142 36 25 
1 15 16 49 25 25 
1 15 16 49 25 25 
1 15 16 49 25 25 
1 15 16 49 25 25 
1 15 16 49 25 25 
1 15 16 43 49 25 25 
1 15 16 49 25 25 
1 15 38 16 49 25 25 
1 15 16 49 25 25 
1 15 16 49 25 25 
1 15 16 49 25 25 
1 15 16 49 25 25 
1 15 16 49 25 25 
1 15 16 49 25 25 
1 15 16 49 25 25 
1 15 16 49 25 25 
1 15 16 49 25 25 
1 15 16 49 25 25 
1 15 16 49 25 25 
1 15 16 49 25 25 
1 15 16 49 25 25 
1 15 16 5 49 25 8 25 
1 15 16 49 25 25 
1 15 16 49 25 25 
1 15 16 49 25 25 
1 15 16 49 25 25 
1 15 16 49 25 25 
1 15 16 49 25 25 
1 15 16 49 25 25 
1 15 16 49 25 25 
1 15 16 49 25 25 
1 15 16 49 25 25 
1 15 16 49 25 25 
1 15 16 49 25 25 
1 15 16 43 49 25 25 
1 15 16 49 25 25 
1 15 16 49 25 25 
1 15 16 49 25 25 
1 15 16 49 25 25 
1 15 16 49 25 25 
1 15 16 49 25 26 25 
1 15 51 16 375 78 49 25 36 25 
1 15 16 49 25 25 
1 15 16 49 25 25 
1 15 16 49 25 25 
1 264 15 38 16 49 25 25 
1 15 16 49 25 25 
1 15 16 49 25 25 
1 15 16 49 25 25 
1 15 16 49 25 25 
1 15 16 49 25 25 
1 15 16 49 25 25 
1 15 16 49 25 25 
1 15 16 49 25 25 
1 15 16 5 49 25 8 25 
1 15 16 5 49 25 8 25 
1 15 16 49 25 25 
1 54 15 51 16 222 192 49 25 25 
1 54 15 51 16 222 192 49 25 25 
1 54 15 51 16 222 192 49 25 25 
1 15 16 49 25 25 
1 15 16 49 25 25 
1 15 38 16 25 25 