54 260 51 257 145 42 192 49 13 25 268 14 268 
54 260 51 257 38 39 192 13 25 268 14 268 
54 260 51 257 38 39 192 13 25 268 14 268 
54 260 51 257 38 39 192 13 25 268 14 268 
54 260 51 257 38 39 192 25 268 268 
54 260 51 257 38 39 192 25 268 268 
54 260 51 257 38 39 192 25 268 268 
54 260 51 257 38 39 192 25 268 268 
54 260 51 257 38 39 192 25 268 268 
54 260 51 257 192 25 268 268 
54 260 51 257 192 25 268 268 
54 260 51 257 38 39 192 25 268 268 
54 260 51 257 38 39 192 21 25 268 268 
54 260 51 257 192 49 25 268 268 
54 260 51 257 192 25 268 268 
54 260 51 257 38 39 192 25 268 268 
54 260 51 257 145 42 192 13 25 268 14 268 
54 260 51 257 145 42 192 13 25 268 14 268 
1 54 15 260 51 602 257 192 21 25 268 268 
54 260 51 257 192 13 25 268 14 268 
54 260 51 257 38 39 192 25 268 36 268 
54 260 51 257 38 39 192 25 268 36 268 
54 260 51 257 38 39 192 25 268 36 268 
54 260 51 257 192 25 268 268 
54 260 51 257 192 5 25 8 268 268 
54 260 51 257 192 25 268 268 
1 54 15 260 51 602 257 192 25 268 268 
54 260 51 257 38 39 192 25 268 268 
54 260 51 257 38 39 192 25 268 268 
1 54 15 260 51 602 257 192 5 25 8 268 268 
54 260 51 257 192 5 25 8 268 268 
1 54 15 260 51 602 257 192 5 25 8 268 268 
1 54 15 260 51 602 257 192 25 268 268 
54 260 51 257 38 39 192 25 268 268 
54 260 51 257 38 39 192 413 25 268 268 
54 260 51 257 38 39 192 413 25 268 268 
54 260 51 257 38 39 192 21 25 268 268 
54 260 51 257 38 39 192 25 268 268 
54 260 51 257 38 39 192 25 268 268 
54 260 51 257 38 39 192 25 268 268 
54 260 51 257 192 21 25 268 268 
54 260 51 257 192 21 25 268 268 
1 54 15 260 51 602 257 192 21 25 268 268 
54 260 51 257 192 21 25 268 268 
1 54 15 260 51 602 257 192 25 268 268 
54 260 51 257 192 5 25 8 268 268 
54 260 51 257 192 25 268 268 
54 260 51 257 192 21 25 268 268 
54 260 51 257 38 39 192 13 25 268 14 268 
54 260 51 257 38 39 192 25 268 268 
54 260 51 257 192 49 13 25 268 14 268 
54 260 51 257 38 39 192 25 268 268 
54 260 51 257 192 25 268 268 
54 260 51 257 192 25 268 36 268 
54 260 51 257 192 25 268 268 
54 260 51 257 192 25 268 268 
54 260 51 257 38 39 192 25 268 268 
54 260 51 257 192 25 268 268 
54 260 51 257 192 25 268 268 
54 260 51 257 192 25 268 268 
54 260 51 257 192 25 268 268 
54 260 51 257 192 25 268 268 
54 260 51 257 192 25 268 268 
54 260 51 257 192 25 268 268 
54 260 51 257 192 25 268 268 