1 126 127 2 354 21 22 68 24 24 
1 126 127 2 133 21 22 68 24 24 
1 126 127 2 133 21 22 68 24 24 
1 126 127 2 5 21 22 143 8 37 144 24 24 
1 126 127 2 5 21 22 143 8 37 144 24 24 
1 126 127 2 5 21 22 143 8 37 144 24 24 
1 126 127 2 5 21 22 143 8 37 144 24 24 
1 126 127 2 5 21 22 143 8 37 144 24 24 
1 126 127 2 5 21 22 143 8 37 144 24 24 
1 126 127 2 5 21 22 143 8 37 144 24 24 
1 126 127 2 21 22 68 24 24 
1 126 127 2 133 21 22 68 24 24 
1 126 127 2 133 21 22 68 24 24 
1 126 127 2 21 22 37 24 24 
1 126 15 400 401 127 2 21 22 37 24 24 
1 126 127 2 133 21 22 68 24 24 
1 126 127 2 133 21 22 68 24 24 
1 126 127 2 21 22 37 24 24 
1 126 127 2 21 22 37 24 24 
1 126 127 2 21 22 37 24 24 
1 126 127 2 21 22 37 24 24 
1 126 127 2 21 22 37 24 24 
1 126 127 2 21 22 37 24 24 
1 126 127 2 21 22 37 24 24 
1 126 127 2 21 22 37 24 24 
1 126 127 2 21 22 37 24 24 
1 126 127 2 21 22 37 24 24 
1 126 127 2 21 22 37 24 24 
1 126 127 2 21 22 37 24 24 
1 126 127 2 21 22 37 24 24 
1 126 127 2 21 22 37 24 24 
1 126 127 2 21 22 37 24 24 
1 126 127 2 21 22 37 24 24 
1 126 127 2 21 22 37 24 24 
1 126 127 2 21 22 37 24 24 
1 126 127 2 21 22 37 24 24 
1 126 127 2 21 22 37 24 24 
1 126 127 2 21 22 37 24 24 
1 126 127 2 21 22 37 24 24 
1 126 127 2 21 22 37 24 24 
1 126 127 2 21 22 37 24 24 
1 126 127 2 21 22 37 24 24 
1 126 127 2 21 22 37 24 24 
1 126 127 2 21 22 37 24 24 
1 126 15 400 401 127 2 21 22 37 24 24 
1 126 127 2 21 22 37 24 24 
1 126 127 2 21 22 37 24 24 
1 126 127 2 21 22 37 24 24 
1 126 127 2 21 22 37 24 24 
1 126 127 2 21 22 37 24 24 
1 126 127 2 21 22 37 24 24 
1 126 127 2 21 22 37 24 24 
1 126 127 2 21 22 37 24 24 
1 126 127 2 21 22 37 24 24 
1 126 127 2 21 22 37 24 24 
1 126 127 2 21 22 37 24 24 
1 126 127 2 21 22 37 24 24 
1 126 127 2 21 22 68 24 24 
1 126 127 2 21 22 68 24 24 
1 126 127 2 21 22 68 24 24 
1 126 127 2 21 22 68 24 24 
1 126 127 2 21 22 68 24 24 
1 126 127 2 21 22 24 24 
1 126 127 2 133 21 22 68 24 24 
1 126 127 2 21 22 68 24 24 
1 126 127 2 21 22 68 24 24 
1 126 127 2 21 22 68 24 24 
1 126 127 2 133 21 22 68 24 24 
1 126 127 2 133 21 22 68 24 24 
1 126 127 2 81 21 22 82 24 24 
1 126 127 2 21 22 68 24 24 
1 126 127 2 5 21 22 143 8 37 144 24 24 
1 126 127 2 5 21 22 143 8 37 144 24 24 
1 126 127 2 5 21 22 143 8 37 144 24 24 
1 126 127 2 5 21 22 143 8 37 144 24 24 
1 126 127 2 5 21 22 143 8 37 144 24 24 
1 126 127 2 5 21 22 143 8 37 144 24 24 
1 126 127 2 5 21 22 143 8 37 144 24 24 
1 126 127 2 5 21 22 143 8 37 144 24 24 
1 126 127 2 5 21 22 143 8 37 144 24 24 
1 126 127 2 5 21 22 143 8 37 144 24 24 
1 126 127 2 5 21 22 143 8 37 144 24 24 
1 126 127 2 5 21 22 143 8 37 144 24 24 
1 126 127 2 5 21 22 143 8 37 144 24 24 
1 126 127 2 5 21 22 143 8 37 144 24 24 
1 126 15 127 2 5 21 22 143 8 37 144 24 24 
1 126 127 2 5 21 22 143 8 37 144 24 24 
1 126 127 2 5 21 22 143 8 37 144 24 24 
1 126 127 2 42 5 21 22 143 8 37 144 24 24 
1 126 127 2 133 21 22 68 24 24 
1 126 127 2 21 22 37 24 24 
1 126 127 2 21 22 37 24 24 
1 126 127 2 21 22 37 24 24 
1 126 127 2 133 21 22 68 24 24 
1 126 127 2 133 21 22 68 24 24 
1 126 127 2 133 21 22 68 24 24 
1 126 127 2 133 21 22 68 24 24 
1 126 127 2 133 21 22 68 24 24 
1 126 127 2 133 21 22 68 24 24 
1 126 127 2 133 21 22 68 24 24 
1 126 15 400 401 127 2 133 21 22 68 24 24 
1 126 127 2 133 21 22 68 24 24 
1 126 127 2 133 21 22 68 24 24 
1 126 127 2 133 21 22 68 24 24 
1 126 127 2 133 21 22 68 24 24 
1 126 127 2 133 21 22 68 24 24 
1 126 127 2 133 21 22 68 24 24 
1 126 127 2 133 21 22 68 24 24 
1 126 127 2 133 21 22 68 24 24 
1 126 127 2 133 21 22 68 24 24 
1 126 127 2 133 21 22 68 24 24 
1 126 127 2 133 21 22 68 24 24 
1 126 15 400 401 127 2 133 21 22 68 24 24 
1 126 127 2 133 21 22 68 24 24 
1 126 127 2 133 21 22 68 24 24 
1 126 127 2 133 21 22 68 24 24 
1 126 127 2 133 21 22 68 24 24 
1 126 127 2 133 21 22 68 24 24 
1 126 127 2 133 21 22 68 24 24 
1 126 127 2 133 21 22 68 24 24 
1 126 127 2 133 21 22 68 24 24 
1 126 127 2 133 21 22 68 24 24 
1 126 127 2 133 21 22 68 24 24 
1 126 127 2 133 21 22 68 24 24 
1 126 127 2 133 21 22 68 24 24 
1 126 127 2 133 21 22 68 24 24 
1 126 127 2 133 21 22 68 24 24 
1 126 127 2 133 21 22 68 24 24 
1 126 127 2 133 21 22 68 24 24 
1 126 127 2 133 21 22 68 24 24 
1 126 127 2 133 21 22 68 24 24 
1 126 127 2 133 21 22 68 24 24 
1 184 126 15 185 127 2 133 21 22 68 24 24 
1 126 127 2 133 21 22 68 24 24 
1 126 127 2 133 21 22 68 24 24 
1 126 127 2 133 21 22 68 24 24 
1 126 127 2 133 21 22 68 24 24 
1 126 127 2 133 21 22 68 24 24 
1 126 127 2 133 21 22 68 24 24 
1 126 127 2 133 21 22 68 24 24 
1 126 127 2 133 21 22 68 24 24 
1 126 127 2 133 21 22 68 24 24 
1 126 127 2 133 21 22 68 24 24 
1 126 127 2 133 21 22 68 24 24 
1 126 127 2 133 21 22 68 24 24 
1 126 127 2 133 21 22 68 24 24 
1 126 127 2 133 21 22 68 24 24 
1 126 127 2 133 21 22 68 24 24 
1 126 127 2 133 21 22 68 24 24 
1 126 127 2 133 21 22 68 24 24 
1 126 127 2 133 21 22 68 24 24 
1 126 127 2 133 21 22 68 24 24 
1 126 127 2 133 21 22 68 24 24 
1 126 127 2 133 21 22 68 24 24 
1 126 127 2 133 21 22 68 24 24 
1 126 127 2 133 21 22 68 24 24 
1 126 15 400 401 127 2 133 21 22 68 24 24 
1 126 127 2 133 21 22 68 24 24 
1 126 127 2 133 21 22 68 24 24 
1 126 127 2 133 21 22 68 24 24 
1 126 127 2 133 21 22 68 24 24 
1 126 127 2 133 21 22 68 24 24 
1 126 127 2 133 21 22 68 24 24 
1 126 127 2 133 21 22 68 24 24 
1 126 127 2 133 21 22 68 24 24 
1 126 127 2 133 21 22 68 24 24 
1 126 127 2 133 21 22 68 24 24 
1 126 127 2 133 21 22 68 24 24 
1 126 127 2 133 21 22 68 24 24 
1 126 127 2 133 21 22 68 24 24 
1 126 127 2 133 21 22 68 24 24 
1 126 127 2 133 21 22 68 24 24 
1 126 127 2 133 21 22 68 24 24 
1 126 127 2 133 21 22 68 24 24 
1 126 127 2 133 21 22 68 24 24 
1 126 127 2 133 21 22 68 24 24 
1 126 127 2 133 21 22 68 24 24 
1 126 127 2 133 21 22 68 24 24 
1 126 127 2 133 21 22 68 24 24 
1 126 127 2 133 21 22 68 24 24 
1 126 127 2 133 21 22 68 24 24 
1 126 127 2 133 21 22 68 24 24 
1 126 127 2 133 21 22 68 24 24 
1 126 127 2 133 21 22 68 24 24 
1 126 127 2 133 21 22 68 24 24 
1 126 127 2 133 21 22 68 24 24 
1 126 127 2 133 21 22 68 24 24 
1 126 127 2 133 21 22 68 24 24 
1 126 127 2 133 21 22 68 24 24 
1 126 127 2 133 21 22 68 24 24 
1 126 127 2 133 21 22 68 24 24 
1 126 127 2 133 21 22 68 24 24 
1 126 127 2 133 21 22 68 24 24 
1 126 127 2 81 21 22 263 82 24 24 
1 126 127 2 81 21 22 263 82 24 24 
1 126 127 2 81 21 22 263 82 24 24 
1 126 127 2 5 21 22 143 8 37 144 24 24 
1 126 127 2 21 22 37 24 24 
1 126 127 2 21 22 37 24 24 
1 126 127 2 21 22 37 24 24 
1 126 15 400 401 127 2 21 22 37 24 24 
1 126 127 2 21 22 37 24 24 
1 126 127 2 5 21 22 143 8 37 144 24 24 
1 126 127 2 133 21 22 68 24 24 
1 126 127 2 21 22 68 24 24 
1 126 127 2 28 27 21 22 24 496 24 
1 126 127 2 28 27 21 22 24 496 24 
1 126 127 2 133 21 22 68 24 24 
1 126 127 2 133 21 22 68 24 24 
1 126 127 2 133 21 22 68 24 24 
1 126 127 2 133 21 22 68 24 24 
1 126 127 2 133 21 22 68 24 24 
1 126 127 2 133 21 22 68 24 24 
1 126 127 2 133 21 22 68 24 24 
1 126 127 2 21 22 68 24 24 
1 126 127 2 133 21 22 68 24 24 
1 126 127 2 133 21 22 68 24 24 
1 126 127 2 133 21 22 68 24 24 
1 126 127 2 133 21 22 68 24 24 
1 126 127 2 21 22 68 24 24 
1 126 127 2 133 21 22 68 24 24 
1 126 127 2 133 21 22 68 24 24 
1 126 127 2 133 21 22 68 24 24 
1 126 127 2 133 21 22 68 24 24 
1 126 127 2 21 22 68 24 24 
1 126 127 2 21 22 68 24 24 
1 126 127 2 21 22 68 24 24 
1 126 127 2 133 21 22 68 24 24 
1 126 127 2 21 22 68 24 24 
1 126 127 2 21 22 68 24 24 
1 126 127 2 21 22 68 24 24 
1 126 127 2 28 27 21 22 546 24 496 24 
1 126 127 2 28 27 21 22 546 24 496 24 
1 126 127 2 28 27 21 22 546 24 496 24 
1 126 127 2 133 21 22 68 24 24 
1 126 127 2 21 22 37 24 24 
1 126 127 2 21 22 37 24 24 
1 126 127 2 21 22 37 24 24 
1 126 127 2 21 22 37 24 24 
1 126 127 2 21 22 37 24 24 
1 126 127 2 21 22 37 24 24 
1 126 127 2 21 22 37 24 24 
1 126 127 2 21 22 37 24 24 
1 126 127 2 21 22 37 24 24 
1 126 127 2 21 22 37 24 24 
1 126 15 400 401 127 2 21 22 37 24 24 
1 126 127 2 21 22 37 24 24 
1 126 127 2 21 22 37 24 24 
1 126 127 2 21 22 37 24 24 
1 126 127 2 21 22 37 24 24 
1 126 127 2 21 22 37 24 24 
1 126 127 2 21 22 37 24 24 
1 126 127 2 21 22 37 24 24 
1 126 127 2 21 22 37 24 24 
1 126 127 2 21 22 37 24 24 
1 126 127 2 21 22 37 24 24 
1 126 127 2 21 22 37 24 24 
1 126 127 2 21 22 37 24 24 
1 126 15 400 401 127 2 21 22 37 24 24 
1 126 15 400 401 127 2 21 22 37 24 24 
1 126 127 2 21 22 37 24 24 
1 126 127 2 21 22 37 24 24 
1 126 127 2 21 22 37 24 24 
1 126 127 2 21 22 37 24 24 
1 126 127 2 21 22 37 24 24 
1 126 127 2 21 22 37 24 24 
1 126 127 2 21 22 37 24 24 
1 126 127 2 21 22 37 24 24 
1 126 127 2 21 22 37 24 24 
1 126 127 2 21 22 37 24 24 
1 126 127 2 21 22 37 24 24 
1 126 127 2 21 22 37 24 24 
1 126 127 2 21 22 37 24 24 
1 126 127 2 21 22 68 24 24 
1 126 127 2 133 21 22 68 24 24 
1 126 127 2 21 22 68 24 24 
1 126 127 2 21 22 68 24 24 
1 126 127 2 133 21 22 68 24 24 
1 126 127 2 21 22 68 24 24 
1 126 127 2 133 21 22 68 24 24 
1 126 127 2 5 21 22 143 8 37 144 24 24 
1 126 127 2 5 21 22 143 8 37 144 24 24 
1 126 127 2 5 21 22 143 8 37 144 24 24 
1 126 127 2 5 21 22 143 8 37 144 24 24 
1 126 127 2 5 21 22 143 8 37 144 24 24 
1 126 127 2 21 22 37 68 24 24 
1 126 127 2 21 22 37 68 24 24 
1 126 127 2 21 22 37 68 24 24 
1 126 127 2 21 22 37 68 24 24 
1 126 127 2 21 22 37 68 24 24 
1 126 127 2 21 22 37 68 24 24 
1 126 127 2 21 22 37 68 24 24 
1 126 127 2 21 22 37 68 24 24 
1 126 127 2 21 22 37 68 24 24 
1 126 127 2 21 22 37 68 24 24 
1 126 127 2 21 22 37 68 24 24 
1 126 127 2 21 22 37 68 24 24 
1 126 127 2 21 22 37 68 24 24 
1 126 127 2 21 22 37 68 24 24 
1 126 127 2 21 22 37 68 24 24 
1 126 127 2 21 22 37 68 24 24 
1 126 127 2 21 22 37 68 24 24 
1 126 127 2 21 22 37 68 24 24 
1 126 127 2 21 22 37 68 24 24 
1 126 127 2 21 22 37 68 24 24 
1 126 127 2 21 22 37 68 24 24 
1 126 127 2 21 22 37 68 24 24 
1 126 127 2 21 22 37 68 24 24 
1 126 127 2 21 22 37 68 24 24 
1 126 127 2 21 22 37 68 24 24 
1 126 127 2 21 22 37 68 24 24 
1 126 127 2 21 22 37 68 24 24 
1 126 127 2 21 22 37 68 24 24 
1 126 127 2 21 22 37 68 24 24 
1 126 127 2 21 22 37 68 24 24 
1 126 127 2 21 22 37 68 24 24 
1 126 127 2 21 22 37 68 24 24 
1 126 127 2 21 22 37 68 24 24 
1 126 127 2 21 22 37 68 24 24 
1 126 127 2 21 22 37 68 24 24 
1 126 127 2 21 22 37 68 24 24 
1 126 127 2 21 22 37 68 24 24 
1 126 127 2 21 22 37 68 24 24 
1 126 127 2 21 22 37 68 24 24 
1 126 15 400 401 127 2 21 22 37 68 24 24 
1 126 127 2 21 22 37 68 24 24 
1 126 127 2 21 22 37 68 24 24 
1 126 127 2 21 22 37 68 24 24 
1 126 127 2 21 22 37 68 24 24 
1 126 127 2 21 22 37 68 24 24 
1 126 127 2 21 22 37 68 24 24 
1 126 15 400 401 127 2 21 22 37 68 24 24 
1 126 127 2 21 22 37 68 24 24 
1 126 127 2 21 22 37 68 24 24 
1 126 127 2 21 22 37 68 24 24 
1 126 127 2 21 22 37 68 24 24 
1 126 127 2 21 22 37 68 24 24 
1 126 127 2 21 22 37 68 24 24 
1 126 93 127 2 94 21 22 37 68 24 24 
1 126 127 2 21 22 37 68 24 24 
1 126 127 2 21 22 37 68 24 24 
1 126 127 2 21 22 37 68 24 24 
1 126 127 2 21 22 37 68 24 24 
1 126 127 2 21 22 37 68 24 24 
1 184 126 15 185 127 2 21 22 37 68 24 24 
1 126 127 2 21 22 37 68 24 24 
1 126 127 2 21 22 37 68 24 24 
1 126 127 2 21 22 37 68 24 24 
1 126 127 2 21 22 37 68 24 24 
1 126 127 2 21 22 37 68 24 24 
1 126 127 2 21 22 37 68 24 24 
1 126 127 2 21 22 37 68 24 24 
1 126 127 2 21 22 37 68 24 24 
1 126 127 2 21 22 37 68 24 24 
1 126 127 2 21 22 37 68 24 24 
1 126 127 2 21 22 37 68 24 24 
1 126 127 2 21 22 37 68 24 24 
1 126 127 2 21 22 37 68 24 24 
1 126 127 2 21 22 37 68 24 24 
1 126 127 2 21 22 37 68 24 24 
1 126 127 2 21 22 37 68 24 24 
1 126 127 2 21 22 37 68 24 24 
1 126 127 2 21 22 37 68 24 24 
1 126 127 2 21 22 37 68 24 24 
1 126 127 2 21 22 37 68 24 24 
1 126 127 2 21 22 37 68 24 24 
1 126 127 2 21 22 37 68 24 24 
1 126 127 2 21 22 37 68 24 24 
1 126 127 2 21 22 37 68 24 24 
1 126 127 2 21 22 37 68 24 24 
1 126 127 2 21 22 37 68 24 24 
1 126 15 400 401 127 2 21 22 37 68 24 24 
1 126 127 2 21 22 37 68 24 24 
1 126 127 2 21 22 37 68 24 24 
1 126 15 400 401 127 2 21 22 37 68 24 24 
1 126 127 2 21 22 37 68 24 24 
1 126 127 2 21 22 37 68 24 24 
1 126 127 2 21 22 37 68 24 24 
1 126 15 400 401 127 2 21 22 37 68 24 24 
1 126 127 2 21 22 37 68 24 24 
1 126 15 400 401 127 2 21 22 37 68 24 24 
1 126 127 2 21 22 37 68 24 24 
1 126 127 2 21 22 37 68 24 24 
1 126 127 2 21 22 37 68 24 24 
1 126 127 2 21 22 37 68 24 24 
1 126 127 2 21 22 37 68 24 24 
1 126 127 2 21 22 37 68 24 24 
1 126 127 2 21 22 37 68 24 24 
1 126 127 2 21 22 37 68 24 24 
1 126 127 2 21 22 37 68 24 24 
1 126 127 2 21 22 37 68 24 24 
1 126 127 2 21 22 37 68 24 24 
1 126 127 2 21 22 37 68 24 24 
1 126 127 2 21 22 37 68 24 24 
1 126 127 2 21 22 37 68 24 24 
1 126 127 2 21 22 37 68 24 24 
1 126 127 2 21 22 37 68 24 24 
1 126 127 2 21 22 37 68 24 24 
1 126 127 2 21 22 37 68 24 24 
1 126 127 2 21 22 37 68 24 24 
1 126 127 2 21 22 37 68 24 24 
1 126 127 2 21 22 37 68 24 24 
1 126 127 2 21 22 37 68 24 24 
1 126 127 2 21 22 37 68 24 24 
1 126 127 2 21 22 37 68 24 24 
1 126 127 2 21 22 37 68 24 24 
1 126 127 2 21 22 37 68 24 24 
1 126 127 2 21 22 37 68 24 24 
1 126 127 2 21 22 37 68 24 24 
1 126 127 2 21 22 37 68 24 24 
1 126 127 2 21 22 37 68 24 24 
1 126 127 2 21 22 37 68 24 24 
1 126 127 2 21 22 37 68 24 24 
1 126 127 2 21 22 37 68 24 24 
1 126 127 2 21 22 37 68 24 24 
1 126 127 2 21 22 37 68 24 24 
1 126 127 2 21 22 37 68 24 24 
1 126 127 2 21 22 37 68 24 24 
1 126 127 2 21 22 37 68 24 24 
1 126 15 400 401 127 2 21 22 37 68 24 24 
1 126 127 2 21 22 37 68 24 24 
1 126 127 2 21 22 37 68 24 24 
1 126 127 2 21 22 37 68 24 24 
1 126 127 2 21 22 37 68 24 24 
1 126 127 2 21 22 37 68 24 24 
1 126 127 2 21 22 37 68 24 24 
1 126 127 2 21 22 37 68 24 24 
1 126 127 2 21 22 37 68 24 24 
1 126 127 2 21 22 37 68 24 24 
1 126 127 2 21 22 37 68 24 24 
1 126 127 2 21 22 37 68 24 24 
1 126 127 2 21 22 37 24 24 
1 126 127 2 133 21 22 68 24 24 
1 126 127 2 133 21 22 68 24 24 
1 126 127 2 21 22 68 24 24 
1 126 127 2 21 22 68 24 24 
1 126 127 2 21 22 68 24 24 
1 126 127 2 21 22 68 24 24 
1 126 127 2 133 21 22 68 24 24 
1 126 127 2 133 21 22 68 24 24 
1 126 127 2 21 22 68 24 24 
1 126 127 2 133 21 22 68 24 24 
1 126 127 2 133 21 22 68 24 24 
1 126 127 2 28 27 21 22 24 496 24 
1 126 127 2 28 27 21 22 24 496 24 
1 126 127 2 28 27 21 22 24 496 24 
1 126 127 2 28 27 21 22 24 496 24 
1 126 127 2 28 27 21 22 24 496 24 
1 126 127 2 28 27 21 22 24 496 24 
1 126 127 2 28 27 21 22 24 496 24 
1 126 15 400 401 127 2 28 27 21 22 24 496 24 
1 126 127 2 28 27 21 22 24 496 24 
1 126 127 2 28 27 21 22 24 496 24 
1 126 127 2 28 27 21 22 24 496 24 
1 126 127 2 28 27 21 22 24 496 24 
1 126 127 2 28 27 21 22 24 496 24 
1 126 127 2 28 27 21 22 24 496 24 
1 126 127 2 28 27 21 22 24 496 24 
1 126 127 2 28 27 21 22 24 496 24 
1 126 127 2 28 27 21 22 24 496 24 
1 126 127 2 28 27 21 22 24 496 24 
1 126 15 400 401 127 2 28 27 21 22 24 496 24 
1 126 127 2 28 27 21 22 24 496 24 
1 126 127 2 28 27 21 22 24 496 24 
1 126 127 2 28 27 21 22 24 496 24 
1 126 127 2 28 27 21 22 24 496 24 
1 126 127 2 28 27 21 22 24 496 24 
1 126 127 2 28 27 21 22 24 496 24 
1 126 127 2 28 27 21 22 24 496 24 
1 126 127 2 28 27 21 22 24 496 24 
1 126 127 2 28 27 21 22 24 496 24 
1 126 127 2 28 27 21 22 24 496 24 
1 126 127 2 28 27 21 22 24 496 24 
1 126 127 2 28 27 21 22 24 496 24 
1 126 15 400 401 127 2 28 27 21 22 24 496 24 
1 126 127 2 28 27 21 22 24 496 24 
1 126 127 2 28 27 21 22 24 496 24 
1 126 127 2 28 27 21 22 24 496 24 
1 126 127 2 28 27 21 22 24 496 24 
1 126 127 2 28 27 21 22 24 496 24 
1 126 127 2 28 27 21 22 24 496 24 
1 126 127 2 28 27 21 22 24 496 24 
1 126 127 2 28 27 21 22 24 496 24 
1 126 127 2 28 27 21 22 24 496 24 
1 126 127 2 28 27 21 22 24 496 24 
1 126 127 2 28 27 21 22 24 496 24 
1 126 127 2 28 27 21 22 24 496 24 
1 126 127 2 28 27 21 22 24 496 24 
1 126 127 2 28 27 21 22 24 496 24 
1 126 127 2 28 27 21 22 24 496 24 
1 126 127 2 28 27 21 22 24 496 24 
1 126 127 2 28 27 21 22 24 496 24 
1 126 15 400 401 127 2 28 27 21 22 24 496 24 
1 126 127 2 28 27 21 22 24 496 24 
1 126 127 2 21 22 68 24 24 
1 126 127 2 133 21 22 68 24 24 
1 126 127 2 21 22 68 24 24 
1 126 127 2 133 21 22 68 24 24 
1 126 127 2 133 21 22 68 24 24 
1 126 127 2 21 22 68 24 24 
1 126 127 2 21 22 68 24 24 
1 126 127 2 21 22 68 24 24 
1 126 127 2 133 21 22 68 24 24 
1 126 127 2 354 21 22 68 24 24 
1 126 127 2 21 22 68 24 24 
1 126 127 2 21 22 68 24 24 
1 126 127 2 5 21 22 143 8 37 144 24 24 
1 126 127 2 133 21 22 68 24 24 
1 126 127 2 133 21 22 68 24 24 
1 126 127 2 133 21 22 68 24 24 
1 126 127 2 21 22 68 24 24 
1 126 15 400 401 127 2 21 22 24 24 
1 126 127 2 28 27 21 22 24 496 24 
1 126 127 2 28 27 21 22 24 496 24 
1 126 127 2 21 24 24 
1 126 127 2 21 22 68 24 24 
1 126 127 2 5 28 27 21 22 8 24 496 24 
1 126 127 2 5 28 27 21 22 8 24 496 24 
1 126 15 400 401 127 2 133 21 22 68 24 24 
1 126 127 2 5 21 22 143 8 37 144 24 24 
1 126 127 2 21 22 68 24 24 
1 126 127 2 133 21 22 68 24 24 
1 126 127 2 133 21 22 68 24 24 
1 126 127 2 133 21 22 68 24 24 
1 126 127 2 133 21 22 68 24 24 
1 126 127 2 133 21 22 68 24 24 
1 126 127 2 21 22 68 24 24 
1 126 127 2 133 21 22 68 24 24 
1 126 127 2 133 21 22 68 24 24 
1 126 127 2 42 21 22 68 24 24 
1 126 127 2 5 133 6 21 22 68 24 24 
1 126 127 2 21 22 68 24 24 
1 126 127 2 354 21 22 68 24 24 
1 126 127 2 133 21 22 68 24 24 
1 126 127 2 21 22 68 24 24 
1 126 127 2 133 21 22 68 24 24 
1 126 127 2 21 22 469 24 24 
1 126 127 2 21 22 68 24 24 
1 126 127 2 21 22 68 24 24 
1 126 127 2 28 27 21 22 24 496 24 
1 126 15 400 401 127 2 133 21 22 68 24 24 
1 126 127 2 133 21 22 68 24 24 
1 126 127 2 21 22 68 24 24 
1 126 127 2 21 22 68 24 24 
1 126 127 2 354 21 22 68 24 24 
1 126 127 2 133 21 22 68 24 24 
1 126 127 2 21 22 68 24 24 
1 126 127 2 133 21 22 68 24 24 
1 126 127 2 21 22 68 24 24 
1 126 127 2 21 22 68 24 24 
1 126 127 2 27 28 21 22 659 24 24 
1 126 127 2 27 28 21 22 659 24 24 
1 126 127 2 27 28 21 22 659 24 24 
1 126 127 2 27 28 21 22 659 24 24 
1 126 127 2 27 28 21 22 659 24 24 
1 126 127 2 27 28 21 22 659 24 24 
1 126 127 2 27 28 21 22 659 24 24 
1 126 127 2 27 28 21 22 659 24 24 
1 126 127 2 27 28 21 22 659 24 24 
1 126 127 2 27 28 21 22 659 24 24 
1 126 127 2 27 28 21 22 659 24 24 
1 126 127 2 27 28 21 22 659 24 24 
1 126 127 2 27 28 21 22 659 24 24 
1 126 127 2 27 28 21 22 659 24 24 
1 126 127 2 27 28 21 22 659 24 24 
1 126 127 2 27 28 21 22 659 24 24 
1 126 127 2 27 28 21 22 659 24 24 
1 126 127 2 27 28 21 22 659 24 24 
1 126 127 2 27 28 21 22 659 24 24 
1 126 127 2 27 28 21 22 659 24 24 
1 126 127 2 27 28 21 22 659 24 24 
1 126 15 400 401 127 2 27 28 21 22 659 24 24 
1 126 127 2 27 28 21 22 659 24 24 
1 126 127 2 27 28 21 22 659 24 24 
1 126 127 2 27 28 21 22 659 24 24 
1 126 127 2 27 28 21 22 659 24 24 
1 126 127 2 27 28 21 22 659 24 24 
1 126 93 127 2 94 27 28 21 22 659 24 24 
1 126 127 2 27 28 21 22 659 24 24 
1 126 127 2 27 28 21 22 659 24 24 
1 126 127 2 27 28 21 22 659 24 24 
1 126 127 2 27 28 21 22 659 24 24 
1 126 127 2 27 28 21 22 659 24 24 
1 126 127 2 27 28 21 22 659 24 24 
1 126 127 2 27 28 21 22 659 24 24 
1 126 127 2 27 28 21 22 659 24 24 
1 126 127 2 27 28 21 22 659 24 24 
1 126 127 2 27 28 21 22 659 24 24 
1 126 127 2 27 28 21 22 659 24 24 
1 126 15 400 401 127 2 27 28 21 22 659 24 24 
1 126 127 2 27 28 21 22 659 24 24 
1 126 15 400 401 127 2 27 28 21 22 659 24 24 
1 126 127 2 27 28 21 22 659 24 24 
1 126 127 2 27 28 21 22 659 24 24 
1 126 15 400 401 127 2 27 28 21 22 659 24 24 
1 126 127 2 27 28 21 22 659 24 24 
1 126 15 400 401 127 2 27 28 21 22 659 24 24 
1 126 127 2 27 28 21 22 659 24 24 
1 126 127 2 27 28 21 22 659 24 24 
1 126 127 2 27 28 21 22 659 24 24 
1 126 127 2 27 28 21 22 659 24 24 
1 126 127 2 27 28 21 22 659 24 24 
1 126 127 2 27 28 21 22 659 24 24 
1 126 127 2 27 28 21 22 659 24 24 
1 126 127 2 27 28 21 22 659 24 24 
1 126 127 2 27 28 21 22 659 24 24 
1 126 15 400 401 127 2 27 28 21 22 659 24 24 
1 126 127 2 27 28 21 22 659 24 24 
1 126 127 2 27 28 21 22 659 24 24 
1 126 127 2 27 28 21 22 659 24 24 
1 126 127 2 27 28 21 22 659 24 24 
1 126 127 2 27 28 21 22 659 24 24 
1 126 127 2 133 21 22 68 24 24 
1 126 127 2 28 27 21 22 24 496 24 
1 126 127 2 21 22 68 24 24 
1 126 127 2 133 21 22 68 24 24 
1 126 127 2 21 22 37 24 24 
1 126 127 2 21 22 37 24 24 
1 126 127 2 21 22 37 24 24 
1 126 127 2 133 21 22 68 24 24 
1 126 15 400 401 127 2 21 22 37 24 24 
1 126 127 2 21 22 37 24 24 
1 126 127 2 21 22 37 24 24 
1 126 127 2 21 22 37 24 24 
1 184 126 15 185 127 2 21 22 37 24 24 
1 126 127 2 21 22 37 24 24 
1 126 127 2 21 22 37 24 24 
1 126 127 2 21 22 37 24 24 
1 126 127 2 21 22 37 24 24 
1 126 127 2 21 22 37 24 24 
1 126 127 2 133 21 22 68 24 24 
1 126 127 2 21 22 68 24 24 
1 126 127 2 21 22 68 24 24 
1 126 127 2 21 22 68 24 24 
1 126 127 2 21 22 68 24 24 
1 126 127 2 28 27 21 22 24 496 24 
1 126 127 2 28 27 21 22 24 496 24 
1 126 127 2 21 22 37 24 24 
1 126 127 2 21 22 37 24 24 
1 126 127 2 28 27 21 22 24 496 24 
1 126 127 2 104 21 22 68 24 24 
1 126 127 2 133 21 22 68 24 24 
1 126 127 2 21 22 37 24 24 
1 126 127 2 21 22 24 24 
1 126 127 2 21 22 68 24 24 
1 126 127 2 21 22 68 24 24 
1 126 127 2 5 21 22 143 8 37 144 24 24 
1 126 127 2 5 21 22 143 8 37 144 24 24 
1 126 127 2 21 22 37 24 24 
1 126 127 2 21 22 37 24 24 
1 126 127 2 21 22 68 24 24 
1 126 127 2 104 21 22 68 24 24 
1 126 127 2 5 21 22 143 8 144 24 24 