74 51 257 540 77 78 5 21 22 143 8 37 144 24 24 
74 51 257 540 77 313 78 21 22 68 24 24 
51 257 540 78 21 22 37 24 24 
367 51 257 349 540 313 78 81 21 22 82 24 24 
74 51 257 540 77 78 81 21 22 263 82 24 24 
367 51 257 349 540 313 78 81 21 22 82 24 24 
74 51 257 540 77 313 78 21 22 24 24 
51 257 540 78 21 22 24 24 
367 51 257 349 540 78 500 21 22 99 24 24 
367 51 257 349 540 78 28 109 21 22 24 80 110 24 
51 257 540 78 28 109 21 22 24 80 110 24 
367 51 257 349 540 78 366 21 22 99 24 24 
51 257 540 78 366 21 22 99 24 24 
367 51 257 349 540 78 366 21 22 99 24 24 
367 51 257 349 540 78 500 21 22 99 24 24 
51 257 540 78 21 24 24 
367 51 257 349 540 78 21 24 24 
367 51 257 349 540 78 365 21 22 99 24 100 24 
367 51 257 349 540 78 365 21 22 99 24 100 24 
51 257 540 78 21 22 352 99 353 24 100 24 
367 51 257 349 540 78 500 21 22 99 24 24 
74 51 257 540 77 313 78 500 21 22 99 24 24 
367 51 257 349 540 78 500 21 22 99 24 24 
367 51 257 349 540 313 78 500 21 22 99 24 24 
51 257 540 313 78 81 21 22 82 68 24 24 
51 257 540 78 81 21 22 82 68 24 24 
1 15 51 257 540 43 78 104 21 22 68 24 24 
1 15 51 257 540 43 78 133 21 22 68 24 24 
367 51 257 349 540 78 21 22 68 24 24 
74 51 257 540 77 313 78 28 21 22 111 24 80 24 
51 257 540 78 133 21 22 68 24 24 
367 51 257 349 540 78 133 21 22 68 24 24 
367 51 257 349 540 78 354 21 22 68 24 24 
51 257 540 78 21 22 68 24 24 
367 51 257 349 540 78 133 21 22 68 24 24 
51 257 540 78 133 21 22 68 24 24 
367 51 257 349 540 78 133 21 22 68 24 24 
367 51 257 349 540 78 133 21 22 68 24 24 
51 257 348 349 350 540 78 351 5 21 22 8 24 24 
367 51 257 349 540 78 5 21 22 8 24 24 
367 51 257 349 540 78 5 21 22 8 24 24 
51 257 540 78 21 22 68 24 24 
367 51 257 349 540 78 21 22 99 24 24 
367 51 257 349 540 78 365 21 22 99 24 100 24 
51 257 540 78 21 22 82 24 24 
367 51 257 349 540 78 365 21 22 99 24 100 24 
367 51 257 349 540 78 365 21 22 99 24 100 24 
367 51 257 349 540 78 500 21 22 99 24 24 
367 51 257 349 540 78 500 21 22 99 24 24 
367 51 257 349 540 78 500 21 22 99 24 24 
367 51 257 349 540 78 500 21 22 99 24 24 
367 51 257 349 540 78 500 21 22 99 24 24 
367 51 257 349 540 78 500 21 22 99 24 24 
367 51 257 349 540 78 500 21 22 99 24 24 
367 51 257 349 540 78 21 22 90 24 24 
51 257 540 78 500 21 22 99 24 24 
367 51 257 349 540 78 500 21 22 99 24 24 
367 51 257 349 540 78 500 21 22 99 24 24 
367 51 257 349 540 78 500 21 22 99 24 24 
184 1 15 51 257 185 540 78 21 22 24 24 
367 51 257 349 540 78 28 109 21 22 24 80 110 24 
367 51 257 349 540 78 21 22 99 24 24 
367 51 257 349 540 78 21 22 99 24 362 24 
367 51 257 349 540 78 21 22 99 24 362 24 
74 51 257 540 77 313 78 21 22 99 24 24 
367 51 257 349 540 78 21 22 99 68 24 24 
367 51 257 349 540 78 500 21 22 99 24 24 
51 257 540 78 500 21 22 99 24 24 
367 51 257 349 540 78 500 21 22 99 24 24 
51 257 540 78 500 21 22 99 24 24 
367 51 257 349 540 78 500 21 22 99 24 24 
367 51 257 349 540 78 500 21 22 99 24 24 
367 51 257 349 540 78 500 21 22 99 24 24 
51 257 540 313 78 500 21 22 99 24 24 
367 51 257 349 540 78 21 22 99 24 24 
367 51 257 349 540 78 21 22 99 24 24 
367 51 257 349 540 78 21 22 99 24 24 
367 51 257 349 540 78 28 109 21 22 24 80 110 24 
367 51 257 349 540 78 500 21 22 99 24 24 
367 51 257 349 540 78 21 22 99 24 24 
367 51 257 349 540 78 21 22 99 24 24 
367 51 257 349 540 78 21 22 99 24 24 
367 51 257 349 540 78 21 22 99 24 24 
367 51 257 349 540 78 500 21 22 99 24 24 
367 51 257 349 540 78 500 21 22 99 24 24 
367 51 257 349 540 78 500 21 22 99 24 24 
367 51 257 349 540 78 500 21 22 99 24 24 
367 51 257 349 540 78 500 21 22 99 24 24 
51 257 540 78 500 21 22 99 24 24 
367 51 257 349 540 78 500 21 22 99 24 24 
367 51 257 349 540 78 500 21 22 99 24 24 
74 51 257 540 77 313 78 21 22 68 24 24 
367 51 257 349 540 78 500 21 22 99 24 24 
367 51 257 349 540 78 500 21 22 99 24 24 
367 51 257 349 540 78 500 21 22 99 24 24 
51 257 540 78 500 21 22 99 24 24 
367 51 257 349 540 78 500 21 22 99 24 24 
367 51 257 349 540 78 500 21 22 99 24 24 
367 51 257 349 540 78 500 21 22 99 24 24 
367 51 257 349 540 78 500 21 22 99 24 24 
367 51 257 349 540 78 500 21 22 99 24 24 
51 257 540 78 500 21 22 99 24 24 
367 51 257 349 540 78 500 21 22 99 24 24 
367 51 257 349 540 78 500 21 22 99 24 24 
367 51 257 349 540 78 500 21 22 99 24 24 
367 51 257 349 540 78 500 21 22 99 24 24 
367 51 257 349 540 78 21 22 68 24 24 
51 257 348 349 350 540 78 351 500 21 22 99 24 24 
367 51 257 349 540 78 366 21 22 99 24 24 
367 51 257 349 540 78 366 21 22 99 24 24 
367 51 257 349 540 78 366 21 22 99 24 24 
367 51 257 349 540 78 21 22 99 24 24 
51 257 540 78 21 22 99 24 24 
51 257 540 313 78 21 22 99 24 24 
51 257 540 313 78 21 22 99 24 24 
367 51 257 349 540 78 21 22 352 99 353 24 100 24 
51 257 540 78 21 22 352 99 353 24 100 24 
74 51 257 540 77 313 78 21 22 68 24 24 
51 257 540 78 21 22 24 24 
51 257 540 78 21 22 24 24 
367 51 257 349 540 78 365 21 22 99 24 100 24 
51 257 540 78 21 22 99 36 24 24 
51 257 540 78 21 22 90 24 24 
51 257 334 540 78 21 22 24 24 
51 257 540 78 21 22 24 24 
74 51 257 540 77 313 78 21 22 24 24 
74 51 257 540 77 313 78 21 22 263 24 24 
51 257 540 78 21 22 352 99 353 24 100 24 
51 257 540 78 21 22 352 99 353 24 100 24 
367 51 257 349 540 78 21 22 24 24 
367 51 257 349 540 78 500 21 22 99 24 24 
367 51 257 349 540 78 21 22 352 99 353 24 100 24 
51 257 540 78 500 21 22 99 24 24 
367 51 257 349 540 78 21 22 99 24 362 24 
367 51 257 349 540 78 500 21 22 99 24 24 
51 257 540 78 500 21 22 99 24 24 
367 51 257 349 540 78 500 21 22 99 24 24 
367 51 257 349 540 78 500 21 22 99 24 24 
367 51 257 349 540 78 21 22 99 24 362 24 
367 51 257 349 540 78 21 22 99 24 362 24 
51 257 540 78 500 21 22 99 24 24 
367 51 257 349 540 78 500 21 22 99 24 24 
367 51 257 349 540 78 500 21 22 99 24 24 
367 51 257 349 540 78 500 21 22 99 24 24 
367 51 257 349 540 78 21 22 90 24 24 
367 51 257 349 540 78 500 21 22 99 24 24 
367 51 257 349 540 78 500 21 22 99 24 24 
51 257 540 78 21 22 99 24 24 
367 51 257 349 540 78 21 22 99 24 24 
367 51 257 349 540 78 500 21 22 99 24 24 
367 51 257 349 540 78 500 21 22 99 24 24 
367 51 257 349 540 78 500 21 22 99 24 24 
51 257 540 78 500 21 22 99 24 24 
367 51 257 349 540 78 500 21 22 99 24 24 
51 257 540 78 500 21 22 99 24 24 
367 51 257 349 540 78 500 21 22 99 24 24 
367 51 257 349 540 78 21 22 352 99 353 24 100 24 
367 51 257 349 540 78 21 22 99 24 362 24 
51 257 540 78 28 109 21 22 24 80 110 24 
51 257 540 78 21 22 99 24 100 24 
367 51 257 349 540 78 500 21 22 99 24 24 
51 257 348 349 350 540 78 351 500 21 22 99 24 24 
367 51 257 349 540 78 500 21 22 99 24 24 
367 51 257 349 540 78 500 21 22 99 24 24 
367 51 257 349 540 78 500 21 22 99 24 24 
367 51 257 349 540 78 21 22 90 24 24 
367 51 257 349 540 78 500 21 22 99 24 24 
367 51 257 349 540 78 500 21 22 99 24 24 
367 51 257 349 540 78 500 21 22 99 24 24 
51 257 540 78 21 22 352 99 353 24 100 24 
51 257 540 78 21 22 352 99 353 24 100 24 
51 257 334 540 78 21 22 24 24 
51 257 540 78 21 22 24 24 
367 51 257 349 540 78 21 22 99 68 24 24 
51 257 540 78 91 5 500 6 21 22 99 92 24 24 
367 51 257 349 540 78 500 21 22 99 24 24 
367 51 257 349 540 78 500 21 22 99 24 24 
367 51 257 349 540 78 500 21 22 99 24 24 
367 51 257 349 540 78 21 22 24 24 
367 51 257 349 540 78 21 22 99 24 362 24 
51 257 540 78 21 22 99 24 362 24 
51 257 348 349 350 540 78 351 500 21 22 99 24 24 
367 51 257 349 540 78 500 21 22 99 24 24 
51 257 540 78 28 109 21 22 24 80 110 24 
51 257 540 78 21 22 352 99 353 24 100 24 
367 51 257 349 540 78 500 21 22 99 24 24 
367 51 257 349 540 78 500 21 22 99 24 24 
367 51 257 349 540 78 500 21 22 99 24 24 
367 51 257 349 540 78 500 21 22 99 24 24 
59 51 257 540 60 78 28 109 21 22 24 80 110 24 
51 257 540 78 21 22 352 99 353 24 100 24 
367 51 257 349 540 78 21 22 68 24 24 
367 51 257 349 540 78 21 22 142 36 24 24 
367 51 257 349 540 78 21 22 99 24 24 
367 51 257 349 540 78 21 22 99 24 24 
367 51 257 349 540 78 21 22 99 24 24 
51 257 540 313 78 21 22 99 24 24 
367 51 257 349 540 78 21 22 99 24 24 
367 51 257 349 540 78 500 21 22 99 24 24 
367 51 257 349 540 78 500 21 22 99 24 24 
367 51 257 349 540 78 500 21 22 99 24 24 
367 51 257 349 540 78 500 21 22 99 24 24 
367 51 257 349 540 313 78 21 22 24 24 
51 257 540 78 21 22 68 24 24 
51 257 540 78 21 22 68 24 24 
51 257 540 313 78 365 21 22 99 24 100 24 
367 51 257 349 540 78 365 21 22 99 24 100 24 
367 51 257 349 540 78 365 21 22 99 24 100 24 
1 442 15 51 257 401 540 78 21 22 90 24 24 
51 257 540 313 78 21 22 90 24 24 
367 51 257 349 540 78 21 22 68 24 24 
367 51 257 349 540 78 21 22 68 24 24 
367 51 257 349 540 78 21 22 68 24 24 
367 51 257 349 540 78 500 21 22 99 24 24 
367 51 257 349 540 78 500 21 22 99 24 24 
821 51 257 349 540 78 500 21 22 99 24 24 
367 51 257 349 540 78 21 22 99 24 24 
51 257 540 78 21 22 99 24 24 
367 51 257 349 540 313 78 500 21 22 99 68 24 24 
51 257 540 78 21 22 99 68 24 24 
367 51 257 349 540 78 500 21 22 99 24 24 
367 51 257 349 540 78 500 21 22 99 24 24 
367 51 257 349 540 78 500 21 22 99 24 24 
367 51 257 349 540 78 500 21 22 99 24 24 
367 51 257 349 540 78 500 21 22 99 24 24 
367 51 257 349 540 78 366 21 22 99 24 24 
367 51 257 349 540 78 366 21 22 99 24 24 
367 51 257 349 540 78 500 21 22 99 24 24 
367 51 257 349 540 78 366 21 22 99 24 24 
367 51 257 349 540 78 366 21 22 99 24 24 
367 51 257 349 540 78 366 21 22 99 24 24 
51 257 540 78 21 22 24 24 
367 51 257 349 540 78 500 21 22 99 24 24 
51 257 540 78 366 21 22 99 24 24 
367 51 257 349 540 78 21 22 90 24 24 
51 257 540 78 21 22 99 24 362 24 
51 257 540 78 366 21 22 99 24 24 
367 51 257 349 540 78 21 22 24 24 
367 51 257 349 540 78 366 21 22 99 24 24 
51 257 540 78 21 22 99 24 362 24 
367 51 257 349 540 78 500 21 22 99 24 24 
51 257 540 78 21 22 24 24 
51 257 540 78 500 21 22 99 24 24 
367 51 257 349 540 78 21 22 352 99 353 24 100 24 
51 257 540 78 21 22 352 99 353 24 100 24 
367 51 257 349 540 78 500 21 22 99 24 24 
367 51 257 349 540 78 500 21 22 99 24 24 
367 51 257 349 540 78 500 21 22 99 24 24 
367 51 257 349 540 78 500 21 22 99 24 24 
367 51 257 349 540 78 28 21 22 24 24 
51 257 540 78 365 21 22 99 24 100 24 
367 51 257 349 540 78 21 22 99 24 24 
367 51 257 349 540 78 28 21 22 360 24 80 24 
51 257 540 78 21 22 352 99 353 24 100 24 
367 51 257 349 540 78 21 22 99 24 24 
51 257 540 78 21 22 99 24 24 
51 257 540 313 78 28 109 21 22 24 80 110 24 
51 257 540 78 21 22 90 24 24 
367 51 257 349 540 78 21 22 90 24 24 
51 257 540 78 21 22 352 99 353 24 100 24 
355 51 257 349 540 78 351 500 21 22 99 24 24 
367 51 257 349 540 78 91 5 500 6 21 22 99 92 24 24 
367 51 257 349 540 78 500 21 22 99 24 24 
367 51 257 349 540 78 500 21 22 99 24 24 
367 51 257 349 540 78 500 21 22 99 24 24 
51 257 540 78 500 21 22 99 24 24 
367 51 257 349 540 78 500 21 22 99 24 24 
367 51 257 349 540 78 500 21 22 99 24 24 
367 51 257 349 540 78 500 21 22 99 24 24 
367 51 257 349 540 78 500 21 22 99 24 24 
367 51 257 349 540 78 500 21 22 99 24 24 
367 51 257 349 540 78 500 21 22 99 24 24 
367 51 257 349 540 78 500 21 22 99 24 24 
367 51 257 349 540 78 21 22 99 24 362 24 
367 51 257 349 540 78 21 22 99 24 362 24 
367 51 257 349 540 78 500 21 22 99 24 24 
367 51 257 349 540 78 500 21 22 99 24 24 
367 51 257 349 540 78 500 21 22 99 24 24 
367 51 257 349 540 78 500 21 22 99 24 24 
367 51 257 349 540 78 500 21 22 99 24 24 
367 51 257 349 540 78 500 21 22 99 24 24 
367 51 257 349 540 78 500 21 22 99 24 24 
367 51 257 349 540 78 21 22 99 24 471 24 
54 53 51 257 540 78 21 22 36 584 24 24 
367 51 257 349 540 78 500 21 22 99 24 24 
367 51 257 349 540 78 500 21 22 99 24 24 
355 51 257 349 540 78 351 500 21 22 99 24 24 
367 51 257 349 540 78 500 21 22 99 24 24 
51 257 540 313 78 500 21 22 99 24 24 
355 51 257 349 540 78 351 500 21 22 99 24 24 
367 51 257 349 540 78 500 21 22 99 24 24 
367 51 257 349 540 78 500 21 22 99 24 24 
367 51 257 349 540 78 500 21 22 99 24 24 
74 51 257 540 77 313 78 28 21 22 266 24 24 
51 257 540 78 28 109 21 22 24 80 110 24 
367 51 257 349 540 78 21 22 99 24 362 24 
367 51 257 349 540 78 21 22 99 24 362 24 
367 51 257 349 540 78 500 21 22 99 24 24 
184 1 15 51 257 185 540 78 28 109 21 22 24 80 110 24 
367 51 257 349 540 78 21 22 24 24 
51 257 540 313 78 21 22 68 24 24 
367 51 257 349 540 78 21 22 68 24 24 
51 257 540 78 21 131 68 24 24 
51 257 540 78 21 22 99 24 24 
367 51 257 349 540 78 500 21 22 99 24 24 
367 51 257 349 540 78 21 22 99 24 24 
367 51 257 349 540 78 21 22 99 24 24 
367 51 257 349 540 78 500 21 22 99 24 24 
367 51 257 349 540 78 500 21 22 99 24 24 
367 51 257 349 540 78 500 21 22 99 24 24 
367 51 257 349 540 78 500 21 22 99 24 24 
74 51 257 540 77 313 78 5 6 21 22 82 24 24 
367 51 257 349 540 78 21 22 99 24 24 
367 51 257 349 540 78 21 22 99 24 24 
367 51 257 349 540 78 500 21 22 99 24 24 
367 51 257 349 540 78 500 21 22 99 24 24 
367 51 257 349 540 78 21 22 99 24 24 
355 51 257 349 540 78 351 500 21 22 99 24 24 
367 51 257 349 540 78 500 21 22 99 24 24 
367 51 257 349 540 78 21 22 99 24 362 24 
367 51 257 349 540 78 21 22 99 24 24 
367 51 257 349 540 78 21 22 99 24 24 
74 51 257 540 77 313 78 21 22 99 36 24 130 24 
367 51 257 349 540 78 500 21 22 99 24 24 
51 257 540 78 81 21 22 82 68 24 24 
74 51 257 540 77 313 78 81 21 22 82 68 24 24 
367 51 257 349 540 78 500 21 22 99 24 24 
367 51 257 349 540 78 500 21 22 99 142 36 24 24 
51 257 540 78 366 21 22 99 24 24 
51 257 540 78 21 22 352 99 353 24 100 24 
367 51 257 349 540 78 500 21 22 99 24 24 
51 257 540 78 21 22 90 24 24 
367 51 257 349 540 78 500 21 22 99 24 24 
74 51 257 540 77 313 78 21 22 24 24 
367 51 257 349 540 78 21 22 99 24 24 
51 257 540 78 21 22 99 24 24 
367 51 257 349 540 78 500 21 22 99 24 24 
367 51 257 349 540 78 21 22 68 24 24 
367 51 257 349 540 78 500 21 22 99 24 24 
367 51 257 349 540 78 21 22 24 24 
367 51 257 349 540 78 21 22 24 24 
367 51 257 349 540 78 21 22 24 24 
51 257 540 313 78 500 21 22 99 24 24 
367 51 257 349 540 78 500 21 22 99 24 24 
51 257 540 78 366 21 22 99 24 24 
367 51 257 349 540 78 500 21 22 99 24 24 
367 51 257 349 540 78 500 21 22 99 24 24 
367 51 257 349 540 78 366 21 22 99 24 24 
367 51 257 349 540 78 500 21 22 99 24 24 
367 51 257 349 540 78 500 21 22 99 24 24 
355 51 257 349 540 78 351 500 21 22 99 24 24 
367 51 257 349 540 78 500 21 22 99 24 24 
367 51 257 349 540 78 366 21 22 99 24 24 
367 51 257 349 540 78 500 21 22 99 24 24 
367 51 257 349 540 78 500 21 22 99 24 24 
367 51 257 349 540 78 500 21 22 99 24 24 
367 51 257 349 540 78 500 21 22 99 24 24 
367 51 257 349 540 78 500 21 22 99 24 24 
367 51 257 349 540 78 21 22 99 24 24 
367 51 257 349 540 78 21 22 99 24 24 
367 51 257 349 540 78 21 22 99 24 24 
51 257 540 78 21 22 90 24 24 
367 51 257 349 540 78 21 22 90 24 24 
367 51 257 349 540 78 500 21 22 99 24 24 
367 51 257 349 540 78 500 21 22 99 24 24 
367 51 257 349 540 78 500 21 22 99 24 24 
51 257 540 78 366 21 22 99 24 24 
51 257 348 349 350 540 78 351 500 21 22 99 24 24 
367 51 257 349 540 78 500 21 22 99 24 24 
367 51 257 349 540 78 500 21 22 99 24 24 
367 51 257 349 540 78 500 21 22 99 24 24 
51 257 540 78 500 21 22 99 24 24 
367 51 257 349 540 78 500 21 22 99 24 24 
367 51 257 349 540 78 366 21 22 99 24 24 
51 257 540 78 366 21 22 99 24 24 
367 51 257 349 540 78 500 21 22 99 24 24 
367 51 257 349 540 78 21 22 68 24 24 
51 257 540 313 78 500 21 22 99 24 24 
367 51 257 349 540 78 500 21 22 99 24 24 
367 51 257 349 540 78 354 21 22 68 24 24 
367 51 257 349 540 78 500 21 22 99 24 24 
367 51 257 349 540 78 500 21 22 99 24 24 
367 51 257 349 540 78 21 22 68 24 24 
367 51 257 349 540 78 21 22 99 24 24 
367 51 257 349 540 78 21 22 99 24 24 
367 51 257 349 540 78 21 22 99 24 24 
51 257 540 78 21 22 99 24 24 
367 51 257 349 540 78 21 22 99 24 24 
367 51 257 349 540 78 21 22 99 24 24 
367 51 257 349 540 78 21 22 99 24 24 
51 257 540 78 21 22 99 24 24 
367 51 257 349 540 78 21 22 99 24 24 
51 257 540 78 21 22 99 24 24 
367 51 257 349 540 78 21 22 99 24 24 
367 51 257 349 540 78 21 22 99 24 24 
367 51 257 349 540 78 21 22 99 24 24 
51 257 540 78 21 22 99 24 24 
367 51 257 349 540 78 21 22 99 24 24 
367 51 257 349 540 78 21 22 99 24 24 
367 51 257 349 540 78 21 22 99 24 24 
367 51 257 349 540 78 21 22 99 24 24 
367 51 257 349 540 78 21 22 99 24 24 
51 257 348 349 350 540 78 351 21 22 99 24 24 
367 51 257 349 540 78 21 22 99 24 24 
367 51 257 349 540 78 21 22 99 24 24 
367 51 257 349 540 78 21 22 99 24 24 
367 51 257 349 540 78 21 22 99 24 24 
367 51 257 349 540 78 21 22 99 24 24 
367 51 257 349 540 78 21 22 99 24 24 
367 51 257 349 540 78 21 22 99 24 24 
367 51 257 349 540 78 21 22 99 24 24 
367 51 257 349 540 78 21 22 99 24 24 
51 257 540 78 21 22 99 24 24 
367 51 257 349 540 78 21 22 99 24 24 
367 51 257 349 540 78 21 22 99 24 24 
367 51 257 349 540 78 21 22 99 24 24 
367 51 257 349 540 78 21 22 99 24 24 
367 51 257 349 540 78 21 22 99 24 24 
367 51 257 349 540 78 21 22 99 24 24 
367 51 257 349 540 78 21 22 99 24 24 
51 257 540 313 78 21 22 99 24 24 
367 51 257 349 540 78 21 22 99 24 24 
367 51 257 349 540 78 21 22 99 24 24 
367 51 257 349 540 78 21 22 99 24 24 
74 51 257 540 77 313 78 21 22 99 24 24 
51 257 540 313 78 21 22 99 24 24 
51 257 540 78 21 22 99 24 24 
367 51 257 349 540 78 21 22 99 24 24 