1 702 15 554 5 377 162 8 8 
1 15 796 554 5 8 8 
1 164 15 330 5 48 6 8 8 
1 164 15 330 5 48 6 8 8 
1 15 554 5 171 162 8 172 8 
1 164 15 330 5 171 162 418 8 8 
1 164 15 796 554 670 5 171 162 8 172 8 
1 797 15 554 5 8 8 
1 653 702 15 554 5 8 8 
1 179 702 15 554 56 57 180 181 5 8 8 
1 702 15 554 43 5 8 8 
1 179 702 15 554 56 57 181 5 8 8 
1 653 15 554 42 5 8 8 
1 15 798 554 5 196 197 8 8 
1 15 798 554 5 196 197 8 8 
1 179 15 554 56 57 799 181 5 8 8 
1 179 15 554 56 57 799 181 5 8 8 
1 164 15 796 554 670 5 8 8 
1 15 796 554 5 171 162 8 172 8 
1 15 800 554 5 8 8 
1 702 15 554 5 8 35 8 
1 702 15 554 5 8 8 
1 702 15 554 5 8 8 
1 15 2 801 554 5 8 8 
1 15 800 554 5 8 35 8 
1 653 15 554 5 169 162 170 8 8 
1 15 796 554 5 171 162 8 172 8 
1 15 796 554 5 8 8 
1 179 702 341 15 554 56 57 181 5 377 162 8 8 
1 179 15 801 554 648 56 57 181 5 162 8 342 8 
1 15 554 5 8 8 
1 797 15 554 5 169 6 162 170 8 243 8 
1 653 15 554 5 8 35 8 
1 653 15 554 5 8 8 
1 702 15 554 5 162 8 35 8 
1 15 796 554 5 171 162 8 172 8 
1 653 179 15 554 56 57 180 181 5 8 8 
1 15 800 554 5 8 8 
1 15 796 554 5 8 8 
1 164 15 802 5 162 8 198 8 
1 15 803 554 5 162 8 188 8 
1 179 702 15 554 56 57 180 181 5 377 162 8 8 
1 702 15 554 5 8 8 
1 164 15 330 5 8 35 8 
1 15 804 554 43 5 8 8 
1 653 15 554 5 162 8 170 8 
1 15 554 805 5 8 8 
1 164 15 330 5 8 8 
1 702 15 554 5 8 8 
1 179 702 341 15 554 56 57 181 5 8 8 
1 702 15 554 5 8 8 
1 179 702 15 554 56 57 180 181 5 8 8 
1 179 702 15 554 56 57 180 181 5 8 8 
1 179 702 15 554 56 57 180 181 5 8 8 
1 179 702 15 554 56 57 180 181 5 8 8 
1 179 702 15 554 56 57 180 181 5 8 8 
1 15 800 554 5 8 8 
1 179 702 341 15 554 56 57 181 5 8 8 
1 15 800 554 5 8 8 
1 702 15 554 5 8 8 
1 15 554 5 8 8 
1 702 15 554 5 8 8 
1 702 15 554 42 5 8 8 
1 15 554 5 8 8 
1 164 15 330 5 8 8 
1 653 15 554 5 8 8 
1 164 15 330 5 8 8 
1 164 15 330 5 8 8 
1 702 15 554 5 8 8 
1 164 15 802 5 8 8 
1 797 15 554 5 8 8 
1 702 15 554 5 8 8 
1 797 15 554 5 8 8 
1 15 806 554 5 8 8 
1 702 15 554 5 8 8 
1 15 800 554 5 8 8 
1 15 554 5 8 8 
1 653 702 15 554 5 8 8 
1 15 554 805 5 8 8 
1 15 554 43 805 5 8 8 
1 179 15 796 554 56 57 180 181 5 8 8 
1 15 800 554 5 8 8 
1 15 554 5 8 8 
1 164 15 330 5 8 8 