179 341 57 56 181 5 328 21 22 162 8 24 162 
179 341 57 56 181 5 162 8 342 162 
1 179 341 15 57 56 181 5 162 8 342 162 
179 341 57 56 181 5 162 8 342 162 
179 341 57 56 181 5 162 8 342 162 
179 341 57 56 181 5 162 8 342 162 
179 341 57 56 181 5 162 8 342 162 
179 341 57 56 181 5 162 8 342 162 
179 341 57 56 181 5 162 8 342 162 
179 341 57 56 181 5 162 8 342 162 
179 341 57 56 181 5 162 8 342 162 
1 179 341 2 57 56 181 5 162 8 342 162 
179 341 57 56 181 5 162 8 342 162 
179 341 57 56 181 5 162 8 342 162 
179 341 57 56 181 5 162 8 342 162 
179 341 57 56 181 5 162 8 342 162 
179 341 57 56 181 5 48 6 162 8 162 
179 341 57 56 180 181 5 48 6 162 8 162 
1 179 341 57 56 181 5 162 8 342 162 
179 341 57 56 181 5 162 8 342 162 
179 341 57 56 181 5 162 8 342 162 
1 179 341 15 57 56 181 5 162 8 342 162 
179 341 343 57 56 181 5 162 8 342 162 
179 341 57 56 181 5 162 8 342 162 
179 341 57 56 181 5 162 8 342 162 
179 341 57 56 181 5 162 8 342 162 
179 341 343 57 56 181 5 162 8 342 162 
1 179 341 15 57 56 181 5 162 8 342 162 
179 341 57 56 181 5 162 8 342 162 
1 179 341 57 56 181 5 162 8 342 162 
179 341 57 56 181 5 162 8 342 162 
179 341 57 56 181 5 162 8 342 162 
179 341 57 56 181 5 162 8 342 162 
179 341 57 56 181 5 162 8 342 162 
179 341 57 56 181 5 162 8 342 162 
179 341 57 56 181 5 162 8 342 162 
179 341 57 56 181 5 162 8 342 162 
179 341 57 56 181 5 162 8 342 162 
179 341 57 56 181 5 162 8 342 162 
179 341 57 56 181 5 162 8 342 162 
179 341 57 56 181 5 162 8 342 162 
1 179 341 15 57 56 181 5 162 8 342 162 
179 341 57 56 181 5 162 8 342 162 
179 341 57 56 181 5 162 8 342 162 
179 341 57 56 181 5 162 8 162 
179 341 57 56 181 5 162 8 342 162 
179 341 57 56 181 5 162 8 342 162 
179 341 57 56 181 5 162 8 342 162 
179 341 57 56 181 5 162 8 342 162 
179 341 57 56 181 5 162 8 342 162 
179 341 57 56 181 5 162 8 342 162 
179 341 57 56 181 5 162 8 342 162 
179 341 57 56 181 5 162 8 342 162 
179 341 57 56 181 5 162 8 342 162 
179 341 57 56 181 5 162 8 342 162 
179 341 57 56 181 5 162 8 342 162 
179 341 57 56 181 5 162 8 342 162 
179 341 57 56 181 5 162 8 342 162 
1 179 341 15 57 56 181 5 162 8 342 162 
179 341 57 56 181 5 162 8 342 162 
179 341 57 56 181 5 162 8 342 162 
179 341 57 56 181 5 162 8 342 162 
179 341 57 56 181 5 162 8 342 162 
179 341 57 56 181 5 162 8 342 162 
179 341 57 56 181 5 162 8 342 162 
179 341 57 56 181 5 162 8 342 162 
179 341 57 56 181 5 162 8 342 162 
179 341 57 56 181 5 162 8 342 162 
179 341 57 56 181 5 162 8 342 162 
179 341 57 56 181 5 162 8 342 162 
179 341 57 56 181 5 162 8 342 162 
179 341 57 56 181 5 162 8 342 162 
179 341 57 56 181 5 162 8 342 162 
179 341 57 56 181 5 162 8 342 162 
179 341 57 56 181 5 162 8 342 162 
179 341 57 56 181 5 162 8 342 162 
179 341 57 56 181 5 162 8 342 162 
179 341 57 56 181 5 162 8 342 162 
179 341 57 56 181 5 162 8 342 162 
179 341 57 56 181 5 162 8 342 162 
179 341 57 56 181 5 162 8 342 162 
179 341 57 56 181 5 162 8 342 162 
179 341 57 56 181 5 162 8 342 162 
179 341 57 56 181 5 162 8 342 162 
179 341 57 56 181 5 162 8 342 162 
179 341 57 56 181 5 162 8 342 162 
179 341 57 56 181 5 162 8 342 162 
179 341 57 56 181 5 162 8 342 162 
179 341 57 56 181 5 162 8 342 162 
179 341 57 56 181 5 162 8 342 162 
179 341 57 56 181 5 162 8 342 162 
179 341 57 56 181 5 62 6 63 162 8 162 
1 179 341 57 56 181 5 162 8 342 162 
179 341 57 56 181 5 162 8 342 162 
179 341 57 56 181 5 162 8 342 162 
179 341 57 56 181 5 162 8 342 162 
179 341 57 56 181 5 162 8 342 162 
179 341 57 56 181 5 162 8 342 162 
1 179 341 2 57 56 181 5 162 8 342 162 
179 341 57 56 181 5 162 8 342 162 
179 341 57 56 181 5 162 8 342 162 
179 341 57 56 181 5 162 8 342 162 
179 341 57 56 181 5 162 8 342 162 
179 341 57 56 181 5 162 8 342 162 
179 341 57 56 181 5 162 8 342 162 
179 341 57 56 181 5 162 8 342 162 
179 341 57 56 181 5 162 8 342 162 
179 341 57 56 181 5 162 8 342 162 
179 341 57 56 180 181 5 62 6 63 162 8 162 
179 341 57 56 181 5 162 8 342 162 
179 341 57 56 181 5 162 8 342 162 
179 341 57 56 181 5 162 8 342 162 
179 341 57 56 181 5 162 8 342 162 
179 341 57 56 181 5 162 8 342 162 
1 179 341 2 57 56 181 5 162 8 342 162 
1 179 341 2 57 56 181 5 162 8 342 162 
179 341 57 56 181 5 162 8 342 162 
179 341 57 56 181 5 162 8 342 162 
179 341 57 56 181 5 162 8 342 162 
179 341 57 56 181 5 162 8 342 162 
179 341 57 56 181 5 6 162 8 342 162 
179 341 57 56 181 5 6 162 8 342 162 
179 341 57 56 181 5 162 8 342 162 
179 341 57 56 181 5 162 8 342 162 
179 341 57 56 181 5 162 8 342 162 
179 341 57 56 181 5 162 8 342 162 
179 341 57 56 181 5 162 8 342 162 
179 341 57 56 181 5 162 8 342 162 
179 341 57 56 181 5 162 8 342 162 
179 341 57 56 181 5 162 8 342 162 
179 341 57 56 181 5 162 8 342 162 
179 341 57 56 181 5 162 8 342 162 
179 341 57 56 181 5 162 8 342 162 
179 341 57 56 181 5 162 8 342 162 
179 341 57 56 181 5 162 8 342 162 
179 341 57 56 181 5 162 8 342 162 
179 341 57 56 181 5 162 8 342 162 
179 341 57 56 181 5 162 8 342 162 
179 341 57 56 181 5 162 8 342 162 
179 341 57 56 181 5 162 8 342 162 
179 341 57 56 181 5 162 8 342 162 
179 341 57 56 181 5 162 8 342 162 
179 341 57 56 181 5 162 8 342 162 
179 341 57 56 181 5 162 8 342 162 
179 341 57 56 181 5 162 8 342 162 
179 341 57 56 181 5 162 8 342 162 
179 341 57 56 181 5 162 8 342 162 
179 341 57 56 181 5 162 8 342 162 
179 341 57 56 181 5 162 8 342 162 
179 341 57 56 181 5 162 8 342 162 
179 341 57 56 181 5 162 8 342 162 
179 341 57 56 181 5 162 8 342 162 
179 341 57 56 181 5 162 8 342 162 
179 341 57 56 181 5 162 8 342 162 
179 341 57 56 181 5 162 8 342 162 
179 341 57 56 181 5 162 8 342 162 
179 341 57 56 181 5 162 8 342 162 
179 341 57 56 181 5 162 8 342 162 
179 341 57 56 181 5 162 8 342 162 
179 341 57 56 181 5 48 6 162 8 162 
1 179 341 15 57 56 181 5 162 8 342 162 
179 341 57 56 181 5 162 8 342 162 
179 341 57 56 181 5 162 8 342 162 
179 341 57 56 181 5 162 8 342 162 
179 341 57 56 181 5 162 8 342 162 
179 341 57 56 181 5 162 8 342 162 
179 341 57 56 181 5 162 8 342 162 
179 341 57 56 181 5 162 8 342 162 
179 341 57 56 181 5 162 8 342 162 
179 341 57 56 181 5 162 8 342 162 
179 341 57 56 181 5 162 8 342 162 
179 341 57 56 181 5 162 8 342 162 
179 341 57 56 181 5 162 8 342 162 
179 341 57 56 181 5 162 8 342 162 
179 341 57 56 181 5 162 8 342 162 
179 341 57 56 181 5 162 8 342 162 
179 341 57 56 181 5 162 8 342 162 
179 341 57 56 181 5 162 8 342 162 
179 341 57 56 181 5 162 8 342 162 
179 341 57 56 181 5 162 8 342 162 
179 341 57 56 181 5 162 8 342 162 
179 341 57 56 181 5 162 8 342 162 
179 341 57 56 181 5 162 8 342 162 
179 341 57 56 181 5 48 6 162 8 162 
179 341 57 56 181 5 162 8 342 162 
179 341 57 56 181 5 162 8 342 162 
179 341 57 56 181 5 162 8 342 162 
179 341 57 56 181 5 162 8 342 162 
179 341 57 56 181 5 162 8 342 162 
179 341 57 56 181 5 162 8 342 162 
179 341 57 56 181 5 162 8 342 162 
179 341 57 56 181 5 162 8 342 162 
179 341 57 56 181 5 162 8 342 162 
179 341 57 56 181 5 162 8 342 162 
179 341 57 56 181 5 162 8 342 162 
179 341 57 56 181 5 162 8 342 162 
179 341 57 56 181 5 162 8 342 162 
1 179 341 15 57 56 181 5 162 8 342 162 
1 179 341 57 56 181 5 162 8 342 162 
1 179 341 2 57 56 181 5 162 8 342 162 
1 179 341 2 57 56 181 5 162 8 342 162 
179 341 57 56 181 5 162 8 342 162 
179 341 57 56 181 5 162 8 342 162 
179 341 57 56 181 5 162 8 342 162 
1 179 341 15 57 56 181 5 162 8 342 162 
179 341 57 56 181 5 162 8 342 162 
179 341 57 56 181 5 162 8 342 162 
179 341 57 56 181 5 162 8 342 162 
179 341 57 56 181 5 162 8 342 162 
1 179 341 15 57 56 181 5 162 8 342 162 
179 341 57 56 181 5 162 8 342 162 
179 341 57 56 181 5 162 8 342 162 
179 341 57 56 181 5 162 8 342 162 
179 341 57 56 181 5 162 8 342 162 
1 179 341 15 57 56 181 5 162 8 342 162 
179 341 57 56 181 5 162 8 342 162 
1 179 341 15 57 56 181 5 162 8 342 162 
179 341 57 56 181 5 162 8 342 162 
179 341 57 56 181 5 162 8 342 162 
179 341 57 56 181 5 162 8 342 162 
179 341 57 56 181 5 162 8 342 162 
179 341 57 56 181 5 162 8 342 162 
179 341 57 56 181 5 162 8 342 162 
179 341 57 56 181 5 162 8 342 162 
179 341 57 56 181 5 162 8 342 162 
179 341 57 56 181 5 162 8 342 162 
179 341 57 56 181 5 162 8 342 162 
179 341 57 56 181 5 162 8 342 162 
179 341 57 56 181 5 162 8 342 162 
179 341 57 56 181 5 162 8 342 162 
179 341 57 56 181 5 162 8 342 162 
179 341 57 56 181 5 162 8 342 162 
179 341 57 56 181 5 162 8 342 162 
179 341 57 56 181 5 162 8 342 162 
179 341 57 56 181 5 162 8 342 162 
179 341 57 56 181 5 112 248 162 8 342 113 162 
179 341 57 56 181 5 162 8 342 162 
179 341 57 56 181 5 162 8 342 162 
179 341 343 57 56 181 5 162 8 342 162 
179 341 57 56 181 5 162 8 342 162 
179 341 57 56 181 5 162 8 342 162 
179 341 57 56 181 5 162 8 342 162 
179 341 57 56 181 5 162 8 342 162 
179 341 57 56 181 5 162 8 342 162 
179 341 57 56 181 5 162 8 162 
179 341 57 56 181 5 162 8 342 162 
179 341 57 56 181 5 162 8 342 162 
179 341 57 56 181 5 162 8 342 162 
179 341 57 56 181 5 162 8 342 162 
179 341 57 56 181 5 162 8 342 162 
179 341 57 56 181 5 162 8 342 162 
179 341 57 56 181 5 162 8 342 162 
179 341 57 56 181 5 162 8 342 162 
179 341 57 56 181 5 162 8 342 162 
179 341 57 56 181 5 162 8 342 162 
179 341 57 56 181 5 162 8 342 162 
179 341 57 56 181 5 162 8 342 162 
179 341 57 56 181 5 162 8 342 162 
179 341 57 56 181 5 162 8 342 162 
179 341 57 56 181 5 162 8 342 162 
179 341 57 56 180 181 5 162 8 342 162 
179 341 57 56 181 5 162 8 342 162 
179 341 57 56 181 5 162 8 342 162 
179 341 57 56 181 5 162 8 342 162 
179 341 57 56 181 5 162 8 342 162 
179 341 57 56 181 5 162 8 342 162 
179 341 57 56 181 5 162 8 342 162 
179 341 57 56 181 5 162 8 342 162 
179 341 57 56 181 5 162 8 342 162 
179 341 57 56 181 5 162 8 342 162 
179 341 57 56 181 5 162 8 342 162 
179 341 57 56 181 5 162 8 342 162 
179 341 57 56 181 5 162 8 342 162 
179 341 57 56 181 5 162 8 342 162 
179 341 57 56 181 5 162 8 342 162 
56 57 181 5 162 8 342 162 
179 341 57 56 181 5 162 8 342 162 
179 341 57 56 181 5 162 8 342 162 
179 341 57 56 181 5 162 8 342 162 
179 341 57 56 181 5 162 8 342 162 
179 341 57 56 181 5 162 8 342 162 
179 341 57 56 181 5 162 8 342 162 
179 341 57 56 181 5 162 8 342 162 
179 341 57 56 181 5 162 8 342 162 
179 341 57 56 181 5 162 8 342 162 
179 341 57 56 181 5 162 8 342 162 
179 341 57 56 181 5 162 8 342 162 
179 341 57 56 181 5 162 8 342 162 
179 341 57 56 181 5 162 8 342 162 
179 341 57 56 181 5 162 8 342 162 
179 341 57 56 181 5 162 8 342 162 
179 341 57 56 181 5 162 8 342 162 
179 341 57 56 181 5 162 8 342 162 
179 341 57 56 181 5 162 8 342 162 
179 341 57 56 181 5 162 8 342 162 
179 341 57 56 181 5 162 8 342 162 
179 341 57 56 181 5 162 8 342 162 
179 341 57 56 181 5 162 8 342 162 
179 341 57 56 181 5 162 8 342 162 
179 341 57 56 180 181 5 62 6 63 162 8 162 
179 341 57 56 181 5 162 8 342 162 
179 341 57 56 181 5 162 8 342 162 
179 341 57 56 181 5 162 8 342 162 
179 341 57 56 181 5 162 8 342 162 
179 341 57 56 181 5 162 8 342 162 
179 341 57 56 181 5 162 8 342 162 
179 341 57 56 181 5 162 8 342 162 
179 341 57 56 181 5 162 8 342 162 
179 341 57 56 181 5 162 8 342 162 
179 341 57 56 181 5 162 8 342 162 
179 341 57 56 181 5 162 8 342 162 
179 341 57 56 181 5 162 8 342 162 
179 341 57 56 181 5 162 8 342 162 
179 341 57 56 181 5 162 8 342 162 
179 341 57 56 181 5 162 8 342 162 
179 341 57 56 180 181 5 62 6 63 162 8 162 
179 341 57 56 181 5 162 8 342 162 
179 341 57 56 181 5 162 8 342 162 
179 341 57 56 181 5 162 8 342 162 
179 341 57 56 181 5 162 8 342 162 
179 341 57 56 181 5 162 8 342 162 
179 341 57 56 181 5 162 8 342 162 
179 341 57 56 181 5 162 8 342 162 
179 341 57 56 181 5 344 162 8 162 
179 341 57 56 181 5 162 8 342 162 
1 179 341 57 56 181 5 162 8 342 162 
179 341 57 56 181 5 162 8 342 162 
179 341 57 56 181 5 162 8 342 162 
179 341 57 56 181 5 162 8 342 162 
179 341 57 56 181 5 162 8 342 162 
179 341 57 56 181 5 162 8 342 162 
179 341 57 56 181 5 162 8 342 162 
179 341 57 56 181 5 162 8 342 162 
179 341 57 56 181 5 162 8 342 162 
179 341 57 56 181 5 162 8 342 162 
179 341 57 56 181 5 162 8 342 162 
1 179 341 57 56 181 5 162 8 342 162 
179 341 57 56 181 5 162 8 342 162 
179 341 57 56 181 5 162 8 342 162 
179 341 57 56 181 5 162 8 342 162 
179 341 57 56 181 5 162 8 342 162 
179 341 57 56 181 5 162 8 342 162 
179 341 57 56 181 5 162 8 342 162 
179 341 57 56 181 5 162 8 342 162 
179 341 57 56 181 5 162 8 342 162 
179 341 57 56 181 5 162 8 342 162 
179 341 57 56 181 5 162 8 342 162 
179 341 57 56 181 5 162 8 342 162 
179 341 57 56 181 5 162 8 342 162 
179 341 57 56 181 5 162 8 342 162 
179 341 57 56 181 5 162 8 342 162 
179 341 57 56 181 5 162 8 342 162 
179 341 57 56 180 181 5 162 8 342 162 
179 341 57 56 181 5 162 8 342 162 
179 341 57 56 181 5 162 8 342 162 
179 341 57 56 181 5 162 8 342 162 
179 341 57 56 181 5 162 8 342 162 
179 341 57 56 181 5 162 8 342 162 
179 341 57 56 181 5 162 8 342 162 
1 179 341 57 56 181 5 162 8 342 162 
179 341 57 56 181 5 162 8 342 162 
179 341 57 56 181 5 162 8 342 162 
179 341 57 56 181 5 162 8 342 162 
179 341 57 56 181 5 162 8 342 162 
179 341 57 56 181 5 162 8 342 162 
179 341 57 56 181 5 162 8 342 162 
179 341 57 56 181 5 162 8 342 162 
179 341 57 56 181 5 162 8 342 162 
179 341 57 56 181 5 162 8 342 162 
179 341 57 56 181 5 162 8 342 162 
179 341 57 56 181 5 162 8 342 162 
1 179 341 15 57 56 181 5 162 8 342 162 
179 341 57 56 181 5 162 8 342 162 
179 341 57 56 181 5 162 8 342 162 
179 341 57 56 181 5 162 8 342 162 
179 341 57 56 181 5 162 8 342 162 
179 341 57 56 181 5 162 8 342 162 
179 341 57 56 181 5 162 8 342 162 
179 341 57 56 181 5 162 8 342 162 
179 341 57 56 181 5 162 8 342 162 
179 341 57 56 181 5 162 8 342 162 
179 341 57 56 181 5 162 8 342 162 
1 179 341 2 57 56 181 5 162 8 342 162 
179 341 57 56 181 5 162 8 342 162 
179 341 57 56 181 5 162 8 342 162 
1 179 341 15 57 56 181 5 162 8 342 162 
179 341 57 56 181 5 162 8 342 162 
179 341 57 56 181 5 162 8 342 162 
179 341 57 56 181 5 162 8 342 162 
179 341 57 56 181 5 162 8 342 162 
1 179 341 15 57 56 181 5 162 8 342 162 
1 179 341 2 57 56 181 5 162 8 342 162 
179 341 57 56 181 5 162 8 342 162 
179 341 57 56 181 5 162 8 342 162 
179 341 57 56 181 5 162 8 342 162 
179 341 57 56 181 5 48 6 162 8 162 
179 341 57 56 181 5 162 8 342 162 
179 341 57 56 181 5 162 8 342 162 
179 341 57 56 181 5 162 8 342 162 
179 341 57 56 181 5 162 8 342 162 
179 341 57 56 181 5 162 8 342 162 
179 341 57 56 181 5 162 8 342 162 
179 341 57 56 181 5 162 8 342 162 
179 341 57 56 181 5 162 8 342 162 
179 341 57 56 181 5 162 8 342 162 
179 341 57 56 181 5 162 8 342 162 
179 341 57 56 181 5 162 8 342 162 
179 341 57 56 181 5 162 8 342 162 
179 341 57 56 181 5 162 8 342 162 
179 341 57 56 181 5 162 8 342 162 
179 341 57 56 181 5 162 8 342 162 
179 341 57 56 181 5 162 8 342 162 
179 341 57 56 181 5 162 8 342 162 
179 341 57 56 181 5 162 8 342 162 
179 341 57 56 181 5 162 8 342 162 
179 341 57 56 181 5 162 8 342 162 
179 341 57 56 181 5 162 8 342 162 
179 341 57 56 181 5 162 8 342 162 
179 341 57 56 181 5 162 8 342 162 
179 341 57 56 181 5 162 8 342 162 
179 341 57 56 181 5 162 8 342 162 
179 341 57 56 181 5 162 8 342 162 
179 341 57 56 181 5 162 8 342 162 
179 341 57 56 181 5 162 8 342 162 
179 341 57 56 181 5 162 8 342 162 
179 341 57 56 181 5 162 8 342 162 
179 341 57 56 181 5 162 8 342 162 
179 341 57 56 181 5 162 8 342 162 
179 341 57 56 181 5 162 8 342 162 
179 341 57 56 181 5 162 8 342 162 
179 341 57 56 181 5 162 8 342 162 
179 341 57 56 181 5 162 8 342 162 
179 341 57 56 181 5 162 8 342 162 
179 341 57 56 181 5 162 8 342 162 
179 341 57 56 181 5 162 8 342 162 
179 341 57 56 181 5 162 8 342 162 
179 341 57 56 180 181 5 162 8 342 162 
179 341 57 56 181 5 62 6 63 162 8 162 
1 179 341 2 57 56 181 5 162 8 342 162 
1 179 341 15 57 56 181 5 162 8 342 162 
179 341 57 56 181 5 162 8 342 162 
179 341 57 56 181 5 162 8 342 162 
179 341 57 56 181 5 162 8 342 162 
1 179 341 57 56 181 5 162 8 342 162 
179 341 57 56 181 5 162 8 342 162 
179 341 57 56 181 5 162 8 342 162 
179 341 57 56 181 5 162 8 342 162 
179 341 57 56 181 5 162 8 342 162 
179 341 57 56 181 5 162 8 342 162 
179 341 57 56 181 5 162 8 342 162 
179 341 57 56 181 5 162 8 342 162 
179 341 57 56 181 5 162 8 342 162 
179 341 57 56 181 5 162 8 342 162 
179 341 57 56 181 5 162 8 342 162 
179 341 57 56 181 5 162 8 342 162 
179 341 57 56 181 5 162 8 342 162 
179 341 57 56 181 5 162 8 342 162 
179 341 57 56 181 5 162 8 342 162 
179 341 57 56 181 5 162 8 342 162 
179 341 57 56 181 5 162 8 342 162 
179 341 57 56 181 5 162 8 342 162 
179 341 57 56 181 5 162 8 342 162 
1 179 341 57 56 181 5 162 8 342 162 
179 341 57 56 181 5 162 8 342 162 
1 179 341 57 56 181 5 162 8 342 162 
179 341 57 56 181 5 162 8 342 162 
179 341 57 56 181 5 162 8 342 162 
1 179 341 2 57 56 181 5 162 8 342 162 
179 341 57 56 181 5 162 8 342 162 
1 179 341 57 56 181 5 162 8 342 162 
179 341 57 56 181 5 162 8 342 162 
179 341 57 56 181 5 162 8 342 162 
1 179 341 2 57 56 181 5 162 8 342 162 
179 341 57 56 181 5 162 8 342 162 
179 341 57 56 181 5 162 8 342 162 
179 341 57 56 181 5 162 8 342 162 
179 341 57 56 181 5 162 8 342 162 
179 341 57 56 181 5 162 8 342 162 
1 179 341 57 56 181 5 162 8 342 162 
179 341 57 56 181 5 162 8 342 162 
179 341 57 56 181 5 162 8 342 162 
179 341 57 56 181 5 162 8 342 162 
179 341 57 56 181 5 162 8 342 162 
179 341 57 56 181 5 162 8 342 162 
179 341 57 56 181 5 162 8 342 162 
179 341 57 56 181 5 162 8 342 162 
179 341 57 56 181 5 162 8 342 162 
179 341 57 56 181 5 162 8 342 162 
179 341 57 56 181 5 162 8 342 162 
179 341 57 56 181 5 162 8 342 162 
179 341 57 56 181 5 162 8 342 162 
179 341 57 56 181 5 162 8 342 162 
179 341 57 56 181 5 162 8 342 162 
179 341 57 56 181 5 162 8 342 162 
179 341 57 56 181 5 162 8 342 162 
179 341 57 56 181 5 162 8 342 162 
179 341 57 56 181 5 162 8 342 162 
179 341 57 56 181 5 162 8 342 162 
179 341 57 56 181 5 162 8 342 162 
179 341 57 56 181 5 162 8 342 162 
179 341 57 56 181 5 162 8 342 162 
179 341 57 56 181 5 162 8 342 162 
179 341 57 56 181 5 162 8 342 162 
179 341 57 56 181 5 162 8 342 162 
179 341 57 56 181 5 162 8 342 162 
179 341 57 56 181 5 162 8 342 162 
179 341 57 56 181 5 162 8 342 162 
179 341 57 56 181 5 162 8 342 162 
179 341 57 56 181 5 162 8 342 162 
179 341 57 56 181 5 162 8 342 162 
179 341 57 56 181 5 162 8 342 162 
179 341 57 56 181 5 162 8 342 162 
179 341 57 56 181 5 162 8 342 162 
179 341 57 56 181 5 162 8 342 162 
179 341 57 56 181 5 162 8 342 162 
179 341 57 56 181 5 162 8 342 162 
179 341 57 56 181 5 162 8 342 162 
179 341 57 56 181 5 162 8 342 162 
179 341 57 56 181 5 162 8 342 162 
179 341 57 56 181 5 162 8 342 162 
179 341 57 56 181 5 162 8 342 162 
179 341 57 56 181 5 162 8 342 162 
179 341 57 56 181 5 162 8 342 162 
179 341 57 56 181 5 162 8 342 162 
179 341 57 56 181 5 162 8 342 162 
179 341 57 56 181 5 162 8 342 162 
179 341 57 56 181 5 162 8 342 162 
179 341 57 56 181 5 162 8 342 162 
179 341 57 56 181 5 162 8 342 162 
179 341 57 56 181 5 162 8 342 162 
179 341 57 56 181 5 162 8 342 162 
179 341 57 56 181 5 162 8 342 162 
179 341 57 56 181 5 162 8 342 162 
179 341 57 56 181 5 162 8 342 162 
179 341 57 56 181 5 162 8 342 162 
179 341 57 56 181 5 162 8 342 162 
179 341 57 56 181 5 162 8 342 162 
179 341 57 56 181 5 162 8 342 162 
179 341 57 56 181 5 162 8 342 162 
179 341 57 56 181 5 162 8 342 162 
179 341 57 56 181 5 162 8 342 162 
179 341 57 56 181 5 162 8 342 162 
179 341 57 56 181 5 162 8 342 162 
179 341 57 56 181 5 162 8 342 162 
179 341 57 56 181 5 162 8 342 162 
179 341 57 56 181 5 162 8 342 162 
179 341 57 56 181 5 162 8 342 162 
179 341 57 56 181 5 162 8 342 162 
179 341 57 56 181 5 162 8 342 162 
179 341 57 56 181 5 162 8 342 162 
179 341 57 56 181 5 162 8 342 162 
179 341 57 56 181 5 162 8 342 162 
179 341 57 56 181 5 162 8 342 162 
179 341 57 56 181 5 62 6 63 162 8 162 
179 341 57 56 181 5 62 6 63 162 8 162 
179 341 57 56 181 5 162 8 342 162 
179 341 57 56 181 5 162 8 342 162 
179 341 57 56 181 5 162 8 342 162 
179 341 57 56 180 181 5 48 6 162 8 162 
179 341 57 56 181 5 162 8 342 162 
179 341 57 56 181 5 162 8 342 162 
179 341 57 56 181 5 162 8 342 162 
179 341 57 56 181 5 162 8 342 162 
179 341 57 56 181 5 162 8 342 162 
179 341 57 56 181 5 162 8 342 162 
179 341 57 56 181 5 162 8 342 162 
179 341 57 56 181 5 162 8 342 162 
179 341 57 56 181 5 162 8 342 162 
179 341 57 56 181 5 162 8 342 162 
179 341 57 56 181 5 162 8 342 162 
179 341 57 56 181 5 162 8 342 162 
179 341 57 56 181 5 162 8 342 162 
179 341 57 56 181 5 162 8 342 162 
179 341 57 56 181 5 162 8 342 162 
179 341 57 56 181 5 162 8 342 162 
179 341 57 56 181 5 162 8 342 162 
179 341 57 56 181 5 162 8 342 162 
179 341 57 56 181 5 162 8 342 162 
179 341 57 56 181 5 162 8 342 162 
179 341 57 56 181 5 162 8 342 162 
179 341 57 56 181 5 162 8 342 162 
179 341 57 56 181 5 162 8 342 162 
179 341 57 56 181 5 162 8 342 162 
179 341 57 56 181 5 162 8 342 162 
179 341 57 56 181 5 162 8 342 162 
179 341 57 56 181 5 162 8 342 162 
179 341 57 56 181 5 162 8 342 162 
179 341 57 56 181 5 162 8 342 162 
179 341 57 56 181 5 162 8 342 162 
179 341 57 56 181 5 162 8 342 162 
179 341 57 56 181 5 162 8 342 162 
1 179 341 2 57 56 181 5 162 8 342 162 
179 341 57 56 181 5 162 8 342 162 
179 341 57 56 181 5 162 8 342 162 
179 341 57 56 181 5 162 8 342 162 
179 341 57 56 181 5 162 8 342 162 
179 341 57 56 180 181 5 162 8 342 162 
179 341 57 56 180 181 5 162 8 342 162 
179 341 57 56 181 5 162 8 342 162 
179 341 57 56 181 5 162 8 342 162 
179 341 57 56 181 5 162 8 342 162 
179 341 57 56 181 5 162 8 342 162 
179 341 57 56 181 5 162 8 342 162 
179 341 57 56 181 5 162 8 342 162 
179 341 57 56 181 5 162 8 342 162 
179 341 57 56 181 5 162 8 342 162 
179 341 57 56 181 5 162 8 342 162 
179 341 57 56 180 181 5 62 6 63 64 162 8 162 
179 341 57 56 181 5 162 8 342 162 
179 341 57 56 181 5 162 8 342 162 
179 341 57 56 181 5 162 8 342 162 
179 341 57 56 181 5 162 8 342 162 
179 341 57 56 181 5 162 8 342 162 
179 341 57 56 181 5 162 8 342 162 
179 341 57 56 181 5 162 8 342 162 
179 341 57 56 181 5 162 8 342 162 
179 341 57 56 181 5 162 8 342 162 
179 341 57 56 181 5 162 8 342 162 
179 341 57 56 181 5 162 8 342 162 
179 341 57 56 181 5 162 8 342 162 
179 341 57 56 181 5 162 8 342 162 
179 341 57 56 181 5 162 8 342 162 
179 341 57 56 180 181 5 162 8 342 162 
179 341 57 56 181 5 162 8 342 162 
179 341 57 56 181 5 162 8 342 162 
179 341 57 56 181 5 162 8 342 162 
179 341 57 56 181 5 162 8 342 162 
179 341 57 56 181 5 162 8 342 162 
179 341 57 56 181 5 162 8 342 162 
1 179 341 57 56 181 5 162 8 342 162 
1 179 341 57 56 181 5 162 8 342 162 
179 341 57 56 181 5 162 8 342 162 
179 341 57 56 181 5 162 8 342 162 
179 341 57 56 181 5 162 8 342 162 
179 341 57 56 181 5 162 8 342 162 
179 341 57 56 181 5 162 8 342 162 
179 341 57 56 181 5 162 8 342 162 
179 341 57 56 181 5 162 8 342 162 
179 341 57 56 181 5 48 6 162 8 162 
179 341 57 56 181 5 162 8 342 162 
1 179 341 2 57 56 181 5 162 8 342 162 
179 341 57 56 181 5 162 8 342 162 
179 341 57 56 181 5 162 8 342 162 
179 341 57 56 181 5 162 8 342 162 
179 341 57 56 181 5 162 8 342 162 
179 341 57 56 181 5 162 8 342 162 
179 341 57 56 181 5 162 8 342 162 
179 341 57 56 181 5 162 8 342 162 
179 341 57 56 181 5 162 8 342 162 
179 341 57 56 181 5 162 8 342 162 
179 341 57 56 181 5 162 8 342 162 
179 341 57 56 181 5 162 8 342 162 
179 341 57 56 181 5 162 8 342 162 
179 341 57 56 181 5 162 8 342 162 
179 341 57 56 181 5 162 8 342 162 
179 341 57 56 181 5 162 8 342 162 
179 341 57 56 181 5 162 8 342 162 
179 341 57 56 181 5 162 8 342 162 
179 341 57 56 181 5 162 8 342 162 
179 341 57 56 181 5 162 8 342 162 
1 179 341 15 57 56 181 5 162 8 342 162 
179 341 57 56 181 5 162 8 342 162 
179 341 57 56 181 5 162 8 342 162 
179 341 57 56 181 5 162 8 342 162 
179 341 57 56 181 5 162 8 342 162 
179 341 57 56 181 5 118 162 8 342 132 36 162 
1 179 341 57 56 181 5 118 162 8 342 132 36 162 
179 341 57 56 181 5 162 8 342 162 
179 341 57 56 181 5 162 8 342 162 
179 341 57 56 181 5 162 8 342 162 
179 341 343 57 56 181 5 162 8 342 162 
179 341 57 56 181 5 162 8 342 162 
179 341 57 56 181 5 162 8 342 162 
179 341 57 56 181 5 162 8 342 162 
179 341 57 56 181 5 162 8 342 162 
179 341 57 56 181 5 162 8 342 162 
1 179 341 15 57 56 181 5 162 8 342 162 
1 179 341 15 57 56 181 5 162 8 342 162 
179 341 57 56 181 5 162 8 342 162 
179 341 57 56 181 5 162 8 342 162 
179 341 57 56 181 5 162 8 342 162 
179 341 57 56 181 5 162 8 342 162 
179 341 57 56 181 5 162 8 342 162 
179 341 57 56 181 5 162 8 342 162 
179 341 57 56 181 5 162 8 342 162 
179 341 57 56 181 5 162 8 342 162 
179 341 57 56 181 5 162 8 342 162 
179 341 57 56 181 5 162 8 342 162 
179 341 57 56 181 5 162 8 342 162 
179 341 57 56 181 5 162 8 342 162 
179 341 57 56 181 5 162 8 342 162 
1 179 341 15 57 56 181 5 162 8 342 162 
179 341 57 56 181 5 162 8 342 162 
179 341 57 56 181 5 162 8 342 162 
1 179 341 15 57 56 181 5 162 8 342 162 
179 341 57 56 181 5 162 8 342 162 
179 341 57 56 181 5 162 8 342 162 
179 341 57 56 181 5 162 8 342 162 
179 341 57 56 181 5 162 8 342 162 
179 341 57 56 181 5 162 8 342 162 
179 341 57 56 181 5 162 8 342 162 
179 341 57 56 181 5 162 8 342 162 
179 341 57 56 181 5 162 8 342 162 
179 341 57 56 181 5 162 8 342 162 
179 341 57 56 181 5 162 8 342 162 
179 341 57 56 181 5 162 8 342 162 
179 341 57 56 181 5 162 8 342 162 
179 341 57 56 181 5 162 8 342 162 
179 341 57 56 181 5 162 8 342 162 
179 341 57 56 181 5 162 8 342 162 
179 341 57 56 181 5 162 8 342 162 
179 341 57 56 181 5 162 8 342 162 
179 341 57 56 181 5 162 8 342 162 
179 341 57 56 181 5 162 8 342 162 
179 341 57 56 181 5 162 8 342 162 
179 341 57 56 181 5 162 8 342 162 
179 341 57 56 181 5 162 8 342 162 
179 341 57 56 181 5 162 8 342 162 
179 341 57 56 181 5 162 8 342 162 
179 341 57 56 181 5 162 8 342 162 
179 341 57 56 181 5 162 8 342 162 
179 341 57 56 181 5 162 8 342 162 
179 341 57 56 181 5 162 8 342 162 
179 341 57 56 181 5 162 8 342 162 
179 341 57 56 181 5 162 8 342 162 
179 341 57 56 181 5 162 8 342 162 
179 341 57 56 181 5 162 8 342 162 
179 341 57 56 181 5 162 8 342 162 
179 341 57 56 181 5 162 8 342 162 
179 341 57 56 181 5 162 8 342 162 
179 341 57 56 180 181 5 162 8 342 162 
179 341 57 56 181 5 162 8 342 162 
1 179 341 2 57 56 181 5 162 8 342 162 
179 341 57 56 181 5 162 8 342 162 
179 341 57 56 181 5 162 8 342 162 
179 341 57 56 181 5 162 8 342 162 
179 341 57 56 181 5 162 8 342 162 
179 341 57 56 181 5 162 8 342 162 
179 341 57 56 181 5 162 8 342 162 
179 341 57 56 180 181 5 162 8 342 162 
179 341 57 56 181 5 162 8 342 162 
179 341 57 56 181 5 162 8 342 162 
179 341 57 56 181 5 162 8 342 162 
179 341 57 56 181 5 162 8 342 162 
179 341 57 56 181 5 162 8 342 162 
179 341 57 56 181 5 162 8 342 162 
179 341 57 56 181 5 162 8 342 162 
1 179 341 57 56 181 5 162 8 342 162 
179 341 57 56 181 5 162 8 342 162 
179 341 57 56 181 5 162 8 342 162 
179 341 57 56 181 5 162 8 342 162 
179 341 57 56 181 5 162 8 342 162 
179 341 57 56 181 5 162 8 342 162 
179 341 57 56 181 5 162 8 342 162 
179 341 57 56 181 5 162 8 342 162 
179 341 57 56 181 5 162 8 342 162 
179 341 57 56 181 5 162 8 342 162 
179 341 57 56 181 5 162 8 342 162 
179 341 57 56 181 5 162 8 342 162 
1 179 341 57 56 181 5 162 8 342 162 
179 341 57 56 181 5 162 8 342 162 
179 341 57 56 181 5 162 8 342 162 
179 341 57 56 181 5 162 8 342 162 
179 341 57 56 181 5 162 8 342 162 
179 341 57 56 181 5 162 8 342 162 
179 341 57 56 181 5 162 8 342 162 
179 341 57 56 181 5 162 8 342 162 
179 341 57 56 181 5 162 8 342 162 
179 341 57 56 181 5 162 8 342 162 
179 341 57 56 181 5 162 8 342 162 
179 341 57 56 181 5 162 8 342 162 
179 341 57 56 181 5 162 8 342 162 
179 341 57 56 181 5 162 8 342 162 
179 341 57 56 181 5 162 8 342 162 
1 179 341 57 56 181 5 162 8 342 162 
179 341 57 56 181 5 162 8 342 162 
179 341 57 56 181 5 162 8 342 162 
179 341 57 56 181 5 162 8 342 162 
179 341 57 56 181 5 162 8 342 162 
179 341 57 56 181 5 162 8 342 162 
179 341 57 56 181 5 162 8 342 162 
179 341 57 56 181 5 162 8 342 162 
179 341 57 56 181 5 162 8 342 162 
179 341 57 56 181 5 162 8 342 162 
179 341 57 56 181 5 162 8 342 162 
179 341 57 56 181 5 162 8 342 162 
1 179 341 57 56 181 5 162 8 342 162 
179 341 57 56 181 5 162 8 342 162 
179 341 57 56 181 5 162 8 342 162 
1 179 341 15 57 56 181 5 162 8 342 162 
179 341 57 56 181 5 162 8 342 162 
179 341 57 56 181 5 162 8 342 162 
179 341 57 56 181 5 162 8 342 162 
179 341 57 56 180 181 5 162 8 342 162 
179 341 57 56 181 5 162 8 342 162 
179 341 57 56 181 5 162 8 342 162 
179 341 57 56 181 5 162 8 342 162 
179 341 57 56 181 5 162 8 342 162 
179 341 57 56 181 5 162 8 342 162 
179 341 57 56 181 5 162 8 342 162 
1 179 341 15 57 56 181 5 162 8 342 162 
179 341 57 56 181 5 162 8 342 162 
179 341 57 56 181 5 162 8 342 162 
179 341 57 56 181 5 162 8 342 162 
1 179 341 2 57 56 181 5 162 8 342 162 
179 341 57 56 181 5 162 8 342 162 
179 341 57 56 181 5 162 8 342 162 
179 341 57 56 181 5 162 8 342 162 
179 341 57 56 181 5 162 8 342 162 
179 341 57 56 181 5 162 8 342 162 
179 341 57 56 181 5 162 8 342 162 
179 341 57 56 181 5 162 8 342 162 
179 341 57 56 181 5 162 8 342 162 
1 179 341 57 56 181 5 162 8 342 162 
179 341 57 56 181 5 162 8 342 162 
179 341 57 56 181 5 162 8 342 162 
179 341 57 56 181 5 162 8 342 162 
179 341 57 56 181 5 162 8 342 162 
179 341 57 56 181 5 162 8 342 162 
1 179 341 15 57 56 181 5 162 8 342 162 
1 179 341 57 56 181 5 162 8 342 162 
1 179 341 57 56 181 5 162 8 342 162 
179 341 57 56 181 5 162 8 342 162 
179 341 57 56 181 5 162 8 342 162 
179 341 57 56 181 5 162 8 342 162 
179 341 57 56 181 5 162 8 342 162 
1 179 341 57 56 181 5 162 8 342 162 
1 179 341 57 56 181 5 162 8 342 162 
179 341 57 56 181 5 162 8 342 162 
179 341 57 56 181 5 162 8 342 162 
1 179 341 15 57 56 181 5 162 8 342 162 
1 179 341 15 57 56 181 5 162 8 342 162 
1 179 341 15 57 56 181 5 162 8 342 162 
1 179 341 15 57 56 181 5 162 8 342 162 
179 341 57 56 181 5 162 8 342 162 
179 341 57 56 181 5 162 8 342 162 
179 341 57 56 181 5 162 8 342 162 
179 341 57 56 181 5 162 8 342 162 
179 341 57 56 181 5 162 8 342 162 
179 341 57 56 180 181 5 162 8 342 162 
179 341 57 56 181 5 162 8 342 162 
179 341 57 56 181 5 162 8 342 162 
179 341 57 56 181 5 162 8 342 162 
1 179 341 57 56 181 5 162 8 342 162 
179 341 57 56 181 5 162 8 342 162 
179 341 57 56 181 5 162 8 342 162 
179 341 57 56 181 5 162 8 342 162 
179 341 57 56 181 5 162 8 342 162 
179 341 57 56 181 5 162 8 342 162 
179 341 57 56 181 5 162 8 342 162 
179 341 57 56 181 5 162 8 342 162 
179 341 57 56 181 5 162 8 342 162 
179 341 57 56 181 5 162 8 342 162 
179 341 57 56 181 5 162 8 342 162 
179 341 57 56 181 5 162 8 342 162 
179 341 57 56 181 5 162 8 342 162 
179 341 57 56 181 5 162 8 342 162 
179 341 57 56 181 5 162 8 342 162 
179 341 57 56 181 5 162 8 342 162 
179 341 57 56 181 5 162 8 342 162 
179 341 57 56 181 5 162 8 342 162 
179 341 57 56 181 5 162 8 342 162 
179 341 57 56 181 5 162 8 342 162 
179 341 57 56 181 5 162 8 342 162 
179 341 57 56 181 5 162 8 342 162 
179 341 57 56 181 5 162 8 342 162 
179 341 57 56 180 181 5 162 8 342 162 
179 341 57 56 181 5 162 8 342 162 
179 341 57 56 181 5 162 8 342 162 
179 341 57 56 181 5 162 8 342 162 
179 341 57 56 181 5 162 8 342 162 
179 341 57 56 181 5 162 8 342 162 
1 179 341 2 57 56 181 5 162 8 342 162 
179 341 57 56 181 5 162 8 342 162 
179 341 57 56 181 5 162 8 342 162 
179 341 57 56 181 5 162 8 342 162 
179 341 57 56 181 5 162 8 342 162 
179 341 57 56 181 5 162 8 342 162 
179 341 57 56 181 5 162 8 342 162 
179 341 57 56 181 5 162 8 342 162 
179 341 57 56 181 5 162 8 342 162 
179 341 57 56 181 5 162 8 342 162 
179 341 57 56 181 5 162 8 342 162 
179 341 57 56 181 5 162 8 342 162 
179 341 57 56 181 5 162 8 342 162 
179 341 57 56 181 5 162 8 342 162 
179 341 57 56 181 5 162 8 342 162 
179 341 57 56 181 5 162 8 342 162 
179 341 57 56 181 5 162 8 342 162 
179 341 57 56 181 5 162 8 342 162 
179 341 57 56 181 5 162 8 342 162 
179 341 57 56 181 5 162 8 342 162 
179 341 57 56 181 5 162 8 342 162 
179 341 57 56 181 5 162 8 342 162 
179 341 57 56 181 5 48 6 162 8 162 
179 341 57 56 181 5 48 6 162 8 162 
179 341 57 56 181 5 162 8 342 162 
179 341 57 56 181 5 162 8 342 162 
179 341 57 56 181 5 162 8 342 162 
179 341 57 56 181 5 162 8 342 162 
179 341 57 56 181 5 162 8 342 162 
179 341 57 56 181 5 162 8 342 162 
179 341 57 56 181 5 162 8 342 162 
179 341 57 56 181 5 162 8 342 162 
179 341 57 56 181 5 162 8 342 162 
179 341 57 56 181 5 162 8 342 162 
179 341 57 56 181 5 162 8 342 162 
179 341 57 56 181 5 162 8 342 162 
179 341 57 56 181 5 162 8 342 162 
179 341 57 56 181 5 162 8 342 162 
179 341 57 56 181 5 162 8 342 162 
179 341 57 56 181 5 162 8 342 162 
179 341 57 56 181 5 162 8 342 162 
179 341 57 56 181 5 162 8 342 162 
179 341 57 56 181 5 162 8 342 162 
179 341 57 56 181 5 162 8 342 162 
179 341 57 56 181 5 162 8 342 162 
179 341 57 56 181 5 162 8 342 162 
179 341 57 56 181 5 162 8 342 162 
179 341 57 56 181 5 162 8 342 162 
179 341 57 56 181 5 162 8 342 162 
179 341 57 56 181 5 162 8 342 162 
179 341 57 56 181 5 162 8 342 162 
179 341 57 56 181 5 162 8 342 162 
179 341 57 56 181 5 162 8 342 162 
179 341 57 56 181 5 162 8 342 162 
179 341 57 56 181 5 162 8 342 162 
179 341 57 56 181 5 162 8 342 162 
179 341 57 56 181 5 162 8 342 162 
179 341 57 56 181 5 162 8 342 162 
179 341 57 56 181 5 162 8 342 162 
179 341 57 56 181 5 162 8 342 162 
179 341 57 56 181 5 162 8 342 162 
179 341 57 56 181 5 162 8 342 162 
179 341 57 56 181 5 162 8 342 162 
179 341 57 56 181 5 162 8 342 162 
179 341 57 56 181 5 162 8 342 162 
179 341 57 56 181 5 48 6 162 8 162 
1 179 341 57 56 181 5 162 8 342 162 
179 341 57 56 181 5 162 8 342 162 
179 341 57 56 181 5 162 8 342 162 
179 341 57 56 181 5 162 8 342 162 
179 341 57 56 181 5 162 8 342 162 
179 341 57 56 181 5 162 8 342 162 
179 341 57 56 181 5 162 8 342 162 
179 341 57 56 181 5 162 8 342 162 
179 341 57 56 181 5 162 8 342 162 
179 341 57 56 181 5 162 8 342 162 
179 341 57 56 181 5 162 8 342 162 
179 341 57 56 180 181 5 162 8 342 162 
179 341 57 56 181 5 162 8 342 162 
179 341 57 56 181 5 162 8 342 162 
179 341 57 56 181 5 162 8 342 162 
179 341 57 56 181 5 162 8 342 162 
1 179 341 57 56 181 5 162 8 342 162 
1 179 341 2 57 56 181 5 162 8 342 162 
179 341 57 56 181 5 162 8 342 162 
179 341 57 56 181 5 162 8 342 162 
179 341 57 56 181 5 162 8 342 162 
179 341 57 56 181 5 162 8 342 162 
179 341 57 56 181 5 162 8 342 162 
179 341 57 56 181 5 162 8 342 162 
179 341 57 56 181 5 162 8 342 162 
179 341 57 56 181 5 254 162 8 342 36 255 162 
179 341 57 56 180 181 5 62 6 63 162 8 162 
179 341 57 56 181 5 162 8 342 162 
179 341 57 56 181 5 162 8 342 162 
179 341 57 56 181 5 162 8 342 162 
179 341 57 56 181 5 162 8 342 162 
179 341 57 56 181 5 162 8 342 162 
179 341 57 56 181 5 162 8 342 162 
179 341 57 56 181 5 162 8 342 162 
179 341 57 56 181 5 48 6 162 8 162 
179 341 57 56 181 5 162 8 342 162 
179 341 57 56 181 5 162 8 342 162 
179 341 57 56 181 5 162 8 342 162 
179 341 57 56 181 5 162 8 342 162 
179 341 57 56 181 5 162 8 342 162 
179 341 57 56 181 5 162 8 342 162 
179 341 57 56 181 5 162 8 342 162 
179 341 57 56 181 5 162 8 342 162 
179 341 57 56 181 5 162 8 342 162 
179 341 57 56 181 5 162 8 342 162 
1 179 341 15 57 56 181 5 162 8 342 162 
179 341 57 56 181 5 162 8 342 162 
1 179 341 57 56 181 5 162 8 342 162 
179 341 57 56 181 5 162 8 342 162 
1 179 341 57 56 181 5 162 8 342 162 
179 341 57 56 181 5 162 8 342 162 
179 341 57 56 181 5 162 8 342 162 
179 341 57 56 181 5 162 8 342 162 
179 341 57 56 181 5 162 8 342 162 
179 341 57 56 181 5 162 8 342 162 
1 179 341 57 56 181 5 162 8 342 162 
179 341 57 56 181 5 162 8 342 162 
179 341 57 56 181 5 162 8 342 162 
179 341 145 57 56 42 181 5 162 8 342 162 
179 341 57 56 181 5 162 8 342 162 
179 341 57 56 181 5 162 8 342 162 
179 341 57 56 181 5 162 8 342 162 
179 341 57 56 181 5 162 8 342 162 
1 179 341 15 57 56 43 181 5 162 8 342 162 
179 341 57 56 181 5 162 8 162 
179 341 57 56 181 5 162 8 162 
179 341 57 56 181 5 162 8 342 162 
179 341 57 56 181 5 162 8 342 162 
205 179 341 206 57 207 56 181 5 162 8 342 162 
179 341 57 56 181 5 162 8 342 162 
179 341 57 56 181 5 162 8 342 162 
179 341 57 56 181 5 162 8 342 162 
179 341 57 56 181 5 162 8 342 162 
179 341 57 56 181 5 162 8 342 162 
179 341 57 56 181 5 162 8 342 162 
179 341 57 56 181 5 162 8 342 162 
179 341 57 56 181 5 162 8 342 162 
179 341 57 56 181 5 162 8 342 162 
179 341 57 56 181 5 162 8 342 162 
1 179 341 57 56 181 5 162 8 342 162 
179 341 57 56 181 5 162 8 342 162 
1 179 341 57 56 181 5 162 8 342 162 
1 179 341 57 56 181 5 162 8 342 162 
1 179 341 57 56 181 5 162 8 342 162 
1 179 341 57 56 181 5 162 8 342 162 
1 179 341 2 57 56 181 5 162 8 342 162 
1 179 341 57 56 181 5 162 8 342 162 
1 179 341 57 56 181 5 162 8 342 162 
1 179 341 15 57 56 181 5 162 8 342 162 
179 341 57 56 181 5 162 8 342 162 
179 341 57 56 181 5 162 8 342 162 
179 341 57 56 181 5 162 8 342 162 
179 341 57 56 181 5 162 8 342 162 
179 341 57 56 181 5 162 345 8 342 36 346 162 
179 341 57 56 181 5 162 345 8 342 36 346 162 
179 341 57 56 181 5 162 8 342 162 
179 341 57 56 181 5 162 8 342 162 
179 341 57 56 180 181 5 162 8 342 162 
179 341 57 56 181 5 162 8 342 162 
179 341 57 56 181 5 162 8 342 162 
179 341 57 56 181 5 162 8 342 162 
179 341 57 56 181 5 162 8 342 162 
179 341 57 56 181 5 162 8 342 162 
1 179 341 15 57 56 181 5 162 8 342 162 
179 341 57 56 181 5 162 8 342 162 
1 179 341 57 56 181 5 162 8 342 162 
1 179 341 15 57 56 181 5 162 8 342 162 
1 179 341 15 57 56 181 5 162 8 342 162 
179 341 57 56 181 5 162 8 342 162 
179 341 57 56 181 5 162 8 342 162 
1 179 341 15 57 56 43 181 5 162 8 342 162 
179 341 57 56 181 5 162 8 342 162 
179 341 57 56 181 5 162 8 342 162 
179 341 57 56 181 5 162 8 342 162 
179 341 343 57 56 181 5 162 8 342 162 
1 179 341 15 57 56 181 5 162 8 342 162 
1 179 341 2 57 56 181 5 162 8 342 162 
1 179 341 57 56 181 5 162 8 342 162 
1 179 341 57 56 181 5 162 8 342 162 
179 341 57 56 181 5 162 8 342 162 
1 179 341 57 56 181 5 162 8 342 162 
179 341 57 56 181 5 162 8 342 162 
179 341 57 56 181 5 162 8 342 162 
1 179 341 15 57 56 181 5 162 8 342 162 
179 341 57 56 181 5 162 8 342 162 
179 341 57 56 181 5 162 8 342 162 
179 341 57 56 181 5 162 8 342 162 
179 341 57 56 181 5 162 8 342 162 
1 179 341 15 57 56 181 5 162 8 342 162 
179 341 57 56 181 5 162 8 342 162 
179 341 57 56 181 5 162 8 342 162 
179 341 57 56 181 5 162 8 342 162 
179 341 57 56 181 5 162 8 342 162 
179 341 57 56 181 5 162 8 342 162 
179 341 57 56 181 5 162 8 342 162 
179 341 57 56 181 5 162 8 342 162 
179 341 57 56 181 5 162 8 342 162 
179 341 57 56 181 5 162 8 342 162 
179 341 57 56 181 5 162 8 342 162 
179 341 57 56 181 5 162 8 342 162 
179 341 57 56 181 5 162 8 342 162 
179 341 57 56 181 5 162 8 342 162 
179 341 57 56 181 5 162 8 342 162 
179 341 57 56 181 5 162 8 342 162 
179 341 57 56 181 5 162 8 342 162 
179 341 57 56 181 5 162 8 342 162 
179 341 57 56 181 5 162 8 342 162 
179 341 57 56 181 5 162 8 342 162 
1 179 341 57 56 181 5 162 8 342 162 
1 179 341 57 56 181 5 162 8 342 162 
179 341 57 56 181 5 162 8 342 162 
179 341 57 56 181 5 162 8 342 162 
179 341 57 56 181 5 162 8 342 162 
179 341 57 56 181 5 162 8 342 162 
179 341 57 56 181 5 162 8 342 162 
179 341 57 56 181 5 162 8 342 162 
179 341 57 56 181 5 162 8 342 162 
179 341 57 56 181 5 162 8 342 162 
179 341 57 56 181 5 162 8 342 162 
179 341 57 56 181 5 162 8 342 162 
179 341 57 56 181 5 162 8 342 162 
179 341 57 56 180 181 5 162 8 342 162 
179 341 57 56 181 5 162 8 342 162 
179 341 57 56 181 5 162 8 342 162 
179 341 57 56 181 5 162 8 342 162 
179 341 57 56 181 5 162 8 342 162 
179 341 57 56 181 5 162 8 342 162 
179 341 57 56 181 5 162 8 342 162 
179 341 57 56 181 5 162 8 342 162 
179 341 57 56 181 5 162 8 342 162 
179 341 57 56 181 5 162 8 342 162 
179 341 57 56 181 5 162 8 342 162 
179 341 57 56 181 5 162 8 342 162 
179 341 57 56 181 5 162 8 342 162 
179 341 57 56 181 5 162 8 342 162 
179 341 57 56 181 5 162 8 342 162 
179 341 57 56 181 5 162 8 342 162 
179 341 57 56 181 5 162 8 342 162 
179 341 57 56 181 5 162 8 342 162 
179 341 57 56 181 5 162 8 342 162 
179 341 57 56 181 5 162 8 342 162 
179 341 57 56 181 5 162 8 342 162 
179 341 57 56 181 5 162 8 342 162 
179 341 57 56 181 5 162 8 342 162 
179 341 57 56 181 5 162 8 342 162 
179 341 57 56 181 5 162 8 162 
179 341 57 56 181 5 162 8 342 162 
179 341 57 56 181 5 162 8 342 162 
179 341 57 56 181 5 162 8 342 162 
179 341 57 56 181 5 162 8 342 162 
179 341 57 56 181 5 162 8 342 162 
179 341 57 56 181 5 162 8 342 162 
179 341 57 56 181 5 162 8 342 162 
179 341 57 56 181 5 162 8 342 162 
179 341 57 56 181 5 162 8 342 162 
179 341 57 56 180 181 5 162 8 342 162 
179 341 57 56 181 5 162 8 342 162 
179 341 57 56 181 5 162 8 342 162 
179 341 57 56 181 5 48 6 162 8 162 
179 341 57 56 181 5 162 8 342 162 
179 341 57 56 181 5 162 8 342 162 
179 341 57 56 181 5 162 8 342 162 
179 341 57 56 181 5 162 8 342 162 
179 341 57 56 181 5 162 8 342 162 
179 341 57 56 181 5 162 8 342 162 
179 341 57 56 181 5 162 8 342 162 
179 341 57 56 181 5 162 8 342 162 
1 179 341 57 56 181 5 162 8 342 162 
179 341 57 56 181 5 48 6 162 8 162 
179 341 57 56 181 5 48 6 162 8 162 
179 341 57 56 181 5 48 6 162 8 162 
179 341 57 56 180 181 5 48 6 162 8 162 
179 341 57 56 181 5 162 8 342 162 
179 341 57 56 181 5 162 8 342 162 
179 341 57 56 181 5 162 8 342 162 
1 179 341 15 57 56 181 5 48 6 162 8 162 
179 341 57 56 181 5 48 6 162 8 162 
179 341 57 56 181 5 48 6 162 8 162 
179 341 57 56 180 181 5 48 6 162 8 162 
179 341 57 56 181 5 48 6 162 8 162 
179 341 57 56 181 5 162 8 342 162 
179 341 57 56 181 5 162 8 342 162 
179 341 57 56 181 5 162 8 342 162 
179 341 57 56 181 5 162 8 342 162 
179 341 57 56 181 5 162 8 342 162 
179 341 57 56 181 5 162 8 342 162 
179 341 57 56 42 181 5 162 8 342 162 
179 341 57 56 181 5 162 8 342 162 
179 341 57 56 181 5 162 8 342 162 
179 341 57 56 181 5 162 8 342 162 
179 341 57 56 181 5 162 8 342 162 
179 341 57 56 181 5 162 8 342 162 
179 341 57 56 181 5 162 8 342 162 
179 341 57 56 181 5 162 8 342 162 
179 341 57 56 181 5 162 8 342 162 
179 341 57 56 181 5 162 8 342 162 
179 341 57 56 181 5 162 8 342 162 
179 341 57 56 181 5 162 8 342 162 
179 341 57 56 181 5 162 8 342 162 
179 341 57 56 181 5 162 8 342 162 
179 341 57 56 181 5 162 8 342 162 
179 341 57 56 181 5 162 8 342 162 
179 341 57 56 181 5 162 8 342 162 
1 179 341 57 56 181 5 162 8 342 162 
1 179 341 57 56 181 5 162 8 342 162 
179 341 57 56 181 5 162 8 342 162 
179 341 57 56 181 5 162 8 342 162 
179 341 57 56 181 5 162 8 342 162 
179 341 57 56 181 5 162 8 342 162 
179 341 57 56 181 5 162 8 342 162 
179 341 57 56 181 5 162 8 342 162 
179 341 57 56 181 5 162 8 342 162 
1 179 341 57 56 181 5 162 8 342 162 
179 341 57 56 181 5 162 8 342 162 
179 341 57 56 181 5 162 8 342 162 
179 341 57 56 181 5 162 8 342 162 
179 341 57 56 181 5 162 8 342 162 
179 341 57 56 181 5 162 8 342 162 
1 179 341 57 56 181 5 162 8 342 162 
179 341 57 56 181 5 162 8 342 162 
179 341 57 56 181 5 162 8 342 162 
179 341 57 56 181 5 162 8 342 162 
179 341 57 56 181 5 48 6 162 8 162 
179 341 57 56 181 5 162 8 342 162 
179 341 57 56 181 5 162 8 342 162 
179 341 57 56 181 5 162 8 342 162 
179 341 57 56 181 5 162 8 342 162 
179 341 57 56 181 5 162 8 342 162 
179 341 57 56 181 5 162 8 342 162 
179 341 57 56 181 5 162 8 342 162 
179 341 57 56 181 5 162 8 342 162 
179 341 57 56 181 5 162 8 342 162 
1 179 341 57 56 181 5 162 8 342 162 
179 341 57 56 181 5 162 8 342 162 
179 341 57 56 181 5 162 8 342 162 
179 341 57 56 181 5 162 8 342 162 
179 341 57 56 181 5 162 8 342 162 
1 179 341 57 56 181 5 162 8 342 162 
179 341 57 56 181 5 162 8 342 162 
1 179 341 2 57 56 181 5 162 8 342 162 
1 179 341 2 57 56 181 5 162 8 342 162 
179 341 57 56 181 5 162 8 342 162 
179 341 57 56 181 5 162 8 342 162 
179 341 57 56 181 5 162 8 342 162 
179 341 57 56 181 5 162 8 342 162 
179 341 54 51 57 56 222 192 181 5 162 8 342 162 
1 179 341 15 57 56 181 5 162 8 342 162 
179 341 57 56 181 5 162 8 342 162 
1 179 341 15 57 56 181 5 162 8 342 162 
179 341 57 56 181 5 162 8 342 162 
179 341 57 56 181 5 162 8 342 162 
179 341 57 56 181 5 162 8 342 162 
179 341 57 56 181 5 162 8 342 162 
179 341 57 56 181 5 162 8 342 162 
179 341 57 56 181 5 162 8 342 162 
179 341 57 56 181 5 162 8 342 162 
179 341 57 56 181 5 162 8 342 162 
179 341 57 56 181 5 162 8 342 162 
179 341 57 56 181 5 162 8 342 162 
179 341 57 56 181 5 162 8 342 162 
179 341 57 56 181 5 162 8 342 162 
179 341 57 56 181 5 162 8 342 162 
1 179 341 15 57 56 181 5 162 8 342 162 
179 341 57 56 181 5 162 8 342 162 
179 341 57 56 181 5 162 8 342 162 
179 341 57 56 181 5 162 8 342 162 
1 179 341 57 56 181 5 162 8 342 162 
1 179 341 15 57 56 181 5 162 8 342 162 
179 341 343 57 56 181 5 162 8 342 162 
179 341 57 56 181 5 162 8 342 162 
179 341 57 56 181 5 162 8 342 162 
179 341 57 56 181 5 162 8 342 162 
179 341 57 56 181 5 162 8 342 162 
179 341 57 56 181 5 162 8 342 162 
179 341 57 56 181 5 162 8 342 162 
179 341 57 56 181 5 162 8 342 162 
179 341 57 56 181 5 162 8 342 162 
179 341 57 56 181 5 162 8 342 162 
179 341 57 56 181 5 162 8 342 162 
179 341 57 56 181 5 162 8 342 162 
1 179 341 57 56 181 5 162 8 342 162 
179 341 57 56 180 181 5 162 8 162 
179 341 57 56 181 5 162 8 342 162 
179 341 57 56 181 5 162 8 342 162 
179 341 57 56 181 5 162 8 342 162 
179 341 57 56 181 5 162 8 342 162 
179 341 57 56 181 5 162 8 342 162 
179 341 57 56 181 5 162 8 342 162 
179 341 57 56 181 5 162 8 342 162 
179 341 57 56 181 5 162 8 342 162 
179 341 57 56 181 5 162 8 342 162 
179 341 57 56 181 5 162 8 342 162 
179 341 57 56 181 5 162 8 342 162 
1 179 341 57 56 181 5 162 8 342 162 
179 341 57 56 181 5 162 8 342 162 
179 341 57 56 181 5 162 8 342 162 
179 341 57 56 181 5 162 8 342 162 
179 341 57 56 181 5 162 8 342 162 
179 341 57 56 181 5 162 8 342 162 
179 341 57 56 181 5 162 8 342 162 
179 341 57 56 181 5 162 8 342 162 
179 341 57 56 181 5 162 8 342 162 
179 341 57 56 181 5 162 8 342 162 
179 341 57 56 181 5 162 8 342 162 
1 179 341 15 57 56 181 5 162 8 342 162 
1 179 341 15 57 56 181 5 162 8 342 162 
179 341 57 56 181 5 162 8 342 162 
179 341 57 56 181 5 162 8 342 162 
179 341 57 56 181 5 162 8 342 162 
179 341 57 56 181 5 162 8 342 162 
179 341 57 56 181 5 162 8 342 162 
179 341 57 56 181 5 162 8 162 
179 341 57 56 181 5 162 8 162 
179 341 57 56 181 5 162 8 162 
179 341 57 56 181 5 162 8 162 
179 341 57 56 181 5 162 8 162 
179 341 57 56 181 5 162 8 342 162 
179 341 57 56 181 5 162 8 342 162 
179 341 57 56 181 5 162 8 342 162 
1 179 341 57 56 181 5 162 8 162 
1 179 341 57 56 181 5 162 8 162 
179 341 57 56 181 5 162 8 162 
179 341 57 56 181 5 162 8 162 
179 341 57 56 181 5 162 8 162 
1 179 341 15 57 56 181 5 162 8 162 
179 341 57 56 181 5 162 8 162 
179 341 57 56 181 5 162 8 162 
179 341 57 56 181 5 162 8 162 
179 341 347 57 56 181 5 162 8 162 
179 341 57 56 181 5 162 8 162 
179 341 57 56 181 5 162 8 162 
179 341 57 56 181 5 162 8 162 
1 179 341 57 56 181 5 162 8 162 
179 341 57 56 181 5 162 8 162 
179 341 57 56 181 5 162 8 162 
179 341 57 56 181 5 162 8 162 
179 341 57 56 180 181 5 162 8 162 
179 341 57 56 181 5 162 8 162 
179 341 57 56 181 5 162 8 162 
179 341 57 56 181 5 162 8 162 
179 341 57 56 181 5 162 8 162 
1 179 341 15 57 56 181 5 162 8 162 
179 341 57 56 181 5 162 8 162 
1 179 341 15 57 56 181 5 162 8 162 
179 341 57 56 181 5 162 8 162 
1 179 341 15 57 56 181 5 162 8 162 
179 341 57 56 181 5 162 8 162 
179 341 343 57 56 181 5 162 8 162 
1 179 341 57 56 181 5 162 8 162 
1 179 341 15 57 56 181 5 162 8 162 
179 341 347 57 56 181 5 162 8 162 
179 341 57 56 181 5 162 8 162 
179 341 57 56 180 181 5 162 8 162 
179 341 57 56 181 5 162 8 162 
179 341 57 56 181 5 162 8 162 
179 341 57 56 181 5 162 8 162 
179 341 57 56 181 5 162 8 162 
179 341 57 56 181 5 162 8 162 
179 341 57 56 181 5 162 8 162 
179 341 57 56 181 5 162 8 162 
179 341 57 56 181 5 162 8 162 
179 341 57 56 181 5 162 8 162 
1 179 341 57 56 181 5 162 8 162 
179 341 57 56 181 5 162 8 162 
179 341 57 56 181 5 162 8 162 
179 341 57 56 181 5 162 8 162 
179 341 57 56 181 5 162 8 162 
179 341 57 56 181 5 162 8 162 
179 341 57 56 180 181 5 162 8 162 
179 341 57 56 181 5 162 8 162 
179 341 57 56 181 5 162 8 162 