1 164 15 330 5 176 162 8 8 
1 164 15 330 5 176 162 8 8 
1 164 15 330 5 196 197 176 162 8 8 
1 164 15 330 5 176 162 8 8 
1 164 15 330 5 176 162 8 8 
1 164 15 330 5 176 162 8 8 
1 164 15 330 5 162 8 8 
1 164 15 330 5 196 197 162 8 8 
1 164 15 330 5 196 197 176 162 8 8 
1 164 15 330 5 176 162 8 8 
1 164 15 330 5 196 197 176 162 8 8 
1 164 15 330 5 176 162 8 8 
1 164 15 330 5 176 162 8 8 
1 164 15 330 5 176 162 8 8 
1 164 15 330 5 176 162 8 8 
1 164 15 330 5 176 162 8 8 
1 164 15 330 5 176 162 8 8 
1 164 15 330 5 176 162 8 8 
1 164 15 330 5 196 197 162 8 8 
1 164 15 330 5 196 197 176 162 8 8 
1 164 15 330 5 176 162 8 8 
1 164 15 330 5 176 162 8 8 
1 164 15 330 2 5 176 162 8 8 
1 164 15 330 5 196 197 162 8 8 
1 164 15 330 5 176 162 8 8 
1 164 15 330 2 5 176 162 8 8 
1 164 15 330 5 162 8 8 
1 164 15 330 2 5 162 8 8 
1 164 15 330 2 5 162 8 8 