1 736 2 302 5 48 6 590 48 
1 736 2 302 5 48 6 590 48 
1 736 2 302 5 48 6 590 48 
1 736 2 302 5 48 6 590 48 
1 736 2 302 5 48 6 590 48 
1 736 2 302 5 48 6 590 48 
1 736 2 302 5 48 6 590 48 
1 736 19 2 302 300 5 48 62 6 63 48 
1 736 2 302 5 48 6 590 48 
1 736 2 302 5 48 6 590 48 
1 736 2 302 5 48 6 590 48 
1 736 2 302 5 48 6 590 48 
1 736 2 302 5 48 6 590 48 
1 736 2 302 5 48 6 590 48 
1 736 2 302 5 48 6 590 48 
1 736 2 302 5 48 6 590 48 
1 736 2 302 5 48 6 590 48 
1 736 2 302 5 48 62 6 63 48 
1 736 2 302 5 48 62 6 63 48 
1 736 2 302 5 48 6 48 
1 736 19 2 302 5 48 6 48 
1 736 19 2 302 5 48 6 48 
1 736 2 302 5 48 6 48 
1 736 2 302 5 48 6 48 
1 736 2 302 5 48 6 598 48 
1 736 2 302 5 48 6 48 
1 736 2 302 42 5 48 62 6 63 48 
1 736 2 302 5 48 6 590 48 
1 736 2 302 5 48 62 6 63 64 48 
1 736 2 302 5 48 62 6 63 48 
1 736 2 302 5 48 62 6 63 48 
1 736 2 302 5 48 62 6 63 48 
1 736 2 302 5 48 62 6 63 48 
1 736 2 302 5 48 62 6 63 48 
1 736 2 302 5 48 6 590 48 
1 736 2 302 5 48 6 590 48 
1 736 2 302 42 5 48 62 6 63 48 
1 442 15 736 401 2 302 5 48 6 591 48 
1 736 2 302 5 48 62 6 63 48 
1 736 2 302 42 5 48 62 6 63 48 
1 736 2 302 5 48 62 6 63 48 
1 736 2 302 5 48 62 6 63 48 
1 736 2 302 5 48 600 594 6 243 48 
1 736 2 302 5 48 62 6 63 48 
1 736 2 302 5 48 62 6 63 48 
1 736 2 302 5 48 62 6 63 48 
1 442 15 736 401 2 302 5 48 6 63 64 48 
1 736 2 302 5 48 6 48 
1 736 2 302 5 48 6 48 
1 736 2 302 48 5 6 21 22 24 48 
1 736 2 302 5 48 6 48 
1 736 2 302 5 48 6 598 48 
1 736 2 302 5 48 62 6 63 48 
1 736 2 302 5 48 600 594 6 243 48 
1 736 2 302 48 5 6 48 
1 442 15 736 401 2 302 5 48 6 63 64 48 
1 736 19 2 302 48 5 6 48 
1 736 2 302 5 48 6 48 
1 736 2 302 5 48 6 63 64 48 
1 736 2 302 5 48 62 6 63 48 
1 736 2 302 5 48 6 48 
1 736 2 302 5 48 6 48 
1 736 2 302 5 48 6 48 
1 736 2 302 5 48 6 8 48 
1 736 19 2 302 48 5 6 21 22 24 48 
1 736 19 2 302 5 48 62 6 63 48 
1 736 2 302 5 48 6 48 
1 736 2 302 5 48 6 48 
1 736 2 302 5 48 62 6 63 48 
1 736 19 2 302 5 48 62 6 63 64 48 
1 736 2 302 5 48 62 6 63 48 
1 736 2 302 5 48 6 48 
1 736 19 2 302 5 48 6 48 
1 736 19 2 302 5 48 62 6 63 48 
1 736 2 302 42 5 48 62 6 63 48 
1 18 736 19 20 2 302 5 48 62 6 63 48 
1 736 2 302 5 48 62 6 63 64 48 
1 736 2 302 48 5 388 6 820 389 390 48 
1 736 2 302 5 48 594 6 243 48 
1 442 15 736 401 2 302 5 48 62 6 63 48 
1 736 2 302 5 48 6 63 64 48 
1 15 736 400 401 2 302 5 48 6 63 64 48 
1 736 2 302 5 48 6 426 598 48 
1 736 19 2 302 5 48 6 63 64 48 
1 736 2 302 5 48 6 48 
1 736 2 302 5 48 6 48 
1 736 2 302 5 48 6 63 64 48 
1 736 2 302 48 5 6 21 22 24 48 
1 736 2 302 5 48 6 48 
1 736 2 302 48 5 6 21 22 24 48 
1 736 2 302 5 48 6 63 48 
1 736 2 302 5 48 62 6 63 48 
1 442 15 736 401 2 302 5 48 6 63 48 
1 736 19 2 302 48 5 6 21 22 24 48 
1 736 2 302 48 5 6 21 22 24 48 
1 736 2 302 48 5 6 21 22 24 48 
1 736 2 302 48 5 6 21 22 24 48 
1 736 2 302 5 48 6 63 48 
1 736 2 302 5 48 6 48 
1 736 19 2 302 48 5 6 36 48 
1 736 19 2 302 48 5 6 21 22 24 48 
1 18 736 19 20 2 302 5 48 6 48 
1 736 2 302 48 5 6 48 
1 736 2 302 48 5 6 48 
1 736 2 302 5 48 6 426 598 48 
1 736 2 302 48 5 6 48 
1 736 19 2 302 48 5 6 48 
1 736 2 302 48 5 6 21 22 24 48 
1 736 19 2 302 5 48 6 48 
1 736 19 2 302 5 48 6 36 48 
1 736 2 302 48 5 6 48 
1 736 2 302 5 48 6 63 48 
1 736 19 2 302 5 48 6 48 
1 736 2 302 48 5 6 48 
1 736 2 302 5 48 6 48 
1 736 2 302 48 5 6 48 
1 736 2 302 5 48 6 48 
1 736 2 302 5 48 6 48 
1 736 19 2 302 5 48 6 48 
1 442 15 736 401 2 302 5 48 6 63 64 48 
1 736 2 302 5 48 6 598 48 
1 736 2 302 48 5 6 48 
1 736 2 302 5 48 6 696 48 
1 736 19 2 302 5 48 6 696 48 
1 736 2 302 5 48 62 6 63 48 
1 736 2 302 5 48 62 6 63 48 
1 736 2 302 5 48 62 6 63 64 48 
1 736 2 302 5 48 6 696 48 
1 736 2 302 5 48 62 6 63 48 
1 736 19 2 302 5 48 6 696 48 
1 736 2 302 5 48 62 6 63 48 
1 736 2 302 5 48 62 6 63 48 
1 736 2 302 5 48 62 6 63 48 
1 736 19 2 302 5 48 62 6 63 48 
1 442 15 736 401 2 302 48 5 6 21 22 24 48 
1 736 2 302 5 48 6 48 
1 736 2 302 5 48 6 63 64 48 
1 736 2 302 5 48 6 63 64 48 
1 736 2 302 48 5 6 21 22 24 48 
1 736 19 2 302 48 5 6 21 22 24 48 
1 736 2 302 5 48 6 48 
1 736 2 302 5 48 6 48 
1 736 2 302 48 5 6 21 22 24 48 
1 442 15 736 401 2 302 48 5 6 21 22 24 48 
1 736 2 302 5 48 6 48 
1 736 19 2 302 5 48 6 63 64 48 
1 442 15 736 401 2 302 48 5 6 21 22 24 48 
1 736 2 302 5 48 6 63 48 
1 736 2 302 5 48 6 63 48 
1 736 2 302 5 48 6 48 
1 736 2 302 5 48 6 48 
1 736 2 302 5 48 6 426 598 48 
1 736 2 302 5 48 6 598 48 
1 736 19 2 302 5 48 6 48 
1 736 2 302 5 48 6 48 
1 736 2 302 5 48 6 48 
1 736 2 302 5 48 6 426 598 48 
1 736 2 302 5 48 62 6 63 48 
1 736 2 302 5 48 62 6 63 48 
1 736 2 302 5 48 62 6 63 48 
1 736 2 302 5 48 6 426 598 48 
1 736 2 302 5 48 6 426 598 48 
1 736 2 302 5 48 6 426 598 48 
1 736 2 302 5 48 62 6 63 48 
1 736 2 302 5 48 62 6 63 48 
1 736 19 2 302 5 48 6 48 
1 736 2 302 5 48 6 48 
1 736 19 2 302 5 48 6 48 
1 736 19 2 302 5 48 62 6 63 48 
1 15 736 400 401 2 302 5 48 6 63 64 48 
1 736 2 302 5 48 6 21 598 68 24 48 
1 736 2 302 5 48 6 63 64 48 
1 736 2 302 5 48 6 598 48 
1 736 2 302 5 48 6 598 48 
1 442 15 736 401 2 302 5 48 6 591 48 
1 736 2 302 5 48 62 6 63 48 
1 442 15 736 401 2 302 5 48 6 48 
1 736 2 302 5 48 6 48 
1 736 2 302 5 48 6 48 
1 18 736 19 20 2 302 5 48 6 48 
1 736 19 2 302 5 48 6 48 
1 736 2 302 5 48 6 48 
1 736 2 302 5 48 6 696 48 
1 18 736 19 20 2 302 5 48 6 48 
1 736 2 302 5 48 6 426 598 48 
1 736 19 2 302 5 48 6 63 64 48 
1 736 2 302 5 48 6 426 598 48 
1 736 2 302 5 48 6 63 64 48 
1 736 2 302 5 48 6 48 
1 736 2 302 5 48 6 426 48 
1 736 2 302 48 5 6 21 22 24 48 
1 736 2 302 5 48 6 598 48 
1 736 2 302 5 48 6 598 48 
1 736 2 302 5 48 6 63 64 48 
1 736 2 302 5 48 6 63 48 
1 15 736 400 401 2 302 5 48 6 8 48 
1 736 2 302 5 48 6 63 64 48 
1 736 2 302 48 5 6 21 22 24 48 
1 736 19 2 302 5 48 6 48 
1 736 19 2 302 5 48 6 63 48 
1 736 2 302 5 48 62 6 63 48 
1 736 2 302 5 48 6 48 
1 736 2 302 5 48 6 590 48 
1 736 2 302 48 5 6 21 22 24 48 
1 736 2 302 5 48 6 48 
1 736 2 302 5 48 6 426 48 
1 736 2 302 5 48 6 590 48 
1 736 19 2 302 5 48 6 48 
1 736 2 302 48 5 6 48 
1 736 2 302 48 5 6 48 
1 736 19 2 302 48 5 6 48 
1 15 736 400 401 2 302 5 48 6 63 64 48 
1 736 2 302 5 48 6 63 48 
1 736 2 302 5 48 6 63 48 
1 736 19 2 302 5 48 6 8 48 
1 736 2 302 5 48 6 63 64 48 
1 736 2 302 48 5 6 48 
1 442 15 736 401 2 302 5 48 6 63 64 48 
1 736 2 302 5 48 6 63 64 48 
1 736 2 302 5 48 6 63 64 48 
1 736 2 302 48 5 6 21 22 24 48 
1 736 2 302 5 48 594 6 243 48 
1 736 2 302 5 48 6 63 48 
1 736 19 2 302 48 5 6 21 22 24 48 
1 736 2 302 5 48 6 48 
1 736 2 302 5 48 6 48 
1 736 2 302 5 48 6 48 
1 736 2 302 5 48 6 48 
1 736 2 302 5 48 6 63 48 
1 736 2 302 5 48 6 63 48 
1 736 2 302 5 48 6 48 
1 736 2 302 5 48 6 426 48 
1 442 15 736 401 2 302 5 48 6 48 
1 736 2 302 5 48 6 63 64 48 
1 736 2 302 5 48 62 6 63 48 
1 736 2 302 48 5 6 21 22 24 48 
1 736 2 302 5 48 6 48 
1 736 2 302 5 48 6 48 
1 736 2 302 5 48 6 48 
1 736 2 302 5 48 6 48 
1 736 2 302 5 48 6 48 
1 736 2 302 5 48 6 48 