38 262 25 268 268 
38 262 25 268 268 
38 262 25 268 268 
38 262 5 6 25 268 268 
38 262 25 268 268 
38 262 49 25 268 268 
38 262 5 25 8 268 268 
38 262 25 268 268 
38 262 25 268 268 
38 262 25 268 268 
38 262 25 268 268 
38 262 49 25 268 268 
38 262 49 25 268 268 
38 262 25 268 268 
38 262 25 268 268 
38 262 25 268 268 
38 262 25 268 268 
38 262 25 268 268 
38 262 25 268 268 
38 262 25 268 268 
38 262 25 268 268 
38 262 25 268 268 
38 262 25 268 268 
38 262 25 268 268 
38 262 25 268 268 
38 262 25 268 268 
38 262 49 25 268 268 
38 262 25 268 268 
38 262 25 268 268 
38 262 5 25 8 268 268 
38 262 25 268 268 
38 262 25 268 268 
38 262 25 268 268 
38 262 5 25 8 268 268 
38 262 5 25 8 268 268 
38 262 5 25 8 268 268 
38 262 5 6 25 268 268 
38 262 25 268 268 
38 262 25 268 268 
38 262 21 25 268 268 
38 262 21 25 268 268 
38 262 254 25 36 268 255 268 
38 262 25 268 268 
38 262 25 142 36 268 268 
38 262 25 268 268 
38 262 25 268 268 