40 41 42 5 91 6 92 8 8 
40 41 42 5 143 8 144 8 
40 41 42 5 143 8 144 8 
40 41 42 5 143 8 144 8 
40 41 42 5 91 6 92 8 8 
40 41 42 5 143 8 144 8 
40 41 42 5 143 8 144 8 
40 41 42 5 143 8 144 8 
40 41 42 5 91 6 92 8 8 
40 41 42 5 385 232 8 8 
40 41 42 5 143 8 144 8 
40 41 42 5 143 8 144 8 
40 41 42 5 143 8 144 8 
40 41 42 5 143 8 144 8 
40 41 42 5 143 8 144 8 
40 147 41 42 5 143 8 144 8 
40 41 42 5 143 8 144 8 
40 41 42 5 8 156 144 8 
40 41 42 5 8 8 
40 41 42 5 8 8 
40 41 42 5 143 8 144 8 
40 41 42 5 143 8 144 8 
40 41 42 5 143 8 144 8 
40 41 42 5 143 8 144 8 
40 41 42 5 143 8 144 8 
40 41 42 5 91 6 92 8 8 
40 41 42 5 91 6 92 8 8 
40 41 42 5 91 6 92 8 8 
40 41 42 5 143 8 144 8 
40 41 42 5 143 8 144 8 
40 41 42 5 143 8 144 8 
40 41 42 5 143 8 144 8 
40 41 42 5 143 8 144 8 
40 41 42 5 91 6 92 8 8 
40 41 42 5 143 8 144 8 
40 41 42 5 143 8 144 8 
40 41 42 5 143 8 144 8 
40 41 42 5 143 8 144 8 
40 41 42 5 143 8 144 8 
40 41 42 5 143 8 144 8 
40 41 42 5 143 8 144 8 
40 41 42 5 143 8 144 8 
40 41 42 5 143 8 144 8 
40 145 41 42 5 143 8 144 8 
40 41 42 5 143 8 144 8 
40 41 42 5 143 8 144 8 
40 41 42 5 8 8 
40 41 42 5 8 8 
40 41 42 5 91 6 92 8 8 
40 41 42 5 143 8 144 8 
40 41 42 5 8 8 
40 41 42 5 143 8 144 8 
40 41 42 5 143 8 144 8 
40 41 42 5 143 8 144 8 
40 41 42 5 143 8 144 8 
40 41 42 5 143 8 144 8 
40 41 42 5 143 8 144 8 
40 41 42 5 143 8 144 8 
40 41 42 5 143 8 144 8 
40 41 42 5 91 6 92 8 8 
40 41 42 5 143 8 144 8 
40 41 42 5 143 8 144 8 
40 41 42 5 91 6 92 8 8 
40 41 42 5 91 6 92 8 8 
40 41 42 5 143 8 144 8 
40 41 42 5 143 8 144 8 
40 145 41 42 5 91 6 143 8 92 144 8 
40 145 41 42 5 91 6 143 8 92 144 8 
40 41 42 5 143 8 144 8 
40 145 41 42 5 143 8 144 8 
40 41 42 5 143 8 144 8 
40 145 41 42 5 91 6 143 8 92 144 8 
40 145 41 42 5 91 6 143 8 92 144 8 
40 41 42 5 8 8 
40 41 42 5 143 8 144 8 
40 41 42 5 143 8 144 8 
40 41 42 5 402 8 8 
40 41 42 5 143 8 144 8 
40 41 42 5 91 6 92 8 8 
40 145 41 42 5 8 8 
40 145 41 42 5 118 8 119 36 144 8 
40 41 42 5 143 8 144 8 
40 41 42 5 8 8 
40 41 42 5 143 8 144 8 
40 41 42 5 143 8 144 8 
40 41 42 5 143 8 144 8 
40 41 42 5 8 8 
40 41 42 5 143 8 144 8 
40 41 42 5 143 8 144 8 
40 41 42 5 8 8 
40 41 42 5 143 8 144 8 
40 145 41 42 5 8 144 8 
40 41 42 5 143 8 144 8 
40 41 42 5 143 8 144 8 
40 41 42 5 143 8 144 8 
40 41 42 5 143 8 144 8 
40 41 42 5 143 8 144 8 
40 41 42 5 143 8 144 8 
40 41 42 5 143 8 144 8 
40 41 42 5 456 8 219 8 
40 41 42 5 143 8 144 8 
40 41 42 5 143 8 144 8 
40 41 42 5 143 8 144 8 
40 41 42 5 143 8 144 8 
40 145 41 42 5 8 8 
40 41 42 5 8 8 
40 41 42 5 143 8 144 8 
40 41 42 5 143 8 144 8 
40 41 42 5 143 8 144 8 
40 41 42 5 143 8 144 8 
40 41 42 5 6 210 8 61 8 
40 41 42 5 143 8 144 8 
40 41 42 5 143 8 144 8 
40 41 42 5 91 6 92 8 8 
40 41 42 5 143 8 144 8 
40 41 42 5 143 8 144 8 
40 41 42 5 91 6 92 8 8 
40 41 42 5 143 8 144 8 
40 41 42 5 143 8 144 8 
40 41 42 5 143 8 144 8 
40 41 42 5 143 8 144 8 
40 41 42 5 143 8 144 8 
40 41 42 5 143 8 144 8 
40 41 42 5 143 8 144 8 
40 41 42 5 143 8 144 8 
40 41 42 5 143 8 144 8 
40 41 42 5 8 8 
40 41 42 5 143 8 144 8 
40 41 42 5 143 8 144 8 
40 41 42 5 143 8 144 8 
40 41 42 5 143 8 144 8 
40 41 42 5 143 8 144 8 
40 41 42 5 143 8 144 8 
40 41 42 5 143 8 144 8 
40 41 42 5 143 8 144 8 
40 41 42 5 143 8 144 8 
40 41 42 5 143 8 144 8 
40 41 42 5 143 8 144 8 
40 41 42 5 143 8 144 8 
40 41 42 5 143 8 144 8 
40 41 42 5 143 8 144 8 
40 41 42 5 143 8 144 8 
40 41 42 5 143 8 144 8 
40 41 42 5 143 8 144 8 
40 41 42 5 143 8 144 8 
40 41 42 5 143 8 144 8 
40 41 42 5 143 8 144 8 
40 41 42 5 143 8 144 8 
40 41 42 5 91 6 92 8 8 
40 145 41 42 5 143 8 144 8 
40 41 42 5 8 8 
40 41 42 5 143 8 144 8 
40 41 42 5 143 8 144 8 
40 145 41 42 5 143 8 144 8 
40 145 41 42 5 143 8 144 8 
40 41 42 5 143 8 144 8 
40 41 42 5 143 8 144 8 
40 41 42 5 143 8 144 8 
40 41 42 5 143 8 144 8 
40 41 42 5 8 8 
40 41 42 5 8 8 
40 145 41 42 5 143 8 144 8 
40 145 41 42 5 143 8 144 8 
40 145 41 42 5 454 143 8 144 8 
40 41 42 5 8 8 
40 41 42 5 91 6 143 92 8 144 8 
40 41 42 5 143 8 144 8 
40 41 42 5 143 8 144 8 
40 41 42 5 143 8 144 8 
40 41 42 5 91 6 92 8 8 
40 41 42 5 8 8 
40 41 42 5 8 8 
40 41 42 5 383 384 254 8 36 8 
40 41 42 5 143 8 144 8 
40 41 42 5 143 8 144 8 
40 145 41 42 5 143 8 144 8 
40 41 42 5 143 8 144 8 
40 41 42 5 143 8 144 8 
40 41 42 5 143 8 144 8 
40 145 41 42 5 91 6 143 8 92 144 8 
40 41 42 5 8 8 
40 41 42 5 8 8 
40 41 42 5 8 8 
40 41 42 5 8 8 
40 41 42 5 143 8 144 8 
40 41 42 5 143 8 144 8 
40 41 42 5 91 6 92 8 8 
40 41 42 5 143 8 144 8 
40 41 42 5 143 8 144 8 
40 41 42 5 27 28 21 143 8 144 8 
40 41 42 5 8 8 
40 145 41 42 5 143 8 144 8 
40 41 42 5 143 8 144 8 
40 41 42 5 143 8 144 8 
40 41 42 5 143 8 144 8 
40 41 42 5 6 210 8 61 8 
40 41 42 5 143 8 144 8 
40 41 42 5 143 8 144 8 
40 41 42 5 143 8 144 8 
40 41 42 5 143 8 144 8 
40 41 42 5 143 8 144 8 
40 41 42 5 143 8 144 8 
40 41 42 5 143 8 144 8 
40 41 42 5 91 6 92 8 8 
40 41 42 5 8 8 
40 41 42 5 8 144 201 8 
164 1 40 15 41 42 670 5 6 8 61 8 
164 1 40 15 41 42 670 5 6 8 61 8 
40 41 42 5 143 8 144 8 
40 41 42 5 143 8 144 8 
40 41 42 5 454 458 8 8 
40 41 42 5 454 458 8 8 
40 41 42 5 454 458 8 8 
40 41 42 5 91 6 92 8 8 
40 41 42 5 143 8 144 8 
40 41 42 5 8 8 
40 41 42 5 8 8 
40 41 42 5 27 28 21 143 8 144 8 
40 41 42 5 8 599 36 8 
40 41 42 5 143 8 144 8 
40 41 42 5 143 8 144 8 
40 145 41 42 5 91 6 92 8 8 
40 41 42 5 143 8 144 8 
40 41 42 5 402 8 8 
40 41 42 5 402 8 8 
40 41 42 5 143 8 144 8 
40 41 42 5 143 8 144 8 
40 41 42 5 143 8 144 8 
40 41 42 5 143 8 144 8 
40 41 42 5 143 8 144 8 
40 41 42 5 143 8 144 8 
40 41 42 5 143 8 144 8 
40 41 42 5 143 8 144 8 
40 41 42 5 143 8 144 8 
40 41 42 5 143 8 144 8 
40 41 42 5 8 8 
40 41 42 5 143 8 144 8 
40 41 42 5 143 8 144 8 
40 41 42 5 143 8 144 8 
40 41 42 5 143 8 144 8 
40 41 42 5 6 8 61 8 
40 41 42 5 8 8 
40 41 42 5 143 8 144 8 
40 41 42 5 143 8 144 8 
40 41 42 5 8 8 
40 145 41 42 5 143 8 144 8 
40 41 42 5 143 8 144 8 
40 41 42 5 8 8 
40 41 42 5 143 8 144 8 
40 41 42 5 143 8 144 8 
40 41 42 5 143 8 144 8 
40 41 42 5 143 8 144 8 
40 41 42 5 143 8 144 8 
40 41 42 5 143 8 144 8 
40 41 42 5 143 8 144 8 
40 41 42 5 143 8 144 8 
40 41 42 5 143 8 144 8 
40 41 42 5 143 8 144 8 
40 41 42 5 143 8 144 8 
40 41 42 5 143 8 144 8 
40 41 42 5 91 6 92 8 8 
40 41 42 5 143 8 144 8 
40 41 42 5 143 8 144 8 
40 41 42 5 8 8 
40 41 42 5 8 8 
40 41 42 5 143 8 144 8 
40 145 41 42 5 143 8 144 8 
40 41 42 5 8 8 
40 41 42 5 8 144 8 
40 41 42 5 8 144 8 
40 145 41 42 5 8 144 8 
40 145 41 42 5 8 144 8 
40 41 42 5 8 144 8 
40 41 42 5 8 144 8 
40 41 42 5 118 8 36 8 
40 41 42 5 8 144 8 
40 41 42 5 8 144 8 
40 41 42 5 8 144 8 
40 41 42 5 8 144 8 
1 40 382 2 41 42 167 5 8 144 8 
40 41 42 5 8 144 8 
40 41 42 5 8 144 8 
40 41 42 5 8 144 8 
40 41 42 5 118 8 36 8 
40 145 41 42 5 8 144 8 
40 145 41 42 5 8 144 8 
40 41 42 5 6 8 8 
40 145 41 42 5 8 144 8 
40 145 41 42 5 8 144 8 