410 411 5 21 22 143 8 37 144 24 37 
410 411 5 21 22 143 8 37 144 24 37 
410 411 5 21 22 143 8 37 144 24 37 
410 411 21 22 37 24 37 
410 411 5 21 22 143 8 37 144 24 37 
410 411 5 21 22 143 8 37 144 24 37 
410 411 5 21 22 143 8 37 144 24 37 
410 411 5 21 22 143 8 37 144 24 37 
410 411 21 22 37 24 37 
410 411 5 21 22 143 8 37 144 24 37 
410 411 5 21 22 143 8 37 144 24 37 
1 410 411 2 5 21 22 143 8 37 144 24 37 
410 411 21 22 37 24 37 
410 411 5 21 22 143 8 37 144 24 37 
410 411 21 22 37 24 37 
410 411 5 21 22 143 8 37 144 24 37 
410 411 21 22 37 24 37 
410 411 5 21 22 143 8 37 144 24 37 
410 411 5 21 22 143 8 37 144 24 37 
410 411 5 21 22 143 8 37 144 24 37 
410 411 21 22 37 24 37 
410 411 21 22 37 24 37 
410 411 5 21 22 143 8 37 144 24 37 
410 411 5 21 22 143 8 37 144 24 37 
410 411 5 21 22 143 8 37 144 24 37 
74 410 51 411 77 78 5 21 22 143 8 37 144 24 37 
410 411 21 22 37 24 37 
410 411 21 22 37 24 37 
410 411 5 21 22 143 8 37 144 24 37 
410 411 21 22 37 24 37 
410 411 5 21 22 143 8 37 144 24 37 
410 411 5 21 22 143 8 37 144 24 37 
410 411 5 21 22 143 8 37 144 24 37 
410 411 5 21 22 143 8 37 144 24 37 
410 411 5 21 22 143 8 37 144 24 37 
410 411 5 21 22 143 8 37 144 24 37 
410 411 5 21 22 143 8 37 144 24 37 
410 411 21 22 37 24 37 
410 411 21 22 37 24 37 
410 411 21 22 37 24 37 
410 411 5 21 22 143 8 37 144 24 37 
410 411 21 22 37 24 37 
410 411 5 21 22 143 8 37 144 24 37 
410 411 5 21 22 143 8 37 144 24 37 
410 411 5 21 22 143 8 37 144 24 37 