136 42 174 5 8 144 8 
136 42 174 5 8 532 144 8 
136 42 174 5 8 532 144 8 
136 42 174 5 8 144 8 
136 42 174 5 8 144 8 
136 42 174 5 8 144 8 
136 42 174 5 8 8 
136 42 174 5 8 144 8 
136 42 174 5 8 144 8 
136 42 174 5 8 532 144 8 
136 42 174 5 8 165 8 
136 42 174 5 8 165 8 
136 42 174 5 8 144 8 
136 42 174 5 8 8 
136 42 174 5 8 8 
136 42 174 5 8 8 
136 42 174 5 8 8 
136 42 174 5 8 8 
136 42 174 5 8 144 8 
136 42 174 5 8 144 8 
136 145 42 174 5 8 8 
136 42 174 5 8 144 8 
136 42 174 5 8 144 8 
136 42 174 5 8 8 
136 42 174 5 8 144 8 
136 42 174 5 8 8 
136 42 174 5 8 144 8 
136 42 174 5 8 165 8 
136 42 174 5 8 144 8 
136 42 174 5 101 8 208 8 
136 42 174 5 8 144 8 
136 42 174 5 8 144 8 
50 51 136 42 52 174 5 8 144 8 
136 42 174 5 8 8 
50 51 136 42 52 174 5 8 8 
136 42 174 5 8 8 
50 51 136 42 52 174 5 8 144 8 
136 42 174 5 8 165 8 
136 42 174 5 8 8 
136 42 174 5 8 165 8 
136 42 174 5 8 8 
136 42 174 5 8 144 8 
136 42 174 5 8 8 
136 42 174 5 8 144 8 
136 42 174 5 8 8 
136 42 174 5 8 8 
136 42 174 5 8 8 
136 42 174 5 8 8 
136 42 174 5 8 8 
136 42 174 5 8 144 8 
136 42 174 5 162 8 8 
136 42 174 5 8 8 
136 42 174 5 8 8 
136 42 174 5 8 8 
136 42 174 5 8 8 
136 42 174 5 8 8 
136 42 174 5 8 8 
136 42 174 5 8 144 8 
136 42 174 5 8 8 
136 42 174 5 8 8 
136 42 174 5 8 8 
136 42 174 5 8 8 
136 42 174 5 8 8 
136 42 174 5 8 8 
136 42 174 5 8 8 
136 145 42 174 5 8 8 
136 42 174 5 8 8 
136 42 174 5 8 144 8 
136 42 174 5 8 8 
136 42 174 5 8 165 8 
136 42 174 5 8 8 
136 42 174 5 8 8 
136 42 174 5 8 8 
136 42 174 5 8 8 
136 42 174 5 8 8 
136 42 174 5 8 144 201 8 
136 42 174 5 8 8 
136 42 174 5 8 8 
136 42 174 5 8 8 
136 42 174 5 8 8 
136 42 174 5 8 8 
136 42 174 5 8 8 
136 42 174 5 8 165 8 
136 42 174 5 8 8 
136 42 174 5 8 144 8 
136 42 174 5 8 8 
175 136 42 174 5 8 8 
40 136 42 174 5 8 144 8 
136 42 174 5 8 144 8 
136 42 174 5 8 144 8 
136 145 42 174 5 8 8 
136 42 174 5 8 8 
136 42 174 5 8 8 
136 42 174 5 8 8 
136 42 174 5 8 165 8 
136 42 174 5 8 144 8 
136 42 174 5 8 144 8 
136 42 174 5 8 8 
136 42 174 5 8 144 8 
136 42 174 5 8 8 
136 42 174 5 8 144 201 8 
136 42 174 5 8 144 8 
136 42 174 5 8 8 
136 42 174 5 8 144 8 
136 42 174 5 8 8 
136 42 174 5 8 8 
136 42 174 5 8 8 
136 42 174 5 8 8 
136 42 174 5 8 8 
136 42 174 5 8 8 
136 42 174 5 8 165 8 
136 42 174 5 8 8 
136 42 174 5 8 144 8 
136 42 174 5 8 144 8 
136 42 174 5 8 8 
136 42 174 5 8 8 
136 42 174 5 8 8 
136 42 174 5 8 144 201 8 
136 42 174 5 8 144 8 
136 42 174 5 8 165 8 
136 42 174 5 8 8 
136 42 174 5 8 8 
136 42 174 5 8 165 8 
136 42 174 5 8 144 8 
136 42 174 5 8 8 
136 42 174 5 8 144 8 
136 42 174 5 8 8 
136 42 174 5 8 8 
136 42 174 5 8 8 
136 42 174 5 8 144 8 
136 42 174 5 8 144 8 
136 42 174 5 6 8 61 8 
136 42 174 5 8 8 
136 42 174 5 8 8 
136 42 174 5 8 8 
136 42 174 5 8 8 
136 42 174 5 8 144 8 
136 145 42 174 5 8 144 8 
136 42 174 5 8 8 
136 42 174 5 8 8 
136 42 174 5 8 8 
136 42 174 5 8 8 
136 42 174 5 8 144 8 
136 42 174 5 8 144 8 
136 42 174 5 8 144 8 
136 42 174 5 8 8 
136 42 174 5 8 8 
136 42 174 5 8 8 
136 42 174 5 8 165 8 
136 42 174 5 8 8 
136 42 174 5 8 8 
136 42 174 5 8 8 
136 42 174 5 8 8 
136 42 174 5 8 8 
136 42 174 5 8 8 
136 42 174 5 8 165 8 
136 42 174 5 8 8 
136 42 174 5 8 8 
136 42 174 5 8 8 
136 42 174 5 8 36 144 8 
136 42 174 5 8 8 
136 42 174 5 8 8 
136 42 174 5 8 144 8 
136 42 174 5 8 144 8 
136 42 174 5 8 144 8 
136 42 174 5 8 165 8 
136 42 174 5 8 165 8 
136 42 174 5 8 165 8 
136 42 174 5 8 165 8 
136 42 174 5 8 8 
136 42 174 5 8 8 
136 42 174 5 101 8 208 8 
136 42 174 5 8 8 
136 42 174 5 8 8 
136 42 174 5 8 8 
136 42 174 5 8 144 8 
136 42 174 5 8 8 
136 42 174 5 8 8 
136 42 174 5 8 8 
136 42 174 5 8 144 201 8 
136 42 174 5 8 144 8 
136 42 174 5 8 144 8 
136 42 174 5 8 144 8 
136 42 174 5 8 8 
136 42 174 5 8 8 
136 42 174 5 8 8 
136 42 174 5 8 8 
136 42 174 5 254 8 36 255 8 
136 42 174 5 8 8 
136 42 174 5 8 8 
136 42 174 5 8 144 8 
136 42 174 5 8 8 
136 42 174 5 8 8 
136 42 174 5 8 165 8 
136 42 174 5 8 8 
136 42 174 5 8 144 8 
136 42 174 5 8 144 8 
136 42 174 5 8 8 
136 42 174 5 8 8 
217 136 42 174 5 8 8 
136 42 174 5 8 8 
67 136 42 174 5 8 144 8 
136 42 174 5 8 8 
136 42 174 5 8 8 
136 42 174 5 8 8 
136 42 174 5 8 8 
136 42 174 5 8 144 8 
136 42 174 5 8 144 8 
136 42 174 5 8 8 
136 42 174 5 8 8 
136 42 174 5 8 144 8 
136 42 174 5 8 8 
136 42 174 5 8 8 
136 42 174 5 8 144 8 
136 42 174 5 8 8 
136 42 174 5 151 152 8 153 8 
136 42 174 5 8 8 
136 42 174 5 8 144 8 
136 42 174 5 8 144 8 
136 42 174 5 8 8 
136 42 174 5 8 8 
136 42 174 5 8 8 
136 42 174 5 8 8 
136 42 174 5 8 8 
136 42 174 5 8 144 8 
136 42 174 5 8 165 8 
136 42 174 5 8 144 8 
136 42 174 5 8 8 
136 42 174 5 8 165 8 
136 42 174 5 8 8 
136 145 42 174 5 8 8 
136 42 174 5 8 8 
136 42 174 5 8 8 
136 42 174 5 8 144 201 8 
136 42 174 5 8 8 
1 136 2 42 174 5 8 8 
136 42 174 5 8 8 
136 42 174 5 8 144 8 
136 42 174 5 8 144 8 
136 42 174 5 8 8 
136 42 174 5 8 144 201 8 
136 42 174 5 8 165 8 
136 42 174 5 8 8 
136 42 174 5 8 165 8 
136 42 174 5 8 144 8 
136 42 174 5 8 8 
136 42 174 5 8 8 
136 42 174 5 8 8 
136 42 174 5 8 8 
136 42 174 5 8 8 
136 42 174 5 8 144 8 
136 42 174 5 8 8 
136 42 56 57 174 181 5 8 144 8 
136 42 174 5 8 8 
136 42 174 5 8 165 8 
136 42 174 5 8 8 
136 42 174 5 8 8 
136 42 174 5 8 8 
136 42 174 5 8 8 
136 42 174 5 8 8 
136 42 174 5 8 8 
136 42 174 5 8 8 
136 42 174 5 8 8 
136 42 174 5 8 165 8 
136 42 174 5 8 8 
136 42 174 5 8 8 
136 42 174 5 8 8 
136 42 174 5 8 8 
136 42 174 5 8 8 
136 42 174 5 8 144 492 8 
136 42 174 5 8 144 8 
136 42 174 5 8 144 8 
136 42 174 5 8 8 
136 42 174 5 8 8 
136 42 174 5 8 8 
136 42 174 5 8 144 8 
136 42 174 5 8 165 8 
51 136 42 174 78 5 383 384 254 8 36 144 8 
136 145 42 174 5 8 144 8 
136 42 174 5 8 8 
136 42 174 5 8 8 
136 42 174 5 8 8 
136 42 174 5 8 144 8 
136 42 174 5 161 8 8 
136 42 174 5 8 8 
136 42 174 5 8 144 8 
136 42 174 5 8 144 8 
136 42 174 5 8 144 8 
136 42 174 5 8 8 
136 42 174 5 8 144 8 
136 95 42 174 96 5 8 144 8 
136 42 174 5 8 8 
136 42 174 5 8 144 8 
136 42 174 5 8 8 
136 42 174 5 8 8 
136 42 174 5 8 8 
136 42 174 5 8 36 144 8 
136 42 174 5 8 36 144 8 
1 136 2 42 174 5 8 8 
136 42 174 5 8 165 8 
136 42 174 5 254 8 36 255 8 
1 136 2 42 174 5 8 144 8 
136 42 174 5 8 8 
136 42 174 5 161 8 8 
136 42 174 5 8 8 
136 42 174 5 8 144 8 
136 145 42 174 5 8 8 
136 42 174 5 8 8 
136 42 174 5 8 8 
136 42 174 5 8 8 
136 42 174 5 8 8 
136 42 174 5 8 8 
136 42 174 5 8 144 8 
136 42 174 5 8 8 
136 42 174 5 8 144 8 
136 42 174 5 8 144 8 
136 42 174 5 8 144 8 
136 42 174 5 8 8 
136 42 174 5 8 490 8 
136 42 174 5 8 8 
136 42 174 5 8 8 
136 42 174 5 8 8 
136 42 5 8 144 8 
136 42 174 5 8 144 8 
50 51 136 42 52 174 5 8 8 
136 42 174 5 8 36 144 8 
136 42 174 5 8 8 
136 42 174 5 8 8 
136 42 174 5 8 165 8 
136 42 174 5 8 8 
136 42 174 5 8 144 8 
136 42 174 5 8 144 201 8 
136 42 174 5 8 8 
136 42 174 5 8 144 8 
136 42 174 5 8 144 8 
136 42 174 5 8 144 8 
136 42 174 5 8 8 
136 42 174 5 8 144 8 
136 42 174 5 8 144 201 8 
136 42 174 5 8 144 8 
136 42 174 5 8 8 
136 42 174 5 8 144 8 
136 42 174 5 8 144 8 
136 42 174 5 8 144 201 8 
136 42 174 5 8 144 8 
136 42 174 5 8 144 8 
136 42 174 5 8 144 8 
136 42 174 5 8 144 8 
136 42 174 5 8 144 8 
136 42 174 5 6 8 61 8 
136 42 174 5 8 8 
136 42 174 5 8 8 
136 42 174 5 8 8 
136 42 174 5 8 144 201 8 
136 42 174 5 8 8 
136 42 174 5 8 144 201 8 
136 42 174 5 8 8 
136 42 174 5 8 144 8 
136 42 174 5 8 144 8 
136 42 174 5 8 8 
136 42 174 5 8 144 8 
136 42 174 5 8 144 201 8 
136 42 174 5 8 8 
136 42 174 5 8 8 
136 42 174 5 8 144 8 
136 42 174 5 8 8 
136 42 174 5 8 144 8 
136 42 174 5 8 165 8 
136 42 174 5 8 8 
136 42 174 5 8 144 8 
136 42 174 5 8 144 201 8 
136 42 174 5 8 8 
136 42 174 5 8 8 
136 42 174 5 8 8 
136 42 174 5 8 8 
136 42 174 5 8 144 8 
136 42 174 5 254 8 36 255 8 
136 42 174 5 8 144 8 
136 42 174 5 8 8 
136 42 174 5 8 8 
136 42 174 5 8 8 
136 42 174 5 8 8 
136 42 174 5 8 144 201 8 
136 42 174 5 8 144 8 
136 42 174 5 254 8 36 255 8 
136 42 174 5 8 144 201 8 
136 42 174 5 8 144 8 
136 42 174 5 8 8 
136 42 174 5 383 384 254 8 36 8 
136 42 174 5 8 144 8 
136 42 174 5 8 8 
136 42 174 5 8 165 8 
136 42 174 5 8 8 
136 42 174 5 8 144 8 
136 42 174 5 8 144 8 
136 42 174 5 8 144 201 8 
136 42 174 5 8 8 
136 42 174 5 8 144 201 8 
136 42 174 5 8 144 8 
136 42 174 5 8 144 8 
136 42 174 5 8 144 8 
136 42 174 5 8 144 8 
136 42 174 5 8 8 
136 42 174 5 8 165 8 
136 42 174 5 8 144 8 
136 42 174 5 8 144 8 
136 42 174 5 8 165 8 
136 42 174 5 8 165 8 
136 42 174 5 8 144 8 
136 42 174 5 8 144 201 8 
136 42 174 5 8 144 8 
136 42 174 5 8 8 
136 42 174 5 8 144 8 
136 42 174 5 8 8 
136 42 174 5 8 36 144 8 
136 42 174 5 8 144 8 
136 42 174 5 8 36 144 8 
136 42 174 5 8 8 
136 42 174 5 8 36 144 8 
136 42 174 5 8 36 144 8 
136 42 174 5 8 8 
136 42 174 5 8 36 144 8 
136 42 174 5 8 36 144 8 
136 42 174 5 8 144 8 
136 42 174 5 8 144 8 
136 42 174 5 8 144 8 
136 42 174 5 8 144 8 
136 42 174 5 8 8 
136 42 174 5 8 8 
136 42 174 5 8 8 
136 42 174 5 8 144 8 
136 42 174 5 8 8 
136 42 174 5 8 144 8 
136 42 174 5 8 8 
136 42 174 5 8 8 
136 42 174 5 8 144 8 
136 42 174 5 8 144 8 
136 42 174 5 8 8 
136 42 174 5 8 144 201 8 
136 42 174 5 8 144 8 
136 42 174 5 8 144 8 
136 42 174 5 8 144 8 
136 42 174 5 8 8 
136 42 174 5 8 144 8 
136 42 174 5 8 144 8 
136 42 174 5 8 144 8 
136 42 174 5 8 8 
136 42 174 5 8 144 8 
136 42 174 5 8 8 
136 42 174 5 8 144 8 
136 42 174 5 8 144 8 
136 42 174 5 8 165 8 
136 42 174 5 8 144 201 8 
136 42 174 5 8 144 8 
136 42 174 5 8 144 8 
136 42 174 5 8 8 
136 42 174 5 8 144 201 8 
136 42 174 5 8 144 8 
136 42 174 5 8 8 
136 42 174 5 8 144 8 
136 42 174 5 8 144 201 8 
40 136 41 42 174 5 8 8 
136 42 174 5 8 8 
136 42 174 5 8 144 201 8 
136 42 174 5 8 144 201 8 
136 42 174 5 25 26 8 8 
136 42 174 5 8 144 8 
136 42 174 5 8 144 8 
136 42 174 5 8 8 
136 42 174 5 8 144 8 
136 42 174 5 8 144 8 
136 42 174 5 8 144 8 
136 42 174 5 8 144 201 8 
136 42 174 5 8 144 201 8 
136 42 174 5 8 144 8 
136 42 174 5 8 165 8 
136 42 174 5 8 144 8 
136 42 174 5 8 165 8 
136 42 174 5 8 8 
136 42 174 5 8 8 
136 42 174 5 8 8 
136 42 174 5 8 8 
136 42 174 5 8 144 201 8 
136 42 174 5 8 144 8 
136 42 174 5 8 144 8 
136 42 174 5 8 8 
136 42 174 5 8 144 201 8 
136 42 174 5 8 144 201 8 
136 42 174 5 8 165 8 
136 42 174 5 8 144 201 8 
136 42 174 5 8 165 8 
136 42 174 5 8 8 
136 42 174 5 8 8 
136 42 174 5 8 8 
136 42 174 5 8 8 
136 42 174 5 8 144 8 
136 42 174 5 8 144 8 
136 42 174 5 8 36 144 8 
136 42 174 5 8 8 
136 42 174 5 8 8 
136 42 174 5 8 144 8 
136 42 174 5 8 36 144 8 
136 42 174 5 8 144 8 
136 42 174 5 8 144 8 
136 42 174 5 8 8 
136 42 174 5 8 8 
136 42 174 5 8 144 201 8 
136 42 174 5 8 144 8 
136 42 174 5 8 8 
136 42 174 5 8 8 
136 42 174 5 8 8 
136 42 174 5 8 8 
136 42 174 5 8 144 8 
136 42 174 5 8 144 201 8 
136 42 174 5 8 144 8 
1 136 2 42 174 167 5 8 8 
136 42 174 5 8 8 
136 42 174 5 8 165 8 
136 42 174 5 8 165 8 
136 42 174 5 6 8 374 61 8 
136 42 174 5 8 8 
136 42 174 5 8 144 201 8 
136 42 174 5 8 8 
136 42 174 5 8 165 8 
136 42 174 5 8 144 8 
136 42 174 5 8 144 8 
136 42 174 5 8 144 8 
136 42 174 5 8 8 
136 42 174 5 8 8 
136 42 174 5 8 144 8 
136 42 174 5 8 8 
136 42 174 5 254 8 36 255 8 
136 42 174 5 8 8 
136 42 174 5 8 165 8 
136 42 174 5 8 8 
136 42 174 5 8 8 
136 42 174 5 8 8 
136 42 174 5 8 8 
136 42 174 5 8 8 
136 42 174 5 8 8 
136 42 174 5 8 8 
136 42 174 5 8 8 
136 42 174 5 8 8 
136 42 174 5 8 8 
136 42 174 5 8 8 
136 42 174 5 162 8 8 
136 42 174 5 8 8 
136 42 174 5 8 8 
136 42 174 5 8 8 
136 42 174 5 8 8 
136 42 174 5 8 8 
136 42 174 5 8 8 
136 42 174 5 8 144 8 
136 42 174 5 8 8 
136 42 174 5 8 8 
136 42 174 5 137 101 8 8 
136 42 174 5 8 8 
136 42 174 5 8 144 8 
136 42 174 5 8 8 
136 42 174 5 344 162 8 8 
136 42 174 5 162 8 8 
136 42 174 5 8 8 
136 42 174 5 137 101 8 8 
136 42 174 5 6 8 61 8 
136 42 174 5 8 8 
136 42 174 5 8 8 
136 42 174 5 8 144 8 
136 42 174 5 8 144 201 8 
136 42 174 5 8 144 8 
136 42 174 5 8 144 8 
136 42 174 5 8 8 
136 42 174 5 8 144 8 
136 42 174 5 8 8 
136 42 174 5 8 36 144 8 
136 42 174 5 8 8 
136 42 174 5 8 8 
136 42 174 5 8 8 
179 136 42 56 57 174 180 181 5 8 8 
179 136 42 56 57 174 180 181 5 8 144 8 
136 42 174 5 8 8 
136 42 174 5 8 165 8 
136 42 174 5 8 165 8 
136 42 174 5 8 165 8 
136 42 174 5 8 165 8 
136 42 174 5 8 8 
136 42 174 5 8 8 
136 42 174 5 8 144 8 
136 42 174 5 8 8 
136 42 174 5 8 8 
136 42 174 5 8 144 8 
136 42 174 5 8 8 
136 42 174 5 8 165 8 
136 42 174 5 8 8 
136 42 174 5 8 144 201 8 
136 42 174 5 8 8 
136 42 174 5 8 144 8 
136 42 174 5 8 144 201 8 
136 42 174 5 8 144 8 
136 42 174 5 8 144 201 8 
136 42 174 5 8 144 8 
136 42 174 5 8 165 8 
136 42 174 5 8 8 
136 42 174 5 8 8 
136 42 174 5 8 165 8 
136 42 174 5 8 8 
136 42 174 5 8 8 
136 42 174 5 8 144 8 
136 42 174 5 8 165 8 
136 42 174 73 5 8 8 
136 42 174 5 8 8 
136 42 174 5 8 8 
136 42 174 5 8 165 8 
136 42 174 5 8 8 
136 42 174 5 8 8 
136 42 174 5 8 8 
136 42 174 5 8 144 8 
136 42 174 5 8 8 
136 42 174 5 8 8 
136 42 174 5 8 165 8 
136 42 174 5 8 8 
136 42 174 5 8 8 
217 136 42 174 5 143 8 144 8 
136 42 174 5 8 165 8 
136 42 174 5 143 8 144 8 
136 42 174 5 8 8 
136 42 174 5 8 165 8 
136 42 174 5 8 8 
136 42 174 5 8 8 
136 42 174 5 8 144 8 
136 42 174 5 8 8 
136 42 174 5 8 144 8 
136 42 174 5 8 8 
136 42 174 5 8 8 
136 42 174 5 8 8 
136 42 174 5 8 8 
136 42 174 5 8 8 
136 42 174 5 8 8 
136 42 174 5 8 144 8 
136 42 174 5 8 165 8 
136 42 174 5 8 144 8 
136 42 174 5 8 165 8 
136 42 174 5 8 165 8 
136 42 174 5 8 165 8 
136 42 174 5 8 165 8 
136 42 174 5 8 144 8 
136 42 174 5 8 144 8 
136 42 174 5 8 144 8 
136 42 174 5 8 144 8 
136 42 174 5 8 8 
136 42 174 5 8 8 
136 42 174 5 8 144 8 
136 42 174 5 8 8 
136 42 174 5 8 165 8 
136 42 174 5 8 165 8 
136 42 174 5 8 144 8 
136 42 174 5 8 144 8 
136 42 174 5 8 165 8 
136 42 174 5 8 8 
136 42 174 5 8 165 8 
136 42 174 5 8 144 8 
136 42 174 5 8 144 8 
136 42 174 5 8 144 8 
136 42 174 5 8 144 8 
136 42 174 5 8 8 
136 42 174 5 8 8 
136 42 174 5 8 165 8 
136 42 174 5 8 144 201 8 
136 42 174 5 8 165 8 
136 42 174 5 8 8 
136 42 174 5 8 8 
136 42 174 5 8 8 
136 42 174 5 8 8 
136 42 174 5 8 165 8 
136 42 174 5 8 36 144 8 
136 42 174 5 8 36 144 8 
136 42 174 5 8 144 8 
136 42 174 5 8 8 
136 42 174 5 8 8 
136 42 174 5 8 8 
136 42 174 5 8 8 
136 42 174 5 8 8 
136 42 174 5 8 8 
136 42 174 5 8 36 144 8 
136 42 174 5 8 144 201 8 
136 42 174 5 8 144 8 
136 42 174 5 8 144 8 
136 42 174 5 8 8 
136 42 174 5 254 8 36 144 255 8 
136 42 174 5 8 144 201 8 
136 42 174 5 8 144 8 
136 42 174 5 8 8 
136 42 174 5 8 144 8 
136 42 174 5 8 36 144 8 
136 42 174 5 8 144 8 
136 42 174 5 8 144 8 
136 42 174 5 8 144 8 
136 42 174 5 8 144 8 
136 42 174 5 8 144 8 
136 42 174 5 8 144 8 
136 42 174 5 8 144 8 
136 42 174 5 8 8 
136 42 174 5 8 8 
136 42 174 5 8 8 
136 42 174 5 8 144 8 
136 42 174 5 8 144 8 
136 42 174 5 8 144 8 
136 42 174 5 8 8 
136 42 174 5 8 8 
136 42 174 5 8 165 8 
40 136 41 42 174 5 8 8 
136 42 174 5 6 8 61 8 
136 42 174 5 6 8 61 8 
136 42 174 5 8 144 8 
136 42 174 5 8 144 8 
136 42 174 5 8 8 
136 42 174 5 8 144 8 
136 42 174 5 8 8 
136 42 174 5 8 8 
136 42 174 5 8 144 8 
136 42 174 5 8 8 
136 42 174 5 8 8 
136 42 174 5 8 8 
136 42 174 5 8 8 
136 42 174 5 8 165 8 
136 42 174 5 8 144 201 8 
136 42 174 5 8 8 
136 42 174 5 8 8 
136 42 174 5 8 144 8 
136 42 174 5 8 8 
136 42 174 5 8 144 201 8 
136 42 174 5 8 144 8 
136 42 174 5 8 144 8 
136 42 174 5 8 144 201 8 
136 42 174 5 8 8 
136 42 174 5 8 144 8 
136 42 174 5 8 144 8 
136 42 174 5 8 144 8 
136 42 174 5 8 8 
136 42 174 5 8 144 8 
136 42 174 5 8 8 
136 42 174 5 8 144 8 
136 42 174 5 503 8 11 10 8 
136 42 174 5 8 144 8 
136 42 174 5 8 36 144 8 
136 42 174 5 8 144 201 8 
136 42 174 5 8 144 8 
136 42 174 5 8 144 8 
40 136 42 174 5 8 144 8 
136 42 174 5 8 8 
136 42 174 5 8 8 
136 42 174 5 8 8 
136 42 174 5 8 8 
136 42 174 5 8 8 
136 42 174 5 8 8 
136 42 174 5 8 8 
136 42 174 5 8 8 
136 42 174 5 8 8 
136 42 174 5 8 8 
136 42 174 5 8 144 201 8 
51 136 42 174 5 8 144 8 
51 136 42 174 5 8 144 8 
40 136 41 42 174 5 8 144 8 
136 42 174 5 8 8 
136 42 174 5 8 144 8 
136 42 174 5 8 144 8 
136 42 174 5 8 8 
136 42 174 5 8 165 8 
136 42 174 5 8 8 
136 42 174 5 8 144 201 8 
136 42 174 5 8 144 8 
136 42 174 5 8 8 
136 42 174 5 8 8 
136 42 174 5 8 8 
136 42 174 5 8 165 8 
136 42 174 5 8 165 8 
136 42 174 5 6 8 61 8 
136 42 174 5 8 144 8 
136 42 174 5 8 144 8 
136 42 174 5 8 8 
136 42 174 5 8 144 8 
136 42 174 5 8 144 8 
136 42 174 5 8 165 8 
136 42 174 5 8 144 8 
136 42 174 5 8 144 8 
136 42 174 5 383 384 254 8 36 8 
136 42 174 5 8 144 8 
136 42 174 5 8 8 
136 42 174 5 8 144 8 
1 136 2 42 174 5 8 8 
136 42 174 5 8 144 8 
136 42 174 5 8 144 8 
136 42 174 5 8 8 
136 42 174 5 8 144 8 
136 42 174 5 8 165 8 
136 42 174 5 8 8 
136 42 174 5 8 8 
136 42 174 5 8 8 
136 42 174 5 8 8 
136 42 174 5 8 144 8 
136 42 174 5 8 8 
136 42 174 5 8 8 
136 42 174 5 8 8 
136 42 174 5 8 8 
136 42 174 5 8 8 
136 42 174 5 8 8 
136 145 42 174 5 8 8 
136 145 42 174 5 8 165 8 
136 42 174 5 8 8 
136 42 174 5 8 144 8 
136 42 174 5 8 8 
136 42 174 5 254 8 36 255 8 
136 42 174 5 8 8 
136 42 174 5 254 8 36 255 8 
136 42 174 5 8 8 
136 42 174 5 8 8 
136 42 174 5 8 144 8 
136 42 174 5 8 8 
1 136 2 42 174 5 8 8 
136 42 174 5 8 8 
136 42 174 5 8 8 
67 136 42 174 5 8 8 
136 42 174 5 8 8 
136 42 174 5 8 144 8 
136 42 174 5 8 8 
136 42 174 5 254 8 36 255 8 
136 42 174 5 254 8 36 255 8 
136 42 174 5 8 144 8 
136 42 174 5 162 8 170 8 
136 42 174 5 8 8 
136 42 174 5 8 8 
136 42 174 5 8 144 8 
136 42 174 5 8 8 
136 42 174 5 8 8 
136 42 174 5 8 8 
136 42 174 5 8 8 
136 42 174 5 8 8 
136 42 174 5 8 144 8 
136 42 174 5 8 8 
136 42 174 5 8 144 8 
136 42 174 5 8 144 8 
136 42 174 5 8 144 8 
136 42 174 5 8 144 8 
136 42 174 5 8 144 201 8 
136 42 174 5 8 8 
136 42 174 5 8 144 201 8 
136 42 174 5 8 144 8 
136 42 174 5 8 8 
136 42 174 5 8 144 8 
136 42 174 5 8 144 201 8 
136 42 174 5 8 8 
136 42 174 5 8 144 8 
136 42 174 5 8 144 8 
136 42 174 5 8 8 
136 42 174 5 8 144 8 
136 42 174 5 8 144 8 
136 42 174 5 8 144 8 
136 42 174 5 8 144 8 
136 42 174 5 8 144 8 
136 42 174 5 8 8 
136 42 174 5 8 144 8 
136 42 174 5 8 144 201 8 
40 136 147 42 174 5 8 8 
54 51 136 42 174 5 8 8 
136 42 174 5 8 8 
136 42 174 5 176 162 8 8 
136 42 174 5 8 8 
136 42 174 5 8 36 144 8 
136 42 174 5 8 8 
136 42 174 5 8 8 
136 42 174 73 5 8 8 
136 42 174 5 8 144 201 8 
136 42 174 5 8 144 201 8 
136 42 174 5 8 144 201 8 
136 42 174 5 8 8 
136 42 174 5 8 165 8 
136 42 174 5 8 8 
136 42 174 5 8 8 
136 42 174 5 8 144 8 
136 42 174 5 8 165 8 
136 42 174 5 8 8 
136 42 174 5 8 8 
136 42 174 5 8 8 
136 42 174 5 8 8 
136 42 174 5 8 8 
136 42 174 5 8 8 
136 42 174 5 8 8 
136 42 174 5 8 8 
136 42 174 5 8 8 
136 42 174 5 8 8 
136 42 174 5 8 8 
136 42 174 5 8 144 8 
136 42 174 5 6 8 61 8 
136 42 174 5 8 8 
136 42 174 5 8 8 
136 42 174 5 8 8 
136 42 174 5 8 144 8 
136 42 174 5 8 8 
136 42 174 5 8 8 
136 42 174 5 8 8 
136 42 174 5 8 144 8 
136 42 174 5 8 8 
136 42 174 5 8 8 
136 42 174 5 8 8 
136 42 174 5 8 8 
136 42 174 5 8 8 
136 42 174 5 176 162 8 8 
136 42 174 5 8 144 8 
136 42 174 5 8 144 8 
136 42 174 5 8 144 8 
136 42 174 5 8 144 8 
136 42 174 5 8 144 8 
136 42 174 5 8 165 8 
136 42 174 5 8 144 8 
136 42 174 5 8 8 
136 42 174 5 8 144 8 
67 136 42 174 5 8 144 8 
136 42 174 5 8 144 8 
136 42 174 5 8 8 
136 42 174 5 8 8 
136 42 174 5 8 8 
136 42 174 5 8 144 201 8 
136 42 174 5 8 8 
136 42 174 5 8 144 8 
136 42 174 5 8 144 8 
136 42 174 5 8 8 
136 42 174 5 8 144 8 
136 42 174 5 8 36 584 8 
136 42 174 5 8 8 
136 42 174 5 8 144 8 
136 42 174 5 8 144 201 8 
136 42 174 5 8 8 
136 42 174 5 8 8 
136 42 174 5 8 8 
136 42 174 5 8 8 
136 42 174 5 8 8 
136 42 174 5 8 144 8 
136 42 174 5 8 144 8 
136 42 174 5 8 144 8 
136 42 174 91 5 6 21 22 92 8 8 
136 42 174 5 8 8 
136 42 174 5 8 8 
136 42 174 5 8 144 8 
136 42 174 5 8 8 
136 42 174 5 8 8 
136 42 174 5 8 8 
136 42 174 5 8 144 8 
136 42 174 5 8 165 8 
136 42 174 5 8 8 
136 42 174 5 8 8 
136 42 174 5 8 144 8 
136 42 174 5 8 144 8 
136 42 174 5 8 8 
136 42 174 5 8 8 
136 42 174 5 8 8 
136 42 174 5 8 144 8 
136 42 174 5 8 144 8 
136 42 174 5 8 144 8 
217 136 42 174 5 8 165 8 
136 42 174 5 8 144 8 
136 42 174 5 8 144 8 
136 42 174 5 8 8 
136 42 174 5 8 8 
136 42 174 5 8 8 
136 42 174 5 8 8 
136 42 174 5 8 8 
136 42 174 5 254 8 36 255 8 
136 42 174 5 8 144 8 
136 42 174 5 8 8 
136 42 174 5 8 165 8 
136 42 174 5 8 144 8 
136 42 174 5 8 144 201 8 
136 42 174 5 8 8 
136 42 174 5 6 8 61 8 
136 42 174 5 8 8 
136 145 42 174 5 8 165 8 
136 42 174 5 8 144 201 8 
136 42 174 5 8 165 8 
136 42 174 5 8 144 8 
136 42 174 5 8 144 8 
136 42 174 5 8 165 8 
136 42 174 5 8 8 
136 42 174 5 8 144 8 
136 42 174 5 8 8 
136 42 174 5 8 532 144 8 
136 42 174 5 8 8 
136 42 174 5 8 8 
136 42 174 5 8 144 8 
136 42 174 5 8 144 8 
136 42 174 5 8 8 
136 42 174 5 8 165 8 
136 42 174 5 8 8 
136 42 174 5 8 8 
136 42 174 5 8 8 
136 42 174 5 8 8 
136 42 174 5 8 8 
136 42 174 5 8 8 
136 42 174 5 8 8 
136 42 174 5 8 8 
136 42 174 5 8 165 8 
136 42 174 5 8 144 8 
136 42 174 5 254 8 36 255 8 
136 42 174 5 8 165 8 
136 42 174 5 8 144 8 
136 42 174 5 8 8 
136 42 174 5 8 144 8 
136 42 174 5 8 144 8 
136 42 174 5 8 8 
136 42 174 5 8 165 8 
136 42 174 5 8 144 8 
136 42 174 5 8 144 8 
136 42 174 5 8 8 
136 42 174 5 8 144 8 
136 42 174 5 8 8 
136 42 174 5 8 8 
136 42 174 5 254 8 36 255 8 
136 42 174 5 8 8 
136 42 174 5 8 144 8 
136 42 174 5 8 8 
136 42 174 5 8 8 
136 42 174 5 8 8 
136 42 174 5 8 144 201 8 
136 42 174 5 8 144 8 
136 42 174 5 8 8 
136 42 174 5 8 8 
136 42 174 5 8 144 8 
136 42 174 5 8 8 
136 42 174 5 8 144 201 8 
136 42 174 5 8 8 
136 42 174 5 8 8 
136 42 174 5 8 8 
136 42 174 5 254 8 36 255 8 
136 42 174 5 8 8 
136 42 174 5 8 8 
136 42 174 5 62 6 63 8 8 
136 42 174 5 384 254 8 36 407 8 
136 42 174 5 8 8 
136 42 174 5 8 8 
136 42 174 5 8 144 201 8 
136 42 174 5 8 144 8 
136 42 174 5 8 8 
136 42 174 5 8 8 
136 42 174 5 8 8 
136 42 174 5 8 8 
136 42 174 5 8 144 201 8 
136 42 174 5 8 144 201 8 
136 42 174 5 8 144 8 
136 42 174 5 8 8 
136 42 174 5 8 144 8 
136 42 174 5 8 144 8 
136 42 174 5 8 8 
136 42 174 5 8 144 8 
136 42 174 5 8 8 
1 136 2 42 174 5 8 144 8 
136 42 174 5 8 165 8 
136 42 174 5 8 8 
136 42 174 5 8 144 201 8 
136 42 174 5 8 144 8 
136 42 174 5 8 8 
136 42 174 5 8 144 8 
136 42 174 5 8 144 8 
136 42 174 5 8 144 8 
136 42 174 5 8 8 
136 42 174 5 8 144 8 
136 42 174 5 8 8 
136 42 174 5 8 8 
136 42 174 5 8 8 
136 42 174 5 254 8 36 255 8 
136 42 174 5 8 144 201 8 
136 42 174 5 8 144 8 
136 42 174 5 8 144 201 8 
136 42 174 5 8 144 8 
136 42 174 5 8 144 201 8 
136 42 174 5 8 144 8 
136 42 174 5 8 8 
136 42 174 5 8 144 8 
136 42 174 5 8 144 8 
136 42 174 5 8 144 8 
136 42 174 5 8 8 
136 42 174 5 8 144 8 
136 42 174 5 8 8 
136 42 174 5 8 8 
136 42 174 5 8 8 
136 42 174 5 8 144 8 
136 42 174 5 8 144 8 
136 42 174 5 8 144 8 
136 42 174 5 8 532 144 8 
136 42 174 5 8 8 
136 42 174 5 8 144 8 
136 42 174 5 8 144 8 
136 42 174 5 8 144 8 
136 42 174 5 8 144 201 8 
136 42 174 5 8 144 8 
136 42 174 5 8 8 
136 42 174 5 8 165 8 
136 42 174 5 8 165 8 
136 42 174 5 8 144 8 
136 42 174 5 8 165 8 
136 42 174 5 8 165 8 
136 42 174 5 8 144 8 
136 42 174 5 8 8 
136 42 174 5 8 8 
136 42 174 5 8 144 8 
136 42 174 5 8 8 
136 42 174 5 8 144 201 8 
136 42 174 5 8 8 
136 42 174 5 8 8 
136 42 174 5 8 144 8 
136 42 174 5 8 8 
136 42 174 5 8 165 8 
136 42 174 5 8 8 
136 42 174 5 8 8 
136 42 174 5 8 8 
136 42 174 5 8 8 
136 42 174 5 8 144 8 
136 42 174 5 8 8 
136 42 174 5 8 8 
136 42 174 5 8 144 201 8 
136 42 174 5 8 532 144 8 
136 42 174 5 8 144 8 
136 42 174 5 8 144 201 8 
136 42 174 5 8 8 
136 42 174 5 8 144 8 
136 42 174 5 8 144 8 
136 42 174 5 8 144 8 
136 42 174 5 8 144 8 
136 42 174 5 8 144 8 
136 42 174 5 8 144 8 
136 42 174 5 8 144 8 
136 42 174 5 8 144 8 
136 42 174 5 8 8 
136 42 174 5 8 8 
136 42 174 5 8 8 
136 42 174 5 8 8 
136 42 174 5 8 8 
136 42 174 5 8 8 
136 42 174 5 8 8 
136 42 174 5 8 8 
136 42 174 5 8 8 
136 42 174 5 8 8 
136 42 174 5 8 8 
136 42 174 5 8 144 201 8 
136 42 174 5 8 144 8 
136 42 174 5 8 8 
136 42 174 5 8 8 
136 42 174 5 8 8 
136 42 174 5 8 165 8 
136 42 174 5 8 144 8 
136 42 174 5 8 144 8 
136 42 174 5 254 8 36 255 8 
136 42 174 5 8 144 201 8 
136 42 174 5 8 144 8 
136 42 174 5 8 144 8 
136 42 174 5 8 144 8 
136 42 174 5 8 144 201 8 
136 42 174 5 8 144 8 
136 42 174 5 8 144 201 8 
136 42 174 5 8 8 
136 42 174 5 8 8 
136 42 174 5 8 8 
136 42 174 5 8 8 
136 42 174 5 8 144 8 
136 42 174 5 8 144 8 
136 42 174 5 8 144 201 8 
136 42 174 5 8 8 
136 42 174 5 8 144 201 8 
136 42 174 5 8 8 
136 42 174 5 8 144 8 
136 42 174 5 8 144 201 8 
136 42 174 5 8 144 201 8 
136 42 174 5 8 8 
136 42 174 5 8 8 
136 42 174 5 8 36 144 8 
136 42 174 5 8 144 201 8 
136 42 174 5 8 8 
136 42 174 5 8 8 
136 42 174 5 8 8 
136 42 174 5 8 144 201 8 
136 42 174 5 8 8 
136 42 174 5 8 8 
136 42 174 5 8 144 201 8 
136 42 174 5 8 8 
136 42 174 5 8 144 8 
136 42 174 5 8 144 201 8 
136 42 174 5 8 8 
136 42 174 5 8 8 
136 42 174 5 8 144 8 
136 42 174 5 8 165 8 
136 42 174 5 8 8 
136 42 174 5 8 144 8 
136 42 174 5 8 36 144 8 
136 42 174 5 254 8 36 255 8 
136 42 174 5 254 8 36 255 8 
136 42 174 5 8 144 201 8 
136 42 174 5 254 8 36 255 8 
136 42 174 5 8 144 201 8 
136 42 174 5 8 8 
136 42 174 5 8 8 
1 136 2 42 174 5 8 144 8 
136 42 174 5 8 8 
136 42 174 5 8 144 201 8 
136 42 174 5 8 8 
136 42 174 5 8 8 
136 42 174 5 8 144 8 
136 42 174 5 8 8 
136 42 174 5 8 8 
136 42 174 5 8 8 
136 42 174 5 8 8 
136 42 174 5 8 8 
136 42 174 5 8 8 
136 42 174 5 8 8 
136 42 174 5 8 8 
136 42 174 5 8 8 
136 42 174 5 8 8 
136 42 174 5 8 8 
136 42 174 5 8 8 
136 42 174 5 8 8 
136 42 174 5 8 8 
136 42 174 5 8 8 
136 42 174 5 8 144 8 
136 42 174 5 8 144 8 
136 42 174 5 8 8 
136 42 174 5 8 8 
136 42 174 5 254 8 36 255 8 
136 42 174 5 8 144 201 8 
136 42 174 5 8 8 
136 42 174 5 8 8 
136 42 174 5 8 144 8 
136 42 174 5 8 144 8 
136 42 174 5 8 8 
136 42 174 5 8 144 8 
136 42 174 5 8 144 8 
136 42 174 5 8 8 
136 42 174 5 8 8 
136 42 174 5 8 144 8 
136 42 174 5 8 8 
136 42 174 5 8 8 
136 42 174 5 8 144 8 
136 42 174 5 8 144 8 
136 42 174 5 8 165 8 
136 42 174 5 8 8 
136 42 174 5 8 8 
136 42 174 5 8 8 
136 145 42 174 5 254 152 8 36 255 153 8 
136 145 42 174 5 8 8 
136 42 174 5 8 8 
136 42 174 5 8 144 8 
136 42 174 5 8 144 201 8 
136 42 174 5 8 8 
136 42 174 5 8 144 8 
136 42 174 5 8 8 
136 42 174 5 8 144 8 
136 42 174 5 8 8 
136 42 174 5 8 8 
136 42 174 5 8 8 
136 42 174 5 8 8 
136 42 174 5 8 144 8 
136 42 174 5 8 8 
136 42 174 5 8 8 
136 42 174 5 8 144 8 
136 42 174 5 8 144 8 
136 42 174 5 8 36 584 8 
136 42 174 5 8 8 
136 42 174 5 8 144 8 
136 42 174 5 8 8 
136 42 174 5 8 144 8 
136 42 174 5 8 8 
136 42 174 5 8 8 
136 42 174 5 8 8 
136 42 174 5 8 8 
136 42 174 5 8 8 
136 42 174 5 8 8 
136 42 174 5 8 144 8 
136 42 174 5 8 8 
136 42 174 5 8 8 
136 42 174 5 8 8 
136 42 174 5 8 8 
136 42 174 5 8 8 
136 42 174 5 8 8 
136 42 174 5 8 8 
136 42 174 5 8 8 
136 42 174 5 8 8 
136 42 174 5 8 144 8 
136 42 174 5 8 165 8 
136 42 174 5 8 8 
136 42 174 5 8 144 8 
136 42 174 5 8 532 144 8 
136 42 174 5 8 8 
136 42 174 5 8 144 8 
136 42 174 5 8 8 
136 42 174 5 8 8 
136 42 174 5 8 144 8 
136 42 174 5 8 144 8 
136 42 174 5 8 144 8 
136 42 174 5 8 144 8 
136 42 174 5 8 144 8 
136 42 174 5 8 8 
136 42 174 5 137 101 8 8 
136 42 174 5 8 144 8 
136 42 174 5 8 8 
136 42 174 5 8 8 
136 42 174 5 8 8 
136 42 174 5 8 144 8 
136 42 174 5 8 36 144 8 
136 42 174 73 5 8 165 8 
136 42 174 73 5 8 36 584 8 
136 42 174 5 8 144 201 8 
136 42 174 5 8 144 8 
136 42 174 5 8 144 8 
136 42 174 5 8 8 
136 42 174 5 8 144 8 
136 42 174 5 8 144 201 8 
136 42 174 5 8 144 8 
136 42 174 5 8 8 
136 42 174 5 8 8 
136 42 174 5 8 144 8 
136 42 174 5 8 144 8 
136 42 174 5 8 144 8 
136 42 174 5 8 144 8 
136 42 174 5 8 144 8 
136 42 174 5 8 144 8 
136 42 174 5 6 8 61 8 
136 42 174 5 8 8 
136 42 174 5 8 8 
136 42 174 5 8 8 
136 42 174 5 380 8 8 
136 42 174 5 8 8 
1 136 2 42 174 5 8 8 
136 42 676 174 429 5 8 144 8 
136 42 174 5 8 8 
136 42 174 5 8 165 8 
136 42 174 5 8 8 
136 42 174 5 8 8 
136 42 174 5 8 144 8 
136 42 174 5 8 144 8 
136 42 174 5 8 144 8 
136 42 174 5 8 144 8 
136 42 174 5 8 8 
136 42 174 5 8 8 
136 42 174 5 8 8 
136 42 174 5 8 8 
136 42 174 5 8 8 
136 42 174 5 8 144 8 
136 42 174 5 8 144 8 
136 42 174 5 8 8 
136 42 174 5 8 8 
136 42 174 5 8 144 8 
136 42 174 5 8 8 
136 42 174 5 8 144 201 8 
136 42 174 5 8 8 
136 42 174 5 8 144 8 
136 42 174 5 8 36 165 8 
136 42 174 5 8 36 165 8 
136 42 174 5 8 144 201 8 
136 42 174 5 8 8 
136 42 174 5 8 8 
136 42 174 5 8 8 
136 42 174 5 8 8 
40 136 41 42 174 5 8 144 8 
136 42 174 5 8 144 8 
136 42 174 5 8 144 8 
136 42 174 5 8 8 
136 42 174 5 8 144 201 8 
136 42 174 5 8 8 
136 42 174 5 8 8 
136 42 174 5 8 144 8 
136 42 174 5 8 144 8 
136 42 174 5 8 8 
136 42 174 5 8 144 201 8 
136 42 174 5 8 8 
136 42 174 5 8 8 
136 42 174 5 8 144 8 
136 42 174 5 8 8 
136 42 174 5 8 8 
136 42 174 5 8 8 
136 42 174 5 8 8 
136 42 174 5 8 144 8 
136 42 174 5 8 144 8 
136 42 174 5 8 144 8 
136 42 174 5 8 8 
136 42 174 5 8 144 8 
136 42 174 5 8 144 201 8 
136 42 174 5 8 35 8 
136 42 174 5 8 144 8 
136 42 174 5 8 8 
136 42 174 5 8 8 
136 42 174 5 8 165 8 
136 42 174 5 8 8 
136 42 174 5 8 8 
136 42 174 5 8 8 
136 42 174 5 8 8 
136 42 174 5 8 8 
1 136 2 42 174 5 8 8 
136 42 174 5 8 8 
136 42 174 5 8 8 
136 42 174 5 8 8 
136 42 174 5 8 36 130 8 
136 42 174 5 8 144 8 
136 42 174 5 8 144 8 
136 42 174 5 8 8 
136 42 174 5 8 8 
136 42 174 5 8 8 
136 42 174 5 8 8 
136 42 174 5 8 8 
136 42 174 5 8 8 
136 42 174 5 8 8 
136 42 174 5 8 144 8 
136 42 174 5 8 144 8 
1 136 2 42 174 5 8 144 201 8 
136 42 174 5 8 8 
136 42 174 5 8 8 
136 42 174 5 8 144 201 8 
136 42 174 5 8 8 
136 42 174 5 8 8 
136 42 174 5 8 144 8 
136 42 174 5 8 8 
136 42 174 5 8 144 201 8 
136 42 174 5 8 8 
136 42 174 5 8 165 8 
136 42 174 5 8 144 8 
136 42 174 5 8 144 201 8 
136 42 174 5 8 144 8 
136 42 174 5 8 144 8 
136 42 174 5 8 8 
136 42 174 5 8 8 
136 42 174 5 8 165 8 
136 42 174 5 8 165 8 
136 42 174 5 8 8 
136 42 174 5 8 144 8 
136 42 174 5 8 8 
136 42 174 5 8 8 
136 42 174 5 8 8 
136 42 174 5 8 8 
136 42 174 5 8 8 
136 42 174 5 8 8 
136 42 174 5 8 8 
136 42 174 5 8 8 
136 42 174 5 8 8 
136 42 174 5 8 8 
136 42 174 5 8 8 
136 42 174 5 8 144 8 
136 42 174 5 8 36 144 8 
136 42 174 5 8 8 
136 42 174 5 8 8 
136 42 174 5 8 144 201 8 
136 42 174 5 8 144 8 
136 42 174 5 8 8 
136 42 174 5 8 144 8 
136 42 174 5 8 8 
136 42 174 5 8 8 
136 42 174 5 8 8 
136 42 174 5 8 144 8 
136 42 174 5 8 144 8 
136 42 174 5 8 36 144 8 
136 42 174 5 8 144 201 8 
136 42 174 5 8 8 
136 42 174 5 8 144 8 
136 42 174 5 8 8 
136 42 174 5 8 8 
136 42 174 5 8 8 
136 42 174 5 8 144 8 
136 42 174 5 8 8 
136 42 174 5 8 144 201 8 
136 42 174 5 8 144 201 8 
136 42 174 5 8 8 
136 42 174 5 8 8 
136 42 174 5 8 8 
136 42 174 5 8 8 
136 42 174 5 8 8 
136 42 174 5 8 8 
136 42 174 5 8 8 
136 42 174 5 8 8 
136 42 174 5 8 8 
136 42 174 5 8 8 
136 42 174 5 8 144 8 
136 42 174 5 8 8 
136 42 174 5 8 8 
136 42 174 5 8 8 
136 42 174 5 8 8 
136 42 174 5 8 144 201 8 
136 42 174 5 8 144 8 
136 42 174 5 8 8 
136 42 174 5 8 8 
136 42 174 5 8 8 
136 42 174 5 8 8 
136 42 174 5 8 8 
136 42 174 5 6 8 61 8 
136 42 174 5 8 8 
136 42 174 5 6 8 61 8 
136 42 174 5 8 8 
136 42 174 5 8 8 
136 42 174 5 8 8 
136 42 174 5 8 144 201 8 
136 42 174 5 6 8 61 8 
136 42 174 5 8 8 
136 42 174 5 8 8 
136 42 174 5 8 8 
136 42 174 5 8 8 
136 42 174 5 8 144 8 
136 42 174 5 8 165 8 
136 42 174 5 8 8 
136 42 174 5 8 8 
136 42 174 5 8 8 
136 42 174 5 8 144 8 
136 42 174 5 8 8 
136 42 174 5 8 8 
136 42 174 5 8 8 
136 42 174 5 8 8 
136 42 174 5 8 8 
136 42 174 5 8 8 
136 42 174 5 8 8 
136 42 174 5 8 8 
136 42 174 5 8 8 
136 42 174 5 8 8 
136 42 174 5 8 144 8 
136 42 174 5 8 144 8 
136 42 174 5 8 8 
136 42 174 5 8 8 
136 42 174 5 8 144 8 
136 42 174 5 8 144 8 
136 42 174 5 8 8 
136 42 174 5 8 144 8 
136 42 174 5 8 8 
136 42 174 5 8 8 
136 42 174 5 8 8 
136 42 174 5 8 8 
136 42 174 5 8 144 8 
136 42 174 5 8 8 
136 42 174 5 8 8 
136 42 174 5 8 8 
136 42 174 5 8 8 
136 42 174 5 8 8 
136 42 174 5 8 144 8 
136 42 174 5 8 8 
136 42 174 5 8 8 
136 42 174 5 8 8 
136 42 174 5 6 8 61 8 
136 42 174 5 8 165 8 
136 42 174 5 8 8 
136 42 174 5 8 8 
136 42 174 5 377 162 8 8 
136 42 174 5 8 8 
136 42 174 5 8 8 
136 42 174 5 8 8 
136 42 174 5 8 144 8 
136 42 174 5 8 8 
136 42 174 5 8 144 201 8 
136 42 174 5 8 36 144 8 
136 42 174 5 8 144 8 
136 42 174 5 8 144 8 
136 42 174 5 8 8 
136 42 174 5 8 144 8 
136 42 174 5 8 8 
136 42 174 5 8 144 8 
136 42 174 5 8 8 
136 42 174 5 8 8 
136 42 174 5 8 8 
136 42 174 5 8 8 
136 42 174 5 8 144 8 
136 42 174 5 8 8 
136 42 174 5 8 8 
136 42 174 5 8 8 
136 42 174 5 8 8 
136 42 174 5 8 144 8 
136 42 174 5 8 8 
136 42 174 5 8 8 
136 42 174 5 8 8 
136 145 42 174 5 8 144 8 
136 42 174 5 8 8 
136 42 174 5 8 144 8 
136 42 174 5 8 144 201 8 
136 42 174 5 8 8 
136 42 174 5 8 144 8 
136 42 174 5 8 144 8 
136 42 174 5 8 8 
136 42 174 5 8 8 
136 42 174 5 254 8 36 255 8 
136 42 174 5 254 8 36 255 8 
136 42 174 5 8 8 
136 42 174 5 8 8 
136 42 174 5 8 165 8 
136 42 174 5 8 8 
136 42 174 5 8 8 
136 42 174 5 8 144 8 
136 42 174 5 8 8 
136 42 174 5 8 8 
136 42 174 5 8 8 
136 42 174 5 8 144 8 
136 42 174 5 8 8 
136 42 174 5 8 8 
136 42 174 5 8 8 
136 42 174 5 8 532 144 8 
136 42 174 5 8 8 
136 42 174 5 8 8 
136 42 174 5 8 8 
136 42 174 5 8 8 
136 42 174 5 8 144 201 8 
136 42 174 5 8 144 8 
136 42 174 5 8 8 
136 42 174 5 8 144 201 8 
136 42 174 5 8 144 8 
136 42 174 5 8 8 
136 42 174 5 8 165 8 
136 42 174 5 8 165 8 
136 42 174 5 8 144 8 
136 42 174 5 8 8 
136 42 174 5 8 8 
136 42 174 5 8 165 8 
1 136 2 42 174 5 8 8 
136 42 174 5 8 8 
136 42 174 5 8 8 
136 42 174 5 8 144 8 
136 42 174 5 8 144 8 
136 42 174 5 8 8 
136 42 174 5 8 8 
136 42 174 5 8 165 8 
136 42 174 5 8 144 8 
136 42 174 5 8 144 8 
136 42 174 5 8 144 8 
136 42 174 5 8 165 8 
136 42 174 5 8 8 
136 42 174 5 8 144 8 
136 42 174 5 8 8 
136 42 174 5 8 165 8 
136 42 174 5 8 144 8 
136 42 174 5 8 8 
136 42 174 5 8 36 144 8 
136 42 174 5 8 8 
136 42 174 5 8 144 8 
136 42 174 5 8 8 
136 42 174 5 8 144 201 8 
136 42 174 5 231 8 8 
136 42 174 5 8 144 8 
136 42 174 5 8 8 
136 42 174 5 254 8 36 255 8 
136 42 174 5 8 144 8 
136 42 676 174 429 5 8 8 
136 42 174 5 8 144 8 
136 42 174 5 8 144 8 
136 42 174 5 8 8 
136 42 174 5 8 144 8 
136 42 174 5 8 8 
136 42 174 5 8 8 
136 42 174 5 8 144 8 
136 42 174 5 8 144 8 
136 42 174 5 8 144 201 8 
136 42 174 5 8 8 
136 42 174 5 8 144 8 
136 42 174 5 8 8 
136 42 174 5 8 8 
136 42 174 5 143 8 144 8 
136 42 174 5 8 144 8 
136 42 174 5 8 144 8 
136 42 174 5 8 8 
136 42 174 5 8 144 8 
178 136 42 174 5 6 8 61 8 
136 42 174 5 8 8 
136 55 42 56 57 174 5 8 144 8 
136 42 174 5 8 8 
136 42 174 5 8 144 8 
136 42 174 5 8 8 
136 42 174 5 8 144 8 
136 42 174 5 8 165 8 
136 42 174 5 8 144 8 
136 42 174 5 8 35 8 
136 42 174 5 8 8 
136 42 174 5 8 8 
136 42 174 5 254 8 36 255 8 
136 42 174 5 8 8 
136 42 174 5 8 8 
136 42 174 5 8 8 
136 42 174 5 8 8 
136 42 174 5 8 8 
136 42 174 5 8 8 
136 42 174 5 8 8 
136 42 174 5 8 165 8 
217 136 42 174 5 8 8 
136 42 174 5 8 144 201 8 
136 42 174 5 8 165 8 
136 42 174 5 8 144 8 
136 42 174 5 8 144 201 8 
136 42 174 5 8 144 201 8 
136 42 174 5 8 8 
136 42 174 5 8 144 8 
136 42 174 5 8 144 8 
136 42 174 5 8 8 
136 42 174 5 8 144 201 8 
136 42 174 5 8 144 8 
136 42 174 5 8 144 8 
136 42 174 5 8 144 201 8 
136 42 174 5 8 8 
136 42 174 5 8 144 8 
136 42 174 5 8 8 
136 42 174 5 8 8 
136 42 174 5 8 8 
136 42 174 5 8 8 
136 42 174 5 8 144 201 8 
136 42 174 5 8 8 
136 42 174 5 8 8 
136 42 174 5 8 8 
136 42 174 5 8 165 8 
136 42 174 5 8 8 
136 42 174 5 8 8 
136 42 174 5 8 144 8 
136 42 174 5 8 144 8 
136 42 174 5 8 8 
136 42 174 5 8 8 
136 42 174 5 8 8 
136 42 174 5 8 8 
136 42 174 5 8 8 
136 42 174 5 8 144 8 
136 42 174 5 8 8 
136 42 174 5 8 8 
136 42 174 5 8 144 8 
136 42 174 5 8 8 
136 42 174 5 8 165 8 
136 42 174 5 8 8 
136 42 174 5 8 8 
136 42 174 5 8 8 
136 42 174 5 8 165 8 
136 42 174 5 8 165 8 
136 42 174 5 8 165 8 
136 42 174 5 8 144 8 
136 42 174 5 8 165 8 
136 42 174 5 8 8 
136 42 174 5 8 165 8 
136 42 174 5 8 144 8 
136 42 174 5 8 144 8 
136 42 174 5 8 8 
136 42 174 5 8 144 8 
136 42 174 5 8 8 
136 42 174 5 8 8 
136 42 174 5 8 144 8 
136 42 174 5 8 144 8 
136 42 174 5 8 144 8 
136 42 174 5 8 165 8 
136 42 174 5 8 8 
136 42 174 5 8 144 8 
136 42 174 5 8 144 8 
136 42 174 5 8 144 8 
136 42 174 5 254 8 36 255 8 
40 136 41 42 174 5 8 8 
136 42 174 5 8 36 144 8 
136 42 174 5 8 144 201 8 
136 42 174 5 8 8 
136 42 174 5 8 8 
136 42 174 5 8 8 
136 42 174 5 8 144 8 
136 42 174 5 8 8 
136 42 174 5 8 8 
136 42 174 5 8 8 
136 42 174 5 8 8 
136 42 174 5 8 144 8 
136 42 174 5 8 144 8 
136 42 174 5 8 8 
136 42 174 5 8 8 
136 42 174 5 8 8 
136 42 174 5 8 144 8 
136 42 174 5 8 8 
136 42 174 5 8 144 8 
136 42 174 5 8 36 144 8 
136 42 174 5 8 8 
136 42 174 5 8 8 
136 42 174 5 8 8 
136 42 174 5 8 8 
136 42 174 5 8 144 8 
136 42 174 5 8 8 
136 42 174 5 8 36 144 8 
136 42 174 5 8 8 
136 42 174 5 8 8 
136 42 174 5 8 8 
136 42 174 5 8 8 
136 42 174 5 8 144 8 
136 42 174 5 8 144 8 
136 42 174 5 8 144 8 
136 42 174 5 8 8 
136 42 174 5 8 8 
179 136 42 56 57 174 180 181 5 254 8 36 255 8 
136 42 174 5 8 144 8 
136 42 174 5 8 8 
136 42 174 5 8 144 8 
136 42 174 5 8 8 
136 42 174 5 8 8 
136 42 174 5 8 144 8 
136 42 174 5 8 144 8 
136 42 174 5 8 165 8 
136 42 174 5 8 8 
136 42 174 5 8 219 220 8 
136 42 174 5 8 8 
136 42 174 5 8 144 8 
136 42 174 5 8 144 8 
136 42 174 5 8 8 
136 42 174 5 8 144 201 8 
136 42 174 5 8 8 
136 42 174 5 8 8 
136 42 174 5 8 144 8 
136 42 174 5 8 8 
136 42 174 5 8 8 
136 42 174 5 8 8 
136 42 174 5 8 8 
136 42 174 5 8 165 8 
136 42 174 5 8 144 8 
136 42 174 5 8 144 8 
136 42 174 5 8 8 
136 42 174 5 8 8 
136 42 174 5 8 144 8 
136 42 174 5 8 144 8 
136 42 174 5 8 165 8 
136 42 174 5 8 8 
136 42 174 5 8 8 
136 42 174 5 8 8 
136 42 174 5 8 8 
136 42 174 5 8 8 
136 42 174 5 8 8 
136 42 174 5 8 8 
136 42 174 5 8 144 8 
136 42 174 5 8 144 8 
136 42 174 5 8 144 8 
136 42 174 108 5 8 165 8 
136 42 174 5 8 8 
136 42 174 5 8 8 
136 42 174 5 8 8 
136 42 174 5 8 8 
136 42 174 5 8 8 
136 42 174 5 8 144 8 
136 42 174 5 8 144 8 
136 42 174 5 8 144 8 
136 42 174 5 8 144 8 
40 136 147 42 174 5 8 8 
136 42 174 5 8 144 8 
136 42 174 5 8 165 8 
136 42 174 5 8 8 
136 42 174 5 8 36 144 8 
136 42 174 5 8 36 144 8 
136 42 174 5 8 8 
136 42 174 5 8 8 
67 136 42 174 5 8 8 
136 42 174 5 6 8 8 
136 42 174 5 8 8 
136 42 174 5 21 8 8 
136 42 174 5 7 8 11 10 8 
136 42 174 5 6 8 61 8 
136 42 174 5 6 31 8 8 
136 42 174 5 8 144 8 
136 42 174 5 8 36 144 8 
136 42 174 5 8 8 
136 42 174 5 8 8 
136 42 174 5 8 8 
136 42 174 5 8 165 8 
136 42 174 5 8 8 
136 42 174 5 8 8 
136 42 174 5 8 8 
136 42 174 5 8 8 
136 42 174 5 8 8 
136 42 174 5 8 8 
136 42 174 5 8 8 
136 42 174 5 8 8 
136 42 174 5 8 165 8 
136 42 174 5 8 8 
136 42 174 5 8 8 
136 42 174 5 8 8 
136 42 174 5 8 8 
136 42 174 5 8 8 
136 42 174 5 8 165 8 
136 42 174 5 8 8 
136 42 174 5 8 144 8 
136 42 174 5 8 8 
136 42 174 5 8 144 8 
136 42 174 5 8 8 
136 42 174 5 8 165 8 
136 42 174 5 8 8 
136 42 174 5 8 144 8 
136 42 174 5 8 8 
136 42 174 5 8 8 
136 42 174 5 8 144 8 
136 42 174 5 8 144 8 
136 42 174 5 8 8 
136 42 174 5 8 144 8 
136 42 174 5 8 8 
136 42 174 5 8 8 
136 42 174 5 8 8 
136 42 174 5 8 8 
136 42 174 5 8 8 
136 42 174 5 8 144 201 8 
136 42 174 5 8 8 
136 42 174 5 8 8 
136 42 174 5 8 8 
40 136 147 42 174 5 8 165 8 
136 42 174 5 8 8 
136 42 174 5 8 144 201 8 
136 42 174 5 8 8 
136 42 174 5 8 165 8 
136 42 174 5 8 144 8 
136 42 174 5 8 8 
136 42 174 5 8 8 
136 42 174 5 8 8 
136 42 174 5 8 144 8 
136 42 174 5 8 8 
136 42 174 5 8 8 
136 42 174 5 8 144 8 
136 42 174 5 8 8 
136 42 174 5 8 8 
136 42 174 5 8 8 
136 42 174 5 8 8 
136 42 174 5 8 165 8 
136 42 174 5 8 8 
136 42 174 5 8 144 201 8 
136 42 174 5 8 8 
136 42 174 5 8 8 
136 42 174 5 8 8 
136 42 174 5 8 8 
136 42 174 5 8 8 
136 42 174 5 8 8 
136 42 174 5 8 144 201 8 
136 42 174 5 8 165 8 
136 42 174 5 8 8 
136 42 174 5 8 8 
136 42 174 5 8 8 
136 42 174 5 8 8 
136 42 174 5 8 8 
136 42 174 5 8 8 
136 42 174 5 8 144 8 
136 42 174 5 8 8 
136 42 174 5 8 8 
136 42 174 5 8 144 201 8 
136 42 174 5 8 144 8 
136 42 174 5 8 8 
136 42 174 5 8 144 8 
136 42 174 5 8 144 8 
136 42 174 5 8 8 
136 42 174 5 8 144 201 8 
178 136 42 174 5 8 8 
136 42 174 5 8 144 8 
136 42 174 5 8 144 8 
136 42 174 5 383 384 254 8 36 144 8 
136 42 174 5 8 144 8 
136 42 174 5 8 144 8 
136 42 174 5 8 8 
136 42 174 5 8 144 8 
136 42 174 5 8 144 8 
136 42 174 5 8 144 8 
136 42 174 5 8 144 8 
136 42 174 5 8 144 8 
136 42 174 5 8 8 
136 42 174 5 8 8 
136 42 174 5 8 36 144 8 
136 42 174 5 8 8 
136 42 174 5 8 165 8 
136 42 174 5 8 165 8 
136 42 174 5 8 8 
136 42 174 5 8 8 
136 42 174 5 8 144 8 
136 42 174 5 8 8 
136 42 174 5 8 144 201 8 
136 42 174 5 8 144 8 
136 42 174 5 8 8 
136 42 174 5 8 165 8 
136 42 174 5 8 8 
136 42 174 5 8 8 
136 42 174 5 8 8 
136 42 174 5 8 8 
136 42 174 5 8 144 8 
136 42 174 5 8 144 8 
136 42 174 5 8 165 8 
136 42 174 5 8 165 8 
136 42 174 5 176 162 8 8 
136 42 174 5 8 144 201 8 
136 42 174 5 8 144 8 
136 42 174 5 8 144 8 
136 42 174 5 8 8 
136 42 174 5 8 8 
136 42 174 5 8 8 
136 42 174 5 8 144 201 8 
136 42 174 5 8 8 
136 42 174 5 8 8 
136 42 174 5 8 8 
136 42 174 5 8 165 8 
136 42 174 5 8 165 8 
136 42 174 5 8 8 
136 42 174 5 8 144 8 
136 42 174 5 8 144 8 
136 42 174 5 8 144 8 
136 42 174 5 8 8 
136 42 174 5 8 8 
40 136 41 42 174 5 8 144 8 
136 42 174 5 8 8 
136 42 174 5 8 144 8 
136 42 174 5 8 144 8 
136 42 174 5 8 8 
136 42 174 5 8 8 
136 42 174 5 8 8 
136 42 174 5 8 144 8 
40 136 41 42 174 5 8 36 144 8 
136 42 174 5 8 144 8 
136 42 174 5 8 144 8 
136 42 174 5 8 8 
136 42 174 5 8 144 8 
136 42 174 5 8 144 8 
136 42 174 5 8 144 8 
136 42 174 5 8 144 8 
136 42 174 5 8 144 8 
136 42 174 5 8 8 
136 42 174 5 8 144 8 
136 42 174 5 8 144 8 
136 42 174 5 8 8 
136 42 174 5 8 144 8 
136 42 174 5 8 8 
136 42 174 5 8 8 
136 42 174 5 8 144 8 
136 42 174 5 8 144 8 
136 42 174 5 8 8 
136 42 174 5 8 144 8 
136 42 174 5 8 165 8 
136 42 174 5 8 144 8 
136 42 174 5 8 165 8 
136 42 174 5 8 165 8 
136 42 174 5 8 8 
136 145 42 174 5 8 8 
136 42 174 5 8 144 8 
136 42 174 5 8 8 
136 42 174 5 8 8 
136 42 174 5 8 8 
136 42 174 5 8 8 
136 42 174 5 8 8 
136 42 174 5 8 144 8 
40 136 41 42 174 5 8 144 8 
136 42 174 5 8 144 8 
136 42 174 5 8 144 8 
136 42 174 5 8 8 
136 42 174 5 8 144 8 
136 42 174 5 8 8 
136 42 174 5 8 144 201 8 
136 42 174 5 8 144 8 
136 42 174 5 8 144 8 
136 42 174 5 8 8 
136 42 174 5 8 144 8 
136 42 174 5 8 8 
136 42 174 5 8 144 201 8 
136 42 174 5 8 156 144 8 
136 42 174 5 8 8 
136 42 174 5 8 8 
136 42 174 5 8 144 8 
136 42 174 5 8 144 8 
136 42 174 5 8 144 8 
136 42 174 5 8 144 8 
136 42 174 5 8 165 8 
136 42 174 5 8 8 
136 42 174 5 8 8 
136 42 174 5 8 8 
136 42 174 5 8 8 
136 42 174 5 8 144 8 
136 42 174 5 8 165 8 
136 42 174 5 8 165 8 
136 42 174 5 8 8 
136 42 174 5 8 144 201 8 
136 42 174 5 8 8 
136 42 174 5 8 144 201 8 
136 42 174 5 8 8 
136 42 174 5 8 8 
136 42 174 5 8 8 
136 42 174 5 8 8 
136 42 174 5 8 8 
136 42 174 5 8 8 
136 42 174 5 8 8 
136 42 174 5 8 8 
136 42 174 5 8 144 8 
136 42 174 5 8 144 8 
136 42 174 5 8 8 
136 42 174 5 8 144 8 
136 42 174 5 8 8 
136 42 174 5 8 532 144 8 
136 42 174 5 8 144 8 
136 42 174 5 8 144 8 
136 42 174 5 8 8 
136 42 174 5 8 8 
136 42 174 5 8 8 
136 42 174 5 8 8 
136 42 174 5 8 144 8 
136 42 174 5 8 36 144 8 
136 42 174 5 8 8 
136 42 174 5 8 8 
136 42 174 5 8 8 
136 42 174 5 8 8 
136 145 42 174 5 8 8 
136 145 42 174 5 8 8 
136 42 174 5 8 144 8 
136 42 174 5 8 144 201 8 
136 42 174 5 254 8 36 255 8 
217 136 42 174 5 8 144 8 
136 42 174 5 8 165 8 
136 42 174 5 8 8 
136 42 174 5 8 8 
136 42 174 5 8 144 201 8 
136 42 174 5 8 8 
136 42 174 5 8 144 8 
136 42 174 5 8 144 8 
136 42 174 5 8 144 8 
136 42 174 5 8 144 8 
136 42 174 5 8 144 8 
136 42 174 5 8 8 
136 42 174 5 8 8 
136 42 174 5 8 8 
136 42 174 5 8 144 201 8 
136 42 174 5 8 8 
136 42 174 5 8 144 8 
136 42 174 5 8 144 8 
136 42 174 5 8 8 
136 42 174 5 8 144 8 
136 42 174 5 8 36 144 8 
136 42 174 5 8 144 8 
136 42 174 5 8 36 144 8 
136 42 174 5 8 8 
136 42 174 5 8 8 
136 42 174 5 8 8 
136 42 174 5 8 165 8 
136 42 174 5 8 144 8 
136 42 174 5 8 8 
136 42 174 5 8 8 
136 42 174 5 8 144 201 8 
136 42 560 174 5 8 8 
136 42 174 5 8 36 144 8 
136 42 174 5 8 144 201 8 
136 42 174 5 8 8 
136 42 174 5 8 144 201 8 
136 42 174 5 8 8 
136 42 174 5 8 8 
136 42 174 5 8 8 
136 42 174 5 8 8 
136 42 174 5 8 144 8 
136 42 174 5 8 144 8 
136 42 174 5 8 144 8 
136 42 174 5 8 8 
136 42 174 5 8 144 8 
136 42 174 5 8 144 8 
136 42 174 5 8 8 
136 42 174 5 8 8 
136 42 174 5 8 8 
136 42 174 5 8 8 
136 42 174 5 8 165 8 
136 42 174 5 8 8 
136 42 174 5 8 8 
136 42 174 5 8 8 
1 136 2 42 174 5 8 8 
136 42 174 5 8 144 8 
136 42 174 5 8 8 
136 42 174 5 8 8 
136 42 174 5 8 8 
136 42 174 5 143 8 144 8 
136 42 174 5 8 8 
136 42 174 5 8 8 
136 42 174 5 8 8 
136 42 174 5 8 8 
136 42 174 5 8 165 8 
136 42 174 5 8 8 
136 42 174 5 8 144 8 
136 42 174 5 8 8 
136 42 174 5 8 165 8 
136 42 174 5 8 144 8 
136 42 174 5 8 8 
136 42 174 5 8 36 144 8 
136 42 174 5 8 8 
136 42 174 5 8 8 
136 42 174 5 8 144 8 
136 42 174 5 8 8 
136 42 174 5 6 8 61 8 
136 42 174 5 8 8 
136 42 174 5 8 8 
136 42 174 5 8 8 
136 42 174 5 8 144 201 8 
136 42 174 5 8 144 201 8 
136 42 174 5 101 8 8 
136 42 174 5 8 144 8 
136 42 174 5 8 144 201 8 
136 42 174 5 8 8 
136 42 174 5 8 8 
136 42 174 5 8 144 8 
136 42 174 5 8 8 
136 42 174 5 8 144 201 8 
136 42 174 5 8 165 8 
136 42 174 5 8 144 8 
136 42 174 5 8 144 201 8 
136 42 174 5 8 8 
136 42 174 5 8 144 201 8 
136 42 174 5 8 8 
136 42 174 5 8 8 
136 42 174 5 8 8 
136 42 174 5 8 8 
136 42 174 5 8 144 201 8 
136 42 174 5 8 8 
136 42 174 5 8 8 
136 42 174 5 8 8 
136 42 174 5 8 8 
136 42 174 5 8 8 
136 42 174 5 8 8 
136 42 174 5 8 8 
136 42 174 5 8 8 
136 42 174 5 8 8 
136 42 174 5 6 8 61 8 
136 42 174 5 6 8 61 8 
136 42 174 5 6 8 61 8 
136 42 174 5 8 144 8 
136 42 174 5 8 8 
136 42 174 5 6 8 61 8 
136 42 174 5 8 144 8 
136 42 174 5 8 144 8 
136 42 174 5 6 8 61 8 
136 42 174 5 8 144 8 
136 42 174 5 8 144 492 8 
136 42 174 5 8 8 
136 42 174 5 8 8 
136 42 174 5 8 8 
136 42 174 5 6 8 61 8 
136 42 174 5 8 532 144 8 
136 42 174 5 8 8 
136 42 174 5 8 8 
136 42 174 5 8 8 
136 42 174 5 8 8 
136 42 174 5 8 144 201 8 
136 42 174 5 8 144 8 
136 42 174 5 8 144 8 
136 42 174 5 8 144 8 
136 42 174 5 8 144 8 
136 42 174 5 8 165 8 
136 42 174 5 8 165 8 
136 42 174 5 8 8 
136 42 174 5 8 144 201 8 
136 42 174 5 8 8 
136 42 174 5 8 8 
136 42 174 5 8 144 201 8 
136 42 174 5 8 8 
136 145 42 174 5 8 144 8 
136 145 42 174 5 8 144 201 8 
136 145 42 174 5 8 8 
136 42 174 5 8 165 8 
136 42 174 5 8 8 
136 42 174 5 8 8 
136 42 174 5 8 144 201 8 
136 42 174 5 8 8 
50 51 136 42 52 174 5 8 8 
136 42 174 5 8 144 201 8 
136 42 174 5 8 144 201 8 
136 42 174 5 8 144 201 8 
136 42 174 5 8 144 201 8 
136 42 174 5 8 8 
136 42 174 5 8 144 201 8 
136 42 174 5 8 8 
136 42 174 5 8 165 8 
136 42 174 5 8 144 201 8 
136 42 174 5 8 8 
136 42 174 5 8 144 201 8 
136 42 174 5 8 8 
136 42 174 5 8 8 
136 42 174 5 8 8 
136 42 174 5 8 8 
136 42 174 5 8 144 201 8 
136 42 174 5 8 144 201 8 
136 42 174 5 8 36 144 8 
136 42 174 5 8 144 201 8 
136 42 174 5 8 8 
136 42 174 5 8 8 
136 42 174 5 8 144 201 8 
136 42 174 5 8 144 8 
136 145 42 174 5 8 8 
136 42 174 5 8 144 8 
136 42 174 5 8 144 8 
182 136 42 174 5 8 144 8 
136 42 174 5 8 8 
136 42 174 5 8 8 
136 42 174 5 8 8 
136 42 174 5 143 8 144 8 
136 42 174 5 8 8 
136 42 174 5 8 144 8 
136 42 174 5 8 8 
136 42 174 5 8 8 
136 42 174 5 8 144 8 
136 42 174 5 8 144 8 
136 42 174 5 8 8 
136 42 174 5 8 144 8 
136 42 174 5 8 8 
136 42 174 5 8 8 
136 42 174 5 8 144 8 
136 42 174 5 8 8 
136 42 174 5 8 144 8 
136 42 174 5 8 165 8 
136 42 174 5 8 144 8 
136 42 174 5 8 144 201 8 
136 42 174 5 8 8 
136 42 174 5 8 144 8 
136 42 174 5 8 144 8 
179 136 42 56 57 174 180 181 5 8 165 8 
136 42 174 5 8 8 
136 42 174 5 8 8 
136 42 174 5 8 8 
136 42 174 5 8 144 8 
136 42 174 5 8 8 
136 42 174 5 8 8 
136 42 174 5 8 144 8 
136 42 174 5 8 144 8 
136 42 174 5 8 165 8 
136 42 174 5 8 8 
136 42 174 5 8 8 
136 42 174 5 8 144 8 
136 42 174 5 8 8 
136 42 174 5 8 144 8 
136 42 174 5 8 165 8 
136 42 174 5 8 8 
136 42 174 5 8 144 8 
136 42 174 5 8 144 8 
136 42 174 5 8 144 8 
136 42 174 5 8 144 8 
136 42 174 5 8 8 
136 42 174 5 8 8 
136 145 42 174 5 8 144 8 
136 42 174 5 8 165 8 
136 42 174 5 8 532 144 8 
136 42 174 5 8 8 
136 42 174 5 8 8 
136 42 174 5 91 6 92 8 8 
136 42 174 5 8 144 8 
136 42 174 5 8 144 8 
136 42 174 5 8 8 
136 42 174 5 8 36 144 8 
67 136 42 174 5 8 8 
136 42 174 5 8 144 8 
136 42 174 5 8 144 8 
136 42 174 5 8 144 201 8 
136 42 174 5 6 8 8 
136 42 174 5 8 144 8 
136 42 174 5 8 8 
136 42 174 5 8 8 
136 42 174 5 8 8 
136 42 174 5 8 144 8 
136 42 174 5 8 8 
136 42 174 5 8 144 8 
136 42 174 5 8 8 
136 42 174 5 8 8 
136 42 174 5 8 144 8 
136 42 174 5 8 144 8 
136 42 174 5 8 144 8 
136 42 174 5 8 165 8 
136 42 174 5 8 8 
136 42 174 5 8 8 
136 42 174 5 8 8 
136 42 174 5 8 532 144 8 
136 42 174 5 8 144 8 
136 42 174 5 8 144 8 
136 42 174 5 8 8 
136 42 174 5 8 532 144 8 
136 42 174 5 8 165 8 
136 42 174 5 8 532 144 8 
136 42 174 5 8 8 
136 42 174 5 8 8 
136 42 174 5 8 8 
136 42 174 5 8 8 
136 42 174 5 8 144 8 
136 42 174 5 8 144 8 
136 42 174 5 254 8 36 255 8 
136 42 174 5 8 144 8 
136 42 174 5 8 144 8 
136 42 174 5 8 144 201 8 
136 42 174 5 8 8 
136 42 174 5 8 8 
136 42 174 5 8 144 8 
136 42 174 5 8 144 8 
136 42 174 5 8 8 
136 42 174 5 8 144 8 
136 42 174 5 8 8 
136 42 174 5 8 144 8 
179 136 42 56 57 174 180 181 5 6 8 61 8 
1 136 2 42 174 5 8 144 8 
136 42 174 5 8 8 
136 42 174 5 8 8 
136 42 174 5 8 8 
136 42 174 5 8 8 
136 42 174 5 8 144 8 
136 42 174 5 8 8 
136 42 174 5 8 144 8 
136 42 174 5 8 165 8 
136 42 174 5 8 144 8 
136 42 174 5 8 144 8 
136 42 174 5 8 165 8 
136 42 174 5 8 144 201 8 
136 42 174 5 8 144 8 
136 42 174 5 8 8 
136 42 174 5 8 144 201 8 
136 42 174 5 8 144 8 
136 42 174 5 8 8 
136 42 174 5 8 144 8 
136 42 174 5 8 8 
136 42 174 5 8 8 
136 42 174 5 8 8 
136 42 174 5 8 8 
136 42 174 5 8 144 8 
136 42 174 5 8 8 
136 42 174 5 8 8 
136 42 174 5 8 144 8 
136 42 174 5 8 144 8 
136 42 174 5 8 8 
1 136 2 42 174 5 8 144 8 
136 42 174 5 8 8 
136 42 174 5 8 144 8 
136 42 174 5 8 144 8 
136 42 174 5 8 8 
136 42 174 5 8 144 8 
136 42 174 5 8 8 
136 42 174 5 8 8 
136 145 42 174 5 8 144 8 
136 42 174 5 8 144 8 
136 42 174 5 8 144 201 8 
136 42 174 5 8 8 
136 42 174 5 8 144 8 
136 42 174 5 8 8 
136 42 174 5 8 144 8 
136 42 174 5 8 8 
136 42 174 5 8 8 
136 42 174 5 8 144 8 
136 42 174 5 8 8 
136 42 174 5 8 8 
136 42 174 5 8 165 8 
136 42 174 5 8 144 8 
136 42 174 5 8 8 
136 42 174 5 8 8 
136 42 174 5 8 144 8 
136 42 174 5 8 144 8 
136 42 174 5 8 8 
136 42 174 5 8 8 
136 42 174 5 8 165 8 
136 42 174 5 8 144 8 
136 42 174 5 8 8 
136 42 174 5 8 144 8 
136 42 174 5 8 8 
136 42 174 5 8 144 8 
136 42 174 5 8 8 
136 42 174 5 8 8 
136 42 174 5 8 165 8 
136 42 174 5 8 8 
1 136 2 42 174 5 8 8 
136 42 174 5 8 165 8 
136 42 174 5 8 8 
136 42 174 5 8 144 8 
136 42 174 5 8 8 
136 42 174 5 254 8 36 255 8 
136 42 174 5 8 165 8 
1 136 2 42 174 5 8 144 8 
136 42 174 5 8 8 
136 42 174 5 8 144 8 
136 42 174 5 8 144 8 
136 42 174 5 8 144 8 
136 42 174 5 8 8 
136 42 174 5 8 8 
136 42 174 5 8 8 
136 42 174 5 8 165 8 
136 42 174 5 8 144 8 
136 42 174 5 8 8 
136 42 174 5 8 8 
136 42 174 5 8 144 8 
136 42 174 5 8 8 
136 42 174 5 8 8 
136 42 174 5 8 144 201 8 
136 42 174 5 8 144 201 8 
136 145 42 174 5 8 8 
136 42 174 5 8 144 8 
136 42 174 5 8 144 201 8 
136 42 174 5 8 165 8 
136 42 174 5 8 8 
136 42 174 5 8 8 
136 42 174 5 8 8 
136 42 174 5 8 8 
136 42 174 5 8 8 
136 42 174 5 8 144 8 
136 42 174 5 8 144 8 
136 42 174 5 8 8 
136 42 174 5 8 144 8 
136 42 174 5 8 144 8 
136 42 174 5 8 8 
136 42 174 5 8 8 
136 42 174 5 8 144 8 
136 42 174 5 8 8 
136 42 174 5 8 144 8 
136 42 174 5 8 8 
136 42 174 5 8 144 201 8 
136 42 174 5 8 8 
136 42 174 5 8 8 
136 42 174 5 8 8 
136 42 174 5 8 144 8 
136 42 174 5 8 8 
136 42 174 5 8 144 8 
136 42 174 5 8 8 
136 42 174 5 8 144 8 
136 42 174 5 8 8 
136 42 174 5 8 144 8 
136 42 174 5 8 144 201 8 
136 42 174 5 8 8 
136 42 174 5 8 8 
136 42 174 5 8 8 
136 42 174 5 8 165 8 
136 42 174 5 8 532 144 8 
136 42 174 5 8 532 144 8 
136 42 174 5 8 8 
136 42 174 5 8 165 8 
136 42 174 5 8 144 201 8 
40 136 41 42 174 5 8 144 8 
136 42 174 5 8 532 144 8 
136 42 174 5 8 8 
136 42 174 5 8 8 
136 42 174 5 8 8 
136 42 174 5 8 8 
136 42 174 5 8 532 144 8 
136 42 174 5 8 532 144 8 
136 42 174 5 8 532 144 8 
136 42 174 5 8 532 144 8 
136 42 174 5 8 144 8 
136 42 174 5 8 8 
136 42 174 5 8 8 
1 136 2 42 174 5 8 8 
136 42 174 5 8 144 8 
136 42 174 5 8 144 8 
136 42 174 5 8 8 
136 42 174 5 8 8 
136 42 174 5 8 144 8 
136 42 174 5 8 8 
136 42 174 5 8 8 
136 42 174 5 8 144 201 8 
136 42 174 5 8 144 8 
136 42 174 5 8 144 201 8 
136 42 174 5 8 8 
136 42 174 5 8 144 8 
136 42 174 5 8 144 8 
136 42 174 5 8 144 8 
136 42 174 5 8 8 
136 42 174 5 8 144 8 
136 42 174 5 8 144 201 8 
136 42 174 5 8 8 
136 42 174 5 8 144 201 8 
136 42 174 5 8 144 8 
136 42 174 5 8 144 201 8 
136 42 174 5 8 36 144 8 
136 42 174 5 8 144 8 
136 42 174 5 8 144 8 
136 42 174 5 8 8 
136 42 174 5 8 144 8 
136 42 174 5 8 8 
136 42 174 5 8 144 8 
136 42 174 5 8 144 8 
136 42 174 5 8 144 8 
136 42 174 5 8 8 
136 42 174 5 8 8 
136 42 174 5 8 144 8 
136 42 174 5 8 8 
136 42 174 5 8 144 8 
136 42 174 5 8 144 8 
136 42 174 5 8 144 8 
136 42 174 5 8 8 
136 42 174 5 8 8 
136 42 174 5 8 8 
136 42 174 5 8 165 8 
136 42 174 5 8 8 
136 95 42 174 96 5 8 144 8 
136 42 174 5 8 8 
136 42 174 5 8 8 
136 42 174 5 8 165 8 
136 42 174 5 8 8 
136 42 174 5 8 8 
136 42 174 5 8 8 
136 42 174 5 8 36 144 8 
136 42 174 5 8 165 8 
136 42 174 5 8 8 
136 42 174 5 8 8 
136 42 174 5 8 8 
136 42 174 5 8 8 
136 42 174 5 8 8 
136 42 174 5 8 8 
136 42 174 5 8 165 8 
136 42 174 5 8 165 8 
136 42 174 5 8 165 8 
136 42 174 5 8 144 8 
136 42 174 5 8 8 
136 42 174 5 8 165 8 
136 42 174 5 8 8 
136 42 174 5 8 8 
136 42 174 5 8 144 8 
136 42 174 5 8 8 
136 42 174 5 8 144 8 
136 42 174 5 8 8 
136 42 174 5 8 8 
136 42 174 5 8 8 
136 42 174 5 8 8 
136 42 174 5 8 8 
136 42 174 5 6 8 8 
136 42 174 5 8 8 
136 42 174 5 8 144 8 
136 42 174 5 8 144 8 
136 42 174 5 8 165 8 
136 42 174 5 8 8 
136 42 174 5 8 8 
1 136 2 42 174 5 8 8 
136 42 174 5 8 144 8 
136 42 174 5 8 144 8 
136 42 174 5 8 144 8 
136 42 174 5 8 144 8 
136 42 174 5 8 144 8 
136 42 174 5 8 8 
136 42 174 5 8 8 
1 136 2 42 174 5 8 165 8 
136 42 174 5 8 8 
136 42 174 5 21 22 8 24 8 
136 42 174 5 8 165 8 
136 42 174 5 8 8 
136 42 174 5 8 144 8 
136 42 174 5 8 8 
136 42 174 5 8 8 
136 42 174 5 8 144 201 8 
136 42 174 5 8 144 8 
136 42 174 5 8 8 
136 42 174 5 143 8 144 8 
136 42 174 5 8 8 
136 42 174 5 8 8 
136 42 174 5 8 144 8 
136 42 174 5 8 144 201 8 
136 42 174 5 8 144 201 8 
136 42 174 5 8 144 8 
136 42 174 5 8 8 
136 42 174 5 8 144 201 8 
136 42 174 5 8 144 201 8 
136 42 174 5 8 8 
136 42 174 5 8 8 
136 42 174 5 8 165 8 
136 42 174 5 8 8 
136 42 174 5 8 8 
136 42 174 5 8 8 
136 42 174 5 8 165 8 
136 42 174 5 8 144 8 
136 42 174 5 8 144 8 
136 42 174 5 8 144 8 
136 42 174 5 6 8 61 8 
136 42 174 5 8 8 
136 42 174 5 378 232 8 8 
136 42 174 5 8 8 
136 42 174 5 8 8 
136 42 174 5 8 8 
136 42 174 5 8 144 201 8 
136 42 174 5 8 144 8 
136 42 174 5 8 8 
136 42 174 5 8 144 8 
136 42 174 5 8 144 8 
136 42 174 5 8 8 
136 42 174 5 8 144 8 
136 42 174 5 8 8 
136 42 174 5 8 144 8 
136 42 174 5 8 8 
136 42 174 5 8 8 
136 42 174 5 8 8 
136 334 42 174 5 8 8 
136 42 174 5 8 8 
136 42 174 5 8 8 
136 42 174 5 8 165 8 
136 42 174 5 8 144 8 
136 42 174 5 8 144 8 
136 42 174 5 8 8 
136 42 174 5 8 144 8 
1 136 2 42 174 5 8 36 144 8 
136 145 42 174 5 8 8 
136 42 174 5 8 144 8 
136 42 174 5 8 8 
136 42 174 5 8 165 8 
136 42 174 5 8 8 
136 42 174 5 8 8 
136 42 174 5 8 8 
136 42 174 5 6 8 374 61 8 
136 42 174 5 8 8 
136 42 174 5 8 144 201 8 
136 42 174 5 254 8 36 255 8 
136 42 174 5 8 8 
136 42 174 5 8 165 8 
136 42 174 5 8 165 8 
136 42 174 5 8 8 
136 42 174 5 8 165 8 
136 42 174 5 8 8 
136 42 174 5 8 8 
136 42 174 5 8 8 
136 42 174 5 8 8 
136 42 174 5 8 8 
136 42 174 5 8 8 
136 42 174 5 27 28 6 21 8 374 61 8 
136 42 174 5 8 8 
136 42 174 5 8 8 
136 42 174 5 8 8 
136 42 174 5 8 144 8 
136 42 174 5 8 8 
136 42 174 5 8 36 144 8 
136 42 174 5 8 8 
136 42 174 5 8 36 144 8 
136 42 174 5 8 8 
136 42 174 5 8 144 8 
136 42 174 5 8 8 
136 42 174 5 8 8 
136 42 174 5 8 8 
136 42 174 5 8 8 
136 42 174 5 8 144 8 
136 42 174 5 8 8 
136 42 174 5 8 144 8 
136 42 174 5 8 165 8 
136 42 174 5 8 165 8 
136 42 174 5 8 144 8 
136 42 174 5 8 8 
136 42 5 8 8 
136 42 174 5 8 8 
136 42 174 5 8 8 
136 42 174 5 8 8 
136 42 174 5 8 8 
136 42 174 5 8 144 201 8 
136 42 174 5 8 144 8 
136 42 174 5 8 144 201 8 
136 42 174 5 8 144 201 8 
136 42 174 5 8 8 
136 42 174 5 8 144 8 
136 42 174 5 8 8 
136 42 174 5 8 8 
136 42 174 5 8 144 8 
136 42 174 5 81 21 8 36 82 24 584 8 
136 42 174 5 8 8 
136 42 174 5 8 8 
136 42 174 5 8 8 
136 42 174 5 8 8 
136 42 174 5 8 8 
136 42 174 5 8 144 8 
136 42 174 5 8 8 
136 42 174 5 8 8 
136 42 174 5 8 144 8 
136 42 174 5 8 8 
136 42 174 5 8 8 
136 42 174 5 8 8 
136 42 174 5 8 8 
136 42 174 5 8 8 
136 42 174 5 8 8 
136 42 174 5 8 8 
136 42 174 5 8 8 
136 42 174 5 8 144 8 
136 42 174 5 8 8 
136 42 174 5 8 8 
136 42 174 5 8 8 
136 42 174 5 8 8 
136 42 174 5 8 8 
136 42 174 5 8 8 
136 42 174 5 8 8 
136 42 174 5 169 162 170 8 8 
136 42 174 5 8 36 144 8 
136 42 174 5 8 8 
136 42 174 5 8 8 
136 42 174 5 8 532 144 8 
136 145 42 174 5 8 8 
136 145 42 174 5 8 144 8 
136 145 42 174 5 8 144 8 
136 42 174 5 254 8 36 255 8 
136 42 174 5 8 8 
136 42 174 5 8 8 
136 42 174 5 8 144 201 8 
136 42 174 5 8 144 8 
136 42 174 5 8 8 
136 42 174 5 8 8 
136 42 174 5 8 8 
136 42 174 5 8 8 
136 42 174 5 8 8 
136 42 174 5 8 8 
136 42 174 5 8 144 8 
136 42 174 5 8 532 144 8 
67 136 42 174 5 8 8 
67 136 42 174 5 8 8 
136 42 174 5 8 144 8 
136 42 174 5 8 8 
136 42 174 5 8 8 
136 42 174 5 8 144 8 
136 42 174 5 8 8 
136 42 174 5 8 144 8 
136 42 174 5 8 8 
136 42 174 5 6 8 61 8 
136 42 174 5 8 8 
136 42 174 5 8 8 
136 42 174 5 8 8 
136 42 174 5 8 144 8 
136 42 174 5 8 144 8 
136 42 174 5 8 8 
136 42 174 5 8 8 
136 42 174 5 8 8 
136 42 174 5 8 8 
136 42 174 5 8 8 
136 42 174 5 8 8 
136 42 174 5 8 8 
136 42 174 5 8 8 
136 42 174 5 8 144 8 
136 42 174 5 8 144 8 
136 42 174 5 8 8 
136 42 174 5 8 144 8 
136 42 174 5 8 36 584 8 
136 42 174 5 8 8 
136 42 174 5 8 8 
136 42 174 5 8 8 
136 42 174 5 8 165 8 
136 42 174 5 8 165 8 
136 42 174 5 8 144 8 
136 42 174 5 8 144 8 
136 42 174 5 8 144 8 
136 42 174 5 62 6 63 8 8 
136 42 174 5 8 144 8 
136 42 174 5 8 8 
136 42 174 5 6 8 61 8 
136 42 174 5 8 165 8 
136 42 174 5 8 165 8 
136 42 174 5 8 144 201 8 
136 42 174 5 8 8 
136 42 174 5 8 8 
136 42 174 5 8 8 
136 42 174 5 8 144 8 
136 42 174 5 8 8 
136 42 174 5 8 8 
136 42 174 5 8 144 8 
136 42 174 5 8 8 
136 42 174 5 8 8 
136 42 174 5 8 144 8 
136 42 174 5 8 144 8 
136 42 174 5 8 8 
136 42 174 5 8 8 
136 42 174 5 8 8 
136 42 174 5 8 144 8 
136 42 174 5 8 8 
136 42 174 5 8 8 
136 42 174 5 8 8 
136 42 174 5 8 8 
136 42 174 5 8 8 
136 42 174 5 8 8 
136 42 174 5 8 8 
136 42 174 5 8 8 
136 42 174 5 8 144 8 
136 42 174 5 8 8 
136 42 174 5 8 144 8 
136 42 174 5 8 8 
136 42 174 5 8 165 8 
136 42 174 5 8 144 201 8 
136 42 174 5 8 8 
67 136 42 174 5 8 165 8 
136 42 174 5 8 144 8 
136 42 174 5 8 8 
136 42 174 5 8 8 
136 42 174 5 8 144 8 
136 42 174 5 8 8 
136 42 174 5 8 144 8 
136 42 174 5 8 144 8 
136 42 174 5 8 144 8 
136 42 174 5 254 8 36 255 8 
136 42 174 5 8 8 
136 42 174 5 8 8 
136 42 174 5 8 8 
136 42 174 5 8 165 8 
136 42 174 5 8 8 
136 42 174 5 8 8 
136 42 174 5 8 144 8 
136 42 174 5 8 8 
136 42 174 5 8 8 
136 42 174 5 8 144 201 8 
136 42 174 5 6 8 61 8 
136 42 174 5 8 8 
136 42 174 5 8 8 
136 42 174 5 8 144 8 
1 136 42 174 5 8 144 8 
136 42 174 5 8 144 8 
40 136 41 42 174 5 8 144 8 
136 42 174 5 8 8 
136 42 174 5 8 144 201 8 
136 42 174 5 8 144 8 
136 42 174 5 8 8 
136 42 174 5 143 8 144 8 
136 42 174 5 8 144 8 
136 145 42 174 5 8 144 492 8 
136 42 174 5 8 144 8 
136 42 174 5 8 8 
136 42 174 5 8 8 
136 42 174 5 8 144 8 
136 42 174 5 8 8 
136 42 174 5 8 8 
136 42 174 5 8 8 
136 42 174 5 8 165 8 
136 42 174 5 8 8 
136 42 174 5 8 8 
136 42 174 5 8 144 8 
136 677 42 174 5 8 8 
136 42 174 5 8 144 8 
136 42 174 5 8 8 
136 42 174 5 8 8 
136 42 174 5 8 8 
136 42 174 5 8 144 8 
136 42 174 5 8 8 
136 145 42 174 5 8 144 8 
136 42 174 5 8 144 8 
136 42 174 5 8 144 8 
136 42 174 5 8 8 
136 145 42 174 5 8 144 201 8 
136 42 174 5 8 8 
136 84 42 56 57 174 5 8 144 8 
136 42 174 5 8 144 8 
136 42 174 5 8 144 8 
136 42 174 5 8 8 
136 42 174 5 8 165 8 
136 42 174 5 8 165 8 
136 42 174 5 8 144 8 
136 42 174 5 8 8 
136 42 174 5 8 8 
136 42 174 5 8 144 8 
136 42 174 5 6 8 374 61 8 
136 42 174 5 8 8 
136 42 174 5 8 165 8 
136 42 174 5 8 144 8 
136 42 174 5 8 165 8 
136 42 174 5 8 8 
136 42 174 5 8 144 201 8 
136 42 174 5 8 144 8 
136 42 174 5 8 8 
136 42 174 5 8 144 201 8 
136 42 174 5 8 144 8 
136 42 174 5 6 8 61 8 
136 42 174 5 8 8 
136 42 174 5 8 8 
136 42 174 5 8 144 8 
136 42 174 5 8 144 8 
136 42 174 5 8 8 
136 42 174 5 8 144 201 8 
136 42 174 5 8 8 
136 42 174 5 8 8 
136 42 174 5 8 8 
136 42 174 5 8 8 
136 42 174 5 8 36 144 8 
136 42 174 5 8 8 
136 42 174 5 8 144 8 
136 42 174 5 8 144 8 
136 42 174 5 8 144 8 
136 42 174 5 8 8 
136 42 174 5 8 8 
136 42 174 5 8 8 
136 42 174 5 8 8 
136 42 174 5 8 165 8 
136 42 174 5 8 165 8 
136 42 174 5 8 165 8 
136 42 174 5 8 165 8 
136 42 174 5 8 144 8 
136 42 174 5 8 165 8 
136 42 174 5 8 144 201 8 
136 42 174 5 8 144 8 
136 42 174 5 8 165 8 
136 42 174 5 8 165 8 
136 42 174 5 8 165 8 
136 42 174 5 8 165 8 
136 42 174 5 8 165 8 
136 42 174 5 8 144 8 
136 42 174 5 8 144 8 
136 42 174 5 8 8 
136 42 174 5 8 8 
136 42 174 5 8 165 8 
136 42 174 5 8 144 8 
136 42 174 5 8 8 
136 42 174 5 8 165 8 
136 42 174 5 8 165 8 
136 42 174 5 8 144 8 
136 42 174 5 8 165 8 
136 42 174 5 8 165 8 
136 42 174 5 8 165 8 
136 42 174 5 8 165 8 
136 42 174 5 8 165 8 
136 42 174 5 8 144 8 
136 42 174 5 8 8 
136 42 174 5 8 144 8 
136 42 174 5 8 8 
136 42 174 5 8 165 8 
136 42 174 5 8 8 
136 42 174 5 8 144 8 
136 42 174 5 8 144 8 
136 42 174 5 8 165 8 
136 42 174 5 8 8 
136 42 174 5 8 144 8 
136 42 174 5 8 8 
136 42 174 5 8 8 
136 42 174 5 8 165 8 
136 42 174 5 8 165 8 
136 42 174 5 8 165 8 
136 42 174 5 8 8 
136 42 174 5 8 165 8 
136 42 174 5 8 8 
136 42 174 5 8 8 
136 42 174 5 8 165 8 
136 42 174 5 8 8 
136 42 174 5 8 8 
136 42 174 5 8 144 8 
136 42 174 5 8 8 
136 42 174 5 8 144 8 
136 42 174 5 383 384 254 8 36 144 8 
136 42 174 5 8 165 8 
136 42 174 5 8 8 
136 42 174 5 254 8 36 255 8 
136 42 174 5 8 8 
136 42 174 5 8 144 8 
136 42 174 5 8 8 
136 42 174 5 8 144 8 
40 136 147 42 174 5 8 144 8 
136 42 174 5 8 144 8 
40 136 147 42 174 5 8 144 8 
136 42 174 5 8 144 8 
136 42 174 5 8 144 8 
40 136 147 42 174 5 8 144 8 
40 136 147 42 174 5 8 144 8 
136 42 174 5 8 144 8 
40 136 42 174 5 8 144 8 
136 42 174 5 8 144 8 
136 42 174 5 8 144 8 
136 42 174 5 8 144 8 
136 42 174 5 8 144 8 
40 136 147 42 174 5 8 144 8 
136 42 174 5 8 8 
136 42 174 5 6 8 374 61 8 
136 42 174 5 8 144 8 
40 136 42 174 5 8 144 8 
136 42 174 5 8 144 8 
136 42 174 5 8 144 8 
136 42 174 5 8 144 8 
136 42 174 5 8 8 
136 42 174 5 8 8 
136 42 174 5 8 8 
136 42 174 5 8 8 
136 42 174 5 8 8 
136 42 174 5 8 144 8 
136 42 174 5 8 8 
136 42 174 5 8 8 
136 42 174 5 8 8 
136 42 174 5 8 144 8 
136 42 174 5 8 8 
136 42 174 5 8 8 
136 42 174 5 8 532 144 8 
136 42 174 5 8 165 8 
136 42 174 5 8 8 
136 42 174 5 8 144 8 
136 42 174 5 8 144 8 
136 42 174 5 8 8 
136 42 174 5 8 8 
136 42 174 5 8 144 8 
136 42 174 5 8 144 8 
136 42 174 5 8 144 8 
136 42 174 5 8 165 8 
136 42 174 5 8 144 201 8 
136 42 174 5 8 36 144 8 
136 42 174 5 8 144 8 
136 42 174 5 8 144 8 
136 145 42 174 5 8 8 
136 145 42 174 5 8 8 
136 42 174 5 8 165 8 
59 136 128 42 60 174 160 5 8 8 
136 42 174 5 8 8 
136 42 174 5 8 8 
136 42 174 5 8 165 8 
136 42 174 5 8 8 
136 42 174 5 8 165 8 
136 145 42 174 5 8 8 
136 42 174 5 8 8 
136 42 174 5 8 8 
136 42 174 5 8 8 
136 42 174 5 8 8 
136 42 174 5 8 8 
136 42 174 5 8 8 
136 42 174 5 8 8 
136 42 174 5 28 27 21 22 8 617 8 
136 42 174 5 8 8 
136 42 174 5 8 8 
136 42 174 5 8 144 8 
136 42 174 5 8 144 8 
136 42 174 5 8 144 8 
136 42 174 5 8 8 
136 42 174 5 8 144 8 
136 42 174 5 8 8 
136 42 174 5 8 8 
136 42 174 5 8 144 8 
136 42 174 5 8 8 
136 42 174 5 8 144 8 
136 42 174 5 8 144 8 
136 42 174 5 8 144 8 
136 42 174 5 8 8 
136 42 174 5 8 144 8 
136 42 174 5 8 8 
136 42 174 5 8 144 8 
136 42 174 5 8 144 8 
136 42 174 5 8 8 
136 42 174 5 8 144 8 
136 42 174 5 8 144 8 
136 42 174 5 8 144 8 
136 42 174 5 8 8 
136 42 174 5 8 144 8 
136 42 174 5 8 8 
136 42 174 5 8 144 8 
136 42 174 5 8 144 8 
136 42 174 5 8 8 
136 42 174 5 8 144 8 
136 42 174 5 8 144 8 
136 42 174 5 8 8 
136 42 174 5 8 144 8 
136 42 174 5 8 144 201 8 
136 42 174 5 8 144 201 8 
136 42 174 5 8 144 8 
136 42 174 5 8 8 
136 42 174 5 8 36 144 8 
136 42 174 5 8 144 8 
136 42 174 5 8 144 8 
136 42 174 5 8 144 8 
136 42 174 5 8 144 8 
136 42 174 5 8 8 
136 42 174 5 8 144 201 8 
136 42 174 5 8 165 8 
136 42 174 5 8 144 8 
136 42 174 5 8 8 
136 42 174 5 8 8 
50 51 136 42 52 174 5 8 144 8 
136 42 174 5 8 144 8 
136 42 174 5 8 8 
136 42 174 5 8 144 8 
136 42 174 5 8 8 
136 42 174 5 8 165 8 
136 42 174 5 8 144 201 8 
136 42 174 5 8 165 8 
136 42 174 5 8 8 
136 42 174 5 8 144 8 
136 42 174 5 8 8 
136 42 174 5 8 144 8 
136 42 174 5 8 144 8 
136 42 174 5 8 8 
136 42 174 5 8 8 
136 42 174 5 8 8 
136 42 174 5 8 397 8 
136 42 174 5 8 8 
136 42 174 5 8 8 
136 42 174 5 8 144 8 
1 136 2 42 174 5 8 8 
136 42 174 5 8 144 8 
136 42 174 5 8 144 8 
136 42 174 5 8 144 8 
136 42 174 5 8 144 201 8 
136 42 174 5 8 8 
136 42 174 5 8 8 
136 42 174 5 8 8 
136 42 174 5 8 8 
136 42 174 5 8 8 
136 42 174 5 8 8 
136 42 174 5 8 8 
136 42 174 5 8 144 8 
136 42 174 5 8 8 
136 42 174 5 8 8 
136 42 174 5 8 8 
40 136 42 174 5 8 8 
136 42 174 5 8 8 
136 42 174 5 8 144 8 
136 42 174 5 8 8 
136 42 174 5 8 144 8 
136 42 174 5 8 8 
136 42 174 5 8 8 
136 42 174 5 8 8 
136 42 174 5 8 144 8 
136 42 174 5 8 8 
136 42 174 5 8 8 
136 42 174 5 8 144 8 
136 145 42 174 5 8 8 
136 145 42 174 5 8 8 
136 42 174 5 8 8 
136 42 174 5 8 8 
136 42 174 5 8 8 
136 42 174 5 8 8 
136 42 174 5 8 165 8 
655 51 136 42 52 174 5 8 8 
136 42 174 5 8 8 
136 42 174 5 8 144 8 
136 42 174 5 8 144 8 
136 42 174 5 8 144 8 
136 42 174 5 8 8 
136 42 174 5 8 165 8 
136 42 174 5 8 8 
136 42 174 5 8 165 8 
136 42 174 5 8 8 
136 42 174 5 8 8 
136 42 174 5 254 8 36 255 8 
136 42 174 5 8 8 
136 42 174 5 8 165 8 
136 42 174 5 8 144 8 
136 42 174 5 8 8 
136 42 174 5 8 165 8 
136 42 174 5 8 8 
136 42 174 5 8 144 8 
136 42 174 5 8 8 
136 42 174 5 8 165 8 
136 42 174 5 8 144 8 
136 42 174 5 8 8 
136 42 174 5 8 165 8 
136 42 174 5 8 165 8 
136 42 174 5 8 144 8 
136 42 174 5 8 165 8 
136 42 174 5 8 144 8 
136 42 174 73 5 8 144 8 
136 42 174 5 8 8 
136 42 174 5 8 144 201 8 
136 42 174 5 8 8 
136 42 174 5 8 8 
136 42 174 5 8 8 
136 42 174 5 8 8 
136 42 174 5 8 165 8 
136 42 174 5 8 165 8 
136 42 174 5 8 144 8 
136 42 174 5 8 8 
136 42 174 5 8 144 201 8 
136 42 174 5 8 8 
136 42 174 5 8 8 
136 42 174 5 8 144 8 
136 42 174 5 8 8 
136 42 174 5 8 8 
1 136 2 42 174 5 8 144 8 
136 42 174 5 6 8 374 61 8 
136 42 174 5 8 144 8 
136 42 174 5 8 8 
136 42 174 5 8 165 8 
136 42 174 5 8 144 8 
136 42 174 5 8 8 
136 42 174 5 8 144 8 
136 42 174 5 8 8 
136 42 174 5 8 144 8 
136 42 174 5 8 165 8 
136 42 174 5 8 144 8 
136 42 174 5 8 144 8 
136 42 174 5 8 144 8 
136 42 174 5 8 8 
136 42 174 5 8 8 
136 42 174 5 8 8 
136 42 174 5 8 144 8 
136 42 174 5 8 8 
136 42 174 5 8 532 144 8 
136 42 174 5 8 144 8 
136 42 174 5 8 144 8 
136 42 174 5 8 8 
136 42 174 5 8 8 
136 42 174 5 8 8 
136 42 174 5 8 8 
136 42 174 5 8 8 
136 42 174 5 8 144 201 8 
136 42 174 5 8 144 8 
136 42 174 5 8 36 8 
136 42 174 5 8 8 
136 42 174 5 8 144 8 
136 42 174 5 8 532 144 8 
136 42 174 5 8 144 8 
136 42 174 5 8 8 
136 42 174 5 8 8 
136 42 174 5 8 144 8 
136 42 174 5 8 144 8 
136 42 174 5 8 144 8 
136 42 174 5 8 144 8 
136 42 174 5 8 8 
136 42 174 5 8 8 
136 42 174 5 8 144 8 
136 42 174 5 8 144 8 
136 42 174 5 8 144 8 
136 42 174 5 8 8 
136 42 174 5 8 144 8 
136 42 174 5 8 144 8 
136 42 174 5 8 144 8 
136 42 174 5 8 165 8 
136 42 174 5 8 8 
136 42 174 5 8 144 8 
136 42 174 5 8 144 8 
136 42 174 5 8 165 8 
136 42 174 5 8 144 8 
136 42 174 5 8 8 
136 42 174 5 8 144 8 
136 42 174 5 8 144 8 
136 42 174 5 8 36 144 8 
136 42 174 5 8 36 144 8 
136 42 174 5 8 36 144 8 
136 42 174 5 8 36 144 8 
136 42 174 5 8 36 144 8 
136 42 174 5 8 8 
136 42 174 5 8 144 8 
136 42 174 5 8 165 8 
136 42 174 5 8 144 8 
136 42 174 5 8 144 8 
136 42 174 5 8 144 8 
136 42 174 5 8 144 8 
136 42 174 5 8 8 
136 42 174 5 8 144 8 
136 42 174 5 8 8 
136 42 174 5 8 8 
136 42 174 5 8 144 8 
136 42 174 5 8 144 8 
136 42 174 5 8 8 
136 42 174 5 8 165 8 
136 42 174 5 8 144 8 
136 42 174 5 8 144 8 
136 42 174 5 8 144 8 
136 42 174 5 8 8 
136 42 174 5 8 144 8 
136 42 174 5 8 144 8 
136 42 174 5 8 8 
136 42 174 5 8 144 8 
136 42 174 5 8 144 8 
136 42 174 5 8 144 8 
136 42 174 5 8 144 8 
136 42 174 5 8 144 8 
136 42 174 5 8 8 
136 42 174 5 8 144 201 8 
136 42 174 5 8 8 
136 42 174 5 8 8 
136 42 174 5 8 8 
136 42 174 5 8 8 
136 42 174 5 8 8 
136 42 174 5 8 144 8 
136 42 174 5 8 8 
136 42 174 5 8 144 8 
136 42 174 5 8 144 8 
136 42 174 5 8 8 
136 42 174 5 8 8 
136 42 174 5 8 8 
136 42 174 5 8 8 
136 42 174 5 8 165 8 
136 42 174 5 8 8 
136 42 174 5 8 8 
136 42 174 5 8 144 8 
136 42 174 5 8 144 8 
136 42 174 5 8 8 
136 42 174 5 8 144 201 8 
136 42 174 5 8 144 8 
136 42 174 5 8 144 8 
136 42 174 5 8 144 201 8 
136 42 174 5 8 8 
136 42 174 5 8 532 144 8 
136 42 174 5 8 36 584 8 
136 42 174 5 8 144 8 
136 42 174 5 8 144 8 
136 42 174 5 8 144 8 
136 42 174 5 8 144 8 
136 42 174 5 8 8 
136 42 174 5 8 8 
136 42 174 5 8 144 201 8 
136 42 174 5 8 8 
136 42 174 5 8 144 8 
136 42 174 5 8 144 8 
136 42 174 5 8 8 
136 42 174 5 8 8 
136 42 174 5 8 144 8 
136 42 174 5 8 144 8 
136 42 174 5 8 8 
136 42 174 5 8 8 
136 42 174 5 8 8 
136 42 174 5 8 8 
136 42 174 5 8 8 
136 42 174 5 8 144 8 
136 42 174 5 8 8 
136 42 174 5 8 144 8 
136 42 174 5 8 8 
136 42 174 5 8 8 
136 42 174 5 8 144 8 
136 42 174 5 8 144 8 
136 42 174 5 8 144 8 
136 42 174 5 8 144 201 8 
136 42 174 5 8 8 
136 42 174 5 8 8 
136 42 174 5 8 165 8 
136 42 174 5 8 8 
136 42 174 5 8 8 
136 42 174 5 8 144 8 
136 42 174 5 8 8 
136 42 174 5 8 144 201 8 
136 42 174 5 8 144 8 
136 42 174 5 8 8 
136 42 174 5 8 8 
136 42 174 5 8 144 201 8 
136 42 174 5 8 8 
136 42 174 5 8 8 
136 42 174 5 8 144 8 
40 136 41 42 174 5 8 144 8 
136 42 174 5 8 144 8 
136 42 174 5 8 8 
136 42 174 5 8 144 8 
136 42 174 5 8 8 
136 42 174 5 8 144 8 
136 42 174 5 8 144 8 
136 42 174 5 8 165 8 
136 42 174 5 8 144 201 8 
136 42 174 5 8 8 
136 42 174 5 8 144 8 
136 42 174 5 8 8 
136 42 174 5 8 8 
136 42 174 5 8 144 201 8 
136 42 174 5 8 8 
136 42 174 5 8 8 
136 42 174 5 8 144 8 
136 42 174 5 8 8 
136 42 174 5 8 8 
136 42 174 5 8 8 
136 42 174 5 8 165 8 
136 42 174 5 8 165 8 
136 42 174 5 8 165 8 
136 42 174 5 8 8 
136 42 174 5 8 144 8 
136 42 174 5 8 36 584 8 
136 42 174 5 8 144 8 
136 42 174 5 8 165 8 
136 42 174 5 8 165 8 
136 42 174 5 8 144 8 
136 42 174 5 8 144 8 
136 42 174 5 8 144 8 
136 42 174 5 8 8 
136 42 174 5 8 144 201 8 
136 42 174 5 8 8 
136 42 174 5 8 165 8 
136 42 174 5 8 144 8 
136 42 174 5 8 144 8 
136 42 174 5 8 144 8 
136 42 174 5 8 144 8 
136 42 174 5 8 8 
136 42 174 5 8 8 
136 42 174 5 8 165 8 
136 42 174 5 8 144 8 
136 42 174 5 8 144 8 
136 42 174 5 8 144 201 8 
136 42 174 5 8 8 
136 42 174 5 8 165 8 
136 42 174 5 8 8 
136 42 174 5 8 8 
136 42 174 5 8 144 8 
136 42 174 5 8 144 8 
136 42 174 5 8 144 8 
136 42 174 5 8 165 8 
136 42 174 5 8 144 8 
136 42 174 5 8 144 8 
136 42 174 5 8 144 8 
136 42 174 5 8 165 8 
136 42 174 5 8 144 201 8 
136 42 174 5 8 144 8 
136 42 174 5 8 144 8 
136 42 174 5 8 144 8 
136 42 174 5 8 144 8 
136 42 174 5 8 8 
136 42 174 5 8 144 8 
136 42 174 5 8 36 144 8 
136 42 174 5 8 36 144 8 
136 42 174 5 8 8 
136 42 174 5 8 144 8 
136 42 174 5 8 144 8 
136 42 174 5 8 144 8 
136 42 174 5 8 8 
136 42 174 5 143 8 144 8 
136 42 174 5 143 8 144 8 
136 42 174 5 8 144 492 8 
136 42 174 5 8 8 
136 42 174 5 8 8 
136 42 174 5 8 8 
136 42 174 5 6 8 374 61 8 
136 42 174 5 8 144 8 
136 42 174 5 8 8 
136 42 174 5 8 8 
136 42 174 5 8 8 
136 42 174 5 8 144 8 
136 42 174 5 8 8 
136 42 174 5 8 144 8 
136 42 174 5 8 36 8 
136 145 42 174 5 8 144 8 
136 42 174 5 6 8 61 8 
136 42 174 5 8 8 
136 42 174 5 8 8 
136 42 174 5 8 144 8 
136 42 174 5 8 8 
136 42 174 5 8 165 8 
136 42 174 5 8 8 
136 42 174 5 254 8 36 255 8 
136 42 174 5 8 8 
136 42 174 5 8 8 
136 42 174 5 8 144 8 
136 42 174 5 8 8 
136 42 174 5 8 8 
136 42 174 5 8 8 
136 42 174 5 8 8 
136 42 174 5 8 165 8 
136 42 174 5 8 144 8 
136 42 174 5 8 8 
136 42 174 5 8 8 
136 42 174 5 8 8 
136 42 174 5 8 8 
136 42 174 5 8 8 
136 42 174 5 8 8 
136 42 174 5 8 144 8 
136 42 174 5 8 144 8 
136 42 174 5 8 144 8 
136 42 174 5 8 144 8 
136 42 174 5 8 165 8 
136 42 174 5 8 144 8 
136 42 174 5 8 8 
136 42 174 5 8 144 8 
136 42 174 5 8 8 
136 42 174 5 8 144 8 
136 42 174 5 8 8 
136 42 174 5 8 8 
136 42 174 5 8 144 8 
136 42 174 5 8 144 8 
136 42 174 5 8 8 
136 42 174 5 143 8 144 8 
136 42 174 5 8 144 8 
136 42 174 5 62 28 27 6 21 22 63 23 8 8 
136 42 174 5 8 8 
136 42 174 5 8 8 
136 42 174 5 8 144 8 
136 42 174 5 8 144 8 
136 42 174 5 8 8 
136 42 174 5 8 8 
136 42 174 5 8 8 
136 42 174 5 8 8 
136 42 174 5 8 144 201 8 
136 42 174 5 8 8 
136 42 174 5 8 144 8 
136 42 174 5 8 36 584 8 
136 42 174 5 8 8 
136 42 174 5 8 8 
136 42 174 5 8 144 8 
136 42 174 5 8 165 8 
136 42 174 5 8 144 8 
136 42 174 5 8 144 8 
136 42 174 5 8 36 122 123 8 
136 42 174 5 8 144 8 
136 42 174 5 8 144 8 
136 42 174 5 8 144 201 8 
136 42 174 5 8 144 8 
136 42 174 5 8 8 
136 42 174 5 8 8 
136 42 174 5 8 8 
136 42 174 5 8 165 8 
136 42 174 5 8 8 
136 42 174 5 8 144 201 8 
136 42 174 5 8 144 8 
136 42 174 5 8 165 8 
136 42 174 5 8 8 
136 42 174 5 8 165 8 
136 42 174 5 8 144 8 
136 42 174 5 6 8 61 8 
136 42 174 5 8 8 
136 42 174 5 8 144 201 8 
178 136 42 174 5 6 8 61 8 
178 136 42 174 5 8 8 
136 42 174 5 8 144 8 
136 42 174 5 8 144 201 8 
136 42 174 5 8 165 8 
136 42 174 5 8 144 201 8 
136 42 174 5 8 144 8 
136 42 174 5 8 8 
136 42 174 5 8 144 8 
136 42 174 5 8 8 
136 42 174 5 254 8 36 255 8 
136 42 174 5 8 36 144 8 
178 136 42 174 5 6 8 61 8 
178 136 42 174 5 8 8 
136 42 174 5 8 144 201 8 
136 42 174 5 8 144 8 
136 42 174 5 8 8 
136 42 174 5 8 165 8 
136 42 174 5 8 144 201 8 
136 42 174 5 8 8 
136 145 42 174 5 8 144 8 
136 145 42 174 5 8 144 8 
136 42 174 5 8 8 
136 42 174 5 8 165 8 
136 42 174 5 8 144 8 
136 42 174 5 8 8 
136 42 174 5 8 144 201 8 
136 42 174 5 8 144 8 
136 42 174 5 8 165 8 
136 42 174 5 6 8 61 8 
136 42 174 5 8 8 
136 42 174 5 8 8 
136 42 174 5 8 165 8 
136 42 174 5 8 144 201 8 
136 42 174 5 8 8 
136 42 174 5 8 144 8 
136 42 174 5 8 8 
136 42 174 5 8 8 
136 42 174 5 8 8 
136 42 174 5 8 144 8 
136 42 174 5 8 144 8 
136 42 174 5 8 144 8 
136 42 174 5 8 144 8 
136 42 174 5 8 8 
136 42 174 5 8 144 201 8 
136 42 174 5 8 144 8 
136 42 174 5 8 8 
136 42 174 5 8 144 8 
136 42 174 5 8 8 
136 42 174 5 8 36 8 
136 42 174 5 8 144 8 
136 42 174 5 8 144 8 
136 42 174 5 8 8 
136 42 174 5 8 144 8 
136 42 174 5 8 144 8 
136 42 174 5 8 8 
136 42 174 5 8 8 
136 42 174 5 8 165 8 
136 42 174 5 8 144 8 
136 42 174 5 8 144 8 
136 42 174 5 8 144 201 8 
136 42 174 5 8 8 
136 42 174 5 8 144 8 
136 42 174 5 8 8 
136 42 174 5 8 144 8 
136 42 174 5 8 8 
136 42 174 5 8 8 
136 42 174 5 8 165 8 
136 42 174 5 8 8 
136 42 174 5 8 8 
136 42 174 5 8 144 8 
136 42 174 5 8 144 8 
136 42 174 5 8 8 
136 42 174 5 8 8 
136 42 174 5 8 144 8 
136 42 174 5 8 8 
136 42 174 5 8 8 
136 42 174 5 8 165 8 
136 42 174 5 8 144 8 
136 42 174 5 8 144 8 
136 42 174 5 8 144 8 
136 42 174 5 8 144 8 
136 42 174 5 8 144 8 
136 42 174 5 8 8 
136 42 174 5 8 165 8 
136 42 174 5 8 144 8 
136 42 174 5 143 8 144 8 
136 42 174 5 8 8 
136 42 174 5 8 8 
136 42 174 5 8 8 
136 42 174 5 8 165 8 
136 42 174 5 8 8 
136 42 174 5 8 8 
136 42 174 5 8 8 
136 42 174 5 8 8 
136 42 174 5 8 8 
136 42 174 5 8 8 
136 42 174 5 8 8 
136 42 174 5 8 8 
136 42 174 5 8 165 8 
136 42 174 5 8 144 201 8 
136 42 174 5 8 8 
136 42 174 5 8 8 
136 42 174 5 8 144 492 8 
136 42 174 5 8 8 
136 42 174 5 8 144 8 
136 42 174 5 8 532 144 8 
136 42 174 73 5 8 8 
136 42 174 5 8 8 
136 42 174 5 8 8 
136 42 174 5 8 144 8 
136 42 174 5 8 8 
136 42 174 5 8 8 
136 42 174 5 8 165 8 
136 42 174 5 8 8 
136 42 174 5 8 8 
136 42 174 5 8 8 
136 42 174 5 8 8 
136 42 174 5 8 144 8 
136 42 174 5 8 165 8 
136 42 174 5 8 144 8 
136 42 174 5 8 144 8 
136 42 174 5 8 8 
136 42 174 5 8 8 
136 42 174 5 143 8 144 8 
136 42 174 5 8 144 201 8 
136 42 174 5 8 8 
1 136 2 42 174 5 8 8 
136 42 174 5 8 144 201 8 
136 42 174 5 8 8 
136 42 174 5 8 8 
136 42 174 5 8 8 
136 42 174 5 8 8 
136 42 174 5 8 144 8 
136 42 174 5 8 8 
136 42 174 5 231 8 8 
136 42 174 5 8 8 
136 42 174 5 8 8 
136 42 174 5 8 8 
136 42 174 5 8 144 8 
136 42 174 5 8 8 
136 42 174 5 8 8 
136 42 174 5 8 144 8 
136 42 174 5 8 144 8 
136 42 174 5 8 144 201 8 
136 42 174 5 8 8 
136 42 174 5 8 165 8 
136 42 174 5 8 8 
136 42 174 5 8 8 
136 42 174 5 8 8 
136 42 174 5 8 8 
136 42 174 5 8 8 
136 42 174 5 8 8 
136 42 174 5 8 8 
136 42 174 5 8 8 
136 42 174 5 8 8 
136 42 174 5 8 8 
136 42 174 5 8 8 
136 42 174 5 8 8 
136 42 174 5 8 144 8 
136 42 174 5 8 8 
136 42 174 5 8 8 
136 42 174 5 8 8 
136 42 174 5 8 8 
136 42 174 5 8 144 201 8 
136 42 174 5 8 144 201 8 
136 42 174 5 8 8 
136 42 174 5 8 8 
136 42 174 5 8 8 
136 42 174 5 8 8 
136 42 174 5 8 8 
136 42 174 5 8 8 
136 42 174 5 8 8 
136 42 174 5 8 8 
136 42 174 5 8 8 
136 42 174 5 8 8 
136 42 174 5 8 8 
136 42 174 5 8 8 
136 42 174 5 8 8 
136 42 174 5 8 8 
136 42 174 5 8 8 
136 42 174 5 8 8 
136 42 174 5 8 8 
136 42 174 5 8 8 
136 42 174 5 8 8 
136 42 174 5 8 8 
136 42 174 5 8 8 
136 42 174 5 8 8 
136 42 174 5 8 8 
136 42 174 5 8 8 
136 42 174 5 8 8 
136 42 174 5 8 8 
136 42 174 5 8 8 
136 42 174 5 8 8 
136 42 174 5 8 8 
136 42 174 5 8 8 
136 42 174 5 8 8 
136 42 174 5 8 8 
136 42 174 5 8 8 
136 42 174 5 8 8 
136 42 174 5 8 8 
136 42 174 5 8 8 
136 42 174 5 8 144 201 8 
136 42 174 5 8 8 
136 42 174 5 8 8 
136 42 174 5 8 8 
136 42 174 5 8 8 
136 42 174 5 8 8 
136 42 174 5 8 8 
136 42 174 5 8 8 
136 42 174 5 8 8 
136 42 174 5 6 8 61 8 
136 42 174 5 8 8 
136 42 174 5 8 8 
136 42 174 5 8 8 
136 42 174 5 8 8 
136 42 174 5 8 8 
136 42 174 5 8 8 
136 42 174 5 8 8 
136 42 174 5 8 8 
136 42 174 5 8 144 201 8 
136 42 174 5 8 8 
136 42 174 5 8 8 
136 42 174 5 8 8 
136 42 174 5 8 8 
136 42 174 5 8 8 
136 42 174 5 8 8 
136 42 174 5 8 8 
136 42 174 5 8 8 
136 42 174 5 8 8 
136 42 174 5 8 8 
136 42 174 5 8 8 
136 42 174 5 6 8 61 8 
136 42 174 5 8 8 
136 42 174 5 8 8 
136 42 174 5 8 8 
136 42 174 5 8 8 
136 42 174 5 8 8 
136 42 174 5 8 8 
136 42 174 5 8 8 
136 42 174 5 8 8 
136 42 174 5 8 8 
136 42 174 5 8 8 
136 42 174 5 8 8 
136 42 174 5 8 8 
136 42 174 5 8 8 
136 42 174 5 8 8 
136 42 174 5 8 8 
136 42 174 5 8 8 
136 42 174 5 8 8 
136 42 174 5 8 8 
136 42 174 5 8 8 
136 42 174 5 8 8 
136 42 174 5 8 8 
136 42 174 5 8 8 
136 42 174 5 8 8 
136 42 174 5 8 8 
136 42 174 5 8 8 
136 42 174 5 8 8 
136 42 174 5 8 8 
136 42 174 5 8 8 
136 42 174 5 8 8 
136 42 174 5 8 8 
136 42 174 5 8 8 
136 42 174 5 8 8 
136 42 174 5 8 8 
136 42 174 5 8 8 
136 42 174 5 8 8 
136 42 174 5 8 8 
136 42 174 5 8 8 
136 42 174 5 8 8 
136 42 174 5 8 8 
136 42 174 5 8 144 201 8 
136 42 174 5 8 8 
136 42 174 5 8 8 
136 42 174 5 8 8 
136 42 174 5 8 8 
136 42 174 5 6 8 61 8 
136 42 174 5 8 8 
136 42 174 5 8 8 
136 42 174 5 8 8 
136 42 174 5 8 8 
136 42 174 5 8 8 
136 42 174 5 8 8 
136 42 174 5 8 8 
136 42 174 5 8 8 
136 42 174 5 8 8 
136 42 174 5 8 8 