58 59 657 60 5 177 112 21 22 143 727 8 113 144 24 727 
58 59 657 60 177 81 112 21 22 727 113 82 24 727 
58 59 657 60 149 150 5 177 588 112 248 231 727 8 113 727 
58 59 657 60 177 112 21 22 727 113 68 24 727 
58 59 657 60 5 177 112 231 727 8 113 727 
58 59 657 60 177 112 21 22 727 37 113 24 727 
58 59 657 60 177 112 727 113 727 
58 59 657 60 177 112 727 113 727 
58 59 657 60 177 112 727 113 727 
58 59 657 60 177 112 727 113 727 
58 59 657 60 177 112 727 113 727 
58 59 657 60 177 112 727 113 727 
58 59 657 60 177 112 727 113 727 
58 59 657 60 177 112 727 113 727 
58 59 657 60 177 112 727 113 727 
58 59 657 60 177 112 727 113 727 
58 59 657 60 177 112 727 113 727 
58 59 657 60 177 112 727 113 727 