1 15 401 400 5 62 6 63 8 8 
1 442 15 401 5 177 112 8 113 8 
1 442 15 401 5 8 8 
1 442 15 401 5 8 8 
1 442 15 401 5 8 8 
1 442 15 401 5 8 8 
1 442 15 401 5 8 8 
1 442 15 401 5 8 8 
1 442 15 401 400 5 112 6 8 113 8 
1 442 15 401 5 8 36 130 8 
1 442 15 401 400 5 8 8 
1 442 15 401 400 5 380 8 8 
1 442 15 401 5 8 8 
1 442 15 401 400 5 27 28 6 21 8 8 
1 442 15 401 5 27 28 6 21 8 8 
1 442 15 401 5 27 28 6 21 8 8 
1 15 401 400 5 8 8 
1 442 15 401 400 5 8 8 
1 442 15 401 400 5 8 35 8 
1 442 15 401 5 8 8 
1 442 15 401 5 8 8 
1 442 15 401 400 5 8 8 
1 442 15 401 400 5 8 8 
1 442 15 401 400 5 8 8 
1 442 15 401 400 5 143 8 144 8 
1 442 15 401 5 8 8 
1 442 15 401 5 62 6 63 8 8 
1 442 15 401 93 2 94 5 8 8 
1 442 15 401 5 231 8 8 
1 442 15 401 5 231 8 8 
1 442 15 401 400 5 231 8 8 
1 442 15 401 400 5 8 8 
1 442 15 401 400 5 8 8 
1 442 15 401 5 8 8 
1 442 15 401 400 5 8 8 
1 442 15 401 5 8 8 
1 442 15 401 5 8 8 
1 442 15 401 400 5 8 8 
1 442 15 401 5 8 69 70 8 
1 442 15 401 5 8 8 
1 442 15 401 400 5 8 8 
1 442 15 401 38 39 5 6 8 9 8 
1 442 15 401 400 5 6 131 8 8 
1 442 15 401 5 6 63 8 35 8 
1 442 15 401 400 5 62 6 63 8 8 
1 442 15 401 5 8 8 
1 15 401 400 5 8 35 8 
1 442 15 401 5 62 6 63 8 8 
1 442 15 401 5 8 8 
1 442 15 401 400 5 8 8 
1 442 15 401 400 5 6 63 8 8 
1 442 15 401 400 5 8 165 8 
1 442 15 401 5 8 8 
1 442 15 401 400 5 8 8 
1 442 15 401 400 5 8 8 
1 442 15 401 400 5 8 8 
1 442 15 401 400 5 8 8 
1 442 15 401 400 5 380 8 8 
1 442 15 401 400 5 8 8 
1 442 15 401 400 5 8 8 
1 442 15 401 400 5 8 8 
1 442 15 401 400 5 8 8 
1 442 15 401 5 8 8 
1 442 15 401 400 5 8 8 
1 442 15 401 5 231 8 8 
1 442 15 401 400 5 8 8 
1 442 15 401 400 5 231 8 8 
1 442 15 401 400 5 8 8 
1 442 15 401 400 5 8 8 
1 442 15 401 5 8 35 8 
1 442 15 401 400 5 8 8 
1 15 401 400 5 8 8 
1 442 15 401 177 5 112 8 113 8 
1 442 15 401 400 177 5 112 8 113 8 
1 442 15 401 177 5 112 8 113 8 
1 442 15 401 177 5 112 8 113 8 
1 442 15 401 177 5 112 8 113 8 
1 442 15 401 177 5 112 8 113 8 
1 442 15 401 177 5 112 8 113 8 
1 442 15 401 177 5 112 8 113 8 
1 442 15 401 400 177 5 112 8 113 8 
1 442 15 401 400 177 5 112 8 113 8 
1 442 15 401 177 5 112 8 113 8 
1 442 15 401 177 5 112 8 113 8 
1 442 15 401 177 5 112 8 113 8 
1 442 15 401 5 8 8 
1 442 15 401 5 8 8 
1 442 15 401 400 5 8 35 8 
1 442 15 51 401 313 78 5 8 8 
1 442 15 401 5 231 529 8 8 
1 442 15 401 5 21 8 68 24 35 8 
1 442 15 401 5 8 8 
1 15 401 400 5 8 8 
1 442 15 401 5 8 8 
1 442 15 401 5 8 8 
1 442 15 401 5 8 8 
1 442 15 401 400 5 8 8 
1 15 401 400 5 8 8 
1 442 15 401 5 467 8 8 
1 442 15 401 400 5 6 8 8 
1 442 15 401 400 5 62 6 63 8 8 
1 442 15 401 2 5 62 6 63 64 8 8 
1 442 15 401 400 5 62 6 63 8 8 
1 442 15 401 400 5 62 6 63 8 8 
1 442 15 401 400 5 62 6 63 8 8 
1 442 15 401 400 5 62 6 63 8 8 
1 442 15 401 400 5 62 6 63 8 8 
1 442 15 401 400 5 62 6 63 8 8 
1 442 15 401 400 5 62 6 63 8 8 
1 442 15 401 400 5 62 6 63 8 8 
1 442 15 401 400 5 62 6 63 8 8 
1 442 15 401 5 62 6 63 8 8 
1 442 15 401 5 62 6 63 8 8 
1 442 15 401 400 5 62 6 63 8 8 
1 442 15 401 400 5 62 6 63 8 8 
1 442 15 401 400 5 62 6 63 8 8 
1 442 15 401 400 5 62 6 63 8 8 
1 442 15 401 5 62 6 63 8 8 
1 442 15 401 5 8 490 8 
1 442 15 401 400 5 8 165 8 
1 74 442 15 51 401 77 78 5 62 6 63 8 8 
1 442 15 401 5 6 63 8 8 
1 442 15 401 400 5 62 6 63 8 8 
1 442 15 401 16 5 62 6 63 8 8 
1 442 15 401 5 8 8 
1 442 15 401 5 62 6 63 8 8 
1 442 15 401 400 5 8 8 
1 442 15 401 5 8 8 
1 442 15 401 400 5 8 12 8 
1 442 15 401 5 231 8 8 
1 442 15 401 400 5 8 8 
1 15 401 400 5 8 35 8 
1 442 15 401 400 5 8 35 8 
1 15 401 400 5 231 8 8 
1 442 15 401 5 8 8 
1 442 15 401 5 8 8 
1 442 15 401 161 5 8 8 
1 442 15 401 5 231 8 8 
1 442 15 401 400 5 8 397 8 
1 442 15 401 400 5 8 8 
1 442 15 401 400 5 8 8 
1 442 15 401 400 5 8 8 
1 442 15 401 400 5 8 8 
1 442 53 54 15 51 401 5 8 8 
1 442 15 401 5 8 8 
1 15 401 400 42 5 8 8 
1 442 15 401 5 8 8 
1 442 15 401 400 5 8 8 
1 442 15 401 42 108 5 8 8 
1 442 15 401 400 5 8 8 
1 442 15 401 400 5 8 8 
1 442 15 401 400 5 62 6 63 8 8 
1 442 15 401 5 62 6 63 8 8 
1 442 15 401 400 5 8 8 
1 442 15 401 400 5 8 8 
1 442 15 401 42 5 8 8 
1 442 15 401 400 5 8 8 
1 442 15 401 400 5 8 8 
1 442 15 401 5 8 8 
1 442 15 401 400 5 8 35 8 
1 442 15 401 400 5 8 8 
1 442 15 401 400 5 8 8 
1 442 15 401 400 5 8 8 
1 442 15 401 400 5 8 8 
1 442 15 401 5 8 8 
1 442 15 401 400 5 8 8 
1 442 15 401 5 231 8 8 
1 442 15 401 400 5 8 8 
1 442 15 401 5 143 8 144 8 
1 15 401 400 5 8 8 
1 442 15 401 5 62 6 63 8 8 
1 442 15 401 5 62 6 63 8 8 
1 442 15 401 400 5 62 6 63 8 8 
1 442 15 401 16 5 62 6 63 8 8 
1 15 401 400 5 231 8 8 
1 442 15 401 400 5 8 35 8 
1 442 15 401 2 5 62 6 63 8 8 
1 442 15 401 400 5 62 6 63 8 8 
1 442 15 401 5 62 6 63 8 8 
1 442 15 401 400 5 62 6 63 8 8 
1 442 15 401 400 5 62 6 63 8 8 
1 442 15 401 400 5 8 8 
1 442 15 401 400 5 231 8 8 
1 442 15 401 400 5 8 8 
1 74 442 15 51 401 77 78 5 231 8 8 
1 442 15 401 400 5 231 8 8 
1 442 15 401 400 5 231 8 8 
1 442 15 401 5 8 35 8 
1 442 15 401 400 5 8 8 
1 442 15 401 400 5 231 8 8 
1 442 15 401 5 8 12 8 
1 442 15 401 5 231 8 8 
1 15 401 400 5 8 8 
1 442 15 401 400 5 8 35 8 
1 442 15 401 400 5 8 8 
1 442 15 401 5 8 8 
1 442 15 401 42 5 8 8 
1 15 401 400 5 8 8 
1 15 401 400 5 8 8 
1 442 15 51 401 313 78 5 8 8 
1 442 15 401 5 8 8 
1 74 442 15 51 401 77 78 5 8 8 
1 442 15 401 400 5 8 8 
1 442 15 401 400 5 8 8 
1 442 15 51 401 5 8 8 
1 442 15 401 400 5 8 35 8 
1 442 15 401 400 5 8 8 
1 442 15 401 5 8 8 
1 442 15 401 5 8 8 
1 442 15 401 5 231 8 8 
1 442 15 401 400 5 8 8 
1 442 15 401 400 5 8 8 
1 442 15 401 5 8 8 
1 442 15 401 5 8 8 
1 40 442 15 401 41 42 5 8 8 
1 442 15 401 400 5 8 8 
1 442 15 401 400 5 8 8 
1 442 15 401 5 8 8 
1 442 15 401 400 5 8 8 
1 442 15 401 5 62 6 63 8 8 
1 442 15 401 400 5 467 8 8 
1 442 15 401 400 5 27 28 21 8 8 
1 442 15 401 5 231 8 8 
1 442 15 401 400 5 27 28 6 21 8 8 
1 442 15 401 5 8 8 
1 442 15 401 400 5 8 8 
1 442 15 401 5 8 35 8 
1 15 401 400 5 8 8 
1 442 15 401 400 5 8 8 
1 442 15 401 400 5 8 8 
1 442 15 401 400 5 8 8 
1 442 15 401 400 5 8 8 
1 442 15 401 5 8 8 
1 442 15 401 400 5 8 8 
1 442 15 401 5 8 8 
1 442 15 401 5 6 63 8 35 8 
1 442 15 401 5 6 63 8 35 8 
1 442 15 401 5 6 63 8 35 8 
1 442 15 401 5 6 63 8 35 8 
1 442 15 401 400 5 6 63 8 35 8 
1 442 15 401 400 5 6 63 8 35 8 
1 442 15 401 400 5 6 63 8 35 8 
1 442 15 401 400 5 6 63 8 35 8 
1 442 15 401 400 5 6 63 8 35 8 
1 442 15 401 400 5 6 63 8 35 8 
1 442 15 401 5 6 63 8 35 8 
1 442 15 401 5 6 63 8 35 8 
1 442 15 401 5 6 63 8 35 8 
1 442 15 401 5 6 63 8 35 8 
1 442 15 401 5 6 63 8 35 8 
1 442 15 401 400 5 8 35 8 
1 15 401 400 5 231 8 8 
1 442 15 401 400 5 8 8 
1 442 15 401 400 5 8 8 
1 442 15 401 400 5 8 8 
1 442 15 401 400 5 8 8 
1 442 15 51 401 313 78 5 8 8 
1 442 15 401 5 8 8 
1 442 15 401 5 8 8 
1 442 15 401 16 5 8 8 
1 442 15 401 400 5 8 8 
1 442 15 401 400 5 8 35 8 
1 442 15 401 5 8 8 
1 442 15 401 400 5 231 8 8 
1 442 15 401 2 5 8 8 
1 442 15 401 5 6 444 8 61 8 
1 442 15 401 5 8 35 8 
1 442 15 401 400 5 8 8 
1 442 15 401 400 5 8 8 
1 442 15 401 5 8 8 
1 442 15 401 5 8 36 122 8 
1 15 401 400 5 8 8 
1 442 15 401 400 5 8 8 
1 442 54 15 51 401 5 8 8 
1 442 15 401 400 5 8 8 
1 442 15 401 400 5 8 8 
1 442 15 401 5 8 8 
1 442 15 401 5 231 8 8 
1 442 15 401 5 231 8 8 
1 442 15 401 400 5 8 35 8 
1 15 401 400 5 8 8 
1 442 15 401 5 8 8 
1 442 15 401 5 8 8 
1 442 15 401 400 5 8 35 8 
1 442 15 401 5 8 8 
1 442 15 401 5 8 8 
1 442 15 401 400 5 8 8 
1 442 15 401 5 8 8 
1 442 15 401 5 8 8 
1 442 15 401 400 5 6 63 8 10 8 
1 442 15 401 5 8 8 
1 442 15 401 5 8 35 8 
1 442 15 401 400 5 8 8 
1 442 15 401 38 39 5 8 8 
1 442 15 401 16 5 6 63 8 8 
1 442 15 401 42 5 231 8 8 
1 442 15 401 400 5 62 6 63 8 8 
1 15 401 400 5 8 8 
1 442 15 401 400 5 6 8 8 
1 15 401 400 5 519 8 8 
1 442 15 401 400 5 62 6 63 8 8 
1 442 15 401 5 8 8 
1 442 15 401 5 8 35 8 
1 442 15 401 400 5 8 35 8 
1 442 15 401 5 8 8 
1 442 15 401 5 8 8 
1 442 15 401 5 8 8 
1 442 15 401 5 8 8 
1 442 15 401 5 8 8 
1 442 15 401 400 5 231 8 8 
1 442 15 401 5 377 162 8 8 
1 442 15 401 5 8 8 
1 442 15 401 400 5 8 8 
1 442 15 401 42 5 8 8 
1 442 15 401 5 8 8 
1 442 15 401 400 5 8 8 
1 442 15 401 5 231 8 8 
1 442 15 401 400 5 176 162 8 8 
1 442 15 401 400 5 8 8 
1 442 15 401 5 8 8 
1 442 15 401 5 8 35 8 
1 442 15 401 5 8 8 
1 442 15 401 5 8 8 
1 15 401 400 43 5 8 8 
1 442 15 401 400 5 8 8 
1 442 15 401 400 5 8 8 
1 442 15 401 5 8 8 
1 442 15 401 5 8 8 
1 442 15 401 5 8 8 
1 442 15 401 5 8 35 8 
1 442 15 401 400 5 8 8 
1 15 401 400 5 8 8 
1 442 15 401 400 5 8 8 
1 442 15 401 400 5 8 8 
1 442 15 401 5 8 8 
1 442 54 15 51 401 5 8 8 
1 442 15 401 5 143 8 144 8 
1 442 15 401 5 8 8 
1 442 15 401 400 5 8 8 
1 442 15 401 5 8 8 
1 442 15 401 400 5 8 8 
1 442 15 401 5 8 8 
1 442 15 401 5 8 8 
1 442 15 401 5 8 8 
1 442 15 401 42 5 8 8 
1 442 15 401 5 8 8 
1 442 15 401 5 162 8 8 
1 442 15 401 5 8 8 
1 442 15 401 5 8 8 
1 442 15 401 400 5 8 8 
1 442 15 401 5 8 8 
1 442 15 401 5 8 8 
1 442 15 401 400 5 8 8 
1 442 15 401 400 5 8 8 
1 442 15 401 5 8 8 
1 442 15 401 5 8 8 
1 74 442 15 51 401 77 78 5 8 8 
1 442 15 401 400 5 8 8 
1 442 15 401 43 5 8 8 
1 442 15 401 400 5 8 8 
1 442 15 401 5 8 8 
1 442 15 401 5 8 8 
1 442 15 401 400 5 8 8 
1 442 15 401 5 8 8 
1 442 15 401 5 8 8 
1 442 15 401 400 5 8 8 
1 442 15 401 5 8 8 
1 442 15 401 400 5 8 8 
1 442 15 401 400 5 8 8 
1 442 15 401 5 8 8 
1 442 15 401 400 5 231 8 8 
1 442 15 401 5 8 8 
1 442 15 401 5 8 8 
1 442 15 401 5 8 8 
1 442 15 401 5 8 8 
1 442 15 401 400 5 8 8 
1 442 15 401 5 8 8 
1 442 15 401 5 8 8 
1 442 15 401 5 8 8 
1 442 15 401 400 5 8 8 
1 442 15 401 400 5 8 8 
1 442 15 401 400 5 8 8 
1 442 15 401 400 5 8 8 
1 442 15 401 5 8 8 
1 74 442 15 51 401 77 78 5 8 8 
1 442 15 401 400 5 8 8 
1 442 15 401 400 5 8 8 
1 442 15 401 400 5 8 8 
1 442 15 401 5 8 8 
1 442 15 401 5 8 8 
1 442 15 401 5 8 8 
1 442 15 401 5 8 8 
1 442 15 401 5 8 8 
1 442 15 401 5 8 8 
1 442 15 401 5 8 8 
1 442 15 401 5 8 8 
1 442 15 401 5 8 8 
1 442 15 401 400 5 8 8 
1 442 15 401 5 8 8 
1 442 15 401 5 8 8 
1 442 15 401 5 8 8 
1 442 15 401 5 8 8 
1 442 15 401 400 5 8 8 
1 442 15 401 400 5 8 8 
1 442 15 401 16 5 8 8 
1 15 401 400 5 8 8 
1 442 15 401 400 5 8 8 
1 442 15 401 5 8 8 
1 442 15 401 5 8 8 
1 442 15 401 400 5 8 8 
1 442 15 401 5 8 8 
1 442 15 401 400 5 8 8 
1 442 15 401 5 8 8 
1 442 15 401 5 8 8 
1 184 442 15 401 185 5 8 8 
1 442 15 401 400 5 8 8 
1 442 15 401 400 5 8 8 
1 442 15 401 400 5 8 8 
1 442 15 401 5 8 8 
1 442 15 401 400 5 8 8 
1 442 15 401 5 8 8 
1 442 15 401 43 5 8 8 
1 442 15 401 5 8 8 
1 442 15 401 400 5 8 8 
1 442 15 401 5 8 8 
1 442 15 401 5 8 8 
1 442 15 401 5 8 8 
1 442 15 401 5 8 8 
1 442 15 401 5 162 8 8 
1 442 15 401 5 8 8 
1 442 15 401 5 8 8 
1 442 15 401 5 8 8 
1 442 15 401 5 8 8 
1 442 15 401 5 8 8 
1 442 15 401 5 8 8 
1 442 15 401 5 8 8 
1 442 15 401 5 8 8 
1 442 15 401 5 8 8 
1 442 15 401 5 8 8 
1 442 15 401 5 8 8 
1 442 15 401 5 8 8 
1 442 15 401 400 5 8 8 
1 442 15 401 400 5 8 8 
1 442 15 401 5 8 8 
1 442 15 401 400 5 8 8 
1 442 15 401 5 8 8 
1 74 442 15 51 401 77 78 5 8 8 
1 74 442 15 51 401 77 78 5 8 8 
1 442 15 401 400 5 8 8 
1 74 442 15 51 401 77 78 5 8 8 
1 442 15 401 400 5 8 8 
1 442 15 401 5 8 8 
1 442 15 401 5 8 8 
1 442 15 401 5 8 8 
1 442 15 401 5 8 8 
1 442 15 401 5 8 8 
1 442 15 401 5 8 8 
1 442 15 401 5 8 8 
1 442 15 401 5 8 8 
1 442 15 401 5 8 8 
1 442 15 401 400 5 8 8 
1 442 15 401 5 8 8 
1 442 15 401 5 8 8 
1 442 15 401 400 5 8 8 
1 442 15 401 400 5 8 8 
1 442 15 401 400 5 8 8 
1 442 15 401 5 8 8 
1 15 401 400 5 8 8 
1 442 15 401 5 8 8 
1 442 15 401 5 8 8 
1 442 15 401 400 5 8 8 
1 442 15 401 5 8 8 
1 442 15 401 5 8 8 
1 442 15 401 5 8 8 
1 442 15 401 5 8 8 
1 442 15 401 5 8 8 
1 15 401 400 5 8 8 
1 442 15 401 5 8 8 
1 442 15 401 5 8 8 
1 442 15 401 5 8 8 
1 442 15 401 5 8 8 
1 442 15 401 5 8 8 
1 442 15 401 5 8 8 
1 442 15 401 400 5 8 8 
1 442 15 401 5 8 8 
1 442 15 401 5 8 8 
1 442 15 401 5 8 8 
1 442 15 401 400 5 8 8 
1 15 401 400 5 8 8 
1 442 15 401 5 8 8 
1 442 15 401 5 8 8 
1 442 15 401 5 8 8 
1 442 15 401 5 8 8 
1 15 401 400 5 8 8 
1 442 15 401 5 8 8 
1 442 15 401 5 8 8 
1 442 15 401 5 8 8 
1 442 15 401 5 8 8 
1 442 15 401 400 5 8 8 
1 442 15 401 400 5 8 8 
1 442 15 401 5 8 8 
1 442 15 401 5 8 8 
1 442 15 401 5 8 8 
1 442 15 401 5 8 8 
1 442 15 401 400 5 8 8 
1 442 15 401 5 8 8 
1 442 54 15 51 401 5 8 8 
1 442 15 401 42 108 5 8 8 
1 442 15 401 400 5 8 8 
1 15 401 400 5 8 8 
1 442 15 401 5 8 8 
1 442 15 401 5 8 8 
1 442 15 401 5 8 8 
1 442 15 401 400 5 8 8 
1 442 15 401 5 8 8 
1 442 15 401 400 5 8 8 
1 442 15 401 400 5 8 8 
1 442 15 401 5 8 8 
1 442 15 401 5 8 8 
1 442 15 401 400 5 8 8 
1 442 15 401 5 8 8 
1 442 15 401 400 5 8 8 
1 442 15 401 400 5 8 8 
1 442 15 401 5 8 8 
1 442 15 401 5 8 8 
1 442 15 401 400 5 8 8 
1 442 15 401 400 5 8 8 
1 442 15 401 5 8 8 
1 442 15 401 400 5 8 8 
1 442 15 401 5 8 8 
1 442 15 401 400 5 8 8 
1 442 15 401 400 5 8 8 
1 442 15 401 381 5 8 8 
1 442 15 401 5 8 8 
1 442 15 401 400 5 8 8 
1 442 15 401 5 8 8 
1 442 15 401 5 8 8 
1 442 15 401 5 8 8 
1 442 15 401 400 5 8 8 
1 442 15 401 5 8 8 
1 442 15 401 5 8 8 
1 442 15 401 400 5 8 8 
1 442 15 401 5 8 8 
1 442 15 401 5 8 8 
1 442 15 401 400 5 8 8 
1 442 15 401 5 8 8 
1 442 15 401 5 8 8 
1 442 15 401 400 5 8 8 
1 442 15 401 5 8 8 
1 442 15 401 5 8 8 
1 442 15 401 5 8 8 
1 442 15 401 5 8 8 
1 15 401 400 5 8 8 
1 442 15 401 5 8 8 
1 442 15 401 5 8 8 
1 442 15 401 5 8 8 
1 442 15 401 400 5 8 8 
1 442 15 401 400 5 8 8 
1 442 15 401 400 5 8 8 
1 442 53 54 15 51 401 5 8 8 
1 442 15 401 5 8 8 
1 442 15 401 5 8 8 
1 442 15 401 5 8 8 
1 442 15 401 5 8 8 
1 442 15 401 5 8 8 
1 442 15 401 5 8 8 
1 442 15 401 5 8 8 
1 442 15 401 400 5 8 8 
1 442 15 401 400 5 8 8 
1 442 15 401 5 8 8 
1 442 15 401 5 8 8 
1 442 15 401 5 8 8 
1 442 15 401 400 5 8 8 
1 442 15 401 5 8 8 
1 442 15 401 5 8 8 
1 15 401 400 5 8 8 
1 442 15 401 5 8 8 