1 295 140 19 2 141 536 10 11 125 536 
1 295 140 19 2 141 536 10 11 125 536 
1 295 140 19 2 141 536 10 11 125 536 
1 295 140 19 2 141 536 10 11 125 536 
1 295 140 19 2 141 536 10 11 125 536 
1 295 140 19 2 141 536 10 11 125 536 
1 295 140 19 2 141 536 10 11 125 536 
1 295 140 19 2 141 536 10 11 125 536 
1 295 140 19 2 141 536 10 11 125 536 
1 295 140 19 2 141 536 10 11 125 536 
1 295 140 19 2 141 536 10 11 125 536 
1 295 140 19 2 141 536 10 11 125 536 
1 295 140 19 2 141 536 10 11 125 536 
1 295 140 19 2 141 536 10 11 125 536 
1 295 140 19 2 141 536 10 11 125 536 
1 295 140 19 2 141 536 10 11 125 536 
1 295 140 19 2 141 536 10 11 125 536 
1 295 140 19 2 141 536 10 11 125 536 
1 295 140 19 2 141 536 10 11 125 536 
1 295 140 19 2 141 536 10 11 125 536 
1 295 140 19 2 141 536 10 11 125 536 
1 295 140 19 2 141 536 10 11 125 536 
1 295 140 19 2 141 536 10 11 125 536 
1 295 140 19 2 141 536 10 11 125 536 
1 295 140 19 2 141 536 10 11 125 536 
1 295 140 19 2 141 536 10 11 125 536 
1 295 140 19 2 141 536 10 11 125 536 
1 295 140 19 2 141 536 10 11 125 536 
1 295 140 19 2 141 5 536 8 10 11 125 536 
1 295 140 19 2 141 536 10 11 125 536 
1 295 140 19 2 141 536 10 11 125 536 
1 295 140 19 2 141 536 10 11 125 536 
1 295 140 19 2 141 536 10 11 125 536 
1 295 140 19 2 141 536 10 11 125 536 
1 295 140 19 2 141 536 10 11 125 536 
1 295 140 19 2 141 536 10 11 125 536 
1 295 140 19 2 141 536 10 11 125 536 
1 295 140 19 2 141 536 10 11 125 536 
1 295 140 19 2 141 536 10 11 125 536 
1 295 140 19 2 141 536 10 11 125 536 
1 295 140 19 38 2 229 141 536 10 11 125 536 
1 295 140 19 2 141 536 10 11 125 536 
1 295 140 19 2 141 536 10 11 125 536 
1 295 140 19 2 141 536 10 11 125 536 
1 295 140 19 2 141 536 10 11 125 536 
1 295 140 19 2 141 536 10 11 125 536 
1 295 140 19 2 141 536 10 11 125 536 
1 295 140 19 2 141 536 10 11 125 536 
1 295 140 19 2 141 536 10 11 125 536 
1 295 140 19 2 141 536 10 11 125 536 
1 295 140 19 2 141 536 10 11 125 536 
1 295 140 19 2 141 536 10 11 125 536 
1 295 140 19 2 141 536 10 11 125 536 
1 295 140 19 2 141 536 10 11 125 536 
1 295 140 19 2 141 536 10 11 125 536 
1 295 140 19 2 141 536 10 11 125 536 
1 295 140 19 2 141 536 10 11 125 536 
1 295 140 19 2 141 536 10 11 125 536 
1 295 140 19 2 141 536 10 11 125 536 
1 295 140 19 2 141 536 10 11 125 536 
1 295 140 19 2 141 536 10 11 125 536 
1 295 140 19 2 141 536 10 11 125 536 
1 295 140 19 2 141 536 10 11 125 536 
1 295 140 19 2 141 536 10 11 125 536 
1 295 140 19 2 141 536 10 11 125 536 
1 295 140 19 2 141 536 10 11 125 536 
1 295 140 19 2 141 536 10 11 125 536 
1 295 140 19 2 141 536 10 11 125 536 
1 295 140 19 2 141 536 10 11 125 536 
1 295 140 19 2 141 536 10 11 125 536 
1 295 140 19 2 141 536 10 11 125 536 
1 295 140 19 2 141 536 10 11 125 536 
1 295 140 19 2 141 536 10 11 125 536 
1 295 140 19 2 141 536 10 11 125 536 
1 295 140 19 2 141 536 10 11 125 536 
1 295 140 19 2 141 536 10 11 125 536 
1 295 140 19 2 141 536 10 11 125 536 
1 295 140 19 2 141 536 10 11 125 536 
1 295 140 19 2 141 536 10 11 125 536 
1 295 140 19 2 141 536 10 11 125 536 
1 295 140 19 2 141 536 10 11 125 536 
1 295 140 19 2 141 536 10 11 125 536 
1 295 140 19 2 141 536 10 11 125 536 
1 295 140 19 2 141 536 10 11 125 536 
1 295 140 19 2 141 536 10 11 125 536 
1 295 140 19 2 141 536 10 11 125 536 
1 295 140 19 2 141 536 10 11 125 536 
1 295 140 19 2 141 536 10 11 125 536 
1 295 140 19 2 141 536 10 11 125 536 
1 295 140 19 2 141 536 10 11 125 536 
1 295 140 19 2 141 536 10 11 125 536 
1 295 140 19 2 141 536 10 11 125 536 
1 295 140 19 2 141 536 10 11 125 536 