749 701 5 171 417 162 8 416 8 
749 701 5 171 162 8 416 8 
749 701 5 162 8 8 
749 701 5 162 8 419 8 
749 701 5 162 8 8 
749 701 5 423 162 8 8 
749 701 5 162 8 8 
749 701 5 8 8 
749 701 5 8 8 
749 701 5 171 162 8 416 8 
749 701 5 8 8 
749 701 5 8 8 
749 701 5 8 8 
749 701 5 162 8 8 
749 701 5 8 8 
749 701 5 162 8 425 8 
749 701 5 162 8 8 
749 701 5 171 417 162 8 416 8 
749 701 5 171 417 162 8 416 8 
749 701 5 8 69 70 8 
749 701 5 8 69 70 8 
749 701 5 8 69 70 8 
749 701 5 8 69 70 8 
749 701 5 8 69 70 8 
749 701 5 171 417 162 8 416 8 
749 701 5 171 162 8 172 8 
749 701 5 171 417 162 8 8 
1 749 701 2 5 162 8 8 
749 701 5 8 8 
749 701 5 162 227 8 8 
749 701 5 162 8 8 
749 701 5 8 120 8 
749 701 5 415 162 8 8 
749 701 5 162 8 8 
749 701 5 118 162 8 119 36 8 
749 701 5 162 8 8 
749 701 5 162 8 8 
749 701 5 171 162 8 416 8 
749 701 5 171 162 8 416 8 
749 701 5 8 120 8 
749 51 701 78 5 415 162 8 8 
749 701 5 176 162 8 8 
749 701 5 171 162 418 8 8 
749 701 5 101 8 8 
749 701 5 101 8 8 
749 701 5 171 162 418 8 8 
749 701 5 162 8 8 
749 701 5 8 35 8 
749 701 5 8 8 
749 701 5 162 8 8 
749 701 5 162 8 8 
749 51 701 78 5 162 8 8 
749 701 5 162 8 8 
749 701 5 162 8 8 
749 701 5 162 8 8 
749 701 5 162 8 8 
749 701 5 415 162 8 8 
749 701 5 171 162 8 416 8 
749 701 5 171 162 8 416 8 
749 701 5 8 8 
749 701 5 171 162 8 416 8 
749 701 5 162 8 8 
749 701 5 162 8 8 
749 701 5 162 8 8 
749 701 5 162 8 8 
749 701 5 171 162 8 416 8 
749 701 5 415 162 8 8 
749 701 5 162 8 8 
749 701 5 171 162 8 416 8 
749 701 5 162 8 8 
749 51 701 78 5 171 162 8 416 8 
749 51 701 78 5 423 162 8 8 
749 701 5 8 8 
749 51 701 78 5 8 8 
749 701 5 162 8 8 
749 701 5 171 162 418 8 8 
749 701 5 8 8 
749 701 5 171 162 418 8 8 
749 701 5 162 8 8 
749 701 5 8 8 
749 701 5 162 8 8 
749 701 5 162 8 419 8 
749 701 5 8 8 
749 701 5 8 8 
749 701 5 162 8 8 
749 701 5 162 8 8 
749 701 5 8 8 
749 701 5 162 8 8 
749 701 5 162 8 8 
749 701 5 162 8 8 
749 701 5 162 8 8 
749 701 5 162 8 8 
749 701 5 8 8 
749 701 5 162 8 8 
749 701 5 162 8 8 
749 701 5 162 8 8 
749 701 5 8 142 36 8 
749 701 5 415 162 8 8 
749 701 5 162 8 8 
749 701 5 162 8 8 
749 701 5 162 8 8 
749 701 5 162 8 8 
749 701 5 162 8 419 8 
749 701 5 162 8 8 
749 701 5 162 8 8 
749 701 5 415 162 8 8 
749 701 5 162 8 8 
749 701 5 8 8 
749 701 5 162 8 8 
749 701 5 162 8 8 
749 701 5 162 8 8 
749 701 5 162 8 8 
749 701 5 171 162 8 416 8 
749 701 5 415 162 8 8 
749 701 5 8 8 
749 701 5 162 8 8 
749 701 5 162 8 8 
749 701 5 8 8 
749 701 5 162 8 8 
749 701 5 8 8 
749 701 5 171 417 162 8 416 8 
749 701 5 8 8 
749 701 5 8 8 
749 701 5 162 8 425 8 
749 701 5 415 162 8 8 
749 51 701 78 5 171 162 8 416 8 
749 701 5 162 8 8 
749 701 5 423 162 8 8 
749 701 5 162 8 8 
749 701 5 423 162 8 8 
749 701 5 171 162 418 8 8 
749 701 5 162 8 8 
749 701 5 171 162 8 416 8 
749 51 701 78 5 162 8 8 
749 701 5 171 162 418 8 8 
749 51 701 78 5 171 162 8 416 8 
749 701 5 415 162 8 8 
749 701 5 162 8 8 
749 701 5 162 8 8 
749 701 5 162 8 8 
749 701 5 171 162 418 8 8 
749 51 701 78 5 377 162 8 8 
749 701 5 152 8 153 69 70 8 
749 701 5 8 35 8 
749 701 5 8 8 
749 701 5 8 8 
749 51 701 78 5 171 162 418 8 8 
749 701 5 171 162 418 8 8 
749 701 5 162 8 8 
749 701 5 8 8 
749 51 701 78 5 162 8 8 
749 701 5 171 162 8 172 8 
749 701 5 162 8 8 
749 701 5 162 8 8 
749 701 5 162 8 8 
749 701 5 162 8 8 
749 701 5 162 8 8 
749 51 701 78 5 171 162 418 8 8 
1 749 701 2 5 171 162 8 391 8 
749 701 5 162 8 8 
749 701 5 162 8 8 
749 701 5 118 162 8 119 36 8 
749 701 5 162 8 8 
749 701 5 171 417 162 8 416 8 
749 701 5 162 8 419 8 
749 701 5 118 162 8 119 36 8 
749 701 5 171 162 8 391 8 
749 51 701 78 5 171 162 8 416 8 
749 701 5 171 162 8 416 8 
749 701 5 171 162 8 391 8 
749 701 5 8 8 
749 701 5 171 417 162 8 416 8 
749 701 5 171 162 8 416 8 
749 701 5 8 8 
749 701 5 171 162 418 8 8 
749 701 5 162 8 8 
749 701 5 162 25 227 8 432 8 
749 701 5 176 162 8 8 
749 701 5 171 417 162 8 416 8 
749 701 5 171 162 8 416 8 
749 701 5 171 162 8 416 8 
749 701 5 8 8 
749 701 5 171 162 418 8 8 
749 701 5 171 162 8 416 8 
749 701 5 415 162 8 8 
749 701 5 162 8 8 
749 701 5 171 162 8 416 8 
749 701 5 171 417 162 8 416 8 
749 701 5 8 8 
749 701 5 171 162 8 416 8 
749 701 5 171 162 8 416 8 
749 701 5 171 162 8 416 8 
749 701 5 162 8 8 
749 701 5 162 8 8 
749 701 5 162 8 8 
749 701 5 171 417 162 8 416 8 
749 701 5 162 8 8 
749 701 5 162 8 8 
749 701 5 162 8 8 
749 701 5 415 162 8 8 
749 701 5 171 162 8 416 8 
749 701 5 171 417 162 8 416 8 
749 701 5 162 8 8 
749 701 5 8 8 
749 701 5 8 8 
749 701 5 171 162 8 416 8 
749 701 5 171 417 162 8 8 
749 701 5 8 8 
749 701 5 162 8 8 
749 701 5 162 8 8 
749 701 5 162 8 8 
749 701 5 162 8 8 
749 701 5 171 162 418 8 8 
749 701 5 162 8 8 
749 701 5 8 8 
749 701 5 8 8 
749 701 5 162 8 8 
749 701 5 8 8 
749 701 5 8 8 
749 701 5 8 8 
749 701 5 8 8 
749 701 5 162 8 8 
749 701 5 8 8 
749 701 5 8 8 
749 701 5 8 8 
749 701 5 8 8 
749 701 5 162 8 8 
749 701 5 8 8 
749 701 5 162 8 8 
749 701 5 8 8 
749 701 5 162 8 8 
749 701 5 162 8 8 
749 701 5 162 8 8 
749 701 5 239 162 8 8 
749 701 5 6 64 63 8 8 
749 701 5 162 8 8 
749 701 5 162 8 188 8 
749 701 5 162 8 188 8 
749 701 5 171 162 8 416 8 
749 701 5 162 8 8 
749 701 5 162 8 8 
749 701 5 240 404 162 8 405 8 
749 701 5 8 8 
749 701 5 162 8 8 
749 701 5 162 8 8 
749 701 5 27 28 377 21 162 8 8 
749 701 5 162 8 8 
749 701 5 415 162 8 8 
749 701 5 6 8 61 8 
749 701 5 6 8 61 8 
749 701 5 6 8 61 8 
749 701 5 6 8 61 8 
749 701 5 162 8 8 
749 701 5 171 162 8 416 8 
749 701 5 434 162 8 8 
749 701 5 162 8 419 8 
749 701 5 162 227 8 8 
749 701 5 8 8 
749 701 5 415 162 8 8 
749 701 5 162 8 8 
749 701 5 415 162 8 8 
749 701 5 162 8 8 
749 701 5 162 8 8 
749 51 701 78 5 171 162 8 416 8 
749 701 5 171 162 418 8 8 
749 701 5 171 417 162 8 416 8 
749 701 5 171 162 418 8 8 
749 51 701 78 5 171 162 8 416 8 
749 701 5 171 162 418 8 8 
749 701 5 171 162 8 416 8 
749 701 5 162 8 8 
749 701 5 8 8 
749 701 5 162 8 8 
749 701 5 171 162 8 416 8 
749 701 5 171 417 162 8 8 
749 701 5 8 8 
749 701 5 8 8 
749 701 5 171 417 162 8 416 8 
749 701 5 171 162 8 416 8 
749 701 5 171 162 8 172 8 
749 701 5 8 8 
749 701 5 171 162 8 416 8 
749 701 5 162 8 8 
749 701 5 8 8 
749 701 5 8 8 
749 701 5 8 8 
749 701 5 8 8 
749 701 5 8 8 
749 701 5 171 162 418 8 8 
749 701 5 118 162 8 119 36 8 
749 701 5 118 162 8 119 36 8 
749 701 5 171 344 162 8 172 8 
164 1 749 15 701 5 8 8 
749 701 5 171 162 418 8 8 
749 701 5 162 8 8 
749 701 5 162 8 8 
749 701 5 162 8 8 
749 701 5 162 8 8 
749 701 5 8 8 
749 701 5 171 162 8 416 8 
1 749 701 5 171 162 8 416 8 
749 701 5 171 162 8 416 8 
749 701 5 162 8 8 
749 701 5 162 8 8 
749 701 5 162 8 8 
749 701 5 8 8 
749 701 5 8 8 
749 701 5 8 8 
749 701 5 171 417 162 8 416 8 
749 701 5 171 162 8 416 8 
749 701 5 171 162 8 416 8 
749 701 5 118 8 119 36 8 
749 701 5 8 8 
749 701 5 171 162 418 8 8 
749 701 5 162 8 8 
749 701 5 171 162 418 8 8 
749 701 5 162 8 8 
749 701 5 8 8 
749 51 701 78 5 8 8 
749 701 5 8 8 
749 701 5 8 8 
749 701 5 8 8 
749 701 5 239 162 8 8 
749 701 5 171 162 8 172 8 
749 701 5 8 8 
749 701 5 239 162 8 8 
749 701 5 162 8 8 
749 701 5 8 8 
749 701 5 171 162 8 416 8 
749 51 701 78 5 8 8 
749 701 5 118 8 119 36 8 
749 701 5 171 162 8 416 8 
749 701 5 415 162 8 8 
749 701 5 171 162 8 416 8 
749 701 5 101 8 8 
749 701 5 171 162 418 8 8 
749 701 5 162 8 188 8 
164 1 749 15 701 5 423 162 8 8 
749 701 5 199 8 200 8 
749 701 5 162 8 8 
749 701 5 171 162 418 8 8 
749 701 5 162 8 8 
749 701 5 415 162 8 8 
749 701 5 162 227 8 8 
749 701 5 162 8 8 
749 701 5 8 12 8 
749 701 5 171 162 8 416 8 
749 51 701 78 5 118 162 8 119 36 8 
749 701 5 240 162 227 8 242 8 
749 701 5 240 162 227 8 242 8 
749 701 5 171 162 418 8 8 
749 701 5 162 8 425 8 
749 701 5 162 8 36 122 8 
749 701 5 6 101 23 8 208 8 
749 701 5 162 8 8 
749 701 5 171 162 418 8 8 
749 701 5 415 162 8 8 
749 701 5 8 8 
749 701 5 162 8 8 
749 701 5 171 162 418 8 8 
749 701 5 162 8 8 
749 701 5 162 8 8 
749 701 5 162 8 142 36 8 
749 701 5 118 8 119 36 8 
749 701 5 118 162 8 119 36 8 
749 701 5 118 8 119 36 8 
749 701 5 162 8 8 
749 701 5 162 8 8 
749 701 5 162 8 8 
749 701 5 162 8 8 
749 701 5 8 8 
749 701 5 162 8 8 
749 51 701 78 5 162 8 8 
749 701 5 162 8 8 
749 701 5 162 8 8 
749 701 5 171 162 8 416 8 
749 701 5 171 162 8 416 8 
749 701 5 162 8 8 
749 701 5 162 8 8 
749 701 5 8 8 
749 701 5 162 8 425 8 
749 701 5 8 8 
749 701 5 162 8 8 
749 701 5 8 8 
749 701 5 423 162 8 8 
749 701 5 162 8 8 
749 701 5 8 8 
749 701 5 162 8 8 
749 701 5 118 162 8 119 36 8 
749 701 5 434 162 8 8 
749 701 5 162 8 8 
749 701 5 162 8 8 
749 701 5 171 162 8 172 8 
749 701 5 162 8 8 
749 701 5 162 8 8 
749 701 5 415 162 8 8 
749 701 5 171 162 8 416 8 
749 701 5 171 162 418 8 8 
749 701 5 171 417 162 8 416 8 
749 701 5 8 8 
749 701 5 162 8 8 
749 701 5 171 162 8 172 8 
749 701 5 377 162 8 8 
749 701 5 8 8 
749 701 5 162 8 8 
749 701 5 162 8 8 
749 701 5 171 162 418 8 8 
749 701 5 162 8 8 
749 701 5 434 162 8 8 
749 701 5 434 162 8 8 
749 701 5 171 417 162 8 416 8 
749 701 5 162 8 8 
749 701 5 162 8 8 
749 701 5 162 8 8 
749 701 5 162 8 8 
749 701 5 415 162 8 8 
749 701 5 162 8 8 
749 701 5 171 162 418 8 8 
749 701 5 162 8 8 
749 701 5 8 8 
749 701 5 162 8 8 
749 701 5 415 162 8 8 
749 701 5 162 8 8 
749 701 5 162 227 8 8 
749 701 5 8 35 8 
749 51 701 78 5 8 35 8 
749 701 5 8 8 
749 701 5 162 8 8 
749 701 5 8 8 
749 51 701 78 5 118 162 8 119 36 8 
749 701 5 162 8 8 
749 701 5 162 8 8 
749 701 5 162 8 8 
749 701 5 8 8 
749 701 5 162 8 530 8 
749 701 5 8 8 
749 701 5 162 8 8 
749 701 5 8 8 
749 701 5 171 162 418 8 8 
749 701 5 8 8 
749 701 5 8 8 
749 701 5 162 8 8 
749 701 5 171 162 8 416 8 
749 701 5 171 162 8 416 8 
749 701 5 171 162 8 172 8 
749 701 5 162 8 8 
749 701 5 162 8 8 
749 701 5 8 8 
749 701 5 171 417 162 8 416 8 
749 701 5 162 8 8 
749 701 5 171 162 8 416 8 
749 701 5 162 8 425 8 
749 701 5 162 8 8 
749 701 5 162 8 8 
749 701 5 162 8 425 8 
749 701 5 162 8 8 
749 701 5 162 8 8 
749 701 5 8 8 
749 701 5 162 8 8 
749 701 5 162 8 419 8 
749 701 5 162 227 8 8 
749 701 5 171 162 418 8 8 
749 701 5 162 8 8 
749 701 5 8 8 
749 701 5 171 417 162 8 8 
749 701 5 171 417 162 8 416 8 
749 701 5 171 417 162 8 8 
749 51 701 78 5 415 162 8 12 8 
749 701 5 171 162 8 416 8 
749 701 5 162 8 8 
749 701 5 162 8 425 8 
749 701 5 171 162 8 391 8 
749 701 5 171 162 8 391 8 
749 701 5 171 162 418 8 8 
749 701 5 162 8 188 8 
749 701 5 171 162 8 416 8 
749 701 5 8 8 
749 701 5 171 162 418 8 8 
749 701 5 8 8 
749 701 5 8 8 
749 701 5 162 8 8 
749 701 5 162 8 8 
749 701 5 176 162 8 8 
749 701 5 171 162 418 8 8 
749 701 5 8 8 
749 701 5 162 8 8 
749 701 5 162 8 8 
749 701 5 162 8 35 8 
749 701 5 171 162 8 172 8 
749 701 5 162 8 8 
749 701 5 162 8 8 
749 701 5 162 8 8 
749 701 5 171 162 8 416 8 
749 701 5 8 8 
749 51 701 78 5 162 8 8 
749 701 5 162 8 8 
749 701 5 171 417 162 8 416 8 
749 701 5 171 162 418 8 8 
749 701 5 162 8 8 
749 701 5 8 8 
749 701 5 8 8 
749 701 5 171 162 8 416 8 
749 701 5 171 162 8 416 8 
749 701 5 8 8 
749 701 5 8 8 
749 701 5 162 8 8 
749 701 5 162 8 8 
749 701 5 162 8 8 
749 701 5 171 417 162 8 416 8 
749 701 5 162 8 8 
749 701 5 8 8 
749 701 5 8 8 
749 701 5 8 8 
749 701 5 8 8 
749 701 5 162 8 8 
749 701 5 162 8 8 
749 701 5 171 162 418 8 8 
749 701 5 8 8 
749 701 5 162 8 8 
749 701 5 162 8 8 
749 701 5 171 162 418 8 8 
749 51 701 78 5 8 8 
749 701 5 8 8 
749 701 5 171 162 418 8 8 
749 701 5 171 162 418 8 8 
749 701 5 415 162 8 8 
749 701 5 171 162 418 8 8 
749 701 5 171 162 8 172 8 
749 701 5 8 8 
749 701 5 162 8 8 
749 701 5 162 8 8 
749 701 5 162 8 8 
749 701 5 8 8 
749 701 5 8 8 
749 701 5 8 8 
749 701 5 8 8 
749 701 5 162 8 35 8 
749 701 5 162 8 8 
749 701 5 162 8 8 
749 701 5 423 162 8 8 
749 701 5 162 8 8 
749 701 5 162 8 8 
749 701 5 162 8 8 
749 701 5 162 8 8 
749 701 5 162 8 8 
749 51 701 78 5 171 162 8 416 8 
749 701 5 162 8 8 
749 701 5 162 8 8 
749 701 5 171 417 162 8 416 8 
749 701 5 171 417 162 8 416 8 
749 701 5 171 162 8 416 8 
749 701 5 162 8 419 8 
749 701 5 171 417 162 8 416 8 
749 701 5 171 162 8 416 8 
749 701 5 8 8 
749 701 5 8 8 
749 701 5 423 162 8 8 
749 701 5 423 162 8 8 
749 701 5 8 8 
749 701 5 162 8 425 8 
749 701 5 162 8 8 
749 701 5 171 162 8 416 8 
749 701 5 162 8 8 
749 701 5 423 162 8 8 
749 701 5 162 221 8 8 
749 701 5 162 8 8 
749 51 701 78 5 171 162 418 8 8 
749 701 5 171 162 8 416 8 
749 701 5 162 8 8 
749 701 5 162 8 8 
749 701 5 171 162 8 416 8 
749 701 5 162 8 8 
749 701 5 171 162 8 416 8 
749 701 5 171 162 8 416 8 
749 701 5 162 8 8 
749 701 5 162 8 8 
749 701 5 8 8 
749 701 5 8 8 
749 701 5 171 162 8 172 8 
749 701 5 171 162 8 416 8 
749 701 5 171 162 8 172 8 
749 701 5 8 8 
749 701 5 162 8 8 
749 701 5 162 8 8 
749 701 5 8 8 
749 701 5 8 8 
749 701 5 8 8 
749 701 5 8 8 
749 701 5 162 8 8 
749 701 5 377 162 8 8 
749 701 5 162 8 8 
749 701 5 8 8 
749 701 5 8 8 
749 701 5 8 8 
749 701 5 162 8 8 
749 701 5 8 8 
749 701 5 8 8 
749 701 5 8 8 
749 701 5 8 8 
749 701 5 8 8 
749 701 5 8 8 
749 701 5 8 8 
749 701 5 8 8 
749 701 5 8 8 
749 701 5 8 8 
749 701 5 8 8 
749 701 5 8 8 
749 701 5 8 8 
749 701 5 8 8 
749 701 5 8 8 
749 701 5 8 8 
749 701 5 8 8 
749 701 5 8 8 
749 701 5 8 8 
749 701 5 8 8 
749 701 5 8 8 
749 701 5 8 8 
749 701 5 8 8 
749 701 5 8 8 
749 701 5 8 8 
749 701 5 8 8 
749 701 5 8 8 
749 701 5 8 8 
749 701 5 8 8 
749 701 5 8 8 
749 701 5 8 8 
749 701 5 8 8 
749 701 5 8 8 
749 701 5 8 8 
749 701 5 8 8 
749 701 5 8 8 
749 701 5 8 8 
749 701 5 8 8 
749 701 5 8 8 
749 701 5 8 8 
749 51 701 78 5 8 8 
749 701 5 8 8 
749 701 5 8 8 
749 701 5 8 8 
749 701 5 8 8 
749 701 5 8 8 
749 701 5 8 8 