1 15 16 5 8 12 8 
1 15 16 5 8 8 
1 15 16 5 177 112 8 113 8 
1 15 16 5 8 120 8 
1 15 16 5 8 120 8 
1 184 15 185 16 5 8 8 
1 15 16 5 177 112 8 113 8 
1 15 16 5 177 112 8 113 8 
1 15 16 5 8 36 8 
1 15 95 16 96 5 8 8 
1 15 16 5 8 12 8 
1 15 16 5 8 12 8 
1 15 16 5 8 8 
1 15 16 5 8 8 
1 15 16 5 6 8 9 8 
1 15 16 5 177 112 8 113 8 
1 15 16 5 177 112 8 113 8 
1 15 16 5 8 8 
1 15 16 5 8 12 8 
1 15 16 5 8 8 
1 15 16 5 8 12 8 
1 15 16 5 8 12 8 
1 15 16 5 8 12 8 
1 15 16 5 8 12 8 
1 15 16 5 8 12 8 
1 15 16 5 231 8 8 
1 15 16 161 5 8 8 
1 15 16 5 8 12 8 
1 15 16 5 8 12 8 
1 15 16 177 5 112 8 113 8 
1 15 16 177 5 112 8 113 8 
1 15 16 177 5 112 8 113 8 
1 15 16 5 8 12 8 
1 15 51 16 375 78 5 8 12 8 
1 15 51 16 375 78 5 8 12 8 
1 15 16 161 5 8 8 
1 15 16 43 5 8 12 8 
1 15 16 5 8 8 
1 15 16 5 8 8 
1 15 16 5 8 8 
1 15 16 5 8 8 
1 15 16 5 8 8 
1 15 51 349 16 363 5 8 8 