107 42 108 5 254 369 8 370 36 8 
107 42 108 5 254 369 8 370 36 8 
107 42 108 5 254 369 8 370 36 8 
107 42 108 5 254 369 8 370 36 8 
107 42 108 5 254 369 8 370 36 8 
107 42 108 5 254 369 8 370 36 8 
107 42 108 5 254 369 8 370 36 8 
107 42 108 5 254 369 8 370 36 8 
107 42 108 5 254 369 8 370 36 8 
107 42 108 5 254 369 8 370 36 8 
107 42 108 5 254 369 8 370 36 8 
107 42 108 5 254 369 8 370 36 8 
107 42 108 5 254 369 8 370 36 8 
107 42 108 5 254 369 8 370 36 8 
107 42 108 5 254 369 8 370 36 8 
107 42 108 5 254 369 8 370 36 8 
107 42 108 5 254 369 8 370 36 8 
107 42 108 5 254 369 8 370 36 8 
107 42 108 5 254 369 8 370 36 8 
107 42 108 5 254 369 8 370 36 8 
107 42 108 5 254 369 8 370 36 8 
107 42 108 5 254 369 8 370 36 8 
107 42 108 5 254 369 8 370 36 8 
107 42 108 5 254 369 8 370 36 8 
107 42 108 5 254 369 8 370 36 8 
107 42 108 5 254 369 8 370 36 8 
107 42 108 5 254 369 8 370 36 8 
107 42 108 5 254 369 8 370 36 8 
107 42 108 5 148 13 8 8 
107 42 108 5 8 8 
107 42 108 5 8 8 
107 42 108 5 6 8 61 8 
107 42 108 5 8 144 201 8 
107 42 108 5 8 8 
1 107 2 42 108 5 8 8 
1 107 19 2 42 108 5 8 8 
107 42 108 5 8 8 
107 42 108 5 8 8 
107 42 108 5 8 8 
107 136 42 174 108 5 8 8 
107 42 108 5 8 144 8 
107 42 108 5 8 8 
107 42 108 5 8 8 
107 42 108 5 8 8 
107 42 108 5 8 8 
107 42 108 5 8 8 
107 42 108 5 8 8 
107 42 108 5 8 144 8 
107 42 108 5 6 8 61 8 
107 42 108 5 6 8 61 8 
107 42 108 5 6 8 61 8 
107 42 108 5 8 8 
107 42 108 5 8 144 201 8 
107 42 108 5 8 144 201 8 
107 42 108 5 143 8 144 8 
107 42 108 5 8 8 
107 42 108 5 8 8 
107 42 108 5 8 144 201 8 
107 42 108 5 665 112 248 8 113 8 
107 42 108 5 143 8 144 8 
107 42 108 5 8 144 201 8 
107 42 108 5 8 142 36 8 
107 42 108 5 8 142 36 8 
107 42 108 5 8 142 36 8 
107 42 108 5 8 142 36 8 
107 42 108 5 8 142 36 8 
107 42 108 5 8 8 
107 42 108 5 8 8 
107 42 108 5 6 8 61 8 
107 42 108 5 8 144 8 
107 42 108 5 8 144 8 
107 42 108 5 8 144 8 
107 42 108 5 8 144 8 
107 42 108 5 8 144 8 
107 42 108 5 8 144 8 
107 42 108 5 8 144 8 
107 42 108 5 8 144 8 
107 42 108 5 8 144 8 
107 42 108 5 8 144 8 
107 42 108 5 8 144 8 
107 42 108 5 8 144 8 
107 42 108 5 8 144 8 
107 42 108 5 8 8 
107 42 108 5 8 144 201 8 
107 42 108 5 8 144 8 
107 42 108 5 8 144 8 
107 42 108 5 8 144 8 
107 42 108 5 8 144 8 
107 42 108 5 8 8 
1 107 2 42 108 5 8 8 
107 42 108 5 8 8 
107 42 108 5 8 8 
107 42 108 5 8 8 
107 42 108 5 6 8 61 8 
107 42 108 5 6 8 61 8 
107 42 108 5 8 8 
107 42 108 5 6 8 61 8 
107 42 108 5 6 8 61 8 
107 42 108 5 6 8 61 8 
107 42 108 5 8 8 
107 42 108 5 8 8 
107 42 108 5 8 8 
107 42 108 5 8 8 
107 42 108 5 8 144 8 
107 42 108 5 8 144 8 
107 42 108 5 8 144 8 
107 42 108 5 8 144 8 
107 42 108 5 8 144 8 
107 42 108 5 8 144 8 
107 42 108 5 8 144 8 
107 42 108 5 8 144 8 
107 42 108 5 8 144 8 
107 42 108 5 8 8 
107 42 108 5 8 144 8 
107 42 108 5 8 144 8 
107 42 108 5 8 8 
107 42 108 5 8 8 
107 42 108 5 8 8 
107 42 108 5 8 8 
107 42 108 5 8 8 
107 42 108 5 189 8 144 8 
107 42 108 5 8 219 8 
107 42 108 5 8 219 8 
107 145 42 108 5 8 219 8 
107 42 108 5 8 219 8 
107 42 108 5 8 219 8 
107 42 108 5 8 219 8 
107 42 108 5 8 8 
107 212 56 57 42 213 181 108 5 8 8 
107 42 108 5 8 8 
107 42 108 5 8 8 
107 42 108 5 8 8 
40 107 41 42 108 5 8 8 
107 42 108 5 8 8 
107 42 108 5 8 8 
107 42 108 5 8 8 
40 107 41 42 108 5 8 8 
107 42 108 5 8 8 
107 42 108 5 8 8 
107 42 108 5 8 8 
107 42 108 5 8 8 
107 42 108 5 8 8 
107 42 108 5 8 8 
107 42 108 5 8 144 201 8 
107 42 108 5 8 144 201 8 
107 42 108 5 8 144 201 8 
1 107 19 2 42 108 5 8 144 201 8 
107 42 108 5 8 8 
107 136 42 174 108 5 8 8 
107 42 108 5 8 8 
107 42 108 5 8 8 
107 42 108 5 8 8 
107 42 108 5 8 8 
107 42 108 5 8 8 
107 42 108 5 8 8 
107 42 108 5 8 8 
107 42 108 5 8 8 
107 42 108 5 8 8 
107 42 108 5 8 8 
107 42 108 5 8 8 
107 42 108 5 8 8 
107 42 108 5 8 8 
107 42 108 5 8 8 
107 42 108 5 8 8 
107 42 108 5 8 8 
107 42 108 5 8 8 
107 42 108 5 8 8 
107 42 108 5 8 8 
107 42 108 5 8 8 
107 42 108 5 8 8 
107 42 108 5 8 8 
107 42 108 5 8 8 
107 42 108 5 8 8 
107 42 108 5 8 8 
107 42 108 5 8 8 
107 42 108 5 8 8 
107 42 108 5 8 8 
107 42 108 5 8 8 
107 42 108 5 8 8 
107 42 108 5 8 8 
107 42 108 5 8 8 
107 42 108 5 8 8 
107 42 108 5 8 8 
107 42 108 5 8 8 
107 42 108 5 8 8 
107 42 108 5 8 8 
107 42 108 5 8 8 
107 42 108 5 8 8 
107 42 108 5 8 8 
107 42 108 5 8 8 
107 42 108 5 8 8 
107 42 108 5 8 8 
54 51 107 42 108 5 8 8 
107 42 108 5 8 8 
107 42 108 5 8 8 
107 42 108 5 8 8 
107 42 108 5 8 8 
107 42 108 5 8 144 8 
107 42 108 5 254 369 8 370 142 36 8 
107 42 108 5 8 8 
107 42 108 5 8 8 
107 42 108 5 8 8 
107 42 108 5 8 8 
107 42 108 5 8 8 
107 42 108 5 8 8 
107 42 108 5 8 8 
40 107 41 42 108 5 8 8 
107 42 108 5 8 8 
40 107 41 42 108 5 8 8 
107 42 108 5 8 8 
107 42 108 5 8 8 
107 42 108 5 8 8 
107 42 108 5 8 8 
107 145 42 108 5 8 8 
107 145 42 108 5 8 8 
107 42 108 5 8 144 8 
107 42 108 5 8 144 8 
107 42 108 5 8 144 8 
107 42 108 5 8 144 8 
107 42 108 5 159 8 36 144 130 8 
107 42 108 5 159 8 36 144 130 8 
107 42 108 5 159 8 36 144 130 8 
107 42 108 5 159 8 36 144 130 8 
107 42 108 5 159 8 36 144 130 8 
107 42 108 5 159 8 36 144 130 8 
107 42 108 5 159 8 36 144 130 8 
107 42 108 5 159 8 36 144 130 8 
107 42 108 5 8 69 70 8 
107 42 108 5 8 8 
107 42 108 5 8 144 8 
107 42 108 5 8 8 
107 42 108 5 8 8 
107 42 108 5 143 8 144 8 
107 42 108 5 8 8 
107 42 108 5 8 8 
107 42 108 5 6 8 61 8 
107 42 108 5 8 144 201 8 
107 42 108 5 8 8 
107 42 108 5 8 8 
107 42 108 5 8 8 
107 42 108 5 8 8 
107 42 108 5 8 8 
107 42 108 5 8 8 
107 42 108 5 8 8 
107 42 108 5 8 8 
107 42 108 5 8 8 
107 42 108 5 8 8 
107 42 108 5 8 8 
107 42 108 5 8 8 
107 42 108 5 8 8 
107 42 108 5 8 8 
107 42 108 5 8 8 
107 42 108 5 8 8 
107 42 108 48 5 6 8 8 
107 42 108 5 8 8 
107 42 108 5 8 8 
107 42 108 5 8 8 
107 42 108 5 8 8 
107 42 108 5 8 8 
107 42 108 5 8 8 
107 42 108 5 8 8 
107 42 108 5 8 8 
107 42 108 5 8 8 
107 42 108 5 8 8 
107 136 42 174 108 5 8 8 
107 42 108 5 8 8 
107 42 108 5 8 8 
107 42 108 5 8 8 
107 42 108 5 8 8 
107 42 108 5 8 8 
107 42 108 5 8 8 
107 42 108 5 8 8 
107 42 108 5 8 8 
107 42 108 5 8 8 
107 42 108 5 8 8 
107 42 108 5 8 8 
107 42 108 5 8 8 
107 42 108 5 8 8 
107 42 108 5 8 8 
107 42 108 5 8 8 
107 42 108 5 8 8 
107 42 108 5 8 8 
107 42 108 5 8 8 
107 42 108 5 8 8 
107 42 108 5 8 8 
107 42 108 5 8 8 
107 42 108 5 6 8 61 8 
107 42 108 5 8 36 8 
1 107 19 2 42 108 5 8 8 
107 42 108 5 8 8 
1 107 19 2 42 108 5 8 8 
107 42 108 5 8 8 
107 42 108 5 8 8 
107 42 108 5 8 8 
107 42 108 5 6 152 631 8 61 8 
107 42 108 5 8 8 
107 42 108 5 8 8 
107 42 108 5 8 8 
107 42 108 5 8 8 
107 42 108 5 8 8 
107 42 108 5 8 8 
107 42 108 5 8 8 
107 42 108 5 8 8 
107 42 108 5 8 8 
107 42 108 5 8 8 
107 42 108 5 8 8 
107 42 108 5 8 8 
1 107 2 42 108 5 8 8 
107 42 108 5 8 8 
107 42 108 5 8 8 
107 42 108 5 6 8 61 8 
107 42 108 5 8 8 
107 42 108 5 8 8 
107 42 108 5 8 8 
107 42 108 5 8 219 8 
107 42 108 5 8 219 8 
107 42 108 5 8 8 
107 42 108 5 8 8 
107 42 108 5 8 8 
107 42 108 5 8 144 8 
107 42 108 5 8 144 8 
107 42 108 5 8 8 
107 42 108 5 8 8 
107 42 108 5 8 8 
107 42 108 5 8 8 
107 42 108 5 8 8 
107 42 108 5 8 8 
107 42 108 5 8 8 
107 42 108 5 8 8 
107 42 108 5 8 8 
107 42 108 5 8 8 
107 42 108 5 8 8 
107 42 108 5 8 8 
107 42 108 5 8 8 
107 42 108 5 8 8 
107 42 108 5 8 8 
107 42 108 5 8 8 
107 42 108 5 8 8 
107 42 108 5 8 8 
107 42 108 5 8 8 
107 42 108 5 8 8 
107 42 108 5 8 8 
40 107 41 42 108 5 8 8 
107 42 108 5 8 8 
107 42 108 5 8 8 
107 42 108 5 8 8 
107 42 108 5 8 8 
107 42 108 5 6 8 61 8 
107 42 108 5 6 8 61 8 
107 42 108 5 8 8 
107 42 108 5 8 8 
107 42 108 5 8 8 
107 42 108 5 8 8 
107 42 108 5 8 144 8 
107 42 108 5 8 8 
107 42 108 5 8 8 
107 42 108 5 8 8 
107 42 108 5 8 8 
107 42 108 5 8 8 
107 42 108 5 8 8 
107 42 108 5 8 8 
107 42 108 5 8 144 8 
107 42 108 5 8 144 8 
107 42 108 5 8 8 
107 42 108 5 8 8 
107 42 108 5 8 8 
107 42 108 5 8 8 
107 42 108 5 6 8 61 8 
107 42 108 5 6 8 61 8 
107 42 108 5 8 144 8 
107 136 42 174 108 5 8 8 
40 107 41 42 108 5 6 8 61 8 
107 42 108 5 6 8 61 8 
107 42 108 5 6 8 61 8 
107 42 108 5 6 8 61 8 
107 42 108 5 6 8 61 8 
107 42 108 5 6 8 61 8 
107 42 108 5 6 8 61 8 
107 42 108 5 6 8 61 8 
107 42 108 5 6 8 61 8 
107 42 108 5 6 8 61 8 
107 42 108 5 6 8 61 8 
107 42 108 5 6 8 61 8 
107 42 108 5 6 8 61 8 
107 42 108 5 6 8 61 8 
107 42 108 5 6 8 61 8 
107 42 108 5 6 8 61 8 
107 42 108 5 8 8 
107 42 108 5 8 8 
107 42 108 5 6 8 61 8 
107 42 108 5 6 8 61 8 
107 42 108 5 6 8 61 8 
107 42 108 5 6 8 61 8 
107 42 108 5 8 144 8 
107 42 108 5 8 144 8 
107 42 108 5 8 144 8 
107 42 108 5 8 144 8 
107 42 108 5 8 144 8 
107 42 108 5 8 144 8 
107 42 108 5 8 144 8 
107 42 108 5 8 144 8 
107 42 108 5 8 144 8 
107 145 42 108 5 8 144 8 
40 107 41 42 108 5 8 144 8 
107 42 108 5 8 144 8 
107 42 108 5 8 144 8 
107 42 108 5 8 144 8 
107 42 108 5 8 144 8 
107 42 108 5 8 144 8 
107 42 108 5 8 144 201 8 
107 42 108 5 8 8 
107 42 108 5 148 6 13 8 61 8 
107 42 108 5 254 8 36 255 8 
107 42 108 5 8 8 
107 42 108 5 8 8 
107 42 108 5 8 8 
107 42 108 5 8 8 
107 42 108 5 8 8 
107 42 108 5 8 8 
107 42 108 5 8 8 
107 42 108 5 8 8 
107 42 108 5 8 8 
107 42 108 5 8 8 
107 42 108 5 8 8 
107 42 108 5 8 8 
107 42 108 5 8 8 
107 42 108 5 8 8 
107 42 108 5 8 8 
107 42 108 5 8 8 
107 42 108 5 8 8 
107 42 108 5 8 8 
107 42 108 5 8 8 
107 42 108 5 8 8 
107 42 108 5 8 8 
107 42 108 5 8 8 
107 42 108 5 8 8 
107 42 108 5 8 144 8 
107 42 108 5 8 144 8 
107 42 108 5 8 8 
107 42 108 5 8 8 
107 42 108 5 8 8 
54 51 107 42 108 5 8 8 
107 42 108 5 8 8 
107 42 108 5 8 8 
107 42 108 5 8 8 
107 42 108 5 8 8 
107 42 108 5 8 165 8 
107 42 108 5 8 8 
107 42 108 5 8 8 
107 42 108 5 8 8 
107 42 108 5 8 144 8 
107 42 108 5 8 8 
107 42 108 5 8 8 
107 42 108 5 8 8 
107 42 108 5 8 8 
107 42 108 5 8 8 
107 42 108 5 8 8 
107 42 108 5 8 8 
107 42 108 5 8 8 
107 42 108 5 8 8 
107 42 108 5 8 8 
107 42 108 5 8 8 
107 42 108 5 8 8 
107 42 108 5 8 8 
107 42 108 5 8 8 
107 42 108 5 8 8 
107 42 108 5 8 8 
107 42 108 5 162 8 8 
107 42 108 5 8 8 
107 42 108 5 8 8 
107 42 108 5 8 8 
107 42 108 5 8 8 
107 42 108 5 8 8 
107 42 108 5 8 8 
107 42 108 5 8 8 
107 42 108 5 8 8 
107 42 108 5 8 8 
107 42 108 5 8 8 
107 42 108 5 8 8 
107 42 108 5 8 8 
107 42 108 5 8 8 
107 42 108 5 8 8 
107 42 108 5 8 8 
107 42 108 5 8 8 
107 42 108 5 8 8 
107 42 108 5 8 8 
107 42 108 5 8 8 
107 42 108 5 8 8 
107 42 108 5 8 8 
107 42 108 5 8 8 
107 42 108 5 8 8 
107 42 108 5 8 144 8 
107 42 108 5 8 8 
107 42 108 5 8 8 
107 42 108 5 6 8 61 8 
107 42 108 5 6 8 61 8 
107 42 108 5 6 8 61 8 
107 42 108 5 6 8 61 8 
107 42 108 5 8 8 
107 42 108 5 8 8 
107 42 108 5 6 8 61 8 
107 42 108 5 8 8 
107 42 108 5 8 8 
107 42 108 5 8 8 
107 42 108 5 8 8 
107 42 108 5 8 8 
107 42 108 5 8 8 
1 107 19 2 42 108 5 8 8 
107 42 108 5 8 8 
107 42 108 5 8 8 
107 42 108 5 8 8 
107 42 108 5 8 8 
107 42 108 5 8 8 
107 42 108 5 148 13 8 8 
107 42 108 5 148 13 8 8 
107 42 108 5 148 13 8 8 
107 42 108 5 148 13 8 8 
107 42 108 5 148 13 8 8 
107 42 108 5 148 13 8 8 
107 42 108 5 148 13 8 8 
107 42 108 5 8 8 
107 42 108 5 8 8 
107 42 108 5 8 8 
107 136 42 174 108 5 503 8 11 10 8 
107 42 108 5 8 8 
107 42 108 5 8 8 
107 42 108 5 6 8 61 8 
107 42 108 5 162 8 170 8 
107 42 108 5 8 8 
107 42 108 5 8 8 
107 42 108 5 8 8 
107 42 108 5 8 8 
107 42 108 5 8 8 
107 42 108 5 8 8 
107 42 108 5 8 8 
107 42 108 5 8 8 
107 42 108 5 8 8 
107 42 108 5 8 8 
107 42 108 5 8 8 
107 212 56 57 42 213 181 108 5 8 8 
107 42 108 5 8 8 
107 212 56 57 42 213 181 108 5 8 8 
1 107 19 2 42 108 5 8 8 
107 42 108 5 8 8 
107 42 108 5 8 8 
107 42 108 5 8 8 
107 42 108 5 8 8 
107 42 108 5 8 8 
107 42 108 5 8 8 
107 42 108 5 8 144 201 8 
107 42 108 5 8 8 
107 42 108 5 8 8 
107 42 108 5 8 8 
107 42 108 5 8 8 
107 42 108 5 8 8 
107 42 108 5 8 8 
107 42 108 5 8 8 
107 42 108 5 8 8 
107 42 108 5 8 8 
107 42 108 5 8 8 
107 42 108 5 6 8 61 8 
107 42 108 5 8 8 
107 42 108 5 8 144 8 
107 42 108 5 8 144 8 
107 42 108 5 8 144 8 
107 42 108 5 8 8 
107 42 108 5 8 8 
107 42 108 5 8 8 
107 42 108 5 8 8 
107 42 108 5 8 8 
107 42 108 5 8 8 
107 42 108 5 8 8 
107 42 108 5 8 8 
107 42 108 5 8 8 
107 42 108 5 8 8 
107 42 108 5 8 8 
107 42 108 5 8 8 
107 42 108 5 8 8 
107 42 108 5 8 8 
107 42 108 5 8 8 
107 42 108 5 8 8 
107 42 108 5 8 8 
107 42 108 5 8 8 
107 42 108 5 8 8 
107 42 108 5 8 8 
107 42 108 5 8 8 
107 42 108 5 8 8 
107 42 108 5 8 8 
107 212 56 57 42 213 181 108 5 6 8 61 8 
107 42 108 5 159 152 8 36 153 130 8 
107 42 108 5 8 8 
107 42 108 5 8 8 
107 42 108 5 8 8 
107 42 108 5 8 8 
107 42 108 5 8 8 
107 42 108 5 8 8 
107 42 108 5 8 8 
107 42 108 5 8 8 
107 42 108 5 8 8 
107 42 108 5 8 8 
107 42 108 5 8 8 
107 42 108 5 8 8 
107 42 108 5 8 8 
107 42 108 5 8 8 
107 42 108 5 8 144 201 8 
107 42 108 5 8 8 
107 42 108 5 8 8 
107 42 108 5 8 8 
107 42 108 5 8 8 
107 42 108 5 148 13 8 8 
107 136 42 174 108 5 254 369 8 370 36 144 8 
107 42 108 5 254 369 8 370 36 144 8 
107 42 108 5 8 8 
107 42 108 5 8 8 
107 42 108 5 8 8 
107 42 108 5 8 8 
107 42 108 5 8 8 
107 42 108 5 8 8 
107 42 108 5 8 8 
107 42 108 5 8 8 
107 42 108 5 8 8 
107 42 108 5 8 8 
107 42 108 5 8 8 
107 42 108 5 8 8 
1 15 107 202 42 108 5 8 8 
107 42 108 5 8 8 
107 42 108 5 143 8 144 8 
107 42 108 5 8 144 201 8 
107 42 108 5 8 8 
107 42 108 5 8 8 
107 42 108 5 8 8 
107 42 108 5 8 8 
107 42 108 5 8 8 
107 42 108 5 8 8 
107 42 108 5 8 8 
107 42 108 5 8 8 
107 42 108 5 8 8 
107 42 108 5 8 8 
107 42 108 5 8 8 
107 42 108 5 8 8 
107 42 108 5 8 8 
107 42 108 5 8 8 
107 42 108 5 8 8 
107 42 108 5 8 8 
107 42 108 5 8 8 
107 42 108 5 8 8 
107 42 108 5 8 8 
107 42 108 5 8 8 
107 42 108 5 8 8 
107 42 108 5 8 8 
107 42 108 5 8 8 
107 42 108 5 8 8 
107 42 108 5 8 8 
107 136 42 174 108 5 8 8 
107 42 108 5 8 8 
107 42 108 5 8 144 8 
107 42 108 5 8 144 8 
107 42 108 5 8 8 
107 42 108 5 8 8 
107 42 108 5 8 8 
107 42 108 5 8 8 
107 42 108 5 8 8 
107 42 108 5 8 8 
107 42 108 5 8 8 
107 42 108 5 8 8 
107 42 108 5 8 8 
107 136 42 174 108 5 8 8 
107 42 108 5 8 8 
107 42 108 5 8 8 
107 42 108 5 8 8 
107 136 42 174 108 5 8 8 
107 42 108 5 8 8 
107 42 108 5 8 8 
107 42 108 5 8 8 
107 42 108 5 8 8 
107 42 108 5 8 8 
107 42 108 5 8 8 
107 42 108 5 8 8 
107 136 42 174 108 5 8 8 
107 42 108 5 8 8 
107 42 108 5 8 8 
107 42 108 5 8 8 
107 42 108 5 8 8 
107 42 108 5 8 8 
107 42 108 5 8 8 
107 42 108 5 8 8 
107 42 108 5 8 8 
107 42 108 5 8 8 
107 42 108 5 8 8 
107 42 108 5 8 8 
107 42 108 5 8 8 
107 42 108 5 8 8 
107 42 108 5 8 8 
107 42 108 5 6 8 8 
107 42 108 5 8 8 
107 42 108 5 8 8 
107 42 108 5 8 8 
107 42 108 5 8 8 
107 42 108 5 8 8 
107 42 108 5 8 8 
107 42 108 5 8 8 
107 42 108 5 8 8 
107 42 108 5 8 8 
107 42 108 5 8 8 
107 42 108 5 8 8 
107 42 108 5 8 8 
107 42 108 5 8 8 
107 42 108 5 8 8 
107 42 108 5 8 8 
107 42 108 5 8 8 
107 42 108 5 8 8 
107 212 56 57 42 213 181 108 5 8 8 
107 42 108 5 8 8 
107 42 108 5 8 8 
1 15 107 42 43 108 5 8 8 
107 42 108 5 8 8 
107 42 108 5 8 8 
107 42 108 5 8 8 
107 42 108 5 8 8 
107 42 108 5 8 8 
107 42 108 5 8 8 
107 42 108 5 8 8 
107 42 108 5 8 8 
107 42 108 5 8 8 
107 42 108 5 8 8 
107 42 108 5 8 8 
107 42 108 5 8 8 
107 42 108 5 8 8 
107 42 108 5 8 8 
107 42 108 5 8 8 
107 42 108 5 8 8 
107 42 108 5 8 8 
107 42 108 5 8 8 
51 107 349 42 363 108 5 8 8 
107 42 108 5 8 8 
107 42 108 5 8 8 