51 257 540 313 78 133 21 22 68 24 24 
51 257 540 78 81 21 22 82 68 24 24 
184 1 15 51 257 185 540 78 81 21 22 82 68 24 24 
51 257 540 78 5 21 22 143 8 37 144 24 24 
1 355 15 51 257 349 540 541 43 78 351 81 21 22 82 24 24 
51 257 540 313 78 21 22 68 24 24 
51 257 540 78 81 21 22 263 82 24 24 
1 15 51 257 540 78 5 21 22 143 8 37 144 24 24 
51 257 542 540 78 5 21 22 143 8 37 144 24 24 
51 257 540 313 78 21 22 68 24 24 
367 51 257 349 540 78 81 21 22 82 24 24 
367 51 257 349 540 78 81 21 22 82 24 24 
51 257 540 78 21 22 37 24 24 
51 257 540 313 78 21 22 263 24 24 
51 257 540 313 78 21 22 68 24 24 
51 257 540 313 78 21 22 68 24 24 
51 257 540 78 21 22 68 24 24 
51 257 540 313 78 21 22 68 24 24 
51 257 540 313 78 21 22 68 24 24 
51 257 540 78 21 22 68 24 24 
51 257 540 78 133 21 22 68 24 24 
51 257 540 313 78 21 22 68 24 24 
51 257 540 313 78 81 27 28 21 22 82 24 24 
51 257 540 78 21 22 68 24 24 
51 257 540 313 78 21 22 68 24 24 
51 257 540 313 78 21 22 68 24 24 
51 257 540 313 78 21 22 68 24 24 
51 257 540 313 78 133 21 22 68 24 24 
51 257 540 313 78 133 21 22 68 24 24 
51 257 540 78 21 22 68 24 24 
51 257 540 78 21 22 68 24 24 
51 257 540 78 21 22 68 24 24 
51 257 540 313 78 133 21 22 68 24 24 
51 257 540 313 78 133 21 22 68 24 24 
51 257 540 313 78 133 21 22 68 24 24 
51 257 540 313 78 133 21 22 68 24 24 
51 257 540 313 78 21 22 68 24 24 
51 257 540 313 78 21 22 68 24 24 
51 257 540 313 78 5 48 133 6 21 22 68 24 24 
51 257 540 313 78 21 22 68 24 24 
51 257 540 313 78 21 22 68 24 24 
51 257 540 313 78 21 22 68 24 24 
51 257 540 313 78 21 22 68 24 24 
51 257 540 78 21 22 68 24 24 
51 257 540 78 21 22 68 24 24 