38 39 133 21 22 68 24 21 
38 39 133 21 22 68 24 21 
38 39 133 21 22 68 24 21 
38 39 81 21 22 82 24 21 
38 39 81 21 22 82 24 21 
38 39 42 81 21 22 82 24 21 
38 39 81 21 22 82 24 21 
38 39 81 21 22 82 24 21 
38 39 81 21 22 82 24 21 
38 39 133 21 22 68 24 21 
38 39 5 21 22 143 8 37 144 24 21 
38 39 133 21 22 68 24 21 
38 39 133 21 22 68 24 21 
38 39 133 21 22 68 24 21 
38 39 133 21 22 68 24 21 
38 39 133 21 22 68 24 21 
38 39 133 21 22 68 24 21 
38 39 21 22 68 24 21 
38 39 21 22 68 24 21 
38 39 21 22 37 24 21 
38 39 133 21 22 68 24 21 
38 39 133 21 22 68 24 21 
38 39 133 21 22 68 24 21 
38 39 21 22 37 24 21 
38 39 81 21 22 82 24 21 
38 39 81 21 22 82 24 21 
38 39 81 21 22 82 24 21 
38 39 81 21 22 82 24 21 
38 39 81 21 22 82 24 21 
38 39 81 21 22 82 24 21 
38 39 81 21 22 82 24 21 
38 39 81 21 22 82 24 21 
38 39 81 21 22 82 24 21 
38 39 81 21 22 82 24 21 
38 39 81 21 22 82 24 21 
38 39 81 21 22 82 24 21 
38 39 81 21 22 82 24 21 
38 39 81 21 22 82 24 21 
38 39 81 21 22 82 24 21 
38 39 81 21 22 82 24 21 
38 39 81 21 22 82 24 21 
38 39 81 21 22 82 24 21 
38 39 81 21 22 82 24 21 
38 39 81 21 22 82 24 21 
1 15 38 39 16 81 21 22 82 24 21 
1 38 39 2 21 22 68 24 21 
38 39 21 22 37 24 21 
38 39 133 21 22 68 24 21 
38 39 133 21 22 68 24 21 
38 39 5 21 22 143 8 37 144 24 21 
38 39 21 22 37 24 21 
38 39 81 21 22 82 24 21 
38 39 81 21 22 82 24 21 
38 39 81 21 22 82 24 21 
38 39 81 21 22 82 24 21 
38 39 81 21 22 82 24 21 
38 39 81 21 22 82 24 21 
38 39 21 22 68 24 21 
38 39 21 22 68 24 21 
38 39 21 22 68 24 21 
38 39 21 22 37 24 21 
38 39 21 22 37 24 21 
38 39 21 22 68 24 21 
38 39 133 21 22 68 24 21 
38 39 133 21 22 68 24 21 
38 39 133 21 22 68 24 21 
38 39 133 21 22 68 24 21 
38 39 133 21 22 68 24 21 
38 39 133 21 22 68 24 21 
38 39 133 21 22 68 24 21 
38 39 133 21 22 68 24 21 
38 39 133 21 22 68 24 21 
38 39 133 21 22 68 24 21 
38 39 133 21 22 68 24 21 
38 39 133 21 22 68 24 21 
38 39 133 21 22 68 24 21 
38 39 133 21 22 68 24 21 
38 39 133 21 22 68 24 21 
38 39 21 22 263 24 21 
38 39 21 22 263 24 21 
38 39 5 21 22 68 24 21 
38 39 21 22 37 24 21 
38 39 5 21 22 143 8 144 24 21 
38 39 5 21 22 143 8 144 24 21 
38 39 5 21 22 143 8 144 24 21 
38 39 5 21 22 143 8 37 144 24 21 
38 39 5 21 22 143 8 37 144 24 21 
38 39 5 21 22 143 8 37 144 24 21 
38 39 21 22 37 24 21 
38 39 21 22 37 24 21 
38 39 133 21 22 68 24 21 
38 39 133 21 22 68 24 21 
38 39 133 21 22 68 24 21 
38 39 133 21 22 68 24 21 
38 39 133 21 22 68 24 21 
38 39 133 21 22 68 24 21 
38 39 133 21 22 68 24 21 
38 39 133 21 22 68 24 21 
38 39 133 21 22 68 24 21 
38 39 21 22 37 24 21 
38 39 21 22 37 24 21 
38 39 133 21 22 68 24 21 
38 39 21 22 142 36 24 21 
38 39 21 22 37 24 21 
38 39 21 22 37 24 21 
38 39 21 22 37 24 21 
38 39 21 22 37 24 21 
38 39 21 22 37 24 21 
38 39 21 22 37 24 21 
38 39 133 21 22 68 24 21 
38 39 5 21 22 143 8 37 144 24 21 
38 39 133 21 22 68 24 21 
38 39 133 21 22 68 24 21 
38 39 133 21 22 68 24 21 
38 39 133 21 22 68 24 21 
38 39 133 21 22 68 24 21 
38 39 133 21 22 68 24 21 
38 39 133 21 22 68 24 21 
38 39 133 21 22 68 24 21 
38 39 133 21 22 68 24 21 
38 39 133 21 22 68 24 21 
38 39 133 21 22 68 24 21 
38 39 133 21 22 68 24 21 
38 39 81 21 22 82 24 21 
38 39 81 21 22 82 24 21 
38 39 81 21 22 82 24 21 
38 39 81 21 22 82 24 21 
38 39 81 21 22 82 24 21 
38 39 81 21 22 82 24 21 
38 39 81 21 22 82 24 21 
38 39 21 22 68 24 21 
38 39 21 22 68 24 21 
38 39 21 22 68 24 21 
38 39 81 21 22 82 24 21 
38 39 81 21 22 82 24 21 
38 39 81 21 22 82 24 21 
38 39 81 21 22 82 24 21 
38 39 81 21 22 82 24 21 
38 39 81 21 22 82 24 21 
38 39 81 21 22 82 24 21 
38 39 81 21 22 82 24 21 
38 39 81 21 22 82 24 21 
38 39 81 21 22 82 24 21 
38 39 81 21 22 82 24 21 
38 39 81 21 22 82 24 21 
38 39 81 21 22 82 24 21 
38 39 81 21 22 82 24 21 
38 39 81 21 22 82 24 21 
38 39 81 21 22 82 24 21 
38 39 21 22 68 24 21 
38 39 133 21 22 68 24 21 
38 39 133 21 22 68 24 21 
38 39 133 21 22 68 24 21 
38 39 133 21 22 68 24 21 
38 39 21 22 37 68 24 21 
38 39 21 22 37 68 24 21 
164 1 593 15 38 39 133 21 22 68 24 21 
38 39 133 21 22 68 24 21 
38 39 133 21 22 68 24 21 
38 39 133 21 22 68 24 21 
38 39 42 133 21 22 68 24 21 
38 39 133 21 22 68 24 21 
164 1 593 15 38 39 133 21 22 68 24 21 
38 39 133 21 22 68 24 21 
38 39 21 22 37 24 21 
38 39 21 22 37 24 21 
38 39 81 21 22 82 24 21 
38 39 21 22 37 24 21 
38 39 21 22 37 24 21 
38 39 21 22 37 24 21 
38 39 5 21 22 143 8 37 144 24 21 
38 39 5 21 22 143 8 37 144 24 21 
38 39 5 21 22 143 8 37 144 24 21 
38 39 5 21 22 143 8 37 144 24 21 
38 39 5 21 22 143 8 37 144 24 21 
38 39 5 21 22 143 8 37 144 24 21 
38 39 5 21 22 143 8 37 144 24 21 
38 39 5 21 22 143 8 37 144 24 21 
38 39 5 21 22 143 8 37 144 24 21 
38 39 133 21 22 68 24 21 
1 38 39 2 133 21 22 68 24 21 
1 15 38 39 133 21 22 68 24 21 
38 39 133 21 22 68 24 21 
38 39 133 21 22 68 24 21 
38 39 133 21 22 68 24 21 
38 39 133 21 22 68 24 21 
38 39 5 21 22 143 8 37 144 24 21 
38 39 81 21 22 82 24 21 
38 39 81 21 22 82 24 21 
38 39 5 21 22 143 8 37 144 24 21 
38 39 21 22 68 24 21 
38 39 21 22 68 24 21 
38 39 133 21 22 68 24 21 
38 39 133 21 22 68 24 21 
38 39 133 21 22 68 24 21 
38 39 133 21 22 68 24 21 
38 39 133 21 22 68 24 21 
38 39 133 21 22 68 24 21 
38 39 133 21 22 68 24 21 
38 39 133 21 22 68 24 21 
38 39 133 21 22 68 24 21 
38 39 133 21 22 68 24 21 
38 39 133 21 22 68 24 21 
38 39 133 21 22 68 24 21 
38 39 21 22 68 24 21 
38 39 21 22 68 24 21 
38 39 21 22 68 24 21 
38 39 21 22 68 24 21 
38 39 21 22 68 24 21 
38 39 21 22 68 24 21 
38 39 21 22 68 24 21 
38 39 21 22 68 24 21 
38 39 21 22 68 24 21 
38 39 21 22 68 24 21 
38 39 21 22 68 24 21 
38 39 21 22 68 24 21 
38 39 21 22 68 24 21 
38 39 21 22 68 24 21 
38 39 21 22 68 24 21 
38 39 21 22 263 24 21 
38 39 133 21 22 68 24 21 
38 39 81 21 22 82 24 21 
38 39 133 21 22 68 24 21 
38 39 21 22 68 24 21 
38 39 81 21 22 82 24 21 
38 39 81 21 22 82 24 21 
53 54 51 38 39 81 21 22 82 24 21 
38 39 21 22 68 24 21 
38 39 21 22 68 24 21 
38 39 21 22 68 24 21 
38 39 21 22 68 24 21 
38 39 21 22 68 24 21 
38 39 81 21 22 263 82 24 21 
38 39 81 21 22 82 24 21 
38 39 81 21 22 82 24 21 
38 39 81 21 22 82 24 21 
38 39 81 21 22 82 24 21 
38 39 81 21 22 82 24 21 
38 39 81 21 22 82 24 21 
38 39 81 21 22 82 24 21 
38 39 133 21 22 68 24 21 
38 39 133 21 22 68 24 21 
38 39 133 21 22 68 24 21 
38 39 133 21 22 68 24 21 
38 39 133 21 22 68 24 21 
38 39 21 22 37 24 21 
38 39 133 21 22 68 24 21 
38 39 133 21 22 68 24 21 
38 39 133 21 22 68 24 21 
38 39 133 21 22 68 24 21 
38 39 21 22 68 24 21 
38 39 21 22 68 24 21 
38 39 21 22 68 24 21 
38 39 21 22 68 24 21 
38 39 21 22 68 24 21 
38 39 21 22 68 24 21 
38 39 5 21 22 143 8 37 144 24 21 
38 39 81 21 22 82 24 21 
38 39 81 21 22 82 24 21 
38 39 81 21 22 82 24 21 
38 39 21 22 24 21 
38 39 21 22 24 21 
38 39 21 22 37 24 21 
38 39 21 22 37 24 21 
38 39 21 22 37 24 21 
38 39 21 22 68 24 21 
38 39 5 21 22 143 8 37 144 24 21 
38 39 21 22 68 24 21 
38 39 21 22 68 24 21 
38 39 21 22 68 24 21 
38 39 21 22 68 24 21 
38 39 21 22 68 24 21 
38 39 5 21 22 143 8 37 144 24 21 
38 39 81 21 22 82 24 21 
38 39 81 21 22 82 24 21 
38 39 5 21 22 143 8 37 144 24 21 
38 39 5 21 22 143 8 37 144 24 21 
38 39 5 21 22 143 8 37 144 24 21 
38 39 5 21 22 143 8 37 144 24 21 
38 39 133 21 22 68 24 21 
38 39 133 21 22 68 24 21 
38 39 133 21 22 68 24 21 
38 39 133 21 22 68 24 21 
38 39 133 21 22 68 24 21 
38 39 133 21 22 68 24 21 
38 39 42 133 21 22 68 24 21 
38 39 133 21 22 68 24 21 
38 39 133 21 22 68 24 21 
38 39 133 21 22 68 24 21 
38 39 133 21 22 68 24 21 
38 39 133 21 22 68 24 21 
38 39 133 21 22 68 24 21 
38 39 133 21 22 68 24 21 
38 39 133 21 22 68 24 21 
38 39 133 21 22 68 24 21 
38 39 133 21 22 68 24 21 
38 39 133 21 22 68 24 21 
38 39 133 21 22 68 24 21 
38 39 133 21 22 68 24 21 
38 39 133 21 22 68 24 21 
38 39 133 21 22 68 24 21 
38 39 133 21 22 68 24 21 
38 39 133 21 22 68 24 21 
38 39 133 21 22 68 24 21 
38 39 133 21 22 68 24 21 
38 39 133 21 22 68 24 21 
38 39 133 21 22 68 24 21 
38 39 133 21 22 68 24 21 
38 39 5 21 22 143 8 37 144 24 21 
38 39 5 21 22 143 8 37 144 24 21 
38 39 133 21 22 68 24 21 
38 39 133 21 22 68 24 21 
38 39 133 21 22 68 24 21 
38 39 133 21 22 68 24 21 
38 39 133 21 22 68 24 21 
38 39 133 21 22 68 24 21 
38 39 133 21 22 68 24 21 
38 39 5 21 22 143 8 37 144 24 21 
38 39 133 21 22 68 24 21 
38 39 21 22 68 24 21 
38 39 5 21 22 352 99 353 8 100 21 
38 39 256 21 22 21 
38 39 256 21 22 21 
38 39 256 21 22 21 
1 38 39 2 21 22 68 24 21 
38 39 21 22 68 24 21 
38 39 81 21 22 82 24 21 
38 39 133 21 22 68 24 21 
38 39 133 21 22 68 24 21 
38 39 133 21 22 68 24 21 
38 39 133 21 22 68 24 21 
38 39 133 21 22 68 24 21 
38 39 133 21 22 68 24 21 
38 39 133 21 22 68 24 21 
38 39 133 21 22 68 24 21 
38 39 133 21 22 68 24 21 
38 39 5 21 22 143 8 37 144 24 21 
38 39 133 21 22 68 24 21 
38 39 133 21 22 68 24 21 
38 39 133 21 22 68 24 21 
38 39 133 21 22 68 24 21 
38 39 133 21 22 68 24 21 
38 39 133 21 22 68 24 21 
164 1 593 15 38 39 133 21 22 68 24 21 
38 39 133 21 22 68 24 21 
38 39 133 21 22 68 24 21 
38 39 133 21 22 68 24 21 
38 39 133 21 22 68 24 21 
38 39 133 21 22 68 24 21 
38 39 133 21 22 68 24 21 
38 39 133 21 22 68 24 21 
38 39 133 21 22 68 24 21 
38 39 133 21 22 68 24 21 
38 39 133 21 22 68 24 21 
38 39 133 21 22 68 24 21 
38 39 133 21 22 68 24 21 
38 39 133 21 22 68 24 21 
38 39 133 21 22 68 24 21 
38 39 133 21 22 68 24 21 
38 39 133 21 22 68 24 21 
38 39 133 21 22 68 24 21 
38 39 133 21 22 68 24 21 
38 39 133 21 22 68 24 21 
38 39 133 21 22 68 24 21 
38 39 133 21 22 68 24 21 
38 39 133 21 22 68 24 21 
38 39 133 21 22 68 24 21 
38 39 133 21 22 68 24 21 
38 39 133 21 22 68 24 21 
38 39 133 21 22 68 24 21 
38 39 133 21 22 68 24 21 
38 39 81 21 22 82 24 21 
38 39 5 21 22 143 8 144 24 21 
38 39 5 21 22 143 8 144 24 21 
38 39 5 21 22 143 8 144 24 21 
38 39 5 21 22 143 8 144 24 21 
38 39 21 22 37 24 21 
38 39 81 21 22 82 24 21 
38 39 81 21 22 82 24 21 
38 39 81 21 22 82 24 21 
38 39 21 22 37 24 21 
38 39 21 22 37 24 21 
38 39 21 22 68 24 21 
38 39 21 22 68 24 21 
38 39 133 21 22 68 24 21 
38 39 21 22 68 24 21 
38 39 133 21 22 68 24 21 
38 39 133 21 22 68 24 21 
38 39 133 21 22 68 24 21 
38 39 133 21 22 68 24 21 
38 39 133 21 22 68 24 21 
38 39 133 21 22 68 24 21 
38 39 133 21 22 68 24 21 
38 39 133 21 22 68 24 21 
38 39 5 21 22 143 8 37 144 24 21 
38 39 5 21 22 143 8 37 144 24 21 
38 39 5 21 22 143 8 37 144 24 21 
38 39 81 21 22 82 24 21 
38 39 81 21 22 82 24 21 
38 39 81 21 22 82 24 21 
38 39 81 21 22 82 24 21 
38 39 5 21 22 143 8 37 144 24 21 
38 39 5 21 22 143 8 37 144 24 21 
38 39 5 21 22 143 8 37 144 24 21 
38 39 133 21 22 68 24 21 
38 39 21 22 24 21 
38 39 21 22 37 24 21 
38 39 21 22 37 24 21 
38 39 81 21 22 82 24 21 
38 39 81 21 22 82 24 21 
38 39 81 21 22 82 24 21 
38 39 81 21 22 82 24 21 
38 39 81 21 22 82 24 21 
38 39 133 21 22 68 24 21 
38 39 133 21 22 68 24 21 
38 39 21 22 24 21 
38 39 21 22 24 21 
184 1 15 38 39 185 21 21 
38 39 21 21 
38 39 133 21 22 68 24 21 
38 39 133 21 22 68 24 21 
38 39 133 21 22 68 24 21 
38 39 133 21 22 68 24 21 
38 39 133 21 22 68 24 21 
38 39 81 21 22 82 24 21 
38 39 81 21 22 82 24 21 
38 39 133 21 22 68 24 21 
53 54 51 38 39 133 21 22 68 24 21 
38 39 133 21 22 68 24 21 
38 39 133 21 22 68 24 21 
38 39 133 21 22 68 24 21 
38 39 133 21 22 68 24 21 
38 39 133 21 22 68 24 21 
38 39 133 21 22 68 24 21 
38 39 133 21 22 68 24 21 
38 39 133 21 22 68 24 21 
38 39 133 21 22 68 24 21 
38 39 133 21 22 68 24 21 
38 39 133 21 22 68 24 21 
38 39 133 21 22 68 24 21 
38 39 133 21 22 68 24 21 
38 39 133 21 22 68 24 21 
38 39 133 21 22 68 24 21 
38 39 133 21 22 68 24 21 
38 39 133 21 22 68 24 21 
38 39 133 21 22 68 24 21 
38 39 133 21 22 68 24 21 
38 39 133 21 22 68 24 21 
38 39 133 21 22 68 24 21 
38 39 133 21 22 68 24 21 
38 39 133 21 22 68 24 21 
38 39 133 21 22 68 24 21 
38 39 133 21 22 68 24 21 
38 39 133 21 22 68 24 21 
38 39 133 21 22 68 24 21 
38 39 133 21 22 68 24 21 
38 39 133 21 22 68 24 21 
38 39 133 21 22 68 24 21 
38 39 133 21 22 68 24 21 
38 39 133 21 22 68 24 21 
38 39 133 21 22 68 24 21 
38 39 133 21 22 68 24 21 
38 39 133 21 22 68 24 21 
38 39 133 21 22 68 24 21 
38 39 133 21 22 68 24 21 
38 39 133 21 22 68 24 21 
38 39 133 21 22 68 24 21 
38 39 133 21 22 68 24 21 
38 39 133 21 22 68 24 21 
38 39 133 21 22 68 24 21 
38 39 133 21 22 68 24 21 
38 39 133 21 22 68 24 21 
38 39 133 21 22 68 24 21 
38 39 133 21 22 68 24 21 
38 39 133 21 22 68 24 21 
38 39 133 21 22 68 24 21 
38 39 133 21 22 68 24 21 
38 39 133 21 22 68 24 21 
38 39 133 21 22 68 24 21 
38 39 133 21 22 68 24 21 
38 39 133 21 22 68 24 21 
38 39 133 21 22 68 24 21 
38 39 133 21 22 68 24 21 
38 39 133 21 22 68 24 21 
38 39 133 21 22 68 24 21 
38 39 133 21 22 68 24 21 
38 39 133 21 22 68 24 21 
38 39 133 21 22 68 24 21 
38 39 133 21 22 68 24 21 
38 39 21 22 68 24 21 
38 39 133 21 22 68 24 21 
38 39 133 21 22 68 24 21 
38 39 21 22 68 24 21 
38 39 133 21 22 68 24 21 
38 39 133 21 22 68 24 21 
51 348 350 349 38 39 351 133 21 22 68 24 21 
38 39 133 21 22 68 24 21 
38 39 133 21 22 68 24 21 
38 39 133 21 22 68 24 21 
38 39 133 21 22 68 24 21 
38 39 133 21 22 68 24 21 
38 39 133 21 22 68 24 21 
38 39 133 21 22 68 24 21 
38 39 133 21 22 68 24 21 
38 39 133 21 22 68 24 21 
38 39 133 21 22 68 24 21 
38 39 133 21 22 68 24 21 
38 39 133 21 22 68 24 21 
38 39 133 21 22 68 24 21 
38 39 133 21 22 68 24 21 
38 39 133 21 22 68 24 21 
38 39 81 21 22 82 24 21 
38 39 81 21 22 82 24 21 
38 39 81 21 22 82 24 21 
38 39 81 21 22 82 24 21 
38 39 81 21 22 82 24 21 
38 39 81 21 22 82 24 21 
38 39 81 21 22 82 24 21 
38 39 81 21 22 82 24 21 
38 39 133 21 22 68 24 21 
38 39 133 21 22 68 24 21 
38 39 133 21 22 68 24 21 
38 39 133 21 22 68 24 21 
38 39 133 21 22 68 24 21 
38 39 133 21 22 68 24 21 
38 39 133 21 22 68 24 21 
38 39 133 21 22 68 24 21 
38 39 133 21 22 68 24 21 
38 39 133 21 22 68 24 21 
38 39 133 21 22 68 24 21 
38 39 133 21 22 68 24 21 
38 39 133 21 22 68 24 21 
38 39 133 21 22 68 24 21 
38 39 133 21 22 68 24 21 
38 39 133 21 22 68 24 21 
38 39 133 21 22 68 24 21 
38 39 133 21 22 68 24 21 
38 39 133 21 22 68 24 21 
38 39 133 21 22 68 24 21 
38 39 133 21 22 68 24 21 
38 39 133 21 22 68 24 21 
38 39 133 21 22 68 24 21 
38 39 133 21 22 68 24 21 
38 39 133 21 22 68 24 21 
38 39 21 22 68 24 21 
38 39 133 21 22 68 24 21 
1 38 39 133 21 22 68 24 21 
38 39 133 21 22 68 24 21 
38 39 133 21 22 68 24 21 
38 39 133 21 22 68 24 21 
38 39 133 21 22 68 24 21 
38 39 133 21 22 68 24 21 
38 39 133 21 22 68 24 21 
38 39 133 21 22 68 24 21 
38 39 133 21 22 68 24 21 
38 39 133 21 22 68 24 21 
38 39 21 22 21 
38 39 21 22 21 
38 39 21 22 21 
38 39 21 22 21 
38 39 21 22 21 
38 39 133 21 22 68 24 21 
38 39 133 21 22 68 24 21 
38 39 133 21 22 68 24 21 
38 39 133 21 22 68 24 21 
38 39 133 21 22 68 24 21 
38 39 133 21 22 68 24 21 
38 39 133 21 22 68 24 21 
38 39 133 21 22 68 24 21 
38 39 133 21 22 68 24 21 
38 39 133 21 22 68 24 21 
38 39 133 21 22 68 24 21 
38 39 133 21 22 68 24 21 
38 39 133 21 22 68 24 21 
38 39 133 21 22 68 24 21 
38 39 133 21 22 68 24 21 
38 39 133 21 22 68 24 21 
38 39 133 21 22 68 24 21 
38 39 133 21 22 68 24 21 
38 39 133 21 22 68 24 21 
38 39 133 21 22 68 24 21 
38 39 133 21 22 68 24 21 
40 38 39 42 133 21 22 68 24 21 
38 39 133 21 22 68 24 21 
38 39 133 21 22 68 24 21 
38 39 133 21 22 68 24 21 
38 39 133 21 22 68 24 21 
38 39 133 21 22 68 24 21 
38 39 133 21 22 68 24 21 
38 39 133 21 22 68 24 21 
38 39 133 21 22 68 24 21 
38 39 133 21 22 68 24 21 
38 39 133 21 22 68 24 21 
38 39 133 21 22 68 24 21 
38 39 133 21 22 68 24 21 
38 39 133 21 22 68 24 21 
38 39 133 21 22 68 24 21 
38 39 133 21 22 68 24 21 
38 39 133 21 22 68 24 21 
38 39 133 21 22 68 24 21 
38 39 133 21 22 68 24 21 
38 39 133 21 22 68 24 21 
38 39 133 21 22 68 24 21 
38 39 133 21 22 68 24 21 
38 39 133 21 22 68 24 21 
38 39 133 21 22 68 24 21 
38 39 133 21 22 68 24 21 
38 39 133 21 22 68 24 21 
38 39 133 21 22 68 24 21 
38 39 133 21 22 68 24 21 
38 39 133 21 22 68 24 21 
38 39 133 21 22 68 24 21 
38 39 133 21 22 68 24 21 
38 39 133 21 22 68 24 21 
38 39 133 21 22 68 24 21 
38 39 133 21 22 68 24 21 
38 39 133 21 22 68 24 21 
38 39 133 21 22 68 24 21 
38 39 133 21 22 68 24 21 
38 39 133 21 22 68 24 21 
38 39 133 21 22 68 24 21 
38 39 133 21 22 68 24 21 
38 39 133 21 22 68 24 21 
1 38 39 2 133 21 22 68 24 21 
38 39 133 21 22 68 24 21 
38 39 133 21 22 68 24 21 
38 39 133 21 22 68 24 21 
38 39 133 21 22 68 24 21 
38 39 133 21 22 68 24 21 
1 38 39 2 133 21 22 68 24 21 
38 39 133 21 22 68 24 21 
38 39 133 21 22 68 24 21 
38 39 133 21 22 68 24 21 
38 39 133 21 22 68 24 21 
38 39 21 22 68 24 21 
38 39 133 21 22 68 24 21 
38 39 133 21 22 68 24 21 
54 51 38 39 133 21 22 68 24 21 
51 348 350 349 38 39 351 133 21 22 68 24 21 
184 1 15 38 39 185 133 21 22 68 24 21 
38 39 133 21 22 68 24 21 
38 39 133 21 22 68 24 21 
38 39 133 21 22 68 24 21 
38 39 133 21 22 68 24 21 
38 39 133 21 22 68 24 21 
38 39 133 21 22 68 24 21 
38 39 133 21 22 68 24 21 
38 39 133 21 22 68 24 21 
38 39 133 21 22 68 24 21 
38 39 133 21 22 68 24 21 
38 39 21 22 68 24 21 
38 39 133 21 22 68 24 21 
38 39 133 21 22 68 24 21 
38 39 133 21 22 68 24 21 
38 39 133 21 22 68 24 21 
38 39 133 21 22 68 24 21 
38 39 133 21 22 68 24 21 
1 38 39 2 354 21 22 68 24 21 
38 39 21 22 68 24 21 
38 39 133 21 22 68 24 21 
38 39 27 28 133 21 22 68 24 21 
38 39 27 28 133 21 22 68 24 21 
38 39 27 28 133 21 22 68 24 21 
38 39 27 28 133 21 22 68 24 21 
38 39 27 28 133 21 22 68 24 21 
38 39 27 28 133 21 22 68 24 21 
38 39 27 28 133 21 22 68 24 21 
38 39 27 28 133 21 22 68 24 21 
38 39 27 28 133 21 22 68 24 21 
38 39 27 28 133 21 22 68 24 21 
38 39 27 28 133 21 22 68 24 21 
38 39 27 28 133 21 22 68 24 21 
38 39 27 28 133 21 22 68 24 21 
38 39 27 28 133 21 22 68 24 21 
38 39 27 28 133 21 22 68 24 21 
38 39 27 28 133 21 22 68 24 21 
38 39 27 28 133 21 22 68 24 21 
38 39 27 28 133 21 22 68 24 21 
38 39 21 22 68 24 21 
38 39 21 22 68 24 21 
38 39 133 21 22 68 24 21 
184 1 15 38 39 185 133 21 22 68 24 21 
38 39 133 21 22 68 24 21 
184 1 15 38 39 185 133 21 22 68 24 21 
38 39 21 22 68 24 21 
38 39 21 22 68 24 21 
38 39 21 22 68 24 21 
38 39 21 22 68 24 21 
38 39 133 21 22 68 24 21 
38 39 133 21 22 68 24 21 
38 39 133 21 22 68 24 21 
38 39 21 22 68 24 21 
38 39 21 22 68 24 21 
38 39 21 22 68 24 21 
38 39 21 22 68 24 21 
38 39 21 22 68 24 21 
38 39 133 21 22 68 24 21 
38 39 133 21 22 68 24 21 
38 39 133 21 22 68 24 21 
38 39 133 21 22 68 24 21 
38 39 133 21 22 68 24 21 
1 15 38 39 16 133 21 22 68 24 21 
38 39 133 21 22 68 24 21 
38 39 133 21 22 68 24 21 
38 39 133 21 22 68 24 21 
38 39 133 21 22 68 24 21 
38 39 133 21 22 68 24 21 
38 39 133 21 22 68 24 21 
38 39 133 21 22 68 24 21 
38 39 133 21 22 68 24 21 
38 39 133 21 22 68 24 21 
38 39 133 21 22 68 24 21 
38 39 42 133 21 22 68 24 21 
38 39 133 21 22 68 24 21 
38 39 133 21 22 68 24 21 
38 39 133 21 22 68 24 21 
38 39 133 21 22 68 24 21 
38 39 133 21 22 68 24 21 
38 39 133 21 22 68 24 21 
38 39 133 21 22 68 24 21 
38 39 133 21 22 68 24 21 
38 39 133 21 22 68 24 21 
38 39 133 21 22 68 24 21 
38 39 133 21 22 68 24 21 
38 39 133 21 22 68 24 21 
38 39 133 21 22 68 24 21 
38 39 133 21 22 68 24 21 
38 39 5 21 22 143 8 37 144 24 21 
38 39 21 22 37 24 21 
38 39 21 22 37 24 21 
38 39 21 22 37 24 21 
38 39 5 21 22 143 8 37 144 24 21 
38 39 5 21 22 143 8 37 144 24 21 
38 39 133 21 22 68 24 21 
54 51 38 39 133 21 22 68 24 21 
38 39 133 21 22 68 24 21 
38 39 133 21 22 68 24 21 
38 39 133 21 22 68 24 21 
38 39 133 21 22 68 24 21 
38 39 133 21 22 68 24 21 
38 39 81 21 22 82 24 21 
38 39 81 21 22 82 24 21 
38 39 81 21 22 82 24 21 
38 39 81 21 22 82 24 21 
38 39 81 21 22 82 24 21 
38 39 81 21 22 82 24 21 
38 39 81 21 22 82 24 21 
38 39 81 21 22 82 24 21 
38 39 81 21 22 82 24 21 
38 39 81 21 22 82 24 21 
38 39 81 21 22 82 24 21 
38 39 81 21 22 82 24 21 
38 39 81 21 22 82 24 21 
38 39 81 21 22 82 24 21 
38 39 81 21 22 82 24 21 
38 39 81 21 22 82 24 21 
38 39 81 21 22 82 24 21 
38 39 81 21 22 82 24 21 
38 39 81 21 22 82 24 21 
38 39 81 21 22 82 24 21 
38 39 81 21 22 82 24 21 
38 39 81 21 22 82 24 21 
38 39 81 21 22 82 24 21 
38 39 81 21 22 82 24 21 
38 39 81 21 22 82 24 21 
38 39 81 21 22 82 24 21 
38 39 81 21 22 82 24 21 
38 39 81 21 22 82 24 21 
38 39 81 21 22 82 24 21 
38 39 81 21 22 82 24 21 
38 39 81 21 22 82 24 21 
38 39 81 21 22 82 24 21 
38 39 81 21 22 82 24 21 
1 38 39 2 81 21 22 82 24 21 
38 39 81 21 22 82 24 21 
38 39 81 21 22 82 24 21 
38 39 81 21 22 82 24 21 
38 39 81 21 22 82 24 21 
38 39 81 21 22 82 24 21 
38 39 81 21 22 82 24 21 
38 39 21 22 37 24 21 
38 39 133 21 22 68 24 21 
38 39 133 21 22 68 24 21 
38 39 133 21 22 68 24 21 
38 39 21 22 68 24 21 
38 39 21 22 68 24 21 
38 39 133 21 22 68 24 21 
38 39 21 22 68 24 21 
38 39 21 22 68 24 21 
38 39 21 22 68 24 21 
38 39 5 21 22 143 8 37 144 24 21 
38 39 5 21 22 143 8 37 144 24 21 
38 39 21 22 68 24 21 
38 39 133 21 22 68 24 21 
38 39 21 22 68 24 21 
38 39 21 22 68 24 21 
38 39 81 21 22 82 68 24 21 
38 39 81 21 22 82 68 24 21 
38 39 81 21 22 82 68 24 21 
38 39 81 21 22 82 68 24 21 
38 39 81 21 22 82 68 24 21 
38 39 81 21 22 82 68 24 21 
38 39 81 21 22 82 68 24 21 
38 39 21 22 68 24 21 
38 39 133 21 22 68 24 21 
38 39 133 21 22 68 24 21 
38 39 133 21 22 68 24 21 
38 39 133 21 22 68 24 21 
38 39 133 21 22 68 24 21 
38 39 133 21 22 68 24 21 
38 39 133 21 22 68 24 21 
38 39 133 21 22 68 24 21 
38 39 133 21 22 68 24 21 
769 54 51 38 39 157 133 21 22 68 24 21 
38 39 133 21 22 68 24 21 
38 39 133 21 22 68 24 21 
38 39 133 21 22 68 24 21 
38 39 133 21 22 68 24 21 
38 39 133 21 22 68 24 21 
38 39 133 21 22 68 24 21 
38 39 133 21 22 68 24 21 
38 39 133 21 22 68 24 21 
38 39 133 21 22 68 24 21 
38 39 133 21 22 68 24 21 
38 39 133 21 22 68 24 21 
38 39 133 21 22 68 24 21 
38 39 21 22 68 24 21 
38 39 133 21 22 68 24 21 
38 39 133 21 22 68 24 21 
38 39 133 21 22 68 24 21 
38 39 133 21 22 68 24 21 
38 39 21 22 68 24 21 
38 39 365 21 22 99 100 21 
38 39 133 21 22 68 24 21 
38 39 133 21 22 68 24 21 
38 39 133 21 22 68 24 21 
38 39 133 21 22 68 24 21 
38 39 133 21 22 68 24 21 
38 39 133 21 22 68 24 21 
38 39 133 21 22 68 24 21 
38 39 133 21 22 68 24 21 
38 39 133 21 22 68 24 21 
38 39 133 21 22 68 24 21 
38 39 133 21 22 68 24 21 
38 39 133 21 22 68 24 21 
38 39 133 21 22 68 24 21 
38 39 133 21 22 68 24 21 
38 39 133 21 22 68 24 21 
38 39 133 21 22 68 24 21 
38 39 133 21 22 68 24 21 
38 39 133 21 22 68 24 21 
38 39 133 21 22 68 24 21 
38 39 133 21 22 68 24 21 
38 39 133 21 22 68 24 21 
38 39 133 21 22 68 24 21 
38 39 133 21 22 68 24 21 
38 39 133 21 22 68 24 21 
38 39 133 21 22 68 24 21 
38 39 133 21 22 68 24 21 
38 39 133 21 22 68 24 21 
38 39 133 21 22 68 24 21 
38 39 133 21 22 68 24 21 
38 39 133 21 22 68 24 21 
38 39 133 21 22 68 24 21 
38 39 133 21 22 68 24 21 
38 39 21 22 68 24 21 
38 39 21 22 68 24 21 
38 39 21 22 68 24 21 
1 15 38 39 354 21 22 68 24 21 
38 39 354 21 22 68 24 21 
38 39 28 27 21 22 21 
38 39 28 27 21 22 21 
38 39 133 21 22 68 24 21 
38 39 133 21 22 68 24 21 
38 39 133 21 22 68 24 21 
38 39 133 21 22 68 24 21 
38 39 133 21 22 68 24 21 
38 39 133 21 22 68 24 21 
38 39 133 21 22 68 24 21 
38 39 133 21 22 68 24 21 
38 39 133 21 22 68 24 21 
38 39 133 21 22 68 24 21 
38 39 133 21 22 68 24 21 
38 39 133 21 22 68 24 21 
38 39 133 21 22 68 24 21 
38 39 133 21 22 68 24 21 
38 39 133 21 22 68 24 21 
38 39 133 21 22 68 24 21 
38 39 133 21 22 68 24 21 
38 39 133 21 22 68 24 21 
38 39 133 21 22 68 24 21 
38 39 133 21 22 68 24 21 
38 39 133 21 22 68 24 21 
38 39 133 21 22 68 24 21 
38 39 133 21 22 68 24 21 
38 39 133 21 22 68 24 21 
38 39 133 21 22 68 24 21 
38 39 133 21 22 68 24 21 
38 39 133 21 22 68 24 21 
38 39 133 21 22 68 24 21 
38 39 133 21 22 68 24 21 
38 39 133 21 22 68 24 21 
38 39 133 21 22 68 24 21 
38 39 21 22 68 24 21 
38 39 81 133 21 22 82 68 24 21 
38 39 81 133 21 22 82 68 24 21 
38 39 81 133 21 22 82 68 24 21 
38 39 81 133 21 22 82 68 24 21 
38 39 81 133 21 22 82 68 24 21 
38 39 133 21 22 68 24 21 
38 39 133 21 22 68 24 21 
38 39 133 21 22 68 24 21 
38 39 133 21 22 68 24 21 
38 39 133 21 22 68 24 21 
38 39 133 21 22 68 24 21 
38 39 133 21 22 68 24 21 
38 39 133 21 22 68 24 21 
38 39 21 22 68 24 21 
38 39 21 22 68 24 21 
38 39 21 22 68 24 21 
38 39 21 22 68 24 21 
38 39 21 22 68 24 21 
38 39 21 22 68 24 21 
58 59 38 39 60 21 22 68 24 21 
38 39 21 22 68 24 21 
54 51 38 39 133 354 21 22 68 24 21 
38 39 81 21 22 263 82 24 21 
38 39 81 21 22 263 82 24 21 
38 39 133 21 22 68 24 21 
38 39 133 21 22 68 24 21 
38 39 133 21 22 68 24 21 
38 39 133 21 22 68 24 21 
38 39 133 21 22 68 24 21 
38 39 133 21 22 68 24 21 
38 39 133 21 22 68 24 21 
38 39 133 21 22 68 24 21 
38 39 133 21 22 68 24 21 
38 39 133 21 22 68 24 21 
38 39 133 21 22 68 24 21 
38 39 133 21 22 68 24 21 
38 39 133 21 22 68 24 21 
38 39 133 21 22 68 24 21 
38 39 133 21 22 68 24 21 
38 39 133 21 22 68 24 21 
1 18 19 38 39 20 2 133 21 22 68 24 21 
38 39 133 21 22 68 24 21 
38 39 133 21 22 68 24 21 
38 39 133 21 22 68 24 21 
38 39 21 22 263 24 21 
38 39 133 21 22 68 24 21 
38 39 133 21 22 68 24 21 
38 39 133 21 22 68 24 21 
38 39 133 21 22 68 24 21 
38 39 133 21 22 68 24 21 
38 39 133 21 22 68 24 21 
38 39 133 21 22 68 24 21 
38 39 133 21 22 68 24 21 
38 39 133 21 22 68 24 21 
38 39 133 21 22 68 24 21 
38 39 133 21 22 68 24 21 
38 39 354 21 22 68 24 21 
38 39 133 21 22 68 24 21 
38 39 133 21 22 68 24 21 
38 39 133 21 22 68 24 21 
38 39 354 21 22 68 24 21 
38 39 354 21 22 68 24 21 
1 38 39 2 354 21 22 68 24 21 
38 39 133 21 22 68 24 21 
38 39 133 21 22 68 24 21 
38 39 133 21 22 68 24 21 
38 39 133 21 22 68 24 21 
38 39 133 21 22 68 24 21 
38 39 133 21 22 68 24 21 
38 39 133 21 22 68 24 21 
38 39 133 21 22 68 24 21 
38 39 133 21 22 68 24 21 
53 54 51 38 39 133 21 22 68 24 21 
38 39 133 21 22 68 24 21 
38 39 133 21 22 68 24 21 
38 39 133 21 22 68 24 21 
38 39 133 21 22 68 24 21 
38 39 133 21 22 68 24 21 
38 39 133 21 22 68 24 21 
38 39 354 21 22 68 24 21 
38 39 354 21 22 68 24 21 
38 39 42 133 21 22 68 24 21 
38 39 133 21 22 68 24 21 
38 39 133 21 22 68 24 21 
38 39 21 22 68 24 21 
38 39 133 21 22 68 24 21 
38 39 133 21 22 68 24 21 
38 39 133 21 22 68 24 21 
38 39 354 21 22 68 24 21 
38 39 21 22 263 68 24 21 
38 39 133 21 22 68 24 21 
38 39 133 21 22 68 24 21 
38 39 42 133 21 22 68 24 21 
38 39 133 21 22 68 24 21 
38 39 133 21 22 68 24 21 
38 39 133 21 22 68 24 21 
54 51 38 39 104 21 22 68 24 21 
38 39 133 21 22 68 24 21 
38 39 133 21 22 68 24 21 
38 39 21 22 68 24 21 
38 39 133 21 22 68 24 21 
38 39 21 22 68 24 21 
38 39 133 21 22 68 24 21 
38 39 133 21 22 68 24 21 
38 39 133 21 22 68 24 21 
38 39 133 21 22 68 24 21 
38 39 133 21 22 68 24 21 
38 39 133 21 22 68 24 21 
38 39 133 21 22 68 24 21 
38 39 133 21 22 68 24 21 
38 39 133 21 22 68 24 21 
38 39 133 21 22 68 24 21 
38 39 133 21 22 68 24 21 
38 39 133 21 22 68 24 21 
38 39 133 21 22 68 24 21 
38 39 133 21 22 68 24 21 
38 39 133 21 22 68 24 21 
38 39 133 21 22 68 24 21 
38 39 133 21 22 68 24 21 
38 39 133 21 22 68 24 21 
38 39 133 21 22 68 24 21 
38 39 133 21 22 68 24 21 
38 39 133 21 22 68 24 21 
1 15 38 39 43 133 21 22 68 24 21 
38 39 104 21 22 68 24 21 
38 39 104 21 22 68 24 21 
38 39 133 21 22 68 24 21 
38 39 133 21 22 68 24 21 
38 39 133 21 22 68 24 21 
38 39 133 21 22 68 24 21 
38 39 133 21 22 68 24 21 
38 39 133 21 22 68 24 21 
38 39 21 22 68 24 21 
38 39 104 21 22 68 24 21 
38 39 104 21 22 68 24 21 
38 39 104 21 22 68 24 21 
38 39 104 21 22 68 24 21 
38 39 21 22 68 24 21 
38 39 133 21 22 68 24 21 
38 39 354 21 22 68 24 21 
38 39 133 21 22 68 24 21 
38 39 133 21 22 68 24 21 
38 39 133 21 22 68 24 21 
38 39 133 21 22 68 24 21 
1 38 39 2 3 133 21 22 68 24 21 
38 39 133 21 22 68 24 21 
38 39 104 21 22 68 24 21 
51 348 350 349 38 39 351 133 21 22 68 24 21 
38 39 133 21 22 68 24 21 
38 39 133 21 22 68 24 21 
38 39 133 21 22 68 24 21 
38 39 133 21 22 68 24 21 
38 39 354 21 22 68 24 21 
38 39 133 21 22 68 24 21 
38 39 133 21 22 68 24 21 
38 39 133 21 22 68 24 21 
38 39 133 21 22 68 24 21 
38 39 133 21 22 68 24 21 
38 39 133 21 22 68 24 21 
38 39 133 21 22 68 24 21 
38 39 21 22 68 24 21 
470 190 54 51 38 39 192 354 21 22 68 24 21 
38 39 133 21 22 68 24 21 
38 39 133 21 22 68 24 21 
38 39 21 22 68 24 21 
38 39 133 21 22 68 24 21 
38 39 133 21 22 68 24 21 
38 39 133 21 22 68 24 21 
38 39 133 21 22 68 24 21 
38 39 133 21 22 68 24 21 
38 39 133 21 22 68 24 21 
38 39 133 21 22 68 24 21 
38 39 133 21 22 68 24 21 
38 39 133 21 22 68 24 21 
38 39 21 22 68 24 21 
38 39 133 21 22 68 24 21 
470 190 54 51 38 39 192 133 21 22 68 24 21 
1 15 38 39 16 133 21 22 68 24 21 
38 39 133 21 22 68 24 21 
38 39 133 21 22 68 24 21 
38 39 354 21 22 68 24 21 
38 39 354 21 22 68 24 21 
38 39 354 21 22 68 24 21 
38 39 354 21 22 68 24 21 
38 39 354 21 22 68 24 21 
38 39 354 21 22 68 24 21 
38 39 354 21 22 68 24 21 
38 39 354 21 22 68 24 21 
38 39 354 21 22 68 24 21 
38 39 133 21 22 68 24 21 
38 39 133 21 22 68 24 21 
38 39 133 21 22 68 24 21 
38 39 133 21 22 68 24 21 
38 39 133 21 22 68 24 21 
38 39 133 21 22 68 24 21 
38 39 133 21 22 68 24 21 
38 39 133 21 22 68 24 21 
38 39 133 21 22 68 24 21 
38 39 133 21 22 68 24 21 
38 39 21 22 68 24 21 
38 39 133 21 22 68 24 21 
38 39 133 21 22 68 24 21 
38 39 229 21 22 68 24 21 
38 39 133 21 22 68 24 21 
38 39 21 22 68 24 21 
38 39 354 21 22 68 24 21 
38 39 354 21 22 68 24 21 
38 39 354 21 22 68 24 21 
38 39 354 21 22 68 24 21 
38 39 354 21 22 68 24 21 
38 39 354 21 22 68 24 21 
38 39 354 21 22 68 24 21 
38 39 354 21 22 68 24 21 
38 39 354 21 22 68 24 21 
38 39 354 21 22 68 24 21 
38 39 354 21 22 68 24 21 
38 39 354 21 22 68 24 21 
38 39 354 21 22 68 24 21 
38 39 354 21 22 68 24 21 
38 39 354 21 22 68 24 21 
38 39 354 21 22 68 24 21 
38 39 354 21 22 68 24 21 
38 39 354 21 22 68 24 21 
38 39 354 21 22 68 24 21 
38 39 133 21 22 68 24 21 
38 39 133 21 22 68 24 21 
38 39 133 21 22 68 24 21 
38 39 21 22 68 24 21 
38 39 21 22 68 24 21 
38 39 21 22 68 24 21 
38 39 133 21 22 68 24 21 
38 39 133 21 22 68 24 21 
38 39 133 21 22 68 24 21 
51 38 39 133 21 22 68 24 21 
38 39 133 21 22 68 24 21 
38 39 133 21 22 68 24 21 
38 39 133 21 22 68 24 21 
38 39 133 21 22 68 24 21 
38 39 133 21 22 68 24 21 
38 39 133 21 22 68 24 21 
38 39 133 21 22 68 24 21 
38 39 133 21 22 68 24 21 
38 39 21 22 68 24 21 
38 39 21 22 68 24 21 
38 39 21 22 68 24 21 
38 39 21 22 68 24 21 
38 39 21 22 68 24 21 
38 39 21 22 68 24 21 
38 39 21 22 68 24 21 
38 39 21 22 68 24 21 
38 39 21 22 68 24 21 
38 39 354 21 22 68 24 21 
38 39 21 22 263 24 21 
38 39 21 22 68 24 21 
38 39 21 22 68 24 21 
347 38 39 56 57 181 21 22 68 24 21 
38 39 21 22 68 24 21 
38 39 133 21 22 68 24 21 
38 39 133 21 22 68 24 21 
38 39 133 21 22 68 24 21 
38 39 21 22 263 24 21 
38 39 133 21 22 68 24 21 
38 39 21 22 68 24 21 
38 39 133 21 22 68 24 21 
38 39 133 21 22 68 24 21 
38 39 21 22 68 24 21 
38 39 21 22 68 24 21 
38 39 21 22 68 24 21 
38 39 133 21 22 68 24 21 
38 39 28 21 22 266 21 
38 39 133 21 22 68 24 21 
38 39 28 21 22 266 21 
38 39 28 21 22 266 21 
38 39 28 21 22 266 21 
38 39 28 21 22 266 21 
38 39 28 21 22 266 21 
38 39 28 21 22 266 21 
38 39 354 21 22 68 24 21 
38 39 354 21 22 68 24 21 
38 39 133 21 22 68 24 21 
38 39 133 21 22 68 24 21 
38 39 133 21 22 68 24 21 
38 39 133 21 22 68 24 21 
38 39 21 22 68 24 21 
38 39 133 21 22 68 24 21 
38 39 229 354 21 22 68 24 21 
38 39 354 21 22 68 24 21 
38 39 354 21 22 68 24 21 
38 39 354 21 22 68 24 21 
38 39 5 21 22 143 8 37 144 24 21 
38 39 133 21 22 68 24 21 
38 39 133 21 22 68 24 21 
38 39 21 22 68 24 21 
38 39 21 22 68 24 21 
38 39 21 22 68 24 21 
38 39 21 22 68 24 21 
38 39 21 22 68 24 21 
38 39 21 22 24 21 
38 39 21 22 68 24 21 
38 39 133 21 22 68 24 21 
38 39 133 21 22 68 24 21 
38 39 133 21 22 68 24 21 
38 39 133 21 22 68 24 21 
38 39 133 21 22 68 24 21 
38 39 133 21 22 68 24 21 
38 39 133 21 22 68 24 21 
38 39 133 21 22 68 24 21 
38 39 21 22 68 24 21 
38 39 21 22 68 24 21 
38 39 21 22 68 24 21 
38 39 21 22 68 24 21 
38 55 39 56 57 21 22 68 24 21 
38 39 21 22 68 24 21 
38 39 21 22 68 24 21 
38 39 21 22 68 24 21 
38 39 133 21 22 68 24 21 
38 39 133 21 22 68 24 21 
38 39 133 21 22 68 24 21 
38 39 133 21 22 68 24 21 
38 39 133 21 22 68 24 21 
38 39 354 21 22 68 24 21 
38 39 104 21 22 68 24 21 
38 39 21 22 68 24 21 
38 39 21 22 68 24 21 
38 39 21 22 24 21 
59 128 38 39 60 81 21 22 82 24 21 
38 39 133 21 22 68 24 21 
38 39 133 21 22 68 24 21 
38 39 133 21 22 68 24 21 
38 39 28 21 22 111 80 21 
38 39 28 21 22 111 80 21 
136 38 39 42 174 28 21 22 111 80 21 
38 39 28 21 22 111 80 21 
38 39 28 21 22 111 80 21 
38 39 28 21 22 111 80 21 
38 39 28 21 22 111 80 21 
38 39 28 21 22 111 80 21 
38 39 28 21 22 111 80 21 
38 39 28 21 22 111 80 21 
38 39 28 21 22 111 80 21 
38 39 28 21 22 111 80 21 
38 39 28 21 22 111 80 21 
38 39 28 21 22 111 80 21 
38 39 28 21 22 111 80 21 
38 39 28 21 22 111 80 21 
38 39 28 21 22 111 80 21 
38 39 28 21 22 111 80 21 
38 39 28 21 22 111 80 21 
38 39 28 21 22 111 80 21 
38 39 28 21 22 111 80 21 
38 39 28 21 22 111 80 21 
38 39 28 21 22 111 80 21 
38 39 28 21 22 111 80 21 
38 39 28 21 22 111 80 21 
38 39 28 21 22 111 80 21 
38 39 28 21 22 111 80 21 
38 39 28 21 22 111 80 21 
38 39 28 21 22 111 80 21 
38 39 28 21 22 111 80 21 
38 39 28 21 22 111 80 21 
38 39 21 22 68 24 21 
38 39 21 22 68 24 21 
38 39 21 22 68 24 21 
38 39 133 21 22 68 24 21 
38 39 133 21 22 68 24 21 
38 39 133 21 22 68 24 21 
38 39 133 21 22 68 24 21 
38 39 133 21 22 68 24 21 
38 39 133 21 22 68 24 21 
38 39 133 21 22 68 24 21 
38 39 133 21 22 68 24 21 
38 39 112 28 27 21 22 248 113 617 21 
38 39 112 28 27 21 22 248 113 617 21 
38 39 112 28 27 21 22 248 113 617 21 
38 39 112 28 27 21 22 248 113 617 21 
38 39 112 28 27 21 22 248 113 617 21 
1 38 39 112 28 27 21 22 248 113 617 21 
38 39 112 28 27 21 22 248 113 617 21 
38 39 112 28 27 21 22 248 113 617 21 
38 39 112 28 27 21 22 248 113 617 21 
38 39 112 28 27 21 22 248 113 617 21 
38 39 112 28 27 21 22 248 113 617 21 
38 39 112 28 27 21 22 248 113 617 21 
38 39 112 28 27 21 22 248 113 617 21 
38 39 112 28 27 21 22 248 113 617 21 
38 39 112 28 27 21 22 248 113 617 21 
38 39 112 28 27 21 22 248 113 617 21 
38 39 112 28 27 21 22 248 113 617 21 
38 39 112 28 27 21 22 248 113 617 21 
38 39 112 28 27 21 22 248 113 617 21 
38 39 112 28 27 21 22 248 113 617 21 
38 39 28 21 22 111 80 21 
38 39 28 21 22 111 80 21 
38 39 28 21 22 111 80 21 
38 39 28 21 22 111 80 21 
38 39 28 21 22 111 80 21 
38 39 28 21 22 111 80 21 
38 39 28 21 22 111 80 21 
38 39 28 21 22 111 80 21 
38 39 28 21 22 111 80 21 
38 39 28 21 22 111 80 21 
38 39 28 21 22 111 80 21 
38 39 21 22 263 24 21 
38 39 28 21 22 111 80 21 
38 39 28 21 22 111 80 21 
38 39 104 21 22 68 24 21 
38 39 104 21 22 68 24 21 
38 39 104 21 22 68 24 21 
38 39 104 21 22 68 24 21 
38 39 104 21 22 68 24 21 
38 39 104 21 22 68 24 21 
38 39 133 21 22 68 24 21 
38 39 133 21 22 68 24 21 
38 39 133 21 22 68 24 21 
38 39 133 21 22 68 24 21 
38 39 133 21 22 68 24 21 
38 39 133 21 22 68 24 21 
38 39 133 21 22 68 24 21 
38 39 133 21 22 68 24 21 
38 39 133 21 22 68 24 21 
38 39 133 21 22 68 24 21 
38 39 133 21 22 68 24 21 
38 39 133 21 22 68 24 21 
38 39 5 6 21 22 24 21 
1 15 38 39 5 6 21 22 24 21 
1 15 38 39 21 22 68 24 21 
38 39 21 22 37 24 21 
38 39 21 22 68 24 21 
38 39 21 22 24 21 
38 39 21 22 24 21 
38 39 21 22 24 21 
38 39 21 22 24 21 
38 39 21 22 24 21 
38 39 21 22 24 21 
38 39 133 21 22 68 24 21 
38 39 133 21 22 68 24 21 
40 38 39 42 133 21 22 68 24 21 
38 39 133 21 22 68 24 21 
38 39 133 21 22 68 24 21 
38 39 133 21 22 68 24 21 
38 39 133 21 22 68 24 21 
38 39 133 21 22 68 24 21 
38 39 133 21 22 68 24 21 
59 713 128 38 39 60 133 21 22 68 24 21 
38 39 133 21 22 68 24 21 
38 39 133 21 22 68 24 21 
38 39 133 21 22 68 24 21 
38 39 133 21 22 68 24 21 
38 39 133 21 22 68 24 21 
38 39 133 21 22 68 24 21 
38 39 133 21 22 68 24 21 
38 39 133 21 22 68 24 21 
53 54 51 38 39 133 21 22 68 24 21 
38 39 5 6 21 9 21 
38 39 5 6 21 9 21 
38 39 21 22 68 24 21 
38 39 21 22 68 24 21 
38 39 28 21 22 111 80 21 
38 39 81 21 22 82 24 21 
38 39 81 21 22 82 24 21 
38 39 81 21 22 82 24 21 
38 39 81 21 22 82 24 21 
38 39 21 22 21 
38 39 21 22 21 
38 39 21 22 21 
38 39 133 21 22 68 24 21 
38 39 133 21 22 68 24 21 
38 39 133 21 22 68 24 21 
38 39 133 21 22 68 24 21 
38 39 133 21 22 68 24 21 
38 39 133 21 22 68 24 21 
38 39 133 21 22 68 24 21 
38 39 28 21 22 111 80 21 
38 39 28 21 22 111 80 21 
38 39 21 22 7 37 11 10 24 21 
38 39 21 22 68 24 21 
38 39 21 22 68 24 21 
38 39 21 22 68 24 21 
38 39 21 22 68 24 21 
38 39 21 22 68 24 21 
38 39 21 22 24 21 
38 39 81 21 22 82 68 24 21 
38 39 28 27 21 22 21 
38 39 28 27 21 22 21 
38 39 28 27 21 22 21 
38 39 133 21 22 68 24 21 
38 39 133 21 22 68 24 21 
38 39 133 21 22 68 24 21 
38 39 133 21 22 68 24 21 
38 39 133 21 22 68 24 21 
38 39 133 21 22 68 24 21 
38 39 133 21 22 68 24 21 
1 15 38 39 133 21 22 68 24 21 
38 39 42 133 21 22 68 24 21 
38 39 21 22 68 24 21 
38 39 21 22 68 24 21 
38 39 21 22 68 24 21 
38 39 21 22 68 24 21 
38 39 21 22 68 24 21 
38 39 21 22 68 24 21 
1 38 39 21 22 68 24 21 
38 39 21 22 68 24 21 
38 39 21 22 68 24 21 
769 54 51 38 39 157 354 21 22 68 24 21 
38 39 133 21 22 68 24 21 
38 39 81 21 22 82 24 21 
38 39 21 22 24 21 
38 39 21 22 24 21 
38 39 21 22 24 21 
38 39 21 22 24 21 
38 39 21 22 24 21 
1 38 39 2 21 22 24 21 
38 39 21 22 24 21 
38 39 21 22 24 21 
38 39 21 22 24 21 
38 39 81 21 22 82 68 24 21 
38 39 81 21 22 82 68 24 21 
38 39 133 21 22 68 24 21 
38 39 133 21 22 68 24 21 
38 39 81 133 21 22 82 68 24 21 
38 39 5 28 6 21 22 266 61 21 
38 39 5 28 6 21 22 266 61 21 
38 39 5 28 6 21 22 266 61 21 
38 39 5 28 6 21 22 266 61 21 
38 39 21 22 68 24 21 
38 39 21 22 68 24 21 
38 39 21 22 68 24 21 
38 39 21 22 68 24 21 
38 39 81 133 21 22 82 68 24 21 
38 39 81 133 21 22 82 68 24 21 
38 39 81 133 21 22 82 68 24 21 
38 39 21 22 68 24 21 
38 39 21 22 68 24 21 
38 39 21 22 68 24 21 
38 39 81 21 22 82 68 24 21 
38 39 21 22 68 24 21 
38 39 133 21 22 68 24 21 
38 39 133 21 22 68 24 21 
38 39 133 21 22 68 24 21 
38 39 21 22 68 24 21 
38 39 21 22 68 24 21 
38 39 21 22 68 24 21 
38 39 21 22 68 24 21 
38 39 21 22 68 24 21 
38 39 21 22 68 24 21 
38 39 21 22 68 24 21 
38 39 21 22 68 24 21 
1 38 39 2 21 22 68 24 21 
38 39 21 22 68 24 21 
38 39 21 22 68 24 21 
38 39 21 22 68 24 21 
38 39 21 22 68 24 21 
38 39 21 22 24 21 
1 38 39 2 133 21 22 68 24 21 
38 39 354 21 22 68 24 21 
38 39 365 21 22 99 100 21 
38 39 133 21 22 68 24 21 
38 39 133 21 22 68 24 21 
38 39 133 21 22 68 24 21 
38 39 354 21 22 68 24 21 
38 39 354 21 22 68 24 21 
38 39 21 22 68 24 21 
38 39 133 21 22 68 24 21 
38 39 133 21 22 68 24 21 
38 39 133 21 22 68 24 21 
38 39 133 21 22 68 24 21 
38 39 28 27 21 22 617 21 
38 39 21 22 24 21 
38 39 21 22 24 21 
38 39 133 21 22 68 24 21 
38 39 81 21 22 82 24 21 
38 39 21 22 99 100 21 
38 39 21 22 24 21 
1 15 38 39 43 21 22 24 21 
38 39 229 21 22 24 21 
1 38 39 2 21 22 24 21 
38 39 21 22 68 24 21 
38 39 133 21 22 68 24 21 
38 39 133 21 22 68 24 21 
38 39 133 21 22 68 24 21 
38 39 133 21 22 68 24 21 
38 39 133 21 22 68 24 21 
38 39 133 21 22 68 24 21 
38 39 133 21 22 68 24 21 
38 39 133 21 22 68 24 21 
38 39 133 21 22 68 24 21 
38 39 133 21 22 68 24 21 
38 39 133 21 22 68 24 21 
38 39 133 21 22 68 24 21 
38 39 133 21 22 68 24 21 
38 39 133 21 22 68 24 21 
38 39 133 21 22 68 24 21 
38 39 133 21 22 68 24 21 
38 39 133 21 22 68 24 21 
38 39 133 21 22 68 24 21 
38 39 21 22 68 24 21 
38 39 133 21 22 68 24 21 
38 39 133 21 22 68 24 21 
38 39 133 21 22 68 24 21 
38 39 133 21 22 68 24 21 
38 39 133 21 22 68 24 21 
38 39 133 21 22 68 24 21 
38 39 21 22 68 24 21 
38 39 21 22 68 24 21 
38 39 365 21 22 99 100 21 
38 39 21 22 24 21 
334 38 39 21 22 24 21 
38 39 21 22 68 24 21 
38 39 21 22 21 
38 39 21 22 21 
38 39 5 28 27 6 21 22 61 21 
38 39 5 28 27 6 21 22 61 21 
38 39 5 28 27 6 21 22 61 21 
38 39 5 28 27 6 21 22 61 21 
38 39 5 28 27 6 21 22 61 21 
38 39 5 28 27 6 21 22 61 21 
38 39 5 28 27 6 21 22 61 21 
38 39 5 28 27 6 21 22 61 21 
38 39 5 28 27 6 21 22 61 21 
38 39 5 28 27 6 21 22 61 21 
38 39 5 28 27 6 21 22 61 21 
38 39 5 28 27 6 21 22 61 21 
38 39 5 28 27 6 21 22 61 21 
38 39 5 28 27 6 21 22 61 21 
38 39 104 21 22 68 24 21 
38 39 104 21 22 68 24 21 
38 39 104 21 22 68 24 21 
38 39 104 21 22 68 24 21 
1 15 38 39 16 104 21 22 68 24 21 
38 39 104 21 22 68 24 21 
38 39 104 21 22 68 24 21 
38 39 133 21 22 68 24 21 
38 39 21 22 68 24 21 
38 39 21 22 21 
38 39 21 22 21 
38 39 21 22 21 
38 39 21 22 21 
38 39 21 22 21 
38 39 104 21 22 68 24 21 
40 38 39 42 21 22 68 24 21 
38 39 21 22 68 24 21 
38 39 21 22 68 24 21 
38 39 21 22 68 24 21 
38 39 21 22 68 24 21 
38 39 21 22 68 24 21 
38 39 21 22 68 24 21 
38 39 21 22 68 24 21 
38 39 21 22 68 24 21 
38 39 21 22 68 24 21 
38 39 21 22 68 24 21 
38 39 21 22 68 24 21 
38 39 21 22 68 24 21 
38 39 21 22 68 24 21 
38 39 21 22 68 24 21 
38 39 104 21 22 68 24 21 
38 39 21 22 68 24 21 
38 39 21 22 68 24 21 
38 39 21 22 68 24 21 
38 39 354 21 22 68 24 21 
38 39 42 21 22 24 21 
38 39 21 22 68 24 21 
38 39 21 22 68 24 21 
38 39 21 22 68 24 21 
38 39 21 22 68 24 21 
38 39 354 21 22 68 24 21 
38 39 133 21 22 68 24 21 
38 39 133 21 22 68 24 21 
38 39 133 21 22 68 24 21 
38 39 133 21 22 68 24 21 
38 39 28 21 22 111 80 21 
38 39 28 21 22 111 80 21 
38 39 28 21 22 111 80 21 
38 39 28 21 22 111 80 21 
38 39 28 21 22 111 80 21 
38 39 28 21 22 111 80 21 
38 39 28 21 22 111 80 21 
38 39 28 21 22 111 80 21 
38 39 21 22 68 24 21 
38 39 21 22 68 24 21 
38 39 21 22 24 21 
38 39 81 21 22 82 68 24 21 
38 39 21 22 263 24 21 
38 39 133 21 22 68 24 21 
38 39 81 21 22 82 24 21 
38 39 81 21 22 82 24 21 
38 39 81 21 22 82 24 21 
1 236 15 38 39 202 81 21 22 82 24 21 
38 39 81 21 22 82 24 21 
38 39 81 21 22 82 24 21 
38 39 81 21 22 82 24 21 
38 39 81 21 22 82 24 21 
38 39 81 21 22 82 24 21 
38 39 81 21 22 82 24 21 
38 39 133 21 22 68 24 21 
38 39 21 22 24 21 
38 39 21 22 24 21 
38 39 21 22 68 24 21 
38 39 5 6 21 21 
38 39 21 22 24 21 
38 39 21 22 24 21 
38 39 28 27 21 22 266 21 
38 39 28 27 21 22 266 21 
38 39 27 28 21 22 24 21 
38 39 27 28 21 22 24 21 
38 39 28 21 22 68 111 24 80 21 
38 39 28 21 22 68 111 24 80 21 
38 39 21 22 68 24 21 
38 39 21 22 68 24 21 
38 39 28 21 22 111 80 21 
38 39 28 21 22 111 80 21 
38 39 28 21 22 111 80 21 
38 39 28 21 22 111 80 21 
38 39 28 21 22 111 80 21 
38 39 28 21 22 111 80 21 
38 39 28 21 22 111 80 21 
38 39 28 21 22 111 80 21 
38 39 28 21 22 111 80 21 
38 39 5 6 21 22 21 
38 39 5 6 21 22 21 
38 39 5 6 21 22 21 
38 39 5 6 21 22 21 
38 39 5 6 21 22 21 
38 39 5 6 21 22 21 
38 39 5 6 21 22 21 
38 39 5 6 21 22 21 
38 39 133 21 22 68 24 21 
38 39 133 21 22 68 24 21 
38 39 133 21 22 68 24 21 
38 39 133 21 22 68 24 21 
38 39 133 21 22 68 24 21 
38 39 133 21 22 68 24 21 
38 39 21 22 90 21 
38 39 21 22 90 21 
1 38 39 21 22 37 24 21 
38 39 21 22 37 24 21 
54 51 38 39 21 22 37 24 21 
38 39 21 22 37 24 21 
38 39 354 21 22 68 24 21 
38 39 21 22 68 24 21 
38 39 81 21 22 82 24 21 
38 39 21 22 68 24 21 
38 39 5 21 22 143 8 37 144 24 21 
38 39 5 21 22 143 8 37 144 24 21 
38 39 21 22 68 24 21 
38 39 21 22 68 24 21 
38 39 21 22 68 24 21 
38 39 21 22 68 24 21 
1 38 39 21 22 68 24 21 
38 39 21 22 68 24 21 
38 39 256 21 22 21 
38 39 256 21 22 21 
38 39 133 354 21 22 68 24 21 
38 39 133 354 21 22 68 24 21 
38 39 133 354 21 22 68 24 21 
38 39 133 354 21 22 68 24 21 
38 39 133 354 21 22 68 24 21 
38 39 133 354 21 22 68 24 21 
38 39 133 354 21 22 68 24 21 
38 39 133 354 21 22 68 24 21 
38 39 21 22 68 24 21 
38 39 21 22 68 24 21 
38 39 21 22 21 
38 39 21 22 21 
38 39 21 22 21 
38 39 21 22 21 
38 39 42 21 22 21 
38 39 21 22 21 
38 39 21 22 21 
38 39 21 22 21 
38 39 21 22 21 
38 39 21 22 21 
38 39 21 22 21 
38 39 21 22 21 
38 39 21 22 21 
38 39 21 22 21 
38 39 21 22 21 
38 39 21 22 21 
38 39 21 22 21 
38 39 21 22 21 
38 39 21 22 21 
38 39 21 22 21 
38 39 21 22 21 
38 39 21 22 21 
38 39 21 22 21 
38 39 21 22 21 
38 39 21 22 21 
38 39 21 22 21 
38 39 21 22 21 
38 39 21 22 21 
38 39 21 22 21 
38 39 21 22 21 
38 39 21 22 21 
38 39 21 22 21 
38 39 21 22 21 
38 39 21 22 21 
38 39 21 22 21 
38 39 21 22 21 
38 39 21 22 68 24 21 
38 39 21 22 24 21 
38 39 21 22 24 21 
38 39 21 22 24 21 
38 39 21 22 24 21 
38 39 21 22 24 21 
38 39 21 22 24 21 
38 39 21 22 24 21 
38 39 21 22 24 21 
38 39 21 22 24 21 
38 39 21 22 24 21 
38 39 21 22 24 21 
38 39 21 22 24 21 
38 39 21 22 24 21 
38 39 21 22 24 21 
38 39 21 22 24 21 
38 39 21 22 24 21 
38 39 21 22 24 21 
38 39 21 22 24 21 
38 39 21 22 24 21 
38 39 21 22 24 21 
38 39 21 22 24 21 
38 39 21 22 24 21 
38 39 21 22 24 21 
38 39 21 22 24 21 
38 39 21 22 24 21 
38 39 21 22 24 21 
38 39 21 22 24 21 
38 39 21 22 24 21 
38 39 21 22 24 21 
38 39 21 22 24 21 
1 38 39 2 21 22 24 21 
38 39 21 22 24 21 
38 39 21 22 24 21 
38 39 21 22 24 21 
38 39 21 22 24 21 
38 39 21 22 24 21 
38 39 21 22 24 21 
38 39 21 22 24 21 
38 39 21 22 24 21 
38 39 21 22 24 21 
38 39 133 21 22 68 24 21 
184 1 15 38 39 185 133 21 22 68 24 21 
38 39 133 21 22 68 24 21 
38 39 133 21 22 68 24 21 
38 39 28 21 22 111 80 21 
38 39 28 21 22 111 80 21 
38 39 28 21 22 111 80 21 
38 39 354 21 22 68 24 21 
38 39 354 21 22 68 24 21 
38 39 354 21 22 68 24 21 
38 39 354 21 22 68 24 21 
38 39 21 22 68 24 21 
53 54 51 38 39 21 22 68 24 21 
38 39 21 22 68 24 21 
38 39 42 21 22 68 24 21 
38 39 21 22 68 24 21 
38 39 21 22 68 24 21 
38 39 21 22 68 24 21 
38 39 21 22 352 99 353 100 21 
38 39 133 21 22 68 24 21 
38 39 354 21 22 68 24 21 
38 39 354 21 22 68 24 21 
38 39 354 21 22 68 24 21 
38 39 354 21 22 68 24 21 
38 39 354 21 22 68 24 21 
38 39 21 22 68 24 21 
38 39 21 22 68 24 21 
38 39 21 22 68 24 21 
38 39 21 22 68 24 21 
38 39 21 22 68 24 21 
38 39 133 21 22 68 24 21 
38 39 133 21 22 68 24 21 
38 39 133 21 22 68 24 21 
38 39 133 21 22 68 24 21 
38 39 133 21 22 68 24 21 
184 1 15 38 39 185 133 21 22 68 24 21 
38 39 133 21 22 68 24 21 
38 39 133 21 22 68 24 21 
38 39 133 21 22 68 24 21 
38 39 133 21 22 68 24 21 
38 39 133 21 22 68 24 21 
38 39 133 21 22 68 24 21 
38 39 133 21 22 68 24 21 
38 39 133 21 22 68 24 21 
38 39 133 21 22 68 24 21 
38 39 133 21 22 68 24 21 
38 39 354 21 22 68 24 21 
38 39 133 21 22 68 24 21 
38 39 104 21 22 68 24 21 
38 39 133 21 22 68 24 21 
38 39 21 22 263 24 21 
38 39 21 22 263 24 21 
38 39 81 21 22 82 24 21 
38 39 21 22 68 24 21 
38 39 21 22 68 24 21 
38 39 5 6 21 22 352 99 100 21 
97 1 19 38 39 2 98 133 21 22 68 24 21 
38 39 21 22 68 24 21 
38 39 133 21 22 68 24 21 
38 39 133 21 22 68 24 21 
38 39 133 21 22 68 24 21 
38 39 133 21 22 68 24 21 
38 39 133 21 22 68 24 21 
38 39 133 21 22 68 24 21 
38 39 133 21 22 68 24 21 
38 39 133 21 22 68 24 21 
38 39 133 21 22 68 24 21 
38 39 28 21 22 111 80 21 
38 39 28 21 22 111 80 21 
1 38 39 2 28 21 22 111 80 21 
38 39 28 21 22 111 80 21 
38 39 28 21 22 111 80 21 
38 39 28 21 22 111 80 21 
38 39 28 21 22 111 80 21 
38 39 28 21 22 111 80 21 
38 39 28 21 22 111 80 21 
38 39 28 21 22 111 80 21 
38 39 28 21 22 111 80 21 
38 39 28 21 22 111 80 21 
38 39 28 21 22 111 80 21 
38 39 28 21 22 111 80 21 
38 39 28 21 22 111 80 21 
38 39 28 21 22 111 80 21 
38 39 28 21 22 111 80 21 
38 39 28 21 22 111 80 21 
38 39 28 21 22 111 80 21 
38 39 28 21 22 111 80 21 
38 39 28 21 22 111 80 21 
38 39 28 21 22 111 80 21 
38 39 28 21 22 111 80 21 
38 39 28 21 22 111 80 21 
38 39 28 21 22 111 80 21 
38 39 28 21 22 111 80 21 
38 39 28 21 22 111 80 21 
38 39 28 21 22 111 80 21 
38 39 28 21 22 111 80 21 
38 39 28 21 22 111 80 21 
38 39 28 21 22 111 80 21 
38 39 28 21 22 111 80 21 
38 39 28 21 22 111 80 21 
40 38 39 42 28 21 22 111 80 21 
38 39 28 21 22 111 80 21 
38 39 28 21 22 111 80 21 
38 39 28 21 22 111 80 21 
38 39 28 21 22 111 80 21 
38 39 28 21 22 111 80 21 
38 39 28 21 22 111 80 21 
38 39 28 21 22 111 80 21 
38 39 28 21 22 111 80 21 
38 39 28 21 22 111 80 21 
38 39 28 21 22 111 80 21 
38 39 28 21 22 111 80 21 
38 39 28 21 22 111 80 21 
38 39 28 21 22 111 80 21 
38 39 28 21 22 111 80 21 
38 39 28 21 22 111 80 21 
38 39 28 21 22 111 80 21 
38 39 28 21 22 111 80 21 
38 39 28 21 22 111 80 21 
38 39 28 21 22 111 80 21 
38 39 28 21 22 111 80 21 
38 39 28 21 22 111 80 21 
38 39 28 21 22 111 80 21 
38 39 28 21 22 111 80 21 
38 39 28 21 22 111 80 21 
38 39 28 21 22 111 80 21 
38 39 28 21 22 111 80 21 
38 39 28 21 22 111 80 21 
38 39 28 21 22 111 80 21 
38 39 28 21 22 111 80 21 
38 39 28 21 22 111 80 21 
38 39 28 21 22 111 80 21 
38 39 28 21 22 111 80 21 
38 39 28 21 22 111 80 21 
38 39 28 21 22 111 80 21 
38 39 28 21 22 111 80 21 
38 39 28 21 22 111 80 21 
38 39 28 21 22 111 80 21 
38 39 28 21 22 111 80 21 
38 39 28 21 22 111 80 21 
38 39 28 21 22 111 80 21 
38 39 28 21 22 111 80 21 
38 39 28 21 22 111 80 21 
38 39 21 22 68 24 21 
38 39 21 22 68 24 21 
38 39 21 22 24 21 
38 39 133 21 22 68 24 21 
38 39 21 22 68 24 21 
38 39 21 22 68 24 21 
54 51 38 39 81 21 22 82 68 24 21 
38 39 21 22 68 24 21 
38 39 28 21 22 25 26 111 80 21 
38 39 28 21 22 25 26 111 80 21 
38 39 28 21 22 25 26 111 80 21 
38 39 28 21 22 25 26 111 80 21 
51 38 39 104 21 22 68 24 21 
38 39 133 21 22 68 24 21 
38 39 28 21 22 111 24 80 21 
38 39 21 22 37 24 21 
38 39 21 22 37 24 21 
38 39 21 22 37 24 21 
38 55 39 56 57 21 22 37 24 21 
38 39 21 22 37 24 21 
38 39 21 22 37 24 21 
38 39 21 22 37 24 21 
38 39 21 22 37 24 21 
38 39 21 22 37 24 21 
38 39 21 22 99 100 21 
38 39 21 22 99 100 21 
38 39 81 21 22 82 24 21 
38 39 81 21 22 82 24 21 
38 39 81 21 22 82 24 21 
1 38 39 2 81 21 22 82 24 21 
38 39 81 21 22 82 24 21 
38 39 81 21 22 82 24 21 
38 39 27 28 21 22 24 21 
38 39 21 22 68 24 21 
38 39 28 21 22 111 24 80 21 
38 39 21 22 24 21 
38 39 21 22 21 
38 39 133 21 22 68 24 21 
38 39 21 22 68 24 21 
38 39 21 22 68 24 21 
38 39 21 22 68 24 21 
38 39 21 22 68 24 21 
38 39 21 22 68 24 21 
38 39 21 22 68 24 21 
38 39 21 22 68 24 21 
38 39 21 22 68 24 21 
38 39 21 22 68 24 21 
38 39 21 22 68 24 21 
38 39 21 22 68 24 21 
38 39 28 21 22 111 24 80 21 
38 39 28 21 22 111 24 80 21 
38 39 133 21 22 68 24 21 
38 39 133 21 22 68 24 21 
38 39 133 21 22 68 24 21 
38 39 133 21 22 68 24 21 
38 39 133 21 22 68 24 21 
38 39 133 21 22 68 24 21 
38 39 133 21 22 68 24 21 
38 39 133 21 22 68 24 21 
38 39 133 21 22 68 24 21 
38 39 354 21 22 68 24 21 
38 39 354 21 22 68 24 21 
38 39 28 27 21 22 266 21 
38 39 28 27 21 22 266 21 
38 39 133 21 22 68 24 21 
38 39 21 22 68 24 21 
38 39 21 22 37 24 21 
38 39 21 22 68 24 21 
38 39 133 21 22 68 24 21 
38 39 133 21 22 68 24 21 
38 39 354 21 22 68 24 21 
38 39 354 21 22 68 24 21 
38 39 354 21 22 68 24 21 
38 39 354 21 22 68 24 21 
38 39 354 21 22 68 24 21 
1 38 39 2 3 354 21 22 68 24 21 
38 39 21 22 68 24 21 
38 39 133 21 22 68 24 21 
38 39 21 22 37 24 21 
38 39 133 21 22 68 24 21 
38 39 365 21 22 99 24 100 21 
38 39 21 22 24 21 
38 39 21 22 24 21 
38 39 133 21 22 68 24 21 
38 39 133 21 22 68 24 21 
38 39 133 21 22 68 24 21 
38 39 133 21 22 68 24 21 
38 39 133 21 22 68 24 21 
38 39 133 21 22 68 24 21 
38 39 133 21 22 68 24 21 
38 39 133 21 22 68 24 21 
38 39 133 21 22 68 24 21 
38 39 133 21 22 68 24 21 
38 39 133 21 22 68 24 21 
38 39 133 21 22 68 24 21 
38 39 133 21 22 68 24 21 
38 39 133 21 22 68 24 21 
1 38 39 2 133 21 22 68 24 21 
38 39 133 21 22 68 24 21 
1 38 39 2 133 21 22 68 24 21 
38 39 133 21 22 68 24 21 
38 39 133 21 22 68 24 21 
38 39 133 21 22 68 24 21 
38 39 133 21 22 68 24 21 
1 15 38 39 354 21 22 68 24 21 
38 39 21 22 68 24 21 
38 39 21 22 68 24 21 
38 39 21 22 68 24 21 
38 39 42 21 22 68 24 21 
38 39 21 22 68 24 21 
1 38 39 2 21 22 68 24 21 
38 39 21 22 68 24 21 
38 39 21 22 68 24 21 
38 39 21 22 68 24 21 
38 39 21 22 68 24 21 
38 39 21 22 68 24 21 
38 39 21 22 68 24 21 
38 39 21 22 68 24 21 
38 39 28 21 22 266 111 80 21 
38 39 21 22 68 24 21 
38 39 21 22 68 24 21 
38 39 21 22 68 24 21 
38 39 21 22 68 24 21 
38 39 133 21 22 68 24 21 
38 39 28 21 22 24 79 80 21 
38 39 21 22 68 24 21 
38 39 21 22 68 24 21 
38 39 21 22 68 24 21 
38 39 21 22 68 24 21 
38 39 21 22 68 24 21 
38 39 21 22 68 24 21 
38 39 133 21 22 68 24 21 
38 39 133 21 22 68 24 21 
38 39 133 21 22 68 24 21 
1 236 15 38 39 202 133 21 22 68 24 21 
38 39 133 21 22 68 24 21 
38 39 133 21 22 68 24 21 
38 39 133 21 22 68 24 21 
38 39 133 21 22 68 24 21 
38 39 133 21 22 68 24 21 
38 39 28 21 22 266 21 
38 39 28 21 22 266 21 
38 39 28 27 21 22 21 
38 39 28 27 21 22 21 
38 39 28 27 21 22 21 
38 39 28 27 21 22 21 
38 39 28 27 21 22 21 
38 39 28 27 21 22 21 
38 39 28 27 21 22 21 
38 39 28 27 21 22 21 
38 39 28 21 22 266 21 
38 39 28 21 22 266 21 
38 39 28 21 22 266 21 
38 39 21 22 68 24 21 
264 38 39 354 21 22 68 24 21 
38 39 48 5 6 21 22 21 
38 39 21 22 68 24 21 
38 39 21 22 68 24 21 
38 39 21 22 68 24 21 
38 39 21 22 68 24 21 
38 39 21 22 68 24 21 
38 39 21 22 68 24 21 
38 39 21 22 68 24 21 
38 39 21 22 68 24 21 
38 39 21 22 68 24 21 
38 39 21 22 68 24 21 
38 39 21 22 68 24 21 
38 39 21 22 68 24 21 
38 39 21 22 68 24 21 
95 38 39 96 21 22 68 24 21 
95 38 39 96 21 22 68 24 21 
38 39 21 22 68 24 21 
38 39 21 22 68 24 21 
38 39 21 22 68 24 21 
38 39 133 21 22 68 24 21 
38 39 354 21 22 68 24 21 
38 39 354 21 22 68 24 21 
38 39 354 21 22 68 24 21 
38 39 133 21 22 68 24 21 
38 39 133 21 22 68 24 21 
38 39 133 21 22 68 24 21 
38 39 133 21 22 68 24 21 
38 39 21 22 68 24 21 
38 39 21 22 68 24 21 
38 39 21 22 68 24 21 
38 39 133 21 22 68 24 21 
38 39 133 21 22 68 24 21 
38 39 354 21 22 68 24 21 
1 38 39 2 354 21 22 68 24 21 
38 39 42 354 21 22 68 24 21 
38 39 354 21 22 68 24 21 
38 39 354 21 22 68 24 21 
38 39 42 354 21 22 68 24 21 
38 39 104 21 22 68 24 21 
1 15 38 39 104 21 22 68 24 21 
38 39 133 21 22 68 24 21 
38 39 21 22 68 24 21 
38 39 5 21 22 21 
38 39 5 21 22 21 
38 39 5 21 22 21 
38 39 5 21 22 21 
38 39 5 21 22 21 
38 39 5 21 22 21 
38 39 5 21 22 21 
38 39 5 21 22 21 
38 39 5 21 22 21 
38 39 5 21 22 21 
38 39 5 21 22 21 
38 39 5 21 22 21 
38 39 5 21 22 21 
38 39 5 21 22 21 
38 39 5 21 22 21 
38 39 5 21 22 21 
38 39 5 21 22 21 
38 39 5 21 22 21 
38 39 5 21 22 21 
38 39 5 21 22 21 
38 39 5 21 22 21 
38 39 5 21 22 21 
38 39 5 21 22 21 
38 39 5 21 22 21 
38 39 5 21 22 21 
38 39 21 22 21 
38 39 21 22 21 
38 39 21 22 21 
38 39 21 22 21 
38 39 21 22 21 
38 39 21 22 21 
38 39 21 22 21 
38 39 21 22 21 
38 39 21 22 21 
38 39 21 22 21 
38 39 21 22 21 
38 39 21 22 21 
38 39 21 22 21 
38 39 21 22 21 
38 39 21 22 21 
38 39 21 22 21 
38 39 21 22 21 
38 39 21 22 21 
38 39 21 22 21 
38 39 21 22 21 
38 39 21 22 21 
38 39 21 22 21 
38 39 21 22 21 
38 39 21 22 21 
38 39 21 22 21 
38 39 21 22 21 
38 39 21 22 21 
38 39 21 22 21 
38 39 21 22 21 
38 39 21 22 21 
38 39 21 22 21 
38 39 21 22 21 
38 39 21 22 21 
38 39 21 22 21 
38 39 21 22 21 
38 39 21 22 21 
38 39 21 22 21 
38 39 21 22 21 
38 39 21 22 21 
38 39 21 22 21 
38 39 21 22 21 
38 39 21 22 21 
38 39 21 22 21 
38 39 21 22 21 
38 39 21 22 21 
38 39 21 22 21 
38 39 21 22 21 
38 39 21 22 68 24 21 
38 39 28 27 21 22 617 21 
38 39 5 28 27 6 21 22 9 21 
38 39 28 21 22 111 80 21 
38 39 28 21 22 111 80 21 
38 39 28 21 22 111 80 21 
38 39 28 21 22 111 80 21 
38 39 28 21 22 111 80 21 
38 39 28 21 22 111 80 21 
38 39 28 21 22 111 80 21 
38 39 28 21 22 111 80 21 
38 39 28 21 22 548 106 24 21 
38 39 21 22 37 24 21 
38 39 28 21 22 111 24 80 21 
38 39 28 21 22 111 24 80 21 
38 39 28 21 22 111 24 80 21 
38 39 28 21 22 111 24 80 21 
38 39 28 21 22 111 24 80 21 
38 39 28 21 22 111 24 80 21 
38 39 28 21 22 111 24 80 21 
38 39 28 21 22 111 24 80 21 
38 39 28 21 22 111 24 80 21 
38 39 28 21 22 111 24 80 21 
38 39 81 21 22 82 24 21 
38 39 81 21 22 82 24 21 
38 39 81 21 22 82 24 21 
38 39 81 21 22 82 24 21 
38 39 81 21 22 82 24 21 
38 39 81 21 22 82 24 21 
38 39 81 21 22 82 24 21 
38 39 81 21 22 82 24 21 
38 39 28 21 22 79 80 21 
38 39 104 21 22 68 24 21 
38 39 104 21 22 68 24 21 
38 39 104 21 22 68 24 21 
38 39 81 21 22 82 24 21 
38 39 81 21 22 82 24 21 
38 39 81 21 22 82 24 21 
40 38 39 42 81 21 22 82 24 21 
38 39 81 21 22 82 24 21 
38 39 81 21 22 82 24 21 
38 39 81 21 22 82 24 21 
38 39 81 21 22 82 24 21 
38 39 81 21 22 82 24 21 
38 39 81 21 22 82 24 21 
38 39 81 21 22 82 24 21 
38 39 81 21 22 82 24 21 
38 39 81 21 22 82 24 21 
38 39 81 21 22 82 24 21 
38 39 81 21 22 82 24 21 
38 39 81 21 22 82 24 21 
38 39 81 21 22 82 24 21 
38 39 81 21 22 82 24 21 
38 39 81 21 22 82 24 21 
38 39 81 21 22 82 24 21 
38 39 81 21 22 82 24 21 
38 39 81 21 22 82 24 21 
38 39 81 21 22 82 24 21 
38 39 81 21 22 82 24 21 
38 39 81 21 22 82 24 21 
38 39 81 21 22 82 24 21 
38 39 81 21 22 82 24 21 
38 39 21 22 25 26 24 21 
38 39 21 22 68 24 21 
38 39 21 22 68 24 21 
38 39 28 21 22 111 24 80 21 
38 39 133 21 22 68 24 21 
38 39 133 21 22 68 24 21 
38 39 133 21 22 68 24 21 
38 39 104 21 22 68 24 21 
38 39 104 21 22 68 24 21 
38 39 28 21 22 266 21 
38 39 5 28 6 21 22 266 61 21 
38 39 5 6 21 22 61 24 21 
38 39 81 133 21 22 82 68 24 21 
38 39 81 133 21 22 82 68 24 21 
38 39 21 22 25 26 21 
38 39 133 21 22 68 24 21 
38 39 21 22 24 21 
38 39 21 22 24 21 
38 39 133 21 22 68 24 21 
38 39 28 21 22 111 80 21 
38 39 28 21 22 24 79 80 21 
38 39 28 21 22 111 80 21 
38 39 21 22 21 
38 39 21 22 21 
38 39 21 22 21 
38 39 21 22 21 
38 39 21 22 21 
38 39 21 22 21 
38 39 21 22 21 
38 39 21 22 21 
38 39 21 22 21 
38 39 21 22 21 
38 39 21 22 21 
38 39 21 22 21 
38 39 21 22 21 
38 39 21 22 21 
38 39 21 22 21 
38 39 21 22 21 
38 39 21 22 21 
38 39 21 22 21 
38 39 21 22 21 
38 39 21 22 21 
38 39 21 22 21 
38 39 21 22 21 
38 39 21 22 21 
38 39 21 22 21 
38 39 21 22 21 
38 39 21 22 21 
38 39 21 22 21 
38 39 21 22 21 
38 39 21 22 21 
38 39 21 22 21 
38 39 21 22 21 
38 39 21 22 21 
38 39 21 22 21 
38 39 21 22 21 
408 409 51 38 39 52 21 22 21 
38 39 21 22 21 
38 39 21 22 21 
38 39 21 22 21 
38 39 21 22 21 
38 39 21 22 21 
38 39 21 22 21 
38 39 21 22 21 
38 39 21 22 21 
38 39 21 22 21 
38 39 21 22 21 
38 39 21 22 21 
38 39 21 22 21 
38 39 21 22 21 
38 39 21 22 21 
38 39 21 22 21 
38 39 21 22 21 
38 39 21 22 21 
38 39 21 22 21 
38 39 21 22 21 
38 39 21 22 21 
38 39 21 22 21 
38 39 21 22 21 
38 39 21 22 21 
38 39 28 21 22 266 21 
38 39 28 21 22 266 21 
38 39 28 21 22 266 21 
38 39 28 21 22 266 21 
38 39 28 21 22 266 21 
38 39 21 22 21 
38 39 21 22 21 
38 39 21 22 21 
38 39 21 22 21 
38 39 21 22 21 
38 39 21 22 21 
38 39 21 22 21 
38 39 21 22 21 
38 39 21 22 21 
38 39 21 22 21 
38 39 21 22 21 
38 39 21 22 21 
38 39 21 22 21 
38 39 21 22 21 
38 39 21 22 68 24 21 
38 39 21 22 68 24 21 
38 39 133 21 22 68 24 21 
38 39 21 22 263 24 21 
38 39 21 22 263 24 21 
470 190 54 51 38 39 192 354 21 22 68 24 21 
38 39 21 22 24 21 
38 39 5 6 21 22 61 24 21 
38 39 5 6 21 22 61 24 21 
38 39 5 6 21 22 61 24 21 
38 39 5 6 21 22 61 24 21 
38 39 21 22 68 24 21 
38 39 21 22 68 24 21 
38 39 21 22 24 21 
38 39 5 21 22 143 8 37 144 24 21 
184 1 15 38 39 185 21 22 68 24 21 
1 38 39 21 22 68 24 21 
38 39 21 22 68 24 21 
38 39 21 22 68 24 21 
38 39 21 22 68 24 21 
38 39 5 21 22 143 8 37 144 24 21 
38 39 5 21 22 143 8 37 144 24 21 
38 39 5 21 22 143 8 37 144 24 21 
38 39 5 21 22 143 8 37 144 24 21 
38 39 5 21 22 143 8 37 144 24 21 
38 39 21 22 68 24 21 
38 39 21 22 68 24 21 
38 39 21 22 21 
38 39 21 22 21 
38 39 133 21 22 68 24 21 
38 39 5 21 22 143 8 37 144 24 21 
38 39 5 21 22 143 8 37 144 24 21 
38 39 5 21 22 143 8 37 144 24 21 
38 39 133 21 22 68 24 21 
38 39 133 21 22 68 24 21 
38 39 133 21 22 68 24 21 
38 39 133 21 22 68 24 21 
38 39 133 21 22 68 24 21 
38 39 133 21 22 68 24 21 
38 39 5 21 22 143 8 37 144 24 21 
38 39 5 21 22 143 8 37 144 24 21 
38 39 5 21 22 143 8 37 144 24 21 
38 39 133 354 21 22 68 24 21 
38 39 133 354 21 22 68 24 21 
38 39 81 21 22 82 24 21 
38 39 81 21 22 82 24 21 
38 39 81 21 22 82 24 21 
38 39 81 21 22 82 24 21 
38 39 81 21 22 82 24 21 
38 39 81 21 22 82 24 21 
38 39 81 21 22 82 24 21 
38 39 81 21 22 82 24 21 
38 39 81 21 22 82 24 21 
38 39 81 21 22 82 24 21 
38 39 81 21 22 82 24 21 
38 39 81 21 22 82 24 21 
38 39 81 21 22 82 24 21 
38 39 81 21 22 82 24 21 
38 39 81 21 22 82 24 21 
38 39 81 21 22 82 24 21 
38 39 81 21 22 82 24 21 
38 39 81 21 22 82 24 21 
38 39 81 21 22 82 24 21 
38 39 81 21 22 82 24 21 
38 39 81 21 22 82 24 21 
38 39 81 21 22 82 24 21 
38 39 133 21 22 68 24 21 
38 39 133 21 22 68 24 21 
38 39 133 21 22 68 24 21 
38 39 21 22 68 24 21 
38 39 21 22 68 24 21 
38 39 21 22 24 21 
38 39 5 21 22 143 8 144 24 21 
38 39 5 6 21 21 
38 39 28 21 22 111 80 21 
38 39 28 21 22 111 80 21 
38 39 28 21 22 111 80 21 
38 39 28 21 22 111 80 21 
38 39 28 21 22 111 80 21 
38 39 28 21 22 266 21 
38 39 28 21 22 266 21 
38 39 28 21 22 266 21 
38 39 21 22 68 24 21 
38 39 21 22 24 21 
38 39 21 22 24 21 
38 39 21 22 24 21 
38 39 21 22 24 21 
38 39 21 22 24 21 
38 39 21 22 68 24 21 
38 39 21 22 24 21 
38 39 21 22 24 21 
38 39 21 22 24 21 
38 39 21 22 24 21 
38 39 21 22 24 21 