136 42 174 5 8 144 8 
107 136 42 676 429 108 5 8 144 8 
136 42 174 5 8 144 8 
136 42 174 5 8 144 201 8 
136 42 174 5 8 8 
136 42 174 5 8 8 
136 42 174 5 8 8 
136 42 174 5 8 165 8 
136 42 174 5 8 165 8 
136 42 174 5 8 165 8 
136 42 174 5 8 165 8 
136 42 174 5 8 165 8 
136 42 174 5 8 165 8 
136 42 174 5 8 165 8 
136 42 174 5 8 165 8 
136 42 174 5 8 165 8 
136 42 174 5 8 165 8 
136 42 174 5 8 165 8 
136 42 174 5 8 165 8 
136 42 174 5 8 165 8 
136 42 174 5 8 165 8 
136 42 174 5 8 165 8 
136 42 174 5 8 165 8 
136 42 174 5 8 165 8 
136 42 174 5 8 165 8 
136 42 174 5 8 165 8 
136 42 174 5 8 165 8 
136 42 174 5 8 165 8 
136 42 174 5 8 165 8 
136 42 174 5 8 165 8 
136 42 174 5 8 165 8 
136 42 174 5 8 165 8 
136 42 174 5 8 8 
136 42 174 5 8 165 8 
136 42 174 5 254 8 36 255 8 
136 42 174 5 8 144 201 8 
136 42 174 5 8 165 8 
136 42 174 5 8 165 8 
136 42 174 5 8 165 8 
136 42 174 5 8 165 8 
136 42 174 5 8 165 8 
136 42 174 5 8 165 8 
136 42 174 5 8 165 8 
136 42 174 5 8 12 8 
136 42 174 5 8 12 8 
136 42 174 5 8 12 8 
136 42 174 5 8 12 8 
136 42 174 5 8 12 8 
136 42 174 5 8 8 
136 42 174 5 8 165 8 
136 42 174 5 8 165 8 
136 42 174 5 8 165 8 
136 42 174 5 8 165 8 
136 42 174 5 8 165 8 
136 42 174 5 8 165 8 
136 42 174 5 8 165 8 
136 42 174 5 8 165 8 
136 42 174 5 8 8 
136 42 174 5 8 8 
136 42 174 5 8 144 8 
136 42 174 5 8 144 8 
136 42 174 5 8 144 8 
217 136 42 174 5 8 144 8 
136 42 174 5 8 8 
136 647 312 42 5 8 8 
136 647 312 145 42 5 8 8 
136 647 312 42 5 8 8 
136 42 174 5 8 8 
136 42 174 5 8 8 
136 42 174 5 8 8 
136 42 174 5 8 8 
136 42 174 5 8 8 
136 42 174 5 8 144 8 
136 42 174 5 21 22 8 68 24 8 
164 1 15 136 647 312 42 48 5 6 254 369 8 370 36 8 
136 42 174 5 8 8 
136 42 174 5 8 8 
136 42 174 5 8 8 
136 42 174 5 8 8 
136 42 174 5 8 165 8 
136 42 174 5 8 144 201 8 
136 42 174 5 8 165 8 
136 42 174 5 8 165 8 
136 42 174 5 8 144 8 
136 42 174 5 8 144 8 
136 42 174 5 8 144 8 
136 42 174 5 8 8 
136 42 174 5 8 144 8 
136 647 312 145 42 5 8 8 
136 647 312 145 42 5 8 8 
136 647 312 145 42 5 8 8 
136 647 312 145 42 5 8 8 
136 647 312 145 42 5 8 8 
136 647 312 145 42 5 8 8 
136 647 312 145 42 5 8 8 
136 647 312 145 42 5 8 8 
136 647 312 42 5 8 8 
136 42 174 5 8 8 
136 42 174 5 8 8 
40 136 41 42 174 5 8 8 
136 42 174 5 8 8 
136 647 312 145 42 5 8 8 
136 647 312 42 174 5 8 8 
136 647 312 42 174 5 8 8 
136 647 312 42 5 8 8 
136 42 174 5 8 8 
136 42 174 5 8 8 
136 647 312 145 42 5 8 8 
136 647 312 145 42 5 8 8 
136 647 312 42 174 5 8 8 
136 647 312 145 42 5 8 8 
107 136 647 312 42 108 5 8 8 
136 42 174 5 8 8 
136 42 174 5 8 8 
136 647 312 145 42 5 8 8 
136 647 312 145 42 5 8 8 
136 42 174 5 8 144 8 
136 647 312 145 42 5 8 8 
136 647 312 145 42 5 8 8 
136 647 312 145 42 5 8 8 
136 647 312 42 5 8 8 
136 647 312 42 5 8 8 
136 42 174 5 8 8 
136 42 174 5 8 8 
136 42 174 5 8 8 
136 42 174 5 8 8 
136 42 174 5 8 165 8 
136 145 42 174 5 8 8 
136 42 174 5 8 8 
136 42 174 5 8 8 
136 42 174 5 8 8 
136 42 174 5 8 8 
136 42 174 5 8 8 
1 136 2 42 174 5 8 8 
136 42 174 5 8 8 
136 42 174 5 8 8 
136 42 174 5 8 8 
136 42 174 5 8 8 
136 42 174 5 8 8 
136 42 174 5 8 8 
136 42 174 5 8 8 
136 42 174 5 8 8 
136 42 174 5 8 8 
136 42 174 5 8 8 
136 42 174 5 8 8 
136 42 174 5 231 8 8 
136 42 174 5 8 144 201 8 
136 42 174 5 8 8 
136 42 174 5 8 8 
136 42 174 5 8 8 
136 42 174 5 8 8 
136 42 174 5 8 8 
136 647 312 42 5 8 8 
136 647 312 42 5 8 8 
136 647 312 42 5 8 8 
136 647 312 42 174 5 8 8 
136 42 174 5 8 8 
136 42 174 5 8 8 
136 647 312 42 174 5 8 8 
136 42 174 5 8 165 8 
136 42 174 5 8 144 8 
136 42 174 5 8 165 8 
136 42 174 5 8 165 8 
136 42 174 5 8 165 8 
136 42 174 5 8 165 8 
136 42 174 5 8 165 8 
136 42 174 5 8 165 8 
136 42 174 5 8 165 8 
136 42 174 5 8 165 8 
136 42 174 5 8 144 8 
136 42 174 5 8 12 8 
136 42 174 5 8 12 8 
136 42 174 5 8 12 8 
136 42 174 5 8 144 8 
136 42 174 5 8 165 8 
136 42 174 5 8 8 
136 42 174 5 8 165 8 
1 136 2 42 174 167 5 8 165 8 
136 42 174 5 8 165 8 
136 42 174 5 8 165 8 
136 42 174 5 8 144 201 8 
136 42 174 5 8 165 8 
136 42 174 5 8 165 8 
136 42 174 5 8 165 8 
136 42 174 5 8 144 8 
136 42 174 5 8 144 201 8 
136 42 174 5 8 144 8 
136 42 174 5 8 165 8 
136 42 174 5 8 144 8 
136 42 174 5 8 144 8 
136 42 174 5 8 144 8 
136 42 174 5 8 144 8 
136 42 174 5 8 8 
136 42 174 5 8 8 
136 42 174 5 8 165 8 
136 42 174 5 231 8 8 
136 42 174 5 231 8 8 
136 42 174 5 8 144 201 8 
136 42 174 5 8 165 8 
136 42 174 5 8 165 8 
136 42 174 5 8 165 8 
136 42 174 5 8 165 8 
136 42 174 5 8 144 8 
136 42 174 5 8 144 8 
136 42 174 5 8 144 8 
136 647 312 42 5 8 165 8 
136 42 174 5 8 165 8 
136 42 174 5 8 144 201 8 
136 42 174 5 8 144 201 8 
136 42 174 5 8 144 201 8 
136 42 174 5 8 144 201 8 
136 42 174 5 8 144 201 8 
136 42 174 5 8 144 201 8 
136 42 174 5 8 144 201 8 
136 42 174 5 8 144 201 8 
136 42 174 5 8 144 201 8 
136 42 174 5 8 144 201 8 
136 42 174 5 8 8 
136 42 174 5 8 144 8 
136 42 174 5 8 144 8 
136 42 174 5 8 144 8 
136 42 174 5 8 8 
107 136 42 676 429 108 5 8 144 201 8 
136 42 174 5 8 165 8 
136 647 312 145 42 5 8 8 
136 42 174 5 8 144 8 
136 42 174 5 8 144 8 
136 42 174 5 8 8 
136 42 174 5 8 8 
136 42 174 5 8 8 
136 42 174 5 8 8 
136 42 174 5 8 8 
136 42 174 5 8 8 
136 42 174 5 8 8 
136 42 174 5 8 144 8 
136 42 174 5 8 8 
136 42 174 5 8 8 
136 42 174 5 8 8 
107 136 42 676 429 108 5 8 8 
136 42 174 5 8 144 8 
136 42 174 5 8 144 8 
136 42 174 5 8 165 8 
136 42 174 5 8 165 8 
136 42 174 5 8 165 8 
136 42 174 5 8 144 8 
136 42 174 5 8 8 
136 42 174 5 8 144 201 8 
136 42 174 5 8 165 8 
136 647 312 145 42 5 8 8 
136 647 312 145 42 5 8 8 
136 42 174 5 8 144 201 8 
136 42 174 5 8 165 8 
136 42 174 5 8 165 8 
136 42 174 5 8 165 8 
136 42 174 5 8 8 
136 42 174 5 8 144 201 8 
136 42 174 5 8 144 201 8 
136 42 174 5 8 144 201 8 
136 42 174 5 8 144 201 8 
136 42 174 5 8 144 201 8 
136 42 174 5 8 144 201 8 
136 42 174 5 8 144 201 8 
136 42 174 5 8 144 201 8 
136 42 174 5 8 165 8 
136 42 174 5 8 165 8 
136 42 174 5 8 165 8 
136 42 174 5 8 144 8 
136 42 174 5 8 144 8 
136 42 174 5 8 144 8 
136 42 174 5 8 144 8 
136 42 174 5 8 8 
136 42 174 5 8 8 
136 42 174 5 8 8 
136 42 174 5 8 8 
136 647 312 42 5 8 144 201 8 
136 42 174 5 8 8 
136 42 174 5 8 8 
136 42 174 5 8 8 
136 42 174 5 8 8 
136 42 174 5 8 8 
136 42 174 5 8 8 
136 42 174 5 8 8 
136 42 174 5 8 8 
136 42 174 5 8 8 
136 42 174 5 8 8 
136 42 174 5 8 8 
136 42 174 5 8 8 
136 42 174 5 8 8 
136 42 174 5 8 8 
136 42 174 5 8 144 8 
136 42 174 5 8 144 201 8 
136 42 174 5 8 8 
136 647 312 42 5 8 144 8 
136 647 312 42 5 8 144 8 
136 647 312 145 42 5 8 8 
136 647 312 145 42 5 8 8 
136 647 312 145 42 5 8 8 
136 42 174 5 8 144 8 
136 42 174 5 8 8 
136 42 174 5 8 8 
136 42 174 5 8 8 
136 42 174 5 8 8 
136 42 174 5 8 8 
136 42 174 5 8 8 
136 42 174 5 231 8 8 
136 42 174 5 8 144 201 8 
136 42 174 5 8 8 
136 42 174 5 8 8 
136 42 174 5 8 144 201 8 
136 42 174 5 8 165 8 
136 42 174 5 8 165 8 
136 42 174 5 8 144 201 8 
136 42 174 5 8 144 8 
136 42 174 5 8 8 
136 42 174 5 8 8 
136 42 174 5 8 8 
136 42 174 5 8 8 
136 42 174 5 8 8 
136 42 174 5 8 144 201 8 
217 136 42 174 5 8 144 201 8 
136 42 174 5 8 8 
136 42 174 5 8 165 8 
136 647 312 145 42 5 8 8 
136 42 174 5 8 8 
136 42 174 5 8 144 201 8 
136 42 174 5 8 144 201 8 
136 647 312 42 5 8 8 
136 42 174 5 8 144 8 
136 647 312 42 174 5 8 8 
136 647 312 42 5 8 8 
136 647 312 42 5 8 8 
136 42 174 5 8 8 
136 42 174 5 8 8 
136 42 174 5 8 8 
136 42 174 5 8 8 
136 647 312 145 42 5 8 144 201 8 
136 42 174 5 8 8 
136 42 174 5 8 144 201 8 
136 42 174 5 8 144 201 8 
136 42 174 5 8 144 201 8 
136 42 174 5 8 144 201 8 
59 136 128 42 60 174 160 5 8 8 
136 647 312 42 174 5 8 8 
136 647 312 42 174 5 8 8 
136 42 174 5 8 8 
1 136 2 42 174 5 8 8 
136 42 174 5 8 165 8 
136 42 174 5 8 165 8 
1 136 2 42 174 5 8 165 8 
136 42 174 5 8 144 201 8 
136 42 174 5 8 144 201 8 
136 42 174 5 8 144 201 8 
136 647 312 145 42 5 8 8 
136 647 312 42 5 8 144 201 8 
136 647 312 42 5 8 144 201 8 
136 647 312 42 5 8 144 201 8 
136 42 174 5 8 8 
136 647 312 42 5 8 8 
136 42 174 5 8 8 
136 42 174 5 8 8 
136 42 174 5 8 165 8 
136 42 174 5 8 165 8 
136 42 174 5 8 165 8 
136 42 174 5 8 8 
136 42 174 73 5 8 8 
136 42 174 5 8 8 
136 647 312 42 5 8 8 
136 42 174 5 8 8 
136 42 174 5 8 165 8 
136 42 174 5 8 144 8 
136 42 174 5 8 144 8 
136 42 174 5 8 144 8 
136 42 174 5 8 165 8 
136 42 174 5 8 8 
136 42 174 5 8 8 
136 42 174 5 8 8 
136 42 174 5 8 8 
136 647 312 42 174 5 8 8 
136 647 312 145 42 5 8 8 
136 42 174 5 8 8 
136 42 174 5 8 8 
136 42 174 5 8 8 
136 42 174 5 8 165 8 
136 42 174 5 8 165 8 
136 42 174 5 8 165 8 
136 42 174 5 8 8 
136 42 174 5 8 8 
136 42 174 5 8 8 
136 42 174 5 8 8 
136 42 174 5 8 8 
136 42 174 5 8 8 
136 42 174 5 8 8 
136 42 174 5 8 8 
136 42 174 5 8 8 
136 42 174 5 8 8 
136 42 174 5 8 8 
136 42 174 5 8 8 
136 42 174 5 8 8 
136 42 174 5 8 8 
136 42 174 5 8 8 
136 42 174 5 8 8 
136 42 174 5 8 8 
136 42 174 5 8 8 
136 42 174 5 8 8 
136 42 174 5 8 8 
136 42 174 5 8 8 
136 42 174 5 8 144 8 
136 42 174 5 8 144 8 
136 42 174 5 8 144 8 
136 42 174 5 8 8 
136 42 174 5 8 8 
136 42 174 5 8 8 
136 42 174 5 8 8 
136 42 174 5 8 144 8 
136 42 174 5 8 8 
136 42 174 5 8 8 
136 42 174 5 8 8 
136 42 174 5 8 8 
136 42 174 5 8 8 
136 42 174 5 8 8 
136 42 174 5 8 8 
136 42 174 5 8 8 
136 42 174 5 8 8 
136 42 174 5 8 8 
136 42 174 5 8 8 
136 42 174 5 8 8 
136 42 174 5 8 8 
136 42 174 5 8 8 
136 42 174 5 8 8 
136 42 174 5 8 8 
136 42 174 5 8 8 
136 42 174 5 8 8 
136 42 174 5 8 8 
136 42 174 5 8 8 
136 42 174 5 8 8 
136 42 174 5 8 8 
136 647 312 145 42 5 8 144 201 8 
136 647 312 42 5 8 144 201 8 
136 647 312 42 5 8 144 201 8 
136 647 312 42 174 5 8 144 201 8 
136 42 174 5 8 165 8 
136 42 174 5 8 8 
136 647 312 42 174 5 8 8 
136 647 312 42 5 8 8 
136 647 312 145 42 5 8 8 
136 647 312 42 5 8 8 
136 42 174 5 8 8 
136 42 174 5 8 8 
136 647 312 42 5 8 8 
136 42 174 5 8 8 
136 42 174 5 8 8 
136 42 174 5 8 8 
136 42 174 5 8 8 
136 42 174 5 8 8 
136 42 174 5 8 8 
136 42 174 5 8 8 
136 42 174 5 8 8 
136 42 174 5 8 8 
136 42 174 5 8 8 
136 42 174 5 8 144 8 
136 145 42 174 5 8 144 8 
136 647 312 42 5 8 8 
136 647 312 42 5 8 8 
136 647 312 42 5 8 8 
136 647 312 42 5 8 8 
136 42 174 5 8 144 8 
136 647 312 42 5 8 8 
136 42 174 5 8 8 
136 647 312 145 42 5 254 369 8 370 36 8 
136 647 312 42 5 8 8 
136 42 174 5 8 144 8 
136 42 174 5 8 144 8 
136 42 174 5 8 144 8 
136 145 42 174 5 8 144 201 8 
136 42 174 5 8 144 8 
136 42 174 5 8 165 8 
136 42 174 5 231 8 8 
136 647 312 42 5 8 8 
107 136 42 676 429 108 5 8 144 201 8 
107 136 42 676 429 108 5 8 144 201 8 
136 42 174 5 8 144 201 8 
136 42 174 5 8 8 
136 42 174 5 8 8 
136 42 174 5 8 8 
136 42 174 5 8 8 
136 42 174 5 8 8 
136 42 174 5 8 8 
136 42 174 5 8 8 
136 42 174 5 8 8 
136 42 174 5 8 8 
136 42 174 5 8 8 
136 42 174 5 8 8 
136 42 174 5 8 8 
136 42 174 5 8 8 
136 42 174 5 8 8 
136 42 174 5 8 8 
136 42 174 5 8 8 
136 42 174 5 8 8 
136 42 174 5 8 8 
1 136 2 42 174 5 8 8 
136 42 174 5 8 142 36 8 
136 42 174 5 8 8 
136 42 174 5 8 144 201 8 
136 42 174 5 8 8 
136 42 174 5 8 8 
136 42 174 5 8 165 8 
136 42 174 5 8 8 
136 647 312 42 5 8 8 
136 647 312 145 42 5 8 8 
136 647 312 42 5 8 8 
136 42 174 5 8 144 8 
136 42 174 5 8 8 
136 42 174 5 8 8 
136 42 174 5 8 8 
136 42 174 5 8 8 
136 42 174 5 8 8 
136 42 174 5 8 8 
136 42 174 5 8 8 
136 42 174 5 8 8 
136 42 174 5 8 8 
136 42 174 5 8 8 
136 42 174 5 8 8 
136 42 174 5 8 8 
136 42 174 5 8 8 
136 42 174 5 8 8 
136 647 312 145 42 5 8 144 201 8 
136 42 174 5 8 8 
136 42 174 5 8 8 
136 42 174 5 8 36 144 8 
136 42 174 5 8 36 144 8 
136 42 174 5 8 36 144 8 
136 42 174 5 8 36 144 8 
136 42 174 5 8 36 144 8 
136 42 174 5 8 8 
136 42 174 5 8 8 
136 42 174 5 8 8 
136 42 174 5 8 8 
107 136 42 676 429 108 5 8 144 201 8 
136 42 676 429 5 8 36 144 8 
136 42 174 5 8 36 144 8 
107 136 42 676 429 108 5 8 36 144 8 
136 42 174 5 8 144 8 
136 42 174 5 8 144 8 
136 42 174 5 8 144 8 
136 42 174 5 8 144 8 
136 42 174 5 8 144 8 
136 42 174 5 8 144 8 
136 42 174 5 8 144 8 
136 42 174 5 8 144 8 
136 42 174 5 8 144 8 
136 647 312 145 42 5 8 144 201 8 
107 136 42 676 429 108 5 8 8 
136 42 174 5 8 8 
136 42 174 5 8 8 
136 647 312 42 5 8 8 
136 42 174 5 8 8 
136 42 174 5 8 8 
136 647 312 42 5 8 8 
136 647 312 145 42 5 8 8 
136 42 174 5 8 144 8 
136 42 174 5 8 8 
136 42 174 5 8 165 8 
136 42 174 5 8 8 
136 42 174 5 8 144 8 
136 42 174 5 8 144 8 
136 42 174 5 8 8 
136 42 174 5 8 8 
136 42 174 5 8 8 
136 42 174 5 8 8 
136 42 174 5 8 8 
136 42 174 5 8 8 
136 42 174 5 8 8 
136 42 174 5 8 8 
136 42 174 5 8 8 
136 42 174 5 8 8 
136 42 174 5 8 8 
136 647 312 145 42 5 8 165 8 
136 42 174 5 8 371 8 
184 1 15 136 647 185 312 42 5 345 8 36 144 396 8 
136 647 312 145 42 5 345 8 36 144 396 8 
136 647 312 145 42 5 8 8 
136 42 174 5 8 8 
136 42 174 5 8 144 8 
136 647 312 42 5 8 144 201 8 
136 647 312 145 42 5 8 144 201 8 
136 42 174 5 8 144 8 
136 42 174 5 8 144 8 
136 42 174 5 8 144 8 
136 42 174 5 8 165 8 
136 42 174 5 8 165 8 
136 42 174 5 8 165 8 
136 42 174 5 8 8 
136 647 312 145 42 5 6 8 61 8 
136 647 312 145 42 5 8 8 
136 647 312 42 5 8 8 
136 647 312 145 42 5 8 8 
136 647 312 145 42 5 8 8 
136 647 312 42 5 8 8 
136 647 312 42 5 8 8 
136 647 312 42 5 8 8 
136 647 312 145 42 5 8 8 
136 647 312 42 5 8 8 
136 647 312 42 5 8 8 
136 647 312 42 5 8 8 
136 647 312 42 174 5 8 8 
136 647 312 145 42 5 8 144 201 8 
136 647 312 42 5 8 144 201 8 
136 647 312 42 5 8 144 201 8 
136 42 174 5 8 8 
136 42 174 5 8 8 
136 42 174 5 8 8 
136 42 174 5 8 8 
136 42 174 5 8 8 
136 42 174 5 8 8 
136 42 174 5 8 8 
136 647 312 42 5 8 8 
136 42 174 5 8 8 
136 42 174 5 8 8 
136 647 312 145 42 5 8 8 
136 647 312 145 42 5 8 8 
136 647 312 145 42 5 8 8 
136 647 312 42 5 8 8 
136 647 312 145 42 5 8 8 
136 647 312 145 42 5 8 8 
136 42 174 5 8 8 
136 42 174 5 8 8 
136 42 174 5 8 8 
136 42 174 5 8 8 
136 42 174 5 8 8 
136 42 174 5 8 8 
136 42 174 5 8 8 
136 42 174 5 8 8 
136 647 312 42 5 8 8 
136 42 174 5 8 8 
136 647 312 42 5 8 8 
136 42 174 5 8 8 
136 42 174 5 8 8 
136 42 174 5 8 8 
136 42 174 5 8 8 
136 42 174 5 8 8 
136 647 312 145 42 5 8 8 
136 42 174 5 8 8 
136 647 312 42 5 8 8 
136 647 312 42 5 8 8 
136 42 174 5 8 8 
136 42 174 5 8 8 
136 647 312 42 5 8 8 
136 42 174 5 8 8 
136 42 174 5 8 8 
136 42 174 5 8 165 8 
136 42 174 5 8 144 201 8 
136 42 174 5 8 144 201 8 
136 42 174 5 8 144 201 8 
136 42 174 5 8 165 8 
136 42 174 5 8 8 
136 42 174 5 8 8 
136 42 174 5 8 8 
136 42 174 5 8 8 
136 42 174 5 8 8 
136 42 174 5 8 8 
136 42 174 5 8 8 
136 42 174 5 8 8 
136 42 174 5 8 8 
136 42 174 5 8 8 
136 42 174 5 8 8 
136 42 174 5 8 8 
136 42 174 5 8 8 
136 42 174 5 8 8 
136 42 174 5 8 144 8 
217 136 42 174 5 8 144 8 
136 42 174 5 8 144 8 
136 42 174 5 8 165 8 
136 42 174 5 8 144 8 
136 42 174 5 380 8 8 
136 647 312 42 5 8 8 
136 647 312 145 42 5 8 144 8 
136 42 174 5 8 8 
136 42 174 5 118 8 132 36 8 
136 42 174 5 8 165 8 
136 42 174 5 8 165 8 
136 42 174 5 8 8 
136 42 174 5 8 8 
136 42 174 5 8 8 
136 42 174 5 8 144 8 
136 647 312 42 174 5 6 8 61 8 
136 42 174 5 8 144 8 
136 42 174 5 8 165 8 
136 42 174 5 8 144 8 
136 42 174 5 8 144 8 
136 42 174 5 8 144 8 
136 42 174 5 8 144 8 
570 182 136 42 174 5 8 144 8 
136 42 174 5 8 144 8 
136 42 174 5 8 144 8 
136 42 174 5 8 8 
136 42 174 5 8 8 
136 42 174 5 8 8 
136 42 174 5 8 8 
136 42 174 5 8 8 
570 182 136 42 174 5 8 8 
136 42 174 5 8 8 
136 42 174 5 8 8 
136 42 174 5 8 8 
136 42 174 5 8 165 8 
136 42 174 5 8 165 8 
136 42 174 5 8 165 8 
136 42 174 5 8 165 8 
136 42 174 5 8 165 8 
136 42 174 5 8 165 8 
136 42 174 5 8 165 8 
136 42 174 5 8 165 8 
136 42 174 5 8 165 8 
136 42 174 5 8 165 8 
136 42 174 5 8 8 
107 136 42 676 429 108 5 8 8 
136 42 174 5 8 8 
136 42 174 5 6 8 374 61 8 
136 42 174 5 143 8 144 8 
136 42 174 5 8 8 
136 42 174 5 8 144 8 
136 42 174 5 8 144 8 
136 42 174 5 8 8 
136 42 174 5 8 8 
136 42 174 5 8 8 
107 136 42 676 429 108 5 8 8 
136 42 174 5 8 144 8 
136 42 174 5 8 144 201 8 
136 42 174 5 151 152 8 153 8 
136 42 174 5 8 144 201 8 
136 647 312 145 42 5 8 165 8 
136 647 312 42 5 8 165 8 
136 42 174 5 143 8 144 8 
136 42 174 5 8 8 
136 42 174 5 8 144 8 
136 42 174 5 8 144 201 8 
136 42 174 5 8 165 8 
136 42 174 5 8 165 8 
136 42 174 5 8 165 8 
136 42 174 5 8 165 8 
136 42 174 5 8 144 201 8 
136 647 312 145 42 5 8 8 
136 647 312 145 42 5 8 8 
136 647 312 42 5 8 8 
136 42 174 5 8 8 
136 42 174 5 8 8 
136 42 174 5 8 8 
136 42 174 5 8 165 8 
136 42 174 5 8 165 8 
136 42 174 5 8 144 201 8 
136 42 174 5 8 144 201 8 
217 136 42 174 5 8 8 
136 42 174 5 6 8 374 61 8 
136 42 676 429 5 6 8 61 8 
136 42 174 5 8 8 
136 42 174 5 8 8 
136 42 174 5 8 165 8 
136 42 174 5 8 165 8 
136 42 174 5 8 165 8 
136 42 174 5 8 165 8 
136 42 174 5 8 165 8 
136 42 174 5 8 165 8 
107 136 42 676 429 108 5 8 8 
136 42 676 429 5 8 8 
136 42 174 5 8 8 
136 42 174 5 8 8 
136 42 174 5 8 8 
136 42 174 5 8 8 
136 42 174 5 8 8 
136 42 174 5 8 8 
136 42 174 5 8 8 
136 42 174 5 8 165 8 
136 42 174 5 8 144 201 8 
136 42 174 5 8 144 201 8 
136 42 174 5 8 144 201 8 
136 42 174 5 8 144 201 8 
136 42 174 5 8 144 201 8 
136 42 174 5 8 8 
136 42 174 5 8 144 201 8 
136 42 174 5 8 144 201 8 
136 647 312 145 42 5 8 144 8 
136 42 174 5 8 144 8 
136 647 312 145 42 5 8 144 8 
164 1 15 136 647 312 42 5 8 144 8 
136 42 174 5 8 144 8 
136 42 174 5 8 144 8 
136 42 174 5 8 8 
136 42 174 5 8 165 8 
136 42 174 5 8 144 201 8 
136 42 174 5 8 144 201 8 
136 42 174 5 8 144 201 8 
136 42 174 5 8 144 201 8 
136 42 174 5 8 144 8 
136 42 174 5 8 144 8 
136 647 312 145 42 5 8 144 201 8 
136 42 174 5 8 144 8 
136 42 174 5 8 144 8 
136 42 174 5 8 8 
136 42 174 5 8 8 
136 647 312 42 5 8 8 
136 42 174 5 8 8 
136 42 174 5 8 8 
136 42 174 5 8 144 201 8 
136 42 174 5 8 8 
136 42 174 5 8 8 
136 42 174 5 8 8 
136 42 174 5 8 8 
136 42 174 5 8 8 
136 42 174 5 8 8 
136 42 174 5 8 8 
136 42 174 5 8 8 
136 42 174 5 8 8 
136 42 174 5 8 165 8 
136 42 174 5 8 8 
136 42 174 5 8 8 
136 42 174 5 8 144 201 8 
136 42 174 5 8 8 
136 42 174 5 8 8 
136 42 174 5 8 8 
136 42 174 5 8 144 201 8 
1 136 2 42 174 5 8 144 201 8 
136 42 174 5 8 144 8 
136 647 312 42 174 5 8 144 201 8 
136 42 174 5 8 144 201 8 
136 42 174 5 8 165 8 
136 42 174 5 8 165 8 
136 42 174 5 8 165 8 
107 136 42 676 429 108 5 8 8 
136 42 174 5 8 8 
136 42 174 5 8 8 
136 647 312 145 42 5 8 8 
136 647 312 145 42 5 8 8 
136 647 312 42 5 8 8 
136 42 174 5 8 8 
136 42 174 5 8 8 
40 136 42 174 5 8 144 8 
136 42 174 5 8 144 8 
136 42 174 5 8 144 8 
136 42 174 5 8 144 8 
136 647 312 42 5 8 8 
136 42 174 5 8 156 144 8 
136 42 174 5 8 165 8 
136 42 174 5 8 8 
136 42 174 5 8 144 201 8 
136 42 174 5 8 144 8 
136 42 174 5 8 8 
136 42 174 5 231 8 8 
136 42 174 5 8 144 201 8 
136 42 174 5 8 144 8 
136 42 174 5 8 144 201 8 
136 42 174 5 8 8 
136 42 174 5 8 144 8 
136 647 312 145 42 5 8 8 
136 42 174 5 8 165 8 
136 42 174 5 8 165 8 
136 42 174 5 8 165 8 
136 42 174 5 8 165 8 
136 42 174 5 8 165 8 
136 42 174 5 8 144 8 
136 42 174 5 8 144 8 
136 647 312 145 42 5 8 8 
136 647 312 145 42 5 8 144 201 8 
136 647 312 42 5 8 144 201 8 
136 42 174 5 8 144 201 8 
136 42 174 5 8 8 
136 42 174 5 8 8 
136 42 174 5 8 8 
136 42 174 5 8 144 8 
136 647 312 42 5 8 8 
136 647 312 145 42 5 8 8 
136 647 312 42 5 8 8 
136 647 312 42 5 8 8 
136 42 174 5 8 144 8 
136 311 647 312 42 5 8 165 8 
136 647 312 145 42 5 8 8 
136 647 312 145 42 5 8 8 
136 42 174 5 8 8 
136 42 174 5 8 144 8 
136 42 174 5 8 8 
136 42 174 5 8 8 
136 647 312 42 5 8 8 
136 647 312 42 5 6 8 61 8 
136 647 312 145 42 5 8 144 8 
136 647 312 145 42 5 8 144 8 
136 145 42 174 5 8 144 8 
136 42 174 5 8 8 
136 647 312 42 174 5 8 8 
136 647 312 145 42 5 8 8 
136 647 312 42 174 5 8 8 
136 42 174 5 8 8 
136 647 312 42 174 5 8 144 8 
136 647 312 42 174 5 8 144 8 
136 647 312 145 42 5 8 144 8 
136 647 312 42 5 8 144 8 
136 647 312 145 42 5 8 8 
136 647 312 145 42 5 8 8 
136 647 312 145 42 5 8 8 
107 136 42 676 429 108 5 8 8 
136 42 174 5 8 144 8 
136 42 174 5 8 144 8 
136 42 174 5 8 144 8 
136 42 174 5 8 165 8 
136 42 174 5 8 165 8 
136 42 174 5 8 8 
136 42 174 5 8 165 8 
136 42 174 5 8 8 
136 647 312 145 42 5 8 8 
136 647 312 145 42 5 8 8 
136 42 174 5 8 8 
136 42 174 5 8 8 
136 42 174 5 8 8 
136 42 174 5 8 8 
136 647 312 42 5 8 144 201 8 
136 42 174 5 8 8 
136 647 312 42 5 8 8 
136 647 312 145 42 5 8 8 
136 42 174 5 8 8 
136 647 312 42 5 8 144 201 8 
136 647 312 42 5 8 144 201 8 
136 42 174 5 8 144 201 8 
136 42 174 5 8 165 8 
136 42 174 5 8 8 
136 647 312 145 42 5 8 8 
136 647 312 42 5 8 8 
136 647 312 42 5 8 8 
136 647 312 42 174 5 8 8 
136 42 174 5 8 8 
136 42 174 5 8 8 
136 42 174 5 8 8 
136 42 174 5 8 165 8 
136 42 174 5 8 8 
136 42 174 5 8 8 
136 42 174 5 8 144 201 8 
136 647 312 145 42 5 8 8 
136 647 312 145 42 5 8 8 
136 647 312 145 42 5 8 8 
136 647 312 42 5 8 144 201 8 
136 647 312 42 174 5 8 8 
136 647 312 42 174 5 8 8 
136 42 174 5 8 144 8 
136 42 174 5 8 144 8 
136 42 174 5 8 8 
136 42 174 5 8 8 
136 42 174 5 8 8 
136 647 312 42 73 5 8 8 
136 42 174 5 8 144 8 
136 42 174 5 8 8 
107 136 42 676 429 108 5 8 8 
107 136 42 676 429 108 5 8 8 
136 42 174 5 8 8 
136 145 42 174 5 8 144 8 
136 42 174 5 8 144 8 
136 42 174 5 8 144 8 
136 42 174 5 8 144 8 
136 647 312 145 42 5 8 8 
136 42 174 5 8 8 
136 42 174 5 8 8 
1 136 42 174 5 8 144 8 
136 42 174 5 8 144 8 
136 42 174 5 8 144 8 
107 136 42 676 429 108 5 8 144 8 
136 647 312 42 5 8 144 201 8 
136 42 174 5 8 8 
136 42 174 5 8 165 8 
136 42 174 5 8 165 8 
136 42 174 5 8 165 8 
136 42 174 5 8 165 8 
136 42 174 5 8 165 8 
136 42 174 5 8 165 8 
136 42 174 5 8 165 8 
136 42 174 5 8 165 8 
136 42 174 5 8 165 8 
136 42 174 5 8 165 8 
136 42 174 5 8 165 8 
136 42 174 5 8 165 8 
136 42 174 5 8 165 8 
136 42 174 5 8 165 8 
136 42 174 5 8 165 8 
136 42 174 5 8 165 8 
136 42 174 5 8 165 8 
136 42 174 5 8 165 8 
136 42 174 5 8 144 201 8 
136 42 174 5 8 8 
136 42 174 5 8 8 
136 42 174 5 8 8 
136 42 174 5 8 8 
136 42 174 5 8 8 
136 42 174 5 8 8 
136 647 312 42 5 91 6 92 8 61 8 
136 647 312 42 5 91 6 92 8 61 8 
136 42 174 5 8 144 201 8 
136 42 174 5 8 144 201 8 
136 42 174 5 8 144 201 8 
136 42 174 5 8 144 201 8 
136 42 174 5 8 144 201 8 
136 42 174 5 8 144 201 8 
136 42 174 5 8 144 201 8 
136 42 174 5 8 144 201 8 
136 647 312 145 42 5 8 8 
136 647 312 145 42 5 8 8 
136 42 174 5 8 8 
136 42 174 5 8 144 8 
136 42 174 5 8 144 8 
136 42 174 5 8 144 8 
136 42 174 5 8 144 8 
136 42 174 5 8 144 8 
136 42 174 5 8 144 8 
136 42 174 5 8 144 8 
136 42 174 5 8 144 8 
136 42 174 5 8 144 8 
136 42 174 5 8 144 8 
136 42 174 5 8 144 8 
136 42 174 5 8 144 8 
136 42 174 5 8 144 8 
136 42 174 5 8 144 8 
136 42 174 5 8 144 8 
136 42 174 5 8 144 8 
136 42 174 5 8 144 8 
136 42 174 5 8 144 8 
136 42 174 5 8 144 8 
136 42 174 5 8 144 8 
136 42 174 5 8 144 8 
136 42 174 5 8 144 8 
136 42 174 5 8 165 8 
136 42 174 5 8 165 8 
136 42 174 5 8 165 8 
136 42 174 5 8 165 8 
136 42 174 5 91 6 92 8 8 
136 42 174 5 8 8 
217 136 42 174 5 8 8 
136 42 174 5 8 8 
136 42 174 5 8 144 8 
136 42 174 5 8 144 8 
136 42 174 5 8 165 8 
136 42 174 5 8 165 8 
136 42 174 5 8 165 8 
136 42 174 5 8 165 8 
136 42 174 5 8 165 8 
136 42 174 5 8 165 8 
136 42 174 5 8 165 8 
136 42 174 5 8 165 8 
136 42 174 5 8 165 8 
136 42 174 5 8 165 8 
136 42 174 5 8 165 8 
136 42 174 5 8 165 8 
136 42 174 5 8 165 8 
136 42 174 5 8 8 
136 42 174 5 8 8 
136 42 174 5 8 144 201 8 
136 647 312 42 5 8 8 
136 647 312 42 5 6 8 61 8 
136 42 174 5 8 144 8 
136 42 174 5 8 144 8 
136 42 174 5 8 144 8 
136 42 174 5 8 144 8 
136 42 174 5 8 165 8 
136 145 42 174 5 8 8 
136 42 174 5 8 144 8 
136 42 174 5 8 144 8 
136 42 174 5 8 144 8 
136 42 174 5 8 8 
136 42 174 5 8 8 
136 42 174 5 8 8 
136 145 42 174 5 8 8 
136 42 174 5 8 144 201 8 
136 42 174 5 8 144 201 8 
136 42 174 5 8 144 201 8 
136 647 312 42 5 8 165 8 
136 42 174 5 8 165 8 
136 42 174 5 8 8 
136 42 174 5 8 144 8 
1 136 2 42 174 5 8 144 8 
136 42 174 5 8 144 8 
136 42 174 5 8 144 201 8 
136 42 174 5 8 144 201 8 
136 42 174 5 8 8 
136 42 174 5 8 8 
136 42 174 5 8 8 
136 42 174 5 8 165 8 
136 42 174 5 8 165 8 
136 42 174 5 8 165 8 
136 42 174 5 8 165 8 
136 42 174 5 8 165 8 
136 42 174 5 8 165 8 
136 42 174 5 8 165 8 
136 42 174 5 8 165 8 
136 42 174 5 8 165 8 
136 42 174 5 8 165 8 
136 42 174 5 8 165 8 
136 42 174 5 8 165 8 
136 42 174 5 8 165 8 
136 42 174 5 8 165 8 
136 42 174 5 8 165 8 
136 42 174 5 8 165 8 
136 42 174 5 8 165 8 
136 42 174 5 8 165 8 
136 42 174 5 8 165 8 
136 42 174 5 8 165 8 
136 42 174 5 8 165 8 
136 42 174 5 8 165 8 
182 136 42 174 5 8 8 
136 42 174 5 8 8 
136 42 174 5 8 165 8 
136 42 174 5 8 165 8 
136 42 174 5 8 165 8 
136 42 174 5 8 165 8 
136 42 174 108 5 8 165 8 
136 42 174 5 143 8 144 8 
136 42 174 5 8 8 
136 42 174 5 8 8 
136 647 312 42 5 8 8 
136 42 5 8 144 8 
136 42 174 5 8 8 
136 42 174 5 8 8 
136 42 174 5 8 8 
136 42 174 5 8 8 
136 42 174 5 8 8 
136 42 174 5 8 8 
136 42 174 5 8 8 
136 42 174 5 8 8 
136 42 174 5 8 8 
136 42 174 5 8 8 
136 42 174 5 8 8 
136 42 174 5 8 8 
136 42 174 5 8 8 
136 42 174 5 8 8 
136 42 174 5 8 8 
136 42 174 5 8 8 
136 42 174 5 8 8 
136 42 174 5 8 165 8 
136 42 174 5 8 165 8 
136 42 174 5 8 165 8 
136 42 174 5 8 144 201 8 
136 647 312 145 42 5 8 8 
136 647 312 145 42 5 8 8 
136 647 312 145 42 5 8 144 201 8 
136 42 174 5 8 8 
136 42 174 5 8 8 
136 42 174 5 8 8 
136 42 174 5 8 8 
136 42 174 5 8 8 
136 42 174 5 8 36 144 8 
136 42 174 5 8 36 144 8 
136 42 174 5 8 36 144 8 
136 42 174 5 8 36 144 8 
136 42 174 5 8 36 144 8 
136 42 174 5 8 8 
136 42 174 5 8 165 8 
1 136 2 42 174 5 8 165 8 
136 42 174 5 8 165 8 
136 647 312 145 42 5 8 8 
136 647 312 145 42 5 8 8 
136 647 312 42 5 8 8 
136 647 312 42 5 8 8 
136 42 174 5 8 144 8 
136 42 174 5 8 144 8 
136 42 174 5 8 144 8 
136 42 174 5 8 144 8 
136 42 174 5 8 144 8 
136 42 174 5 8 144 8 
136 42 174 5 8 144 8 
136 42 174 5 8 8 
136 42 174 5 8 8 
136 42 174 5 8 8 
136 42 174 5 8 8 
136 42 174 5 8 144 201 8 
107 136 42 676 429 108 5 8 144 201 8 
136 42 174 5 8 8 
136 42 174 5 8 8 
136 647 312 42 5 8 8 
136 647 312 42 5 8 8 
136 42 174 5 8 8 
136 42 174 5 8 165 8 
136 42 174 5 8 165 8 
136 42 174 5 8 165 8 
136 42 174 5 8 165 8 
136 42 174 5 8 165 8 
136 42 174 5 8 165 8 
136 647 312 145 42 5 161 8 8 
136 42 174 5 8 144 201 8 
136 42 174 5 8 144 201 8 
136 42 174 5 8 144 201 8 
136 42 174 5 8 144 201 8 
136 42 174 5 8 165 8 
136 42 174 5 8 165 8 
136 42 174 5 8 165 8 
136 42 174 5 8 165 8 
136 42 174 5 8 165 8 
136 42 174 5 8 165 8 
136 42 174 5 8 165 8 
136 42 174 5 8 165 8 
136 42 174 5 8 165 8 
136 42 174 5 8 165 8 
136 647 312 42 5 91 6 92 8 61 8 
136 647 312 42 5 8 8 
136 647 312 145 42 5 8 8 
136 647 312 42 5 8 8 
136 647 312 145 42 5 8 8 
136 647 312 145 42 5 8 8 
136 647 312 42 174 5 8 8 
136 42 174 5 8 165 8 
136 42 174 5 8 165 8 
136 42 174 5 8 8 
136 42 174 5 8 8 
136 42 174 5 8 8 
136 42 174 5 8 8 
136 42 174 5 8 8 
136 42 174 5 8 8 
136 42 174 5 8 165 8 
136 42 174 5 8 144 201 8 
136 42 174 5 8 165 8 
136 42 174 5 8 165 8 
136 42 174 5 8 8 
136 647 312 42 174 5 8 8 
136 42 174 5 8 8 
136 42 174 5 8 8 
136 42 174 5 8 8 
136 42 174 5 8 8 
136 42 174 5 8 165 8 
136 42 174 5 8 165 8 
136 42 174 5 8 8 
136 42 174 5 8 8 
136 42 174 5 8 8 
136 42 174 5 8 8 
136 42 174 5 8 144 201 8 
136 42 174 5 8 8 
136 647 312 42 5 8 8 
136 42 174 5 8 144 8 
136 42 174 5 8 144 201 8 
136 42 174 5 8 8 
136 647 312 42 174 5 8 8 
136 42 174 5 8 144 8 
136 42 174 5 8 165 8 
136 42 174 5 8 165 8 
136 647 312 42 73 5 8 8 
136 42 174 5 8 142 36 8 
136 42 174 5 8 142 36 8 
136 42 174 5 8 144 8 
136 42 174 5 8 144 8 
136 42 174 5 8 144 8 
136 42 174 5 8 144 8 
136 42 174 5 8 144 8 
136 42 174 5 8 144 8 
136 42 174 5 8 144 8 
136 42 174 5 8 144 8 
136 42 174 5 8 8 
136 42 174 5 8 8 
136 647 312 145 42 5 8 8 
136 647 312 42 174 5 8 8 
107 136 647 312 42 108 5 8 8 
136 647 312 145 42 5 8 8 
136 647 312 42 5 8 8 
136 647 312 42 5 8 8 
136 42 174 5 8 165 8 
136 42 174 5 8 165 8 
136 42 174 5 8 165 8 
136 42 174 5 8 165 8 
136 42 174 5 8 165 8 
1 136 2 42 174 167 5 8 8 
136 647 312 42 5 8 8 
136 647 312 145 42 5 8 8 
136 647 312 145 42 5 8 8 
136 647 312 42 5 8 8 
136 42 174 5 8 8 
136 42 174 5 8 8 
136 42 174 5 8 8 
136 42 174 5 8 8 
136 42 174 5 8 8 
136 42 174 5 8 144 8 
136 42 174 5 8 144 8 
136 42 174 5 8 144 8 
136 42 174 5 8 144 8 
136 42 174 5 8 144 8 
136 42 174 5 8 144 8 
136 42 174 5 8 144 8 
136 42 174 5 8 144 8 
136 42 174 5 8 144 8 
136 42 174 5 8 144 8 
136 42 174 5 8 144 8 
136 42 174 5 8 144 8 
136 42 174 5 8 144 8 
136 42 174 5 8 144 8 
136 42 174 5 8 144 8 
136 42 174 5 8 144 8 
136 42 174 5 8 144 8 
136 42 174 5 8 144 8 
136 42 174 5 8 144 8 
136 42 174 5 8 144 8 
136 42 174 5 8 144 8 
136 42 174 5 8 144 8 
136 42 174 5 8 144 8 
136 42 174 5 8 144 8 
136 42 174 5 8 144 8 
136 647 312 42 5 8 8 
136 647 312 145 42 5 8 8 
136 42 174 5 8 165 8 
136 42 174 5 8 8 
136 42 174 5 8 8 
136 42 174 5 8 8 
136 647 312 145 42 5 8 8 
136 647 312 145 42 5 8 144 201 8 
136 42 174 5 8 144 8 
136 42 174 5 8 8 
136 145 42 174 5 8 8 
136 647 312 145 42 5 8 8 
136 647 312 42 5 8 8 
136 647 312 42 5 8 8 
136 42 174 5 8 8 
136 42 174 5 8 8 
136 42 174 5 8 144 8 
136 42 174 5 8 144 8 
136 42 174 5 8 144 8 
136 42 174 5 8 144 8 
136 42 174 5 8 144 8 
136 42 174 5 8 144 8 
136 42 174 5 8 144 8 
136 42 174 5 8 144 8 
136 42 174 5 8 144 8 
136 42 174 5 8 144 8 
136 42 174 5 8 144 8 
136 42 174 5 8 144 8 
136 42 174 5 8 144 8 
136 42 174 5 8 144 8 
136 42 174 5 8 144 8 
136 42 174 5 8 144 8 
136 42 174 5 8 144 8 
136 42 174 5 8 144 8 
136 647 312 42 174 5 8 144 201 8 
136 647 312 42 174 5 8 8 
136 647 312 42 174 5 8 8 
136 647 312 42 174 5 8 8 
136 647 312 42 5 8 8 
136 42 174 5 8 8 
136 647 312 42 5 8 8 
136 42 174 5 8 8 
136 42 174 5 8 8 
136 42 174 5 8 8 
136 42 174 5 8 8 
136 42 174 5 8 8 
136 42 174 5 8 8 
136 647 312 145 42 5 8 8 
136 647 312 42 5 8 8 
136 647 312 145 42 5 8 8 
136 42 174 5 8 144 201 8 
136 647 312 42 5 8 144 201 8 
1 136 647 2 312 42 5 8 144 201 8 
136 647 312 42 73 5 8 144 201 8 
136 647 312 145 42 5 8 8 
136 42 174 5 8 8 
136 42 174 5 8 8 
136 42 174 5 8 8 
136 42 174 5 8 8 
67 136 42 174 5 8 165 8 
107 136 42 676 429 108 5 8 8 
136 42 174 5 91 6 92 8 8 
136 647 312 42 5 8 8 
136 647 312 42 5 8 165 8 
136 647 312 145 42 5 8 165 8 
136 42 174 5 8 144 8 
136 42 174 5 8 8 
136 42 174 5 8 8 
136 42 174 5 8 8 
136 42 174 5 8 8 
136 42 174 5 8 8 
136 42 174 5 8 8 
136 42 174 5 8 165 8 
136 647 312 145 42 5 8 8 
136 42 174 5 8 144 8 
136 42 174 5 8 144 8 
40 136 41 42 174 5 8 144 8 
136 42 174 5 8 144 8 
136 42 174 5 8 8 
136 42 174 5 8 8 
136 42 174 5 8 8 
136 42 174 5 8 144 201 8 
136 42 174 5 254 8 36 144 255 8 
136 42 174 5 254 8 36 144 255 8 
136 42 174 5 254 8 36 144 255 8 
136 42 174 5 254 8 36 144 255 8 
136 42 174 5 8 36 144 8 
136 42 174 5 8 36 144 8 
136 42 174 5 8 8 
136 42 174 5 8 8 
136 42 174 5 8 144 8 
136 42 174 5 383 384 254 8 36 144 8 
136 42 174 5 383 384 254 8 36 144 8 
136 42 174 5 383 384 254 8 36 144 8 
136 42 174 5 383 384 254 8 36 144 8 
136 42 174 5 383 384 254 8 36 144 8 
136 42 174 5 383 384 254 8 36 144 8 
136 42 174 5 383 384 254 8 36 144 8 
40 136 147 42 174 5 383 384 254 8 36 144 8 
136 42 174 5 383 384 254 8 36 144 8 
136 42 174 5 383 384 254 8 36 144 8 
136 42 174 5 383 384 254 8 36 144 8 
51 136 42 174 78 5 383 384 254 8 36 144 8 
136 42 174 5 383 384 254 8 36 144 8 
136 42 174 5 383 384 254 8 36 144 8 
51 136 42 174 78 5 383 384 254 8 36 144 8 
136 42 174 5 383 384 254 8 36 144 8 
51 136 42 174 78 5 383 384 254 8 36 144 8 
136 42 174 5 383 384 254 8 36 144 8 
136 42 174 5 383 384 254 8 36 144 8 
136 42 174 5 383 384 254 8 36 144 8 
136 42 174 5 383 384 254 8 36 144 8 
136 42 174 5 383 384 254 8 36 144 8 
136 42 174 5 383 384 254 8 36 144 8 
136 42 174 5 383 384 254 8 36 144 8 
40 136 147 42 174 5 383 384 254 8 36 144 8 
136 42 174 5 383 384 254 8 36 144 8 
40 136 147 42 174 5 383 384 254 8 36 144 8 
136 42 174 5 383 384 254 8 36 144 8 
136 42 174 5 383 384 254 8 36 144 8 
136 42 174 5 383 384 254 8 36 144 8 
136 42 174 5 383 384 254 8 36 144 8 
136 42 174 5 8 144 201 8 
136 42 174 5 8 144 201 8 
136 42 174 5 8 8 
136 42 174 5 8 8 
136 42 174 5 8 144 8 
136 42 174 5 8 144 8 
136 42 174 5 8 144 8 
136 42 174 5 8 144 8 
136 42 174 5 8 144 8 
136 42 174 5 8 144 8 
136 42 174 5 8 144 8 
136 42 174 5 8 144 8 
136 42 174 5 8 144 8 
136 42 174 5 8 144 8 
136 42 174 5 8 144 8 
136 42 174 5 8 144 8 
40 136 41 42 174 5 8 144 8 
136 42 174 5 8 144 8 
136 647 312 145 42 5 8 144 8 
136 647 312 42 174 5 8 144 8 
136 42 174 5 8 144 8 
136 42 174 5 8 144 8 
136 42 174 5 8 144 8 
136 42 174 5 8 144 8 
136 647 312 42 5 8 144 8 
136 647 312 145 42 5 8 144 8 
136 42 174 5 8 144 8 
136 42 174 5 8 165 8 
136 42 174 5 8 165 8 
136 42 174 5 8 165 8 
136 42 174 5 8 8 
136 42 174 5 8 8 
136 42 174 5 8 8 
136 647 312 42 5 8 8 
136 647 312 42 5 8 8 
136 42 174 5 8 144 8 
136 647 312 42 5 8 8 
136 42 174 5 8 144 201 8 
136 42 174 5 8 144 201 8 
136 42 174 5 8 144 201 8 
136 42 174 5 8 8 
136 42 174 5 143 8 144 8 
136 647 312 42 5 8 144 201 8 
136 647 312 42 5 8 144 201 8 
136 647 312 42 5 8 144 201 8 
136 42 174 5 8 8 
136 42 174 5 8 144 8 
136 42 174 5 8 144 8 
136 42 174 5 8 165 8 
136 42 174 5 8 144 8 
136 42 174 5 8 144 8 
136 42 174 5 8 144 8 
136 42 174 5 8 144 8 
136 42 174 5 8 144 8 
136 42 174 5 8 144 8 
136 42 174 5 8 144 8 
136 42 174 5 8 8 
136 42 174 5 8 8 
136 42 174 5 8 8 
136 42 174 5 8 8 
136 42 174 5 8 8 
136 42 174 5 8 8 
136 42 174 5 8 8 
136 42 174 5 8 8 
136 42 174 5 8 8 
136 42 174 5 8 8 
136 42 174 5 8 8 
136 42 174 5 8 8 
136 42 174 5 8 8 
107 136 42 676 429 108 5 8 8 
136 42 174 5 8 8 
136 42 174 5 8 8 
136 42 174 5 8 144 201 8 
136 42 174 5 8 144 201 8 
136 42 174 5 8 144 492 8 
136 42 174 5 8 144 201 8 
136 42 174 5 8 144 8 
136 647 312 145 42 5 8 8 
136 647 312 42 5 8 8 
136 42 174 5 8 144 8 
136 42 174 5 8 144 8 
136 42 174 5 8 144 8 
136 42 174 5 8 144 8 
136 42 174 5 8 8 
136 42 174 5 8 8 
136 42 174 5 8 8 
136 42 174 5 8 8 
136 647 312 42 5 8 144 201 8 
136 42 174 5 8 144 8 
136 42 174 5 8 144 8 
136 42 174 5 8 144 8 
136 42 174 5 8 36 144 8 
136 42 174 5 8 36 144 8 
136 42 174 5 8 36 144 8 
136 42 174 5 8 8 
136 42 174 5 8 8 
136 42 174 5 8 165 8 
136 647 312 42 5 8 8 
136 647 312 42 5 8 8 
136 42 174 5 8 144 201 8 
136 42 174 5 8 8 
136 42 174 5 8 8 
136 647 312 42 73 5 8 144 8 
136 42 174 5 8 8 
136 42 174 5 8 8 
136 42 174 5 8 8 
136 647 312 42 5 8 8 
136 42 174 5 8 8 
136 647 312 42 5 8 8 
136 647 312 145 42 5 8 8 
136 647 312 42 5 6 8 61 8 
136 647 312 145 42 5 8 8 
136 647 312 42 174 5 8 8 
136 647 312 42 174 5 8 8 
136 647 312 145 42 5 8 8 
136 42 174 5 8 8 
136 647 312 42 5 8 144 201 8 
136 42 174 5 8 144 201 8 
136 42 174 5 8 8 
136 42 174 5 8 8 
136 42 174 5 8 8 
136 42 174 5 8 8 
136 42 174 5 8 8 
136 42 174 5 8 8 
136 42 174 5 8 144 8 
136 42 174 5 8 144 8 
136 42 174 5 8 144 8 
136 42 174 5 8 144 8 
136 42 174 5 8 144 8 
136 42 174 5 8 144 8 
136 42 174 5 8 144 8 
136 42 174 5 8 144 8 
136 42 174 5 8 144 8 
136 42 174 5 8 144 8 
136 42 174 5 8 144 8 
136 42 174 5 8 144 8 
136 42 174 5 8 144 8 
136 42 174 5 8 144 8 
136 42 174 5 8 144 8 
136 42 174 5 8 144 8 
136 42 174 5 8 8 
136 42 174 5 8 8 
136 647 312 145 42 5 8 8 
136 647 312 42 174 5 8 144 201 8 
136 647 312 42 5 8 144 201 8 
136 42 174 5 8 8 
136 42 174 5 8 8 
136 42 174 5 8 8 
136 647 312 145 42 5 8 165 8 
136 647 312 42 5 8 165 8 
136 42 174 5 8 8 
136 647 312 42 5 8 8 
136 647 312 145 42 5 8 8 
136 647 312 42 5 8 8 
136 42 174 5 8 144 201 8 
136 42 174 5 8 144 201 8 
136 42 174 5 8 144 8 
136 42 174 5 8 8 
136 42 174 5 8 8 
136 42 174 5 8 8 
136 42 174 5 8 8 
136 42 174 5 8 8 
136 42 174 5 8 8 
136 42 174 5 8 8 
136 42 174 5 8 8 
136 42 174 5 8 8 
136 647 312 145 42 5 8 144 201 8 
136 647 312 42 73 5 8 8 
136 42 174 5 8 165 8 
136 42 174 5 8 165 8 
136 42 174 5 8 144 8 
107 136 42 676 429 108 5 8 8 
107 136 42 676 429 108 5 8 144 8 
136 42 174 5 8 8 
136 42 174 5 8 8 
136 42 174 5 8 8 
136 42 174 5 8 165 8 
136 42 174 5 8 165 8 
136 42 174 5 8 144 8 
136 647 312 145 42 5 8 8 
136 42 174 5 8 8 
136 647 312 145 42 5 8 8 
136 647 312 42 5 8 8 
136 647 312 145 42 5 8 144 201 8 
107 136 42 676 429 108 5 8 144 8 
136 42 174 5 8 8 
136 42 174 5 8 8 
136 42 174 5 8 8 
136 42 174 5 8 8 
136 647 312 145 42 5 8 8 
136 647 312 42 5 8 8 
136 42 174 5 8 165 8 
136 42 174 5 8 144 201 8 
136 42 174 5 8 144 201 8 
136 42 174 5 8 144 201 8 
136 42 174 5 8 144 201 8 
136 42 174 5 8 144 201 8 
136 42 174 5 8 8 
136 42 174 5 8 8 
136 42 174 5 8 144 201 8 
136 42 174 5 8 144 201 8 
136 42 174 5 8 144 201 8 
136 42 174 5 8 144 201 8 
136 42 174 5 8 144 201 8 
136 42 174 5 8 144 201 8 
136 42 174 5 8 144 201 8 
136 42 174 5 8 144 201 8 
136 42 174 5 8 144 201 8 
136 647 312 42 5 345 8 36 396 8 
136 647 312 42 5 345 8 36 396 8 
136 42 174 5 8 144 8 
136 42 174 5 8 144 8 
136 42 174 5 8 144 8 
136 42 174 5 8 144 8 
136 42 174 5 8 144 8 
136 42 174 5 8 144 8 
136 42 174 5 8 8 
136 42 174 5 8 8 
136 42 174 5 8 144 8 
136 42 174 5 8 144 8 
136 42 174 5 8 144 8 
136 647 312 145 42 5 8 8 
136 647 312 42 174 5 8 8 
136 647 312 42 174 5 8 8 
136 42 174 5 8 165 8 
136 42 174 5 8 165 8 
136 42 174 5 8 165 8 
136 42 174 5 8 165 8 
136 42 174 5 8 165 8 
136 42 174 5 8 165 8 
136 42 174 5 8 165 8 
1 136 2 42 174 5 8 144 8 
136 42 174 5 8 144 8 
136 42 174 5 8 144 8 
136 42 174 5 8 144 8 
136 42 174 5 8 144 8 
136 42 174 5 8 144 8 
136 42 174 5 8 8 
136 647 312 145 42 5 8 144 201 8 
136 647 312 42 5 8 144 201 8 
136 42 174 5 8 144 8 
136 42 174 5 8 144 8 
136 42 174 5 8 144 8 
136 42 174 5 8 165 8 
136 42 174 5 8 165 8 
136 42 174 5 8 165 8 
136 42 174 5 8 165 8 
136 647 312 145 42 5 8 8 
107 136 42 676 429 108 5 8 144 201 8 
136 647 312 145 42 5 8 165 8 
136 647 312 145 42 5 8 165 8 
136 647 312 145 42 5 8 165 8 
136 647 312 145 42 5 8 8 
136 145 42 174 5 8 165 8 
136 145 42 174 5 8 165 8 
136 42 174 5 8 8 
136 42 174 5 8 165 8 
107 136 42 676 429 108 5 8 144 201 8 
136 42 174 5 8 144 201 8 
136 42 174 5 8 144 201 8 
136 42 174 5 8 144 201 8 
136 42 174 5 8 144 8 
136 42 174 5 8 144 8 
136 42 174 5 8 144 8 
1 136 2 42 174 5 8 144 8 
136 42 174 5 8 144 8 
136 42 174 5 8 144 8 
136 42 174 5 8 144 8 
136 647 312 42 5 8 8 
136 42 174 5 8 144 8 
136 647 312 42 5 8 8 
136 42 174 5 8 8 
136 42 174 5 8 144 201 8 
136 42 174 5 8 144 201 8 
136 42 174 5 8 144 201 8 
136 42 174 5 8 144 201 8 
136 42 174 5 8 144 201 8 
136 42 174 5 8 144 201 8 
136 42 174 5 8 144 201 8 
136 647 312 145 42 5 8 8 
136 647 312 145 42 5 8 8 
136 647 312 145 42 5 8 8 
136 647 312 42 174 5 8 8 
136 647 312 42 5 8 8 
136 647 312 42 5 8 8 
136 42 174 5 8 144 201 8 
136 42 174 5 8 165 8 
136 42 174 5 8 165 8 
136 42 174 5 8 165 8 
136 42 174 5 8 165 8 
136 42 174 5 8 165 8 
136 42 174 5 8 165 8 
136 42 174 5 8 165 8 
136 42 174 5 8 165 8 
136 42 174 5 8 165 8 
136 42 174 5 8 165 8 
136 42 174 5 8 165 8 
136 42 174 5 8 165 8 
136 42 174 5 8 165 8 
136 42 174 5 8 165 8 
136 42 174 5 8 165 8 
175 136 647 312 42 5 8 144 201 8 
136 647 312 145 42 5 8 165 8 
136 42 174 5 8 8 
136 42 174 5 8 165 8 
136 42 174 5 8 165 8 
136 42 174 5 8 165 8 
136 42 174 5 8 8 
136 42 174 5 8 8 
136 42 174 5 8 8 
136 42 174 5 8 165 8 
136 42 174 5 8 8 
136 42 174 5 8 8 
107 136 42 676 429 108 5 8 144 201 8 
107 136 42 676 429 108 5 8 144 201 8 
136 42 174 5 8 144 8 
136 647 312 42 5 8 8 
136 42 174 5 8 8 
136 42 174 5 8 144 8 
136 42 174 5 8 8 
136 42 174 5 8 165 8 
136 42 174 5 8 165 8 
136 42 174 5 8 165 8 
136 42 174 5 8 8 
136 42 174 5 8 8 
136 42 174 5 8 8 
136 647 312 42 5 8 8 
136 42 174 5 8 8 
136 42 174 5 8 8 
136 42 174 5 8 144 8 
136 42 174 5 8 165 8 
136 42 174 5 8 144 8 
136 42 174 5 8 8 
136 647 312 145 42 5 8 165 8 
136 647 312 42 5 8 165 8 
136 42 174 5 8 144 8 
136 42 174 5 8 144 8 
136 42 174 5 8 144 8 
136 42 174 5 8 8 
107 136 42 676 429 108 5 8 8 
136 42 174 5 8 8 
136 42 174 5 8 144 201 8 
136 647 312 145 42 5 8 8 
136 647 312 145 42 5 8 8 
136 647 312 42 73 5 8 8 
136 647 312 42 174 5 8 8 
136 647 312 42 174 5 8 8 
136 647 312 42 174 5 8 8 
136 647 312 42 5 8 8 
136 647 312 42 5 8 8 
136 647 312 42 5 8 8 
136 647 312 145 42 5 8 8 
136 42 174 5 8 8 
136 42 174 5 8 8 
136 42 174 5 8 144 8 
136 42 174 5 8 8 
136 42 174 5 8 8 
136 42 174 5 8 8 
136 42 174 5 8 8 
136 42 174 5 8 8 
136 145 42 174 5 8 8 
136 647 312 42 5 8 8 
217 136 42 174 5 8 144 8 
107 136 42 676 429 108 5 8 144 8 
136 42 174 5 8 8 
136 42 174 5 8 8 
136 42 174 5 8 8 
136 42 174 5 8 165 8 
136 42 174 5 8 8 
136 42 174 5 8 8 
136 42 174 5 8 8 
136 42 174 5 8 8 
107 136 42 676 429 108 5 8 8 
107 136 42 676 429 108 5 8 8 
136 42 174 5 8 8 
136 42 174 5 8 8 
136 42 676 429 5 8 8 
136 42 174 5 8 165 8 
136 42 174 5 8 8 
136 42 174 5 8 165 8 
136 42 174 5 8 165 8 
136 42 174 5 8 165 8 
136 647 312 42 5 8 8 
136 647 312 42 174 5 8 8 
136 647 312 42 174 5 8 8 
136 42 174 5 8 8 
136 42 174 5 8 8 
136 42 174 5 8 8 
136 42 174 5 8 8 
136 42 174 5 8 8 
136 42 174 5 8 8 
136 42 174 5 8 8 
136 42 174 5 8 8 
136 42 174 5 8 8 
136 647 312 42 5 8 144 8 
136 42 174 5 8 8 
136 42 174 5 8 8 
136 42 174 5 8 8 
136 42 174 5 8 8 
136 42 174 5 8 8 
136 42 174 5 8 8 
136 42 174 5 8 8 
136 42 174 5 8 8 
136 42 174 5 8 8 
136 42 174 5 8 8 
136 42 174 5 8 8 
136 42 174 5 8 8 
136 42 174 5 8 8 
136 42 174 5 8 8 
136 42 174 5 8 8 
136 42 174 5 8 8 
136 42 174 5 8 8 
136 42 174 5 8 8 
136 42 174 5 8 8 
136 42 174 5 8 8 
136 647 312 42 5 8 8 
136 42 174 5 8 165 8 
136 42 174 5 8 165 8 
136 42 174 5 8 165 8 
136 647 312 42 5 8 8 
136 145 42 174 5 8 8 
136 42 174 5 8 144 8 
136 42 174 5 8 144 8 
136 647 312 42 5 8 8 
136 42 174 5 8 165 8 
136 42 174 5 8 8 
136 42 174 5 8 8 
136 42 174 5 8 8 
136 42 174 5 8 8 
136 42 174 5 8 8 
136 42 174 5 8 8 
136 42 174 5 8 8 
136 42 174 5 8 144 8 
136 42 174 5 8 8 
136 647 312 42 5 8 144 201 8 
136 42 174 5 8 144 8 
136 42 174 5 8 144 8 
136 42 174 5 8 144 8 
136 42 174 5 8 144 8 
136 42 174 5 8 8 
136 42 174 5 8 8 
136 42 174 5 8 8 
136 42 174 5 8 8 
136 42 174 5 8 8 
136 42 174 5 8 8 
136 42 174 5 8 8 
136 42 174 5 8 8 
136 42 174 5 8 8 
136 647 312 42 5 8 8 
136 42 174 5 8 144 8 
136 42 174 5 8 144 8 
136 42 174 5 8 144 8 
136 647 312 145 42 5 8 8 
136 647 312 42 5 8 8 
136 647 312 42 5 8 8 
136 42 174 5 8 8 
136 42 174 5 8 165 8 
136 42 174 5 8 165 8 
136 647 312 42 5 8 8 
136 647 312 42 5 8 8 
136 647 312 42 5 8 8 
136 647 312 145 42 5 8 8 
136 647 312 42 5 8 144 201 8 
136 647 312 145 42 5 8 144 201 8 
136 42 174 5 8 8 
136 42 174 5 8 144 8 
136 42 174 5 8 144 8 
136 42 174 5 8 144 8 
136 42 174 5 8 144 8 
136 42 174 5 8 165 8 
136 647 312 145 42 5 8 8 
136 647 312 145 42 5 8 8 
136 647 312 145 42 5 8 8 
136 647 312 145 42 5 8 8 
136 42 174 5 8 8 
136 42 174 5 8 8 
136 42 174 5 8 8 
136 42 174 5 8 144 201 8 
136 647 312 145 42 5 8 8 
136 647 312 42 5 8 8 
136 42 174 5 8 144 8 
136 42 174 5 8 144 8 
136 42 174 5 8 8 
136 42 174 5 8 8 
136 42 174 5 8 8 
136 42 174 5 8 8 
136 647 312 42 5 8 8 
136 647 312 42 5 8 8 
136 42 174 5 8 8 
136 42 174 5 8 165 8 
136 42 174 5 8 144 8 
136 647 312 42 5 8 144 201 8 
136 647 312 145 42 5 8 8 
136 647 312 145 42 5 8 144 8 
136 42 174 5 8 8 
136 647 312 42 5 8 8 
136 42 174 5 8 8 
136 647 312 145 42 5 8 8 
136 647 312 145 42 5 8 8 
136 55 42 56 57 174 5 8 144 8 
136 42 174 5 8 8 
136 647 312 145 42 5 8 8 
136 647 312 145 42 5 8 8 
136 647 312 42 174 5 8 8 
136 42 174 5 8 8 
136 42 174 5 8 8 
136 42 174 5 8 8 
136 42 174 5 8 8 
136 42 174 5 8 8 
136 42 174 5 8 144 8 
107 136 42 676 429 108 5 8 144 8 
136 647 312 42 5 8 8 
136 42 174 5 8 8 
136 42 174 5 8 144 8 
136 42 174 5 8 36 122 8 
136 42 174 5 231 8 8 
136 42 174 5 8 8 
136 42 174 5 8 8 
136 42 174 5 8 8 
136 42 174 5 8 8 
107 136 42 676 429 108 5 8 144 8 
107 136 42 676 429 108 5 8 144 8 
136 42 174 5 8 8 
136 42 174 5 8 8 
136 42 174 5 8 144 8 
136 42 174 5 8 144 8 
136 42 174 5 8 8 
136 42 174 5 8 144 8 
136 42 174 5 8 144 8 
136 42 174 5 8 8 
136 42 174 5 8 144 201 8 
136 647 312 42 5 8 144 201 8 
136 647 312 42 5 8 144 201 8 
136 647 312 42 5 8 144 201 8 
136 647 312 42 5 8 144 201 8 
136 647 312 42 5 8 144 201 8 
136 647 312 42 5 8 144 201 8 
136 647 312 42 5 8 144 201 8 
136 647 312 42 5 8 144 201 8 
136 647 312 42 5 8 144 201 8 
136 647 312 42 5 8 144 201 8 
136 647 312 42 5 8 144 201 8 
136 647 312 42 5 8 144 201 8 
136 42 174 5 8 8 
136 42 174 5 8 8 
136 42 174 5 8 165 8 
136 42 174 5 8 144 8 
136 42 174 5 8 8 
136 42 174 5 8 8 
136 42 174 5 8 165 8 
136 42 174 5 8 144 8 
136 42 174 5 8 8 
136 647 312 145 42 5 8 144 8 
136 647 312 145 42 5 8 144 8 
136 42 174 5 8 8 
136 42 174 5 8 165 8 
136 42 174 5 8 8 
136 42 174 5 8 8 
107 136 42 676 429 108 5 8 8 
107 136 42 676 429 108 5 8 8 
107 136 42 676 429 108 5 8 8 
136 647 312 145 42 5 8 8 
136 154 647 312 42 204 5 8 8 
136 647 312 42 5 8 8 
136 647 312 42 5 8 8 
136 647 312 42 5 8 8 
136 42 174 5 8 144 8 
136 647 312 42 5 8 8 
136 42 174 5 8 144 8 
136 647 312 42 5 8 8 
136 647 312 42 5 8 8 
136 647 312 42 5 8 8 
136 42 174 5 8 144 8 
136 154 647 312 42 204 5 8 165 8 
136 42 174 5 8 8 
136 42 174 5 8 8 
136 647 312 145 42 5 8 144 201 8 
136 42 174 5 8 165 8 
136 42 174 5 8 144 8 
136 42 174 5 8 144 8 
136 42 174 5 8 144 8 
136 42 174 5 8 144 8 
136 42 174 5 8 144 8 
136 42 174 5 8 144 8 
136 42 174 5 8 144 8 
136 42 174 5 8 144 8 
136 42 174 5 8 8 
136 42 174 5 8 144 8 
136 42 174 5 8 144 8 
136 42 174 5 8 144 8 
136 42 174 5 8 144 8 
136 42 174 5 8 144 8 
136 42 174 5 8 144 8 
136 42 174 5 8 144 8 
136 42 174 5 8 144 8 
136 42 174 5 8 144 8 
136 42 174 5 8 144 8 
136 42 174 5 8 144 8 
136 42 174 5 8 144 201 8 
136 42 174 5 8 165 8 
136 42 174 5 8 8 
136 42 174 5 8 8 
136 42 174 5 8 8 
136 42 174 5 8 8 
136 42 174 5 8 8 
136 42 174 5 8 8 
136 42 174 5 8 8 
136 42 174 5 8 8 
136 42 174 5 8 8 
136 42 174 5 8 8 
136 42 174 5 8 8 
136 42 174 5 8 165 8 
136 42 174 5 8 8 
136 42 174 5 8 144 201 8 
136 42 174 5 8 144 201 8 
136 42 174 5 8 144 201 8 
136 42 174 5 8 144 201 8 
136 42 174 5 8 8 
136 42 174 5 8 144 8 
136 42 174 5 8 8 
136 647 312 145 42 5 8 8 
136 647 312 42 5 8 8 
136 647 312 42 5 8 8 
136 647 312 42 5 8 8 
136 647 312 42 5 8 8 
136 647 312 42 5 8 8 
136 647 312 145 42 5 8 8 
136 647 312 42 5 8 8 
136 647 312 145 42 5 8 8 
136 647 312 145 42 5 8 144 8 
136 647 312 145 42 5 8 8 
136 42 174 5 8 144 8 
136 42 174 5 8 8 
136 42 174 5 8 8 
136 42 174 5 8 8 
136 42 174 5 8 8 
136 42 174 5 8 8 
136 42 174 5 8 8 
136 42 174 5 8 8 
136 42 174 5 8 8 
136 42 174 5 8 8 
136 42 174 5 8 165 8 
136 42 174 5 8 165 8 
136 42 174 5 8 165 8 
136 42 174 5 161 8 165 8 
136 42 174 5 8 8 
136 42 174 5 143 8 144 8 
136 42 174 5 8 8 
136 42 174 5 8 144 8 
136 42 174 5 8 144 8 
136 42 174 5 8 144 8 
136 42 174 5 8 144 8 
136 42 174 5 8 144 8 
136 42 174 5 8 144 8 
136 42 174 5 8 144 201 8 
136 42 174 5 8 8 
136 42 174 5 8 8 
136 42 174 5 8 8 
136 42 174 5 8 8 
136 42 174 5 6 8 8 
136 647 312 42 5 8 8 
136 42 174 5 8 8 
136 647 312 145 42 5 8 144 201 8 
136 647 312 145 42 5 8 8 
136 647 312 145 42 5 8 8 
136 42 174 5 8 165 8 
136 42 174 5 8 165 8 
136 42 174 5 8 144 201 8 
136 42 174 5 8 8 
136 42 174 5 8 8 
136 42 174 5 8 8 
136 42 174 5 8 8 
136 42 174 5 8 8 
136 42 174 5 8 8 
136 42 174 5 8 8 
136 42 174 5 8 8 
136 42 174 5 8 165 8 
136 42 174 5 8 165 8 
136 42 174 5 8 8 
136 42 174 5 8 8 
136 42 174 5 8 8 
136 42 174 5 8 8 
136 42 174 5 8 8 
136 42 174 5 8 8 
136 42 174 5 8 8 
136 42 174 5 8 8 
136 42 174 5 8 8 
136 42 174 5 8 144 201 8 
136 647 312 42 174 5 254 369 8 370 36 144 8 
136 647 312 42 5 254 369 8 370 36 144 8 
136 647 312 145 42 5 254 369 8 370 36 144 8 
136 42 174 5 8 165 8 
136 42 174 5 8 8 
136 42 174 5 8 8 
136 42 174 5 8 8 
136 42 174 5 8 8 
136 42 174 5 8 8 
136 42 174 5 8 8 
136 42 174 5 8 8 
136 145 42 174 5 8 8 
136 42 174 5 8 8 
136 42 174 5 8 8 
136 42 174 5 8 8 
136 42 174 5 8 8 
136 42 174 5 8 8 
136 42 174 5 8 8 
136 42 174 5 8 8 
136 42 174 5 8 8 
136 42 174 5 8 8 
136 42 174 5 8 8 
136 42 174 5 8 8 
136 42 174 5 8 8 
136 42 174 5 8 8 
136 42 174 5 8 8 
136 42 174 5 8 165 8 
136 42 174 5 8 165 8 
136 42 174 5 143 8 144 8 
136 42 174 5 8 8 
136 42 174 5 8 8 
136 42 174 5 8 8 
136 42 174 5 8 8 
136 42 174 5 8 8 
136 42 174 5 8 8 
136 42 174 5 8 8 
136 647 312 145 42 5 8 8 
136 647 312 42 174 5 8 8 
136 42 174 5 8 8 
136 42 174 5 8 8 
136 42 174 5 8 144 8 
136 42 174 5 8 8 
136 145 42 174 5 254 8 142 36 255 8 
136 145 42 174 5 254 8 142 36 255 8 
1 136 2 42 174 5 8 165 8 
136 42 174 5 8 8 
136 42 174 5 8 8 
136 42 174 5 8 8 
136 42 174 5 8 8 
136 42 174 5 8 8 
136 42 174 5 8 8 
136 42 174 5 8 8 
136 42 174 5 8 8 
136 42 174 5 8 8 
136 42 174 5 8 8 
136 42 174 5 8 8 
136 42 174 5 8 8 
136 42 174 5 8 8 
136 42 174 5 8 8 
136 42 174 5 8 8 
136 42 174 5 8 8 
136 42 174 5 8 8 
136 42 174 5 8 8 
136 42 174 5 8 8 
136 42 174 5 8 8 
136 42 174 5 8 8 
136 42 174 5 8 8 
136 42 174 5 8 8 
136 42 174 5 8 8 
136 42 174 5 8 8 
136 42 174 5 8 8 
136 42 174 5 8 8 
136 647 312 145 42 5 8 8 
136 647 312 145 42 5 8 8 
136 42 174 5 8 165 8 
136 145 42 174 5 8 8 
136 42 174 5 8 165 8 
136 42 174 5 8 165 8 
136 42 174 5 8 8 
136 42 174 5 254 8 36 144 255 201 8 
136 42 174 5 8 8 
136 42 174 5 8 144 8 
136 647 312 42 5 8 8 
136 647 312 42 5 8 8 
136 647 312 42 5 8 8 
136 647 312 42 5 8 8 
136 647 312 42 5 8 8 
136 42 174 5 8 8 
136 42 174 5 8 8 
136 42 174 5 8 8 
136 42 174 5 8 8 
136 42 174 5 8 8 
136 42 174 5 8 8 
136 42 174 5 8 8 
136 42 174 5 8 144 8 
136 42 174 5 8 144 8 
136 647 312 145 42 5 8 8 
136 42 174 5 8 8 
136 42 174 5 8 8 
136 42 174 5 8 8 
178 136 42 174 5 8 144 8 
136 42 174 5 8 144 8 
136 42 174 5 8 8 
136 647 312 145 42 5 8 8 
136 647 312 42 174 5 8 8 
136 647 312 145 42 5 8 8 
136 42 174 5 8 165 8 
136 42 174 5 8 165 8 
136 42 174 5 8 165 8 
136 42 174 5 8 165 8 
136 42 174 5 8 8 
136 42 676 429 5 8 8 
136 42 676 429 5 8 8 
136 42 174 5 231 8 8 
136 647 312 42 5 8 8 
136 42 174 5 8 165 8 
136 42 174 5 8 165 8 
136 42 174 5 8 165 8 
136 42 174 5 8 165 8 
136 42 174 5 8 8 
136 42 174 5 8 8 
136 42 174 5 8 8 
136 42 174 5 8 8 
136 42 174 5 8 8 
136 42 174 5 8 8 
136 42 174 5 8 8 
136 42 174 5 8 8 
136 42 174 5 8 165 8 
136 42 174 5 8 165 8 
136 42 174 5 8 165 8 
136 42 174 5 8 165 8 
136 42 174 5 8 165 8 
136 42 174 5 8 165 8 
136 42 174 5 8 165 8 
136 42 174 5 8 165 8 
136 42 174 5 8 165 8 
136 42 174 5 8 165 8 
136 42 174 5 8 8 
136 42 174 5 8 8 
136 42 174 5 8 8 
136 42 174 5 8 8 
136 42 174 5 8 8 
136 42 174 5 8 8 
136 42 174 5 8 8 
136 42 174 5 8 8 
136 42 174 5 8 8 
136 42 174 5 8 8 
136 42 174 5 8 8 
136 647 312 42 174 5 8 144 8 
136 42 174 5 8 144 201 8 
136 42 174 5 8 8 
136 42 174 5 176 162 221 8 8 
136 42 174 5 8 8 
107 136 42 676 429 108 5 8 8 
107 136 42 676 429 108 5 8 8 
136 42 174 5 8 8 
136 42 174 5 8 8 
107 136 42 676 429 108 5 8 8 
136 42 676 429 5 8 8 
136 42 174 5 8 8 
136 42 174 5 8 8 
136 42 174 5 8 8 
136 42 174 5 8 8 
136 42 174 5 8 144 8 
136 42 174 5 8 8 
136 647 312 145 42 5 8 8 
136 647 312 145 42 5 8 8 
136 42 174 5 8 8 
136 42 174 5 8 8 
136 42 174 5 8 8 
136 42 174 5 8 144 201 8 
136 647 312 42 5 8 8 
136 42 174 5 8 8 
136 647 312 145 42 5 8 8 
136 42 174 5 8 8 
136 42 174 5 8 144 8 
136 42 174 5 8 144 8 
179 136 42 56 57 174 180 181 5 6 8 61 8 
136 647 312 42 5 8 8 
136 647 312 145 42 5 8 8 
136 647 312 145 42 5 8 8 
136 647 312 145 42 5 8 8 
136 42 174 5 8 8 
136 42 174 5 8 8 
136 42 174 5 8 165 8 
136 42 174 5 8 165 8 
136 42 174 5 8 165 8 
136 42 174 5 8 165 8 
136 42 174 5 8 144 201 8 
136 42 174 5 8 144 201 8 
136 42 174 5 8 144 201 8 
107 136 647 312 42 108 5 8 8 
136 42 174 5 8 165 8 
136 647 312 145 42 5 8 8 
136 42 174 5 8 144 201 8 
136 42 174 5 8 8 
136 42 174 5 8 8 
136 42 174 5 8 8 
136 42 174 5 8 8 
136 42 174 5 8 8 
136 42 174 5 8 8 
136 42 174 5 8 8 
136 42 174 5 6 8 8 
136 42 174 5 8 144 8 
136 42 174 5 8 165 8 
136 647 312 145 42 5 8 144 201 8 
136 647 312 145 42 5 8 144 201 8 
136 647 312 145 42 5 8 8 
136 42 174 5 151 152 8 153 8 
136 42 174 5 8 8 
136 42 174 5 8 144 201 8 
136 42 676 429 5 8 144 8 
107 136 42 676 429 108 5 8 144 8 
136 42 174 5 8 8 
136 42 174 5 8 8 
136 42 174 5 8 8 
136 42 174 5 8 8 
136 42 174 5 8 8 
136 145 42 174 5 8 8 
136 42 174 5 8 8 
136 42 174 5 8 8 
136 42 174 5 8 165 8 
136 42 174 5 8 144 201 8 
136 42 174 5 8 144 8 
136 42 174 5 8 144 8 
136 42 174 5 8 144 8 
136 42 174 5 8 8 
136 42 174 5 8 8 
136 145 42 174 5 8 8 
136 42 174 5 8 165 8 
136 42 174 5 8 8 
136 42 174 5 48 6 8 8 
136 42 174 5 48 6 8 8 
136 42 174 5 48 6 8 8 
67 136 42 174 5 48 6 8 8 
136 42 174 5 48 6 8 8 
136 42 174 5 48 6 8 8 
136 42 174 5 48 6 8 8 
136 42 174 5 48 6 8 8 
136 42 174 5 48 6 8 8 
136 42 174 5 48 6 8 8 
136 42 174 5 48 6 8 8 
136 42 174 5 8 144 8 
136 42 174 5 8 8 
136 42 174 5 8 8 
136 42 174 5 8 144 8 
136 647 312 42 5 8 8 
136 647 312 145 42 5 8 8 
136 42 174 5 254 8 36 255 8 
136 42 174 5 8 165 8 
136 42 174 5 8 165 8 
136 42 174 5 8 8 
136 647 312 42 5 8 8 
136 647 312 42 174 5 8 8 
136 647 312 145 42 5 8 8 
136 647 312 145 42 5 8 8 
136 42 174 5 8 8 
136 647 312 42 5 8 8 
136 647 312 145 42 5 8 8 
136 42 174 5 8 8 
136 42 174 5 8 8 
136 42 174 5 8 8 
136 42 174 5 8 144 8 
136 42 174 5 8 8 
136 42 174 5 8 8 
136 42 174 5 8 8 
136 42 174 5 8 8 
136 42 174 5 8 165 8 
136 647 312 145 42 5 8 8 
136 647 312 145 42 5 8 8 
1 136 2 42 174 5 8 8 
136 42 174 5 8 8 
136 42 174 5 8 8 
136 647 312 42 174 5 8 8 
136 647 312 145 42 5 8 8 
136 42 174 5 8 8 
136 42 174 5 8 8 
136 42 174 5 8 8 
136 647 312 42 5 8 8 
136 647 312 145 42 5 8 8 
136 647 312 42 5 8 8 
136 42 174 5 8 8 
136 42 174 5 8 8 
136 42 174 5 8 8 
136 42 174 5 8 165 8 
136 42 174 5 8 8 
136 42 174 5 8 8 
107 136 42 676 429 108 5 8 599 36 8 
136 42 174 5 8 144 8 
136 42 174 5 8 165 8 
136 42 174 5 8 165 8 
136 42 174 5 8 165 8 
136 42 174 5 8 165 8 
136 42 174 5 8 165 8 
179 136 42 56 57 174 180 181 5 8 165 8 
136 42 174 5 8 165 8 
136 42 174 5 8 8 
136 42 174 5 8 8 
136 42 174 5 8 8 
136 42 174 5 8 8 
136 42 174 5 8 8 
136 42 174 5 8 8 
136 42 174 5 8 8 
136 42 174 5 8 165 8 
136 42 174 5 8 144 8 
136 42 174 5 8 8 
136 42 174 5 8 144 8 
136 42 174 5 176 162 8 8 
136 42 174 5 8 165 8 
136 42 174 5 8 8 
136 42 174 5 8 8 
136 42 174 5 8 8 
136 42 174 5 8 8 
136 647 312 145 42 5 8 144 201 8 
136 42 174 5 8 8 
136 42 174 5 8 8 
136 42 174 5 8 8 
136 42 174 5 8 8 
136 42 174 5 8 8 
136 42 174 5 169 162 170 8 8 
136 647 312 42 5 8 8 
136 42 174 5 8 8 
136 42 174 5 8 8 
136 647 312 145 42 5 8 8 
136 42 676 429 5 8 8 
107 136 42 676 429 108 5 8 8 
107 136 42 676 429 108 5 8 8 
107 136 42 676 429 108 5 8 8 
136 42 174 5 8 8 
136 42 174 5 8 8 
136 42 174 5 8 8 
136 42 174 5 8 8 
136 647 312 145 42 5 8 8 
136 42 174 5 8 8 
136 42 174 5 8 8 
136 647 312 145 42 5 8 8 
136 647 312 42 5 8 8 
136 42 174 5 8 8 
136 42 174 5 8 8 
136 42 174 5 8 8 
136 647 312 145 42 5 8 8 
136 647 312 145 42 5 8 8 
136 647 312 145 42 5 8 8 
136 647 312 42 5 8 8 
136 42 174 5 8 8 
136 647 312 145 42 5 8 8 
136 647 312 145 42 5 8 8 
136 42 174 5 8 8 
136 42 174 5 8 8 
136 42 174 5 8 8 
136 42 174 5 8 8 
136 647 312 42 5 8 8 
136 42 174 5 8 8 
136 42 174 5 8 8 
136 647 312 42 5 8 8 
136 647 312 42 5 8 8 
136 647 312 42 5 8 8 
136 42 174 5 8 8 
136 42 174 5 8 8 
136 647 312 42 5 8 8 
136 42 174 5 8 8 
136 647 312 145 42 5 8 8 
136 42 174 5 8 8 
136 647 312 42 5 8 8 
136 647 312 145 42 5 8 8 
136 42 174 5 8 8 
136 647 312 145 42 5 8 8 
136 647 312 42 5 8 8 
136 42 174 5 8 8 
136 647 312 42 5 8 8 
136 42 174 5 8 8 
136 42 174 5 8 8 
136 42 174 5 8 8 
136 647 312 42 5 8 8 
136 647 312 145 42 5 8 8 
136 42 174 5 8 8 
136 42 174 5 8 8 
136 647 312 42 174 5 8 8 
136 647 312 145 42 5 8 8 
136 42 174 5 8 8 
136 42 174 5 8 8 
136 42 174 5 8 8 
136 647 312 145 42 5 8 8 
136 647 312 145 42 5 8 8 
136 42 174 5 8 8 
136 647 312 42 5 8 8 
136 647 312 145 42 5 8 8 
136 647 312 42 5 8 8 
136 647 312 42 5 8 8 
136 647 312 42 5 8 8 
136 42 174 5 8 8 
136 42 174 5 8 8 
136 647 312 42 5 8 8 
136 42 174 5 8 8 
136 42 174 5 8 8 
136 42 676 429 5 8 8 
107 136 42 676 429 108 5 8 8 
136 42 676 429 5 8 8 
136 42 174 5 8 8 
136 42 174 5 6 8 8 
182 136 42 174 5 8 8 
136 42 174 5 8 8 
136 42 174 5 8 144 8 
136 42 174 5 8 8 
136 42 174 5 8 8 
136 42 174 5 8 8 
136 42 174 5 8 8 
136 42 174 5 8 8 
136 42 174 5 8 8 
136 647 312 42 5 8 8 
136 42 174 5 8 8 
1 136 647 2 312 42 5 8 8 
107 136 42 676 429 108 5 8 8 
136 42 174 5 8 8 
136 42 174 5 8 8 
136 42 174 5 8 8 
136 42 174 5 8 8 
136 42 174 5 8 8 
136 647 312 145 42 5 8 8 
136 647 312 145 42 5 8 8 
136 647 312 42 5 8 8 
136 42 174 5 8 8 
136 647 312 145 42 5 8 8 
136 647 312 145 42 5 8 8 
164 1 15 136 647 312 42 5 8 8 
136 42 174 5 8 8 
136 42 174 5 8 8 
136 647 312 42 174 5 8 8 
136 42 174 5 8 8 
136 42 174 5 8 8 
136 647 312 145 42 5 8 8 
136 42 174 5 8 8 
136 42 174 5 8 8 
136 647 312 145 42 5 8 8 
136 42 676 429 5 8 8 
136 647 312 145 42 5 8 8 
136 42 676 429 5 8 8 
136 647 312 145 42 5 8 8 
136 42 174 5 8 8 
136 42 174 5 8 8 
136 42 174 5 8 8 
136 42 174 5 8 8 
136 42 174 5 8 8 
136 42 174 5 8 8 
136 42 174 5 8 8 
136 647 312 42 5 8 8 
164 1 15 136 647 312 42 5 8 8 
136 647 312 42 5 8 8 
136 647 312 145 42 5 8 8 
136 647 312 145 42 5 8 8 
136 42 174 5 8 8 
136 647 312 42 5 8 8 
136 647 312 42 5 8 8 
107 136 42 676 429 108 5 8 8 
136 647 312 42 5 8 8 
136 42 174 5 8 8 
136 42 174 5 8 8 
136 42 174 5 8 8 
107 136 42 676 429 108 5 8 8 
107 136 42 676 429 108 5 8 8 
136 42 676 429 5 8 8 
107 136 42 676 429 108 5 8 8 
107 136 42 676 429 108 5 8 8 
107 136 42 676 429 108 5 8 8 
107 136 42 676 429 108 5 8 8 
107 136 42 676 429 108 5 8 8 
107 136 42 676 429 108 5 8 8 
107 136 42 676 429 108 5 8 8 
136 42 676 429 5 8 8 
107 136 42 676 429 108 5 8 8 
107 136 42 676 429 108 5 8 8 
107 136 42 676 429 108 5 8 8 
107 136 42 676 429 108 5 8 8 
107 136 42 676 429 108 5 8 8 
136 42 174 5 8 8 
136 42 174 5 8 8 
136 42 174 5 8 8 
136 647 312 42 5 8 8 
136 42 174 5 8 8 
136 647 312 145 42 5 8 8 
136 42 174 5 8 8 
136 42 174 5 8 8 
136 42 174 5 8 8 
136 647 312 145 42 5 8 8 
136 42 174 5 8 8 
136 42 174 5 8 8 
136 42 174 5 8 8 
136 647 312 42 5 8 8 
136 42 174 5 8 8 
136 42 174 5 8 8 
136 42 174 5 8 8 
136 647 312 42 5 8 8 
136 42 174 5 8 8 
136 42 174 5 8 8 
136 42 174 5 8 8 
136 42 174 5 8 8 
136 647 312 42 174 5 8 8 
136 42 676 429 5 8 8 
136 42 174 5 8 8 
136 42 174 5 8 8 
136 647 312 42 5 8 8 
136 42 174 5 8 8 
136 42 174 5 8 8 
136 42 174 5 8 8 
136 42 174 5 8 8 
136 42 174 5 8 8 
107 136 42 676 429 108 5 8 8 
136 42 174 5 8 8 
136 42 174 5 8 8 
136 42 174 5 8 8 
136 647 312 42 5 8 8 
136 647 312 145 42 5 8 8 
136 647 312 145 42 5 8 8 
136 647 312 42 174 5 8 8 
136 42 174 5 8 8 
136 42 174 5 8 8 
136 42 174 5 8 8 
136 42 174 5 8 8 
136 647 312 42 5 8 8 
136 42 174 5 8 8 
136 647 312 42 5 8 8 
136 42 174 5 8 8 
136 647 312 42 5 8 8 
136 647 312 42 5 8 8 
136 42 174 5 8 8 
136 42 174 5 8 8 
136 145 42 174 5 8 8 
136 647 312 145 42 5 8 8 
136 42 174 5 8 8 
136 42 174 5 8 8 
136 647 312 42 5 8 8 
136 42 174 5 8 8 
136 42 174 5 8 8 
136 42 174 5 8 8 
136 647 312 42 5 8 8 
136 647 312 42 5 8 8 
136 647 312 42 5 8 8 
136 647 312 145 42 5 8 8 
184 1 15 136 647 185 312 42 5 8 8 
136 42 174 5 8 8 
136 42 174 5 8 8 
136 42 174 5 8 8 
136 42 174 5 8 8 
136 42 174 5 8 8 
136 42 174 5 8 8 
136 647 312 145 42 5 8 8 
136 42 174 5 8 8 
136 42 174 5 8 8 
136 647 312 145 42 5 8 8 
136 42 174 5 8 8 
136 647 312 42 174 5 8 8 
136 647 312 42 5 8 8 
136 42 174 5 8 8 
136 647 312 145 42 5 8 8 
136 647 312 145 42 5 8 8 
136 647 312 42 5 8 8 
136 647 312 42 5 8 8 
136 647 312 42 174 5 8 8 
136 647 312 42 5 8 8 
136 42 174 5 8 8 
136 42 174 5 8 8 
136 42 174 5 8 8 
136 42 174 5 8 8 
136 42 174 5 8 8 
136 42 174 5 8 8 
136 647 312 42 174 5 8 8 
136 42 174 5 8 8 
136 42 174 5 8 8 
136 647 312 42 5 8 8 
136 647 312 42 5 8 8 
136 42 174 5 8 8 
136 42 174 5 8 8 
136 42 174 5 8 8 
136 42 174 5 8 8 
136 647 312 42 5 8 8 
136 647 312 145 42 5 8 8 
136 647 312 145 42 5 8 8 
136 42 174 5 8 8 
136 647 312 42 174 5 8 8 
136 647 312 42 5 8 8 
136 647 312 42 5 8 8 
136 647 312 145 42 5 8 8 
136 647 312 42 5 8 8 
136 647 312 145 42 5 8 8 
136 647 312 42 5 8 8 
136 647 312 42 5 8 8 
136 42 174 5 8 8 
136 647 312 42 5 8 8 
136 647 312 145 42 5 8 8 
136 42 174 5 8 8 
136 647 312 145 42 5 8 8 
136 42 174 5 8 8 
136 42 174 5 8 8 
136 647 312 42 5 8 8 
136 647 312 42 5 8 8 
136 647 312 145 42 5 8 8 
136 42 174 5 8 8 
136 647 312 145 42 5 8 8 
136 647 312 42 5 8 8 
136 42 174 5 8 8 
136 42 174 5 8 8 
136 42 174 5 8 8 
136 647 312 145 42 5 8 8 
136 647 312 145 42 5 8 8 
136 145 42 174 5 8 8 
136 647 312 42 5 8 8 
136 647 312 145 42 5 8 8 
136 42 174 5 8 8 
136 647 312 145 42 5 8 8 
136 647 312 145 42 5 8 8 
136 647 312 145 42 5 8 8 
136 647 312 145 42 5 8 8 
136 42 174 5 8 8 
136 647 312 145 42 5 8 8 
136 647 312 42 5 8 8 
136 647 312 145 42 5 8 8 
136 145 42 174 5 8 8 
136 42 174 5 8 8 
136 42 174 5 8 8 
136 42 174 5 8 8 
136 145 42 174 5 8 8 
136 42 174 5 8 8 
136 647 312 42 5 8 8 
136 647 312 42 5 8 8 
136 42 174 5 8 8 
136 42 174 5 8 8 
136 647 312 145 42 5 8 8 
136 42 174 5 8 8 
136 42 174 5 8 8 
136 42 174 5 8 8 
136 647 312 42 174 5 8 8 
136 42 174 5 8 8 
136 42 174 5 8 8 
136 647 312 42 5 8 8 
136 42 174 5 8 8 
136 42 174 5 8 8 
136 42 174 5 8 8 
136 42 174 5 8 8 
136 42 174 5 8 8 
136 42 174 5 8 8 
136 42 174 5 8 8 
136 42 174 5 8 8 
136 42 174 5 8 8 
136 42 174 5 8 8 
136 42 174 5 8 8 
136 42 174 5 8 8 
136 647 312 42 5 8 8 
136 42 174 5 8 8 
136 647 312 42 5 8 8 
136 647 312 42 5 8 8 
136 647 312 42 5 8 8 
136 647 312 145 42 5 8 8 
136 647 312 42 174 5 8 8 
107 136 42 676 429 108 5 8 8 
136 42 174 5 8 8 
136 42 174 5 8 8 
136 647 312 42 5 8 8 
136 42 174 5 8 8 
136 42 174 5 8 8 
136 42 174 5 8 8 
136 647 312 145 42 5 8 8 
136 647 312 145 42 5 8 8 
136 647 312 145 42 5 8 8 
136 647 312 145 42 5 8 8 
136 647 312 145 42 5 8 8 
136 647 312 145 42 5 8 8 
136 42 174 5 8 8 
136 647 312 145 42 5 8 8 
136 647 312 42 5 8 8 
136 647 312 145 42 5 8 8 
136 647 312 42 174 5 8 8 
164 1 15 136 647 312 42 5 8 8 
136 647 312 42 5 8 8 
136 42 174 5 8 8 
136 42 174 5 8 8 
136 42 174 5 8 8 
136 647 312 42 5 8 8 
136 647 312 42 5 8 8 
136 647 312 42 5 8 8 
136 647 312 42 5 8 8 
136 647 312 42 5 8 8 
136 647 312 42 5 8 8 
136 647 312 42 5 8 8 
136 42 174 5 8 8 
136 42 174 5 8 8 
136 42 174 5 8 8 
136 42 174 5 8 8 
136 647 312 145 42 5 8 8 
136 42 174 5 8 8 
136 647 312 42 5 8 8 
136 647 312 42 5 8 8 
136 647 312 145 42 5 8 8 
136 42 174 5 8 8 
136 42 174 5 8 8 
136 42 174 5 8 8 
136 42 174 5 8 8 
107 136 42 676 429 108 5 8 8 
136 647 312 42 5 8 8 
136 42 174 5 8 8 
136 647 312 145 42 5 8 8 
136 42 174 5 8 8 
136 42 174 5 8 8 
136 647 312 42 174 5 8 8 
136 42 174 5 8 8 
136 42 174 5 8 8 
136 42 174 5 8 8 
136 42 174 5 8 8 
136 42 174 5 8 8 
67 136 42 174 5 8 8 
136 42 174 5 8 8 
136 42 174 5 8 8 
107 136 42 676 429 108 5 8 8 
136 154 647 312 42 204 5 8 8 
136 42 174 5 8 8 
175 136 647 312 42 5 8 8 
175 136 647 312 42 5 8 8 
136 42 174 5 8 8 
136 647 312 145 42 5 8 8 
136 647 312 42 5 8 8 
136 647 312 145 42 5 8 8 
136 42 174 5 8 8 
136 42 174 5 8 8 
136 647 312 42 5 8 8 
136 647 312 145 42 5 8 8 
136 42 174 5 8 8 
136 647 312 145 42 5 8 8 
136 647 312 145 42 5 8 8 
136 647 312 145 42 5 8 8 
136 647 312 42 5 8 8 
136 647 312 42 5 8 8 
136 42 174 5 8 8 
136 42 174 5 8 8 
136 647 312 42 5 8 8 
136 647 312 42 5 8 8 
136 647 312 42 174 5 8 8 
136 647 312 42 5 8 8 
136 42 174 5 8 8 
136 42 174 5 8 8 
136 647 312 145 42 5 8 8 
136 42 174 5 8 8 
136 42 174 5 8 8 
136 42 174 5 8 8 
136 647 312 145 42 5 8 8 
136 647 312 145 42 5 8 8 
136 647 312 145 42 5 8 8 
136 42 174 5 8 8 
136 42 174 5 8 8 
136 42 676 174 429 5 8 8 
136 42 5 8 8 
136 647 312 42 5 8 8 
136 647 312 145 42 5 8 8 
136 647 312 145 42 5 8 8 
136 42 174 5 8 8 
136 42 174 5 8 8 
136 647 312 42 5 8 8 
136 42 174 5 8 8 
136 42 174 5 8 8 
136 647 312 145 42 5 8 8 
136 647 312 145 42 5 8 8 
136 647 312 42 5 8 8 
136 647 312 42 73 5 8 8 
136 42 174 5 8 8 
136 647 312 145 42 5 8 8 
136 647 312 42 5 8 8 
136 647 312 42 73 5 8 8 
136 42 174 5 8 8 
136 647 312 42 5 8 8 
136 42 174 5 8 8 
136 42 174 5 8 8 
136 42 174 5 8 8 
136 42 174 5 8 8 
136 42 174 5 8 8 
136 42 174 5 8 8 
136 42 174 5 8 8 
136 42 174 5 8 8 
136 42 174 5 8 8 
136 647 312 42 5 8 8 
136 42 174 5 8 8 
136 42 174 5 8 8 
136 647 312 42 5 8 8 
136 647 312 145 42 5 8 8 
136 42 174 5 8 8 
136 647 312 145 42 5 8 8 
136 42 174 5 8 8 
136 42 174 5 8 8 
136 42 174 5 8 8 
136 42 174 5 8 8 
136 647 312 42 5 8 8 
136 42 174 5 8 8 
136 42 174 5 8 8 
136 42 174 5 8 8 
136 42 174 5 8 8 
136 42 174 5 8 8 
136 42 174 5 8 8 
136 42 174 5 8 8 
136 42 174 5 8 8 
136 647 312 42 5 8 8 
136 647 312 145 42 5 8 8 
136 42 174 5 8 8 
136 647 312 145 42 5 8 8 
136 42 174 5 8 8 
136 647 312 145 42 5 8 8 
136 42 174 5 8 8 
136 647 312 42 5 8 8 
136 42 174 5 8 8 
136 647 312 145 42 5 8 8 
136 647 312 145 42 5 8 8 
136 647 312 42 5 8 8 
136 647 312 42 5 8 8 
136 42 174 5 8 8 
136 647 312 145 42 5 8 8 
136 42 174 5 8 8 
136 42 676 174 429 5 8 8 
136 42 174 5 8 8 
136 42 174 5 8 8 
136 42 174 5 8 8 
136 42 174 5 8 8 
136 42 174 5 8 8 
136 42 174 5 8 8 
136 647 312 42 5 8 8 
164 1 15 136 647 312 42 5 8 8 
136 42 174 5 8 8 
136 42 174 5 8 8 
136 647 312 145 42 5 8 8 
136 647 312 145 42 5 8 8 
136 647 312 145 42 5 8 8 
136 154 647 312 42 204 5 8 8 
136 647 312 42 5 8 8 
136 42 174 5 8 8 
136 647 312 145 42 5 8 8 
136 42 174 5 8 8 
136 647 312 145 42 5 8 8 
136 42 174 5 8 8 
136 647 312 145 42 5 8 8 
136 647 312 145 42 5 8 8 
136 42 174 5 8 8 
136 42 174 5 8 8 
107 136 647 312 42 108 5 8 8 
107 136 647 312 42 108 5 8 8 
136 42 174 5 8 8 
136 42 174 5 8 8 
136 42 174 5 8 8 
136 42 174 5 8 8 
136 647 312 42 5 8 8 
136 647 312 42 5 8 8 
136 42 174 5 8 8 
136 42 174 5 8 8 
136 42 174 5 8 8 
136 42 174 5 8 8 
107 136 42 676 429 108 5 8 8 
136 42 174 5 8 8 
136 42 174 5 8 8 
136 42 174 5 8 8 
136 42 174 5 8 8 
136 647 312 42 5 8 8 
136 42 174 5 8 8 
136 42 174 5 8 8 
136 42 174 5 8 8 
136 42 174 5 8 8 
136 42 174 5 8 8 
136 42 174 5 8 8 
136 42 174 5 8 8 
136 42 174 5 8 8 
136 647 312 42 174 5 8 8 
136 42 174 5 8 8 
136 647 312 145 42 5 8 8 
136 42 174 5 8 8 
136 42 174 5 8 8 
136 42 174 5 8 8 
136 42 174 5 8 8 
136 42 174 5 8 8 
107 136 42 676 429 108 5 8 8 
136 145 42 174 5 8 8 
67 136 42 174 5 8 8 
136 647 312 42 174 5 8 8 
136 42 174 5 8 8 
136 647 312 145 42 5 8 8 