446 334 436 436 
446 334 436 436 
446 334 447 21 436 68 24 436 
446 334 447 21 436 68 24 436 
446 334 447 21 436 68 24 436 
446 334 447 21 436 68 24 436 
446 334 381 447 21 436 68 24 436 
446 334 447 436 436 
446 51 334 313 78 447 436 436 
446 334 447 436 436 
446 334 447 436 436 
446 334 447 436 436 
446 334 447 436 436 
53 54 446 51 334 447 436 436 
184 1 15 446 334 185 447 436 436 
446 334 27 28 447 21 436 436 
446 334 447 436 436 
53 54 446 51 334 447 436 436 
446 51 334 313 78 447 436 436 
446 334 447 436 436 
446 136 334 42 174 27 28 447 21 436 436 
446 334 27 28 447 21 436 436 
184 1 15 446 334 185 27 28 447 21 436 436 
53 54 446 51 334 27 28 447 21 436 436 
446 334 27 28 447 21 436 436 
446 334 27 28 447 21 436 436 
446 334 447 436 436 
446 334 447 21 436 68 24 436 
446 136 334 42 174 447 436 436 
446 334 447 436 436 
446 51 334 447 436 436 
446 334 447 436 436 
1 446 15 334 202 234 447 436 436 
446 334 436 436 
446 334 447 436 436 
446 334 447 436 436 
446 51 334 313 78 447 436 436 
446 334 447 436 436 
446 334 447 436 436 
446 334 447 436 436 
446 334 447 436 436 
446 334 447 436 436 
446 334 447 436 436 
446 51 334 447 436 436 
1 446 15 334 16 447 436 436 
446 334 447 436 436 
446 334 447 436 436 
53 54 446 51 334 447 436 436 
446 334 447 436 436 
446 334 447 436 436 
446 334 447 436 436 
446 334 447 436 436 
446 334 447 436 436 
446 51 334 313 78 447 436 436 
448 446 334 447 436 436 
446 334 447 436 436 
446 334 436 436 
446 51 334 313 78 436 436 
446 334 447 436 436 
446 334 447 436 436 
446 334 447 436 436 
446 334 447 436 436 
446 334 447 436 436 
446 334 447 436 436 
446 334 447 436 436 
53 54 446 51 334 447 436 436 
446 334 447 436 436 
446 51 334 447 436 436 
446 51 334 313 78 447 436 436 
53 54 446 51 334 447 436 436 
53 54 446 51 334 447 436 436 
53 54 446 51 334 447 436 436 
446 334 447 21 436 68 24 436 
53 54 446 51 334 447 21 436 68 24 436 
446 334 447 21 436 436 
446 334 91 5 6 436 92 436 
446 334 436 436 
446 334 42 108 436 436 
446 334 436 436 
1 446 15 334 43 436 436 
446 334 56 57 181 436 436 
446 51 334 313 78 436 436 
446 334 27 28 21 436 436 
446 51 334 313 78 27 28 21 436 436 
53 54 446 51 334 447 21 436 68 24 436 
446 334 447 436 36 130 436 
446 334 447 436 436 