51 257 375 78 21 22 37 24 24 
1 15 51 257 375 78 21 22 68 24 24 
51 257 375 78 21 22 37 24 24 
1 15 51 257 375 78 21 22 68 24 24 
51 257 375 78 21 22 37 24 24 
1 15 51 257 375 114 78 133 21 22 68 24 24 
51 257 375 78 104 21 22 68 24 24 
51 257 540 78 104 21 22 68 24 24 
1 15 51 257 375 114 78 133 21 22 68 24 24 
51 257 375 78 133 21 22 68 24 24 
51 257 375 78 133 21 22 68 24 24 
51 257 375 78 21 22 68 24 24 
51 257 375 78 21 22 68 24 24 
51 257 375 78 21 22 68 24 24 
51 257 375 78 133 21 22 68 24 24 
51 257 540 78 21 22 68 24 24 
51 257 540 78 21 22 68 24 24 
51 257 540 78 21 22 68 24 24 
51 257 540 78 21 22 68 24 24 
51 257 375 78 21 22 68 24 24 
51 257 375 78 21 22 68 24 24 
51 257 540 78 21 22 68 24 24 
51 257 540 78 21 22 68 24 24 
51 257 540 78 21 22 68 24 24 
51 257 540 78 104 21 22 68 24 24 
51 257 540 78 256 27 28 21 22 24 24 
51 257 375 78 21 22 37 24 24 
51 257 375 78 21 22 68 24 24 
51 257 375 78 81 21 22 82 68 24 24 
51 257 375 78 21 22 68 24 24 
51 257 540 78 104 21 22 68 24 24 
51 257 540 78 21 22 68 24 24 
51 257 540 78 21 22 68 24 24 
51 257 540 78 104 21 22 68 24 24 
51 257 540 78 104 21 22 68 24 24 
51 257 540 78 21 22 68 24 24 
1 15 51 257 375 114 78 21 22 68 24 24 
51 257 375 78 133 21 22 68 24 24 
51 257 375 78 133 21 22 68 24 24 
1 15 51 257 540 43 78 21 22 68 24 24 
51 257 540 78 21 22 68 24 24 
51 257 540 78 21 22 68 24 24 
51 257 540 78 104 21 22 68 24 24 
51 257 540 78 104 21 22 68 24 24 
51 257 540 78 104 21 22 68 24 24 
51 257 540 78 21 22 68 24 24 
51 257 540 78 21 22 68 24 24 
51 257 375 78 133 21 22 68 24 24 
51 257 540 78 21 22 68 24 24 
1 15 51 257 375 114 78 21 22 68 24 24 
51 257 540 78 21 22 68 24 24 
51 257 540 78 21 22 68 24 24 
1 15 51 257 375 78 133 21 22 68 24 24 
51 257 540 78 104 21 22 68 24 24 
51 257 540 78 21 22 24 24 
51 257 375 78 21 22 24 24 
51 257 540 78 104 21 22 68 24 24 
51 257 540 78 104 21 22 68 24 24 
51 257 540 78 171 5 21 22 162 8 172 68 24 24 
51 257 540 375 78 21 22 68 24 24 
51 257 375 78 21 22 68 24 24 
51 257 540 78 104 21 22 68 24 24 
51 257 375 78 354 21 22 68 24 24 
51 257 375 78 104 21 22 68 24 24 
51 257 540 78 104 21 22 68 24 24 
51 257 540 78 21 22 68 24 24 
51 257 540 78 104 21 22 68 24 24 
51 257 540 78 21 22 68 24 24 
51 257 375 78 21 22 24 24 
51 257 540 78 104 21 22 68 24 24 
51 257 375 78 28 21 22 24 79 80 24 
184 1 15 51 257 185 540 78 28 21 22 683 684 24 24 
51 257 540 78 21 22 24 24 
51 257 540 78 21 22 24 24 
51 257 540 78 21 22 24 24 