51 257 540 313 78 21 22 68 24 24 
367 51 257 349 540 78 81 21 22 82 24 24 
51 257 540 313 78 21 22 68 24 24 
367 51 257 349 540 78 81 21 22 82 24 24 
51 257 540 313 78 21 22 68 24 24 
51 257 540 313 78 21 22 68 24 24 
51 257 540 313 78 21 22 68 24 24 
51 257 540 313 78 81 27 28 21 22 82 24 24 
51 257 540 313 78 133 21 22 68 24 24 
51 257 540 313 78 133 21 22 68 24 24 
51 257 540 313 78 133 21 22 68 24 24 
51 257 540 313 78 133 21 22 68 24 24 
51 257 540 313 78 133 21 22 68 24 24 
51 257 540 313 78 133 21 22 68 24 24 
51 257 540 313 78 21 22 68 24 24 
51 257 540 313 78 21 22 68 24 24 
51 257 540 313 78 21 22 68 24 24 
51 257 540 313 78 21 22 68 24 24 