51 257 540 78 5 21 22 143 8 263 37 144 24 263 
51 257 540 78 21 22 263 24 263 
1 15 51 257 540 43 78 21 22 263 24 263 
184 1 15 51 257 185 540 78 21 22 263 37 24 263 
51 257 540 78 21 22 263 24 263 
51 257 540 78 21 22 263 24 263 
51 257 540 78 21 22 263 24 263 
51 257 540 78 21 22 263 24 263 
51 257 540 78 5 21 22 143 8 263 37 144 24 263 
51 257 540 78 21 22 263 24 263 
51 257 540 78 21 22 263 24 263 
51 257 540 78 81 21 22 263 82 24 263 
51 257 540 78 81 21 22 263 82 24 263 
51 257 540 78 81 21 22 263 82 24 263 
51 257 540 78 81 21 22 263 82 24 263 
51 257 540 78 21 22 263 24 263 
51 257 540 78 21 22 263 24 263 
51 257 540 78 21 22 263 24 263 
51 257 540 78 21 22 263 24 263 
51 257 540 78 21 22 263 24 263 
51 257 540 78 21 22 263 24 263 
51 257 540 78 27 28 21 22 263 24 263 
1 15 51 257 540 43 78 21 22 263 68 24 263 
51 257 540 78 21 22 263 24 263 
51 257 540 78 5 21 22 143 8 263 37 144 24 263 
51 257 540 78 21 22 263 24 263 
51 257 540 78 21 22 263 24 263 
1 15 51 257 540 43 78 21 22 263 24 263 
51 257 540 78 21 22 263 24 263 
184 1 15 51 257 185 540 78 21 22 263 24 263 
51 257 540 78 21 22 263 24 263 
51 257 540 78 21 22 263 24 263 
51 257 540 78 21 22 263 24 263 
51 257 540 78 21 22 263 24 263 
51 257 540 78 21 22 263 24 263 
51 257 540 78 21 22 263 24 263 
51 257 540 78 21 22 263 24 263 
184 1 15 51 257 185 540 78 81 21 22 263 82 24 263 
51 257 540 78 21 22 263 24 263 
184 1 15 51 257 185 540 78 21 22 263 24 263 
51 257 540 78 21 22 263 24 263 
51 257 540 78 21 22 263 24 263 
184 1 15 51 257 185 540 78 21 22 263 24 263 
184 1 15 51 257 185 540 78 21 22 263 24 263 
51 257 540 78 21 22 263 24 263 
51 257 540 78 21 22 263 68 24 263 
51 257 540 78 354 21 22 263 68 24 263 
51 257 540 78 21 22 263 24 263 
51 257 540 78 133 21 22 263 68 24 263 
51 257 540 78 81 21 22 263 82 24 263 
51 257 540 78 81 21 22 263 82 24 263 
1 15 51 257 540 43 78 21 22 263 68 24 263 
51 257 540 78 21 22 263 24 263 
1 15 51 257 540 43 78 21 22 263 68 24 263 
1 15 51 257 540 43 78 21 22 263 68 24 263 
1 15 51 257 540 43 78 21 22 263 68 24 263 
1 15 51 257 540 43 78 21 22 263 68 24 263 
51 257 540 78 21 22 263 68 24 263 
51 257 540 78 21 22 263 68 24 263 
184 1 15 51 257 185 540 78 21 22 263 24 263 
51 257 540 78 21 22 263 24 263 
51 257 540 78 104 21 22 263 68 24 263 
51 257 540 78 21 22 263 24 263 
184 1 15 51 257 185 540 78 21 22 263 24 263 
51 257 540 78 21 22 263 24 263 
51 257 540 78 21 22 263 24 263 
184 1 15 51 257 185 540 78 21 22 263 24 263 
51 257 540 78 21 22 263 24 263 
51 257 540 78 21 22 263 24 263 
51 257 540 78 21 22 263 24 263 
51 257 540 78 91 5 6 21 22 92 263 24 263 
51 257 540 78 21 22 99 263 24 362 263 
51 257 540 78 21 22 263 24 263 
51 257 540 78 21 22 263 24 263 
51 257 540 78 21 22 263 24 263 
51 257 540 78 21 22 263 24 263 
51 257 540 78 21 22 263 24 263 
184 1 15 51 257 185 540 78 21 22 263 24 263 
184 1 15 51 257 185 540 78 21 22 263 24 263 
51 257 540 78 21 22 263 24 263 
184 1 15 51 257 185 540 78 21 22 263 24 263 
51 257 138 540 78 21 22 263 24 263 
184 1 15 51 257 185 540 78 21 22 263 24 263 
51 257 540 78 21 22 263 24 263 
184 1 15 51 257 185 540 78 21 22 263 24 263 
51 257 540 78 21 22 263 24 263 
184 1 15 51 257 185 540 78 21 22 263 24 263 
184 1 15 51 257 185 540 78 21 22 263 68 24 263 
1 15 51 257 540 43 78 21 22 263 24 263 
1 15 51 257 540 43 78 21 131 263 24 263 
51 257 540 78 21 131 263 24 263 
184 1 15 51 257 185 540 78 21 22 263 24 263 
184 1 15 51 257 185 540 78 21 22 263 24 263 
184 1 15 51 257 185 540 78 21 22 263 24 263 
51 136 257 540 42 174 78 21 22 263 24 263 
184 1 15 51 257 185 540 78 21 22 263 24 263 
51 257 540 78 21 22 263 475 24 263 
184 1 15 51 257 185 540 78 21 22 263 24 263 
184 1 15 51 257 185 540 78 21 22 263 24 263 
184 1 15 51 257 185 540 78 21 22 263 24 263 
184 1 15 51 257 185 540 78 21 22 263 24 263 
184 1 15 51 257 185 540 78 21 22 263 24 263 
184 1 15 51 257 185 540 78 21 22 263 24 263 
51 257 540 78 21 22 263 24 263 
51 257 540 78 5 21 22 263 8 24 263 
184 1 15 51 257 185 540 78 21 22 263 24 263 
51 257 540 78 5 21 22 263 8 24 263 
51 257 540 78 21 22 263 24 263 
51 257 540 78 21 22 263 37 24 263 
51 257 540 78 21 22 263 24 263 
51 257 540 78 21 22 263 24 263 
51 257 540 78 21 22 263 24 263 
51 257 540 78 21 22 263 24 263 
184 1 15 51 257 185 540 78 21 22 263 24 263 
51 257 540 78 21 22 263 24 263 
1 15 51 257 540 43 78 21 22 263 24 263 
51 257 540 78 81 21 22 263 82 68 24 263 
51 257 540 78 81 21 22 263 82 68 24 263 
51 257 540 78 81 21 22 263 82 24 263 
184 1 15 51 257 185 540 78 21 22 263 24 263 
51 257 540 78 21 22 263 68 24 263 
51 257 540 313 78 21 22 263 24 263 
51 257 540 78 21 22 263 24 263 
1 15 51 257 540 43 78 21 22 263 24 263 
51 257 540 78 21 22 263 68 24 263 
51 257 540 78 21 22 263 68 24 263 
51 257 540 78 21 22 263 68 24 263 
51 257 540 78 21 22 263 68 24 263 
51 257 540 78 21 22 263 24 263 
51 257 540 78 21 22 263 24 263 
184 1 15 51 257 185 540 78 21 22 263 24 263 
51 257 540 78 21 22 263 24 263 
1 15 51 257 540 43 78 21 22 263 24 263 
51 257 540 78 21 22 263 24 263 
51 257 540 78 21 22 263 24 263 
51 257 540 78 21 22 263 24 263 
51 257 540 78 21 22 263 24 263 
51 257 540 78 21 22 263 24 263 
51 257 540 78 21 22 263 24 263 
51 257 540 78 21 22 263 24 263 
184 1 15 51 257 185 540 78 21 22 263 68 24 263 
51 257 540 78 21 22 263 24 263 
51 257 540 78 21 22 263 37 24 263 
51 257 540 78 21 22 263 24 263 
51 257 540 78 21 22 263 24 263 
51 257 540 78 21 22 263 37 24 263 
51 257 540 78 21 22 263 24 263 
1 15 51 257 540 43 78 21 22 263 24 263 
51 257 540 78 91 5 6 21 22 92 263 24 263 
51 257 540 78 21 22 263 68 24 263 
184 1 15 51 257 185 540 78 21 22 263 24 263 
51 257 540 78 21 22 263 24 263 
51 257 540 78 21 22 263 24 263 
51 257 540 78 21 22 263 24 263 
51 257 540 78 21 22 263 24 263 
1 15 51 257 540 43 78 354 21 22 263 68 24 263 
51 257 540 78 21 22 263 24 263 
184 1 15 51 257 185 540 78 21 22 263 24 263 
51 257 540 78 21 22 263 68 24 263 
184 1 15 51 257 185 540 78 21 22 263 68 24 263 
184 1 15 51 257 185 540 78 21 22 263 68 24 263 
51 257 540 78 21 22 263 24 263 
184 1 15 51 257 185 540 78 21 22 263 24 263 
51 257 540 78 21 22 263 24 263 
51 257 540 78 21 22 263 24 263 
51 257 540 78 21 22 263 24 263 
184 1 15 51 257 185 540 78 21 22 263 24 263 
184 1 15 51 257 185 540 78 21 22 263 24 263 
184 1 15 51 257 185 540 78 21 22 263 24 263 
51 257 540 78 21 22 263 24 263 
51 257 540 78 21 22 263 24 263 
184 1 15 51 257 185 540 78 552 21 22 99 263 24 263 
51 257 540 78 21 22 263 68 24 263 
51 257 540 78 21 22 263 24 263 
51 257 540 78 21 22 263 24 263 
51 257 540 78 21 22 263 24 263 
51 257 540 78 21 22 263 24 263 
51 257 540 78 21 22 263 24 263 
51 257 540 78 21 22 263 24 263 
51 257 540 78 21 22 263 24 263 
51 257 540 78 21 22 263 24 263 
51 257 540 78 21 22 263 24 263 
51 257 540 78 21 22 263 24 263 
51 257 540 78 21 22 263 24 263 
51 257 540 78 21 22 263 24 263 
51 257 540 78 21 22 263 68 24 263 
51 257 540 78 21 22 263 24 263 
51 257 540 78 21 22 263 24 263 
51 257 540 78 21 22 263 68 24 263 
51 257 540 78 21 22 263 24 263 
184 1 15 51 257 185 540 78 21 22 263 24 263 
51 257 540 78 21 22 263 68 24 263 
51 257 540 78 21 22 263 68 24 263 
51 257 540 78 21 22 263 24 263 
51 257 540 78 21 22 263 24 263 
51 257 540 78 21 22 263 24 263 
51 257 540 78 21 22 263 24 263 
51 257 540 78 21 22 263 24 263 
51 257 540 78 21 22 263 24 263 
51 257 540 78 21 22 263 24 263 
51 257 540 78 21 22 263 24 263 
51 257 540 78 21 22 263 24 263 
51 257 540 78 21 22 263 24 263 
51 257 540 78 21 22 263 24 263 
184 1 15 51 257 185 540 78 21 22 263 24 263 
184 1 15 51 257 185 540 78 21 22 263 68 24 263 
51 257 540 78 21 22 263 24 263 
184 1 15 51 257 185 540 78 21 22 263 24 263 
51 257 540 78 21 22 263 24 263 
51 257 540 78 21 22 263 24 263 
51 257 540 78 21 22 263 24 263 
51 257 540 78 21 22 263 24 263 
51 257 540 78 21 22 263 24 263 
51 257 540 78 21 22 263 24 263 
51 257 540 78 21 22 263 24 263 
51 257 540 78 21 22 263 24 263 
51 257 540 78 133 21 22 263 68 24 263 
51 257 540 78 21 22 263 68 24 263 
1 15 51 257 540 43 78 21 22 263 24 263 
51 257 540 78 21 22 263 24 263 
51 257 540 78 21 22 263 24 263 
51 257 540 78 21 22 263 24 263 
184 1 15 51 257 185 540 78 21 22 263 24 263 
51 257 540 78 21 22 263 24 263 
51 257 540 78 21 22 263 24 263 
51 257 540 78 21 22 263 24 263 
51 257 540 78 5 21 22 143 8 263 37 144 24 263 
51 257 540 78 21 22 263 24 263 
51 257 540 78 21 22 263 24 263 
51 257 540 78 21 22 263 24 263 
184 1 15 51 257 185 540 78 21 22 263 24 263 
51 257 540 78 21 22 263 24 263 
184 1 15 51 257 185 540 78 21 22 263 24 263 
51 257 540 78 21 22 263 68 24 263 
51 257 540 78 21 22 263 24 263 
51 257 540 78 21 22 263 24 263 
51 257 540 78 21 22 263 24 263 
1 15 51 257 540 43 78 21 22 263 24 263 
51 257 540 78 21 22 263 24 263 
51 257 540 78 21 22 263 24 263 
51 257 540 78 21 22 263 24 263 
51 257 540 78 21 22 263 24 263 
51 257 540 313 78 21 22 90 263 24 263 
51 257 540 78 21 22 263 24 263 
184 1 15 51 257 185 540 78 21 22 263 68 24 263 
184 1 15 51 257 185 540 78 21 22 263 68 24 263 
51 257 540 78 21 22 263 24 263 
51 257 540 78 21 22 263 68 24 263 
1 15 51 257 540 43 78 21 22 263 68 24 263 
184 1 15 51 257 185 540 78 21 22 263 24 263 
184 1 15 51 257 185 540 78 21 22 263 24 263 
51 257 540 78 354 21 22 263 68 24 263 
51 257 540 78 21 22 263 24 263 
51 257 540 78 21 22 263 24 263 
51 257 540 78 21 22 263 24 263 
51 257 540 78 21 22 263 24 263 
51 257 540 78 21 22 263 24 263 
51 257 540 78 21 22 263 24 263 
51 257 540 78 21 22 263 24 263 
51 257 540 78 21 22 263 24 263 
51 257 540 78 21 22 263 24 263 
51 257 540 78 21 22 263 24 263 
51 257 540 78 21 22 263 24 263 
51 257 540 78 21 22 263 24 263 
51 257 540 78 21 22 263 24 263 
51 257 540 78 21 22 263 24 263 
51 257 540 78 21 22 90 263 24 263 
51 257 540 78 21 22 90 263 24 263 
51 257 540 78 21 22 90 263 24 263 
184 1 15 51 257 185 540 78 21 22 263 24 263 
51 257 540 78 21 22 263 24 263 
51 257 540 78 21 22 263 68 24 263 
51 257 540 78 21 22 263 68 24 263 
51 257 540 78 21 22 352 99 353 263 24 100 263 
51 257 540 78 21 22 263 68 24 263 
51 257 540 78 21 22 263 68 24 263 
51 257 540 78 21 22 263 24 263 
184 1 15 51 257 185 540 78 21 22 263 24 263 
51 257 540 78 21 22 263 24 263 
184 1 15 51 257 185 540 78 21 22 263 24 263 
51 257 540 78 91 5 6 21 22 92 263 24 263 
51 257 540 78 21 22 263 24 263 
1 15 51 257 540 43 78 21 22 263 24 263 
184 1 15 51 257 185 540 78 21 22 263 24 263 
184 1 15 51 257 185 540 78 21 22 263 24 263 
184 1 15 51 257 185 540 78 21 22 263 24 263 
51 257 540 313 78 21 22 263 24 263 
184 1 15 51 257 185 540 78 21 22 263 24 263 
51 257 540 78 21 22 263 24 263 
184 1 15 51 257 185 540 78 21 22 263 24 263 
51 257 540 78 21 22 263 24 263 
51 257 540 78 21 22 263 68 24 263 
51 257 540 78 21 22 263 24 263 
51 257 540 78 21 22 263 24 263 
51 257 540 78 21 22 263 24 263 
51 257 540 78 21 22 263 24 263 
51 257 540 78 21 22 263 24 263 
184 1 15 51 257 185 540 78 21 22 263 24 263 
51 257 540 78 21 22 263 24 263 
51 257 540 78 21 22 263 24 263 
51 257 540 78 21 22 263 24 263 
51 257 540 78 21 22 263 24 263 
51 257 540 78 21 22 263 24 263 
51 257 540 78 21 22 263 24 263 
51 257 540 78 21 22 263 24 263 
51 257 540 78 21 22 263 24 263 
51 257 540 78 21 22 263 24 263 
51 257 540 78 21 22 263 68 24 263 
51 257 540 78 21 22 263 68 24 263 
51 257 540 78 21 22 263 68 24 263 
51 257 540 78 21 22 263 24 263 
51 257 540 78 21 22 263 24 263 
51 257 540 78 21 22 263 24 263 
51 257 540 78 21 22 263 24 263 
51 257 540 78 21 22 263 24 263 
51 257 540 78 21 22 263 24 263 
51 257 540 78 21 22 263 24 263 
51 257 540 78 28 27 21 22 263 24 263 
51 257 540 78 21 22 263 68 24 263 
51 257 540 78 21 22 263 24 263 
51 257 540 78 21 22 263 24 263 
51 257 540 78 21 22 263 24 263 
51 257 540 78 21 22 263 24 263 
51 257 540 78 21 22 263 24 263 
1 51 257 540 78 21 22 263 24 263 
51 257 540 78 21 22 263 24 263 
184 1 15 51 257 185 540 78 21 22 263 24 263 
51 257 540 78 21 22 263 24 263 
51 257 540 78 21 22 263 24 263 
51 257 540 78 21 22 263 24 263 
51 257 540 78 21 22 263 24 263 
184 1 15 51 257 185 540 78 21 22 263 24 263 
184 1 15 51 257 185 540 78 21 22 263 24 263 
51 257 540 78 21 22 263 24 263 
1 15 51 257 540 43 78 21 22 263 24 263 
184 1 15 51 257 185 540 78 21 22 263 24 263 
51 257 540 78 21 22 263 24 263 
184 1 15 51 257 185 540 78 21 22 263 24 263 
184 1 15 51 257 185 540 78 21 22 263 24 263 
184 1 15 51 257 185 540 78 21 22 263 24 263 
184 1 15 51 257 185 540 78 21 22 263 24 263 
184 1 15 51 257 185 540 78 21 22 263 24 263 
184 1 15 51 257 185 540 78 21 22 263 24 263 
184 1 15 51 257 185 540 78 21 22 263 24 263 
51 257 540 78 21 22 263 24 263 
51 257 540 78 21 22 263 24 263 
51 257 540 78 21 22 263 68 24 263 
184 1 15 51 257 185 540 78 21 22 263 24 263 
51 257 540 78 21 22 263 24 263 
51 257 540 78 21 22 263 24 263 
51 257 540 78 21 22 263 24 263 
51 257 540 78 21 22 263 24 263 
51 257 540 78 21 22 263 24 263 
51 257 540 78 21 22 263 24 263 
184 1 15 51 257 185 540 78 21 22 263 24 263 
51 257 540 78 21 22 263 24 263 
1 15 51 257 540 43 78 21 22 263 24 263 
51 257 540 78 21 22 263 68 24 263 
184 1 15 51 257 185 540 78 21 22 263 24 263 
51 257 540 78 21 22 263 24 263 
184 1 15 51 257 185 540 78 21 22 263 24 263 
51 257 540 78 21 22 263 24 263 
184 1 15 51 257 185 540 78 21 22 263 68 24 263 
51 257 540 78 21 22 263 68 24 263 
51 257 540 78 21 22 263 24 263 
51 257 540 78 21 22 263 24 263 
51 257 540 78 21 22 263 24 263 
51 257 540 78 21 22 263 24 263 
51 257 540 78 21 22 263 24 263 
184 1 15 51 257 185 540 78 21 22 263 24 263 
51 257 540 78 21 22 99 263 24 362 263 
51 257 540 78 21 22 263 68 24 263 
1 15 51 257 540 43 78 21 22 263 68 24 263 
51 257 540 78 21 22 263 24 263 
51 257 540 78 21 22 263 24 263 
184 1 15 51 257 185 540 78 21 22 263 68 24 263 
51 257 540 78 21 22 263 24 263 
51 257 540 78 21 22 263 24 263 
51 257 540 78 21 22 263 24 263 
1 15 51 257 540 43 78 21 22 263 24 263 
51 257 540 78 21 22 263 68 24 263 
51 257 540 78 21 22 263 68 24 263 
184 1 15 51 257 185 540 78 21 22 263 24 263 
51 257 540 78 21 22 263 24 263 
51 257 540 78 21 22 263 24 263 
51 257 540 78 21 22 263 24 263 
51 257 540 78 21 22 263 24 263 
51 257 540 78 21 22 263 475 24 263 
184 1 15 51 257 185 540 78 21 22 263 24 263 
184 1 15 51 257 185 540 78 21 22 263 24 263 
51 257 540 78 5 21 22 143 8 263 37 144 24 263 
51 257 540 78 21 22 263 24 263 
51 257 540 78 21 22 263 24 263 
51 257 540 78 21 22 263 24 263 
51 136 257 540 42 174 78 21 22 263 24 263 
184 1 15 51 257 185 540 78 21 22 263 24 263 
184 1 15 51 257 185 540 78 21 22 263 24 263 
184 1 15 51 257 185 540 78 21 22 263 24 263 
184 1 15 51 257 185 540 78 21 22 263 24 263 
184 1 15 51 257 185 540 78 21 22 263 24 263 
51 257 540 78 21 22 263 24 263 
51 257 540 78 21 263 24 263 
184 1 15 51 257 185 540 78 21 22 263 24 263 
184 1 15 51 257 185 540 78 21 22 263 24 263 
184 1 15 51 257 185 540 78 21 22 263 24 263 
184 1 15 51 257 185 540 78 21 22 263 24 263 
184 1 15 51 257 185 540 78 21 22 263 24 263 
51 257 540 78 21 22 263 24 263 
51 257 540 78 21 22 263 24 263 
51 257 540 78 21 22 263 24 263 
51 257 540 78 21 22 263 24 263 
51 257 540 78 21 22 263 24 263 
51 257 540 78 21 22 263 24 263 
51 257 540 78 21 22 263 24 263 
51 257 540 78 21 22 263 24 263 
51 257 540 78 21 22 263 24 263 
51 257 540 78 21 22 263 24 263 
51 257 540 78 21 263 24 263 
51 257 540 78 21 22 263 24 263 
51 257 540 78 21 22 263 24 263 
184 1 15 51 257 185 540 78 21 22 263 24 263 