182 136 42 563 5 8 8 
182 136 42 563 5 8 8 
182 136 42 563 5 8 8 
182 136 42 563 5 8 8 
182 136 42 563 5 8 8 
182 136 42 563 5 8 165 8 
182 136 42 563 5 101 8 208 8 
182 136 42 563 5 101 8 208 8 
182 136 42 563 5 8 8 
182 136 42 563 5 8 165 8 
182 136 42 560 563 5 8 8 
182 136 42 563 5 8 8 
182 136 42 563 5 8 8 
182 136 42 563 5 8 8 
182 136 42 563 5 8 8 
182 136 42 563 5 8 8 
182 136 42 563 5 8 8 
182 136 42 563 5 8 8 
182 136 42 563 5 8 8 
182 136 42 563 5 8 8 
570 182 136 42 563 5 8 8 
182 136 42 563 5 8 8 