1 15 16 118 36 118 
1 15 51 16 375 78 5 48 118 6 8 36 118 
1 15 16 5 48 118 6 8 36 118 
1 15 16 5 48 118 6 8 36 118 
1 15 16 5 48 118 6 8 36 118 
1 15 16 118 7 10 11 36 118 
1 15 16 5 118 6 9 36 118 
1 15 16 5 118 6 9 36 118 
1 15 16 5 118 6 9 36 118 
1 15 16 5 118 8 36 118 
1 15 16 118 119 36 118 
1 15 16 118 119 36 118 
1 15 16 5 118 8 36 118 
1 15 16 5 118 8 36 118 
1 15 16 5 118 8 36 118 
1 15 16 118 36 118 
1 15 16 118 218 36 118 
1 15 16 118 218 36 118 
1 184 15 185 16 118 36 118 
1 15 16 118 36 118 
1 15 16 118 36 118 
1 15 16 118 36 118 
1 15 16 118 36 118 
1 15 16 118 142 36 118 
1 15 16 118 142 36 118 
1 15 16 118 142 36 118 
1 15 16 5 118 173 8 36 118 
1 15 16 5 118 173 8 36 118 
1 15 16 5 118 173 8 36 118 
1 15 16 5 118 173 8 36 118 
1 15 16 5 118 173 8 36 118 
1 15 16 5 118 8 12 36 118 
1 15 16 118 36 118 
1 15 16 118 36 118 
1 15 16 118 119 36 118 
1 15 16 118 119 36 118 
1 15 16 118 119 36 118 
1 15 16 5 118 36 118 
1 15 16 5 118 36 118 
1 15 16 5 118 7 8 10 11 12 36 118 
1 15 16 5 118 7 8 10 11 12 36 118 
1 15 16 5 118 8 36 122 123 118 
1 15 16 5 118 8 36 120 118 
1 15 16 118 173 119 36 118 
1 15 16 118 511 36 118 
1 15 16 118 119 36 118 
1 15 16 118 389 390 36 672 118 
1 15 16 118 389 390 36 672 118 
1 15 16 118 389 390 36 672 118 
1 15 16 118 389 390 36 672 118 
1 15 16 118 389 390 36 672 118 
1 15 16 118 389 390 36 672 118 
1 15 16 118 36 118 
1 15 16 118 36 118 
1 15 16 118 36 118 
1 15 16 118 36 118 
1 15 16 118 173 119 36 118 
1 15 16 118 119 36 118 
1 15 16 118 119 36 118 
1 15 16 118 119 36 118 
1 15 16 118 119 36 118 
1 15 16 118 119 36 118 
1 15 16 118 119 36 118 
1 15 16 118 119 36 118 
1 15 16 118 119 36 118 
1 15 16 5 118 143 8 36 144 118 
1 15 16 118 7 11 10 36 118 
1 15 16 118 142 36 118 
1 15 16 5 118 218 8 36 118 
1 15 16 118 119 36 118 
1 15 16 118 119 36 118 
1 15 16 118 119 36 118 
1 15 16 118 119 36 118 
1 15 16 118 119 36 118 
1 15 16 118 119 36 118 
1 15 16 118 36 118 
1 15 16 5 118 6 9 36 118 
1 15 16 118 119 36 118 
1 15 16 118 119 36 118 
1 15 16 118 119 36 118 
1 15 16 118 119 36 118 
1 15 16 5 118 8 36 118 
1 15 16 5 118 8 36 118 
1 15 16 118 36 118 
1 15 16 118 7 10 11 36 118 
1 15 2 16 5 118 8 36 118 
1 15 16 5 118 8 36 118 
1 15 16 118 36 118 
1 15 16 118 36 118 
1 15 16 118 36 118 
1 15 16 118 36 118 
1 15 16 118 119 36 118 
1 15 16 118 119 36 118 
1 15 16 118 36 118 
1 15 16 118 119 36 118 
1 15 16 118 119 36 118 
1 15 16 118 119 36 118 
1 15 16 118 119 36 118 
1 15 16 118 119 36 118 
1 15 16 118 119 36 118 
1 15 16 118 119 36 118 
1 53 54 15 51 16 118 119 36 118 
1 15 16 118 119 36 118 
1 15 16 118 119 36 118 
1 15 16 118 119 36 118 
1 15 16 118 7 11 10 36 118 
1 15 16 5 118 6 9 36 118 
1 15 16 5 118 8 36 118 
1 15 16 5 118 8 36 118 
1 15 16 5 118 8 36 118 
1 15 16 5 118 8 36 118 
1 15 16 5 118 8 36 118 
1 15 16 5 118 8 36 118 
1 15 16 5 118 8 36 118 
1 15 16 5 118 8 36 118 
1 15 16 118 119 36 118 
1 15 16 118 36 130 118 
1 53 54 15 51 16 173 118 36 118 
1 15 16 173 118 36 118 
1 15 16 173 118 36 118 
1 15 16 173 118 36 118 
1 15 16 173 118 36 118 
1 15 16 173 118 36 118 
1 15 16 173 118 36 118 
1 15 16 173 118 36 118 
1 15 16 173 118 36 118 
1 15 16 173 118 36 118 
1 15 16 173 118 36 118 
1 15 16 173 118 36 118 
1 15 16 173 118 36 118 
1 15 16 173 118 36 118 
1 15 16 173 118 36 118 
1 15 16 173 118 36 118 
1 15 16 173 118 36 118 
1 15 16 118 36 118 
1 15 16 118 119 36 118 
1 15 400 401 16 118 119 36 118 
1 15 16 118 119 36 118 
1 15 16 118 119 36 118 
1 15 16 118 119 36 118 
1 15 16 118 173 36 118 
1 15 16 118 173 36 118 
1 15 16 118 36 118 
1 15 16 118 36 118 
1 15 16 118 36 118 
1 15 16 118 36 118 
1 15 16 118 21 22 36 68 24 118 
1 15 16 118 7 10 11 36 118 
1 15 16 118 119 36 118 
1 15 16 118 119 36 118 
1 15 16 118 119 36 118 
1 15 16 118 119 36 118 
1 15 16 118 119 36 118 
1 15 16 118 36 118 
1 15 16 118 36 118 
1 15 16 118 36 118 
1 15 16 118 36 118 
1 15 16 118 36 118 
1 184 15 185 16 118 36 118 
1 15 16 118 36 118 
1 15 16 118 119 36 118 
1 15 16 118 36 118 
1 15 16 118 36 118 
1 15 16 118 36 118 
1 15 16 43 118 119 36 118 
1 15 16 118 119 36 118 
1 15 16 118 119 36 118 
1 15 16 118 119 36 118 
1 15 16 118 119 36 118 
1 15 16 118 119 36 118 
1 15 16 118 119 36 118 
1 15 16 118 119 36 118 
1 15 16 118 119 36 118 
1 15 16 118 119 36 118 
1 15 16 118 119 36 118 
1 15 16 118 119 36 118 
1 15 16 118 119 36 118 
1 15 16 118 119 36 118 
1 15 16 118 119 36 118 
1 15 16 118 119 36 118 
1 15 16 118 119 36 118 
1 15 16 118 119 36 118 
1 15 16 118 119 36 118 
1 15 16 118 119 36 118 
1 15 16 118 119 36 118 
1 184 15 185 16 118 119 36 118 
1 15 16 118 119 36 118 
1 15 16 118 119 36 118 
1 15 16 118 119 36 118 
1 15 16 118 119 36 118 
1 15 16 118 119 36 118 
1 15 16 118 119 36 118 
1 15 16 118 119 36 118 
1 15 16 118 119 36 118 
1 15 16 118 119 36 118 
1 15 16 118 119 36 118 
1 15 16 118 119 36 118 
1 15 16 118 173 36 118 
1 15 16 118 119 36 118 
1 15 16 118 119 36 118 
1 15 16 118 142 36 118 
1 15 16 118 142 36 118 
1 15 16 5 118 6 9 36 118 
1 15 16 118 36 118 
1 15 16 118 36 118 
1 15 16 118 36 118 
1 15 16 118 36 118 
1 15 16 118 36 118 
1 15 16 118 36 118 
1 15 16 5 118 8 36 118 
1 184 15 185 16 5 118 8 36 118 
1 15 16 118 173 36 118 
1 15 16 118 173 36 118 
1 15 16 118 173 36 118 
1 15 16 5 118 8 36 118 
1 15 16 5 118 6 9 36 118 
1 15 16 118 36 584 118 
1 15 16 118 36 118 
1 15 16 118 36 118 
1 15 16 5 118 6 36 118 
1 15 16 118 119 36 118 
1 15 16 118 36 118 
1 15 16 173 118 36 118 
1 15 16 173 118 36 118 
1 15 16 173 118 36 118 
1 15 16 173 118 36 118 
1 15 16 173 118 36 118 
1 15 16 173 118 36 118 
1 15 16 173 118 36 118 
1 15 16 173 118 36 118 
1 15 16 173 118 36 118 
1 15 16 173 118 36 118 
1 15 16 173 118 36 118 
1 15 16 173 118 36 118 
1 15 16 173 118 36 118 
1 15 16 173 118 36 118 
1 15 16 173 118 36 118 
1 15 16 173 118 36 118 
1 15 16 173 118 36 118 
1 15 16 173 118 36 118 
1 15 16 173 118 36 118 
1 15 16 173 118 36 118 
1 15 16 173 118 36 118 
1 15 16 118 21 22 352 99 353 36 100 118 
1 184 15 185 16 118 173 119 36 118 
1 15 16 118 36 118 
1 15 16 118 119 36 118 
1 15 16 118 36 118 
1 15 16 5 118 8 36 118 
1 15 51 16 375 78 5 118 8 36 118 
1 15 16 5 118 8 36 118 
1 54 15 51 16 441 192 5 118 8 36 118 
1 54 15 51 16 222 192 5 118 8 36 118 
1 54 15 51 16 222 192 5 118 8 36 118 
1 15 16 5 118 8 36 118 
1 54 15 51 16 222 192 5 118 8 36 118 
1 54 15 51 16 441 192 5 118 8 36 118 
1 54 15 51 16 222 192 5 118 8 36 118 
1 15 16 5 118 8 36 118 
1 54 15 51 16 222 192 5 118 8 36 118 
1 15 16 5 118 8 36 118 
1 54 15 51 16 222 192 5 118 8 36 118 
1 15 16 42 5 118 8 36 118 
1 15 16 5 118 8 36 118 
1 54 15 51 16 441 192 5 118 8 36 118 
1 15 16 118 173 119 36 118 
1 15 16 118 173 119 36 118 
1 15 16 118 173 119 36 118 
1 15 16 118 173 119 36 118 
1 15 16 5 118 173 8 36 118 
1 15 16 118 173 119 36 118 
1 15 16 5 118 8 119 36 118 
1 184 15 185 16 173 118 36 118 
1 15 16 173 118 36 118 
1 15 16 5 118 173 8 36 118 
1 15 16 118 119 36 118 
1 15 16 118 36 118 
1 15 16 118 36 118 
1 15 16 118 119 36 118 
1 15 16 118 36 122 123 118 
1 15 16 118 36 122 123 118 
1 15 16 5 118 8 36 118 
1 15 16 118 119 36 118 
1 15 16 118 119 36 118 
1 15 16 118 119 36 118 
1 15 16 118 119 36 118 
1 15 16 118 119 36 118 
1 15 16 118 119 36 118 
1 15 16 118 36 118 
1 15 16 118 119 36 118 
1 15 16 118 119 36 118 
1 15 16 118 119 36 118 
1 15 16 118 119 36 118 
1 15 16 173 118 36 118 
1 15 51 16 375 78 118 36 118 
1 15 16 118 36 118 
1 15 16 118 36 118 
1 15 16 118 36 118 
1 15 16 118 36 118 
1 15 16 118 36 118 
1 15 16 118 36 118 
1 15 16 118 36 118 
1 15 16 118 36 118 
1 15 2 16 118 36 118 
1 15 16 118 36 118 
1 15 16 118 36 118 
1 15 16 118 36 118 
1 15 16 118 36 118 
1 15 16 118 36 118 
1 15 16 118 36 118 
1 15 16 118 36 118 
1 15 16 118 36 118 
1 15 16 118 36 118 
1 15 16 118 173 119 36 118 
1 15 16 118 173 119 36 118 
1 15 16 118 119 36 118 
1 15 16 118 119 36 118 
1 15 16 118 119 36 118 
1 15 16 118 119 36 118 
1 15 16 118 36 118 
1 15 16 118 36 118 
1 15 16 118 36 118 
1 53 54 15 51 16 5 118 8 36 118 
1 15 16 5 118 8 36 118 
1 15 16 5 118 8 36 118 
1 15 16 5 118 8 36 118 
1 15 16 5 118 8 36 118 
1 15 16 5 118 254 8 36 118 
1 15 16 5 118 254 8 36 118 
1 15 16 118 36 118 
1 15 16 118 36 118 
1 15 16 118 36 118 
1 15 16 118 36 118 
1 15 16 118 36 118 
1 15 16 118 119 36 118 
1 15 16 118 36 118 
1 15 16 118 36 118 
1 15 16 118 36 118 
1 15 16 118 36 118 
1 15 16 118 36 118 
1 15 16 118 36 118 
1 15 16 118 36 118 
1 15 95 16 96 118 36 118 
1 15 16 118 36 118 
1 15 16 118 36 118 
1 15 16 118 36 118 
1 15 16 118 36 118 
1 15 16 118 36 118 
1 15 16 118 36 118 
1 15 16 118 36 118 
1 15 16 118 36 118 
1 15 16 118 36 118 
1 15 16 118 36 118 
1 15 16 118 36 118 
1 15 16 118 36 118 
1 15 16 118 36 118 
1 184 15 185 16 118 36 118 
1 15 16 118 36 118 
1 15 16 118 36 118 
1 15 16 118 36 118 
1 15 16 118 36 118 
1 15 16 118 36 118 
1 15 16 118 36 118 
1 15 16 118 36 118 
1 15 16 118 36 118 
1 15 16 118 36 118 
1 15 16 118 36 118 
1 15 16 118 36 118 
1 15 16 118 36 118 
1 15 16 118 36 118 
1 15 16 118 36 118 