42 610 133 27 28 21 22 68 24 617 617 
42 610 133 27 28 21 22 68 24 617 617 
42 610 115 116 27 28 21 22 117 617 617 
42 610 5 27 28 6 21 22 68 24 617 617 
74 51 42 77 78 610 27 28 21 22 37 24 617 617 
42 610 81 27 28 21 22 82 68 24 617 617 
42 610 81 27 28 21 22 82 68 24 617 617 
42 610 28 27 21 22 617 617 
42 610 28 27 21 22 617 617 
154 42 610 155 28 27 21 22 617 617 
40 42 610 28 27 21 22 617 617 
42 610 28 27 21 22 617 617 
42 610 28 27 21 22 617 617 
42 610 133 27 28 21 22 68 24 617 617 
42 610 133 27 28 21 22 68 24 617 617 
42 610 133 27 28 21 22 68 24 617 617 
42 610 133 27 28 21 22 68 24 617 617 
42 610 133 27 28 21 22 68 24 617 617 
42 610 133 27 28 21 22 68 24 617 617 
42 610 133 27 28 21 22 68 24 617 617 
42 610 133 27 28 21 22 68 24 617 617 
42 610 133 27 28 21 22 68 24 617 617 
42 610 133 27 28 21 22 68 24 617 617 
42 610 133 27 28 21 22 68 24 617 617 
42 610 133 27 28 21 22 68 24 617 617 
42 610 133 27 28 21 22 68 24 617 617 
42 610 133 27 28 21 22 68 24 617 617 
42 610 133 27 28 21 22 68 24 617 617 
42 610 133 27 28 21 22 68 24 617 617 
42 610 133 27 28 21 22 68 24 617 617 
42 610 133 27 28 21 22 68 24 617 617 
42 610 133 27 28 21 22 68 24 617 617 
42 610 27 28 21 22 68 24 617 617 
42 610 27 28 21 22 68 24 617 617 
42 610 27 28 21 22 68 24 617 617 
42 610 27 28 21 22 68 24 617 617 
42 610 27 28 21 22 68 24 617 617 
42 610 27 28 21 22 68 24 617 617 
42 610 27 28 21 22 68 24 617 617 
42 610 27 28 21 22 68 24 617 617 
42 610 27 28 21 22 68 24 617 617 
42 610 133 27 28 21 22 68 24 617 617 
42 610 5 28 27 21 22 617 617 
42 610 5 28 27 21 22 617 617 
42 610 5 28 27 21 22 617 617 
42 610 5 28 27 21 22 617 617 
42 610 5 28 27 21 22 617 617 
267 457 42 610 5 28 27 21 22 617 617 
42 610 5 28 27 21 22 617 617 
42 610 5 28 27 21 22 617 617 
42 610 5 28 27 21 22 617 617 
1 2 42 610 5 28 27 21 22 617 617 
42 610 5 28 27 21 22 617 617 
42 610 5 28 27 21 22 617 617 
42 610 5 28 27 21 22 617 617 
42 610 5 28 27 21 22 617 617 
42 610 5 28 27 21 22 617 617 
42 610 5 28 27 21 22 617 617 
42 610 5 28 27 21 22 617 617 
42 610 5 28 27 21 22 617 617 
42 610 5 28 27 21 22 617 617 
42 610 5 28 27 21 22 617 617 
42 610 5 28 27 21 22 617 617 
42 610 5 28 27 21 22 617 617 
53 54 51 42 610 5 28 27 21 22 617 617 
42 610 5 28 27 21 22 617 617 
42 610 5 28 27 21 22 617 617 
42 610 5 28 27 21 22 617 617 
42 610 5 28 27 21 22 617 617 
42 610 5 28 27 21 22 617 617 
42 610 5 28 27 21 22 617 617 
42 610 5 28 27 21 22 617 617 
42 610 5 28 27 21 22 617 617 
42 610 5 28 27 21 22 617 617 
42 610 5 28 27 21 22 617 617 
42 610 5 28 27 21 22 617 617 
42 610 5 28 27 21 22 617 617 
42 610 5 28 27 21 22 617 617 
42 610 5 28 27 21 22 617 617 
42 610 5 28 27 21 22 617 617 
42 610 5 28 27 21 22 617 617 
1 2 42 610 5 28 27 21 22 617 617 
1 2 42 610 5 28 27 21 22 617 617 
1 2 42 610 5 28 27 21 22 617 617 
42 610 5 28 27 21 22 617 617 
1 2 42 610 5 28 27 21 22 617 617 
42 610 5 28 27 21 22 617 617 
42 610 5 28 27 21 22 617 617 
42 610 5 28 27 21 22 617 617 
42 610 5 28 27 21 22 617 617 
42 610 5 28 27 21 22 617 617 
42 610 5 28 27 21 22 617 617 
42 610 5 28 27 21 22 617 617 
42 610 5 28 27 21 22 617 617 
42 610 5 28 27 21 22 617 617 
42 610 5 28 27 21 22 617 617 
42 610 5 28 27 21 22 617 617 
42 610 5 28 27 21 22 617 617 
42 610 5 28 27 21 22 617 617 
42 610 5 28 27 21 22 617 617 
42 610 5 28 27 21 22 617 617 
42 610 5 28 27 21 22 617 617 
42 610 5 28 27 21 22 617 617 
42 610 5 28 27 21 22 617 617 
42 610 5 28 27 21 22 617 617 
42 610 5 28 27 21 22 617 617 
42 610 5 28 27 21 22 617 617 
42 610 5 28 27 21 22 617 617 
42 610 5 28 27 21 22 617 617 
1 2 42 610 5 28 27 21 22 617 617 
42 610 5 28 27 21 22 617 617 
42 610 5 28 27 21 22 617 617 
42 610 5 28 27 21 22 617 617 
42 610 5 28 27 21 22 617 617 
42 610 5 28 27 21 22 617 617 
42 610 5 28 27 21 22 617 617 
42 610 5 28 27 21 22 617 617 
42 610 5 28 27 21 22 617 617 
42 610 5 28 27 21 22 617 617 
42 610 5 28 27 21 22 617 617 
42 610 5 28 27 21 22 617 617 
42 610 5 28 27 21 22 617 617 
42 610 5 28 27 21 22 617 617 
42 610 5 28 27 21 22 617 617 
42 610 5 28 27 21 22 617 617 
42 610 5 28 27 21 22 617 617 
42 610 5 28 27 21 22 617 617 
42 610 5 28 27 21 22 617 617 
42 610 5 28 27 21 22 617 617 
42 610 5 28 27 21 22 617 617 
42 610 5 28 27 21 22 617 617 
42 610 5 28 27 21 22 617 617 
42 610 5 28 27 21 22 617 617 
42 610 5 28 27 21 22 617 617 
42 610 5 28 27 21 22 617 617 
42 610 5 28 27 21 22 617 617 
42 610 5 28 27 21 22 617 617 
42 610 5 28 27 21 22 617 617 
42 610 5 28 27 21 22 617 617 
42 610 5 28 27 21 22 617 617 
42 610 5 28 27 21 22 617 617 
42 610 5 28 27 21 22 617 617 
59 128 42 60 610 129 5 28 27 21 22 617 617 
42 610 5 28 27 21 22 617 617 
42 610 5 28 27 21 22 617 617 
42 610 5 28 27 21 22 617 617 
42 610 5 28 27 21 22 617 617 
42 610 5 28 27 21 22 617 617 
42 610 5 28 27 21 22 617 617 
42 610 5 28 27 21 22 617 617 
42 610 5 28 27 21 22 617 617 
42 610 5 28 27 21 22 617 617 
42 610 5 28 27 21 22 617 617 
42 610 5 28 27 21 22 617 617 
42 610 5 28 27 21 22 617 617 
42 610 5 28 27 21 22 617 617 
42 610 5 28 27 21 22 617 617 
42 610 5 28 27 21 22 617 617 
42 610 5 28 27 21 22 617 617 
1 2 42 610 5 28 27 21 22 617 617 
42 610 5 28 27 21 22 617 617 
42 610 5 28 27 21 22 617 617 
42 610 81 27 28 21 22 82 24 617 617 
42 610 81 27 28 21 22 82 24 617 617 
42 610 27 28 609 21 22 117 617 617 
42 610 81 27 28 21 22 82 68 24 617 617 
42 610 81 27 28 21 22 82 68 24 617 617 
42 610 133 27 28 21 22 68 24 617 617 
53 54 51 42 610 256 27 28 21 22 68 24 617 617 
42 610 256 27 28 21 22 68 24 617 617 
42 610 27 28 21 22 68 24 617 617 
42 610 27 28 21 22 68 24 617 617 
42 610 27 28 21 22 68 24 617 617 
42 610 27 28 21 22 68 24 617 617 
42 610 27 28 21 22 68 24 617 617 
42 610 27 28 21 22 68 24 617 617 
145 42 610 133 27 28 21 22 68 24 617 617 
42 610 133 27 28 21 22 68 24 617 617 
42 610 133 27 28 21 22 68 24 617 617 
42 610 133 27 28 21 22 68 24 617 617 
42 610 133 27 28 21 22 68 24 617 617 
42 610 133 27 28 21 22 68 24 617 617 
42 610 133 27 28 21 22 68 24 617 617 
42 610 133 27 28 21 22 68 24 617 617 
42 610 28 27 21 22 617 617 
42 610 28 27 21 22 617 617 
42 610 28 27 21 22 617 617 
42 610 28 27 21 22 617 617 
42 610 28 27 21 22 617 617 
42 610 28 27 21 22 617 617 
42 610 28 27 21 22 617 617 
42 610 28 27 21 22 617 617 
42 610 28 27 21 22 617 617 
42 610 28 27 21 22 617 617 
42 610 28 27 21 22 617 617 
42 610 28 27 21 22 617 617 
42 610 28 27 21 22 617 617 
42 610 28 27 21 22 617 617 
42 610 28 27 21 22 617 617 
42 610 28 27 21 22 617 617 
42 610 28 27 21 22 617 617 
42 610 28 27 21 22 617 617 
42 610 28 27 21 22 617 617 
42 610 28 27 21 22 617 617 
42 610 28 27 21 22 617 617 
42 610 28 27 21 22 617 617 
42 610 28 27 21 22 617 617 
42 610 28 27 21 22 617 617 
42 610 28 27 21 22 617 617 
40 147 42 610 28 27 21 22 617 617 
42 610 28 27 21 22 617 617 
42 610 28 27 21 22 617 617 
42 610 28 27 21 22 617 617 
42 610 28 27 21 22 617 617 
42 610 28 27 21 22 617 617 
42 610 28 27 21 22 617 617 
42 610 28 27 21 22 617 617 
42 610 28 27 21 22 617 617 
42 610 28 27 21 22 617 617 
42 610 28 27 21 22 617 617 
42 610 28 27 21 22 617 617 
42 610 28 27 21 22 617 617 
42 610 28 27 21 22 617 617 
42 610 28 27 21 22 617 617 
74 51 42 77 78 610 27 28 21 22 37 24 617 617 
42 610 133 27 28 21 22 68 24 617 617 
42 610 27 28 21 22 37 24 617 617 
42 610 28 27 21 22 617 617 
42 610 27 28 21 22 24 617 617 
42 610 28 27 21 22 617 617 
42 610 28 27 21 22 617 617 
42 610 28 27 21 22 617 617 
42 610 28 27 21 22 617 617 
42 610 28 27 21 22 617 617 
42 610 28 27 21 22 617 617 
42 610 28 27 21 22 617 617 
136 42 610 174 27 28 21 22 473 11 10 24 617 617 
42 610 28 27 21 22 617 617 
46 1 47 2 42 610 28 27 21 22 617 617 
42 610 28 27 21 22 617 617 
42 610 28 27 21 22 617 617 
42 610 28 27 21 22 617 617 
42 610 28 27 21 254 22 36 255 617 617 
42 610 28 27 21 254 22 36 255 617 617 
42 610 28 27 21 254 22 36 255 617 617 
1 2 42 610 28 27 21 22 617 617 
42 610 28 27 21 22 617 617 
51 42 610 5 27 28 6 21 617 617 
42 610 28 27 21 22 617 617 
42 610 28 27 21 22 617 617 
53 54 51 42 610 5 28 27 21 22 8 617 617 
1 15 42 43 610 28 27 21 22 617 617 
42 610 27 28 21 22 469 617 617 
42 610 81 27 28 21 22 82 24 617 617 
42 610 28 27 21 22 617 617 
42 610 28 27 21 22 617 617 
42 610 133 27 28 21 22 68 24 617 617 
42 610 28 27 21 22 617 617 
42 610 133 27 28 21 22 68 24 617 617 
42 610 133 27 28 21 22 68 24 617 617 
42 610 133 27 28 21 22 68 24 617 617 
42 610 133 27 28 21 22 68 24 617 617 
42 610 133 354 27 28 21 22 68 24 617 617 
42 610 27 28 21 22 68 24 617 617 
42 610 27 28 21 22 469 617 617 
42 610 28 27 21 22 617 617 
42 610 28 27 21 22 617 617 
42 610 28 27 21 22 617 617 
136 42 610 174 28 27 21 22 617 617 
42 610 28 27 21 22 617 617 
136 42 610 174 27 28 21 22 68 24 617 617 
42 610 133 27 28 21 22 68 24 617 617 
42 610 133 27 28 21 22 68 24 617 617 
42 610 133 27 28 21 22 68 24 617 617 
42 610 256 27 28 21 22 617 617 
42 610 28 27 21 22 617 617 
145 42 610 28 27 21 22 617 617 
42 610 28 27 21 22 617 617 
1 2 42 610 28 27 21 22 617 617 
42 610 28 27 21 22 617 617 
42 610 28 27 21 22 617 617 
42 610 28 27 21 22 617 617 
42 610 28 27 21 22 617 617 
42 610 28 27 21 22 617 617 
42 610 28 27 21 22 617 617 
42 610 28 27 21 22 617 617 
42 610 28 27 21 22 617 617 
42 610 28 27 21 22 617 617 
42 610 28 27 21 22 617 617 
42 610 28 27 21 22 617 617 
42 610 28 27 21 22 617 617 
42 610 28 27 21 22 617 617 
42 610 28 27 21 22 617 617 
42 610 27 28 21 22 68 24 617 617 
42 610 27 28 21 22 68 24 617 617 
136 42 610 174 28 27 21 22 617 617 
42 610 28 27 21 22 617 617 
42 610 28 27 21 22 617 617 
42 610 28 27 21 22 617 617 
42 610 28 27 21 22 617 617 
42 610 28 27 21 22 617 617 
42 610 28 27 21 22 617 617 
42 610 28 27 21 22 617 617 
42 610 28 27 21 22 617 617 
42 610 28 27 21 22 617 617 
42 610 28 27 21 22 617 617 
42 610 28 27 21 22 617 617 
42 610 28 27 21 22 617 617 
42 610 28 27 21 22 617 617 
42 610 28 27 21 22 617 617 
42 610 28 27 21 22 617 617 
42 610 28 27 21 22 617 617 
42 610 28 27 21 22 617 617 
42 610 28 27 21 22 617 617 
42 610 28 27 21 22 617 617 
42 610 28 27 21 22 617 617 
42 610 28 27 21 22 617 617 
42 610 28 27 21 22 617 617 
42 610 28 27 21 22 617 617 
42 610 28 27 21 22 617 617 
42 610 28 27 21 22 617 617 
1 2 42 610 28 27 21 22 617 617 
42 610 28 27 21 22 617 617 
42 610 28 27 21 22 617 617 
42 610 28 27 21 22 617 617 
42 610 28 27 21 22 617 617 
42 610 28 27 21 22 617 617 
42 610 28 27 21 22 617 617 
42 610 28 27 21 22 617 617 
42 610 28 27 21 22 617 617 
42 610 28 27 21 22 617 617 
42 610 28 27 21 22 617 617 
42 610 28 27 21 22 617 617 
42 610 28 27 21 22 617 617 
42 610 28 27 21 22 617 617 
42 610 28 27 21 22 617 617 
42 610 28 27 21 22 617 617 
42 610 28 27 21 22 617 617 
42 610 28 27 21 22 617 617 
42 610 28 27 21 22 617 617 
42 610 28 27 21 22 617 617 
42 610 28 27 21 22 617 617 
42 610 28 27 21 22 617 617 
42 610 28 27 21 22 617 617 
42 610 28 27 21 22 617 617 
42 610 28 27 21 22 617 617 
42 610 28 27 21 22 617 617 
42 610 28 27 21 22 617 617 
42 610 28 27 21 22 617 617 
42 610 28 27 21 22 617 617 
42 610 28 27 21 22 617 617 
42 610 28 27 21 22 617 617 
42 610 28 27 21 22 617 617 
42 610 28 27 21 22 617 617 
42 610 28 27 21 22 617 617 
42 610 28 27 21 22 617 617 
42 610 28 27 21 22 617 617 
42 610 28 27 21 22 617 617 
42 610 28 27 21 22 617 617 
42 610 28 27 21 22 617 617 
42 610 28 27 21 22 617 617 
42 610 28 27 21 22 617 617 
42 610 28 27 21 22 617 617 
42 610 28 27 21 22 617 617 
42 610 28 27 21 22 617 617 
42 610 28 27 21 22 617 617 
42 610 28 27 21 22 617 617 
42 610 28 27 21 22 617 617 
42 610 28 27 21 22 617 617 
42 610 28 27 21 22 617 617 
42 610 28 27 21 22 617 617 
42 610 28 27 21 22 617 617 
42 610 28 27 21 22 617 617 
42 610 28 27 21 22 617 617 
42 610 28 27 21 22 617 617 
42 610 28 27 21 22 617 617 
42 610 28 27 21 22 617 617 
42 610 28 27 21 22 617 617 
42 610 28 27 21 22 617 617 
42 610 28 27 21 22 617 617 
42 610 28 27 21 22 617 617 
42 610 28 27 21 22 617 617 
42 610 28 27 21 22 617 617 
42 610 28 27 21 22 617 617 
42 610 28 27 21 22 617 617 
42 610 27 28 21 22 68 24 617 617 
42 610 27 28 21 22 68 24 617 617 
42 610 28 27 21 22 617 617 
42 610 28 27 21 22 617 617 
136 42 610 174 28 27 21 22 617 617 
42 610 28 27 21 22 617 617 
42 610 28 27 21 22 617 617 
42 610 28 27 21 22 617 617 
42 610 28 27 21 22 617 617 
42 610 28 27 21 22 617 617 
42 610 28 27 21 22 617 617 
42 610 28 27 21 22 617 617 
42 610 28 27 21 22 617 617 
42 610 28 27 21 22 617 617 
42 610 28 27 21 22 617 617 
42 610 28 27 21 22 617 617 
42 610 28 27 21 22 617 617 
42 610 28 27 21 22 617 617 
42 610 28 27 21 22 617 617 
42 610 28 27 21 22 617 617 
42 610 28 27 21 22 617 617 
42 610 28 27 21 22 617 617 
42 610 28 27 21 22 617 617 
42 610 28 27 21 22 617 617 
42 610 28 27 21 22 617 617 
136 42 610 174 28 27 21 22 617 617 
42 610 28 27 21 22 617 617 
42 610 28 27 21 22 617 617 
42 610 28 27 21 22 617 617 
42 610 28 27 21 22 617 617 
42 610 28 27 21 22 617 617 
42 610 28 27 21 22 617 617 
42 610 28 27 21 22 617 617 
42 610 28 27 21 22 617 617 
42 610 28 27 21 22 617 617 
42 610 28 27 21 22 617 617 
42 610 28 27 21 22 617 617 
42 610 28 27 21 22 617 617 
42 610 28 27 21 22 617 617 
42 610 28 27 21 22 617 617 
42 610 28 27 21 22 617 617 
42 610 28 27 21 22 617 617 
42 610 28 27 21 22 617 617 
42 610 28 27 21 22 617 617 
42 610 28 27 21 22 617 617 
42 610 28 27 21 22 617 617 
42 610 28 27 21 22 617 617 
42 610 28 27 21 22 617 617 
1 2 42 610 28 27 21 22 617 617 
42 610 28 27 21 22 617 617 
42 610 28 27 21 22 617 617 
42 610 28 27 21 22 617 617 
42 610 28 27 21 22 617 617 
42 610 28 27 21 22 617 617 
42 610 27 28 21 22 68 24 617 617 
42 610 27 28 21 22 68 24 617 617 
1 2 42 610 28 27 21 22 617 617 
42 610 28 27 21 22 617 617 
42 610 28 27 21 22 617 617 
42 610 28 27 21 22 617 617 
42 610 27 28 21 22 68 24 617 617 
42 610 28 27 21 22 617 617 
42 610 28 27 21 22 617 617 
42 610 28 27 21 22 617 617 
136 42 610 174 28 27 21 22 617 617 
42 610 28 27 21 22 617 617 
42 610 28 27 21 22 617 617 
42 610 28 27 21 22 617 617 
42 610 28 27 21 22 617 617 
42 610 28 27 21 22 617 617 
42 610 28 27 21 22 617 617 
42 610 28 27 21 22 617 617 
42 610 28 27 21 22 617 617 
42 610 28 27 21 22 617 617 
42 610 28 27 21 22 617 617 
42 610 28 109 27 21 22 617 80 110 617 
42 610 28 109 27 21 22 617 80 110 617 
42 610 28 109 27 21 22 617 80 110 617 
42 610 133 27 28 21 22 68 24 617 617 
42 610 28 27 21 22 617 617 
42 610 28 27 21 22 617 617 
42 610 28 27 21 22 617 617 
42 610 28 27 21 22 617 617 
42 610 28 27 21 22 617 617 
42 610 28 27 21 22 617 617 
42 610 28 27 21 22 617 617 
42 610 28 27 21 22 617 617 
42 610 28 27 21 22 617 617 
42 610 28 27 21 22 617 617 
1 2 42 610 28 27 21 22 617 617 
42 610 28 27 21 22 617 617 
42 610 28 27 21 22 617 617 
42 610 73 28 27 21 22 617 617 
42 610 28 27 21 22 617 617 
42 610 28 27 21 22 617 617 
1 2 42 610 28 27 21 22 617 617 
42 610 28 27 21 22 617 617 
42 610 28 27 21 22 617 617 
42 610 28 27 21 22 617 617 
42 610 28 27 21 22 617 617 
42 610 28 27 21 22 617 617 
42 610 28 27 21 22 617 617 
42 610 28 27 21 22 617 617 
42 610 28 27 21 22 617 617 
42 610 28 27 21 22 617 617 
42 610 28 27 21 22 617 617 
42 610 28 27 21 22 617 617 
42 610 28 27 21 22 617 617 
42 610 28 27 21 22 617 617 
42 610 28 27 21 22 617 617 
42 610 28 27 21 22 617 617 
42 610 28 27 21 22 617 617 
42 610 28 27 21 22 617 617 
42 610 28 27 21 22 617 617 
42 610 28 27 21 22 617 617 
42 610 28 27 21 22 617 617 
42 610 28 27 21 22 617 617 
42 610 28 27 21 22 617 617 
42 610 28 27 21 22 617 617 
42 610 28 27 21 22 617 617 
42 610 28 27 21 22 617 617 
42 610 28 27 21 22 617 617 
42 610 28 27 21 22 617 617 
42 610 28 27 21 22 617 617 
42 610 28 27 21 22 617 617 
42 610 28 27 21 22 617 617 
42 610 28 27 21 22 617 617 
42 610 28 27 21 22 617 617 
42 610 28 27 21 22 617 617 
42 610 28 27 21 22 617 617 
42 610 28 27 21 22 617 617 
42 610 28 27 21 22 617 617 
42 610 28 27 21 22 617 617 
42 610 28 27 21 22 617 617 
42 610 28 27 21 22 617 617 
42 610 28 27 21 22 617 617 
42 610 28 27 21 22 617 617 
42 610 28 27 21 22 617 617 
42 610 28 27 21 22 617 617 
42 610 28 27 21 22 617 617 
42 610 28 27 21 22 617 617 
42 610 28 27 21 22 617 617 
42 610 28 27 21 22 617 617 
42 610 28 27 21 22 617 617 
42 610 28 27 21 22 617 617 
42 610 28 27 21 22 617 617 
42 610 28 27 21 22 617 617 
42 610 28 27 21 22 617 617 
42 610 28 27 21 22 617 617 
74 51 42 77 78 610 27 28 21 22 37 24 617 617 
42 610 28 27 21 22 436 617 617 
42 610 28 27 21 22 68 24 617 617 
53 54 51 42 610 28 27 21 22 68 24 617 617 
184 1 15 185 42 610 28 27 21 22 68 24 617 617 
184 1 15 185 42 610 28 27 21 22 68 24 617 617 
42 610 28 27 21 22 68 24 617 617 
136 42 610 174 27 28 21 22 37 68 24 617 617 
42 610 133 27 28 21 22 68 24 617 617 
42 610 133 27 28 21 22 68 24 617 617 
42 610 133 27 28 21 22 68 24 617 617 
136 42 610 174 27 28 21 22 68 24 617 617 
42 610 27 28 21 22 68 24 617 617 
42 610 27 28 21 22 68 24 617 617 
42 610 27 28 21 22 68 24 617 617 
42 610 27 28 21 22 68 24 617 617 
42 610 27 28 21 22 68 24 617 617 
42 610 27 28 21 22 68 24 617 617 
42 610 28 27 21 22 617 617 
42 610 28 27 21 22 617 617 
42 610 5 28 27 21 22 617 617 
42 610 5 28 27 21 22 617 617 
1 2 42 610 5 28 27 21 22 617 617 
42 610 5 28 27 21 22 617 617 
42 610 5 28 27 21 22 617 617 
42 610 5 28 27 21 22 617 617 
42 610 5 28 27 21 22 617 617 
42 610 27 28 21 22 68 24 617 617 
42 610 28 27 21 22 617 617 
42 610 28 27 21 509 22 617 617 
42 610 28 27 21 509 22 617 617 
1 2 42 610 28 27 21 509 22 617 617 
42 610 28 27 21 22 617 617 
42 610 28 27 21 22 617 617 
42 610 28 27 21 22 617 617 
42 610 28 27 21 22 617 617 
42 610 27 28 21 22 475 617 617 
42 610 27 28 21 22 68 24 617 617 
42 610 28 27 21 22 617 617 
42 610 28 27 21 22 617 617 
42 610 28 27 21 22 617 617 
42 610 28 27 21 22 617 617 
42 610 28 27 21 22 617 617 
42 610 28 27 21 22 617 617 
42 610 28 27 21 22 617 617 
136 42 610 174 28 27 21 22 617 617 
136 42 610 174 28 27 21 22 617 617 
42 610 28 27 21 22 617 617 
42 610 28 27 21 22 617 617 
42 610 28 27 21 22 617 617 
42 610 28 27 21 22 617 617 
42 610 28 27 21 22 617 617 
42 610 28 27 21 22 617 617 
42 610 28 27 21 22 617 617 
42 610 28 27 21 22 617 617 
42 610 28 27 21 22 617 617 
42 610 28 27 21 22 617 617 
42 610 28 27 21 22 617 617 
42 610 28 27 21 22 617 617 
42 610 28 27 21 22 617 617 
42 610 28 27 21 22 617 617 
42 610 28 27 21 22 617 617 
42 610 28 27 21 22 617 617 
42 610 28 27 21 22 617 617 
42 610 28 27 21 22 617 617 
42 610 28 27 21 22 617 617 
42 610 28 27 21 22 617 617 
42 610 28 27 21 22 617 617 
42 610 28 27 21 22 617 617 
42 610 28 27 21 22 617 617 
42 610 28 27 21 22 617 617 
42 610 28 27 21 22 617 617 
42 610 28 27 21 22 617 617 
42 610 28 27 21 22 617 617 
42 610 28 27 21 22 617 617 
42 610 28 27 21 22 617 617 
42 610 28 27 21 22 617 617 
42 610 28 27 21 22 617 617 
1 2 42 610 28 27 21 22 617 617 
42 610 28 27 21 22 617 617 
42 610 28 27 21 22 617 617 
42 610 28 27 21 22 617 617 
42 610 28 27 21 22 617 617 
42 610 28 27 21 22 617 617 
42 610 28 27 21 22 617 617 
42 610 28 27 21 22 617 617 
42 610 28 27 21 22 617 617 
42 610 28 27 21 22 617 617 
42 610 28 27 21 22 617 617 
42 610 28 27 21 22 617 617 
42 610 28 27 21 22 617 617 
42 610 28 27 21 22 617 617 
42 610 28 27 21 22 617 617 
42 610 28 27 21 22 617 617 
42 610 28 27 21 22 617 617 
42 610 28 27 21 22 617 617 
136 42 610 174 28 27 21 22 617 617 
42 610 28 27 21 22 617 617 
42 610 28 27 21 22 617 617 
42 610 28 27 21 22 617 617 
42 610 28 27 21 22 617 617 
42 610 28 27 21 22 617 617 
42 610 28 27 21 22 617 617 
42 610 28 27 21 22 617 617 
42 610 28 27 21 22 617 617 
42 610 28 27 21 22 617 617 
42 610 28 27 21 22 617 617 
74 51 42 77 78 610 28 27 21 22 617 617 
42 610 28 27 21 22 617 617 
1 637 127 2 42 610 28 27 21 22 617 617 
42 610 28 27 21 22 617 617 
42 610 28 27 21 22 617 617 
42 610 28 27 21 22 617 617 
136 42 610 174 28 27 21 22 617 617 
42 610 28 27 21 22 617 617 
42 610 28 27 21 22 617 617 
42 610 28 27 21 22 617 617 
42 610 28 27 21 22 617 617 
42 610 28 27 21 22 617 617 
42 610 28 27 21 22 617 617 
42 610 28 27 21 22 617 617 
42 610 28 27 21 22 617 617 
42 610 28 27 21 22 617 617 
42 610 28 27 21 22 617 617 
42 610 28 27 21 22 617 617 
42 610 28 27 21 22 617 617 
42 610 28 27 21 22 617 617 
42 610 28 27 21 22 617 617 
42 610 28 27 21 22 617 617 
42 610 28 27 21 22 617 617 
42 610 28 27 21 22 617 617 
42 610 28 27 21 22 617 617 
42 610 28 27 21 22 617 617 
42 610 28 27 21 22 617 617 
42 610 28 27 21 22 617 617 
42 610 28 27 21 22 617 617 
42 610 28 27 21 22 617 617 
42 610 28 27 21 22 617 617 
42 610 28 27 21 22 617 617 
42 610 28 27 21 22 617 617 
42 610 28 27 21 22 617 617 
42 610 28 27 21 22 617 617 
42 610 28 27 21 22 617 617 
42 610 28 27 21 22 617 617 
42 610 28 27 21 22 617 617 
74 51 42 77 78 610 28 27 21 22 617 617 
42 610 28 27 21 22 617 617 
42 610 28 27 21 22 617 617 
42 610 28 27 21 22 617 617 
42 610 28 27 21 22 617 617 
42 610 28 27 21 22 617 617 
42 610 28 27 21 22 617 617 
1 2 42 610 28 27 21 22 617 617 
42 610 28 27 21 22 617 617 
42 610 28 27 21 22 617 617 
42 610 28 27 21 22 617 617 
40 147 42 610 28 27 21 22 617 617 
42 610 28 27 21 22 617 617 
42 610 28 27 21 22 617 617 
42 610 28 27 21 22 617 617 
42 610 28 27 21 22 617 617 
42 610 28 27 21 22 617 617 
42 610 28 27 21 22 617 617 
42 610 28 27 21 22 617 617 
42 610 28 27 21 22 617 617 
42 610 28 27 21 22 617 617 
42 610 28 27 21 22 617 617 
42 610 28 27 21 22 617 617 
42 610 28 27 21 22 617 617 
42 610 28 27 21 22 617 617 
42 610 28 27 21 22 617 617 
42 610 28 27 21 22 617 617 
42 610 28 27 21 22 617 617 
42 610 28 27 21 22 617 617 
42 610 28 27 21 22 617 617 
42 610 28 27 21 22 617 617 
42 610 28 27 21 22 617 617 
42 610 28 27 21 22 617 617 
42 610 28 27 21 22 617 617 
42 610 28 27 21 22 617 617 
42 610 28 27 21 22 617 617 
42 610 28 27 21 22 617 617 
42 610 28 27 21 22 617 617 
42 610 28 27 21 22 617 617 
42 610 28 27 21 22 617 617 
42 610 28 27 21 22 617 617 
42 610 28 27 21 22 617 617 
42 610 28 27 21 22 617 617 
42 610 28 27 21 22 617 617 
42 610 28 27 21 22 617 617 
42 610 28 27 21 22 617 617 
42 610 28 27 21 22 617 617 
42 610 28 27 21 22 617 617 
42 610 28 27 21 22 617 617 
42 610 28 27 21 22 617 617 
42 610 28 27 21 22 617 617 
42 610 28 27 21 22 617 617 
42 610 28 27 21 22 617 617 
42 610 28 27 21 22 617 617 
42 610 28 27 21 22 617 617 
42 610 28 27 21 22 617 617 
42 610 28 27 21 22 617 617 
42 610 28 27 21 22 617 617 
42 610 28 27 21 22 617 617 
40 42 610 28 27 21 22 617 617 
42 610 28 27 21 22 617 617 
38 42 610 27 28 21 22 68 24 617 617 
42 610 28 27 21 22 617 617 
42 610 28 27 21 22 617 617 
42 610 28 27 21 22 617 617 
42 610 28 27 21 22 617 617 
42 610 28 27 21 22 617 617 
42 610 28 27 21 22 617 617 
42 610 28 27 21 22 617 617 
42 610 28 27 21 22 617 617 
42 610 28 27 21 22 617 617 
42 610 28 27 21 22 617 617 
42 610 28 27 21 22 617 617 
42 610 28 27 21 22 617 617 
42 610 133 27 28 21 22 68 24 617 617 
42 610 28 27 21 22 617 496 617 
42 610 28 27 21 22 617 496 617 
42 610 28 27 21 22 617 496 617 
42 610 28 27 21 22 617 496 617 
42 610 28 27 21 22 617 496 617 
42 610 28 27 21 22 617 496 617 
42 610 28 27 21 22 617 496 617 
42 610 28 27 21 22 617 496 617 
42 610 28 27 21 22 617 496 617 
42 610 28 27 21 22 617 496 617 
51 42 375 610 78 28 27 21 22 617 496 617 
42 610 28 27 21 22 617 496 617 
42 610 28 27 21 22 617 496 617 
1 2 42 610 28 27 21 22 617 496 617 
42 610 28 27 21 22 617 496 617 
42 610 28 27 21 22 617 496 617 
42 610 28 27 21 22 617 496 617 
42 610 28 27 21 22 617 496 617 
42 610 91 5 28 27 6 21 22 92 617 617 
145 42 610 91 5 28 27 6 21 22 92 617 617 
136 42 610 174 28 27 21 22 617 496 617 
42 610 28 27 21 22 617 496 617 
42 610 28 27 21 22 617 496 617 
42 610 28 27 21 22 617 496 617 
51 42 610 28 27 21 22 617 496 617 
42 610 5 62 28 27 6 21 22 63 23 617 617 
42 610 5 62 28 27 6 21 22 63 23 617 617 
42 610 5 62 28 27 6 21 22 63 23 617 617 
42 610 5 62 28 27 6 21 22 63 23 617 617 
42 610 5 62 28 27 6 21 22 63 23 617 617 
42 610 5 62 28 27 6 21 22 63 23 617 617 
42 610 5 62 28 27 6 21 22 63 23 617 617 
42 610 5 62 28 27 6 21 22 63 23 617 617 
42 610 5 62 28 27 6 21 22 63 23 617 617 
42 610 5 62 28 27 6 21 22 63 23 617 617 
42 610 5 62 28 27 6 21 22 63 23 617 617 
42 610 5 62 28 27 6 21 22 63 23 617 617 
42 610 5 62 28 27 6 21 22 63 23 617 617 
42 610 5 62 28 27 6 21 22 63 23 617 617 
42 610 5 62 28 27 6 21 22 63 23 617 617 
42 610 5 62 28 27 6 21 22 63 23 617 617 
42 610 5 62 28 27 6 21 22 63 23 617 617 
42 610 5 62 28 27 6 21 22 63 23 617 617 
42 610 5 62 28 27 6 21 22 63 23 617 617 
42 610 5 62 28 27 6 21 22 63 23 617 617 
42 610 5 62 28 27 6 21 22 63 23 617 617 
42 610 5 62 28 27 6 21 22 63 23 617 617 
42 610 5 62 28 27 6 21 22 63 23 617 617 
42 610 5 62 28 27 6 21 22 63 23 617 617 
42 610 5 62 28 27 6 21 22 63 23 617 617 
136 42 610 174 5 62 28 27 6 21 22 63 23 617 617 
42 610 5 28 27 21 22 617 617 
42 610 5 28 27 21 22 617 617 
42 610 5 28 27 21 22 617 617 
42 610 5 28 27 21 22 617 617 
1 15 42 610 5 28 27 21 22 617 617 
42 610 5 28 27 21 22 617 617 
42 610 5 28 27 21 22 617 617 
42 610 5 27 28 21 22 143 8 144 24 617 617 
42 610 28 27 21 22 617 617 
42 610 28 27 21 22 617 617 
42 610 28 27 21 22 617 617 
42 610 28 27 21 22 617 617 
42 610 28 27 21 22 617 617 
42 610 28 27 21 22 617 617 
42 610 28 27 21 22 617 617 
42 610 28 27 21 22 617 617 
42 610 28 27 21 22 617 617 
42 610 28 27 21 22 617 617 
136 42 610 174 28 27 21 22 617 617 
42 610 28 27 21 22 617 617 
42 610 28 27 21 22 617 617 
42 610 28 27 21 22 617 617 
42 610 28 27 21 22 617 617 
42 610 28 27 21 22 617 617 
145 42 610 28 27 21 22 617 617 
42 610 28 27 21 22 617 617 
42 610 28 27 21 22 617 617 
42 610 28 27 21 22 617 617 
42 610 28 27 21 22 617 617 
42 610 28 27 21 22 617 617 
42 610 28 27 21 22 617 617 
42 610 27 28 21 22 68 24 617 617 
42 610 133 27 28 21 22 68 24 617 617 
42 610 28 27 21 22 99 617 362 617 
42 610 28 27 21 22 99 617 362 617 
42 610 27 28 21 22 263 24 617 617 
42 610 28 27 21 22 617 617 
42 610 28 27 21 22 617 617 
42 610 28 27 21 22 617 617 
42 610 28 27 21 22 617 617 
42 610 28 27 21 22 617 617 
42 610 28 27 21 22 617 617 
42 610 28 27 21 22 617 617 
42 610 28 27 21 22 617 617 
42 610 28 27 21 22 617 617 
42 610 28 27 21 22 617 617 
42 610 28 27 21 22 617 617 
42 610 28 27 21 22 617 617 
42 610 28 27 21 22 617 617 
42 610 28 27 21 22 617 617 
42 610 28 27 21 22 617 617 
42 610 28 27 21 22 617 617 
42 610 28 27 21 22 617 617 
42 610 28 27 21 22 617 617 
42 610 28 27 21 22 617 617 
42 610 28 27 21 22 617 617 
42 610 28 27 21 22 617 617 
42 610 28 27 21 22 617 617 
42 610 28 27 21 22 617 617 
42 610 28 27 21 22 617 617 
40 42 610 28 27 21 22 617 617 
42 610 28 27 21 22 617 617 
42 610 28 27 21 22 617 617 
42 610 28 27 21 22 617 617 
184 1 15 185 42 610 28 27 21 22 617 617 
42 610 28 27 21 22 617 617 
42 610 27 28 21 22 68 24 617 617 
42 610 28 27 21 22 617 617 
42 610 28 27 21 22 617 617 
42 610 28 27 21 22 617 617 
42 610 5 62 28 27 6 21 22 63 617 617 
42 610 28 27 21 22 617 617 
42 610 28 27 21 22 617 617 
42 610 28 27 21 22 617 617 
42 610 28 27 21 22 617 617 
42 610 28 27 21 22 617 617 
184 1 15 185 42 610 28 27 21 22 617 617 
42 610 28 27 21 22 617 617 
42 610 28 27 21 22 617 617 
1 2 42 610 28 27 21 22 617 617 
42 610 28 27 21 22 617 617 
42 610 28 27 21 22 617 617 
42 610 28 27 21 22 617 617 
42 610 28 27 21 22 617 617 
42 610 28 27 21 22 617 617 
42 610 28 27 21 22 617 617 
42 610 28 27 21 22 617 617 
42 610 28 27 21 22 617 617 
42 610 28 27 21 22 617 617 
42 610 28 27 21 22 617 617 
42 610 28 27 21 22 617 617 
42 610 28 27 21 22 617 617 
74 51 42 77 78 610 28 27 21 22 617 617 
42 610 28 27 21 22 617 617 
42 610 28 27 21 22 617 617 
42 610 28 27 21 22 617 617 
42 610 28 27 21 22 617 617 
42 610 28 27 21 22 617 617 
42 610 28 27 21 22 617 617 
42 610 28 27 21 22 617 617 
42 610 28 27 21 22 617 617 
42 610 28 27 21 22 617 617 
42 610 28 27 21 22 617 617 
42 610 28 27 21 22 617 617 
145 42 610 28 27 21 22 617 617 
1 2 42 610 28 27 21 22 617 617 
42 610 27 28 21 22 24 617 617 
42 610 5 28 27 21 22 8 617 617 
42 610 5 28 27 21 22 8 617 617 
42 610 5 28 27 21 22 8 617 617 
42 610 5 28 27 21 22 8 617 617 
42 610 28 27 21 22 617 617 
42 610 256 27 28 21 22 617 617 
145 42 610 28 27 21 22 617 617 
42 610 28 27 21 22 617 617 
42 610 28 27 21 22 617 617 
42 610 28 27 21 22 617 617 
42 610 28 27 21 22 617 617 
42 610 28 27 21 22 617 617 
42 610 28 27 21 22 617 617 
42 610 28 27 21 22 617 617 
42 610 28 27 21 22 617 617 
42 610 28 27 21 22 617 617 
42 610 28 27 21 22 617 617 
42 610 28 27 21 22 617 617 
42 610 28 27 21 22 617 617 
42 610 28 27 21 22 617 617 
42 610 28 27 21 22 617 617 
42 610 28 27 21 22 617 617 
42 610 28 27 21 22 617 617 
42 610 28 27 21 22 617 617 
42 610 28 27 21 22 617 617 
42 610 28 27 21 22 617 617 
42 610 28 27 21 22 617 617 
42 610 28 27 21 22 617 617 
42 610 28 27 21 22 617 617 
42 610 28 27 21 22 617 617 
42 610 28 27 21 22 617 617 
42 610 28 27 21 22 617 617 
42 610 28 27 21 22 617 617 
42 610 28 27 21 22 617 617 
42 610 28 27 21 22 617 617 
42 610 28 27 21 22 617 617 
42 610 28 27 21 22 617 617 
42 610 28 27 21 22 617 617 
42 610 28 27 21 22 617 617 
42 610 28 27 21 22 617 617 
42 610 28 27 21 22 617 617 
42 610 28 27 21 22 617 617 
42 610 28 27 21 22 617 617 
42 610 28 27 21 22 617 617 
42 610 28 27 21 22 617 617 
42 610 28 27 21 22 617 617 
42 610 28 27 21 22 617 617 
42 610 28 27 21 22 617 617 
42 610 28 27 21 22 617 617 
42 610 28 27 21 22 617 617 
42 610 28 27 21 22 617 617 
42 610 28 27 21 22 617 617 
42 610 28 27 21 22 617 617 
42 610 28 27 21 22 617 617 
42 610 28 27 21 22 617 617 
42 610 28 27 21 22 617 617 
42 610 28 27 21 22 617 617 
42 610 28 27 21 22 617 617 
42 610 28 27 21 22 617 617 
42 610 28 27 21 22 617 617 
42 610 28 27 21 22 617 617 
42 610 28 27 21 22 617 617 
42 610 28 27 21 22 617 617 
42 610 28 27 21 22 617 617 
42 610 28 27 21 22 617 617 
1 2 42 610 28 27 21 22 617 617 
42 610 28 27 21 22 617 617 
42 610 28 27 21 22 617 617 
42 610 28 27 21 22 617 617 
42 610 28 27 21 22 617 617 
42 610 28 27 21 22 617 617 
42 610 28 27 21 22 617 617 
42 610 28 27 21 22 617 617 
42 610 28 27 21 22 617 617 
42 610 28 27 21 22 617 617 
42 610 28 27 21 22 617 617 
42 610 28 27 21 22 617 617 
42 610 28 27 21 22 617 617 
42 610 28 27 21 22 617 617 
42 610 28 27 21 22 617 617 
42 610 28 27 21 22 617 617 
42 610 28 27 21 22 617 617 
42 610 28 27 21 22 617 617 
42 610 28 27 21 22 617 617 
42 610 28 27 21 22 617 617 
42 610 28 27 21 22 617 617 
42 610 28 27 21 22 617 617 
42 610 28 27 21 22 617 617 
42 610 28 27 21 22 617 617 
42 610 28 27 21 22 617 617 
42 610 28 27 21 22 617 617 
42 610 28 27 21 22 617 617 
42 610 28 27 21 22 617 617 
42 610 28 27 21 22 617 617 
42 610 28 27 21 22 617 617 
42 610 28 27 21 22 617 617 
42 610 28 27 21 22 617 617 
42 610 28 27 21 22 617 617 
42 610 28 27 21 22 617 617 
42 610 28 27 21 22 617 617 
42 610 28 27 21 22 617 617 
42 610 28 27 21 22 617 617 
42 610 28 27 21 22 617 617 
42 610 28 27 21 22 617 617 
42 610 28 27 21 22 617 617 
42 610 28 27 21 22 68 24 617 617 
42 610 28 27 21 22 617 617 
42 610 28 27 21 22 617 617 
42 610 28 27 21 22 617 617 
42 610 28 27 21 22 617 617 
42 610 28 27 21 22 617 617 
42 610 28 27 21 22 617 617 
51 42 610 28 27 21 22 617 617 
42 610 28 27 21 22 617 617 
42 610 28 27 21 22 617 617 
42 610 28 27 21 22 617 617 
42 610 28 27 21 22 617 617 
42 610 28 27 21 22 617 617 
42 610 28 27 21 22 617 617 
42 610 28 27 21 22 617 617 
42 610 28 27 21 22 617 617 
42 610 28 27 21 22 617 617 
42 610 28 27 21 22 617 617 
42 610 256 27 28 21 22 617 617 
42 610 256 27 28 21 22 617 617 
42 610 5 27 28 6 21 63 64 617 617 
42 610 171 5 28 27 21 22 162 8 172 617 617 
42 610 28 27 21 22 617 617 
42 610 28 27 21 22 617 617 
42 610 28 27 21 22 617 617 
42 610 28 27 21 22 617 617 
42 610 28 27 21 22 617 617 
42 610 28 27 21 22 617 617 
42 610 28 27 21 22 617 617 
42 610 28 27 21 22 617 617 
42 610 5 27 28 21 22 8 617 617 
42 610 28 27 21 22 617 617 
42 610 28 27 21 22 617 617 
42 610 28 27 21 22 617 617 
1 2 42 610 28 27 21 22 617 617 
42 610 28 27 21 22 106 617 508 617 
42 610 28 27 21 22 617 617 
1 2 42 610 28 27 21 22 617 617 
42 610 28 27 21 22 617 617 
42 610 28 27 21 22 617 617 
42 610 28 27 21 22 617 617 
42 610 28 27 21 22 617 617 
42 610 28 27 21 22 617 617 
42 610 28 27 21 22 617 617 
42 610 28 27 21 22 617 617 
42 610 28 27 21 22 617 617 
42 610 28 27 21 22 617 617 
42 610 27 28 21 22 469 617 617 
42 610 28 27 21 22 617 617 
42 610 28 27 21 22 617 617 
42 610 28 27 21 22 617 617 
42 610 28 27 21 22 617 617 
42 610 28 27 21 22 617 617 
42 610 28 27 21 22 617 617 
42 610 28 27 21 22 617 617 
42 610 28 27 21 22 617 617 
42 610 28 27 21 22 617 617 
42 610 28 27 21 22 617 617 
42 610 28 27 21 22 617 617 
42 610 28 27 21 22 617 617 
42 610 28 27 21 22 617 617 
42 610 28 27 21 22 617 617 
42 610 28 27 21 22 617 617 
42 610 28 27 21 22 617 617 
42 610 28 27 21 22 617 617 
42 610 28 27 21 22 617 617 
42 610 28 27 21 22 617 617 
42 610 28 27 21 22 617 617 
145 42 610 28 27 21 22 617 617 
42 610 28 27 21 22 617 617 
42 610 28 27 21 22 617 617 
42 610 28 27 21 22 617 617 
42 610 27 28 21 22 68 24 617 617 
42 610 28 27 21 22 617 617 
42 610 28 27 21 22 617 617 
42 610 28 27 21 22 617 617 
42 610 28 27 21 22 617 617 
42 610 28 27 21 22 617 617 
42 610 28 27 21 22 617 617 
42 610 28 27 21 22 617 617 
42 610 28 27 21 22 617 617 
42 610 28 27 21 22 617 617 
42 610 28 27 21 22 617 617 
42 610 28 27 21 22 617 617 
42 610 28 27 21 22 617 617 
42 610 28 27 21 22 617 617 
42 610 28 27 21 22 617 617 
1 2 42 610 28 27 21 22 617 617 
1 2 42 610 28 27 21 22 617 617 
42 610 28 27 21 22 617 617 
42 610 28 27 21 22 617 617 
42 610 28 27 21 22 617 617 
42 610 28 27 21 22 617 617 
42 610 28 27 21 22 617 617 
42 610 28 27 21 22 617 617 
42 610 28 27 21 22 617 617 
42 610 28 27 21 22 617 617 
42 610 28 27 21 22 617 617 
42 610 28 27 21 22 617 617 
42 610 28 27 21 22 617 617 
42 610 28 27 21 22 617 617 
42 610 28 27 21 22 617 617 
42 610 28 27 21 22 617 617 
42 610 28 27 21 22 617 617 
42 610 28 27 21 22 617 617 
42 610 28 27 21 22 617 617 
42 610 28 27 21 22 617 617 
42 610 27 28 21 22 24 617 617 
42 610 28 27 21 22 617 617 
42 610 28 27 21 22 617 617 
42 610 28 27 21 22 617 617 
42 610 28 27 21 22 617 617 
42 610 28 27 21 22 617 617 
42 610 28 27 21 22 617 617 
42 610 28 27 21 22 617 617 
42 610 28 27 21 22 617 617 
42 610 28 27 21 22 617 617 
42 610 5 62 28 27 6 21 22 63 617 617 
42 610 28 27 21 22 617 617 
42 610 28 27 21 22 617 617 
42 610 28 27 21 22 617 617 
42 610 28 27 21 22 617 617 
42 610 28 27 21 22 617 617 
42 610 28 27 21 22 617 617 
42 610 28 27 21 22 617 617 
42 610 28 27 21 22 617 617 
42 610 28 27 21 22 617 617 
42 610 28 27 21 22 617 617 
42 610 28 27 21 22 617 617 
42 610 28 27 21 22 617 617 
42 610 28 27 21 22 617 617 
42 610 28 27 21 22 617 617 
42 610 28 27 21 22 617 617 
42 610 28 27 21 22 617 617 
42 610 28 27 21 22 617 617 
42 610 28 27 21 254 22 36 255 617 617 
51 42 610 28 27 21 22 617 496 617 
42 610 28 27 21 22 617 617 
42 610 28 27 21 22 617 617 
267 457 42 610 28 27 21 22 617 617 
42 610 28 27 21 22 617 617 
136 42 610 174 28 27 21 22 617 617 
42 610 28 27 21 22 617 617 
42 610 28 27 21 22 617 617 
42 610 28 27 21 22 617 496 617 
42 610 28 27 21 22 617 496 617 
1 2 42 610 28 27 21 22 617 617 
42 610 28 27 21 22 617 617 
42 610 28 27 21 22 617 617 
42 610 28 27 21 22 617 617 
42 610 28 27 21 22 617 617 
1 2 42 610 28 27 21 22 617 617 
42 610 28 27 21 254 22 36 255 617 617 
42 610 28 27 21 254 22 36 255 617 617 
42 610 28 27 21 254 22 36 255 617 617 
42 610 28 27 21 254 22 36 255 617 617 
145 42 610 28 27 21 254 22 36 255 617 617 
42 610 28 27 21 22 617 617 
42 610 28 27 21 22 617 617 
42 610 28 27 21 22 617 617 
42 610 28 27 21 22 617 617 
42 610 28 27 21 22 617 617 
42 610 28 27 21 22 617 617 
42 610 28 27 21 22 617 617 
42 610 28 27 21 22 617 617 
42 610 28 27 21 22 617 617 
42 610 28 27 21 22 617 617 
42 610 28 27 21 22 617 617 
42 610 28 27 21 22 617 617 
42 610 28 27 21 22 617 617 
42 610 28 27 21 22 617 617 
42 610 28 27 21 22 617 617 
42 610 28 27 21 22 617 617 
42 610 28 27 21 22 617 617 
42 610 28 27 21 22 617 617 
42 610 28 27 21 22 617 617 
42 610 28 27 21 22 617 617 
42 610 28 27 21 22 617 617 
42 610 28 27 21 22 617 617 
42 610 28 27 21 22 617 617 
51 42 610 28 27 21 22 617 617 
42 610 28 27 21 22 617 617 
42 610 28 27 21 22 617 617 
42 610 28 27 21 22 617 617 
42 610 28 27 21 22 617 617 
136 42 610 174 28 27 21 22 617 617 
42 610 28 27 21 22 617 617 
42 610 28 27 21 22 617 617 
42 610 28 27 21 22 617 617 
42 610 28 27 21 22 617 617 
42 610 28 27 21 22 617 617 
42 610 28 27 21 22 617 617 
42 610 28 27 21 22 617 617 
42 610 28 27 21 22 617 617 
42 610 28 27 21 22 617 617 
42 610 28 27 21 22 617 617 
42 610 28 27 21 22 617 617 
42 610 28 27 21 22 617 617 
42 610 28 27 21 22 617 617 
42 610 28 27 21 22 617 617 
42 610 28 27 21 22 617 617 
42 610 28 27 21 22 617 617 
42 610 28 27 21 22 617 617 
42 610 5 62 28 27 6 21 22 63 617 617 
42 610 28 27 21 22 617 617 
42 610 28 27 21 22 617 617 
42 610 28 27 21 22 617 496 617 
42 610 27 28 21 22 24 617 617 
42 610 28 27 21 22 617 617 
42 610 28 27 21 22 617 617 
42 610 28 27 21 22 617 617 
42 610 28 27 21 22 617 617 
42 610 28 27 21 22 617 617 
42 610 28 27 21 22 617 617 
42 610 28 27 21 22 617 617 
42 610 28 27 21 22 617 617 
42 610 5 28 27 21 22 8 617 617 
42 610 28 27 21 22 617 617 
42 610 28 27 21 22 617 617 
42 610 28 27 21 22 617 617 
53 54 51 42 610 27 28 21 36 584 617 617 
42 610 28 27 21 22 617 496 617 
42 610 28 27 21 254 22 36 255 617 617 
42 610 28 27 21 254 22 36 255 617 617 
42 610 28 27 21 22 617 617 
42 610 28 27 21 22 617 617 
42 610 28 27 21 22 617 617 
42 610 28 27 21 22 617 617 
42 610 28 27 21 22 617 617 
42 610 28 27 21 22 617 617 
42 610 28 27 21 22 617 617 
53 54 51 42 610 27 28 21 22 24 617 617 
42 610 27 28 21 22 24 617 617 
42 610 133 27 28 21 22 68 24 617 617 
42 610 5 28 27 6 21 22 64 63 617 496 617 
42 610 28 27 21 22 617 617 
42 610 28 27 21 22 617 617 
42 610 28 27 21 22 617 617 
42 610 28 27 21 22 617 617 
42 610 5 28 27 21 22 8 617 617 
53 54 51 42 610 28 27 21 22 617 617 
42 610 28 27 21 22 617 617 
42 610 28 27 21 22 617 617 
42 610 28 27 21 22 617 617 
42 610 28 27 21 22 617 617 
42 610 28 27 21 22 617 617 
1 2 42 610 28 27 21 22 617 617 
42 610 28 27 21 22 617 617 
42 610 28 27 21 22 617 496 617 
1 2 42 610 28 27 21 22 617 617 
42 610 5 28 27 6 21 22 617 617 
42 610 5 28 27 6 21 22 617 617 
42 610 5 28 27 6 21 22 617 617 
42 610 5 28 27 6 21 22 617 617 
42 610 5 28 27 6 21 22 617 617 
42 610 28 27 21 22 617 617 
42 610 28 27 21 22 617 617 
42 610 28 27 21 22 617 617 
53 54 51 42 610 28 27 21 22 617 617 
42 610 28 27 21 22 617 617 
42 610 28 27 21 22 617 617 
42 610 28 27 21 22 617 617 
42 610 28 27 21 22 617 617 
42 610 28 27 21 22 617 617 
42 610 28 27 21 22 617 617 
42 610 28 27 21 22 617 617 
42 610 28 27 21 22 617 617 
42 610 28 27 21 22 617 617 
42 610 28 27 21 22 617 617 
42 610 28 27 21 22 617 617 
42 610 28 27 21 22 617 617 
42 610 28 27 21 22 617 617 
42 610 28 27 21 22 617 617 
42 610 28 27 21 22 617 617 
42 610 28 27 21 22 617 617 
42 610 28 27 21 22 617 617 
1 2 42 610 28 27 21 22 617 617 
42 610 28 27 21 22 617 617 
42 610 28 27 21 22 617 617 
42 610 28 27 21 22 617 617 
42 610 28 27 21 22 617 617 
136 42 610 174 28 27 21 22 111 617 80 617 
42 610 27 28 21 22 475 617 617 
42 610 28 27 21 22 617 617 
42 610 28 27 21 22 617 617 
42 610 354 27 28 21 22 68 24 617 617 
42 610 354 27 28 21 22 68 24 617 617 
42 610 28 27 21 22 111 617 80 617 
42 610 5 27 28 6 21 617 617 
42 610 5 27 28 6 21 617 617 
42 610 5 28 27 6 21 63 22 618 617 617 
42 610 5 28 27 6 21 63 22 618 617 617 
42 610 5 28 27 6 21 63 22 618 617 617 
42 610 27 28 21 22 68 24 617 617 
42 610 27 28 21 22 90 617 617 
42 610 28 27 21 22 617 617 
42 610 28 27 21 22 617 617 
42 610 28 27 21 22 617 617 
42 610 27 28 21 22 24 617 617 
42 610 28 27 21 22 617 617 
42 610 28 27 21 22 617 617 
42 610 28 27 21 22 617 617 
42 610 28 27 21 22 617 617 
42 610 28 27 21 22 617 617 
42 610 28 27 21 22 617 617 
42 610 28 27 21 22 617 617 
42 610 28 27 21 22 617 617 
42 610 28 27 21 22 617 617 
42 610 28 27 21 22 617 617 
42 610 28 27 21 22 617 617 
42 610 28 27 21 22 617 617 
42 610 28 27 21 22 617 617 
42 610 28 27 21 22 617 617 
136 42 610 174 28 27 21 22 617 617 
42 610 28 27 21 22 617 617 
42 610 28 27 21 22 617 617 
42 610 5 27 28 6 21 22 24 617 617 
42 610 28 27 21 22 617 617 
42 610 28 27 21 22 617 617 
42 610 28 27 21 22 617 617 
42 610 28 27 21 22 617 617 
42 610 28 27 21 22 617 617 
42 610 28 27 21 22 617 617 
42 610 28 27 21 22 617 617 
42 610 28 27 21 22 617 617 
74 51 42 77 78 610 28 27 21 22 617 617 
42 610 28 27 21 22 617 617 
42 610 28 27 21 22 617 617 
643 42 56 57 610 28 27 21 22 617 617 
42 610 28 27 21 22 617 617 
40 147 42 610 28 27 21 22 617 617 
42 610 28 27 21 22 617 617 
42 610 28 27 21 22 617 617 
42 610 28 27 21 22 617 617 
42 610 28 27 21 22 617 617 
42 610 28 27 21 22 617 617 
42 610 28 27 21 22 617 617 
136 42 610 174 28 27 21 22 617 617 
42 610 28 27 21 22 617 617 
42 610 28 27 21 22 617 617 
42 610 28 27 21 22 617 617 
42 610 28 27 21 22 617 617 
42 610 28 27 21 22 617 617 
42 610 28 27 21 22 617 617 
42 610 28 27 21 22 617 617 
136 42 610 174 28 27 21 22 617 617 
42 610 28 27 21 22 617 617 
42 610 28 27 21 22 617 617 
42 610 28 27 21 22 617 617 
42 610 28 27 21 22 617 617 
42 610 5 48 27 28 6 21 617 617 
42 610 28 27 21 22 617 496 617 
42 610 5 27 28 6 21 22 64 63 24 617 617 
136 42 610 174 28 27 21 22 617 617 
42 610 28 27 21 22 617 617 
42 610 28 27 21 22 546 617 496 617 
42 610 28 27 21 22 617 617 
42 610 28 27 21 22 617 617 
42 610 28 27 21 22 617 617 
42 610 28 27 21 22 617 617 
42 610 28 27 21 22 617 617 
42 610 28 27 21 22 617 617 
136 42 610 174 27 28 21 22 469 617 617 
42 610 27 28 21 22 469 617 617 
42 610 27 28 21 22 469 617 617 
42 610 28 27 21 22 617 617 
42 610 28 27 21 22 617 617 
42 610 28 27 21 22 546 617 496 617 
42 610 28 27 21 22 546 617 496 617 
1 2 42 610 28 27 21 22 546 617 496 617 
51 42 610 28 27 21 22 546 617 496 617 
42 610 28 27 21 22 617 617 
42 610 28 27 21 22 617 617 
42 610 28 27 21 22 617 617 
42 610 28 27 21 22 617 617 
42 610 28 27 21 22 617 617 
42 610 28 27 21 22 617 617 
1 2 42 610 28 27 21 22 617 617 
42 610 28 27 21 22 617 617 
42 610 28 27 21 22 617 617 
42 610 28 27 21 22 617 617 
42 610 28 27 21 22 617 617 
1 2 42 610 28 27 21 22 617 617 
42 610 28 27 21 22 617 617 
42 610 28 27 21 22 617 617 
42 610 28 27 21 22 617 617 
42 610 28 27 21 22 617 617 
42 610 28 27 21 22 617 80 79 617 
42 610 28 27 21 22 617 80 79 617 
54 51 465 42 610 28 27 21 22 617 80 79 617 
42 610 28 27 21 22 617 617 
42 610 28 27 21 22 617 617 
42 610 28 27 21 22 617 80 79 617 
42 610 28 27 21 22 617 617 
42 610 28 27 21 22 617 80 79 617 
42 610 28 27 21 22 617 617 
1 2 42 610 28 27 21 22 617 617 
1 2 42 610 28 27 21 22 617 617 
42 610 28 27 21 22 617 617 
42 610 28 27 21 22 617 617 
74 51 42 77 78 610 28 27 21 22 617 617 
42 610 28 27 21 22 617 617 
42 610 28 27 21 22 617 617 
42 610 28 27 21 22 617 617 
42 610 28 27 21 22 617 617 
42 610 28 27 21 22 617 617 
42 610 28 27 21 22 617 617 
42 610 28 27 21 22 617 617 
136 42 610 174 28 27 21 22 617 617 
42 610 28 27 21 22 617 617 
1 2 42 610 28 27 21 22 617 617 
42 610 28 27 21 22 617 617 
42 610 28 27 21 22 617 617 
42 610 28 27 21 22 617 617 
42 610 28 27 21 22 617 617 
42 610 28 27 21 22 617 617 
42 610 28 27 21 22 617 617 
42 610 28 27 21 22 617 617 
42 610 28 27 21 22 617 617 
42 610 28 27 21 22 617 617 
42 610 28 27 21 22 617 617 
42 610 28 27 21 22 617 617 
42 610 28 27 21 22 617 617 
42 610 28 27 21 22 617 617 
42 610 28 27 21 22 617 617 
42 610 28 27 21 22 617 617 
42 610 28 27 21 22 617 617 
42 610 28 27 21 22 617 617 
42 610 28 27 21 22 617 617 
42 610 28 27 21 22 617 617 
42 610 28 27 21 22 617 617 
42 610 28 27 21 22 617 617 
42 610 28 27 21 22 617 617 
42 610 28 27 21 22 617 617 
42 610 28 27 21 22 617 617 
42 610 28 27 21 22 617 617 
42 610 28 27 21 22 617 617 
42 610 28 27 21 22 617 617 
42 610 28 27 21 22 617 617 
42 610 28 27 21 22 617 617 
54 51 465 42 610 28 27 21 22 617 80 79 617 
42 610 28 27 21 22 617 80 79 617 
1 15 602 42 610 28 27 21 22 617 617 
1 2 42 610 28 27 21 22 617 617 
42 610 28 27 21 22 617 617 
42 610 28 27 21 22 617 617 
184 1 15 185 42 610 28 27 21 22 617 617 
42 610 28 27 21 22 617 617 
42 610 28 27 21 22 617 617 
42 610 28 27 21 22 617 617 
42 610 28 27 21 22 617 617 
42 610 28 27 21 22 617 617 
42 610 28 27 21 22 617 617 
42 610 28 27 21 22 617 617 
42 610 28 27 21 22 617 617 
42 610 28 27 21 22 617 617 
136 42 610 174 28 27 21 22 617 617 
42 610 28 27 21 22 617 617 
42 610 28 27 21 22 617 617 
42 610 28 27 21 22 617 617 
42 610 28 27 21 22 617 617 
42 610 28 27 21 22 617 617 
42 610 28 27 21 22 617 617 
42 610 28 27 21 22 617 617 
42 610 28 27 21 22 617 617 
42 610 28 27 21 22 617 617 
42 610 28 27 21 22 617 617 
42 610 28 27 21 22 617 617 
42 610 28 27 21 22 617 617 
42 610 28 27 21 22 617 617 
42 610 28 27 21 22 617 617 
42 610 28 27 21 22 617 617 
42 610 28 27 21 22 617 617 
42 610 28 27 21 22 617 617 
42 610 28 27 21 22 617 617 
42 610 28 27 21 22 617 617 
42 610 28 27 21 22 617 617 
42 610 73 28 27 21 22 617 617 
42 610 28 27 21 22 617 617 
42 610 28 27 21 22 617 617 
42 610 28 27 21 22 617 617 
42 610 28 27 21 22 617 617 
42 610 5 28 27 21 22 8 617 617 
42 610 5 28 27 21 22 8 617 617 
42 610 5 28 27 21 22 8 617 617 
42 610 5 28 27 21 22 8 617 617 
42 610 5 28 27 21 22 8 617 617 
42 610 28 27 21 22 617 617 
42 610 256 27 28 21 22 617 617 
42 610 256 27 28 21 22 617 617 
42 610 256 27 28 21 22 617 617 
42 610 28 27 21 22 617 617 
42 610 28 27 21 22 617 617 
42 610 28 27 21 22 617 617 
42 610 28 27 21 22 617 617 
42 610 28 27 21 22 617 617 
42 610 28 27 21 22 617 617 
42 610 28 27 21 22 617 617 
40 147 42 610 28 27 21 22 617 617 
42 610 91 5 28 27 6 21 22 92 617 617 
74 51 42 77 78 610 91 5 28 27 6 21 22 92 617 617 
42 610 91 5 28 27 6 21 22 92 617 617 
42 610 91 5 28 27 6 21 22 92 617 617 
42 610 91 5 28 27 6 21 22 92 617 617 
42 610 91 5 28 27 6 21 22 92 617 617 
42 610 91 5 28 27 6 21 22 92 617 617 
42 610 28 27 21 22 546 617 496 617 
42 610 28 27 21 22 546 617 496 617 
42 610 28 27 21 22 546 617 496 617 
42 610 28 27 21 22 617 617 
74 51 42 77 78 610 28 27 21 22 617 617 
42 610 28 27 21 22 617 617 
42 610 28 27 21 22 617 617 
42 610 28 27 21 22 617 617 
42 610 28 27 21 22 617 617 
136 42 610 174 28 27 21 22 617 617 
42 610 28 27 21 22 617 617 
42 610 28 27 21 22 617 617 
42 610 28 27 21 22 617 617 
42 610 28 27 21 22 617 617 
42 610 28 27 21 22 617 617 
42 610 28 27 21 22 617 617 
42 610 28 27 21 509 22 266 617 617 
51 42 610 28 27 21 509 22 266 617 617 
42 610 28 27 21 22 617 617 
42 610 28 27 21 22 617 617 
1 2 42 610 28 27 21 22 68 24 617 617 
42 610 133 27 28 21 22 68 24 617 617 
136 42 610 174 28 27 109 21 22 617 80 110 617 
136 42 610 174 28 27 109 21 22 617 80 110 617 
136 42 610 174 28 27 21 22 617 617 
42 610 27 28 21 22 37 24 617 617 
42 610 27 28 21 22 37 24 617 617 
145 42 610 28 27 21 22 617 617 
145 42 610 28 27 21 22 617 617 
42 610 28 27 21 22 617 617 
42 610 28 27 21 22 617 617 
42 610 28 27 21 22 617 617 
42 610 28 27 21 22 617 617 
42 610 28 27 21 22 617 617 
42 610 28 27 21 22 617 617 
42 610 28 27 21 22 617 617 
145 42 610 28 27 21 22 617 617 
42 610 28 27 21 22 617 617 
42 610 28 27 21 22 617 617 
42 610 28 27 21 22 617 617 
42 610 28 27 21 22 617 617 
42 610 28 27 21 22 617 617 
42 610 28 27 21 22 617 617 
42 610 28 27 21 22 617 617 
42 610 28 27 21 22 617 617 
1 2 42 610 28 27 21 22 617 617 
42 610 28 27 21 22 617 617 
42 610 28 27 21 22 617 617 
42 610 28 27 21 22 617 617 
42 610 28 27 21 22 617 617 
42 610 28 27 21 22 617 617 
42 610 28 27 21 22 617 617 
42 610 28 27 21 22 617 617 
42 610 28 27 21 22 617 617 
42 610 28 27 21 22 617 617 
42 610 28 27 21 22 617 617 
42 610 28 27 21 22 617 617 
42 610 28 27 21 22 617 617 
42 610 28 27 21 22 617 617 
42 610 28 27 21 22 617 617 
74 51 42 77 78 610 28 27 21 22 617 617 
267 457 42 610 28 27 21 22 617 617 
42 610 28 27 21 22 617 617 
42 610 28 27 21 22 617 617 
42 610 28 27 21 22 617 617 
42 610 28 27 21 22 617 617 
42 610 28 27 21 22 617 617 
42 610 28 27 21 22 617 617 
42 610 28 27 21 22 617 617 
42 610 28 27 21 22 617 617 
42 610 28 27 21 22 617 617 
42 610 28 27 21 22 617 617 
42 610 28 27 21 22 617 617 
42 610 28 27 21 22 617 617 
42 610 28 27 21 22 617 617 
42 610 28 27 21 22 617 617 
42 610 28 27 21 22 617 617 
42 610 28 27 21 22 106 617 508 617 
42 610 108 28 27 21 22 106 617 508 617 
42 610 28 27 21 22 617 617 
42 610 28 27 21 22 617 617 
42 610 28 27 21 22 617 617 
51 42 610 27 28 21 22 24 617 617 
42 610 28 27 21 22 617 617 
42 610 28 27 21 22 617 617 
42 610 28 27 21 22 617 617 
42 610 28 27 21 22 617 617 
42 610 28 27 21 22 617 617 
42 610 28 27 21 22 617 617 
42 610 28 27 21 22 617 617 
42 610 28 27 21 22 617 617 
42 610 28 27 21 22 617 617 
42 610 28 27 21 22 617 617 
42 610 28 27 21 22 617 617 
42 610 28 27 21 22 617 617 
42 610 28 27 21 22 617 617 
42 610 28 27 21 22 617 617 
42 610 28 27 21 22 617 496 617 
42 610 28 27 21 22 617 496 617 
42 610 28 27 21 22 617 617 
42 610 28 27 21 22 617 617 
42 610 28 27 21 22 617 617 
42 610 28 27 21 22 546 617 617 
42 610 28 27 21 22 617 617 
42 610 28 27 21 22 617 617 
42 610 28 27 21 22 617 617 
42 610 28 27 21 22 617 617 
42 610 28 27 21 22 617 617 
42 610 28 27 21 22 617 617 
42 610 28 27 21 22 617 617 
42 610 28 27 21 22 617 617 
42 610 28 27 21 22 617 617 
42 610 28 27 21 22 617 617 
42 610 28 27 21 22 617 617 
42 610 28 27 21 22 617 496 617 
42 610 28 27 21 22 617 617 
53 54 51 42 610 27 28 21 22 24 617 617 
42 610 28 27 21 22 617 617 
42 610 28 27 21 22 617 617 
42 610 28 27 21 22 617 617 
42 610 5 28 27 6 21 22 617 617 
42 610 28 27 21 22 617 617 
42 610 28 27 21 22 617 617 
42 610 28 27 21 22 617 617 
42 610 28 27 21 22 617 617 
42 610 28 27 21 22 617 617 
42 610 28 27 21 22 546 617 617 
42 610 28 27 21 22 617 617 
42 610 28 27 21 22 617 617 
42 610 28 109 27 21 22 617 80 110 617 
42 610 28 109 27 21 22 617 80 110 617 
42 610 27 28 21 22 469 617 617 
42 610 27 28 21 22 469 617 617 
42 610 27 28 21 22 469 617 617 
42 610 27 28 21 22 469 617 617 
42 610 27 28 21 22 469 617 617 
42 610 27 28 21 22 469 617 617 
42 610 27 28 21 22 469 617 617 
42 610 27 28 21 22 469 617 617 
42 610 27 28 21 22 469 617 617 
42 610 27 28 21 22 469 617 617 
42 610 27 28 21 22 469 617 617 
42 610 27 28 21 22 469 617 617 
42 610 27 28 21 22 469 617 617 
42 610 27 28 21 22 469 617 617 
42 610 5 27 28 21 22 232 8 617 617 
1 2 42 610 28 27 21 22 617 617 
42 610 28 27 21 22 617 617 
42 610 28 27 21 22 617 617 
42 610 28 27 21 22 617 617 
42 610 28 27 21 22 617 617 
42 610 28 27 21 22 617 617 
42 610 28 27 21 22 617 496 617 
42 610 28 27 21 22 617 617 
42 610 28 27 21 22 617 617 
42 610 28 27 21 22 617 617 
42 610 28 27 21 22 617 617 
42 610 28 27 21 22 68 24 617 617 
42 610 28 27 21 22 617 617 
1 2 42 610 5 62 28 27 6 21 22 63 617 617 
42 610 5 28 27 21 22 143 8 144 617 617 
42 610 28 27 21 22 617 617 
42 610 28 27 21 22 617 617 
42 610 28 27 21 22 617 617 
42 610 133 27 28 21 22 68 24 617 617 
42 610 28 27 21 22 617 496 617 
1 2 42 610 27 28 21 22 617 496 617 
42 610 28 27 21 22 546 617 617 
42 610 5 28 27 21 22 8 617 617 
42 610 5 28 27 21 22 8 617 617 
42 610 28 27 21 22 617 617 
1 2 42 610 28 27 21 22 617 617 
1 2 42 610 28 27 21 22 617 617 
1 2 42 610 28 27 21 22 617 617 
1 2 42 610 28 27 21 22 617 617 
42 610 28 27 21 22 617 617 
51 42 610 28 27 21 22 617 617 
42 610 28 27 21 22 617 617 
42 610 28 27 21 22 617 617 
42 610 28 27 21 22 617 617 
42 610 28 27 21 22 617 617 
267 457 42 610 28 27 21 22 617 617 
42 610 28 27 21 22 617 617 
184 1 15 185 42 610 28 27 21 22 617 617 
42 610 28 27 21 22 617 617 
42 610 28 27 21 22 617 617 
42 610 28 27 21 22 617 617 
42 610 28 27 21 22 617 617 
42 610 28 27 21 22 617 617 
42 610 28 27 21 22 617 617 
42 610 28 27 21 22 617 617 
42 610 28 27 21 22 617 617 
42 610 28 27 21 22 617 617 
42 610 28 27 21 22 617 617 
42 610 28 27 21 22 617 617 
1 2 42 610 28 27 21 22 617 617 
42 610 28 27 21 22 617 617 
42 610 28 27 21 22 617 617 
42 610 28 27 21 22 617 617 
42 610 28 27 21 22 617 617 
42 610 28 27 21 22 617 617 
42 610 28 27 21 22 617 617 
42 610 28 27 21 22 617 617 
42 610 28 27 21 22 617 617 
42 610 28 27 21 22 617 617 
42 610 28 27 21 22 617 617 
42 610 28 27 21 22 617 617 
42 610 28 27 21 22 617 617 
42 610 28 27 21 22 617 617 
154 42 610 155 28 27 21 22 617 617 
42 610 28 27 21 22 617 617 
42 610 28 27 21 22 617 617 
145 42 610 28 27 21 22 617 617 
42 610 28 27 21 22 617 617 
42 610 28 27 21 22 617 617 
42 610 28 27 21 22 617 617 
1 2 42 610 28 27 21 22 617 617 
1 2 42 610 28 27 21 22 617 617 
1 2 42 610 28 27 21 22 617 617 
42 610 28 27 21 22 617 617 
42 610 28 27 21 22 617 617 
42 610 28 27 21 22 617 617 
42 610 28 27 21 22 617 617 
42 610 28 27 21 22 617 617 
42 610 28 27 21 22 617 617 
42 610 28 27 21 22 617 617 
42 610 28 27 21 22 617 617 
42 610 28 27 21 22 617 617 
40 147 42 610 28 27 21 22 617 617 
42 610 28 27 21 22 617 617 
42 610 28 27 21 22 617 617 
42 610 28 27 21 22 617 617 
42 610 28 27 21 22 617 617 
42 610 28 27 21 22 617 617 
42 610 28 27 21 22 617 617 
42 610 28 27 21 22 617 617 
42 610 28 27 21 22 617 617 
42 610 28 27 21 22 617 617 
42 610 28 27 21 22 617 617 
42 610 28 27 21 22 617 617 
42 610 28 27 21 22 617 617 
42 610 28 27 21 22 617 617 
42 610 28 27 21 22 617 617 
42 610 28 27 21 22 617 617 
42 610 28 27 21 22 617 617 
42 610 28 27 21 22 617 617 
42 610 28 27 21 22 617 617 
42 610 28 27 21 22 617 617 
42 610 28 27 21 22 617 617 
42 610 28 27 21 22 617 617 
136 42 610 174 28 27 21 22 617 617 
42 610 28 27 21 22 617 617 
42 610 28 27 21 22 617 617 
42 610 28 27 21 22 617 617 
355 51 349 42 610 351 5 27 28 6 21 9 617 617 
42 610 28 27 21 22 617 617 
42 610 28 109 27 21 22 795 617 80 79 617 
42 610 28 27 21 22 111 617 80 617 
42 610 28 27 21 22 617 617 
42 610 28 27 21 22 617 617 
42 610 28 27 21 22 617 617 
42 610 28 27 21 22 617 617 
42 610 28 27 21 22 617 617 
42 610 28 27 21 22 617 617 
42 610 28 27 21 22 617 617 
42 610 28 27 21 22 617 617 
42 610 28 27 21 22 617 617 
42 610 28 27 21 22 617 617 
42 610 28 27 21 22 617 617 
42 610 28 27 21 22 617 617 
42 610 28 27 21 22 617 617 
42 610 28 27 21 22 617 617 
42 610 28 27 21 22 617 617 
42 610 28 27 21 22 106 24 617 617 
42 610 28 109 27 21 22 617 80 110 617 
42 610 28 27 21 22 617 617 
42 610 28 27 21 22 617 617 
42 610 28 27 21 22 617 617 
42 610 28 27 21 22 617 617 
42 610 28 27 21 22 617 617 
42 610 28 27 21 22 617 617 
42 610 28 27 21 22 617 617 
42 610 28 27 21 22 617 617 
42 610 28 27 21 22 617 617 
42 610 28 27 21 22 617 617 
42 610 28 27 21 22 617 617 
42 610 28 27 21 22 617 617 
42 610 28 27 21 22 617 617 
42 610 28 27 21 22 617 496 617 
42 610 28 27 21 22 617 496 617 
42 610 28 27 21 22 617 496 617 
42 610 28 27 21 22 106 617 508 617 
42 610 28 27 21 22 617 617 
42 610 28 27 21 22 617 617 
42 610 28 27 21 22 617 617 
42 610 28 27 21 22 617 617 
42 610 5 28 27 6 21 22 617 617 
42 610 28 27 21 22 617 617 
145 42 610 28 27 21 22 617 617 
42 610 28 27 21 22 617 617 
42 610 28 27 21 22 617 617 
51 42 610 28 27 21 22 617 617 
145 42 610 28 27 21 22 617 617 
42 610 28 27 21 22 617 617 
42 610 28 27 21 22 617 617 
42 610 28 27 21 22 617 617 
42 610 28 27 21 22 617 617 
42 610 28 27 21 22 617 617 
42 610 28 27 21 22 617 617 
42 610 28 27 21 22 617 617 
42 610 28 27 21 22 617 617 
184 1 15 185 42 610 28 27 21 22 617 617 
42 610 28 27 21 22 617 617 
42 610 28 27 21 22 617 617 
42 610 28 27 21 22 617 617 
42 610 28 27 21 22 617 617 
42 610 28 27 21 22 617 617 
42 610 28 27 21 22 617 617 
42 610 28 27 21 22 617 496 617 
42 610 28 27 21 22 617 617 
42 610 28 27 21 22 617 617 
42 610 28 27 21 22 617 617 
42 610 28 27 21 22 617 617 
59 128 60 42 610 28 27 21 22 617 617 
42 610 28 27 21 22 617 617 
42 610 28 27 21 22 617 617 
74 51 42 77 78 610 28 27 21 22 617 617 
42 610 28 27 21 22 617 617 
51 42 610 28 27 21 22 617 617 
42 610 28 27 21 22 617 617 
1 2 42 610 28 27 21 22 617 617 
42 610 28 27 21 22 617 617 
1 2 42 610 28 27 21 22 617 617 
42 610 28 27 21 22 617 617 
42 610 28 27 21 22 617 617 
42 610 28 27 21 22 617 617 
42 610 28 27 21 22 617 617 
42 610 28 27 21 22 617 617 
42 610 28 27 21 22 617 617 
42 610 28 27 21 22 617 617 
42 610 28 27 21 22 617 617 
42 610 28 27 21 22 617 617 
42 610 28 27 21 22 617 617 
42 610 28 27 21 22 617 617 
42 610 28 27 21 22 617 617 
1 15 400 401 42 610 28 27 21 22 617 617 
42 610 28 27 21 22 617 617 
42 610 28 27 21 22 617 617 
42 610 28 27 21 22 617 617 
42 610 28 27 21 22 617 617 
42 610 28 27 21 22 617 617 
42 610 28 27 21 22 617 617 
42 610 28 27 21 22 617 617 
42 610 5 27 28 6 21 61 617 617 
42 610 28 27 21 22 617 496 617 
42 610 28 27 21 22 617 496 617 
42 610 28 27 21 22 68 24 617 617 
42 610 28 27 21 22 617 617 
42 610 28 27 21 22 617 80 79 617 
42 610 28 27 21 22 617 617 
42 610 28 27 21 22 617 617 
1 2 42 610 28 27 21 22 617 617 
42 610 28 27 21 22 617 617 
42 610 28 27 21 22 617 617 
74 51 42 77 78 610 28 27 21 22 617 617 
42 610 28 27 21 22 617 617 
42 610 28 27 21 22 617 617 
1 2 42 610 28 27 21 22 617 617 
42 610 28 27 21 22 617 617 
42 610 28 27 21 22 617 617 
42 610 28 27 21 22 617 617 
42 610 28 27 21 22 617 617 
42 610 28 27 21 22 617 617 
42 610 28 27 21 22 617 617 
42 610 28 27 21 22 617 617 
1 2 42 610 28 27 21 22 68 24 617 496 617 
42 610 28 27 21 22 617 617 
42 610 28 27 21 22 617 617 
42 610 28 27 21 22 617 617 
42 610 28 27 21 22 617 617 
42 610 28 27 21 22 617 617 
42 610 28 27 21 22 617 617 
42 610 28 27 21 22 617 617 
42 610 28 27 21 22 617 617 
42 610 28 27 21 22 617 617 
42 610 28 27 21 22 617 617 
42 610 28 27 21 22 617 617 
42 610 28 27 21 22 617 617 
42 610 28 27 21 254 22 36 255 617 617 
42 610 28 27 21 254 22 36 255 617 617 
42 610 28 27 21 22 617 617 
42 610 28 27 21 22 617 617 
42 610 28 27 21 22 617 617 
42 610 28 27 21 22 617 617 
42 610 28 27 21 22 617 617 
42 610 28 27 21 22 617 617 
42 610 28 27 21 22 617 617 
42 610 28 27 21 22 617 617 
42 610 28 27 21 22 617 617 
42 610 28 27 21 22 617 617 
42 610 28 27 21 22 617 617 
42 610 28 27 21 22 617 617 
42 610 28 27 21 22 617 617 
42 610 28 27 21 22 617 617 
42 610 28 27 21 22 617 617 
58 59 42 60 610 28 27 21 22 617 617 
42 610 28 27 21 22 617 617 
136 42 610 174 28 27 21 22 617 617 
42 610 27 28 21 22 68 24 617 617 
42 610 27 28 21 22 37 24 617 617 
42 610 27 28 21 22 37 24 617 617 
42 610 28 27 21 22 617 617 
42 610 28 27 21 22 617 617 
42 610 28 27 21 22 617 617 
42 610 28 27 21 22 617 617 
42 610 28 27 21 22 617 617 
42 610 28 27 21 22 617 617 
42 610 28 27 21 22 617 617 
42 610 28 27 21 22 617 617 
42 610 28 27 21 22 617 617 
42 610 28 27 21 22 617 617 
42 610 28 27 21 22 617 617 
42 610 28 27 21 22 617 617 
42 610 28 27 21 22 617 617 
42 610 28 27 21 22 617 617 
42 610 28 27 21 22 617 617 
42 610 28 27 21 22 617 617 
1 2 42 610 28 27 21 22 617 617 
38 39 42 610 28 27 21 22 617 617 
42 610 28 27 21 22 617 617 
42 610 28 27 21 22 617 617 
54 51 465 42 610 28 27 21 22 617 617 
42 610 28 27 21 22 617 617 
42 610 28 27 21 22 617 617 
42 610 28 27 21 22 617 617 
42 610 28 27 21 22 617 617 
42 610 28 27 21 22 617 617 
42 610 28 27 21 22 617 617 
42 610 28 27 21 22 617 617 
42 610 28 27 21 22 617 617 
42 610 28 27 21 22 617 617 
42 610 28 27 21 22 617 617 
42 610 28 27 21 22 617 617 
42 610 28 27 21 22 617 617 
42 610 28 27 21 22 617 617 
42 610 28 27 21 22 617 617 
42 610 28 27 21 22 617 617 
42 610 28 27 21 22 617 617 
42 610 28 27 21 22 617 617 
42 610 28 27 21 22 617 617 
42 610 28 27 21 22 617 617 
42 610 28 27 21 22 617 617 
42 610 28 27 21 22 617 617 
42 610 28 27 21 22 617 617 
42 610 28 27 21 22 617 617 
42 610 28 27 21 22 617 617 
42 610 28 27 21 22 617 617 
42 610 28 27 21 22 617 617 
42 610 28 27 21 22 617 617 
42 610 28 27 21 22 617 617 
42 610 28 27 21 22 617 617 
42 610 28 27 21 22 617 617 
42 610 108 28 27 21 22 617 617 
42 610 28 27 21 22 617 617 
42 610 28 27 21 22 617 617 
42 610 28 27 21 22 617 617 
40 42 610 28 27 21 22 617 617 
42 610 28 27 21 22 617 617 
42 610 28 27 21 22 617 617 
42 610 28 27 21 22 617 617 
42 610 28 27 21 22 617 617 
42 610 28 27 21 22 617 617 
1 15 42 43 610 28 27 21 22 617 617 
145 42 610 28 27 21 22 617 617 
42 610 28 27 21 22 617 617 
42 610 28 27 21 22 617 617 
42 610 28 27 21 22 617 617 
42 610 28 27 21 22 617 617 
42 610 28 27 21 22 617 617 
42 610 28 27 21 22 617 617 
42 610 28 27 21 22 617 617 
42 610 28 27 21 22 617 617 
42 610 28 27 21 22 617 617 
42 610 28 27 21 22 617 617 
42 610 28 27 21 22 617 617 
42 610 28 27 21 22 617 617 
42 610 28 27 21 22 617 617 
42 610 28 27 21 22 617 617 
42 610 28 27 21 22 617 617 
42 610 28 27 21 22 617 617 
42 610 28 27 21 22 617 617 
42 610 28 27 21 22 617 617 
1 2 42 610 28 27 21 22 617 617 
42 610 28 27 21 22 617 617 
40 42 610 28 27 21 22 617 617 
437 42 56 57 610 28 27 21 22 617 617 
42 610 28 27 21 22 617 617 
42 610 28 27 21 22 617 617 
42 610 28 27 21 22 617 617 
42 610 28 27 21 22 617 617 
42 610 28 27 21 22 617 617 
42 610 28 27 21 22 617 617 
42 610 28 27 21 22 617 617 
42 610 28 27 21 22 617 617 
42 610 28 27 21 22 617 617 
42 610 28 27 21 22 617 617 
42 610 28 27 21 22 617 617 
42 610 28 27 21 22 617 617 
42 610 28 27 21 22 617 617 
42 610 28 27 21 22 617 617 
42 610 28 27 21 22 617 617 
42 610 28 27 21 22 617 617 
42 610 28 27 21 22 617 617 
42 610 28 27 21 22 617 617 
42 610 28 27 21 22 617 617 
42 610 256 27 28 21 22 617 617 
74 51 42 77 78 610 28 27 21 22 617 617 
42 610 28 27 21 22 617 617 
42 610 28 27 21 22 617 617 
42 610 28 27 21 22 617 617 
42 610 28 27 21 22 617 617 
42 610 28 27 21 22 617 617 
42 610 81 27 28 21 22 82 24 617 617 
42 610 81 27 28 21 22 82 24 617 617 
42 610 81 27 28 21 22 82 24 617 617 
42 610 81 27 28 21 22 82 24 617 617 
42 610 28 27 21 22 617 617 
42 610 28 27 21 22 617 617 
42 610 28 27 21 22 546 617 617 
42 610 5 28 27 6 21 22 617 617 
42 610 28 27 21 22 617 617 
42 610 28 27 21 22 617 617 
42 610 5 48 27 28 6 21 617 617 
42 610 91 5 28 27 6 21 22 92 617 617 
42 610 91 5 28 27 6 21 22 92 617 617 
42 610 91 5 28 27 6 21 22 92 617 617 
42 610 28 27 21 22 617 617 
42 610 28 27 21 22 617 617 
42 610 28 27 21 22 617 617 
42 610 28 27 21 22 617 617 
42 610 28 27 21 22 617 617 
42 610 28 27 21 22 617 617 
42 610 5 28 27 21 22 8 617 617 
42 610 5 28 27 21 22 8 617 617 
42 610 5 62 28 27 6 21 22 63 617 617 
42 610 5 62 28 27 6 21 22 63 617 617 
42 610 5 62 28 27 6 21 22 63 617 617 
42 610 5 62 28 27 6 21 22 63 617 617 
42 610 5 62 28 27 6 21 22 63 617 617 
42 610 28 27 109 21 22 617 80 110 617 
42 610 28 27 21 22 617 617 
42 610 28 27 21 22 617 617 
42 610 28 27 21 22 617 617 
42 610 28 27 21 22 617 617 
42 610 28 27 21 22 617 617 
42 610 28 27 21 22 617 617 
42 610 28 27 21 22 617 617 
42 610 28 27 21 22 617 617 
42 610 28 27 21 22 617 617 
42 610 28 27 21 22 617 617 
42 610 28 27 21 22 617 617 
42 610 28 27 21 22 617 617 
42 610 28 27 21 22 617 617 
42 610 28 27 21 22 617 617 
42 610 28 27 21 22 617 617 
42 610 28 27 21 22 617 617 
42 610 28 27 21 22 617 617 
1 2 42 610 28 27 21 22 617 617 
42 610 28 27 21 22 617 617 
1 2 42 610 28 27 21 22 617 617 
42 610 27 28 21 22 24 617 617 
42 610 28 27 21 22 617 617 
42 610 28 27 21 22 617 617 
42 610 28 27 21 22 617 617 
51 349 42 610 363 28 27 21 22 617 617 
42 610 28 27 21 22 617 203 617 
42 610 27 28 21 22 24 617 617 
42 610 28 27 21 22 617 617 
42 610 28 27 21 22 617 617 
42 610 28 27 21 22 617 617 
42 610 28 27 21 22 617 617 
42 610 28 27 21 22 617 617 
42 610 28 27 21 22 617 617 
42 610 28 27 21 22 617 617 
42 610 28 27 21 22 617 617 
42 610 28 27 21 22 617 617 
1 2 42 610 28 27 21 22 617 617 
42 610 28 27 21 22 617 617 
53 54 51 42 610 28 27 21 22 617 617 
42 610 28 27 21 22 617 617 
42 610 28 27 21 22 617 617 
42 610 28 27 21 22 617 617 
42 610 28 27 21 22 617 617 
42 610 28 27 21 22 617 617 
42 610 28 27 21 22 617 617 
42 610 28 27 21 22 617 617 
42 610 28 27 21 22 617 617 
42 610 28 27 21 22 617 617 
42 610 28 27 21 22 617 617 
42 610 28 27 21 22 617 617 
42 610 28 27 21 22 617 617 
42 610 28 27 21 22 617 617 
42 610 27 28 21 22 68 24 617 617 
42 610 27 28 21 22 68 24 617 617 
42 610 27 28 21 22 68 24 617 617 
42 610 27 28 21 22 68 24 617 617 
42 610 27 28 21 22 68 24 617 617 
42 610 27 28 21 22 68 24 617 617 
42 610 28 27 21 22 617 617 
1 2 42 610 28 27 21 22 617 617 
42 610 28 27 21 22 617 617 
42 610 28 27 21 22 617 617 
42 610 28 27 21 22 617 617 
42 610 28 27 21 22 617 617 
42 610 28 27 21 22 617 617 
42 610 28 27 21 22 617 617 
42 610 28 27 21 22 617 617 
42 610 28 27 21 22 617 617 
42 610 28 27 21 22 617 617 
42 610 28 27 21 22 617 617 
42 610 28 27 21 22 617 617 
42 610 28 27 21 22 617 617 
42 610 28 27 21 22 617 617 
42 610 28 27 21 22 617 617 
42 610 28 27 21 22 617 617 
42 610 28 27 21 22 617 617 
42 610 28 27 21 22 617 617 
42 610 28 27 21 22 617 617 
42 610 28 27 21 22 617 617 
42 610 28 27 21 22 617 617 
42 610 28 27 21 22 617 617 
42 610 28 27 21 22 617 617 
42 610 28 27 21 22 617 617 
42 610 28 27 21 22 617 617 
42 610 28 27 21 22 617 617 
42 610 28 27 21 22 617 617 
42 610 28 27 21 22 617 617 
42 610 28 27 21 22 617 617 
42 610 28 27 21 22 617 617 
42 610 28 27 21 22 617 617 
42 610 28 27 21 22 617 617 
42 610 27 28 21 22 68 24 617 617 
42 610 28 27 21 22 617 617 
42 610 28 27 21 22 617 617 
42 610 28 27 21 22 617 617 
42 610 133 27 28 21 22 68 24 617 617 
42 610 27 28 21 22 24 617 617 
42 610 27 28 21 22 24 617 617 
184 1 15 185 42 610 28 27 21 22 617 496 617 
42 610 28 27 21 22 617 617 
42 610 28 27 21 22 617 617 
42 610 28 27 21 22 617 617 
42 610 28 27 21 22 617 617 
42 610 28 27 21 22 617 617 
42 610 28 27 21 22 617 617 
42 610 28 27 21 22 617 617 
42 610 28 27 21 22 617 617 
42 610 28 27 21 22 617 617 
42 610 28 27 21 22 617 617 
42 610 28 27 21 22 617 617 
1 2 42 610 27 28 21 22 24 617 617 
42 610 28 27 21 22 617 617 
42 610 28 27 21 22 617 617 
53 54 51 42 610 28 27 21 22 617 617 
42 610 28 27 21 22 617 617 
42 610 28 27 21 22 617 617 
42 610 28 27 21 22 617 617 
42 610 28 27 21 22 617 617 
42 610 28 27 21 22 617 617 
55 42 56 57 610 28 27 21 22 617 617 
42 610 28 27 21 22 617 617 
1 2 42 610 171 5 28 27 21 22 162 8 172 617 617 
42 610 171 5 28 27 21 22 162 8 172 617 617 
42 610 28 27 21 22 617 617 
42 610 28 27 21 22 617 617 
42 610 27 28 21 22 90 617 617 
42 610 27 28 21 22 24 617 617 
42 610 28 27 21 22 617 617 
42 610 28 27 21 22 617 617 
42 610 28 27 21 22 617 617 
42 610 28 27 21 22 617 617 
42 610 28 27 21 22 617 617 
42 610 28 27 21 22 617 617 
42 610 28 27 21 22 617 617 
42 610 28 27 21 22 617 617 
42 610 28 27 21 22 617 617 
42 610 28 27 21 22 617 617 
42 610 28 27 21 22 617 617 
1 2 42 610 28 27 21 22 617 496 617 
42 610 28 27 21 22 617 617 
42 610 28 27 21 22 617 617 
42 610 28 27 21 22 617 617 
136 42 610 174 28 27 21 22 617 617 
42 610 28 27 21 22 617 617 
42 610 5 27 28 6 21 63 617 617 
182 136 42 563 610 28 27 21 22 617 617 
42 610 28 27 21 22 617 617 
42 610 28 27 21 22 617 617 
42 610 28 27 21 22 617 617 
42 610 28 27 21 22 617 617 
42 610 28 27 21 22 617 617 
42 610 28 27 21 22 617 617 
51 42 610 28 27 21 22 617 617 
42 610 28 27 21 22 617 617 
42 610 28 27 21 22 617 617 
42 610 28 27 21 22 617 617 
42 610 28 27 21 22 617 617 
42 610 28 27 21 22 617 617 
42 610 28 27 21 22 617 617 
42 610 28 27 21 22 617 617 
42 610 28 27 21 22 617 617 
42 610 28 27 21 22 617 617 
1 2 42 610 28 27 21 22 617 617 
42 610 28 27 21 22 617 617 
42 610 28 27 21 22 617 617 
42 610 28 27 21 22 617 617 
42 610 28 27 21 22 617 617 
42 610 28 27 21 22 617 617 
42 610 28 27 21 22 617 617 
42 610 28 27 21 22 617 617 
42 610 28 27 21 22 617 617 
42 610 28 27 21 22 617 617 
42 610 28 27 21 22 617 617 
42 610 28 27 21 22 617 617 
42 610 28 27 21 22 617 617 
42 610 28 27 21 22 617 617 
42 610 28 27 21 22 617 617 
74 51 42 77 78 610 28 27 21 22 617 617 
42 610 28 27 21 22 617 617 
42 610 28 27 21 22 617 617 
42 610 28 27 21 22 617 617 
42 610 28 27 21 22 617 617 
42 610 28 27 21 22 617 617 
42 610 28 27 21 22 617 617 
42 610 28 27 21 22 617 617 
42 610 28 27 21 22 617 617 
42 610 28 27 21 22 617 617 
42 610 5 28 27 6 21 22 617 617 
42 610 28 27 21 22 617 617 
136 42 610 174 28 27 21 22 617 617 
42 610 28 27 21 254 22 36 255 617 617 
42 610 28 27 21 22 617 617 
42 610 28 27 21 22 617 617 
42 610 28 27 21 22 617 617 
42 610 28 27 21 22 617 617 
42 610 28 27 21 22 617 617 
42 610 28 27 21 22 617 617 
42 610 28 27 21 22 617 617 
42 610 28 27 21 22 617 617 
42 610 28 27 21 22 617 617 
42 610 28 27 21 22 617 617 
42 610 28 27 21 22 617 617 
42 610 28 27 21 22 617 617 
42 610 28 27 21 22 617 617 
42 610 28 27 21 22 617 617 
42 610 28 27 21 22 617 617 
1 2 42 610 28 27 21 22 617 617 
42 610 28 27 21 22 617 617 
42 610 28 27 21 22 617 617 
42 610 28 27 21 22 617 617 
42 610 28 27 21 22 617 617 
42 610 28 27 21 22 617 617 
42 610 28 27 21 22 617 617 
42 610 28 27 21 22 617 617 
42 610 28 27 21 22 617 617 
42 610 28 27 21 22 617 617 
42 610 28 27 21 22 617 617 
42 610 28 27 21 22 617 617 
40 147 42 610 28 27 21 22 617 617 
42 610 28 27 21 22 617 617 
42 610 28 27 21 22 617 617 
42 610 27 28 21 22 24 617 617 
42 610 28 27 21 22 617 617 
42 610 28 27 21 22 617 617 
42 610 28 27 21 22 617 617 
42 610 28 27 21 22 617 617 
42 610 28 27 21 22 617 617 
42 610 5 28 27 21 22 8 617 617 
42 610 5 62 28 27 6 21 22 63 617 617 
42 610 28 27 21 22 617 617 
42 610 28 27 21 22 617 617 
42 610 28 27 21 22 142 36 617 617 
42 610 28 27 21 22 617 617 
42 610 28 27 21 22 617 617 
42 610 28 27 21 22 617 617 
42 610 28 27 21 22 617 617 
42 610 28 27 21 22 617 617 
42 610 28 27 21 22 617 617 
42 610 28 27 21 22 617 617 
42 610 28 27 21 22 617 617 
42 610 28 27 21 22 617 617 
42 610 28 27 21 22 617 617 
42 610 28 27 21 22 617 617 
42 610 28 27 21 22 617 617 
42 610 28 27 21 22 617 617 
42 610 28 27 21 22 617 617 
42 610 28 27 21 22 617 617 
42 610 256 27 28 21 22 617 617 
42 610 28 27 21 22 546 617 617 
42 610 28 109 27 21 22 617 80 110 617 
42 610 28 27 21 22 617 617 
42 610 28 27 21 22 617 617 
42 610 28 27 21 22 617 617 
42 610 28 27 21 22 617 617 
42 610 28 27 21 22 617 617 
42 610 28 27 21 22 617 617 
42 610 28 27 21 22 617 617 
42 610 28 27 21 22 617 617 
42 610 28 27 21 22 617 617 
74 51 42 77 78 610 28 27 21 22 617 617 
42 610 28 27 21 22 617 617 
42 610 28 27 21 22 617 617 
42 610 28 27 21 22 617 617 
42 610 28 27 21 22 617 617 
42 610 28 27 21 22 617 617 
42 610 28 27 21 22 617 617 
42 610 28 27 21 22 617 617 
42 610 28 27 21 22 617 617 
42 610 28 27 21 22 617 617 
42 610 28 27 21 22 617 617 
136 42 610 174 28 27 21 22 617 617 
42 610 28 27 21 22 617 617 
42 610 28 27 21 22 617 617 
42 610 28 27 21 22 617 617 
42 610 28 27 21 22 617 617 
42 610 28 27 21 22 617 617 
42 610 28 27 21 22 617 617 
184 1 15 185 42 610 28 27 21 22 617 617 
42 610 28 27 21 22 617 617 
42 610 28 27 21 22 617 617 
42 610 28 27 21 22 617 617 
42 610 28 27 21 22 617 617 
42 610 28 27 21 22 617 617 
42 610 28 27 21 22 617 617 
42 610 28 27 21 22 617 617 
42 610 28 27 21 22 617 617 
42 610 28 27 21 22 617 617 
42 610 28 27 21 22 617 617 
42 610 28 27 21 22 617 617 
42 610 28 27 21 22 617 617 
136 42 610 174 28 27 21 22 106 617 508 617 
136 42 610 174 28 27 21 22 106 617 508 617 
136 42 610 174 28 27 21 22 106 617 508 617 
136 42 610 174 28 27 21 22 106 617 508 617 
42 610 28 27 21 22 617 617 
42 610 256 27 28 21 22 617 617 
42 610 256 27 28 21 22 617 617 
42 610 28 27 21 22 617 617 
42 610 28 27 21 22 617 496 617 
136 42 610 174 5 28 27 21 22 8 617 496 617 
42 610 109 28 27 21 22 24 617 80 110 617 
42 610 28 27 21 254 22 36 255 617 617 
42 610 28 27 21 22 617 617 
42 610 28 27 21 22 617 617 
42 610 28 27 21 22 617 617 
42 610 28 27 21 22 617 617 
42 610 28 27 21 22 617 617 
42 610 28 27 21 22 546 617 617 
42 610 28 27 21 22 617 617 
42 610 28 27 21 22 617 617 
42 610 28 27 21 22 617 617 
42 610 28 27 21 22 617 617 
42 610 28 27 21 22 617 617 
42 610 28 27 21 22 617 617 
42 610 28 27 21 22 617 617 
42 610 27 28 21 22 24 617 617 
42 610 27 28 21 22 24 617 617 
42 610 27 28 21 22 24 617 617 
42 610 27 28 21 22 24 617 617 
42 610 27 28 21 22 24 617 617 
42 610 27 28 21 22 24 617 617 
1 2 42 610 27 28 21 22 24 617 617 
42 610 27 28 21 22 24 617 617 
42 610 27 28 21 22 24 617 617 
42 610 27 28 21 22 24 617 617 
42 610 27 28 21 22 24 617 617 
1 2 42 610 27 28 21 22 24 617 617 
42 610 27 28 21 22 24 617 617 
1 2 42 610 27 28 21 22 24 617 617 
1 2 42 610 27 28 21 22 24 617 617 
1 2 42 610 27 28 21 22 24 617 617 
42 610 27 28 21 22 24 617 617 
42 610 27 28 21 22 24 617 617 
42 610 27 28 21 22 24 617 617 
42 610 27 28 21 22 24 617 617 
42 610 28 27 21 22 617 617 
42 610 28 27 21 22 617 617 
42 610 28 27 21 22 617 617 
42 610 27 28 21 22 68 24 617 617 
42 610 28 27 21 22 617 496 617 
42 610 28 27 21 22 617 617 
42 610 28 27 21 22 617 617 
42 610 28 27 21 22 617 617 
42 610 28 27 21 22 617 617 
42 610 28 27 21 22 617 617 
42 610 28 27 21 22 617 617 
51 42 375 610 78 28 27 21 22 617 617 
145 42 610 28 27 21 22 617 617 
42 610 28 27 21 22 617 617 
42 610 28 27 21 22 617 617 
42 610 28 27 21 22 617 617 
42 610 28 27 21 22 617 617 
42 610 28 27 21 22 617 617 
42 610 28 27 21 22 617 617 
42 610 28 27 21 22 617 617 
42 610 28 27 21 22 617 617 
42 610 27 28 21 22 24 617 617 
42 610 28 27 21 22 617 617 
42 610 28 27 21 22 617 617 
42 610 28 27 21 22 617 617 
42 610 28 27 21 22 617 617 
42 610 28 27 21 22 617 617 
42 610 28 27 21 22 617 617 
42 610 28 27 21 22 617 617 
42 610 28 27 21 22 617 617 
42 610 28 27 21 22 617 617 
42 610 28 27 21 22 617 617 
42 610 28 27 21 22 617 617 
42 610 28 27 21 22 617 617 
145 42 610 28 27 21 22 617 617 
42 610 28 27 21 22 546 617 617 
42 610 28 27 21 22 617 617 
42 610 28 27 21 22 617 617 
42 610 28 27 21 22 617 617 
42 610 28 27 21 22 617 617 
42 610 28 27 21 22 617 617 
42 610 28 27 21 22 617 617 
1 2 42 610 28 27 21 22 617 617 
42 610 28 27 21 22 617 617 
42 610 28 27 21 22 617 617 
42 610 28 27 21 22 617 617 
1 2 42 610 28 27 21 22 617 617 
1 2 42 610 28 27 21 22 617 617 
42 610 28 27 21 22 617 617 
42 610 28 27 21 22 617 617 
1 2 42 610 28 27 21 22 617 617 
42 610 28 27 21 22 617 617 
136 42 610 174 28 27 21 22 617 617 
42 610 28 27 21 22 617 617 
42 610 28 27 21 22 617 617 
42 610 28 27 21 22 617 617 
42 610 28 27 21 22 617 617 
42 610 28 27 21 254 22 36 255 617 617 
42 610 28 27 21 254 22 36 255 617 617 
42 610 28 27 21 254 22 36 255 617 617 
42 610 28 27 21 254 22 36 255 617 617 
42 610 28 27 21 254 22 36 255 617 617 
42 610 28 27 21 254 22 36 255 617 617 
42 610 28 27 21 254 22 36 255 617 617 
42 610 28 27 21 254 22 36 255 617 617 
42 610 28 27 21 22 617 617 
42 610 27 28 21 22 24 617 617 
42 610 27 28 21 22 24 617 617 
42 610 28 27 21 22 617 617 
42 610 28 27 21 22 617 617 
42 610 28 27 21 22 617 617 
42 610 28 27 21 22 617 617 
42 610 28 27 21 22 617 617 
42 610 28 27 21 22 617 617 
42 610 28 27 21 22 617 617 
42 610 28 27 21 22 617 617 
42 610 28 27 21 22 617 617 
74 51 42 77 78 610 28 27 21 22 617 617 
42 610 28 27 21 22 617 617 
42 610 28 27 21 22 617 617 
42 610 28 27 21 22 617 617 
42 610 28 27 21 22 617 617 
42 610 256 27 28 21 22 617 617 
42 610 28 27 21 22 617 617 
42 610 28 27 21 22 617 617 
42 610 28 27 21 22 617 617 
42 610 28 27 21 22 617 617 
42 610 28 27 21 22 617 617 
42 610 28 27 21 22 617 617 
42 610 28 27 21 22 617 617 
42 610 28 27 21 22 617 617 
42 610 28 27 21 22 617 617 
42 610 28 27 21 22 617 617 
42 610 28 27 21 22 617 617 
42 610 28 27 21 22 617 617 
42 610 28 27 21 22 617 617 
42 610 28 27 21 22 617 617 
42 610 27 28 21 22 617 617 
42 610 28 27 21 22 617 617 
42 610 28 27 21 22 617 617 
42 610 28 27 21 22 617 617 
42 610 28 27 21 22 617 617 
42 610 28 27 21 22 617 617 
42 610 5 62 28 27 6 21 22 63 617 617 
42 610 5 62 28 27 6 21 22 63 617 617 
42 610 5 62 28 27 6 21 22 63 617 617 
42 610 28 27 21 22 617 617 
184 1 15 185 42 610 28 27 21 22 617 617 
42 610 28 27 21 22 617 617 
42 610 28 27 21 22 617 617 
42 610 28 27 21 22 617 617 
42 610 28 27 21 22 617 496 617 
42 610 28 27 21 22 617 496 617 
42 610 28 27 21 22 617 496 617 
42 610 28 27 21 22 617 617 
42 610 28 27 21 22 617 80 79 617 
42 610 28 27 21 22 617 617 
42 610 28 27 21 22 617 617 
42 610 28 27 21 22 617 617 
42 610 28 27 21 22 617 617 
42 610 28 27 21 22 617 617 
42 610 28 27 21 22 617 617 
42 610 28 27 21 22 617 617 
42 610 28 27 21 22 617 617 
42 610 28 27 21 22 617 617 
42 610 28 27 21 22 617 617 
42 610 28 27 21 22 617 617 
42 610 28 27 21 22 617 617 
42 610 28 27 21 22 617 617 
42 610 28 27 21 22 617 617 
42 610 28 27 21 22 617 617 
42 610 28 27 21 22 617 617 
42 610 28 27 21 22 617 617 
42 610 28 27 21 22 617 617 
42 610 28 27 21 22 617 617 
42 610 28 27 21 22 617 617 
42 610 5 27 28 6 21 61 617 617 
42 610 28 27 21 22 617 617 
1 2 42 610 28 27 21 22 617 617 
42 610 28 27 21 22 617 617 
42 610 28 27 21 22 617 617 
42 610 28 27 21 22 617 617 
42 610 28 27 21 22 617 617 
42 610 28 27 21 22 617 617 
42 610 28 27 21 22 617 617 
42 610 28 27 21 22 617 617 
42 610 28 27 21 22 617 617 
42 610 28 27 21 22 617 617 
42 610 91 5 27 28 6 21 22 92 617 617 
1 2 42 610 28 27 21 22 617 617 
42 610 28 27 21 22 617 617 
42 610 28 27 21 22 617 617 
42 610 28 27 21 22 617 617 
42 610 28 27 21 22 617 617 
42 610 28 27 21 22 617 617 
42 610 28 27 21 22 617 617 
54 51 465 42 610 27 28 21 22 469 617 617 
42 610 27 28 21 22 68 24 617 617 
42 610 28 27 21 22 617 617 
74 51 42 77 78 610 28 27 21 22 617 617 
74 51 42 77 78 610 28 27 21 22 617 617 
42 610 28 27 21 22 617 617 
42 610 28 27 21 22 617 617 
42 610 28 27 21 22 617 617 
42 610 28 27 21 22 617 617 
42 610 28 27 21 22 617 617 
42 610 28 27 21 22 617 617 
42 610 28 27 21 22 617 617 
42 610 28 27 21 22 617 617 
42 610 28 27 21 22 617 617 
42 610 28 27 21 22 617 617 
42 610 28 27 21 22 617 617 
42 610 28 27 21 22 617 617 
42 610 28 27 21 22 617 617 
42 610 28 27 21 22 617 617 
42 610 28 27 21 22 617 617 
42 610 28 27 21 22 617 617 
42 610 28 27 21 22 617 617 
42 610 28 27 21 22 617 617 
1 2 42 610 28 27 21 22 617 617 
42 610 28 27 21 22 617 617 
42 610 28 27 21 22 617 617 
42 610 28 27 21 22 617 617 
42 610 28 27 21 22 617 617 
42 610 28 27 21 22 617 617 
42 610 28 27 21 22 617 617 
42 610 28 27 21 22 617 617 
42 610 28 27 21 22 617 617 
42 610 28 27 21 22 617 617 
42 610 28 27 21 22 617 617 
42 610 28 27 21 22 617 617 
42 610 28 27 21 22 617 617 
42 610 28 27 21 22 617 617 
42 610 28 27 21 22 617 617 
42 610 28 115 116 27 21 22 117 617 617 
42 610 27 28 21 22 617 24 617 
42 610 28 27 21 22 617 617 
42 610 28 27 21 22 617 617 
42 610 28 27 21 254 22 36 255 617 617 
42 610 28 27 21 254 22 36 255 617 617 
42 610 28 27 21 254 22 36 255 617 617 
53 54 51 42 610 28 27 21 254 22 36 255 617 617 
42 610 28 27 21 254 22 36 255 617 617 
42 610 28 27 21 254 22 36 255 617 617 
42 610 28 27 21 254 22 36 255 617 617 
42 610 28 27 21 254 22 36 255 617 617 
42 610 28 27 21 254 22 36 255 617 617 
42 610 28 27 21 254 22 36 255 617 617 
42 610 28 27 21 254 22 36 255 617 617 
42 610 28 27 21 22 617 617 
42 610 28 27 21 22 617 496 617 
1 15 42 610 28 27 21 22 617 617 
42 610 28 27 21 22 617 617 
53 54 51 42 610 28 27 21 22 617 617 
42 610 28 27 21 22 617 617 
42 610 28 27 21 22 617 496 617 
42 610 28 27 21 22 617 617 
42 610 28 27 21 22 617 617 
42 610 28 27 21 22 617 617 
42 610 28 27 21 22 617 617 
42 610 28 27 21 22 617 617 
136 42 610 174 28 27 21 22 617 617 
42 610 28 27 21 22 617 617 
42 610 27 28 21 22 475 617 496 617 
42 610 27 28 21 22 475 617 496 617 
51 644 42 610 28 27 21 22 617 617 
42 610 28 27 21 22 617 617 
42 610 28 27 21 22 617 617 
42 610 28 27 21 22 617 617 
42 610 28 27 21 22 617 617 
42 610 28 27 21 22 617 617 
42 610 28 27 21 22 617 617 
42 610 28 27 21 22 617 617 
42 610 28 27 21 22 617 617 
42 610 28 27 21 22 617 617 
42 610 28 27 21 22 617 617 
42 610 28 27 21 22 617 617 
42 610 28 27 21 22 617 617 
42 610 28 27 21 22 617 617 
42 610 28 27 21 22 617 617 
42 610 28 27 21 22 617 617 
42 610 28 27 21 22 617 617 
42 610 28 27 21 22 617 617 
42 610 28 27 21 254 22 36 255 617 617 
145 42 610 28 27 21 254 22 36 255 617 617 
42 610 28 27 21 22 617 617 
42 610 28 27 21 22 617 617 
42 610 28 27 21 22 617 617 
42 610 28 27 21 22 617 617 
42 610 28 27 21 22 617 617 
42 610 81 133 27 28 21 22 82 68 24 617 617 
42 610 81 133 27 28 21 22 82 68 24 617 617 
42 610 28 27 21 22 617 617 
42 610 28 27 21 22 617 617 
42 610 28 27 21 22 617 617 
42 610 28 27 21 22 617 617 
42 610 28 27 21 22 617 617 
42 610 28 27 21 22 617 617 
42 610 28 27 21 22 617 617 
42 610 28 27 21 22 546 617 617 
42 610 28 27 21 22 617 617 
42 610 28 27 21 22 617 617 
42 610 28 27 21 22 617 617 
42 610 28 27 21 22 617 617 
42 610 28 27 21 22 617 617 
42 610 28 27 21 22 617 617 
42 610 28 27 21 22 617 617 
42 610 28 27 21 22 617 617 
42 610 28 27 21 22 617 617 
42 610 28 27 21 22 617 617 
42 610 28 27 21 22 617 617 
42 610 28 27 21 22 617 617 
42 610 28 109 27 21 22 617 80 110 617 
42 610 27 28 21 22 469 617 617 
42 610 28 27 21 22 617 617 
42 610 28 27 21 22 617 617 
42 610 28 27 21 22 617 617 
42 610 28 27 21 22 617 617 
42 610 28 27 21 22 617 617 
42 610 28 27 21 22 617 496 617 
1 2 42 610 28 27 21 22 617 496 617 
145 42 610 28 27 21 22 617 496 617 
42 610 28 27 21 22 617 617 
42 610 28 27 21 22 617 617 
42 610 28 27 21 22 617 496 617 
42 610 28 27 21 22 617 617 
136 42 610 174 28 27 21 22 617 617 
42 610 28 27 21 22 617 617 
42 610 28 27 21 22 36 584 617 617 
42 610 5 28 27 6 21 63 22 618 617 617 
42 610 28 27 21 22 617 617 
42 610 28 27 21 22 617 617 
51 42 610 28 27 21 22 617 496 617 
1 15 42 610 28 27 21 22 546 617 617 
42 610 28 27 21 22 617 617 
42 610 28 27 21 22 617 617 
42 610 28 27 21 22 617 617 
42 610 28 27 21 22 617 617 
42 610 28 27 21 22 617 617 
42 610 28 27 21 22 617 617 
42 610 28 27 21 22 617 617 
42 610 28 27 21 22 617 617 
42 610 28 27 21 22 617 617 
42 610 28 27 21 22 617 617 
42 610 28 27 21 22 617 617 
42 610 28 27 21 22 617 617 
42 610 28 27 21 22 617 617 
42 610 28 27 21 22 617 617 
1 2 42 610 28 27 21 22 617 617 
42 610 28 27 21 22 617 617 
42 610 28 27 21 22 617 617 
42 610 28 27 21 22 617 617 
42 610 28 27 21 22 617 617 
42 610 28 27 21 22 617 617 
42 610 28 27 21 22 617 617 
42 610 28 27 21 22 617 617 
42 610 28 27 21 22 617 617 
42 610 28 27 21 22 617 617 
145 42 610 28 27 21 22 617 617 
42 610 28 27 21 22 617 617 
42 610 28 27 21 22 617 617 
42 610 28 27 21 22 617 617 
42 610 28 27 21 22 617 617 
42 610 28 27 21 22 617 617 
42 610 28 27 21 22 617 617 
42 610 28 27 21 22 617 617 
42 610 28 27 21 22 617 617 
42 610 28 27 21 22 617 617 
42 610 28 27 21 22 617 617 
42 610 28 27 21 22 617 617 
42 610 28 27 21 22 617 617 
42 610 28 27 21 22 617 617 
42 610 28 27 21 22 617 617 
42 610 28 27 21 22 617 617 
42 610 28 27 21 22 617 617 
42 610 28 27 21 22 617 617 
42 610 28 27 21 22 617 617 
42 610 28 27 21 22 617 617 
42 610 28 27 21 22 617 617 
42 610 28 27 21 22 617 617 
42 610 28 27 21 22 617 617 
42 610 27 28 21 22 24 617 617 
42 610 28 27 21 22 617 617 
42 610 28 27 21 22 617 617 
42 610 28 27 21 22 617 617 
184 1 15 185 42 610 28 109 27 21 22 617 80 110 617 
42 610 28 27 21 22 617 617 
42 610 28 27 21 22 617 617 
42 610 28 27 21 22 617 617 
42 610 28 27 21 22 617 617 
42 610 28 27 21 22 617 617 
42 610 28 27 21 22 617 617 
42 610 28 27 21 22 617 617 
42 610 28 27 21 22 617 496 617 
42 610 28 27 21 22 617 496 617 
136 42 610 174 28 27 21 22 617 496 617 
42 610 28 27 21 22 546 617 617 
42 610 28 27 21 22 617 617 
42 610 28 27 21 22 617 617 
42 610 28 27 21 22 617 617 
42 610 28 27 21 22 617 617 
136 42 610 174 28 27 21 22 617 617 
1 2 42 610 28 27 21 22 617 496 617 
42 610 5 28 27 6 21 22 617 617 
42 610 5 28 27 6 21 22 617 617 
42 610 5 28 27 6 21 22 617 617 
42 610 28 27 21 22 617 617 
42 610 28 27 21 22 617 617 
40 42 610 28 27 21 22 617 617 
42 610 28 27 21 22 617 617 
42 610 28 27 21 22 617 617 
42 610 28 27 21 22 617 617 
42 610 28 27 21 22 617 617 
42 610 28 27 21 22 617 617 
42 610 28 27 21 22 617 617 
42 610 28 27 21 22 617 617 
42 610 28 27 21 22 617 617 
42 610 28 27 21 22 617 617 
42 610 28 27 21 22 617 617 
42 610 28 27 21 22 617 617 
42 610 28 27 21 22 617 617 
42 610 28 27 21 22 617 617 
42 610 28 27 21 22 617 617 
42 610 28 27 21 22 617 617 
42 610 28 27 21 22 617 617 
42 610 28 27 21 22 617 617 
42 610 28 27 21 22 617 617 
42 610 28 27 21 22 617 617 
42 610 28 27 21 22 617 617 
1 2 42 610 28 27 21 22 617 617 
42 610 28 27 21 22 617 617 
42 610 28 27 21 22 617 617 
42 610 28 27 21 22 617 617 
42 610 28 27 21 22 617 617 
184 1 15 185 42 610 28 27 21 22 617 617 
184 1 15 185 42 610 28 27 21 22 617 617 
42 610 28 27 21 22 617 617 
42 610 28 27 21 22 617 617 
42 610 28 27 21 22 617 617 
42 610 28 27 21 22 617 617 
42 610 28 27 21 22 617 617 
42 610 28 27 21 22 617 617 
42 610 28 27 21 22 617 617 
42 610 28 27 21 22 617 617 
42 610 28 27 21 22 617 617 
42 610 28 27 21 22 617 617 
42 610 28 27 21 22 617 617 
42 610 28 27 21 22 617 617 
42 610 28 27 21 22 617 617 
42 610 28 27 21 22 617 617 
184 1 15 185 42 610 28 27 21 22 617 617 
184 1 15 185 42 610 28 27 21 22 617 617 
42 610 28 27 21 22 617 617 
42 610 28 27 21 22 617 617 
42 610 28 27 21 22 617 617 
42 610 28 27 21 22 617 617 
42 610 28 27 21 22 617 617 
42 610 28 27 21 22 617 617 
42 610 256 27 28 21 22 617 617 
145 42 610 28 27 21 22 617 617 
42 610 28 27 21 22 617 617 
51 42 610 28 27 21 22 617 617 
40 41 42 610 27 28 21 22 90 617 617 
42 610 28 27 21 22 617 617 
42 610 28 27 21 22 617 617 
42 610 28 27 21 22 617 617 
42 610 28 27 21 22 617 617 
42 610 28 27 21 22 617 617 
42 610 28 27 21 22 617 617 
42 610 28 27 21 22 617 617 
42 610 28 27 21 22 617 617 
42 610 28 27 21 22 617 617 
1 2 42 610 28 27 21 22 617 617 
42 610 28 27 21 22 617 617 
42 610 28 27 21 22 617 617 
42 610 28 27 21 22 617 617 
42 610 28 27 21 22 617 617 
42 610 28 27 21 22 617 617 
42 610 28 27 21 22 617 617 
42 610 28 27 21 22 617 617 
42 610 27 28 21 22 617 617 
42 610 27 28 21 22 546 617 617 
42 610 28 27 21 22 617 617 
42 610 28 27 21 22 617 617 
42 610 28 27 21 22 617 617 
42 610 28 27 21 22 617 617 
42 610 28 27 21 22 617 617 
42 610 28 27 21 22 617 617 
42 610 28 27 21 22 617 617 
42 610 28 27 21 22 617 617 
42 610 28 27 21 22 617 617 
42 610 28 27 21 22 617 617 
42 610 5 62 28 27 6 21 22 63 617 617 
42 610 28 27 21 22 617 203 617 
42 610 28 27 21 22 617 203 617 
42 610 28 27 21 22 617 617 
42 610 28 27 21 22 617 617 
42 610 28 27 21 22 617 617 
42 610 28 27 21 22 617 617 
1 2 42 610 28 27 21 22 617 496 617 
42 610 28 27 21 22 617 617 
42 610 28 27 21 22 617 617 
42 610 28 27 21 22 617 617 
42 610 28 27 21 22 617 617 
42 610 28 27 21 22 617 617 
42 610 28 27 21 22 617 617 
1 2 42 610 28 27 21 22 617 617 
42 610 28 27 21 22 617 617 
42 610 28 27 21 22 617 617 
42 610 28 27 21 22 617 617 
42 610 28 27 21 22 617 617 
42 610 5 62 28 27 6 21 22 63 617 617 
42 610 5 62 28 27 6 21 22 63 617 617 
42 610 5 62 28 27 6 21 22 63 617 617 
42 610 28 27 21 22 617 617 
42 610 28 27 21 22 617 617 
42 610 28 27 21 22 617 617 
1 2 42 610 28 27 21 22 617 617 
42 610 28 27 21 22 617 617 
42 610 28 27 21 22 617 617 
42 610 28 27 21 22 617 617 
42 610 28 27 21 22 617 617 
42 610 28 27 21 22 617 617 
136 42 610 174 28 27 21 22 617 617 
136 42 610 174 28 27 21 22 617 617 
136 42 610 174 28 27 21 22 617 617 
136 42 610 174 28 27 21 22 617 617 
42 610 28 27 21 22 617 617 
136 42 610 174 28 27 21 22 617 617 
136 42 610 174 28 27 21 22 617 617 
136 42 610 174 28 27 21 22 617 617 
136 42 610 174 28 27 21 22 617 617 
136 42 610 174 28 27 21 22 617 617 
42 610 28 27 21 22 617 617 
136 42 610 174 28 27 21 22 617 617 
136 42 610 174 28 27 21 22 617 617 
136 42 610 174 28 27 21 22 617 617 
136 42 610 174 28 27 21 22 617 617 
136 42 610 174 28 27 21 22 617 617 
136 42 610 174 28 27 21 22 617 617 
136 42 610 174 28 27 21 22 617 617 
136 42 610 174 28 27 21 22 617 617 
136 42 610 174 28 27 21 22 617 617 
136 42 610 174 28 27 21 22 617 617 
136 42 610 174 28 27 21 22 617 617 
136 42 610 174 28 27 21 22 617 617 
136 42 610 174 28 27 21 22 617 617 
136 42 610 174 28 27 21 22 617 617 
136 42 610 174 28 27 21 22 617 617 
136 42 610 174 28 27 21 22 617 617 
42 610 28 27 21 22 617 617 
136 42 610 174 28 27 21 22 617 617 
136 42 610 174 28 27 21 22 617 617 
136 42 610 174 28 27 21 22 617 617 
136 42 610 174 28 27 21 22 617 617 
136 42 610 174 28 27 21 22 617 617 
136 42 610 174 28 27 21 22 617 617 
136 42 610 174 28 27 21 22 617 617 
136 42 610 174 28 27 21 22 617 617 
136 42 610 174 28 27 21 22 617 617 
136 42 610 174 28 27 21 22 617 617 
136 42 610 174 28 27 21 22 617 617 
136 42 610 174 28 27 21 22 617 617 
136 42 610 174 28 27 21 22 617 617 
136 42 610 174 28 27 21 22 617 617 
136 42 610 174 28 27 21 22 617 617 
136 42 610 174 28 27 21 22 617 617 
136 42 610 174 28 27 21 22 617 617 
136 42 610 174 28 27 21 22 617 617 
136 42 610 174 28 27 21 22 617 617 
136 42 610 174 28 27 21 22 617 617 
42 610 28 27 21 22 617 617 
42 610 28 27 21 22 617 617 
42 610 28 27 21 22 617 496 617 
42 610 28 27 21 22 617 617 
42 610 73 28 27 21 22 617 617 
42 610 28 27 21 22 617 617 
42 610 28 27 21 22 617 617 
42 610 28 27 21 22 617 617 
42 610 28 27 21 22 617 617 
42 610 28 27 21 22 617 617 
42 610 27 28 21 22 68 24 617 617 
42 610 28 27 21 22 617 617 
42 610 28 27 21 22 617 617 
74 51 42 77 78 610 28 27 21 22 617 617 
42 610 28 27 21 22 617 617 
42 610 28 27 21 22 617 617 
42 610 28 27 21 22 617 617 
42 610 28 27 21 22 36 584 617 617 
42 610 28 27 21 22 36 584 617 617 
42 610 28 27 21 22 36 584 617 617 
42 610 28 27 21 22 36 584 617 617 
42 610 28 27 21 22 36 584 617 617 
42 610 28 27 21 22 617 617 
42 610 28 27 21 22 617 617 
42 610 28 27 21 22 617 617 
42 610 28 27 21 22 617 617 
42 610 91 5 28 27 6 21 22 92 617 617 
42 610 28 27 21 22 617 496 617 
42 610 28 27 133 21 22 68 24 617 617 
42 610 28 27 133 21 22 68 24 617 617 
42 610 28 27 21 22 617 617 
55 42 56 57 610 28 27 21 22 617 617 
42 610 28 27 21 22 617 617 
42 610 28 27 21 22 617 617 
136 42 610 174 28 27 21 22 617 617 
136 42 610 174 28 27 21 22 617 617 
136 42 610 174 28 27 21 22 617 617 
42 610 28 27 21 22 617 617 
42 610 28 27 21 22 617 617 
42 610 28 27 21 22 617 617 
42 610 28 27 21 22 617 617 
42 610 28 27 21 22 617 617 
42 610 28 27 21 22 617 617 
42 610 28 27 21 22 617 617 
42 610 28 27 21 22 617 617 
42 610 28 27 21 22 617 617 
136 42 610 174 28 27 21 22 617 617 
42 610 28 27 21 22 617 617 
42 610 28 27 21 22 617 617 
42 610 28 27 21 22 617 617 
42 610 28 27 21 22 617 617 
42 610 28 27 21 22 617 617 
42 610 28 27 21 22 617 617 
42 610 28 27 21 22 617 617 
42 610 28 27 21 22 617 617 
51 42 610 28 27 21 22 617 617 
42 610 28 27 21 22 617 617 
42 610 28 27 21 22 617 617 
42 610 28 27 21 22 617 617 
42 610 28 27 21 22 617 617 
42 610 28 27 21 22 617 617 
42 610 28 27 21 22 617 617 
42 610 28 27 21 22 617 617 
42 610 28 27 21 22 617 617 
42 610 28 27 21 22 617 617 
42 610 28 27 21 22 617 617 
42 610 28 27 21 22 617 617 
42 610 28 27 21 22 617 617 