40 582 42 5 143 8 144 8 
40 582 42 5 143 8 144 8 
40 582 42 5 143 8 144 8 
40 582 42 5 143 8 144 8 
40 582 42 5 143 8 144 8 
40 582 42 5 143 8 144 8 
40 582 42 5 143 8 144 8 
40 582 42 5 91 6 92 8 8 
40 582 42 5 143 8 144 8 
40 582 145 42 5 8 8 
40 582 42 5 143 8 144 8 
40 582 42 5 143 8 144 8 
40 582 42 5 8 8 
40 582 42 5 8 8 
40 582 42 5 8 8 
1 40 582 2 42 5 8 8 
40 582 42 5 8 8 
40 582 42 5 8 8 
40 582 42 5 8 8 
40 582 42 5 8 8 
40 582 42 5 8 8 
40 582 42 5 8 8 
40 582 42 5 8 8 
40 582 42 5 8 8 
40 582 42 5 8 8 
40 582 42 5 8 8 
40 582 42 5 8 8 
40 582 42 5 8 8 
40 582 42 5 8 8 
40 582 42 5 8 8 
40 582 42 5 8 8 
1 40 582 15 42 43 5 143 8 144 8 
1 40 582 18 19 20 2 42 5 143 8 144 8 
40 582 42 5 143 8 144 8 
40 582 145 42 5 143 8 144 8 
40 582 42 73 5 143 8 144 8 
1 40 582 2 42 5 8 8 
40 582 42 5 8 8 
40 582 42 5 8 8 
40 582 42 5 8 8 
40 582 42 73 5 8 8 
40 582 42 73 5 8 8 
40 582 42 5 8 8 
40 582 42 73 5 8 8 
40 582 42 5 8 8 
40 582 42 73 5 8 8 
40 582 42 73 5 8 8 
1 40 582 2 42 5 8 8 
40 582 42 73 5 8 8 
40 582 42 5 8 8 
40 582 42 5 8 8 
40 582 42 5 8 8 
40 582 42 5 8 8 
40 582 42 73 5 8 8 
40 582 42 5 8 8 
40 582 42 5 8 8 
40 582 42 5 8 8 
40 582 42 5 8 8 
40 582 42 5 8 8 
40 582 42 5 8 8 
40 582 42 5 8 8 
40 582 42 5 143 8 144 8 
1 40 582 15 42 43 5 143 8 144 8 
40 582 42 5 143 8 144 8 
40 582 42 73 5 143 8 144 8 
40 582 42 5 143 8 144 8 
40 582 42 5 143 8 144 8 
40 582 42 5 143 8 144 8 
40 582 178 136 42 5 143 8 144 8 
40 582 42 5 143 8 144 8 
40 582 42 5 143 8 144 8 
40 582 42 5 143 8 144 8 
40 582 42 5 143 8 144 8 
40 582 42 5 143 8 144 8 
1 40 582 2 42 5 143 8 144 8 
40 582 42 5 143 8 144 8 
40 582 42 5 143 8 144 8 
40 582 42 5 143 8 144 8 
40 582 42 5 143 8 144 8 
40 582 42 5 143 8 144 8 
40 582 42 5 143 8 144 8 
40 582 42 5 143 8 144 8 
40 582 42 5 143 8 144 8 
40 582 42 5 143 8 144 8 
40 582 42 5 143 8 144 8 
40 582 42 5 143 8 144 8 
40 582 178 136 42 5 8 165 8 
40 582 42 5 143 8 144 8 
40 582 42 5 143 8 144 8 
40 582 42 5 8 156 144 8 
40 582 42 5 8 156 144 8 
40 582 42 5 91 6 92 8 8 
40 582 42 5 8 8 
1 40 582 18 19 20 2 42 5 143 8 144 8 
40 582 42 5 91 6 92 8 8 
40 582 42 5 143 8 144 8 
40 582 42 5 143 8 144 8 
40 582 42 5 143 8 144 8 
40 582 42 5 143 8 144 8 
40 582 42 5 143 8 144 8 
40 582 42 5 143 8 144 8 
40 582 42 5 143 8 144 8 
40 582 42 73 5 143 8 144 8 
40 582 42 5 143 8 144 8 
40 582 42 5 143 8 144 8 
40 582 42 5 143 8 144 8 
40 582 42 5 143 8 144 8 
40 582 42 73 5 143 8 144 8 
40 582 42 5 143 8 144 8 
40 582 42 5 143 8 144 8 
40 582 42 5 143 8 144 8 
40 582 42 5 143 8 144 8 
40 582 42 5 143 8 144 8 
40 582 42 5 143 8 144 8 
40 582 42 5 143 8 144 8 
40 582 42 5 143 8 144 8 
1 40 582 2 42 5 91 6 92 8 8 
40 582 42 5 91 6 92 8 8 
40 582 42 5 143 8 144 8 
40 582 42 5 143 8 144 8 
40 582 42 5 143 8 144 8 
40 582 42 5 143 8 144 8 
40 582 42 5 143 8 144 8 
40 582 42 73 5 8 8 
40 582 42 5 143 8 144 8 
40 582 42 5 8 8 
40 582 42 5 161 91 6 92 8 8 
40 582 42 5 161 91 6 92 8 8 
40 582 42 5 143 8 144 8 
40 582 42 5 143 8 144 8 
40 582 145 42 5 8 8 
40 582 42 5 143 8 144 8 
1 40 582 42 5 8 8 
40 582 42 5 8 8 
40 582 42 5 8 8 
40 582 42 5 8 165 8 
40 582 42 5 8 8 
40 582 42 5 143 8 144 8 
40 582 42 5 143 8 144 8 
40 582 42 5 8 8 
40 582 42 5 8 8 
40 582 42 5 143 8 144 8 
1 40 582 2 42 5 143 8 144 8 
40 582 42 5 8 8 
40 582 42 5 8 8 
1 40 582 15 42 43 5 8 8 
40 582 42 5 8 8 
40 582 42 5 8 144 8 
40 582 178 136 42 460 5 8 142 36 8 
40 582 145 42 5 8 8 
40 582 42 5 8 8 
40 582 42 5 8 8 
40 582 42 5 8 8 
40 582 42 5 8 8 
40 582 42 5 8 8 
40 582 42 5 8 8 
1 40 582 2 42 5 8 8 
40 582 42 5 8 8 
40 582 42 5 8 8 
40 582 42 5 8 8 
40 582 42 5 8 8 
40 582 42 5 8 8 
1 40 582 42 5 8 8 
40 582 42 5 8 8 
40 582 42 5 8 8 
40 582 42 5 8 8 
40 582 42 5 8 8 
40 582 42 5 8 8 
40 582 42 5 8 8 
40 582 42 73 5 8 8 
40 582 42 5 8 8 
40 582 42 73 5 8 8 
40 582 42 5 143 8 144 8 
40 582 42 5 8 8 
40 582 42 5 8 8 
40 582 42 5 8 8 
40 582 42 5 8 8 
40 582 42 5 8 8 
40 582 42 5 8 8 
40 582 42 5 8 8 
40 582 145 42 5 8 8 
40 582 42 5 8 8 
40 582 42 73 5 8 8 
40 582 42 5 8 8 
40 582 42 5 8 8 
40 582 42 5 8 8 
40 582 42 73 5 8 8 
40 582 42 73 5 8 8 
1 40 582 2 42 5 8 8 
40 582 42 5 8 8 
40 582 42 5 8 8 
40 582 42 5 8 8 
40 582 42 5 8 8 
40 582 42 5 8 8 
40 582 42 5 8 8 
40 582 42 5 8 8 
40 582 42 5 8 8 
40 582 42 5 8 8 
40 582 42 5 8 8 
40 582 42 73 5 8 8 
40 582 42 5 143 8 144 8 
40 582 42 5 143 8 144 8 
40 582 42 5 143 8 144 8 
40 582 42 5 143 8 144 8 
40 582 42 5 143 8 144 8 
40 582 42 73 5 8 8 
40 582 42 5 143 8 144 8 
40 582 42 5 143 8 144 8 
1 40 582 2 42 5 143 8 144 8 
40 582 42 5 8 8 
40 582 42 5 8 8 
40 582 42 73 5 8 8 
40 582 42 5 8 8 
40 582 42 5 8 8 
40 582 42 5 8 8 
40 582 42 5 8 8 
40 582 42 5 8 8 
40 582 42 73 5 91 6 92 8 8 
40 582 42 5 143 8 144 8 
40 582 42 5 143 8 144 8 
40 582 42 5 143 8 144 8 
40 582 42 5 143 8 144 8 
40 582 42 5 143 8 144 8 
40 582 42 5 143 8 144 8 
40 582 42 5 143 8 144 8 
40 582 42 5 143 8 144 8 
40 582 42 5 143 8 144 8 
40 582 42 5 143 8 144 8 
40 582 42 5 143 8 144 8 
40 582 42 5 143 8 144 8 
40 582 42 5 143 8 144 8 
40 582 42 5 143 8 144 8 
40 582 42 5 143 8 144 8 
40 582 42 5 8 8 
40 582 42 5 8 8 
40 582 42 5 8 8 
40 582 42 5 8 8 
40 582 42 5 143 8 144 8 
40 582 42 5 8 12 8 
40 582 42 5 8 8 
40 582 42 5 8 8 
1 40 582 2 42 5 8 8 
40 582 42 73 5 8 8 
40 582 42 5 8 8 
40 582 42 5 8 8 
40 582 42 5 8 8 
1 40 582 2 42 5 8 8 
40 582 42 5 8 8 
40 582 42 5 8 8 
1 40 582 2 42 5 8 8 
40 582 42 5 8 8 
40 582 42 5 143 8 144 8 
40 582 42 5 143 8 144 8 
40 582 42 5 143 8 144 8 
40 582 42 5 143 8 144 8 
40 582 42 5 143 8 144 8 
40 582 42 5 143 8 144 8 
40 582 42 5 143 8 144 8 
40 582 42 5 143 8 144 8 
40 582 42 5 91 6 92 8 8 
40 582 42 5 8 8 
40 582 42 5 8 8 
40 582 42 73 5 8 8 
40 582 42 5 8 8 
40 582 42 5 8 8 
40 582 178 136 42 5 143 8 144 8 
40 582 42 5 91 6 92 8 8 
40 582 42 5 8 8 
1 40 582 15 42 43 5 143 8 144 8 
40 582 42 5 143 8 144 8 
40 582 42 5 91 6 92 8 8 
40 582 42 5 143 8 144 8 
40 582 42 5 143 8 144 8 
40 582 42 5 143 8 144 8 
40 582 42 5 143 8 144 8 
40 582 42 5 143 8 144 8 
40 582 42 73 5 143 8 144 8 
40 582 42 5 143 8 144 8 
40 582 42 5 143 8 144 8 
40 582 42 5 143 8 144 8 
40 582 42 5 143 8 144 8 
40 582 42 5 143 8 144 8 
40 582 42 5 143 8 144 8 
40 582 42 5 143 8 144 8 
40 582 42 5 143 8 144 8 
40 582 42 5 143 8 144 8 
40 582 42 73 5 143 8 144 8 
40 582 42 73 5 143 8 144 8 
40 582 42 5 143 8 144 8 
1 40 582 2 42 5 143 8 144 8 
40 582 42 73 5 143 8 144 8 
40 582 42 5 143 8 144 8 
1 40 582 2 42 5 143 8 144 8 
40 582 42 5 143 8 144 8 
40 582 42 5 143 8 144 8 
40 582 42 5 143 8 144 8 
40 582 42 73 5 143 8 144 8 
40 582 42 5 143 8 144 8 
40 582 42 73 5 143 8 144 8 
40 582 42 73 5 143 8 144 8 
40 582 42 5 143 8 144 8 
40 582 42 73 5 143 8 144 8 
40 582 42 5 143 8 144 8 
40 582 42 5 143 8 144 8 
40 582 42 5 143 8 144 8 
40 582 42 73 5 143 8 144 8 
40 582 42 5 143 8 144 8 
40 582 42 5 91 6 92 8 8 
40 582 42 5 143 8 144 8 
40 582 42 5 143 8 144 8 
40 582 42 5 143 8 144 8 
40 582 42 5 8 156 144 8 
40 582 42 5 143 8 144 8 
40 582 42 5 143 8 144 8 
40 582 42 5 143 8 144 8 
1 40 582 2 42 5 143 8 144 8 
1 40 582 2 42 5 143 8 144 8 
40 582 42 5 143 8 144 8 
40 582 42 73 5 143 8 144 8 
40 582 42 5 143 8 144 8 
1 40 582 2 42 5 21 8 82 24 8 
40 582 42 5 143 8 144 8 
40 582 42 5 8 144 8 
40 582 42 5 8 144 8 
40 582 42 5 8 8 
40 582 42 5 8 8 
1 40 582 2 42 5 8 8 
40 582 42 5 8 8 
40 582 42 5 8 8 
40 582 42 5 8 8 
40 582 42 5 8 8 
40 582 42 5 8 8 
40 582 42 5 8 8 
40 582 42 5 8 8 
40 582 42 5 8 8 
40 582 42 5 8 8 
1 40 582 2 42 5 8 8 
40 582 42 5 8 8 
40 582 42 5 143 8 144 8 
40 582 42 5 8 8 
40 582 42 5 143 8 144 8 
40 582 42 5 143 8 144 8 
1 40 582 2 42 167 5 143 8 144 8 
40 582 42 5 143 8 144 8 
40 582 42 5 143 8 144 8 
40 582 42 5 143 8 144 8 
40 582 42 5 8 8 
40 582 42 5 8 8 
40 582 42 5 8 8 
40 582 42 5 143 8 144 8 
40 582 42 5 143 8 144 8 
40 582 42 5 8 8 
40 582 42 5 8 8 
40 582 42 5 8 8 
40 582 42 5 91 6 92 8 8 
40 582 42 5 143 8 144 8 
40 582 42 5 143 8 144 8 
40 582 42 5 91 6 92 8 8 
40 582 42 5 143 8 144 8 
40 582 42 5 143 8 144 8 
40 582 42 5 143 8 144 8 
40 582 42 5 143 8 144 8 
40 582 42 5 143 8 144 8 
40 582 42 5 143 8 144 8 
40 582 42 5 91 6 92 8 8 
40 582 42 5 8 8 
40 582 42 5 143 8 144 8 
40 582 42 5 143 8 144 8 
40 582 42 5 143 8 144 8 
40 582 42 5 143 8 144 8 
40 582 42 5 143 8 144 8 
40 582 42 5 8 8 
40 582 42 73 5 8 8 
40 582 42 5 8 8 
40 582 42 5 8 8 
40 582 42 5 8 8 
40 582 42 5 8 8 
40 582 42 5 143 8 144 8 
40 582 42 5 143 8 144 8 
40 582 42 5 8 8 
40 582 42 5 8 8 
40 582 42 73 5 143 8 144 8 
40 582 42 5 143 8 144 8 
1 40 582 42 5 143 8 144 8 
40 582 42 5 143 8 144 8 
40 582 42 5 143 8 144 8 
40 582 42 5 143 8 144 8 
40 582 42 5 143 8 144 8 
1 40 582 2 42 5 143 8 144 8 
40 582 42 5 8 35 8 
40 582 42 5 8 8 
40 582 42 5 8 8 
40 582 42 5 143 8 144 8 
40 582 42 5 143 8 144 8 
1 40 582 2 42 5 8 8 
40 582 42 5 8 8 
40 582 42 5 8 8 
40 582 42 5 8 8 
40 582 42 5 8 8 
40 582 42 5 8 8 
40 582 42 5 8 8 
40 582 42 5 8 8 
40 582 42 5 8 8 
40 582 42 5 8 8 
40 582 42 5 8 8 
40 582 42 5 143 8 144 8 
40 582 42 5 8 8 
40 582 42 5 8 8 
40 582 178 136 42 5 8 8 
40 582 42 5 143 8 144 8 
40 582 42 5 143 8 144 8 
40 582 42 5 143 8 144 8 
40 582 42 5 143 8 144 8 
40 582 42 5 143 8 144 8 
40 582 42 5 8 8 
40 582 42 5 8 8 
40 582 42 5 8 8 
40 582 42 5 143 8 144 8 
40 582 42 5 143 8 144 8 
40 582 42 5 143 8 144 8 
40 582 42 5 143 8 144 8 
40 582 42 5 143 8 144 8 
40 582 42 5 143 8 144 8 
40 582 42 5 143 8 144 8 
1 40 582 2 42 5 143 8 144 8 
40 582 42 5 143 8 144 8 
40 582 42 5 143 8 144 8 
40 582 42 73 5 143 8 144 8 
40 582 42 5 143 8 144 8 
40 582 42 5 143 8 144 8 
40 582 42 5 143 162 8 144 8 
40 582 42 5 143 162 8 144 8 
40 582 42 5 143 8 144 8 
40 582 42 5 143 8 144 8 
40 582 42 5 143 8 144 8 
40 582 42 5 143 8 144 8 
40 582 42 5 143 8 144 8 
40 582 42 5 143 8 144 8 
40 582 42 5 143 8 144 8 
40 582 42 5 143 8 144 8 
40 582 42 5 8 8 
40 582 42 5 143 8 144 8 
40 582 42 73 5 143 8 144 8 
40 582 42 73 5 143 8 144 8 
40 582 42 5 143 8 144 8 
40 582 42 73 5 8 8 
40 582 42 5 143 8 144 8 
40 582 42 5 8 8 
1 40 582 2 42 5 8 8 
1 40 582 2 42 5 8 8 
40 582 42 5 8 8 
40 582 42 5 8 8 
40 582 42 5 143 8 144 8 
40 582 42 5 143 8 144 8 
40 582 42 5 143 8 144 8 
40 582 42 5 143 8 144 8 
1 40 582 42 5 143 8 144 8 
40 582 42 5 8 8 
40 582 42 5 8 8 
1 40 582 42 5 8 8 
40 582 42 5 8 8 
40 582 42 5 143 8 144 8 
40 582 42 5 8 8 
40 582 42 5 8 8 
40 582 42 5 143 8 144 8 
40 582 42 5 143 8 144 8 
40 582 42 5 8 156 144 8 
40 582 42 73 5 8 156 144 8 
40 582 42 5 8 8 
40 582 42 5 8 8 
40 582 42 5 8 8 
40 582 42 5 8 8 
40 582 42 5 8 8 
40 582 42 5 8 8 
40 582 42 5 8 8 
40 582 42 5 8 8 
40 582 42 5 8 8 
40 582 178 136 42 5 8 8 
40 582 178 136 42 5 8 8 
40 582 42 5 8 8 
40 582 42 73 5 8 8 
40 582 42 73 5 8 8 
40 582 42 73 5 8 8 
40 582 42 73 5 8 8 
40 582 42 5 143 8 144 8 
40 582 42 73 5 8 8 
40 582 42 73 5 8 8 
40 582 42 73 5 8 8 
40 582 42 5 8 8 
40 582 42 5 143 8 144 8 
1 40 582 15 42 5 143 8 144 8 
40 582 42 5 8 8 
40 582 42 5 8 8 
40 582 42 5 8 8 
40 582 42 5 143 8 144 8 
1 40 582 42 5 143 8 144 8 
40 582 42 5 8 8 
40 582 42 5 8 8 
40 582 42 5 8 8 
40 582 42 5 8 8 
40 582 42 5 8 36 122 8 
40 582 42 73 5 143 8 144 8 
40 582 42 73 5 143 8 144 8 
40 582 42 73 5 8 8 
40 582 42 5 8 8 
40 582 42 5 8 8 
40 582 42 5 8 8 
40 582 42 5 8 8 
40 582 42 5 143 8 144 8 
40 582 41 42 5 143 8 144 8 
40 582 42 5 8 8 
1 40 582 2 42 5 143 8 144 8 
40 582 42 5 8 8 
40 582 42 5 8 8 
40 582 42 5 143 8 144 8 
40 582 42 5 8 165 8 
40 582 42 5 8 165 8 
40 582 42 5 8 165 8 
40 582 42 5 8 35 8 
40 582 42 73 5 8 8 
40 582 42 5 161 8 8 
40 582 42 5 8 8 
40 582 42 5 8 8 
40 582 42 5 8 8 
1 40 582 42 5 8 8 
40 582 42 5 8 8 
40 582 42 5 8 8 
1 40 582 42 5 8 8 
40 582 42 5 8 8 
40 582 42 5 143 8 144 8 
40 582 42 5 8 8 
40 582 42 5 8 8 
40 582 42 5 8 144 8 
40 582 42 5 8 144 8 
40 582 42 5 8 8 
1 40 582 2 42 5 8 8 
1 40 582 42 5 8 144 8 
40 582 145 42 5 8 144 8 
40 582 42 5 8 8 
40 582 42 5 8 8 
40 582 42 5 8 8 
40 582 42 5 143 8 144 8 
1 40 582 18 19 20 2 42 5 143 8 144 8 
40 582 42 5 143 8 144 8 
40 582 42 5 143 8 144 8 
40 582 42 5 143 8 144 8 
40 582 42 5 143 8 144 8 
40 582 42 5 143 8 144 8 
40 582 42 5 143 8 144 8 
40 582 42 5 143 8 144 8 
40 582 42 5 143 8 144 8 
40 582 42 5 143 8 144 8 
40 582 42 5 143 8 144 8 
40 582 42 5 143 8 144 8 
40 582 42 5 143 8 144 8 
40 582 42 5 143 8 144 8 
40 582 42 5 143 8 144 8 
40 582 42 5 143 8 144 8 
40 582 42 5 143 8 144 8 
40 582 42 5 143 8 144 8 
40 582 42 5 143 8 144 8 
40 582 42 5 143 8 144 8 
40 582 42 5 143 8 144 8 
40 582 42 5 143 8 144 8 
40 582 42 5 143 8 144 8 
40 582 42 5 143 8 144 8 
40 582 42 5 143 8 144 8 
40 582 42 5 8 8 
40 582 42 5 8 8 
40 582 42 5 8 8 
40 582 42 5 8 8 
40 582 42 5 143 8 144 8 
40 582 42 5 8 8 
40 582 42 5 8 8 
1 40 582 42 5 8 8 
40 582 42 5 8 8 
40 582 42 5 8 8 
40 582 42 5 8 8 
40 582 42 5 8 8 
40 582 42 5 8 8 
1 40 582 2 42 5 8 8 
40 582 42 5 143 8 144 8 
40 582 42 5 143 8 144 8 
40 582 42 5 143 8 144 8 
40 582 42 5 8 8 
40 582 42 5 8 8 
40 582 42 5 8 8 
40 582 42 5 8 8 
40 582 42 5 143 8 144 8 
40 582 42 5 143 8 144 8 
40 582 42 5 143 8 144 8 
40 582 42 5 143 8 144 8 
40 582 42 5 143 8 144 8 
40 582 42 5 143 8 144 8 
40 582 178 136 42 5 143 8 144 8 
40 582 42 5 143 8 144 8 
40 582 42 5 8 8 
40 582 42 5 8 8 
40 582 42 5 8 8 
40 582 42 5 8 8 
40 582 42 5 8 8 
1 40 582 42 5 143 8 144 8 
40 582 42 5 143 8 144 8 
40 582 42 5 143 8 144 8 
40 582 42 5 143 8 144 8 
40 582 42 5 143 8 144 8 
40 582 42 5 143 8 144 8 
40 582 145 42 5 143 8 144 8 
40 582 42 5 143 8 144 8 
40 582 42 5 143 8 144 8 
40 582 42 5 143 8 144 8 
40 582 42 5 143 8 144 8 
40 582 42 5 143 8 144 8 
40 582 42 5 143 8 144 8 
40 582 42 5 143 8 144 8 
40 582 42 5 143 8 144 8 
40 582 42 5 143 8 144 8 
40 582 42 5 143 8 144 8 
40 582 42 5 143 8 144 8 
40 582 42 5 143 8 144 8 
40 582 42 5 143 8 144 8 
40 582 42 5 8 8 
40 582 42 5 91 6 92 8 8 
40 582 42 5 143 8 144 8 
40 582 42 5 143 8 144 8 
1 40 582 42 5 8 8 
40 582 42 5 8 8 
1 40 582 42 5 8 8 
1 40 582 42 5 8 8 
40 582 42 5 8 8 
40 582 42 73 5 8 8 
40 582 42 5 8 8 
40 582 42 5 143 8 144 8 
40 582 42 5 143 8 144 8 
40 582 42 5 143 8 144 8 
40 582 42 5 143 8 144 8 
40 582 42 5 143 8 144 8 
40 582 42 5 143 8 144 8 
1 40 582 2 42 5 8 8 
40 582 42 5 8 8 
40 582 42 5 8 8 
40 582 42 5 8 8 
40 582 42 5 8 8 
40 582 42 5 8 8 
40 582 42 5 8 8 
40 582 42 5 8 8 
40 582 42 5 8 8 
40 582 42 5 8 8 
40 582 42 5 8 8 
40 582 42 73 5 8 8 
40 582 42 73 5 8 8 
40 582 42 5 8 8 
40 582 42 5 8 8 
40 582 42 5 8 8 
40 582 42 5 8 8 
40 582 42 5 8 165 8 
40 582 42 5 143 8 144 8 
40 582 42 5 143 8 144 8 
40 582 42 5 143 8 144 8 
40 582 42 5 143 8 144 8 
40 582 42 5 143 8 144 8 
40 582 42 5 143 8 144 8 
40 582 42 5 8 8 
40 582 178 136 42 5 8 8 
40 582 42 5 8 8 
40 582 42 5 8 8 
40 582 42 5 8 8 
40 582 42 5 8 8 
40 582 42 5 8 8 
40 582 42 5 8 8 
40 582 42 5 8 8 
40 582 42 5 8 8 
40 582 42 5 8 8 
40 582 42 5 8 8 
40 582 42 5 8 8 
1 40 582 2 42 5 8 8 
40 582 42 73 5 143 8 144 8 
40 582 42 5 143 8 144 8 
40 582 42 5 143 8 144 8 
40 582 42 73 5 8 8 
40 582 42 5 8 8 
40 582 42 5 8 8 
40 582 42 5 8 8 
40 582 42 5 8 8 
40 582 42 5 8 8 
40 582 42 5 8 8 
40 582 42 5 8 8 
40 582 42 5 143 8 144 8 
40 582 42 5 143 8 144 8 
40 582 178 136 42 5 143 8 144 8 
40 582 42 5 143 8 144 8 
40 582 42 5 143 8 144 8 
40 582 42 5 143 8 144 8 
40 582 42 5 8 8 
40 582 42 5 143 8 144 8 
40 582 42 5 8 8 
40 582 42 5 8 8 
40 582 42 5 8 8 
40 582 42 5 8 8 
40 582 42 5 8 8 
40 582 42 5 8 8 
40 582 42 73 5 143 8 144 8 
40 582 42 5 143 8 144 8 
40 582 42 5 143 8 144 8 
40 582 42 5 8 8 
40 582 42 73 5 8 8 
40 582 42 73 5 8 8 
40 582 42 73 5 143 8 144 8 
40 582 42 5 143 8 144 8 
40 582 42 5 143 8 144 8 
40 582 42 5 143 8 144 8 
40 582 42 5 143 8 144 8 
40 582 42 5 8 8 
40 582 42 5 8 8 
40 582 42 5 8 165 8 
40 582 42 5 91 6 92 8 8 
40 582 42 5 8 35 8 
40 582 42 5 143 8 144 8 
40 582 42 5 143 8 144 8 
40 582 42 5 8 8 
40 582 42 5 8 8 
40 582 42 73 5 8 8 
40 582 42 73 5 8 8 
40 582 42 5 8 36 122 8 
40 582 42 5 143 8 144 8 
40 582 42 73 5 8 8 
40 582 42 5 143 8 144 8 
40 582 42 5 143 8 144 8 
1 40 582 2 42 5 8 8 
40 582 178 136 42 5 8 8 
40 582 42 73 5 8 8 
40 582 145 42 5 8 8 
40 582 42 5 8 8 
40 582 145 42 5 8 8 
1 40 582 42 5 8 8 
40 582 42 5 8 8 
40 582 42 5 8 8 
40 582 42 5 8 8 
40 582 42 5 8 8 
40 582 42 5 8 8 
40 582 42 5 8 8 
40 582 42 5 8 8 
40 582 42 5 8 8 
40 582 42 5 8 8 
40 582 42 73 5 8 8 
40 582 42 5 8 8 
1 40 582 2 42 5 8 8 
40 582 42 5 91 6 92 8 8 
40 582 42 5 91 6 92 8 8 
40 582 42 73 5 8 8 
184 1 40 582 15 185 42 5 8 8 
40 582 145 42 5 8 165 8 
40 582 178 136 42 5 8 8 
40 582 178 136 42 5 8 8 
40 582 42 5 8 8 
40 582 42 5 143 8 144 8 
40 582 42 5 143 8 144 8 
40 582 42 5 143 8 144 8 
40 582 42 5 143 8 144 8 
40 582 42 5 143 8 144 8 
40 582 42 5 8 8 
40 582 42 5 143 8 144 8 
40 582 42 73 5 143 8 144 8 
40 582 42 5 143 8 144 8 
40 582 42 5 143 8 144 8 
40 582 136 42 174 5 143 8 144 8 
40 582 42 5 143 8 144 8 
40 582 42 5 143 8 144 8 
40 582 42 5 143 8 144 8 
40 582 42 73 5 143 8 144 8 
40 582 42 5 143 8 144 8 
40 582 42 5 8 8 
40 582 42 5 8 8 
40 582 42 5 8 8 
40 582 42 5 8 8 
40 582 42 5 8 8 
40 582 42 5 8 8 
40 582 42 5 8 8 
40 582 145 42 5 8 8 
40 582 42 73 5 8 8 
40 582 42 5 8 8 
40 582 42 5 8 8 
40 582 42 5 8 8 
40 582 42 5 143 8 144 8 
40 582 42 5 8 8 
40 582 42 5 143 8 144 8 
40 582 42 5 143 8 144 8 
40 582 42 5 143 8 144 8 
40 582 42 5 143 8 144 8 
40 582 42 73 5 143 8 144 8 
40 582 42 5 143 8 144 8 
40 582 42 5 143 8 144 8 
40 582 42 5 143 8 144 8 
1 40 582 2 42 5 143 8 144 8 
40 582 42 5 143 8 144 8 
40 582 42 5 143 8 144 8 
40 582 42 5 143 8 144 8 
40 582 42 5 143 8 144 8 
40 582 42 5 143 8 144 8 
40 582 42 5 143 8 144 8 
40 582 42 5 143 8 144 8 
40 582 42 5 143 8 144 8 
40 582 42 5 143 8 144 8 
40 582 42 5 143 8 144 8 
40 582 42 5 143 8 144 8 
40 582 42 5 143 8 144 8 
40 582 145 42 5 143 8 144 8 
40 582 42 5 143 8 144 8 
40 582 42 5 143 8 144 8 
40 582 42 5 143 8 144 8 
1 40 582 2 42 5 143 8 144 8 
40 582 42 5 143 8 144 8 
40 582 42 5 143 8 144 8 
40 582 42 5 143 8 144 8 
40 582 42 5 8 165 8 
40 582 145 42 5 8 8 
40 582 42 5 143 8 144 8 
40 582 42 5 8 8 
40 582 42 5 8 8 
40 582 42 5 8 8 
40 582 42 5 8 8 
40 582 42 5 8 8 
40 582 42 5 8 8 
40 582 42 73 5 8 8 
40 582 42 5 8 8 
40 582 42 5 8 8 
40 582 42 5 143 8 144 8 
40 582 42 5 143 8 144 8 
40 582 42 5 143 8 144 8 
40 582 42 5 143 8 144 8 
40 582 42 5 143 8 144 8 
40 582 42 5 143 8 144 8 
40 582 42 5 143 8 144 8 
40 582 42 5 143 8 144 8 
40 582 42 5 143 8 144 8 
40 582 42 5 143 8 144 8 
40 582 42 5 143 8 144 8 
40 582 42 5 143 8 144 8 
40 582 42 5 231 8 8 
40 582 42 5 143 8 144 8 
40 582 42 5 143 8 144 8 
1 40 582 2 42 5 143 8 144 8 
40 582 42 73 5 143 8 144 8 
40 582 42 5 8 8 
40 582 42 5 143 8 144 8 
1 40 582 2 42 5 143 8 144 8 
40 582 42 5 143 8 144 8 
40 582 42 5 8 8 
40 582 42 5 8 8 
40 582 42 5 8 8 
40 582 42 5 143 8 144 8 
1 40 582 42 5 143 8 144 8 
40 582 42 5 143 8 144 8 
40 582 42 5 143 8 144 8 
40 582 178 136 42 5 8 8 
40 582 42 5 143 8 144 8 
40 582 42 73 5 143 8 144 8 
40 582 42 5 8 8 
40 582 42 5 143 8 144 8 
40 582 42 5 8 8 
40 582 42 73 5 143 8 144 8 
40 582 42 73 5 143 8 144 8 
40 582 42 73 5 8 8 
40 582 42 5 8 8 
40 582 42 5 143 8 144 8 
40 582 42 5 143 8 144 8 
40 582 42 5 8 8 
40 582 42 5 143 8 144 8 
40 582 42 5 8 8 
40 582 42 5 8 8 
40 582 42 5 8 8 
40 582 42 5 8 8 
40 582 42 5 8 8 
40 582 42 5 143 8 144 8 
40 582 145 42 5 143 8 144 8 
40 582 42 5 143 8 144 8 
40 582 42 5 143 8 144 8 
40 582 42 5 143 8 144 8 
40 582 42 5 8 8 
40 582 42 5 8 8 
40 582 42 5 143 8 144 8 
40 582 42 73 5 143 8 144 8 
1 40 582 2 42 5 8 8 
40 582 178 136 42 5 8 8 
40 582 42 5 8 8 
40 582 42 5 8 8 
1 40 582 2 42 5 143 8 144 8 
40 582 42 5 143 8 144 8 
40 582 42 5 143 8 144 8 
1 40 582 2 42 5 8 165 8 
1 40 582 2 42 5 143 8 144 8 
40 582 42 5 8 8 
40 582 42 5 8 8 
40 582 42 5 8 8 
40 582 42 5 8 8 
40 582 42 5 8 8 
40 582 42 5 8 8 
40 582 42 5 143 8 144 8 
40 582 42 5 143 8 144 8 
40 582 42 5 143 8 144 8 
40 582 42 5 143 8 144 8 
40 582 42 5 143 8 144 8 
40 582 42 5 8 8 
40 582 42 5 8 8 
40 582 42 5 8 8 
40 582 42 5 8 8 
40 582 42 5 8 8 
40 582 42 5 8 8 
40 582 42 5 8 8 
1 40 582 2 42 5 8 8 
40 582 42 5 8 8 
1 40 582 2 42 5 8 8 
1 40 582 2 42 5 8 8 
40 582 42 5 143 8 144 8 
40 582 42 5 143 8 144 8 
40 582 42 5 143 8 144 8 
1 40 582 2 42 5 143 8 144 8 
40 582 42 5 143 8 144 8 
40 582 42 5 143 8 144 8 
40 582 42 5 143 8 144 8 
40 582 42 5 143 8 144 8 
40 582 42 5 143 8 144 8 
40 582 42 5 143 8 144 8 
40 582 42 5 143 8 144 8 
40 582 42 5 143 8 144 8 
40 582 42 5 143 8 144 8 
40 582 42 5 143 8 144 8 
40 582 42 5 143 8 144 8 
40 582 42 5 143 8 144 8 
40 582 42 5 143 8 144 8 
1 40 582 2 42 5 143 8 144 8 
40 582 42 5 143 8 144 8 
40 582 42 5 143 8 144 8 
40 582 42 5 8 8 
40 582 42 5 8 8 
40 582 42 5 8 8 
40 582 42 5 8 8 
40 582 42 5 8 8 
40 582 42 5 8 8 
40 582 42 5 143 8 144 8 
1 40 582 2 42 5 8 8 
40 582 42 73 5 8 8 
40 582 42 5 8 8 
40 582 42 5 8 8 
40 582 42 5 8 8 
40 582 42 5 8 8 
40 582 42 5 143 8 144 8 
40 582 42 5 8 8 
40 582 42 73 5 91 6 92 8 8 
40 582 42 5 91 6 92 8 8 
40 582 42 5 143 8 144 8 
40 582 42 5 143 8 144 8 
40 582 42 5 143 8 144 8 
40 582 42 5 143 8 144 8 
40 582 42 5 143 8 144 8 
40 582 42 5 8 8 
1 40 582 2 42 167 5 143 8 144 8 
40 582 42 5 143 8 144 8 
40 582 42 5 143 8 144 8 
40 582 42 5 143 8 144 8 
40 582 42 73 5 8 8 
40 582 42 5 143 8 144 8 
40 582 42 5 143 8 144 8 
40 582 42 5 8 8 
40 582 145 42 5 8 8 
40 582 42 5 254 8 36 255 8 
40 582 42 5 8 8 
40 582 42 5 8 8 
40 582 42 5 8 8 
40 582 178 136 42 5 8 8 
40 582 42 5 143 8 144 8 
40 582 42 5 8 8 
40 582 42 73 5 8 8 
40 582 42 5 8 8 
40 582 42 5 8 8 
40 582 42 5 8 8 
40 582 42 5 8 8 
1 40 582 2 42 5 8 8 
40 582 42 5 8 8 
40 582 42 5 8 8 
40 582 42 5 8 144 8 
40 582 42 5 143 8 144 8 
40 582 145 42 5 143 8 144 8 
40 582 42 5 143 8 144 8 
40 582 42 5 143 8 144 8 
40 582 145 42 5 8 8 
40 582 42 5 8 8 
1 40 582 15 42 43 5 8 8 
40 582 42 5 8 8 
40 582 42 5 8 8 
40 582 42 5 8 165 8 
40 582 42 5 8 144 8 
40 582 42 5 8 8 
40 582 42 5 8 8 
40 582 42 5 143 8 144 8 
40 582 42 5 143 8 144 8 
40 582 42 5 143 8 144 8 
40 582 42 5 143 8 144 8 
40 582 42 5 143 8 144 8 
40 582 42 5 143 8 144 8 
40 582 42 5 143 8 144 8 
40 582 42 5 143 8 144 8 
40 582 42 73 5 143 8 144 8 
40 582 42 73 5 143 8 144 8 
40 582 42 5 143 8 144 8 
40 582 42 5 143 8 144 8 
40 582 42 5 143 8 144 8 
40 582 42 5 143 8 144 8 
40 582 42 5 8 8 
40 582 42 5 143 8 144 8 
40 582 42 5 143 8 144 8 
40 582 42 73 5 143 8 144 8 
40 582 42 5 143 8 144 8 
40 582 42 5 143 8 144 8 
40 582 42 5 143 8 144 8 
40 582 42 5 143 8 144 8 
40 582 42 73 5 8 8 
40 582 178 136 42 5 8 8 
40 582 42 5 8 8 
40 582 42 5 8 8 
40 582 42 5 8 8 
40 582 42 5 8 8 
40 582 42 5 8 8 
40 582 42 5 143 8 144 8 
40 582 42 5 143 8 144 8 
40 582 136 42 174 5 143 8 144 8 
40 582 42 5 143 8 144 8 
40 582 42 5 143 8 144 8 
40 582 42 5 143 8 144 8 
40 582 42 5 143 8 144 8 
40 582 42 5 143 8 144 8 
40 582 42 5 91 6 143 92 8 144 8 
40 582 42 5 143 8 144 8 
40 582 42 5 8 8 
40 582 42 5 143 8 144 8 
40 582 42 5 143 8 144 8 
40 582 42 5 8 8 
40 582 42 5 8 8 
40 582 42 5 8 8 
40 582 42 5 143 8 144 8 
40 582 42 5 143 8 144 8 
40 582 42 5 143 8 144 8 
40 582 42 5 143 8 144 8 
40 582 42 5 143 8 144 8 
1 40 582 18 19 20 2 42 5 8 8 
40 582 42 5 143 8 144 8 
40 582 42 73 5 143 8 144 8 
40 582 42 5 143 8 144 8 
40 582 42 5 143 8 144 8 
40 582 42 5 143 8 144 8 
40 582 42 5 143 8 144 8 
40 582 42 5 143 8 144 8 
40 582 42 5 143 8 144 8 
40 582 42 5 143 8 144 8 
40 582 42 5 143 8 144 8 
40 582 42 5 143 8 144 8 
40 582 42 5 143 8 144 8 
40 582 42 5 143 8 144 8 
40 582 42 5 143 8 144 8 
40 582 42 5 143 8 144 8 
40 582 42 5 143 8 144 8 
40 582 42 5 143 8 144 8 
40 582 42 5 143 8 144 8 
40 582 42 73 5 143 8 144 8 
40 582 42 5 143 8 144 8 
40 582 42 5 143 8 144 8 
40 582 178 136 42 5 143 8 144 8 
40 582 42 5 143 8 144 8 
40 582 42 5 143 8 144 8 
40 582 42 5 143 8 144 8 
40 582 42 5 143 8 144 8 
40 582 42 5 143 8 144 8 
1 40 582 2 42 5 143 8 144 8 
40 582 178 136 42 5 8 8 
40 582 178 136 42 5 8 8 
40 582 42 73 5 8 8 
40 582 42 73 5 8 8 
40 582 42 73 5 8 8 
40 582 178 136 42 5 8 8 
40 582 42 73 5 8 8 
40 582 42 73 5 8 8 
40 582 42 5 91 6 92 8 61 8 
1 40 582 2 42 5 8 8 
40 582 42 5 8 8 
40 582 145 42 5 143 8 144 8 
40 582 42 5 8 8 
1 40 582 15 42 43 5 8 8 
40 582 42 5 8 8 
40 582 42 5 143 8 144 8 
40 582 42 5 8 8 
40 582 42 5 8 8 
40 582 42 5 8 8 
40 582 42 5 8 8 
40 582 42 5 8 8 
40 582 42 5 143 8 144 8 
40 582 42 5 8 165 8 
40 582 42 5 8 165 8 
40 582 42 73 5 8 165 8 
40 582 42 5 8 165 8 
40 582 42 5 143 8 144 8 
40 582 42 5 8 8 
1 40 582 42 5 8 8 
40 582 178 136 42 5 91 6 8 8 
40 582 42 5 91 6 92 8 8 
40 582 42 5 8 8 
40 582 42 5 8 8 
40 582 42 5 8 8 
40 582 42 5 143 8 144 8 
40 582 42 5 143 8 144 8 
40 582 42 5 8 8 
40 582 42 5 8 8 
40 582 42 5 8 8 
40 582 42 5 8 8 
40 582 42 5 143 8 144 8 
40 582 178 136 42 5 8 165 8 
40 582 42 5 143 8 144 8 
1 40 582 15 42 43 5 143 8 144 8 
40 582 136 42 174 5 28 21 143 8 144 203 8 
40 582 42 5 143 8 674 144 8 
40 582 42 5 143 8 144 8 
40 582 42 5 143 8 144 8 
40 582 42 5 8 8 
40 582 42 5 143 8 144 8 
40 582 42 5 8 165 8 
40 582 42 73 5 143 8 144 8 
40 582 42 5 8 8 
40 582 42 5 8 8 
40 582 42 5 8 8 
1 40 582 42 5 8 8 
40 582 42 5 8 8 
1 40 582 18 19 20 2 42 5 8 8 
40 582 42 5 8 8 
40 582 42 5 8 8 
40 582 42 73 5 8 8 
40 582 42 5 8 8 
40 582 42 5 8 8 
40 582 42 5 8 8 
40 582 42 5 8 8 
40 582 42 5 8 8 
40 582 42 5 8 8 
40 582 42 5 8 8 
40 582 42 5 8 8 
40 582 42 5 143 8 144 8 
40 582 42 5 143 8 144 8 
40 582 42 5 143 8 144 8 
40 582 42 5 143 8 144 8 
40 582 42 5 8 8 
40 582 42 5 8 8 
1 40 582 42 5 8 8 
40 582 42 5 8 8 
40 582 42 5 8 8 
40 582 42 5 8 8 
40 582 42 73 5 8 8 
40 582 42 5 143 8 144 8 
40 582 42 73 5 143 8 144 8 
40 582 42 73 5 143 8 144 8 
40 582 42 5 143 8 144 8 
1 40 582 2 42 5 143 8 144 8 
1 40 582 2 42 5 8 144 8 
40 582 42 5 143 8 144 8 
40 582 42 5 143 8 144 8 
40 582 42 5 28 21 143 8 144 203 8 
40 582 42 5 28 21 143 8 144 203 8 
40 582 42 5 28 21 143 8 144 203 8 
40 582 42 5 28 21 143 8 144 203 8 
40 582 42 5 8 8 
40 582 42 5 8 8 
40 582 42 5 8 8 
40 582 42 5 8 8 
40 582 42 5 8 8 
40 582 42 5 8 8 
40 582 42 5 8 165 8 
40 582 42 5 8 165 8 
40 582 42 5 8 165 8 
40 582 42 5 8 165 8 
40 582 42 5 8 165 8 
40 582 42 5 8 165 8 
40 582 42 5 8 165 8 
40 582 42 5 8 165 8 
40 582 42 73 5 143 8 144 165 8 
40 582 42 5 8 144 8 
40 582 42 5 8 144 8 
40 582 42 5 8 144 8 
40 582 42 73 5 8 144 8 
40 582 42 73 5 8 8 
40 582 42 73 5 8 8 
40 582 42 73 5 8 8 
40 582 42 5 8 8 
40 582 42 73 5 8 8 
40 582 178 136 42 5 8 8 
40 582 42 5 8 8 
40 582 42 73 5 8 8 
1 40 582 2 42 5 8 8 
40 582 42 73 5 8 8 
40 582 42 5 8 8 
40 582 42 73 5 8 8 
40 582 42 73 5 8 8 
40 582 42 5 143 8 144 8 
40 582 42 5 143 8 144 8 
40 582 42 5 8 8 
40 582 42 5 8 36 8 
40 582 42 5 143 8 144 8 
40 582 42 5 143 8 144 8 
40 582 42 5 143 8 144 8 
40 582 42 5 143 8 144 8 
40 582 42 5 143 8 144 8 
1 40 582 2 42 5 143 8 144 8 
40 582 42 5 8 8 
40 582 42 5 8 8 
40 582 42 5 143 8 144 8 
40 582 42 73 5 143 8 144 8 
40 582 42 5 8 8 
40 582 42 5 143 8 144 8 
1 40 582 15 400 401 42 5 8 8 
40 582 42 5 8 8 
40 582 42 5 143 8 144 8 
40 582 42 5 143 8 144 8 
40 582 42 5 143 8 144 8 
40 582 42 5 143 8 144 8 
40 582 42 5 143 8 144 8 
40 582 42 5 8 8 
40 582 42 5 8 8 
40 582 42 5 143 8 144 8 
40 582 42 5 8 8 
40 582 42 5 8 8 
40 582 178 136 42 5 8 8 
1 40 582 42 5 143 8 144 8 
40 582 178 136 42 5 8 165 8 
1 40 582 42 5 143 8 144 8 
40 582 42 5 8 8 
40 582 42 5 8 8 
40 582 42 5 8 8 
40 582 42 5 8 8 
40 582 42 5 8 8 
40 582 42 5 8 8 
40 582 42 5 143 8 144 8 
40 582 42 5 143 8 144 8 
40 582 42 5 8 8 
40 582 42 5 143 8 144 8 
40 582 42 5 143 8 144 8 
1 40 582 2 42 5 8 8 
40 582 42 5 8 165 8 
40 582 42 5 143 8 144 8 
40 582 42 5 8 8 
40 582 42 5 8 8 
40 582 42 5 8 8 
40 582 42 5 8 8 
40 582 42 5 8 8 
40 582 42 5 8 8 
40 582 42 5 8 8 
40 582 42 5 8 8 
40 582 42 5 8 8 
40 582 42 5 8 8 
40 582 42 5 143 8 144 8 
40 582 42 5 8 8 
40 582 42 5 8 8 
40 582 42 5 8 8 
40 582 42 5 133 21 8 144 68 24 8 
40 582 42 5 8 8 
40 582 42 5 143 8 144 8 
40 582 42 5 143 8 144 8 
40 582 42 73 5 143 8 144 8 
40 582 42 5 143 8 144 8 
40 582 42 5 143 8 144 8 
40 582 42 5 8 8 
40 582 42 5 91 6 92 8 8 
40 582 42 5 8 8 
1 40 582 2 42 5 8 8 
40 582 42 5 8 8 
40 582 42 5 8 8 
40 582 42 5 8 144 8 
40 582 42 5 8 144 8 
40 582 145 42 5 8 144 8 
40 582 42 5 415 162 8 8 
40 582 42 73 5 8 8 
40 582 42 5 8 8 
40 582 42 5 8 8 
40 582 42 5 8 8 
40 582 42 5 8 8 
40 582 42 5 8 8 
40 582 42 5 8 8 
40 582 178 136 42 5 8 8 
40 582 42 5 8 8 
40 582 42 5 8 8 
40 582 42 73 5 8 8 
40 582 42 5 8 8 
40 582 42 5 8 8 
40 582 42 73 5 8 144 8 
40 582 42 5 161 143 8 144 8 
40 582 42 5 8 8 
40 582 42 5 8 144 8 
40 582 42 5 8 8 
40 582 42 5 8 8 
40 582 42 5 8 8 
40 582 42 5 8 144 8 
40 582 42 5 8 8 
40 582 42 5 8 8 
1 40 582 15 42 43 5 8 144 8 
40 582 42 5 8 8 
40 582 235 42 5 8 8 
40 582 42 5 8 144 8 
1 40 582 2 42 5 8 8 
1 40 582 2 42 5 8 144 8 
40 582 42 5 143 8 144 8 
40 582 42 5 143 8 144 8 
1 40 582 15 42 43 5 8 144 8 
40 582 42 5 8 8 
40 582 42 5 8 144 8 
40 582 42 5 8 144 8 
40 582 42 5 8 8 
40 582 42 5 8 8 
40 582 42 5 8 8 
40 582 42 5 8 144 8 
40 582 42 5 8 8 
40 582 42 5 8 8 
40 582 42 5 8 8 
40 582 42 5 8 144 8 
40 582 42 5 8 144 8 
40 582 42 5 8 144 8 
40 582 42 73 5 8 144 8 
40 582 42 5 8 8 
40 582 42 5 8 8 
40 582 42 5 8 144 8 
1 40 582 2 42 5 8 8 
40 582 42 5 8 8 
40 582 42 5 8 144 8 
40 582 42 5 8 144 8 
40 582 42 5 8 8 
40 582 42 5 8 144 8 
40 582 42 73 5 8 144 8 
40 582 42 5 8 144 8 
40 582 145 42 5 8 144 8 
1 40 582 2 42 5 8 8 
40 582 42 5 8 8 
40 582 42 5 8 144 8 
40 582 42 5 8 144 8 
1 40 582 2 42 5 8 144 8 
40 582 42 5 8 8 
40 582 41 42 5 8 8 
40 582 42 5 8 8 
40 582 42 5 8 8 
40 582 42 5 8 8 
40 582 42 5 8 8 
40 582 42 5 8 8 
40 582 42 5 8 8 
40 582 42 5 8 144 8 
40 582 42 5 8 144 8 
40 582 42 5 8 144 8 
40 582 42 5 8 144 8 
40 582 42 5 8 8 
40 582 42 73 5 8 144 8 
40 582 42 73 5 8 144 8 
40 582 42 5 8 144 8 
40 582 42 5 8 8 
40 582 42 5 8 8 
40 314 582 51 42 313 78 5 8 8 
40 582 42 5 8 8 
40 582 42 5 8 8 
40 582 42 5 8 144 8 
40 582 42 5 8 144 8 
40 582 42 5 8 144 8 
40 582 42 5 8 144 8 
40 582 42 5 8 144 8 
40 582 42 5 8 8 
40 582 42 5 8 144 8 
40 582 42 5 8 144 8 
40 582 42 5 8 8 
40 582 42 73 5 8 144 8 
40 582 42 5 8 144 8 
40 582 42 5 8 8 
40 582 42 5 8 8 
40 582 42 5 8 8 
40 582 42 5 8 8 
1 40 582 2 42 5 8 144 8 
40 582 42 73 5 8 144 8 
40 582 42 5 8 144 8 
40 582 42 5 8 8 
40 582 42 5 8 8 
1 40 582 2 42 5 8 8 
40 582 42 5 8 8 
40 582 42 5 8 144 8 
40 582 42 5 8 144 8 
40 582 42 73 5 8 8 
40 582 42 5 8 8 
40 582 42 5 8 8 
40 582 42 5 8 144 8 
40 582 42 5 8 144 8 
40 582 42 5 8 8 
40 582 42 5 8 144 8 
40 582 42 5 8 144 8 
40 582 42 73 5 8 144 8 
40 582 42 5 8 8 
1 40 582 15 42 43 5 8 144 8 
40 582 42 5 8 8 
40 582 42 5 8 8 
40 582 42 5 8 144 8 
40 582 42 5 8 8 
40 582 42 5 8 8 
40 582 42 5 8 144 8 
40 582 42 5 8 8 
40 582 42 5 8 8 
40 582 42 5 8 8 