42 73 368 5 8 8 
42 73 368 5 8 8 
42 73 368 5 8 35 8 
42 73 368 5 8 8 
42 73 368 5 8 8 
42 73 368 5 8 8 
42 73 368 5 8 8 
42 73 368 5 8 8 
42 73 368 5 8 8 
42 73 368 5 8 8 
42 73 368 5 8 8 
42 73 368 5 8 8 
42 73 368 5 8 8 
42 73 368 5 8 8 
42 73 368 5 8 8 
42 73 368 5 8 8 
42 73 368 5 8 8 
205 206 145 207 42 5 8 8 
42 73 368 5 8 8 
205 206 145 207 42 5 8 8 
42 73 368 5 8 8 
42 73 368 5 8 8 
42 73 368 5 8 8 
42 73 368 5 8 8 
42 73 368 5 8 8 
42 73 368 5 8 8 
42 73 368 5 8 8 
145 42 73 5 8 36 122 8 
145 42 5 8 8 
42 73 368 5 8 8 
42 73 368 5 8 8 
145 42 5 8 8 
42 73 368 5 8 8 
42 73 368 5 8 8 
42 73 368 5 8 8 
42 73 368 5 8 8 
42 73 368 5 8 8 
145 42 73 5 143 8 144 8 
145 42 5 8 8 
145 42 5 8 8 
42 73 368 5 8 8 
145 42 5 8 8 
42 73 368 5 8 8 
42 73 368 5 8 8 
42 73 368 5 8 8 
42 73 368 5 8 165 8 
42 73 368 5 8 8 
145 42 73 368 5 8 8 
42 73 368 5 143 8 144 8 
42 73 368 5 8 8 
216 59 128 42 60 73 368 5 8 156 144 8 
145 42 5 8 8 
145 42 73 5 143 8 144 8 
42 73 368 5 8 8 
42 73 368 5 143 8 144 8 
42 73 368 5 8 8 
145 42 5 143 8 144 8 
145 42 5 143 8 144 8 
42 73 368 5 8 8 
42 73 368 5 8 8 
42 73 368 5 143 8 144 8 
42 73 368 5 8 8 
42 73 368 5 8 8 
42 73 368 5 8 8 
42 73 368 5 8 8 
42 73 368 5 8 8 
42 73 368 5 8 36 122 8 
42 73 368 5 8 36 122 8 
42 73 368 5 8 36 122 8 
42 73 368 5 8 156 144 8 
42 73 368 5 8 8 
42 73 368 5 8 8 
1 2 42 73 368 5 8 8 
42 73 368 5 8 165 8 
42 73 368 5 143 8 144 8 
145 42 5 143 8 144 8 
145 42 5 454 8 8 
42 73 368 5 8 165 8 
42 73 368 5 8 8 
42 73 368 5 8 8 
42 73 368 5 143 8 144 8 
42 73 368 5 8 8 
42 73 368 5 8 8 
42 73 368 5 8 8 
42 73 368 5 143 8 144 8 
42 73 368 5 377 162 8 8 
42 73 368 5 8 8 
42 73 368 5 8 8 
42 73 368 5 8 8 
42 73 368 5 8 219 8 
42 73 368 5 8 8 
42 73 368 5 8 8 
42 73 368 5 8 8 
42 73 368 5 143 8 144 8 
42 73 368 5 8 8 
42 73 368 5 8 8 
42 73 368 5 8 8 
42 73 368 5 8 8 
42 73 368 5 8 8 
145 42 5 8 8 
42 73 368 5 8 8 
42 73 368 5 8 8 
51 138 42 73 368 5 8 8 
42 73 368 5 8 8 
42 73 368 5 8 8 
1 2 145 42 5 8 8 
42 73 368 5 8 8 
42 73 368 5 8 8 
42 73 368 5 8 8 
95 42 73 96 368 5 8 8 
42 73 368 5 8 8 
42 73 368 5 8 8 
42 73 368 5 8 165 8 
42 73 368 5 8 8 
42 73 368 5 8 8 
42 73 368 5 8 8 
42 73 368 5 8 8 
42 73 368 5 8 8 
42 73 368 5 8 8 
1 2 42 73 368 5 8 8 
42 73 368 5 8 8 
42 73 368 5 8 8 
145 42 73 368 5 8 8 
42 73 368 5 8 8 
42 73 368 5 8 8 
42 73 368 5 8 8 
42 73 368 5 8 8 
42 73 368 5 8 8 
42 73 368 5 8 8 
1 2 145 42 5 8 8 
184 1 15 185 42 73 368 5 8 8 
42 73 368 5 8 8 
42 73 368 5 8 8 
42 73 368 5 8 8 
42 73 368 5 8 8 
145 42 5 8 8 
145 42 5 455 8 8 
42 73 368 5 143 8 144 8 
42 73 368 5 8 8 
42 73 368 5 8 8 
145 42 5 8 36 165 8 
145 42 5 143 8 144 8 
145 42 5 143 8 144 8 
42 73 368 5 8 165 8 
42 73 368 5 8 35 8 
42 73 368 5 8 35 8 
42 73 368 5 8 35 8 
42 73 368 5 8 35 8 
42 73 368 5 8 35 8 
42 73 368 5 8 8 
42 73 368 5 8 8 
42 73 368 5 8 8 
1 2 145 42 5 143 8 144 8 
42 73 368 5 8 8 
42 73 368 5 8 8 
42 73 368 5 8 8 
42 73 368 5 143 8 144 8 
145 42 5 8 8 
145 42 5 8 8 
42 73 368 5 8 8 
42 73 368 5 8 8 
145 42 5 8 8 
145 42 5 8 8 
145 42 5 8 8 
42 73 368 5 8 8 
42 73 368 5 8 8 
145 42 5 8 8 
145 42 5 8 8 
145 42 5 8 8 
42 73 368 5 8 8 
42 73 368 5 8 8 
40 41 42 73 368 5 8 8 
145 42 5 8 8 
42 73 368 5 143 8 144 8 
42 73 368 5 8 8 
42 73 368 5 8 8 
42 73 368 5 8 8 
42 73 368 5 8 8 
42 73 368 5 8 8 
42 73 368 5 8 8 
42 73 368 5 8 8 
107 42 73 368 108 5 8 8 
42 73 368 5 8 8 
42 73 368 5 8 8 
42 73 368 5 8 8 
42 73 368 5 8 8 
145 42 5 8 8 
42 73 368 5 8 8 
42 73 368 5 8 8 
1 2 145 42 5 8 8 
145 42 5 8 8 
42 73 368 5 8 8 
42 73 368 5 8 8 
42 73 368 5 8 36 122 8 
145 42 5 8 8 
145 42 5 8 142 36 8 
145 42 5 8 8 
145 42 5 8 8 
42 73 368 5 8 165 8 
145 42 5 8 8 
145 42 5 8 8 
1 2 145 42 5 8 8 
145 42 5 8 8 
145 42 5 8 156 144 8 
145 42 5 8 156 144 8 
42 73 368 5 8 8 
42 73 368 5 8 8 
145 42 5 8 8 
145 42 5 8 8 
42 73 368 5 143 8 144 8 
42 73 368 5 8 8 
145 42 5 8 8 
42 73 368 5 8 8 
42 73 368 5 8 8 
42 73 368 5 8 8 
42 73 368 5 8 8 
42 73 368 5 8 8 
42 73 368 5 8 8 
42 73 368 5 8 8 
145 42 5 8 8 
42 73 368 5 8 8 
145 42 5 8 8 
42 73 368 5 8 8 
1 2 145 42 5 8 8 
145 42 5 456 8 219 8 
145 42 5 8 8 
145 42 5 8 8 
42 73 368 5 8 8 
42 73 368 5 8 8 
42 73 368 5 8 8 
42 73 368 5 8 8 
145 42 5 8 12 8 
145 42 5 8 12 8 
42 73 368 5 8 165 8 
145 42 73 5 8 8 
42 73 368 5 8 8 
145 42 5 143 8 144 8 
42 73 368 5 8 165 8 
145 42 5 8 8 
145 42 5 8 8 
145 42 73 5 8 8 
145 42 5 8 8 
164 1 15 145 42 5 8 8 
42 73 368 5 8 8 
42 73 368 5 8 8 
145 42 5 8 156 144 8 
42 73 368 5 8 8 
145 42 5 8 8 
42 73 368 5 143 8 144 8 
145 42 5 8 8 
42 73 368 5 8 8 
42 73 368 5 8 8 
42 73 368 5 8 8 
42 73 368 5 8 8 
145 42 5 8 8 
145 42 5 8 8 
145 42 5 8 8 
145 42 5 8 8 
145 42 5 8 8 
42 73 368 5 8 8 
42 73 368 5 8 8 
42 73 368 5 8 8 
42 73 368 5 8 8 
42 73 368 5 8 8 
42 73 368 5 8 165 8 
42 73 368 5 143 8 144 8 
42 73 368 5 143 8 144 8 
42 73 368 5 8 8 
42 73 368 5 8 8 
42 73 368 5 8 8 
42 73 368 5 8 165 8 
42 73 368 5 8 165 8 
42 73 368 5 8 165 8 
42 73 368 5 8 8 
42 73 368 5 8 8 
42 73 368 5 189 8 144 8 
42 73 368 5 189 8 144 8 
42 73 368 5 189 8 144 8 
1 2 42 73 368 5 189 8 144 8 
40 41 42 73 368 5 189 8 144 8 
42 73 368 5 189 8 144 8 
42 73 368 5 189 8 144 8 
1 15 400 401 42 73 368 5 189 8 144 8 
42 73 368 5 8 8 
42 73 368 5 8 8 
145 42 5 8 8 
145 42 5 8 8 
42 73 368 5 8 8 
42 73 368 5 8 8 
42 73 368 5 8 8 
145 42 5 8 8 
42 73 368 5 8 8 
42 73 368 5 8 8 
42 73 368 5 8 165 8 
42 73 368 5 8 8 
145 42 5 8 8 
42 73 368 5 8 8 
145 42 5 8 8 
42 73 368 5 8 36 122 8 
42 73 368 5 8 36 122 8 
145 42 73 5 8 8 
42 73 368 5 8 120 8 
1 2 42 73 368 5 8 120 8 
42 73 368 5 8 8 
42 73 368 5 8 8 
42 73 368 5 8 36 122 8 
42 73 368 5 8 36 122 8 
145 42 5 8 36 122 8 
42 73 368 5 8 36 122 8 
42 73 368 5 8 36 122 8 
42 73 368 5 8 36 122 8 
42 73 368 5 8 8 
42 73 368 5 8 8 
42 73 368 5 8 8 
42 73 368 5 8 8 
42 73 368 5 8 8 
42 73 368 5 8 8 
42 73 368 5 8 8 
184 1 15 185 42 73 368 5 8 8 
42 73 368 5 8 8 
42 73 368 5 8 8 
42 73 368 5 8 8 
42 73 368 5 8 8 
42 73 368 5 8 8 
42 73 368 5 8 8 
1 2 42 73 368 5 8 8 
42 73 368 5 8 8 
42 73 368 5 8 8 
42 73 368 5 8 8 
42 73 368 5 8 8 
42 73 368 5 8 8 
42 73 368 5 8 8 
42 5 8 8 
42 73 368 5 8 8 
42 73 368 5 8 8 
42 73 368 5 8 8 
42 73 368 5 8 8 
42 73 368 5 8 8 
145 42 5 8 8 
42 73 368 5 8 8 
42 73 368 5 8 8 
42 73 368 5 8 8 
42 73 368 5 8 8 
42 73 368 5 8 8 
145 42 5 8 8 
145 42 5 8 8 
42 73 368 5 8 8 
42 73 368 5 8 8 
1 2 42 73 368 5 8 8 
42 73 368 5 8 8 
42 73 368 5 143 8 144 8 
42 73 368 5 8 8 
42 73 368 5 8 8 
42 73 368 5 8 8 
42 73 368 5 8 8 
42 73 368 5 8 8 
42 73 368 5 8 8 
42 73 368 5 8 8 
42 73 368 5 8 8 
42 73 368 5 8 8 
145 42 5 8 165 8 
42 73 368 5 8 165 8 
145 42 5 8 8 
42 73 368 5 8 8 
42 73 368 5 8 8 
42 73 368 5 8 8 
42 73 368 5 8 8 
42 73 368 5 8 8 
42 73 368 5 8 8 
42 73 368 5 8 8 
145 42 5 8 8 
42 73 368 5 8 8 
42 73 368 5 8 8 
42 73 368 5 8 8 
42 73 368 5 8 8 
42 73 368 5 8 8 
145 42 5 143 8 144 8 
42 73 368 5 8 8 
42 73 368 5 8 8 
42 73 368 5 8 8 
1 15 16 42 73 368 5 8 8 
145 42 73 5 8 8 
166 95 42 73 368 5 8 8 
1 2 42 73 368 5 8 8 
42 73 368 5 8 8 
42 73 368 5 8 8 
42 73 368 5 8 8 
42 73 368 5 8 8 
42 73 368 5 8 8 
299 59 128 145 60 42 5 8 8 
145 42 5 8 8 
42 73 368 5 8 8 
145 42 5 8 156 144 8 
145 42 5 8 156 144 8 
145 42 5 8 156 144 8 
42 73 368 5 8 8 
145 42 5 143 8 144 8 
42 73 368 5 143 8 144 8 
42 73 368 5 8 8 
42 73 368 5 8 8 
42 73 368 5 8 8 
42 73 368 5 8 8 
42 73 368 5 8 8 
42 73 368 5 8 8 
42 73 368 5 8 8 
42 73 368 5 8 8 
42 73 368 5 8 8 
42 73 368 5 8 8 
42 73 368 5 8 8 
42 73 368 5 8 8 
42 73 368 5 8 8 
42 73 368 5 8 8 
42 73 368 5 8 8 
42 73 368 5 8 8 
42 73 368 5 8 8 
42 73 368 5 8 8 
42 73 368 5 8 8 
42 73 368 5 8 8 
42 73 368 5 8 8 
42 73 368 5 8 8 
42 73 368 5 8 8 
42 73 368 5 8 8 
42 73 368 5 8 8 
42 73 368 5 8 8 
42 73 368 5 8 8 
42 73 368 5 8 8 
42 73 368 5 8 8 
42 73 368 5 8 8 
42 73 368 5 8 8 
42 73 368 5 8 8 
448 42 73 368 5 8 8 
42 73 368 5 8 8 
42 73 368 5 8 8 
145 42 73 5 143 8 144 8 
145 42 5 8 8 
42 73 368 5 8 8 
145 42 5 8 156 144 8 
145 42 73 5 143 8 144 8 
42 73 368 5 8 8 
42 73 368 5 8 8 
145 42 73 5 8 8 
145 42 73 5 8 8 
145 42 73 5 8 8 
145 42 73 5 8 8 
145 42 73 5 8 8 
145 42 5 8 8 
145 42 5 8 8 
145 42 5 8 8 
145 42 5 8 8 
145 42 73 5 8 8 
145 42 5 8 8 
145 42 5 8 8 
42 73 368 5 8 8 
42 73 368 5 8 8 
145 42 73 5 8 8 
42 73 368 5 8 8 
145 42 5 8 8 
145 42 5 8 8 
145 42 5 8 8 
145 42 5 8 8 
145 42 5 8 8 
145 42 73 5 8 8 
42 73 368 5 8 8 
145 42 73 5 8 8 
145 42 5 8 156 144 8 
42 73 368 5 8 8 
42 73 368 5 8 8 
145 42 5 8 8 
145 42 5 8 8 
42 73 368 5 8 8 
42 73 368 5 8 8 
42 73 368 5 8 8 
42 73 368 5 8 8 
42 73 368 5 8 8 
42 73 368 5 8 8 
145 42 5 8 8 
145 42 73 5 8 8 
42 73 368 5 8 8 
42 73 368 5 8 8 
42 73 368 5 8 8 
40 41 42 73 368 5 8 8 
42 73 368 5 8 8 
42 73 368 5 8 8 
42 73 368 5 8 8 
145 42 73 368 5 8 8 
42 73 368 5 8 35 8 
42 73 368 5 8 8 
42 73 368 5 8 8 
42 73 368 5 8 165 8 
1 2 42 73 368 5 8 8 
145 42 5 8 8 
42 73 368 5 8 8 
42 73 368 5 8 8 
42 73 368 5 8 8 
42 73 368 5 8 8 
42 73 368 5 8 8 
42 73 368 5 8 8 
1 2 145 42 5 143 8 144 8 
42 73 368 5 8 8 
42 73 368 5 8 8 
42 73 368 5 8 8 
42 73 368 5 8 8 
42 73 368 5 8 8 
42 73 368 5 8 36 122 8 
42 73 368 5 143 8 144 8 
42 73 368 5 8 8 
42 73 368 5 8 8 
145 42 5 8 8 
145 42 5 8 8 
145 42 5 8 8 
267 457 145 42 5 8 8 
42 73 368 5 8 8 
145 42 5 8 8 
42 73 368 5 8 8 
42 73 368 5 8 8 
42 73 368 5 8 8 
42 73 368 5 8 8 
42 73 368 5 8 8 
145 42 5 8 8 
145 42 5 8 8 
145 42 5 8 8 
42 73 368 5 8 8 
42 73 368 5 8 8 
145 42 5 8 8 
145 42 5 8 8 
145 42 73 5 8 8 
145 42 73 5 8 8 
145 42 5 8 8 
42 73 368 5 8 8 
42 73 368 5 8 8 
42 73 368 5 8 8 
42 73 368 5 8 8 
42 73 368 5 8 8 
42 73 368 5 8 8 
42 73 368 5 8 8 
42 73 368 5 8 8 
42 73 368 5 8 8 
145 42 73 368 5 8 8 
42 73 368 5 8 8 
42 73 368 5 8 8 
107 42 73 368 108 5 8 8 
42 73 368 5 8 8 
42 73 368 5 143 8 144 8 
42 73 368 5 8 8 
42 73 368 5 8 8 
42 73 368 5 8 8 
145 42 73 5 8 8 
42 73 368 5 8 8 
42 73 368 5 8 8 
42 73 368 5 8 8 
145 42 5 8 8 
145 42 5 8 8 
1 2 42 73 368 5 8 8 
42 73 368 5 8 8 
42 73 368 5 8 8 
42 73 368 5 8 8 
42 73 368 5 8 8 
42 73 368 5 8 8 
42 73 368 5 8 8 
42 73 368 5 8 8 
67 42 73 368 5 143 8 144 8 
42 73 368 5 8 8 
42 73 368 5 8 8 
145 42 5 8 8 
145 42 5 8 8 
145 42 5 8 8 
154 145 42 204 5 8 8 
145 42 5 8 8 
42 73 368 5 8 8 
145 42 5 8 36 122 8 
42 73 368 5 8 36 122 8 
42 73 368 5 8 36 122 8 
42 73 368 5 8 36 122 8 
145 42 5 8 8 
145 42 5 8 8 
42 73 368 5 8 8 
42 73 368 5 8 8 
42 73 368 5 8 8 
42 73 368 5 8 8 
42 73 368 5 8 8 
42 73 368 5 8 8 
42 73 368 5 8 165 8 
42 73 368 5 8 165 8 
42 73 368 5 8 8 
42 73 368 5 143 8 144 8 
145 42 5 8 8 
42 73 368 5 8 8 
145 42 5 8 8 
42 73 368 5 8 8 
145 42 5 8 8 
42 73 368 5 8 8 
145 42 5 8 8 
145 42 5 8 8 
145 42 5 8 8 
42 73 368 5 8 8 
42 73 368 5 8 8 
42 73 368 5 8 8 
145 42 73 5 8 8 
42 73 368 5 8 8 
145 42 5 143 8 144 8 
42 73 368 5 162 8 8 
42 73 368 5 8 8 
145 42 5 8 8 
145 42 5 8 8 
145 42 73 5 8 8 
145 42 5 8 8 
145 42 5 8 8 
42 73 368 5 8 8 
42 73 368 5 8 8 
42 73 368 5 143 8 144 8 
145 42 5 8 8 
42 73 368 5 8 8 
42 73 368 5 8 156 144 8 
42 73 368 5 8 8 
42 73 368 5 8 8 
42 73 368 5 8 8 
42 73 368 5 8 8 
42 73 368 5 8 8 
42 73 368 5 8 8 
42 73 368 5 8 8 
1 2 145 42 5 8 8 
145 42 5 8 8 
42 73 368 5 8 8 
145 42 5 8 8 
145 42 5 8 8 
42 73 368 5 8 8 
58 59 145 60 42 149 150 5 8 156 144 8 
42 73 368 5 8 8 
145 42 5 8 8 
67 42 73 368 5 8 35 8 
42 73 368 5 8 35 8 
42 73 368 5 8 156 144 8 
42 73 368 5 8 156 144 8 
42 73 368 5 8 8 
145 42 5 8 8 
145 42 73 5 8 8 
42 73 368 5 8 8 
42 73 368 5 8 8 
42 73 368 5 8 8 
145 42 5 143 8 144 8 
42 73 368 5 8 8 
42 73 368 5 8 8 
166 95 42 73 368 5 8 8 
42 73 368 5 8 8 
145 42 5 8 8 
42 73 368 5 8 8 
145 42 5 8 8 
145 42 5 8 8 
175 42 73 368 5 8 36 122 8 
145 42 5 8 36 122 8 
42 73 368 5 8 8 
42 73 368 5 8 8 
145 42 5 8 8 
145 42 5 8 8 
145 42 73 5 8 8 
42 73 368 5 8 8 
42 73 368 5 8 8 
42 73 368 5 8 8 
42 73 368 5 8 8 
42 73 368 5 8 8 
145 42 5 8 8 
145 42 5 8 156 144 8 
42 73 368 5 8 156 144 8 
42 73 368 5 8 8 
42 73 368 5 8 8 
42 73 368 5 143 8 144 8 
42 73 368 5 8 8 
42 73 368 5 8 8 
42 73 368 5 8 8 
145 42 73 5 8 8 
42 73 368 5 8 8 
145 42 5 231 8 8 
95 42 73 96 368 5 8 8 
145 42 5 8 8 
42 73 368 5 8 8 
178 136 145 42 5 8 165 8 
145 42 5 8 8 
42 73 368 5 8 8 
145 42 5 8 8 
42 73 368 5 8 8 
42 73 368 5 8 8 
42 73 368 5 8 8 
145 42 5 8 8 
42 73 368 5 8 8 
40 42 73 368 5 8 8 
145 42 5 8 8 
145 42 5 8 8 
145 42 5 8 8 
145 42 5 8 8 
145 42 5 8 8 
145 42 5 8 8 
145 42 5 8 8 
145 42 5 8 8 
1 2 145 42 5 8 8 
145 42 5 8 8 
145 42 5 8 8 
145 42 5 8 8 
145 42 5 8 8 
145 42 5 8 8 
1 442 15 401 42 73 368 5 8 36 122 8 
42 73 368 5 8 8 
145 42 5 8 156 144 8 
42 73 368 5 8 8 
145 42 5 8 8 
42 73 368 5 8 8 
42 73 368 5 8 8 
42 73 368 5 8 8 
42 73 368 5 8 8 
42 73 368 5 8 8 
42 73 368 5 8 8 
145 42 73 5 8 8 
42 73 368 5 8 8 
42 73 368 5 8 8 
145 42 5 8 8 
1 2 42 73 368 5 8 8 
1 2 42 73 368 5 8 8 
42 73 368 5 8 8 
145 42 5 8 8 
42 73 368 5 8 8 
42 73 368 5 8 8 
145 42 5 8 165 8 
145 42 5 8 8 
145 42 5 8 8 
42 73 368 5 8 8 
42 73 368 5 372 8 8 
42 73 368 5 8 8 
145 42 5 8 156 144 8 
145 42 5 8 36 122 8 
145 42 73 5 8 8 
145 42 5 8 8 
145 42 5 8 8 
145 42 73 5 8 8 
42 73 368 5 8 8 
145 42 5 415 162 8 8 
42 73 368 5 8 8 
42 73 368 5 8 8 
42 73 368 5 8 8 
42 73 368 5 8 8 
42 73 368 5 8 8 
42 73 368 5 8 8 
136 145 42 174 5 8 8 
42 73 368 5 8 8 
42 73 368 5 8 8 
42 73 368 5 8 8 
42 73 368 5 8 8 
145 42 5 8 8 
145 42 5 8 8 
145 42 5 8 8 
42 73 368 5 8 165 8 
42 73 368 5 8 8 
42 73 368 5 8 8 
145 42 5 8 8 
1 2 42 73 368 5 8 8 
42 73 368 5 8 8 
42 73 368 5 8 8 
42 73 368 5 8 8 
145 42 5 8 8 
42 73 368 5 8 8 
42 73 368 5 8 8 
42 73 368 5 8 8 
145 42 5 8 8 
145 42 5 8 8 
42 73 368 5 8 8 
42 73 368 5 8 8 
42 73 368 5 8 8 
145 42 5 8 8 
42 73 368 5 8 8 
145 42 5 8 8 
42 73 368 5 8 8 
42 73 368 5 8 8 
42 73 368 5 143 8 144 8 
42 73 368 5 143 8 144 8 
145 42 5 143 8 144 8 
42 73 368 5 143 8 144 8 
42 73 368 5 8 8 
145 42 73 368 5 8 8 
42 73 368 5 8 8 
42 73 368 5 8 8 
42 73 368 5 8 8 
42 73 368 5 143 8 144 8 
42 73 368 5 8 8 
42 73 368 5 8 8 
42 73 368 5 8 156 144 8 
42 73 368 5 8 156 144 8 
145 42 73 5 8 8 
145 42 73 5 8 8 
145 42 73 5 8 8 
145 42 73 5 8 8 
42 73 368 5 8 8 
42 73 368 5 143 8 144 8 
42 73 368 5 143 8 144 8 
42 73 368 5 143 8 144 8 
42 73 368 5 143 8 144 8 
42 73 368 5 143 8 144 8 
42 73 368 5 8 8 
42 73 368 5 8 8 
42 73 368 5 8 8 
42 73 368 5 8 8 
42 73 368 5 8 8 
42 73 368 5 8 8 
42 73 368 5 8 8 
42 73 368 5 8 8 
42 73 368 5 8 8 
40 41 42 73 368 5 8 36 122 8 
145 42 5 8 8 
1 2 145 42 5 143 8 144 8 
95 145 42 96 5 8 8 
42 73 368 5 8 8 
42 73 368 5 8 8 
145 42 5 8 8 
42 73 368 5 8 8 
42 73 368 5 8 8 
42 73 368 5 8 8 
145 42 5 8 8 
42 73 368 5 8 36 122 8 
42 73 368 5 8 36 122 8 
42 73 368 5 8 36 122 8 
42 73 368 5 8 36 122 8 
42 73 368 5 8 36 122 8 
42 73 368 5 8 8 
42 73 368 5 8 8 
42 73 368 5 8 8 
42 73 368 5 8 8 
42 73 368 5 8 8 
42 73 368 5 8 8 
42 73 368 5 143 8 144 8 
145 42 5 143 8 144 8 
145 42 5 8 156 144 8 
145 42 5 8 156 144 8 
145 42 5 8 156 144 8 
145 42 5 8 156 144 8 
42 73 368 5 143 8 144 8 
42 73 368 5 8 8 
42 73 368 5 8 8 
42 73 368 5 8 8 
42 73 368 5 8 8 
42 73 368 5 8 8 
145 42 5 8 8 
42 73 368 5 8 8 
42 73 368 5 8 8 
42 73 368 5 8 8 
42 73 368 5 8 8 
42 73 368 5 143 8 144 8 
42 73 368 5 143 8 144 8 
42 73 368 5 143 8 144 8 
42 73 368 381 5 8 8 
1 2 42 73 368 5 143 8 144 8 
42 73 368 5 8 8 
42 73 368 5 8 8 
1 2 42 73 368 5 8 8 
145 42 5 8 8 
42 73 368 5 8 8 
145 42 5 8 8 
42 73 368 5 8 8 
42 73 368 5 8 156 144 8 
145 42 73 5 8 156 144 8 
42 73 368 5 143 8 144 8 
42 73 368 5 8 8 
42 73 368 5 8 144 201 8 
42 73 368 5 8 8 
42 73 368 5 8 8 
145 42 5 8 8 
145 42 5 8 8 
42 73 368 5 8 8 
145 42 5 8 8 
145 42 5 8 8 
42 73 368 5 8 8 
42 73 368 5 8 8 
42 73 368 5 8 8 
42 73 368 5 8 8 
145 42 5 8 8 
145 42 5 8 8 
145 42 5 8 8 
145 42 5 8 8 
145 42 5 8 8 
145 42 5 8 8 
145 42 5 8 8 
145 42 5 377 162 8 8 
42 73 368 5 8 36 122 8 
145 42 5 8 8 
145 42 5 8 8 
145 42 5 8 36 122 8 
42 73 368 5 8 8 
145 42 5 8 8 
145 42 5 8 8 
145 42 5 8 8 
42 73 368 5 8 8 
42 73 368 5 8 8 
42 73 368 5 8 8 
42 73 368 5 8 8 
42 73 368 5 8 8 
42 73 368 5 8 8 
42 73 368 5 143 8 144 8 
145 42 5 8 8 
145 42 5 8 8 
42 73 368 5 8 8 
42 73 368 5 8 8 
42 73 368 5 8 8 
42 73 368 5 8 8 
42 73 368 5 8 8 
42 73 368 5 8 8 
42 73 368 5 8 8 
42 73 368 5 8 8 
42 73 368 5 8 8 
42 73 368 5 8 8 
1 42 73 368 5 8 8 
42 73 368 5 8 8 
42 73 368 5 8 8 
42 73 368 5 8 8 
42 73 368 5 8 8 
42 73 368 5 8 8 
42 73 368 5 8 8 
42 73 368 5 8 8 
42 73 368 5 8 8 
42 73 368 5 8 8 
145 42 5 8 8 
42 73 368 5 8 8 
145 42 5 8 8 
42 73 368 5 8 12 8 
145 42 5 8 8 
42 73 368 5 8 8 
42 73 368 5 8 8 
42 73 368 5 8 8 
145 42 5 8 8 
376 334 42 73 368 5 8 8 
42 73 368 5 8 8 
42 73 368 5 8 8 
42 73 368 5 8 8 
42 73 368 5 8 8 
42 73 368 5 8 8 
42 73 368 5 8 8 
145 42 5 8 8 
145 42 5 8 8 
42 73 368 5 8 8 
42 73 368 5 8 8 
42 73 368 5 8 8 
145 42 73 5 8 8 
42 73 368 5 8 8 
42 73 368 5 8 8 
175 145 42 5 8 8 
42 73 368 5 8 8 
42 73 368 5 8 8 
42 73 368 5 8 8 
42 73 368 5 8 8 
42 73 368 5 8 8 
145 42 5 143 8 144 8 
42 73 368 5 8 8 
136 42 174 73 368 5 454 458 8 8 
42 73 368 5 8 36 122 8 
42 73 368 5 8 8 
42 73 368 5 8 8 
145 42 5 8 8 
145 42 5 8 8 
145 42 5 8 8 
145 42 5 8 8 
42 73 368 5 8 8 
145 42 5 143 8 144 8 
145 42 5 8 8 
42 73 368 5 8 8 
42 73 368 5 8 8 
42 73 368 5 8 8 
145 42 5 8 156 144 8 
42 73 368 5 8 8 
145 42 5 8 8 
42 73 368 5 8 156 144 8 
42 73 368 5 8 156 144 8 
42 73 368 5 143 8 144 8 
42 73 368 5 8 8 
42 73 368 5 8 8 
145 42 73 5 8 8 
145 42 73 5 8 8 
42 73 368 5 8 8 
42 73 368 5 8 8 
145 42 5 8 8 
42 73 368 5 8 8 
145 42 5 8 8 
42 73 368 5 8 8 
42 73 368 5 8 8 
42 73 368 5 8 8 
42 73 368 5 8 8 
42 73 368 5 8 8 
42 73 368 5 8 8 
145 42 5 8 156 144 8 
145 42 5 8 156 144 8 
145 42 5 8 8 
145 42 5 8 8 
1 2 145 42 5 8 8 
145 42 5 8 8 
145 42 5 8 8 
145 42 5 8 8 
145 42 5 8 8 
145 42 5 8 8 
145 42 5 8 8 
42 73 368 5 8 8 
145 42 5 8 8 
145 42 5 8 8 
145 42 5 8 8 
145 42 5 8 8 
145 42 73 368 5 8 8 
42 73 368 5 8 8 
42 73 368 5 8 8 
42 73 368 5 8 8 
42 73 368 5 8 8 
42 73 368 5 8 8 
42 73 368 5 8 8 
42 73 368 5 8 8 
145 42 5 8 8 
145 42 5 8 156 144 8 
42 73 368 5 143 8 144 8 
42 73 368 5 8 165 8 
42 73 368 5 8 8 
145 42 73 5 8 36 122 8 
42 73 368 5 8 36 122 8 
42 73 368 5 8 8 
42 73 368 5 8 8 
145 42 5 8 8 
145 42 5 8 8 
145 42 5 8 8 
145 42 5 8 8 
145 42 5 8 8 
145 42 5 8 8 
145 42 5 8 8 
42 73 368 5 8 8 
145 42 5 8 8 
145 42 5 8 36 122 8 
42 73 368 5 8 8 
42 73 368 5 8 36 122 8 
145 42 5 8 156 144 8 
145 42 5 28 21 8 203 8 
42 73 368 5 8 8 
145 42 5 8 35 8 
145 42 5 8 35 8 
42 73 368 5 101 8 208 8 
42 73 368 5 8 165 8 
42 73 368 5 8 165 8 
145 42 5 8 8 
42 73 368 5 8 8 
42 73 368 5 8 8 
145 42 73 5 143 8 144 8 
42 73 368 5 8 8 
42 73 368 5 8 36 122 8 
145 42 5 8 8 
145 42 5 8 8 
154 145 42 204 5 8 8 
42 73 368 5 8 8 
42 73 368 5 8 8 
145 42 5 8 8 
42 73 368 5 8 8 
42 73 368 5 8 8 
42 73 368 5 8 8 
42 73 368 5 8 8 
42 73 368 5 8 8 
145 42 5 8 8 
145 42 5 8 8 
42 73 368 5 8 8 
1 2 145 42 5 8 8 
1 2 145 42 5 8 8 
1 2 145 42 5 8 8 
42 73 368 5 8 8 
42 73 368 5 8 8 
42 73 368 5 8 8 
1 2 42 73 368 5 8 8 
42 73 368 5 8 8 
42 73 368 5 8 8 
42 73 368 5 8 8 
42 73 368 5 8 8 
42 73 368 5 8 8 
145 42 5 454 8 8 
42 73 368 5 8 8 
145 42 5 8 8 
145 42 73 5 8 8 
67 42 73 368 5 8 8 
145 42 5 8 8 
42 73 368 5 8 8 
145 42 73 5 8 8 
42 73 368 5 8 8 
42 73 368 5 8 8 
42 73 368 5 8 8 
42 73 368 5 8 8 
145 42 5 8 8 
42 73 368 5 8 8 
145 42 73 5 8 8 
67 42 73 368 5 8 8 
42 73 368 5 8 8 
145 42 73 5 8 8 
42 73 368 5 8 8 
42 73 368 5 8 8 
1 2 42 73 368 5 8 8 
42 73 368 5 8 8 
42 73 368 5 8 8 
42 73 368 5 8 8 
42 73 368 5 8 8 
42 73 368 5 8 8 
42 73 368 5 8 8 
42 73 368 5 8 8 
42 73 368 5 189 8 144 8 
145 42 5 8 8 
42 73 368 5 8 8 
145 42 5 8 8 
42 73 368 5 8 8 
42 73 368 5 8 8 
42 73 368 5 8 8 
42 73 368 5 8 8 
145 42 5 8 8 
145 42 5 189 8 144 8 
42 73 368 5 8 8 
145 42 5 8 8 
145 42 5 8 8 
145 42 5 8 8 
42 73 368 5 8 36 122 8 
145 42 5 8 8 
145 42 5 8 8 
42 73 368 5 8 8 
145 42 5 162 8 163 8 
145 42 5 8 8 
42 73 368 5 8 8 
145 42 5 8 8 
145 42 5 8 8 
42 73 368 5 8 8 
145 42 5 8 156 144 8 
42 73 368 5 8 8 
42 73 368 5 8 8 
145 42 5 8 8 
145 42 5 162 8 8 
42 73 368 5 162 8 8 
145 42 5 162 8 8 
145 42 5 162 8 8 
145 42 5 162 8 8 
1 2 42 73 368 5 8 8 
145 42 5 8 8 
42 73 368 5 8 8 
145 42 5 8 8 
145 42 5 8 8 
42 73 368 5 8 8 
145 42 5 8 36 122 8 
42 73 368 5 8 8 
42 73 368 5 8 8 
145 42 5 8 8 
145 42 5 8 8 
42 73 368 5 8 8 
145 42 5 8 8 
145 42 5 8 8 
42 73 368 5 8 8 
145 42 5 225 162 8 8 
42 73 368 5 162 8 170 8 
42 73 368 5 162 8 170 8 
42 73 368 5 8 36 122 8 
145 42 5 8 165 8 
1 2 42 73 368 5 8 8 
145 42 5 8 165 8 
42 73 368 5 8 8 
42 73 368 5 8 12 8 
42 73 368 5 8 8 
42 73 368 5 8 8 
145 42 5 8 8 
42 73 368 5 8 8 
42 73 368 5 8 8 
42 73 368 5 8 8 
42 73 368 5 8 8 
145 42 5 8 8 
42 73 368 5 8 8 
42 73 368 5 8 8 
42 73 368 5 8 8 
42 73 368 5 8 8 
42 73 368 5 8 8 
42 73 368 5 8 8 
145 42 5 8 8 
42 73 368 5 8 8 
42 73 368 5 8 8 
145 42 5 8 8 
145 42 5 8 8 
145 42 5 8 8 
145 42 5 176 162 8 8 
145 42 5 176 162 8 8 
145 42 5 176 162 8 8 
145 42 5 8 8 
145 42 5 8 8 
42 73 368 5 8 36 122 8 
145 42 5 8 8 
145 42 5 8 8 
145 42 5 6 8 61 8 
145 42 5 6 8 61 8 
145 42 5 6 8 61 8 
145 42 5 6 8 61 8 
42 73 368 5 101 8 8 
42 73 368 5 459 8 8 
42 73 368 5 8 8 
145 42 5 8 8 
42 73 368 5 8 36 122 8 
42 73 368 5 8 8 
145 42 5 460 8 36 8 
145 42 5 8 8 
145 42 5 8 8 
145 42 5 8 8 
145 42 5 454 458 8 8 
42 73 368 5 8 8 
145 42 5 8 8 
42 73 368 5 231 8 8 
145 42 5 8 8 
145 42 5 8 8 
145 42 5 8 8 
164 1 15 145 42 5 8 8 
145 42 5 8 8 
145 42 5 8 8 
145 42 5 8 8 
145 42 5 8 8 
145 42 5 8 8 
145 42 5 8 8 
145 42 5 8 8 
145 42 5 8 8 
42 73 368 5 143 8 144 8 
42 73 368 5 8 8 
145 42 5 8 8 
145 42 5 189 8 461 144 8 
145 42 5 189 8 461 144 8 
42 73 368 5 8 8 
145 42 5 8 8 
179 145 56 57 42 180 181 5 143 8 144 8 
145 42 5 8 8 
42 73 368 5 240 162 8 242 8 
42 73 368 5 8 8 
145 42 5 8 8 
145 42 5 8 8 
42 73 368 5 8 8 
145 42 5 8 36 122 8 
145 42 5 8 8 
145 42 5 8 8 
42 73 368 5 8 165 8 
145 42 5 8 8 
145 42 5 8 8 
145 42 5 8 8 
42 73 368 5 8 165 8 
42 73 368 5 8 8 
145 42 5 8 8 
145 42 5 8 8 
145 42 5 454 8 8 
145 42 5 8 8 
145 42 5 8 8 
42 73 368 5 143 8 144 8 
145 42 73 5 8 8 
42 73 368 5 8 36 122 8 
42 73 368 5 8 8 
42 73 368 5 8 8 
145 42 5 196 423 197 162 8 8 
42 73 368 5 8 8 
42 73 368 5 8 8 
145 42 5 8 8 
145 42 5 8 8 
145 42 5 8 8 
145 42 5 8 8 
58 59 145 60 42 149 150 5 8 8 
42 73 368 5 8 165 8 
42 73 368 5 8 165 8 
145 42 5 454 458 8 8 
42 73 368 5 8 8 
145 42 5 8 8 
145 42 5 8 8 
145 42 5 8 8 
42 73 368 5 8 8 
42 73 368 5 8 36 122 8 
42 73 368 5 8 36 122 8 
42 73 368 5 8 36 122 8 
42 73 368 5 8 36 122 8 
42 73 368 5 8 36 122 8 
42 73 368 5 8 36 122 8 
42 73 368 5 8 36 122 8 
42 73 368 5 8 36 122 8 
145 42 5 8 8 
145 42 5 8 8 
136 145 42 174 5 8 8 
145 42 5 8 36 122 8 
1 2 145 42 5 8 8 
145 42 5 8 156 144 8 
145 42 5 8 144 8 
145 42 5 8 8 
42 73 368 5 8 8 
145 42 5 8 8 
145 42 5 8 8 
145 42 5 8 8 
42 73 368 5 8 8 
145 42 5 8 8 
145 42 5 8 8 
145 42 5 8 8 
145 42 5 8 8 
42 73 368 5 189 8 144 8 
145 42 5 8 8 
145 42 5 8 8 
145 42 5 8 8 
42 73 368 5 231 8 8 
145 42 5 189 8 461 144 8 
42 73 368 5 8 8 
42 73 368 5 8 8 
42 73 368 5 8 144 8 
42 73 368 5 8 8 
42 73 368 5 8 8 
42 73 368 5 8 8 
42 73 368 5 8 8 
1 15 42 73 368 5 8 8 
42 73 368 5 8 8 
42 73 368 5 143 8 144 8 
42 73 368 5 8 8 
145 42 5 8 8 
145 42 5 8 8 
145 42 5 8 8 
145 42 5 8 8 
145 42 5 8 8 
145 42 5 8 8 
145 42 5 8 8 
145 42 5 8 8 
145 42 5 8 8 
42 73 368 5 8 393 8 
42 73 368 5 8 8 
145 42 5 8 8 
145 42 5 8 8 
175 145 42 5 8 8 
42 73 368 5 8 8 
42 73 368 5 8 8 
145 42 5 8 36 122 8 
145 42 5 8 36 122 8 
42 73 368 5 8 8 
42 73 368 5 8 8 
145 42 5 8 8 
42 73 368 5 231 8 8 
42 73 368 5 8 8 
145 42 5 8 8 
42 73 368 5 8 8 
145 42 5 8 8 
145 42 5 189 8 144 8 
145 42 5 162 8 8 
42 73 368 5 8 8 
145 42 5 8 8 
145 42 5 8 8 
145 42 5 8 8 
145 42 5 8 8 
145 42 5 8 8 
145 42 5 8 8 
42 73 368 5 8 8 
42 73 368 5 8 8 
42 73 368 5 8 36 122 8 
145 42 5 8 8 
42 73 368 5 8 36 122 8 
42 73 368 5 8 36 122 8 
42 73 368 5 8 36 122 8 
42 73 368 5 8 165 8 
145 42 5 8 8 
145 42 5 8 8 
42 73 368 5 8 8 
42 73 368 5 8 8 
145 42 73 5 8 8 
145 42 5 8 36 122 8 
42 73 368 5 8 8 
42 73 368 5 8 165 8 
145 42 5 8 8 
42 73 368 5 8 8 
42 73 368 5 8 144 8 
145 42 73 5 8 35 8 
1 2 145 42 5 8 8 
42 73 368 5 8 8 
145 42 5 231 8 8 
42 73 368 5 8 36 122 8 
145 42 5 8 8 
42 73 368 5 8 8 
42 73 368 5 8 8 
145 42 5 8 8 
42 73 368 5 8 8 
42 73 368 5 8 8 
42 73 368 5 8 8 
42 73 368 5 8 8 
42 73 368 5 8 8 
42 73 368 5 8 8 
42 73 368 5 8 8 
42 73 368 5 8 8 
42 73 368 5 8 8 
42 73 368 5 8 8 
42 73 368 5 8 8 
42 73 368 5 8 8 
42 73 368 5 8 8 
42 73 368 5 8 8 
136 42 174 73 368 5 8 8 
42 73 368 5 8 8 
42 73 368 5 8 165 8 
42 73 368 5 8 8 
145 42 5 8 8 
42 73 368 5 8 8 
42 73 368 5 187 8 165 8 
42 73 368 5 187 8 165 8 
42 73 368 5 187 8 165 8 
42 73 368 5 187 8 165 8 
42 73 368 5 187 8 165 8 
42 73 368 5 187 8 165 8 
42 73 368 5 187 8 165 8 
42 73 368 5 187 8 165 8 
42 73 368 5 187 8 165 8 
42 73 368 5 187 8 165 8 
42 73 368 5 187 8 165 8 
42 73 368 5 187 8 165 8 
42 73 368 5 187 8 165 8 
42 73 368 5 187 8 165 8 
42 73 368 5 187 8 165 8 
42 73 368 5 187 8 165 8 
145 42 73 5 8 156 144 8 
145 42 5 162 8 8 
42 73 368 5 189 8 144 8 
42 73 368 5 8 165 8 
42 73 368 5 8 8 
42 73 368 5 8 8 
42 73 368 5 8 8 
42 73 368 5 8 8 
42 73 368 5 8 8 
42 73 368 5 8 8 
42 73 368 5 8 8 
42 73 368 5 8 8 
42 73 368 5 240 162 25 8 241 462 242 8 
42 73 368 5 8 8 
1 2 145 42 5 8 144 201 8 
145 42 5 8 144 201 8 
42 73 368 5 8 144 201 8 
1 2 145 42 5 8 144 201 8 
145 42 5 8 144 201 8 
42 73 368 5 8 144 201 8 
42 73 368 5 143 8 144 8 
42 73 368 5 8 8 
42 73 368 5 143 8 144 8 
145 42 5 8 8 
145 42 5 8 8 
42 73 368 5 8 8 
145 42 73 5 8 8 
145 42 5 8 8 
42 73 368 5 8 8 
145 42 5 8 8 
145 42 5 8 8 
145 42 5 8 8 
42 73 368 5 8 8 
42 73 368 5 8 8 
145 42 5 8 8 
42 73 368 5 143 8 144 8 
145 42 5 143 8 144 8 
42 73 368 5 8 8 
145 42 5 8 36 122 8 
145 42 5 143 8 144 8 
42 73 368 5 8 8 
42 73 368 5 143 8 144 8 
145 42 5 8 8 
42 73 368 5 8 8 
42 73 368 5 8 8 
145 42 5 8 8 
42 73 368 5 8 165 8 
42 73 368 5 8 8 
42 73 368 5 8 8 
42 73 368 5 8 8 
42 73 368 5 8 8 
42 73 368 5 8 8 
145 42 5 8 8 
145 42 5 8 8 
145 42 73 5 8 8 
1 2 145 42 5 8 8 
145 42 5 8 8 
145 42 5 8 8 
145 42 5 8 8 
145 42 5 8 8 
145 42 5 8 8 
42 73 368 5 8 8 
42 73 368 5 189 8 461 144 8 
42 73 368 5 8 144 8 
145 42 5 8 8 
145 42 5 8 8 
42 73 368 5 8 8 
42 73 368 5 8 8 
145 42 5 8 8 
145 42 5 8 8 
42 73 368 5 8 8 
145 42 73 5 8 8 
145 42 5 143 8 144 8 
42 73 368 5 8 8 
42 73 368 5 8 8 
145 42 5 143 8 144 8 
145 42 5 8 8 
42 73 368 5 8 8 
42 73 368 5 8 8 
42 73 368 5 8 8 
145 42 5 8 8 
42 73 368 5 8 8 
42 73 368 5 8 8 
42 73 368 5 8 8 
42 73 368 5 8 8 
42 73 368 5 8 8 
42 73 368 5 8 8 
145 42 5 8 8 
42 73 368 5 8 8 
145 42 73 5 8 8 
42 73 368 5 8 8 
42 73 368 5 8 8 
145 42 5 8 8 
145 42 5 8 8 
42 73 368 5 8 8 
42 73 368 5 8 8 
145 42 5 8 8 
145 42 73 5 8 8 
42 73 368 5 8 8 
42 73 368 5 8 8 
42 73 368 5 8 8 
42 73 368 5 8 8 
42 73 368 5 8 8 
145 42 5 8 8 
145 42 5 8 8 
42 73 368 5 8 8 
145 42 5 8 8 
42 73 368 5 8 8 
42 73 368 5 8 8 
42 73 368 5 8 8 
42 73 368 5 8 8 
145 42 5 8 8 
145 42 73 368 5 8 8 
42 73 368 5 8 8 
42 73 368 5 8 8 
42 73 368 5 8 8 
145 42 5 8 8 
42 73 368 5 8 8 
145 42 5 8 8 
42 73 368 5 8 8 
42 73 368 5 8 8 
42 73 368 5 8 8 
42 73 368 5 143 8 144 8 
42 73 368 5 8 8 
42 73 368 5 8 8 
42 73 368 5 8 8 
42 73 368 5 8 8 
42 73 368 5 8 8 
42 73 368 5 8 8 
145 42 5 8 8 
42 73 368 5 8 8 
145 42 5 8 8 
42 73 368 5 8 8 
42 73 368 5 8 8 
42 73 368 5 8 8 
42 73 368 5 8 8 
42 73 368 5 8 8 
145 42 5 8 8 
145 42 5 8 8 
145 42 5 8 8 
145 42 5 8 8 
42 73 368 5 8 36 122 8 
42 73 368 5 8 8 
1 2 42 73 368 5 8 8 
42 73 368 5 8 8 
42 73 368 5 8 8 
42 73 368 5 8 8 
145 42 5 8 8 
42 73 368 5 8 8 
42 73 368 5 8 8 
216 59 128 42 60 73 368 5 8 8 
42 73 368 5 8 8 
42 73 368 5 8 8 
216 59 128 42 60 73 368 5 8 8 
42 73 368 5 8 8 
42 73 368 5 8 8 
145 42 73 5 8 8 
42 73 368 5 8 8 
42 73 368 5 8 8 
42 73 368 5 8 8 
145 42 73 5 8 8 
145 42 5 8 8 
42 73 368 5 8 12 8 
42 73 368 5 8 8 
42 73 368 5 8 8 
42 73 368 5 8 8 
145 42 5 8 8 
42 73 368 5 8 8 
42 73 368 5 8 8 
42 73 368 5 143 8 144 8 
42 73 368 5 8 8 
42 73 368 5 8 8 
42 73 368 5 8 8 
42 73 368 5 8 8 
42 73 368 5 8 8 
42 73 368 5 8 8 
145 42 5 8 8 
145 42 73 5 8 8 
42 73 368 5 8 156 144 8 
42 73 368 5 8 156 144 8 
145 42 5 143 8 144 8 
145 42 5 143 8 144 8 
145 42 73 5 8 8 
145 42 5 8 8 
58 59 145 60 42 149 150 5 8 8 
145 42 5 8 8 
42 73 368 5 8 8 
145 42 5 8 8 
42 73 368 5 8 8 
42 73 368 5 8 8 
145 42 5 8 8 
145 42 5 101 8 102 8 
42 73 368 5 8 8 
42 73 368 5 8 8 
145 42 5 8 8 
42 73 368 5 27 28 21 8 35 8 
42 73 368 5 8 8 
145 42 5 8 8 
42 73 368 5 8 8 
42 73 368 5 8 8 
42 73 368 5 8 8 
42 73 368 5 8 8 
42 73 368 5 8 8 
145 42 5 8 8 
42 73 368 5 8 8 
1 2 145 42 5 8 8 
1 2 42 73 368 5 8 8 
42 73 368 5 8 8 
42 73 368 5 8 8 
42 73 368 5 8 8 
42 73 368 5 8 8 
42 73 368 5 8 8 
42 73 368 5 8 8 
145 42 5 8 8 
145 42 5 8 8 
145 42 5 8 8 
42 73 368 5 8 8 
145 42 5 8 8 
145 42 5 8 8 
42 73 368 5 8 8 
145 42 5 8 8 
42 73 368 5 8 8 
145 42 5 8 8 
145 42 5 8 8 
1 2 42 73 368 5 8 165 8 
145 42 5 8 8 
145 42 5 8 8 
136 42 174 73 368 5 8 8 
42 73 368 5 8 36 122 8 
42 73 368 5 143 8 144 8 
42 73 368 5 8 8 
42 73 368 5 8 8 
42 73 368 5 8 8 
42 73 368 5 8 8 
42 73 368 5 8 8 
145 42 5 143 8 144 8 
145 42 5 8 8 
42 73 368 5 8 8 
42 73 368 5 8 8 
145 42 5 8 8 
42 73 368 5 8 8 
42 73 368 5 8 8 
42 73 368 5 8 165 8 
145 42 5 8 165 8 
42 73 368 5 8 8 
42 73 368 5 8 8 
42 73 368 5 8 8 
1 2 145 42 5 8 8 
42 73 368 5 8 36 122 8 
42 73 368 5 8 36 122 8 
1 2 42 73 368 5 8 8 
42 73 368 5 8 8 
145 42 5 8 8 
42 73 368 5 8 8 
42 73 368 5 8 8 
42 73 368 5 8 8 
42 73 368 5 8 8 
42 73 368 5 8 8 
42 73 368 5 143 8 144 8 
42 73 368 5 6 23 8 139 8 
42 73 368 5 8 8 
42 73 368 5 8 8 
145 42 5 8 8 
145 42 5 8 8 
42 73 368 5 8 8 
42 73 368 5 143 8 144 8 
145 42 5 8 8 
145 42 5 8 8 
42 73 368 5 8 8 
42 73 368 5 8 8 
145 42 5 8 8 
1 15 145 42 5 8 8 
145 42 5 8 8 
145 42 5 8 8 
145 42 5 8 8 
145 42 5 8 156 144 8 
42 73 368 5 8 8 
42 73 368 5 8 8 
42 73 368 5 8 156 144 8 
42 73 368 5 8 8 
145 42 5 8 8 
42 73 368 5 8 8 
145 42 5 8 8 
145 42 5 8 8 
145 42 5 143 8 144 8 
42 73 368 5 8 8 
42 73 368 5 8 8 
42 73 368 5 143 8 144 8 
145 42 5 8 8 
1 15 145 42 43 5 8 8 
1 2 145 42 5 8 8 
154 145 42 155 5 8 8 
1 2 145 42 5 8 8 
42 73 368 5 8 8 
42 73 368 5 8 8 
42 73 368 5 8 36 122 8 
42 73 368 5 143 8 144 8 
145 42 5 8 8 
145 42 5 8 8 
42 73 368 5 8 8 
145 42 5 8 8 
42 73 368 5 8 8 
42 73 368 5 8 8 
42 73 368 5 8 8 
145 42 5 143 8 144 8 
145 42 5 143 8 144 8 
42 73 368 5 8 8 
145 42 5 8 8 
145 42 5 143 8 144 8 
145 42 5 8 8 
145 42 5 8 8 
145 42 5 8 8 
145 42 5 8 8 
42 73 368 5 8 8 
145 42 5 8 8 
42 73 368 5 8 8 
42 73 368 5 8 8 
42 73 368 5 8 8 
42 73 368 5 8 8 
42 73 368 5 8 8 
42 73 368 5 8 8 
145 42 5 8 8 
42 73 368 5 8 8 
145 42 5 8 8 
145 42 5 8 8 
1 15 145 42 5 8 8 
145 42 5 8 8 
42 73 368 5 8 8 
42 73 368 5 8 8 
42 73 368 5 8 8 
145 42 5 8 8 
42 73 368 5 8 8 
145 42 5 143 8 144 8 
145 42 73 368 5 8 36 122 8 
205 206 145 207 42 5 8 8 
145 42 5 8 8 
205 206 145 207 42 5 8 8 
205 206 145 207 42 5 8 8 
205 206 145 207 42 5 8 8 
205 206 145 207 42 5 8 8 
145 42 5 8 8 
42 73 368 5 8 8 
145 42 5 8 8 
42 73 368 5 8 8 
42 73 368 5 8 8 
145 42 5 8 8 
42 73 368 5 8 8 
145 42 5 8 8 
145 42 5 8 8 
42 73 368 5 8 8 
145 42 5 8 8 
145 42 5 8 8 
145 42 5 8 8 
145 42 5 8 8 
145 42 5 8 8 
42 73 368 5 8 8 
145 42 5 8 8 
145 42 5 8 8 
145 42 5 8 8 
145 42 5 8 8 
145 42 5 8 8 
145 42 5 8 8 
145 42 5 8 8 
145 42 5 8 8 
145 42 5 8 8 
145 42 5 8 8 
145 42 5 8 8 
145 42 5 8 8 
145 42 5 8 8 
145 42 5 8 8 
145 42 5 8 8 
145 42 5 8 8 
145 42 5 8 8 
107 145 42 108 5 8 8 
145 42 5 8 8 
145 42 73 5 8 36 122 8 
42 73 368 5 8 8 
42 73 368 5 8 8 
145 42 5 8 8 
145 42 5 8 8 
42 73 368 5 8 8 
42 73 368 5 8 8 
145 42 5 8 8 
42 73 368 5 8 8 
145 42 73 5 8 156 144 8 
145 42 5 8 8 
42 73 368 5 8 35 8 
42 73 368 5 8 35 8 
145 42 5 8 35 8 
42 73 368 5 8 35 8 
42 73 368 5 8 8 
145 42 5 8 8 
145 42 5 8 8 
42 73 368 5 8 8 
186 145 42 5 8 168 8 
145 42 5 8 8 
42 73 368 5 8 8 
1 2 145 42 5 8 8 
145 42 5 8 8 
42 73 368 5 8 8 
145 42 5 8 8 
145 42 5 8 8 
42 73 368 5 454 458 143 8 144 8 
42 73 368 5 8 8 
42 73 368 5 8 36 122 8 
42 73 368 5 8 36 122 8 
42 73 368 5 8 36 122 8 
42 73 368 5 8 36 122 8 
42 73 368 5 8 8 
42 73 368 5 8 36 122 8 
145 42 5 8 8 
42 73 368 5 8 8 
42 73 368 5 8 8 
145 42 5 8 8 
145 42 73 5 8 8 
145 42 5 8 8 
145 42 5 8 8 
42 73 368 5 8 8 
42 73 368 5 8 8 
145 42 5 8 8 
145 42 5 8 8 
42 73 368 5 8 8 
145 42 73 5 8 8 
145 42 5 8 156 144 8 
42 73 368 5 8 156 144 8 
42 73 368 5 454 8 463 8 
299 59 128 145 60 42 5 8 8 
42 73 368 5 8 8 
42 73 368 5 8 8 
42 73 368 5 8 8 
145 42 5 8 8 
42 73 368 5 8 8 
145 42 5 8 8 
145 42 5 8 8 
42 73 368 5 8 8 
42 73 368 5 8 8 
42 73 368 5 8 8 
145 42 73 5 8 8 
145 42 5 8 8 
42 73 368 5 8 8 
1 2 145 42 5 8 8 
1 2 145 42 5 8 8 
42 73 368 5 8 8 
145 42 5 8 8 
42 73 368 5 8 8 
145 42 5 8 8 
42 73 368 5 8 165 8 
145 42 5 8 36 122 8 
145 42 5 8 36 122 8 
42 73 368 5 8 8 
42 73 368 5 8 8 
1 2 145 42 5 8 8 
145 42 5 8 8 
42 73 368 5 8 36 122 8 
42 73 368 5 8 8 
42 73 368 5 8 165 8 
42 73 368 5 8 165 8 
42 73 368 5 8 165 8 
42 73 368 5 8 165 8 
145 42 5 8 8 
1 15 145 42 43 5 8 8 
42 73 368 5 8 8 
42 73 368 5 8 165 8 
145 42 5 8 8 
145 42 5 344 162 8 8 
145 42 5 8 8 
1 15 145 42 43 5 8 8 
42 73 368 5 8 8 
42 73 368 5 8 8 
145 42 5 8 8 
145 42 5 8 8 
145 42 5 8 8 
145 42 5 8 8 
164 1 15 145 42 5 8 8 
42 73 368 5 8 8 
42 73 368 5 8 8 
145 42 5 8 8 
145 42 5 8 8 
145 42 5 8 8 
42 73 368 5 8 8 
145 42 73 5 8 8 
145 42 5 91 6 92 8 8 
145 42 5 8 8 
145 42 73 368 5 8 8 
299 59 128 145 60 42 5 8 8 
145 42 5 8 8 
145 42 5 8 8 
145 42 5 8 8 
42 73 368 5 383 384 254 8 36 8 
145 42 5 8 8 
42 73 368 5 8 8 
145 42 73 5 8 8 
145 42 5 8 8 
145 42 5 8 8 
42 73 368 5 8 8 
42 73 368 5 8 8 
145 42 5 8 8 
145 42 5 8 8 
145 42 5 8 8 
145 42 5 8 8 
145 42 5 8 8 
145 42 5 8 8 
145 42 5 8 8 
145 42 5 8 8 
145 42 5 8 8 
145 42 5 8 8 
145 42 5 8 8 
145 42 5 8 8 
145 42 5 8 8 
145 42 5 8 8 
145 42 5 8 8 
164 1 15 145 42 5 8 8 
145 42 5 8 8 
145 42 5 8 8 
145 42 5 8 8 
145 42 5 8 8 
145 42 5 8 8 
145 42 5 8 8 
145 42 5 8 8 
145 42 5 8 8 
145 42 5 8 8 
145 42 5 8 8 
145 42 5 143 8 144 8 
42 73 368 5 8 8 
145 42 5 8 8 
145 42 5 8 8 
42 73 368 5 8 8 
1 2 145 42 5 8 8 
42 73 368 5 8 8 
42 73 368 5 8 8 
42 73 368 5 8 8 
145 42 73 5 8 8 
145 42 5 8 8 
42 73 368 5 8 8 
42 73 368 5 8 8 
42 73 368 5 8 8 
145 42 5 8 8 
145 42 5 143 8 144 8 
145 42 5 8 8 
145 42 5 8 8 
42 73 368 5 8 8 
42 73 368 5 8 8 
42 73 368 5 8 8 
145 42 5 454 458 8 8 
42 73 368 5 8 8 
42 73 368 5 8 36 122 8 
145 42 5 8 8 
42 73 368 5 8 8 
42 73 368 5 8 8 
42 73 368 5 8 8 
42 73 368 5 8 8 
145 42 5 8 8 
145 42 5 8 8 
42 73 368 5 8 8 
42 73 368 5 143 8 144 8 
42 73 368 5 8 8 
145 42 5 8 8 
1 2 145 42 5 8 8 
145 42 5 8 8 
145 42 5 8 8 
145 42 5 143 8 144 8 
42 73 368 5 8 36 122 8 
42 73 368 5 8 8 
42 73 368 5 8 156 144 8 
145 42 5 8 156 144 8 
145 42 5 8 8 
42 73 368 5 8 8 
42 73 368 5 8 8 
42 73 368 5 8 165 8 
42 73 368 5 8 8 
42 73 368 5 8 8 
42 73 368 5 8 8 
145 42 5 8 8 
145 42 5 8 8 
145 42 5 8 8 
145 42 5 8 8 
145 42 73 5 8 8 
145 42 5 8 8 
145 42 5 8 8 
145 42 5 8 8 
145 42 5 8 8 
145 42 5 143 8 144 8 
145 42 5 8 8 
42 73 368 5 8 8 
42 73 368 5 8 8 
42 73 368 5 8 8 
42 73 368 5 8 8 
145 42 5 8 8 
175 145 42 5 8 8 
145 42 5 8 8 
145 42 5 8 219 8 
145 42 5 8 8 
145 42 5 423 162 8 8 
145 42 5 189 8 144 8 
145 42 73 5 8 8 
42 73 368 5 8 8 
145 42 5 8 8 
42 73 368 5 8 8 
145 42 5 8 8 
42 73 368 5 8 8 
42 73 368 5 8 8 
145 42 5 8 8 
145 42 5 8 8 
299 59 128 145 60 42 5 8 8 
145 42 5 8 8 
42 73 368 5 8 8 
145 42 5 8 8 
145 42 5 8 8 
145 42 5 8 8 
145 42 5 8 8 
145 42 5 8 8 
145 42 5 8 8 
145 42 5 8 8 
145 42 5 8 8 
145 42 5 8 8 
42 73 368 5 8 8 
145 42 5 8 8 
42 73 368 5 8 8 
42 73 368 5 8 8 
145 42 5 8 12 8 
145 42 5 8 12 8 
42 73 368 5 464 8 165 8 
58 59 145 60 42 149 150 5 8 8 
145 42 5 8 8 
145 42 5 189 8 144 8 
179 145 56 57 42 180 181 5 189 8 144 8 
145 42 5 189 8 144 8 
42 73 368 5 231 8 8 
145 42 5 8 8 
42 73 368 5 8 8 
1 2 145 42 5 8 8 
145 42 5 8 8 
145 42 5 8 8 
145 42 5 8 8 
145 42 5 8 8 
42 73 368 5 8 8 
42 73 368 5 8 8 
42 73 368 5 8 8 
42 73 368 5 8 8 
145 42 5 8 8 
42 73 368 5 8 8 
42 73 368 5 8 8 
145 42 5 8 8 
1 2 42 73 368 5 8 8 
145 42 5 8 8 
42 73 368 5 8 8 
1 2 42 73 368 5 8 8 
164 1 15 145 42 5 423 162 8 8 
42 73 368 5 8 8 
42 73 368 5 8 8 
42 73 368 5 8 8 
42 73 368 5 8 36 122 8 
42 73 368 5 8 36 122 8 
42 73 368 5 8 36 122 8 
42 73 368 5 8 36 122 8 
42 73 368 5 8 36 122 8 
42 73 368 5 8 8 
145 42 5 8 8 
145 42 5 8 8 
145 42 5 8 8 
145 42 5 8 156 144 8 
42 73 368 5 8 8 
42 73 368 5 8 8 
1 2 145 42 5 8 8 
145 42 5 8 8 
154 42 73 155 368 5 8 8 
42 73 368 5 8 8 
145 42 73 5 8 8 
145 42 5 8 8 
145 42 73 5 8 36 122 8 
145 42 5 8 8 
42 73 368 5 8 8 
42 73 368 5 8 8 
145 42 5 8 8 
42 73 368 5 8 8 
164 1 15 145 42 5 423 162 8 8 
42 73 368 5 8 8 
145 42 5 8 8 
42 73 368 5 8 8 
145 42 5 8 8 
145 42 5 8 8 
145 42 5 8 8 
42 73 368 5 8 8 
42 73 368 5 143 8 144 8 
1 2 145 42 5 8 8 
145 42 5 8 36 122 8 
145 42 5 8 36 122 8 
145 42 5 8 8 
42 73 368 5 8 165 8 
145 42 73 5 8 8 
42 73 368 5 8 8 
42 73 368 5 8 8 
42 73 368 5 8 8 
42 73 368 5 8 8 
145 42 5 8 8 
145 42 5 8 8 
145 42 5 8 8 
1 2 42 73 368 5 8 8 
42 73 368 5 8 8 
42 73 368 5 8 8 
42 73 368 5 8 8 
42 73 368 5 8 8 
145 42 5 8 8 
42 73 368 5 8 8 
145 42 5 8 8 
42 73 368 5 8 8 
145 42 5 8 8 
145 42 5 8 8 
42 73 368 5 8 165 8 
145 42 73 5 8 8 
42 73 368 5 8 36 122 8 
145 42 5 8 8 
145 42 5 8 8 
145 42 5 8 8 
145 42 5 8 8 
164 1 15 145 42 5 8 8 
145 42 5 8 8 
145 42 5 8 8 
145 42 5 8 8 
145 42 5 8 8 
42 73 368 5 8 36 122 8 
1 2 42 73 368 5 8 8 
145 42 5 8 8 
42 73 368 5 8 8 
145 42 5 8 8 
42 73 368 5 8 8 
42 73 368 5 8 8 
145 42 5 8 8 
145 42 5 8 8 
42 73 368 5 189 8 144 8 
40 42 73 368 5 8 8 
42 73 368 5 8 8 
145 42 5 8 8 
145 42 5 8 8 
145 42 73 5 8 8 
42 73 368 5 8 8 
145 42 73 5 8 8 
145 42 5 8 8 
42 73 368 5 8 8 
145 42 5 8 156 144 8 
145 42 5 8 8 
42 73 368 5 8 8 
42 73 368 5 8 8 
145 42 5 189 8 461 144 8 
145 42 5 8 8 
145 42 5 8 8 
42 73 368 5 8 165 8 
145 42 5 8 8 
42 73 368 5 8 8 
42 73 368 5 8 8 
42 73 368 5 8 8 
42 73 368 5 8 8 
42 73 368 5 8 36 122 8 
145 42 5 8 8 
145 42 5 8 8 
145 42 5 8 8 
42 73 368 5 143 8 144 8 
42 73 368 5 143 8 144 8 
1 2 42 167 73 368 5 8 144 201 8 
145 42 5 189 8 461 144 8 
145 42 5 189 8 461 144 8 
145 42 5 189 8 461 144 8 
42 73 368 5 8 8 
42 73 368 5 8 8 
42 73 368 5 8 8 
145 42 5 8 156 144 8 
145 42 5 8 8 
145 42 5 8 8 
145 42 5 8 8 
42 73 368 5 8 8 
42 73 368 5 8 8 
145 42 5 8 8 
42 73 368 5 8 8 
42 73 368 5 8 8 
42 73 368 5 8 8 
145 42 5 8 8 
42 73 368 5 8 8 
42 73 368 5 189 8 144 8 
145 42 5 8 8 
42 73 368 5 8 8 
42 73 368 5 8 8 
42 73 368 5 8 8 
42 73 368 5 8 8 
136 145 42 174 5 8 8 
145 42 73 5 8 8 
145 42 73 5 8 8 
145 42 5 8 8 
145 42 5 8 8 
42 73 368 5 8 8 
145 42 5 8 8 
145 42 73 5 8 8 
145 42 73 5 8 8 
42 73 368 5 8 165 8 
42 73 368 5 8 8 
42 73 368 5 8 8 
145 42 5 8 8 
42 73 368 5 8 8 
42 73 368 5 8 8 
145 42 5 8 8 
145 42 5 8 8 
145 42 5 8 8 
145 42 5 8 8 
42 73 368 5 8 8 
42 73 368 5 8 8 
42 73 368 5 8 8 
42 73 368 5 8 8 
145 42 5 8 8 
145 42 5 8 8 
42 73 368 5 8 8 
42 73 368 5 143 8 144 8 
145 42 5 8 156 144 8 
42 73 368 5 8 8 
145 42 5 8 8 
145 42 5 8 8 
42 73 368 5 8 8 
42 73 368 5 8 8 
42 73 368 5 176 162 8 8 
145 42 5 8 8 
54 51 465 42 73 368 5 8 8 
145 42 5 8 8 
42 73 368 5 8 8 
145 42 5 8 8 
145 42 5 8 8 
42 73 368 5 189 8 144 8 
145 42 73 5 8 8 
145 42 5 8 8 
42 73 368 5 8 8 
145 42 5 8 165 8 
42 73 368 5 8 36 122 8 
145 42 5 189 8 144 8 
145 42 5 8 8 
145 42 5 8 8 
145 42 5 8 8 
145 42 5 8 8 
42 73 368 5 8 36 122 8 
42 73 368 5 8 36 122 8 
145 42 5 8 8 
42 73 368 5 8 36 122 8 
145 42 5 8 8 
145 42 5 8 8 
42 73 368 5 8 36 122 8 
42 73 368 5 8 36 122 8 
42 73 368 5 8 8 
1 2 145 42 5 8 8 
145 42 5 8 8 
145 42 5 8 8 
145 42 73 5 8 8 
145 42 73 5 8 8 
145 42 73 5 8 8 
145 42 5 8 8 
42 73 368 5 8 8 
145 42 5 8 8 
42 73 368 5 8 8 
145 42 5 8 8 
145 42 5 8 8 
42 73 368 5 8 8 
42 73 368 5 8 8 
42 73 368 5 8 8 
42 73 368 5 8 8 
42 73 368 5 8 8 
42 73 368 5 8 8 
1 15 42 73 368 5 8 8 
145 42 5 8 8 
145 42 5 8 8 
145 42 5 8 8 
42 73 368 5 8 8 
42 73 368 5 8 8 
42 73 368 5 8 8 
42 73 368 5 8 8 
145 42 73 5 8 8 
145 42 5 189 8 144 8 
145 42 5 8 8 
42 73 368 5 8 8 
145 42 5 8 8 
42 73 368 5 8 8 
145 42 73 368 5 8 8 
1 15 42 73 368 5 8 8 
145 42 5 8 8 
145 42 5 8 8 
42 73 368 5 8 8 
42 73 368 5 8 8 
42 73 368 5 8 8 
42 73 368 5 8 8 
42 73 368 5 8 8 
42 73 368 5 8 8 
42 73 368 5 8 8 
42 73 368 5 8 8 
42 73 368 5 8 8 
42 73 368 5 8 8 
42 73 368 5 8 8 
42 73 368 5 8 8 
42 73 368 5 8 165 8 
42 73 368 5 143 8 144 8 
42 73 368 5 189 8 144 8 
145 42 5 8 8 
42 73 368 5 8 8 
42 73 368 5 8 8 
145 42 5 8 8 
145 42 5 8 8 
1 2 42 73 368 5 8 8 
42 73 368 5 8 8 
42 73 368 5 8 8 
145 42 5 8 8 
42 73 368 5 8 8 
145 42 5 8 8 
145 42 5 8 8 
42 73 368 5 8 8 
145 42 5 8 8 
145 42 5 8 8 
145 42 5 344 162 8 8 
145 42 5 8 8 
145 42 73 5 8 8 
145 42 5 8 8 
145 42 5 8 8 
145 42 5 8 8 
1 2 145 42 5 8 8 
42 73 368 5 8 8 
145 42 5 8 8 
145 42 5 8 8 
145 42 5 8 8 
145 42 5 8 8 
145 42 5 8 8 
145 42 5 8 8 
145 42 5 8 8 
145 42 5 8 8 
145 42 5 8 8 
145 42 5 8 8 
145 42 5 8 8 
145 42 5 8 8 
145 42 5 8 8 
145 42 5 8 8 
145 42 5 8 8 
42 73 368 5 8 36 122 8 
42 73 368 5 8 36 122 8 
145 42 5 8 8 
42 73 368 5 8 8 
42 73 368 5 8 8 
42 73 368 5 8 8 
42 73 368 5 8 8 
42 73 368 5 8 8 
145 42 5 8 8 
145 42 5 143 8 144 8 
145 42 5 8 8 
145 42 5 8 8 
145 42 5 8 142 36 8 
145 42 5 8 8 
42 73 368 5 8 8 
42 73 368 5 8 8 
42 73 368 5 143 8 144 8 
145 42 5 8 8 
42 73 368 5 8 8 
145 42 5 8 8 
145 42 5 8 8 
145 42 5 8 8 
145 42 5 8 8 
145 42 5 8 142 36 8 
42 73 368 5 8 8 
42 73 368 5 8 8 
42 73 368 5 8 8 
42 73 368 5 8 8 
145 42 5 8 8 
1 2 145 42 5 8 8 
42 73 368 5 8 36 122 123 8 
42 73 368 5 8 8 
42 73 368 5 8 8 
145 42 5 8 8 
42 73 368 5 8 165 8 
42 73 368 5 8 165 8 
42 73 368 5 8 165 8 
42 73 368 5 8 165 8 
42 73 368 5 8 165 8 
145 42 5 8 8 
145 42 5 143 8 144 8 
145 42 5 143 8 144 8 
145 42 5 143 8 144 8 
145 42 5 143 8 144 8 
42 73 368 5 143 8 144 8 
42 73 368 5 8 8 
42 73 368 5 8 8 
42 73 368 5 8 8 
42 73 368 5 8 156 144 8 
42 73 368 5 8 8 
145 42 73 5 8 8 
42 73 368 5 8 8 
42 73 368 5 8 8 
42 73 368 5 8 156 144 8 
42 73 368 5 8 8 
42 73 368 5 8 8 
42 73 368 5 8 8 
145 42 73 5 143 8 144 8 
145 42 5 8 8 
40 145 41 42 5 8 8 
145 42 5 8 8 
42 73 368 5 8 165 8 
145 42 5 8 156 144 8 
42 73 368 5 8 8 
145 42 5 8 168 8 
42 73 368 5 8 8 
145 42 5 8 156 144 8 
145 42 5 8 156 144 8 
42 73 368 5 8 36 122 8 
42 73 368 5 8 8 
42 73 368 5 8 8 
1 2 42 73 368 5 8 8 
145 42 5 8 8 
42 73 368 5 8 8 
145 42 5 8 8 
42 73 368 5 8 8 
166 95 42 73 368 5 143 8 144 8 
145 42 5 8 8 
145 42 5 8 8 
145 42 5 143 8 142 36 144 8 
42 73 368 5 8 36 122 8 
42 73 368 5 8 8 
145 42 5 143 8 144 8 
42 73 368 5 8 8 
42 73 368 5 143 8 144 8 
145 42 5 8 8 
145 42 5 8 8 
145 42 5 8 156 144 8 
145 42 5 8 8 
42 73 368 5 8 8 
145 42 5 8 8 
42 73 368 5 8 8 
42 73 368 5 8 8 
145 42 5 8 8 
145 42 5 8 8 
145 42 5 8 8 
42 73 368 5 8 8 
42 73 368 5 143 8 144 8 
42 73 368 5 8 8 
145 42 5 8 8 
42 73 368 5 8 8 
145 42 5 8 8 
42 73 368 5 27 28 21 8 8 
42 73 368 5 8 8 
145 42 5 466 240 162 8 242 8 
145 42 5 8 8 
145 42 5 8 8 
1 2 145 42 5 8 8 
1 2 42 73 368 5 8 8 
1 2 145 42 5 8 8 
42 73 368 5 143 8 144 8 
145 42 5 8 8 
42 73 368 5 8 8 
42 73 368 5 6 23 8 139 8 
145 42 5 8 8 
42 73 368 5 8 8 
42 73 368 5 8 8 
42 73 368 5 8 8 
42 73 368 5 8 8 
145 42 5 8 8 
145 42 73 5 8 8 
42 73 368 5 8 156 144 8 
42 73 368 5 8 8 
145 42 5 8 8 
42 73 368 5 8 8 
145 42 5 8 8 
42 73 368 5 8 8 
145 42 5 8 8 
145 42 5 8 8 
42 73 368 5 8 8 
145 42 5 8 8 
42 73 368 5 8 8 
145 42 5 8 8 
145 42 5 8 8 
145 42 5 8 8 
42 73 368 5 8 8 
42 73 368 5 8 8 
42 73 368 177 5 112 8 113 8 
42 73 368 5 8 8 
42 73 368 5 8 8 
145 42 5 8 8 
42 73 368 5 8 8 
1 2 42 73 368 5 8 8 
1 2 145 42 5 8 8 
145 42 5 8 8 
145 42 5 8 8 
42 73 368 5 8 8 
145 42 5 161 8 8 
145 42 5 8 8 
42 73 368 5 8 8 
42 73 368 5 8 8 
42 73 368 5 8 8 
42 73 368 5 8 8 
145 42 5 8 36 122 8 
145 42 73 5 8 8 
145 42 73 5 8 8 
42 73 368 5 8 8 
145 42 5 8 8 
42 73 368 5 143 8 144 8 
145 42 5 8 36 122 8 
42 73 368 5 8 36 122 8 
145 42 5 8 36 122 8 
42 73 368 5 8 36 122 8 
42 73 368 5 8 36 122 8 
54 51 145 42 5 8 8 
42 73 368 5 8 8 
145 42 5 8 8 
145 42 5 8 8 
1 2 145 42 5 8 8 
42 73 368 5 8 8 
42 73 368 5 8 8 
42 73 368 5 8 8 
42 73 368 5 8 8 
42 73 368 5 8 8 
42 73 368 5 8 8 
145 42 5 8 8 
42 73 368 5 8 8 
42 73 368 5 8 8 
145 42 5 8 8 
145 42 5 8 8 
42 73 368 5 8 8 
1 2 42 73 368 5 8 8 
145 42 5 8 8 
145 42 5 101 8 8 
42 73 368 5 8 8 
42 73 368 5 8 8 
42 73 368 5 8 8 
145 42 5 8 8 
1 2 145 42 5 8 8 
145 42 5 8 8 
145 42 5 8 8 
1 2 42 73 368 5 8 8 
40 42 73 368 5 8 8 
42 73 368 5 8 8 
145 42 73 5 8 8 
1 15 145 42 43 5 8 8 
42 73 368 5 8 8 
42 73 368 5 8 8 
42 73 368 5 8 8 
42 73 368 5 8 8 
42 73 368 5 8 8 
42 73 368 5 8 8 
145 42 5 8 36 122 8 
42 73 368 5 8 36 122 8 
42 73 368 5 8 36 122 8 
42 73 368 5 8 8 
42 73 368 5 8 8 
1 2 42 73 368 5 8 8 
145 42 73 5 8 8 
145 42 5 91 6 92 8 8 
42 73 368 5 8 8 
42 73 368 5 8 8 
145 42 5 8 8 
42 73 368 5 8 8 
42 73 368 5 8 8 
145 42 5 8 8 
42 73 368 5 8 8 
145 42 5 8 8 
42 73 368 5 8 8 
42 73 368 5 8 8 
1 15 202 145 42 234 5 8 8 
145 42 5 8 8 
145 42 5 8 8 
42 73 368 5 8 8 
145 42 5 8 8 
145 42 5 8 36 122 8 
42 73 368 5 8 36 122 8 
145 42 5 8 36 122 8 
42 73 368 5 8 36 122 8 
42 73 368 5 8 36 122 8 
145 42 5 8 36 122 8 
145 42 5 8 8 
42 73 368 5 8 8 
145 42 5 8 8 
42 73 368 5 8 8 
42 73 368 5 8 35 8 
145 42 5 8 8 
42 73 368 5 8 8 
145 42 5 8 8 
145 42 5 8 8 
42 73 368 5 8 8 
42 73 368 5 8 8 
145 42 5 8 8 
145 42 5 8 8 
145 42 5 8 36 122 8 
145 42 5 8 8 
145 42 5 8 8 
40 41 42 73 368 5 8 8 
42 73 368 5 6 8 9 8 
42 73 368 5 8 8 
42 73 368 5 8 8 
42 73 368 5 8 8 
42 73 368 5 8 8 
42 73 368 5 8 8 
145 42 5 8 8 
42 73 368 5 189 8 144 8 
42 73 368 5 8 8 
42 73 368 5 8 8 
145 42 5 8 8 
136 42 174 73 368 5 8 165 8 
42 73 368 5 8 8 
145 42 5 8 8 
42 73 368 5 8 8 
145 42 5 8 8 
145 42 5 8 8 
55 145 56 57 42 5 8 8 
55 145 56 57 42 5 8 8 
55 145 56 57 42 5 8 8 
145 42 5 8 8 
55 145 56 57 42 5 8 8 
145 42 5 8 8 
1 15 145 42 5 8 8 
145 42 5 8 8 
145 42 5 8 8 
55 145 56 57 42 5 8 8 
55 145 56 57 42 5 8 8 
42 73 368 5 8 8 
145 42 5 8 8 
145 42 5 8 8 
145 42 5 8 8 
145 42 5 8 8 
1 2 145 42 5 8 8 
145 42 5 8 8 
145 42 5 8 8 
145 42 5 8 8 
145 42 5 8 8 
145 42 5 8 8 
145 42 5 8 8 
42 73 368 5 8 8 
42 73 368 5 8 8 
42 73 368 5 8 36 122 8 
145 42 5 8 36 122 8 
42 73 368 5 8 8 
145 42 5 8 8 
145 42 5 8 36 122 8 
42 73 368 5 8 8 
42 73 368 5 8 8 
42 73 368 5 8 8 
145 42 5 8 36 122 8 
145 42 5 8 8 
145 42 5 8 8 
145 42 5 8 8 
42 73 368 5 8 8 
42 73 368 5 8 8 
145 42 5 8 8 
42 73 368 5 8 8 
145 42 5 8 8 
145 42 5 8 8 
145 42 5 8 8 
1 15 145 42 5 8 8 
145 42 5 8 8 
145 42 5 8 8 
145 42 5 8 8 
145 42 5 8 8 
145 42 5 8 8 
145 42 5 8 8 
145 42 5 8 8 
145 42 5 8 8 
145 42 5 8 8 
145 42 5 8 8 
145 42 5 8 8 
145 42 5 8 8 
145 42 5 8 8 
145 42 5 8 8 
145 42 5 8 8 
145 42 5 8 8 
145 42 5 8 8 
145 42 5 8 8 
42 73 368 5 8 8 
145 42 5 8 8 
42 73 368 5 8 8 
42 73 368 5 8 8 
42 73 368 5 8 8 
42 73 368 5 8 8 
145 42 5 8 8 
42 73 368 5 8 8 
145 42 73 5 8 8 
145 42 5 8 8 
145 42 5 8 8 
145 42 5 8 8 
42 73 368 5 8 165 8 
42 73 368 5 8 8 
145 42 5 8 8 
145 42 5 8 8 
145 42 5 8 8 
145 42 5 8 8 
145 42 5 8 8 
145 42 73 5 8 8 
145 42 5 8 8 
145 42 5 8 8 
145 42 5 8 36 122 8 
42 73 368 5 8 8 
42 73 368 5 189 8 144 8 
42 73 368 5 8 8 
42 73 368 5 8 8 
145 42 5 8 8 
1 2 42 73 368 5 8 8 
145 42 5 8 8 
145 42 5 8 8 
145 42 5 8 8 
145 42 5 8 8 
145 42 5 8 8 
145 42 5 8 8 
42 73 368 5 189 8 144 8 
145 42 5 8 8 
145 42 5 8 8 
145 42 5 8 8 
107 145 42 108 5 8 8 
179 145 56 57 42 180 181 5 8 8 
145 42 5 8 8 
145 42 5 8 8 
145 42 5 8 8 
145 42 5 8 8 
145 42 5 8 8 
145 42 5 8 8 
145 42 5 8 8 
145 42 5 8 8 
145 42 5 8 8 
42 73 368 5 8 8 
42 73 368 5 196 197 176 162 8 8 
145 42 5 143 8 144 8 
145 42 5 8 8 
145 42 5 8 8 
145 42 5 8 8 
42 73 368 5 8 8 
42 73 368 5 8 8 
42 73 368 5 8 8 
42 73 368 5 8 8 
42 73 368 5 8 8 
145 42 5 8 8 
145 42 5 8 8 
145 42 5 8 8 
145 42 5 8 8 
145 42 5 8 8 
145 42 5 8 8 
145 42 5 8 8 
145 42 5 8 8 
145 42 5 8 8 
145 42 5 8 8 
145 42 5 8 8 
145 42 5 8 8 
145 42 5 8 8 
145 42 5 8 8 
1 2 145 42 5 8 8 
145 42 5 8 8 
145 42 5 8 8 
145 42 5 8 8 
145 42 73 5 8 8 
42 73 368 5 143 8 144 8 
42 73 368 5 8 8 
145 42 5 8 8 
42 73 368 5 8 8 
179 145 42 56 57 181 5 8 8 
145 42 5 8 8 
42 73 368 5 8 8 
145 42 5 8 8 
145 42 5 8 8 
145 42 5 8 8 
145 42 5 8 8 
42 73 368 5 8 36 122 8 
42 73 368 5 8 8 
145 42 5 8 8 
1 15 145 42 5 8 8 
145 42 5 8 8 
145 42 5 8 8 
145 42 5 8 8 
145 42 5 8 8 
145 42 5 8 8 
145 42 5 8 8 
145 42 5 8 8 
145 42 5 8 8 
145 42 5 8 8 
145 42 5 8 8 
42 73 368 5 143 8 144 8 
1 2 42 73 368 5 8 8 
42 73 368 5 8 8 
42 73 368 5 8 8 
42 73 368 5 8 8 
42 73 368 5 8 144 8 
42 73 368 5 143 8 144 8 
42 73 368 5 8 8 
145 42 5 8 8 
42 73 368 5 8 36 122 8 
145 42 5 162 8 8 
145 42 5 8 8 
145 42 5 8 8 
1 2 145 42 5 8 8 
145 42 5 8 8 
145 42 5 8 8 
145 42 5 8 8 
145 42 5 8 8 
145 42 5 8 8 
145 42 5 8 8 
145 42 5 8 8 
42 73 368 5 8 8 
145 42 5 8 8 
42 73 368 5 8 8 
178 136 145 42 5 8 8 
145 42 5 8 8 
145 42 5 143 8 144 8 
42 73 368 5 8 36 122 8 
42 73 368 5 8 8 
42 73 368 5 8 156 144 8 
42 73 368 5 8 156 144 8 
145 42 5 143 8 144 8 
42 73 368 5 8 8 
145 42 5 8 8 
1 15 145 42 43 5 8 8 
42 73 368 5 8 8 
145 42 5 8 156 144 8 
145 42 5 8 35 8 
145 42 5 225 162 8 8 
42 73 368 5 8 8 
42 73 368 5 8 8 
42 73 368 5 143 8 144 8 
145 42 5 8 8 
42 73 368 5 8 8 
42 73 368 5 8 8 
42 73 368 5 8 8 
42 73 368 5 8 8 
145 42 5 8 8 
42 73 368 5 8 8 
145 42 5 8 8 
145 42 5 8 8 
145 42 73 5 8 8 
42 73 368 5 8 8 
42 73 368 5 8 8 
145 42 5 8 8 
42 73 368 5 8 8 
145 42 5 8 8 
145 42 5 8 8 
145 42 73 368 5 8 8 
145 42 5 8 8 
145 42 5 8 8 
42 73 368 5 8 36 122 8 
42 73 368 5 8 8 
145 42 5 143 8 144 8 
145 42 5 8 8 
145 42 5 8 8 
145 42 5 8 8 
42 73 368 5 8 8 
145 42 5 8 8 
145 42 5 8 8 
145 42 5 8 8 
145 42 5 8 8 
42 73 368 5 8 8 
42 73 368 5 189 143 8 144 8 
145 42 73 5 8 8 
145 42 5 8 8 
145 42 5 8 8 
42 73 368 5 8 8 
42 73 368 5 8 8 
145 42 5 8 168 8 
145 42 5 8 8 
42 73 368 5 8 8 
42 73 368 5 8 8 
42 73 368 5 8 8 
145 42 73 5 8 8 
42 73 368 5 8 8 
42 73 368 5 8 8 
42 73 368 5 8 8 
145 42 5 8 8 
42 73 368 5 8 8 
42 73 368 5 8 8 
42 73 368 5 8 8 
42 73 368 5 8 8 
145 42 5 8 156 144 8 
179 145 56 57 42 180 181 5 8 156 144 8 
1 2 145 42 5 8 36 122 8 
145 42 5 8 8 
145 42 5 8 8 
145 42 5 8 8 
42 73 368 5 8 8 
42 73 368 5 8 8 
42 73 368 5 8 8 
145 42 5 8 8 
42 73 368 5 8 8 
145 42 5 8 8 
42 73 368 5 8 8 
145 42 5 8 8 
145 42 5 8 8 
1 2 145 42 5 8 8 
145 42 5 8 8 
145 42 5 8 8 
42 73 368 5 8 8 
42 73 368 5 8 8 
42 73 368 5 8 8 
145 42 5 8 8 
42 73 368 5 8 8 
42 73 368 5 8 8 
145 42 5 8 8 
42 73 368 5 8 8 
42 73 368 5 8 8 
42 73 368 5 8 8 
42 73 368 5 8 8 
42 73 368 5 8 8 
42 73 368 5 8 8 
42 73 368 5 8 8 
42 73 368 5 8 8 
145 42 5 8 8 
42 73 368 5 8 8 
42 73 368 5 91 6 92 8 8 
42 73 368 5 8 8 
145 42 5 8 8 
42 73 368 5 8 8 
42 73 368 5 8 8 
145 42 5 8 8 
145 42 5 8 8 
42 73 368 5 8 8 
145 42 73 5 8 8 
42 73 368 5 8 36 122 8 
42 73 368 5 8 8 
42 73 368 5 8 8 
145 42 5 8 8 
145 42 5 8 8 
145 42 5 8 8 
145 42 5 8 8 
42 73 368 5 8 8 
145 42 5 8 8 
42 73 368 5 8 8 
145 42 5 8 8 
145 42 5 8 8 
145 42 5 8 8 
145 42 5 8 8 
42 73 368 5 189 8 144 8 
42 73 368 5 8 283 8 
1 2 145 42 5 8 8 
145 42 5 231 8 8 
145 42 73 5 231 8 8 
42 73 368 5 8 8 
42 73 368 5 8 8 
42 73 368 5 8 8 
145 42 73 5 8 8 
145 42 5 8 8 
145 42 5 8 8 
145 42 5 8 8 
145 42 5 8 8 
42 73 368 5 8 156 144 8 
145 42 5 8 8 
145 42 5 8 8 
42 73 368 5 8 8 
145 42 5 91 6 92 8 8 
42 73 368 5 8 8 
145 42 5 8 8 
145 42 5 8 8 
145 42 5 143 8 144 8 
42 73 368 5 8 8 
42 73 368 5 8 8 
145 42 5 8 8 
42 73 368 5 8 8 
42 73 368 5 8 8 
145 42 5 162 8 163 8 
42 73 368 5 8 8 
145 42 5 8 8 
42 73 368 5 8 8 
145 42 5 8 8 
145 42 5 8 8 
145 42 5 8 8 
145 42 5 8 8 
145 42 5 8 8 
145 42 5 8 8 
145 42 73 368 5 8 8 
42 73 368 5 8 8 
42 73 368 5 8 8 
42 73 368 5 8 8 
42 73 368 5 8 8 
145 42 5 8 8 
145 42 5 8 8 
145 42 5 8 35 8 
145 42 5 8 35 8 
145 42 5 8 35 8 
145 42 5 189 8 144 8 
145 42 5 189 8 144 8 
145 42 5 8 8 
42 73 368 5 189 8 399 144 8 
145 42 5 143 8 144 8 
145 42 5 8 8 
145 42 5 8 8 
145 42 5 8 8 
42 73 368 5 8 8 
42 73 368 5 8 8 
145 42 5 8 8 
42 73 368 5 8 8 
42 73 368 5 8 8 
145 42 5 8 8 
1 2 145 42 5 8 8 
42 73 368 5 8 8 
1 2 42 73 4 368 5 8 35 8 
42 73 368 5 8 8 
42 73 368 5 8 8 
145 42 5 8 35 8 
145 42 5 8 8 
145 42 5 8 8 
42 73 368 5 8 8 
42 73 368 5 8 8 
42 73 368 5 8 8 
42 73 368 5 8 8 
145 42 73 5 8 8 
145 42 5 8 8 
145 42 5 8 142 36 8 
145 42 5 8 8 
145 42 5 8 8 
42 73 368 5 8 8 
145 42 5 8 8 
145 42 5 8 8 
42 73 368 5 8 8 
145 42 5 8 165 8 
42 73 368 5 8 8 
145 42 5 8 8 
145 42 5 8 8 
145 42 5 8 8 
42 73 368 5 454 458 8 8 
145 42 5 8 8 
42 73 368 5 8 36 122 8 
145 42 5 143 8 142 36 144 8 
145 42 5 8 8 
42 73 368 5 8 156 144 8 
166 95 42 73 368 5 8 156 144 8 
145 42 5 143 8 144 8 
42 73 368 5 169 162 170 8 8 
145 42 5 8 8 
145 42 5 8 8 
42 73 368 5 8 8 
145 42 5 8 8 
42 73 368 5 8 8 
42 73 368 5 8 8 
42 73 368 5 8 8 
145 42 73 5 8 8 
145 42 5 8 8 
145 42 73 5 8 8 
145 42 5 8 8 
42 73 368 5 8 8 
145 42 5 239 162 8 8 
42 73 368 5 8 8 
42 73 368 5 8 8 
145 42 5 8 8 
145 42 5 8 8 
42 73 368 5 8 8 
42 73 368 5 8 8 
145 42 5 8 156 144 8 
42 73 368 5 8 8 
145 42 73 5 8 8 
42 73 368 5 8 8 
145 42 5 8 8 
145 42 5 8 8 
145 42 5 8 8 
145 42 5 8 8 
145 42 5 8 8 
145 42 5 8 8 
145 42 5 8 8 
145 42 5 8 8 
145 42 5 8 8 
145 42 5 8 8 
145 42 5 8 8 
145 42 5 8 8 
145 42 5 8 8 
145 42 5 8 8 
145 42 5 8 8 
145 42 5 8 8 
145 42 5 8 8 
145 42 5 8 8 
145 42 5 8 8 
145 42 5 8 8 
145 42 5 8 8 
145 42 5 8 8 
145 42 5 8 8 
145 42 5 8 8 
42 73 368 5 8 8 
42 73 368 5 8 8 
42 73 368 5 8 156 144 8 
145 42 73 5 8 35 8 
42 73 368 5 8 8 
145 42 5 8 8 
42 73 368 5 8 8 
42 73 368 5 143 8 144 8 
145 42 73 5 8 8 
42 73 368 5 8 8 
42 73 368 5 8 8 
42 73 368 5 8 8 
145 42 5 8 8 
145 42 73 5 8 8 
145 42 5 8 8 
145 42 5 8 8 
145 42 5 8 8 
145 42 5 8 8 
145 42 5 143 8 144 8 
1 2 42 73 368 5 143 8 144 8 
145 42 5 8 8 
1 2 42 73 368 5 8 36 122 8 
1 2 42 73 368 5 8 36 122 8 
42 73 368 5 8 36 122 8 
42 73 368 5 8 36 122 8 
42 73 368 5 8 36 122 8 
1 2 145 42 5 8 8 
42 73 368 5 8 8 
145 42 5 8 8 
145 42 5 8 8 
42 73 368 5 8 8 
145 42 5 8 8 
145 42 5 8 8 
145 42 5 8 8 
145 42 5 8 8 
42 73 368 5 8 8 
145 42 5 8 8 
42 73 368 5 8 8 
42 73 368 5 8 8 
42 73 368 5 8 8 
42 73 368 5 8 8 
145 42 5 8 8 
145 42 5 8 8 
42 73 368 5 8 8 
42 73 368 5 8 8 
42 73 368 5 8 8 
42 73 368 5 8 8 
1 42 73 368 5 8 35 8 
42 73 368 5 8 8 
145 42 5 8 8 
145 42 5 8 8 
42 73 368 5 8 8 
42 73 368 5 8 8 
145 42 5 8 8 
145 42 5 454 458 8 8 
145 42 5 454 458 8 8 
42 73 368 5 454 458 8 8 
58 59 145 60 42 149 150 5 454 458 8 8 
42 73 368 5 8 8 
42 73 368 5 8 8 
145 42 5 8 8 
145 42 5 8 8 
42 73 368 5 8 8 
145 42 5 8 8 
145 42 5 8 8 
1 2 145 42 5 8 8 
1 2 145 42 5 8 8 
1 2 145 42 5 8 8 
145 42 5 8 8 
145 42 5 8 8 
1 2 145 42 5 8 8 
145 42 5 8 156 144 8 
145 42 73 5 8 8 
42 73 368 5 8 8 
42 73 368 5 8 8 
145 42 5 8 8 
145 42 5 8 8 
42 73 368 5 8 8 
42 73 368 5 8 8 
42 73 368 5 8 8 
145 42 5 8 8 
145 42 5 8 8 
166 95 42 73 368 5 8 8 
42 73 368 5 8 8 
42 73 368 5 8 8 
42 73 368 5 8 8 
145 42 5 8 8 
42 73 368 5 8 8 
42 73 368 5 8 8 
145 42 5 8 8 
42 73 368 5 8 8 
145 42 5 8 8 
42 73 368 5 8 8 
42 73 368 5 8 8 
145 42 73 5 8 8 
42 73 368 5 8 8 
145 42 5 8 8 
42 73 368 5 8 8 
42 73 368 5 8 8 
145 42 5 8 8 
145 42 5 454 458 8 8 
145 42 5 454 458 8 8 
145 42 5 8 156 144 8 
145 42 5 8 8 
145 42 5 8 8 
145 42 5 8 8 
145 42 5 8 8 
42 73 368 5 8 8 
42 73 368 5 8 8 
145 42 73 5 8 8 
145 42 5 8 8 
42 73 368 5 8 36 122 8 
42 73 368 5 8 36 122 8 
42 73 368 5 8 165 8 
42 73 368 5 8 36 122 8 
136 145 42 174 5 8 8 
145 42 5 8 8 
42 73 368 5 8 8 
42 73 368 5 8 8 
42 73 368 5 8 8 
145 42 5 8 8 
145 42 5 8 8 
42 73 368 5 8 8 
175 145 42 5 8 8 
145 42 5 8 8 
42 73 368 5 8 8 
145 42 5 8 8 
42 73 368 5 8 393 8 
1 2 42 73 368 5 8 8 
42 73 368 5 8 8 
145 42 5 8 8 
42 73 368 5 8 8 
42 73 368 5 8 8 
42 73 368 5 8 8 
42 73 368 5 8 8 
1 2 145 42 5 8 8 
1 2 145 42 5 8 8 
145 42 5 8 8 
145 42 5 8 8 
145 42 5 8 8 
42 73 368 5 8 8 
42 73 368 5 8 8 
145 42 5 8 8 
42 73 368 5 8 8 
154 42 73 155 368 5 8 8 
42 73 368 5 8 8 
145 42 5 8 8 
145 42 5 8 8 
42 73 368 5 8 8 
42 73 368 5 8 165 8 
42 73 368 5 8 8 
145 42 5 8 8 
42 73 368 5 8 8 
42 73 368 5 8 8 
42 73 368 5 8 8 
145 42 5 8 8 
145 42 5 8 8 
42 73 368 5 8 165 8 
145 42 73 5 8 165 8 
145 42 5 8 165 8 
42 73 368 5 8 165 8 
42 73 368 5 8 165 8 
42 73 368 5 8 165 8 
42 73 368 5 8 165 8 
42 73 368 5 8 165 8 
42 73 368 5 8 36 122 8 
42 73 368 5 8 8 
42 73 368 5 8 8 
42 73 368 5 8 8 
42 73 368 5 8 8 
42 73 368 5 8 156 144 8 
42 73 368 5 8 8 
42 73 368 5 8 8 
42 73 368 5 8 8 
145 42 5 8 8 
145 42 5 8 8 
42 73 368 5 8 165 8 
42 73 368 5 8 8 
42 73 368 5 8 8 
42 73 368 5 8 8 
145 42 5 8 8 
145 42 5 8 8 
145 42 5 8 8 
145 42 5 8 8 
145 42 5 8 8 
145 42 5 8 8 
1 2 145 42 5 8 8 
145 42 5 8 8 
145 42 5 8 8 
1 2 145 42 5 8 8 
145 42 5 8 8 
145 42 5 8 8 
145 42 5 8 8 
145 42 5 8 8 
145 42 5 8 8 
145 42 5 8 8 
1 2 145 42 5 8 8 
145 42 5 8 8 
145 42 5 8 8 
145 42 5 8 8 
145 42 5 8 8 
42 73 368 5 8 8 
145 42 5 8 8 
42 73 368 5 8 8 
42 73 368 5 8 8 
145 42 5 143 8 144 8 
145 42 5 8 8 
42 73 368 5 8 8 
145 42 5 8 8 
145 42 5 8 8 
42 73 368 5 8 8 
42 73 368 5 8 8 
145 42 5 8 8 
42 73 368 5 8 8 
145 42 5 8 8 
42 73 368 5 8 8 
145 42 5 8 8 
145 42 73 5 8 8 
42 73 368 5 8 8 
42 73 368 5 8 8 
42 73 368 5 8 8 
42 73 368 5 8 8 
42 73 368 5 8 8 
42 73 368 5 8 8 
42 5 8 8 
42 73 368 5 8 8 
42 73 368 5 8 8 
42 73 368 5 8 8 
42 73 368 5 8 36 122 8 
145 42 5 8 8 
145 42 5 8 8 
145 42 5 169 162 170 8 8 
145 42 73 5 8 8 
42 73 368 5 8 8 
42 73 368 5 8 8 
175 145 42 5 8 8 
42 73 368 5 8 8 
145 42 5 423 162 8 8 
145 42 5 8 8 
145 42 5 8 8 
145 42 5 454 458 8 8 
42 73 368 5 143 8 144 8 
145 42 5 8 36 122 8 
42 73 368 5 8 8 
145 42 5 143 8 144 8 
42 73 368 5 8 8 
145 42 5 8 8 
42 73 368 5 8 8 
145 42 5 8 8 
145 42 5 8 8 
145 42 5 8 8 
42 73 368 5 8 36 122 8 
145 42 73 5 8 8 
42 73 368 5 8 36 122 8 
145 42 5 423 162 8 8 
1 2 42 73 368 5 8 36 122 8 
145 42 5 8 8 
145 42 5 8 8 
42 73 368 5 143 8 144 8 
42 73 368 5 8 8 
42 73 368 5 8 8 
1 2 42 3 73 368 5 8 8 
145 42 5 8 165 8 
42 73 368 5 189 8 144 8 
216 59 128 42 60 73 368 5 8 8 
1 2 145 42 5 8 8 
42 73 368 5 8 8 
216 59 128 145 60 42 5 8 8 
42 73 368 5 8 8 
1 2 145 42 5 8 8 
1 2 145 42 5 8 8 
1 2 145 42 5 8 8 
1 2 145 42 5 8 8 
42 73 368 5 8 8 
145 42 5 8 8 
145 42 5 8 8 
1 2 145 42 5 8 8 
145 42 5 8 8 
145 42 5 8 8 
42 73 368 5 8 8 
42 73 368 5 8 8 
145 42 5 454 458 8 8 
42 73 368 5 8 8 
145 42 5 454 458 8 8 
42 73 368 5 8 8 
42 73 368 5 8 8 
42 73 368 5 8 8 
42 73 368 5 8 8 
42 73 368 5 8 8 
145 42 5 8 8 
1 2 42 73 368 5 8 8 
145 42 5 8 8 
42 73 368 5 8 8 
1 2 145 42 167 5 8 8 
42 73 368 5 8 8 
154 42 73 155 368 5 8 8 
145 42 5 8 8 
42 73 368 5 8 8 
145 42 5 8 8 
42 73 368 5 8 8 
145 42 73 5 8 8 
42 73 368 5 8 8 
42 73 368 5 8 8 
42 73 368 5 8 8 
42 73 368 5 8 8 
42 73 368 5 8 8 
42 73 368 5 8 8 
145 42 5 8 8 
145 42 5 8 8 
145 42 5 8 8 
145 42 5 8 8 
145 42 5 8 8 
145 42 5 8 8 
145 42 5 8 8 
145 42 5 8 8 
145 42 5 8 8 
145 42 5 8 8 
145 42 5 8 156 144 8 
42 73 368 5 8 8 
42 73 368 5 8 8 
145 42 5 8 8 
145 42 5 8 8 
42 73 368 5 8 8 
205 206 145 207 42 5 8 8 
205 206 145 207 42 5 8 8 
205 206 145 207 42 5 8 8 
205 206 145 207 42 5 8 8 
145 42 5 8 8 
205 206 145 207 42 5 8 8 
205 206 145 207 42 5 8 8 
205 206 145 207 42 5 8 8 
205 206 145 207 42 5 8 8 
205 206 145 207 42 5 8 8 
205 206 145 207 42 5 8 8 
205 206 145 207 42 5 8 8 
145 42 5 8 8 
42 73 368 5 8 8 
42 73 368 5 8 8 
42 73 368 5 8 156 144 8 
145 42 5 143 8 144 8 
145 42 5 8 8 
145 42 5 8 8 
145 42 5 8 8 
145 42 5 8 8 
42 73 368 5 8 8 
145 42 5 8 8 
1 2 145 42 167 5 8 8 
1 2 145 42 167 5 8 8 
145 42 5 8 8 
145 42 5 8 8 
145 42 5 8 8 
145 42 73 5 8 8 
145 42 5 8 8 
145 42 5 8 8 
145 42 5 8 8 
42 73 368 5 8 36 122 8 
42 73 368 5 8 8 
145 42 5 8 8 
145 42 5 8 8 
145 42 5 8 8 
145 42 5 8 8 
145 42 5 8 8 
145 42 73 5 8 8 
145 42 5 8 8 
145 42 5 8 8 
145 42 73 5 8 8 
42 73 368 5 8 8 
1 2 145 42 5 8 8 
145 42 5 8 8 
145 42 5 8 8 
42 73 368 5 189 8 144 8 
42 73 368 5 8 8 
42 73 368 5 8 8 
42 73 368 5 8 8 
42 73 368 5 143 8 144 8 
42 73 368 5 143 8 144 8 
42 73 368 5 8 8 
42 73 368 5 189 143 8 144 8 
190 54 51 42 73 192 368 269 5 8 8 
42 73 368 5 467 8 8 
145 42 5 8 8 
145 42 5 161 8 8 
145 42 5 8 8 
145 42 5 8 8 
42 73 368 5 8 8 
145 42 5 8 8 
145 42 5 8 8 
145 42 73 368 5 176 162 8 8 
42 73 368 5 8 8 
42 73 368 5 8 8 
145 42 5 8 8 
42 73 368 5 8 8 
42 73 368 5 8 8 
42 73 368 5 8 8 
145 42 5 8 156 144 8 
145 42 5 8 36 122 8 
42 73 368 5 8 8 
42 73 368 5 8 8 
42 73 368 5 8 8 
42 73 368 5 8 8 
42 73 368 5 8 8 
42 73 368 5 8 8 
42 73 368 5 8 8 
42 73 368 5 8 8 
145 42 5 8 8 
145 42 5 8 8 
145 42 5 8 8 
145 42 5 8 144 201 8 
145 42 5 8 8 
145 42 5 8 168 8 
42 73 368 5 8 8 
145 42 5 8 8 
1 2 145 42 5 8 8 
145 42 5 8 8 
145 42 5 8 8 
145 42 5 8 8 
145 42 5 8 8 
42 73 368 5 189 8 399 144 8 
42 73 368 5 8 8 
145 42 5 189 8 144 8 
145 42 5 8 8 
145 42 5 8 165 8 
145 42 5 8 8 
145 42 5 8 8 
42 73 368 5 8 36 122 8 
42 73 368 5 8 36 122 8 
42 73 368 5 8 36 122 8 
145 42 5 143 8 144 8 
42 73 368 5 8 36 122 8 
42 73 368 5 8 8 
42 73 368 5 8 165 8 
145 42 5 8 8 
164 1 15 145 42 5 8 8 
145 42 5 8 8 
145 42 5 8 8 
42 73 368 5 8 8 
145 42 5 8 8 
42 73 368 5 8 156 144 8 
42 73 368 5 8 8 
145 42 73 5 8 8 
145 42 5 8 8 
1 2 42 73 368 5 8 8 
42 73 368 5 8 8 
145 42 5 8 8 
145 42 5 8 8 
145 42 5 8 8 
42 73 368 5 8 165 8 
145 42 5 8 8 
145 42 5 8 8 
42 73 368 5 189 8 36 144 122 8 
42 73 368 5 143 8 144 8 
42 73 368 5 8 144 8 
145 42 5 8 8 
1 236 15 202 145 42 5 8 8 
42 73 368 5 161 8 8 
42 73 368 5 8 8 
42 73 368 5 8 8 
299 59 128 145 60 42 5 8 8 
145 42 5 8 8 
42 73 368 5 8 36 122 123 8 
42 73 368 5 8 8 
42 73 368 5 8 36 122 8 
42 73 368 5 143 8 144 8 
145 42 5 8 8 
145 42 5 8 8 
42 73 368 5 8 8 
145 42 5 8 8 
42 73 368 5 8 8 
42 73 368 5 8 8 
145 42 5 189 8 144 8 
145 42 5 143 8 144 8 
145 42 5 189 8 461 144 8 
42 73 368 5 8 8 
145 42 5 8 8 
145 42 5 8 8 
145 42 5 8 8 
42 73 368 5 8 8 
145 42 5 8 8 
145 42 5 143 8 144 8 
42 73 368 5 8 36 122 8 
145 42 5 8 36 122 8 
42 73 368 5 8 8 
42 73 368 5 8 8 
42 73 368 5 8 8 
42 73 368 5 8 8 
145 42 5 8 8 
145 42 5 8 8 
42 73 368 5 8 8 
145 42 5 8 8 
42 73 368 5 8 8 
42 73 368 5 8 8 
42 73 368 5 8 8 
145 42 73 5 8 8 
42 73 368 5 8 8 
42 73 368 5 8 8 
42 73 368 5 143 8 144 8 
42 73 368 5 8 8 
42 73 368 5 8 8 
42 73 368 5 8 8 
42 73 368 5 6 8 8 
145 42 5 8 8 
145 42 5 8 8 
145 42 5 8 8 
42 73 368 5 8 36 122 8 
42 73 368 5 8 36 122 8 
145 42 5 8 36 122 8 
145 42 5 8 36 122 8 
42 73 368 5 8 36 122 8 
42 73 368 5 8 8 
42 73 368 5 8 8 
145 42 5 8 8 
145 42 5 8 8 
42 73 368 5 8 8 
145 42 5 8 8 
145 42 73 368 5 8 8 
42 73 368 5 8 8 
145 42 5 8 36 122 35 8 
42 73 368 5 8 8 
42 73 368 5 8 8 
42 73 368 5 8 8 
42 73 368 5 8 8 
145 42 5 8 8 
42 73 368 5 28 21 8 203 8 
1 2 42 73 368 5 28 21 8 203 8 
42 73 368 5 28 21 8 203 8 
42 73 368 5 28 21 8 203 8 
145 42 5 8 8 
42 73 368 5 467 8 8 
42 73 368 5 8 8 
145 42 5 189 8 461 144 8 
145 42 5 8 8 
42 73 368 5 8 8 
42 73 368 5 8 8 
145 42 5 8 12 8 
145 42 5 8 8 
42 73 368 5 8 36 122 8 
145 42 5 8 8 
145 42 5 8 35 8 
42 73 368 5 8 8 
1 15 145 42 5 8 8 
145 42 5 8 8 
145 42 5 8 8 
145 42 5 8 8 
145 42 5 8 8 
145 42 5 8 8 
1 15 145 42 5 8 8 
145 42 5 8 8 
145 42 5 8 8 
145 42 5 8 8 
145 42 5 8 8 
145 42 5 8 8 
145 42 5 8 8 
145 42 5 8 8 
145 42 5 8 8 
145 42 5 8 8 
145 42 5 8 8 
1 2 145 42 5 8 8 
145 42 5 8 8 
145 42 5 8 8 
145 42 5 8 8 
145 42 5 8 8 
145 42 5 8 8 
145 42 5 8 8 
145 42 73 5 8 8 
42 73 368 5 8 8 
1 2 145 42 5 8 8 
42 73 368 5 8 8 
42 73 368 5 8 8 
42 73 368 5 8 8 
145 42 5 8 8 
42 73 368 5 8 8 
42 73 368 5 143 8 144 8 
42 73 368 5 8 8 
145 42 5 8 8 
42 73 368 5 8 8 
42 73 368 5 8 8 
42 73 368 5 8 8 
42 73 368 5 8 8 
42 73 368 5 8 8 
42 73 368 5 8 8 
42 73 368 5 8 8 
42 73 368 5 8 8 
42 73 368 5 8 8 
42 73 368 5 8 8 
145 42 5 8 8 
145 42 5 8 156 144 8 
145 42 5 8 156 144 8 
145 42 5 8 8 
145 42 5 8 8 
145 42 5 8 8 
145 42 5 8 8 
42 73 368 5 8 8 
145 42 5 8 8 
42 73 368 5 8 8 
145 42 5 8 8 
42 73 368 5 8 8 
145 42 5 8 8 
42 73 368 5 8 8 
42 73 368 5 8 8 
42 73 368 5 8 8 
42 73 368 5 8 8 
42 73 368 5 8 8 
1 2 42 73 368 5 8 8 
42 73 368 5 8 8 
42 73 368 5 8 8 
42 73 368 5 8 8 
145 42 5 8 8 
145 42 5 8 8 
42 73 368 5 143 8 144 8 
145 42 5 8 8 
145 42 5 143 8 144 8 
145 42 5 143 8 144 8 
145 42 5 8 8 
145 42 5 8 8 
145 42 5 8 8 
42 73 368 5 8 8 
42 73 368 5 8 8 
42 73 368 5 8 8 
145 42 5 8 8 
145 42 5 8 8 
42 73 368 5 8 8 
42 73 368 5 8 8 
145 42 73 368 5 8 8 
1 2 145 42 5 8 8 
95 145 42 96 5 8 8 
145 42 5 8 8 
145 42 5 8 8 
42 73 368 5 8 8 
166 95 42 73 368 5 8 8 
145 42 5 8 8 
145 42 5 8 8 
145 42 5 8 8 
145 42 5 8 8 
145 42 5 8 8 
145 42 5 8 8 
164 1 15 145 42 5 8 8 
145 42 5 8 8 
145 42 5 8 8 
145 42 5 8 8 
145 42 5 8 8 
145 42 5 8 8 
145 42 5 8 8 
145 42 5 8 8 
145 42 5 8 8 
145 42 5 8 8 
42 73 368 5 8 8 
42 73 368 5 8 8 
42 73 368 5 8 8 
145 42 5 8 8 
145 42 5 8 8 
145 42 5 8 8 
145 42 5 8 8 
145 42 5 8 8 
145 42 5 8 8 
145 42 5 8 8 
145 42 5 8 8 
42 73 368 5 8 8 
145 42 73 5 8 8 
145 42 5 8 8 
145 42 5 8 36 122 8 
40 147 42 73 368 5 8 36 122 8 
40 147 42 73 368 5 8 36 122 8 
145 42 5 8 36 122 8 
145 42 5 8 36 122 8 
42 73 368 5 8 8 
145 42 5 8 8 
42 73 368 5 8 8 
145 42 5 8 8 
145 42 5 8 8 
42 73 368 5 8 8 
145 42 73 5 8 8 
42 73 368 5 8 8 
42 73 368 5 143 8 144 8 
42 73 368 5 8 165 8 
145 42 5 8 8 
166 95 42 73 368 5 8 8 
42 73 368 5 8 8 
42 73 368 5 8 8 
1 2 145 42 5 8 8 
42 73 368 5 8 8 
145 42 5 8 8 
42 73 368 5 8 8 
42 73 368 5 8 8 
42 73 368 5 8 36 122 8 
145 42 5 8 8 
42 73 368 5 8 8 
145 42 5 8 142 36 8 
42 73 368 5 8 165 8 
42 73 368 5 8 8 
42 73 368 5 8 8 
145 42 5 8 8 
42 73 368 5 231 8 8 
42 73 368 5 8 36 122 8 
145 42 5 8 8 
42 73 368 5 8 8 
38 145 42 5 8 8 
42 73 368 5 8 8 
42 73 368 5 8 8 
42 73 368 5 8 8 
42 73 368 5 8 8 
42 73 368 5 8 8 
42 73 368 5 8 8 
145 42 5 143 8 144 8 
145 42 5 8 8 
145 42 73 5 8 8 
42 73 368 5 8 8 
42 73 368 5 8 8 
145 42 5 8 8 
1 2 145 42 5 8 8 
145 42 5 8 156 144 8 
145 42 5 8 8 
42 73 368 5 8 8 
42 73 368 5 8 8 
42 73 368 5 8 8 
42 73 368 5 8 8 
145 42 5 8 8 
145 42 5 8 8 
1 2 145 42 5 8 8 
145 42 5 8 8 
42 73 368 5 8 8 
1 2 42 73 368 5 8 8 
1 2 42 73 368 5 8 8 
145 42 5 8 8 
145 42 5 8 8 
145 42 5 8 8 
145 42 5 8 8 
145 42 5 8 8 
145 42 5 8 8 
145 42 5 8 156 144 8 
42 73 368 5 8 8 
145 42 5 8 8 
42 73 368 5 8 36 122 8 
145 42 5 8 8 
145 42 5 8 8 
42 73 368 5 231 8 8 
42 73 368 5 8 8 
42 73 368 5 8 8 
42 73 368 5 8 8 
42 73 368 5 8 8 
42 73 368 5 8 8 
42 73 368 5 8 8 
42 73 368 5 8 8 
42 73 368 5 8 8 
145 42 5 8 8 
145 42 5 8 8 
42 73 368 5 8 8 
42 73 368 5 8 8 
40 41 42 73 368 5 8 8 
42 73 368 5 8 8 
145 42 5 8 8 
42 73 368 5 8 8 
42 73 368 5 8 8 
42 73 368 5 8 8 
145 42 5 8 8 
145 42 5 8 36 122 8 
145 42 5 8 8 
145 42 5 8 8 
145 42 5 8 8 
145 42 5 8 8 
145 42 5 8 8 
42 73 368 5 8 8 
42 73 368 5 8 8 
145 42 5 8 8 
107 145 42 108 5 8 8 
145 42 5 8 8 
145 42 5 8 8 
145 42 5 8 8 
145 42 5 8 8 
145 42 5 8 8 
145 42 5 8 8 
145 42 5 8 8 
145 42 5 8 8 
145 42 5 8 8 
145 42 5 8 8 
145 42 5 8 8 
42 73 368 5 8 8 
145 42 5 8 8 
145 42 5 8 8 
42 73 368 5 8 8 
42 73 368 5 8 8 
145 42 5 8 36 122 8 
145 42 5 8 8 
1 2 145 42 5 454 458 8 8 
145 42 5 143 8 144 8 
145 42 5 8 8 
145 42 5 8 8 
42 73 368 5 8 8 
42 73 368 5 8 8 
42 73 368 5 8 8 
145 42 5 8 8 
42 73 368 5 8 8 
42 73 368 5 8 8 
42 73 368 5 8 8 
145 42 5 8 8 
145 42 5 8 8 
145 42 73 5 8 8 
145 42 5 8 8 
145 42 5 8 8 
145 42 5 8 8 
145 42 5 8 8 
145 42 5 8 8 
145 42 5 8 8 
145 42 5 143 8 144 8 
145 42 5 143 8 144 8 
145 42 5 8 8 
145 42 5 8 8 
145 42 5 8 8 
145 42 5 8 8 
145 42 5 8 8 
145 42 5 8 8 
42 73 368 5 8 8 
145 42 5 8 8 
145 42 73 5 8 8 
42 73 368 5 8 8 
42 73 368 5 8 8 
145 42 5 8 8 
42 73 368 5 8 8 
145 42 5 8 8 
145 42 5 8 8 
145 42 5 8 8 
145 42 5 8 8 
145 42 5 8 8 
145 42 5 8 8 
145 42 5 8 8 
145 42 5 8 8 
145 42 5 8 8 
145 42 5 8 8 
145 42 5 8 8 
145 42 5 8 8 
145 42 5 8 8 
42 73 368 5 8 8 
145 42 5 8 8 
42 73 368 5 8 8 
42 73 368 5 143 8 144 8 
145 42 5 8 8 
145 42 5 8 8 
145 42 5 8 8 
42 73 368 5 8 8 
42 73 368 5 8 8 
145 42 5 91 6 92 8 8 
145 42 5 8 8 
145 42 5 8 8 
42 73 368 5 8 8 
145 42 5 8 8 
145 42 5 8 8 
145 42 5 8 8 
145 42 5 8 8 
42 73 368 5 8 8 
42 73 368 5 8 8 
42 73 368 5 8 8 
42 73 368 5 8 8 
145 42 5 8 8 
145 42 5 8 8 
42 73 368 5 8 8 
145 42 5 8 8 
145 42 5 423 6 162 8 243 8 
145 42 5 8 8 
145 42 5 8 8 
145 42 5 8 8 
145 42 5 8 8 
42 73 368 5 8 8 
1 2 42 73 368 5 8 8 
42 73 368 5 8 8 
145 42 5 8 8 
145 42 73 5 8 8 
42 73 368 5 8 8 
42 73 368 5 143 8 144 8 
145 42 5 8 8 
145 42 73 5 8 156 144 8 
42 73 368 5 8 8 
145 42 5 8 8 
42 73 368 5 8 8 
145 42 5 454 8 463 8 
145 42 5 8 8 
42 73 368 5 8 8 
145 42 5 8 8 
145 42 5 8 8 
42 73 368 5 143 8 144 8 
42 73 368 5 8 8 
42 73 368 5 8 8 
145 42 5 8 8 
145 42 5 8 8 
42 73 368 5 8 8 
42 73 368 5 8 8 
42 73 368 5 8 8 
42 73 368 5 8 8 
42 73 368 5 8 8 
42 73 368 5 8 8 
42 73 368 5 8 8 
42 73 368 5 8 8 
145 42 73 5 8 8 
42 73 368 5 8 8 
145 42 5 8 8 
42 73 368 5 8 8 
42 73 368 5 8 36 122 8 
145 42 5 8 8 
145 42 5 8 8 
107 145 42 108 5 8 8 
145 42 5 8 8 
145 42 5 8 8 
145 42 5 8 8 
145 42 5 8 8 
145 42 5 8 8 
1 15 145 42 43 5 8 8 
42 73 368 5 143 8 144 8 
42 73 368 5 8 8 
145 42 5 8 8 
42 73 368 5 8 8 
42 73 368 5 8 8 
42 73 368 5 8 8 
42 73 368 5 8 8 
145 42 73 5 8 8 
145 42 5 8 8 
145 42 5 8 8 
42 73 368 5 8 8 
145 42 73 5 8 8 
145 42 5 8 8 
42 73 368 5 8 8 
145 42 5 8 8 
42 73 368 5 8 8 
42 73 368 5 8 8 
145 42 5 8 8 
1 236 15 202 145 42 5 189 8 144 8 
145 42 5 8 8 
145 42 5 8 8 
1 15 202 145 42 234 5 8 8 
145 42 5 8 8 
145 42 5 8 8 
145 42 5 8 8 
145 42 5 8 8 
145 42 5 8 8 
145 42 5 8 8 
145 42 5 8 8 
145 42 5 8 8 
145 42 5 8 8 
145 42 5 8 8 
42 73 368 5 8 8 
145 42 5 8 8 
42 73 368 5 8 8 
145 42 5 8 8 
42 73 368 5 8 8 
145 42 5 8 8 
145 42 5 8 8 
42 73 368 5 8 8 
145 42 5 189 8 144 8 
145 42 5 189 8 144 8 
42 73 368 5 189 8 144 8 
145 42 5 8 8 
145 42 5 8 8 
145 42 5 8 8 
145 42 5 8 8 
145 42 5 8 8 
145 42 5 8 156 144 8 
42 73 368 5 8 156 144 8 
145 42 5 8 8 
42 73 368 5 8 8 
42 73 368 5 8 8 
145 42 5 8 8 
145 42 5 8 8 
145 42 5 8 8 
145 42 5 8 8 
145 42 5 143 8 144 8 
145 42 5 8 8 
42 73 368 5 8 8 
145 42 5 8 8 
145 42 5 8 8 
145 42 5 8 8 
145 42 5 8 8 
145 42 5 8 8 
145 42 5 8 8 
145 42 5 8 8 
42 73 368 5 8 8 
42 73 368 5 8 8 
145 42 5 240 162 8 242 8 
145 42 5 8 8 
42 73 368 5 189 8 144 8 
145 42 5 8 156 144 8 
145 42 5 8 8 
42 73 368 5 423 162 8 8 
145 42 5 8 8 
145 42 5 8 8 
145 42 5 8 8 
145 42 5 8 8 
145 42 5 8 8 
42 73 368 5 8 8 
42 73 368 5 6 8 61 8 
42 73 368 5 8 8 
145 42 5 8 8 
42 73 368 5 101 8 8 
42 73 368 5 8 8 
42 73 368 5 8 8 
145 42 5 8 8 
145 42 5 8 8 
145 42 5 8 8 
145 42 73 5 8 8 
145 42 5 6 8 61 8 
42 73 368 5 8 144 8 
42 73 368 5 8 8 
42 73 368 5 8 8 
42 73 368 5 8 8 
42 73 368 5 8 8 
145 42 5 8 8 
42 73 368 5 8 8 
42 73 368 5 8 8 
42 73 368 5 8 8 
42 73 368 5 8 8 
42 73 368 5 8 8 
145 42 73 5 8 8 
145 42 73 5 8 8 
42 73 368 5 8 8 
145 42 5 8 8 
42 73 368 5 187 8 165 8 
145 42 5 8 8 
42 73 368 5 8 36 144 122 8 
42 73 368 5 8 8 
42 73 368 5 8 8 
42 73 368 5 8 8 
42 73 368 5 8 8 
145 42 5 8 8 
42 73 368 5 8 8 
42 73 368 5 8 8 
42 73 368 5 8 8 
145 42 5 8 8 
42 73 368 5 8 8 
1 2 42 73 368 5 8 8 
42 73 368 5 8 8 
42 73 368 5 8 8 
42 73 368 5 8 8 
42 73 368 5 8 8 
42 73 368 5 8 8 
42 73 368 5 8 8 
145 42 5 8 8 
145 42 5 8 8 
145 42 5 8 8 
145 42 5 8 8 
145 42 5 8 8 
42 73 368 5 8 8 
145 42 5 8 36 122 8 
145 42 5 8 8 
145 42 5 8 8 
145 42 5 8 8 
145 42 5 8 8 
145 42 5 8 8 
145 42 5 8 36 122 8 
145 42 5 8 8 
42 73 368 5 143 8 144 8 
145 42 5 8 156 144 8 
42 73 368 5 189 8 144 8 
42 73 368 5 8 8 
145 42 5 8 8 
42 73 368 5 8 8 
42 73 368 5 8 8 
42 73 368 5 8 156 144 8 
42 73 368 5 8 8 
145 42 5 143 8 156 144 8 
145 42 5 8 8 
42 73 368 5 8 8 
42 73 368 5 8 35 8 
145 42 5 8 8 
42 73 368 5 8 8 
145 42 5 8 8 
145 42 5 8 8 
145 42 5 8 8 
145 42 5 8 8 
42 73 368 5 8 8 
145 42 5 8 8 
42 73 368 5 8 8 
42 73 368 5 189 8 144 8 
42 73 368 5 8 8 
42 73 368 5 8 8 
42 73 368 5 8 8 
42 73 368 5 8 8 
145 42 5 8 8 
42 73 368 5 189 8 144 8 
42 73 368 5 8 8 
42 73 368 5 8 8 
42 73 368 5 8 8 
42 73 368 5 8 8 
42 73 368 5 8 8 
145 42 5 8 8 
145 42 5 8 8 
42 73 368 5 8 8 
42 73 368 5 8 8 
145 42 5 8 8 
166 95 42 73 368 5 8 8 
166 95 42 73 368 5 8 8 
42 73 368 5 8 8 
145 42 5 8 8 
42 73 368 5 8 8 
42 73 368 5 8 8 
145 42 5 8 8 
145 42 5 8 8 
1 2 145 42 167 5 8 8 
145 42 5 8 8 
145 42 5 8 8 
42 73 368 5 143 8 144 8 
145 42 5 8 8 
145 42 5 240 162 8 241 242 8 
42 73 368 5 8 36 122 8 
145 42 5 8 8 
145 42 5 8 8 
145 42 5 8 8 
145 42 5 8 36 122 8 
145 42 5 8 36 122 8 
299 59 128 145 60 42 5 8 36 122 8 
42 73 368 5 8 36 122 8 
42 73 368 5 8 36 122 8 
42 73 368 5 8 8 
42 73 368 5 8 8 
145 42 5 8 8 
145 42 5 8 8 
145 42 5 8 8 
145 42 5 8 8 
42 73 368 5 8 8 
145 42 5 8 8 
42 73 368 5 8 8 
42 73 368 5 8 8 
42 73 368 5 143 8 144 8 
42 73 368 5 143 8 144 8 
145 42 5 8 8 
145 42 5 8 8 
42 73 368 5 8 8 
145 42 5 8 8 
145 42 5 8 8 
42 73 368 5 8 36 122 8 
145 42 5 8 8 
145 42 5 8 8 
42 73 368 5 8 8 
42 73 368 5 8 36 122 8 
42 73 368 5 8 36 122 8 
42 73 368 5 8 36 122 8 
42 73 368 5 8 8 
145 42 5 8 8 
42 73 368 5 8 36 122 8 
145 42 5 8 8 
145 42 5 8 8 
42 73 368 5 8 8 
145 42 5 8 8 
42 73 368 5 8 8 
42 73 368 5 8 8 
145 42 5 8 8 
42 73 368 5 239 162 8 8 
145 42 5 8 8 
1 2 145 42 5 8 8 
1 2 145 42 5 143 8 144 8 
145 42 5 402 8 8 
145 42 5 8 8 
145 42 5 8 8 
145 42 5 8 8 
1 2 145 42 5 8 8 
145 42 5 8 8 
145 42 5 143 8 144 8 
42 73 368 5 8 8 
145 42 5 8 8 
145 42 5 8 8 
145 42 5 8 8 
145 42 5 8 8 
164 1 15 145 42 5 8 8 
145 42 5 8 8 
145 42 5 8 8 
145 42 73 5 8 36 122 8 
42 73 368 5 8 8 
42 73 368 5 8 8 
145 42 5 8 36 122 8 
42 73 368 5 8 156 144 8 
42 73 368 5 8 8 
42 73 368 5 8 36 122 8 
145 42 5 8 8 
42 73 368 5 8 8 
145 42 5 8 8 
42 73 368 5 8 8 
42 73 368 5 8 8 
145 42 5 8 8 
145 42 5 8 8 
42 73 368 5 8 8 
145 42 5 8 8 
145 42 5 8 8 
145 42 5 8 8 
145 42 5 8 8 
42 73 368 5 8 8 
145 42 5 8 8 
145 42 5 8 8 
42 73 368 5 8 8 
42 73 368 5 8 8 
42 73 368 5 8 8 
42 73 368 5 8 8 
145 42 5 8 8 
42 73 368 5 8 144 8 
145 42 5 8 219 220 8 
42 73 368 5 8 8 
42 73 368 5 8 8 
42 73 368 5 8 8 
145 42 73 5 8 8 
145 42 5 8 8 
145 42 5 8 8 
145 42 5 8 8 
145 42 5 8 8 
145 42 5 8 8 
145 42 5 8 8 
145 42 5 8 8 
145 42 5 8 8 
42 73 368 5 8 8 
145 42 5 8 8 
42 73 368 5 8 8 
145 42 73 5 8 8 
145 42 5 8 8 
145 42 5 143 8 144 8 
42 73 368 5 8 8 
145 42 5 8 8 
42 73 368 5 8 8 
145 42 5 8 8 
107 145 42 108 5 8 8 
145 42 5 8 8 
145 42 73 5 8 8 
145 42 5 8 8 
145 42 5 8 8 
145 42 5 8 8 
42 73 368 5 8 8 
1 2 42 73 368 5 143 8 144 8 
145 42 5 8 8 
145 42 5 143 8 144 8 
145 42 5 8 8 
42 73 368 5 8 8 
145 42 5 8 8 
42 73 368 5 8 8 
42 73 368 5 8 8 
42 73 368 5 8 8 
42 73 368 5 91 6 92 8 8 
42 73 368 5 8 165 8 
145 42 5 8 8 
145 42 5 8 8 
212 145 56 57 42 213 181 5 8 8 
145 42 5 8 8 
42 73 368 5 8 8 
145 42 5 454 458 8 8 
145 42 5 454 458 8 8 
145 42 5 454 458 8 8 
145 42 5 454 458 8 8 
145 42 5 454 458 8 8 
145 42 5 454 458 8 8 
145 42 5 454 458 8 8 
42 73 368 5 8 8 
145 42 5 464 8 165 8 
42 73 368 5 8 8 
1 15 145 42 43 5 189 8 461 144 8 
42 73 368 5 8 8 
145 42 5 8 8 
145 42 5 8 8 
145 42 5 8 8 
145 42 5 8 8 
145 42 5 8 8 
42 73 368 5 8 8 
42 73 368 5 8 8 
42 73 368 5 8 8 
145 42 5 8 8 
145 42 5 8 8 
42 73 368 5 8 8 
42 73 368 5 8 8 
145 42 5 8 8 
145 42 5 8 8 
145 42 5 8 8 
145 42 5 8 8 
145 42 5 231 8 8 
42 73 368 5 8 8 
42 73 368 5 8 8 
42 73 368 5 189 8 144 8 
145 42 5 8 8 
145 42 73 5 8 8 
1 2 42 73 368 5 8 8 
145 42 5 8 8 
145 42 5 8 8 
145 42 5 435 21 8 117 8 
145 42 5 8 8 
42 73 368 5 8 36 122 8 
145 42 5 8 8 
145 42 5 8 8 
1 15 145 42 43 5 8 8 
145 42 5 8 8 
42 73 368 5 8 8 
145 42 5 8 8 
42 73 368 5 8 8 
145 42 73 368 5 8 8 
42 73 368 5 8 8 
145 42 5 8 8 
179 145 42 56 57 181 5 8 8 
145 42 5 8 8 
145 42 5 8 8 
145 42 5 8 8 
42 73 368 5 8 8 
145 42 5 8 8 
42 73 368 5 8 8 
42 73 368 5 8 8 
42 73 368 5 8 8 
145 42 5 8 36 122 8 
145 42 5 8 8 
145 42 5 8 8 
145 42 73 5 8 8 
145 42 73 5 8 8 
145 42 5 8 8 
145 42 5 8 8 
145 42 5 8 8 
145 42 5 8 8 
145 42 5 8 8 
145 42 5 8 8 
145 42 5 8 8 
145 42 5 8 8 
145 42 5 8 8 
1 2 145 42 167 5 8 8 
42 73 368 5 8 8 
42 73 368 5 8 8 
145 42 5 8 8 
42 73 368 5 8 8 
145 42 5 454 458 8 8 
145 42 5 8 8 
145 42 5 8 8 
42 73 368 5 8 8 
42 73 368 5 8 8 
42 73 368 5 189 8 144 8 
42 73 368 5 8 8 
145 42 5 8 8 
42 73 368 5 8 8 
145 42 5 8 8 
42 73 368 5 28 21 8 79 80 8 
42 73 368 5 8 8 
42 73 368 5 8 8 
145 42 5 8 8 
145 42 5 8 8 
42 73 368 5 8 8 
42 73 368 5 8 8 
42 73 368 5 8 8 
42 73 368 5 8 8 
42 73 368 5 8 8 
42 73 368 5 8 8 
42 73 368 5 8 8 
42 73 368 5 8 8 
42 73 368 5 8 8 
42 73 368 5 8 8 
145 42 5 8 8 
42 73 368 5 8 8 
145 42 5 8 8 
42 73 368 5 8 8 
42 73 368 5 8 8 
42 73 368 5 8 8 
42 73 368 5 8 8 
42 73 368 5 8 8 
1 2 42 73 368 5 8 8 
42 73 368 5 8 8 
42 73 368 5 8 8 
42 73 368 5 8 36 122 8 
42 73 368 5 8 8 
145 42 5 8 8 
42 73 368 5 8 8 
145 42 5 8 8 
145 42 5 8 8 
145 42 5 8 8 
145 42 5 8 8 
145 42 5 8 8 
42 73 368 5 8 8 
145 42 5 161 8 156 144 8 
42 73 368 5 8 8 
42 73 368 5 8 8 
42 73 368 5 189 8 144 8 
42 73 368 5 8 8 
145 42 73 5 8 8 
145 42 5 8 8 
145 42 5 8 8 
145 42 5 8 8 
42 73 368 5 8 36 122 123 8 
42 73 368 5 8 8 
42 73 368 5 8 8 
145 42 5 8 156 144 8 
42 73 368 5 189 8 144 8 
42 73 368 5 189 8 144 8 
42 73 368 5 8 8 
42 73 368 5 8 36 122 8 
42 73 368 5 8 8 
145 42 5 380 8 8 
145 42 5 162 8 8 
42 73 368 5 8 8 
145 42 5 162 8 8 
145 42 5 8 8 
145 42 5 8 8 
145 42 5 8 8 
145 42 5 8 8 
42 73 368 5 8 36 122 8 
145 42 5 8 8 
42 73 368 5 8 8 
145 42 5 8 8 
42 73 368 5 8 8 
145 42 5 8 8 
145 42 5 8 8 
42 73 368 5 8 36 122 8 
42 73 368 5 8 8 
42 73 368 5 8 8 
42 73 368 5 8 8 
145 42 5 8 8 
145 42 5 8 8 
42 73 368 5 8 8 
145 42 5 454 458 8 8 
1 2 145 42 5 8 8 
145 42 5 8 8 
42 73 368 5 8 8 
145 42 5 8 8 
145 42 5 8 8 
145 42 5 8 8 
145 42 5 8 8 
42 73 368 5 8 8 
42 73 368 5 8 8 
145 42 5 8 8 
42 73 368 5 8 8 
145 42 5 8 8 
145 42 5 8 8 
145 42 5 8 8 
42 73 368 5 8 8 
145 42 5 8 36 122 8 
145 42 5 8 165 8 
42 73 368 5 8 8 
1 2 42 3 73 368 5 8 8 
145 42 5 8 8 
42 73 368 5 8 8 
42 73 368 5 8 8 
145 42 5 8 8 
42 73 368 5 8 8 
145 42 5 8 8 
42 73 368 5 8 8 
42 73 368 5 8 36 122 123 8 
42 73 368 5 8 8 
42 73 368 5 8 8 
1 42 73 368 5 8 8 
145 42 5 8 12 8 
145 42 5 8 8 
42 73 368 5 8 8 
42 73 368 5 8 8 
42 73 368 5 8 8 
145 42 5 8 8 
42 73 368 5 8 8 
42 73 368 5 8 8 
42 73 368 5 8 8 
145 42 5 8 8 
145 42 5 8 8 
42 73 368 5 189 8 144 8 
145 42 5 8 8 
145 42 5 8 8 
145 42 5 8 8 
145 42 5 8 8 
145 42 5 8 8 
42 73 368 5 8 8 
42 73 368 5 8 8 
42 73 368 5 8 8 
145 42 5 8 8 
145 42 5 8 8 
145 42 5 8 8 
42 73 368 5 8 8 
145 42 5 8 8 
42 73 368 5 8 8 
145 42 5 8 8 
145 42 5 8 8 
42 73 368 5 8 8 
145 42 5 8 8 
42 73 368 5 8 8 
145 42 5 8 8 
145 42 5 8 8 
1 15 202 145 42 5 8 8 
145 42 5 8 8 
145 42 5 8 8 
42 73 368 5 8 8 
145 42 5 8 8 
42 73 368 5 8 8 
42 73 368 5 8 8 
1 236 15 202 145 42 5 189 8 144 8 
1 2 145 42 5 8 8 
145 42 73 5 8 8 
42 73 368 5 8 8 
1 236 15 202 145 42 5 189 8 144 8 
1 2 145 42 5 8 8 
42 73 368 5 8 8 
145 42 5 8 8 
145 42 5 8 8 
145 42 5 8 8 
145 42 5 8 8 
145 42 5 8 8 
42 73 368 5 8 8 
42 73 368 5 8 8 
145 42 5 8 8 
145 42 5 8 8 
145 42 5 8 8 
145 42 5 8 8 
145 42 5 8 8 
145 42 5 8 8 
42 73 368 5 8 8 
42 73 368 5 8 8 
42 73 368 5 8 8 
42 73 368 5 8 8 
42 73 368 5 8 8 
42 73 368 5 8 8 
145 42 5 8 8 
145 42 5 8 8 
42 73 368 5 8 8 
145 42 5 8 8 
42 73 368 5 8 8 
42 73 368 5 8 8 
42 73 368 5 8 8 
42 73 368 5 8 8 
145 42 5 8 8 
145 42 5 8 8 
145 42 5 8 8 
145 42 5 8 8 
145 42 5 8 8 
42 73 368 5 8 8 
145 42 5 8 8 
145 42 73 5 8 8 
42 73 368 5 8 8 
145 42 5 8 8 
145 42 5 8 8 
42 73 368 5 8 8 
145 42 5 8 8 
42 73 368 5 8 8 
145 42 5 8 8 
145 42 5 8 8 
42 73 368 5 8 8 
42 73 368 5 8 8 
42 73 368 5 8 8 
145 42 5 8 8 
42 73 368 5 8 8 
42 73 368 5 8 8 
42 73 368 5 8 8 
145 42 5 8 8 
145 42 5 8 8 
42 73 368 5 8 8 
42 73 368 5 8 8 
42 73 368 5 8 8 
145 42 73 5 8 8 
42 73 368 5 8 8 
145 42 5 8 8 
145 42 5 8 8 
42 73 368 5 8 8 
145 42 73 5 8 8 
145 42 5 8 8 
145 42 5 8 8 
42 73 368 5 8 8 
42 73 368 5 8 8 
184 1 15 185 42 73 368 5 8 8 
42 73 368 5 8 8 
145 42 5 8 8 
145 42 5 8 8 
145 42 5 8 8 
145 42 5 8 8 
42 73 368 5 8 8 
42 73 368 5 8 8 
145 42 5 8 8 
1 15 145 42 43 5 8 8 
42 73 368 5 8 8 
145 42 5 8 8 
42 73 368 5 8 8 
42 73 368 5 8 8 
42 73 368 5 8 8 
145 42 5 8 8 
145 42 5 8 8 
42 73 368 5 8 8 
145 42 5 8 8 
145 42 5 8 8 
145 42 5 8 8 
145 42 5 8 8 
42 73 368 5 8 8 
145 42 5 8 8 
145 42 5 8 8 
145 42 5 8 8 
42 73 368 5 8 8 
145 42 5 8 8 
145 42 5 8 8 
42 73 368 5 8 8 
42 73 368 5 8 8 
145 42 5 8 8 
42 73 368 5 8 8 
42 73 368 5 8 8 
42 73 368 5 8 8 
42 73 368 5 8 8 
145 42 5 8 8 
42 73 368 5 8 8 
145 42 5 8 8 
145 42 5 8 8 
1 15 42 73 368 5 8 8 
42 73 368 5 8 8 
145 42 5 8 8 
145 42 5 8 8 
145 42 5 8 8 
145 42 5 8 8 
42 73 368 5 8 8 
42 73 368 5 8 8 
42 73 368 5 8 8 
42 73 368 5 8 8 
42 73 368 5 8 8 
42 73 368 5 8 8 
145 42 5 8 8 
42 73 368 5 8 8 
145 42 5 8 8 
145 42 5 8 8 
145 42 5 8 8 
145 42 5 8 8 
145 42 5 8 8 
145 42 5 8 8 
154 145 42 155 5 8 8 
42 73 368 5 8 8 
145 42 5 8 8 
145 42 5 8 8 
42 73 368 5 8 8 
42 73 368 5 8 8 
145 42 5 8 8 
42 73 368 5 8 8 
145 42 5 8 8 
42 73 368 5 8 8 
42 73 368 5 8 8 
145 42 5 8 8 
42 73 368 5 8 8 
145 42 5 8 8 
145 42 5 8 8 
145 42 5 8 8 
145 42 5 8 8 
1 2 42 73 368 5 8 8 
42 73 368 5 8 8 
145 42 5 8 8 
1 236 15 202 145 42 5 8 8 
145 42 73 5 8 8 
145 42 5 8 8 
145 42 5 8 8 
42 73 368 5 8 8 
145 42 5 8 8 
145 42 5 8 8 
145 42 5 8 8 
145 42 5 8 8 
145 42 5 8 8 
42 73 368 5 8 8 
145 42 5 8 8 
42 73 368 5 8 8 
42 73 368 5 8 8 
42 73 368 5 8 8 
42 73 368 5 8 8 
145 42 5 8 8 
145 42 5 8 8 
145 42 5 8 8 
42 73 368 5 8 8 
42 73 368 5 8 8 
145 42 5 8 8 
145 42 5 8 8 
145 42 5 8 8 
42 73 368 5 8 8 
42 73 368 5 8 8 
42 73 368 5 8 8 
42 73 368 5 8 8 
145 42 5 8 8 
145 42 5 8 8 
145 42 5 8 8 
42 73 368 5 8 8 
42 73 368 5 8 8 
145 42 5 8 8 
42 73 368 5 8 8 
145 42 5 8 8 
42 73 368 5 8 8 
145 42 5 8 8 
145 42 5 8 8 
42 73 368 5 8 8 
145 42 5 8 8 
145 42 5 8 8 
42 73 368 5 8 8 
145 42 5 8 8 
145 42 5 8 8 
42 73 368 5 8 8 
145 42 5 8 8 
145 42 5 8 8 
42 73 368 5 8 8 
42 73 368 5 8 8 
42 73 368 5 8 8 
145 42 5 8 8 
145 42 5 8 8 
1 2 42 73 368 5 8 8 
145 42 5 8 8 
42 73 368 5 8 8 
145 42 5 8 8 
145 42 5 8 8 
145 42 5 8 8 
145 42 5 8 8 
42 73 368 5 8 8 
1 2 42 73 368 5 8 8 
42 73 368 5 8 8 
40 42 73 368 5 8 8 
145 42 5 8 8 
145 42 5 8 8 
145 42 5 8 8 
154 145 42 155 5 8 8 
1 2 42 73 368 5 8 8 
42 73 368 5 8 8 
42 73 368 5 8 8 
145 42 5 8 8 
42 73 368 5 8 8 
42 73 368 5 8 8 
42 73 368 5 8 8 
42 73 368 5 8 8 
42 73 368 5 8 8 
42 73 368 5 8 8 
42 73 368 5 8 8 
145 42 5 8 8 
42 73 368 5 8 8 
42 73 368 5 8 8 
42 73 368 5 8 8 
42 73 368 5 8 8 
42 73 368 5 8 8 
145 42 5 8 8 
145 42 5 8 8 
145 42 5 8 8 
42 73 368 5 8 8 
1 236 15 202 145 42 5 8 8 
42 73 368 5 8 8 
42 73 368 5 8 8 
42 73 368 5 8 8 
145 42 5 8 8 
42 73 368 5 8 8 
42 73 368 5 8 8 
145 42 5 8 8 
145 42 5 8 8 