1 19 2 275 5 48 6 48 
1 19 2 275 48 5 6 21 22 24 48 
1 19 2 275 48 5 6 21 22 24 48 
1 19 2 275 48 5 6 21 22 24 48 
1 19 2 275 48 5 6 21 22 24 48 
1 19 2 275 48 5 6 21 22 24 48 
1 19 2 275 48 5 6 21 22 24 48 
1 19 2 275 48 5 6 21 22 24 48 
1 19 2 275 48 5 6 21 22 24 48 
1 19 2 275 48 5 6 48 
1 19 2 275 48 5 6 48 
1 19 2 275 48 5 6 48 
1 19 2 275 48 5 6 48 
1 19 2 275 48 5 6 48 
1 19 2 275 48 5 6 48 
1 19 2 275 48 5 6 48 
1 19 2 275 48 5 6 48 
1 19 2 275 48 5 6 48 
1 19 2 275 48 5 6 48 
1 19 2 275 48 5 6 48 
1 19 2 275 48 5 6 48 
1 19 2 275 48 5 6 48 
1 19 2 275 48 5 6 48 
1 19 2 275 48 5 6 48 
1 19 2 275 48 5 6 48 
1 19 2 275 48 5 6 48 
1 19 2 275 48 5 6 48 
1 19 2 275 48 5 6 48 
1 19 2 275 48 5 6 48 
1 19 2 275 48 5 6 48 
1 19 2 275 48 5 6 48 
1 19 2 275 48 5 6 48 
1 301 19 2 302 5 48 6 21 22 143 8 144 24 48 
1 19 2 275 5 48 6 48 
1 19 2 275 5 48 6 48 
1 19 2 275 5 48 6 48 
1 19 2 275 5 48 6 48 
1 19 2 275 5 48 6 48 
1 19 2 275 5 48 6 48 
1 19 2 275 5 48 6 48 
1 19 2 275 5 48 6 48 
1 19 2 275 5 48 6 48 
1 19 2 275 5 48 6 48 
1 19 2 275 5 48 6 48 
1 19 2 275 5 48 6 48 
1 19 2 275 5 48 6 48 
1 19 2 275 5 48 6 48 
1 19 2 275 5 48 6 48 
1 19 2 275 5 48 6 48 
1 19 2 275 5 48 6 48 
1 19 2 275 5 48 6 48 
1 19 2 275 5 48 6 48 
1 19 2 275 5 48 6 48 
1 19 2 275 5 48 6 48 
1 19 2 275 5 48 6 48 
1 19 2 275 5 48 6 48 
1 19 2 275 5 48 6 48 
1 19 2 275 5 48 6 48 
1 19 2 275 5 48 6 48 
1 19 2 275 5 48 6 48 
1 19 2 275 5 48 6 48 
1 19 2 275 5 48 6 48 
1 19 2 275 5 48 6 48 
1 19 2 275 5 48 6 48 
1 19 2 275 5 48 6 48 
1 19 2 275 5 48 6 48 
1 19 2 275 5 48 6 48 
1 19 2 275 5 48 6 48 
1 19 2 275 5 48 6 48 
1 19 2 275 5 48 6 48 
1 19 2 275 5 48 6 48 
1 19 2 275 5 48 6 48 
1 19 2 275 5 48 6 48 
1 19 2 275 5 48 6 48 
1 19 2 275 5 48 6 48 
1 19 2 275 5 48 6 48 
1 19 2 275 48 5 6 21 22 24 48 
1 19 2 275 48 5 6 21 22 24 48 
1 19 2 275 48 5 6 21 22 24 48 
1 19 2 275 48 5 6 21 22 24 48 
1 19 2 275 48 5 6 21 22 24 48 
1 19 2 275 48 5 6 21 22 24 48 
1 19 2 275 48 5 6 21 22 24 48 
1 19 2 275 48 5 6 21 22 24 48 
1 19 2 275 48 5 6 21 22 24 48 
1 19 2 275 48 5 6 21 22 24 48 
1 19 2 275 48 5 6 21 22 24 48 
1 19 2 275 48 5 6 21 22 24 48 
1 19 2 275 48 5 6 21 22 24 48 
1 19 2 275 48 5 6 21 22 24 48 
1 19 2 275 48 5 6 21 22 24 48 
1 19 2 275 48 5 6 21 22 24 48 
1 19 2 275 48 5 6 21 22 24 48 
1 19 2 275 48 5 6 21 22 24 48 
1 19 2 275 48 5 6 21 22 24 48 
1 19 2 275 48 5 6 21 22 24 48 
1 19 2 275 48 5 6 21 22 24 48 
1 19 2 275 48 5 6 21 22 24 48 
1 19 2 275 48 5 6 21 22 24 48 
1 19 2 275 48 5 6 21 22 24 48 
1 19 2 275 48 5 6 21 22 24 48 
1 19 2 275 48 5 6 48 
1 19 2 275 48 5 6 48 
1 19 2 275 48 5 6 48 
1 19 2 275 48 5 6 48 
1 19 2 275 48 5 6 48 
1 19 2 275 48 5 6 48 
1 19 2 275 48 5 6 48 
1 19 2 275 48 5 6 48 
1 19 2 275 48 5 6 48 
1 19 2 275 48 5 6 48 
1 19 2 275 48 5 6 48 
1 19 2 275 48 5 6 48 
1 19 2 275 48 5 6 48 
1 19 2 275 48 5 6 48 
1 19 2 275 48 5 6 48 
1 19 2 275 48 5 6 48 
1 19 2 275 48 5 6 48 
1 19 2 275 5 48 6 48 
1 19 2 275 48 5 6 48 
1 19 2 275 48 5 6 48 
1 19 2 275 48 5 6 48 
1 19 2 275 5 48 6 48 
1 19 2 275 5 48 6 48 
1 19 2 275 5 48 6 48 
1 19 2 275 5 48 6 48 
1 301 19 2 302 5 48 6 48 
1 19 2 275 5 48 6 48 
1 19 2 275 5 48 6 48 
1 19 2 275 5 48 6 48 
1 19 2 275 5 48 6 48 
1 19 2 275 5 48 6 48 
1 19 2 275 5 48 6 48 
1 19 2 275 5 48 6 48 
1 19 2 275 5 48 6 48 
1 19 2 275 5 48 6 48 
1 19 2 275 5 48 6 48 
1 19 2 275 5 48 6 48 
1 19 2 275 5 48 6 48 
1 19 2 275 5 48 6 48 
1 19 2 275 5 48 6 48 
1 19 2 275 5 48 6 48 
1 19 2 275 5 48 6 21 22 24 48 
1 19 2 275 5 48 6 21 22 24 48 
1 19 2 275 5 48 6 21 22 24 48 
1 19 2 275 5 48 6 21 22 24 48 
1 19 2 275 5 48 6 21 22 24 48 
1 19 2 275 5 48 6 21 22 24 48 
1 19 2 275 5 48 6 21 22 24 48 
1 19 2 275 5 48 6 21 22 24 48 
1 19 2 275 5 48 6 21 22 24 48 
1 19 2 275 5 48 6 21 22 24 48 
1 19 2 275 5 48 6 21 22 24 48 
1 19 2 275 5 48 6 21 22 24 48 
1 19 2 275 5 48 6 48 
1 19 2 275 5 48 6 48 
1 19 2 275 5 48 6 48 
1 19 2 275 5 48 6 48 
1 19 2 275 5 48 6 8 48 
1 19 2 275 5 48 6 8 48 
1 19 2 275 5 48 6 8 48 
1 19 2 275 5 48 6 8 48 
1 19 2 275 5 48 6 8 48 
1 19 2 275 5 48 6 48 
1 19 2 275 5 48 6 48 
1 19 2 275 5 48 6 48 
1 19 2 275 5 48 6 48 
1 19 2 275 5 48 6 48 
1 19 2 275 5 48 6 48 
1 19 2 275 5 48 6 48 
1 19 2 275 5 48 6 48 
1 19 2 275 5 48 6 48 
1 19 2 275 5 48 6 48 
1 19 2 275 48 5 6 21 22 24 48 
1 19 2 275 48 5 6 48 
1 19 2 275 48 5 6 48 
1 19 2 275 48 5 6 48 
1 19 2 275 48 5 6 48 
1 19 2 275 48 5 6 21 22 24 48 
1 19 2 275 48 5 6 21 22 24 48 
1 19 2 275 48 5 6 21 22 24 48 
1 19 2 275 48 5 6 21 22 24 48 
1 19 2 275 48 5 6 21 22 24 48 
1 19 2 275 48 5 6 21 22 24 48 
1 19 2 275 48 5 6 21 22 24 48 
1 19 2 275 48 5 6 21 22 24 48 
1 19 2 275 48 5 6 21 22 24 48 
1 19 2 275 48 5 6 21 22 24 48 
1 19 2 275 48 5 6 21 22 24 48 
1 19 2 275 48 5 6 21 22 24 48 
1 19 2 275 48 5 6 21 22 24 48 
1 19 2 275 48 5 6 21 22 24 48 
1 19 2 275 48 5 6 21 22 24 48 
1 19 2 275 48 5 6 21 22 24 48 
1 19 2 275 48 5 6 21 22 24 48 
1 19 2 275 48 5 6 21 22 24 48 
1 19 2 275 48 5 6 48 
1 19 2 275 48 5 6 48 
1 19 2 275 48 5 6 48 
1 19 2 275 48 5 6 48 
1 19 2 275 48 5 6 48 
1 19 2 275 48 5 6 48 
1 19 2 275 48 5 6 48 
1 19 2 275 48 5 6 48 
1 19 2 275 48 5 6 48 
1 19 2 275 48 5 6 48 
1 19 2 275 48 5 6 48 
1 19 2 275 48 5 6 48 
1 19 2 275 48 5 6 48 
1 19 2 275 48 5 6 48 
1 19 2 275 48 5 6 48 
1 19 2 275 48 5 6 48 
1 19 2 275 48 5 6 48 
1 19 2 275 48 5 6 48 
1 19 2 275 48 5 6 48 
1 19 2 275 48 5 6 48 
1 19 2 275 48 5 6 48 
1 19 2 275 48 5 6 48 
1 19 2 275 48 5 6 21 22 24 48 
1 19 2 275 48 5 6 21 22 24 48 
1 19 2 275 48 5 6 21 22 24 48 
1 19 2 275 48 5 6 21 22 24 48 
1 19 2 275 48 5 6 21 22 24 48 
1 19 2 275 48 5 6 21 22 24 48 
1 19 2 275 48 5 6 21 22 24 48 
1 19 2 275 48 5 6 21 22 24 48 
1 19 2 275 48 5 6 21 22 24 48 
1 19 2 275 48 5 6 21 22 24 48 
1 19 2 275 48 5 6 48 
1 19 2 275 48 5 6 48 
1 19 2 275 48 5 6 48 
1 19 2 275 48 5 6 48 
1 19 2 275 48 5 6 48 
1 19 2 275 48 5 6 48 
1 19 2 275 48 5 6 48 
1 19 2 275 48 5 6 48 
1 19 2 275 48 5 6 48 
1 19 2 275 48 5 6 48 
1 19 2 275 48 5 6 48 
1 19 2 275 48 5 6 48 
1 19 2 275 48 5 6 48 
1 19 2 275 48 5 6 48 
1 19 2 275 48 5 6 48 
1 19 2 275 48 5 6 48 
1 19 2 275 48 5 6 48 
1 19 2 275 48 5 6 48 
1 19 2 275 48 5 6 48 
1 19 2 275 48 5 6 48 
1 19 2 275 48 5 6 48 
1 19 2 275 48 5 6 48 
1 19 2 275 48 5 6 48 
1 19 2 275 48 5 6 48 
1 19 2 275 48 5 6 48 
1 19 2 275 48 5 6 48 
1 19 2 275 48 5 6 48 
1 19 2 275 48 5 6 48 
1 19 2 275 48 5 6 48 
1 19 2 275 48 5 6 48 
1 19 2 275 48 5 6 48 
1 19 2 275 48 5 6 21 22 24 48 
1 19 2 275 48 5 6 21 22 24 48 
1 19 2 275 48 5 6 21 22 24 48 
1 19 2 275 48 5 6 21 22 24 48 
1 19 2 275 48 5 6 21 22 24 48 
1 19 2 275 48 5 6 48 
1 19 2 275 48 5 6 48 
1 301 19 2 302 48 5 6 48 
1 19 2 275 48 5 6 48 
1 301 19 2 302 48 5 6 48 
1 19 2 275 48 5 6 48 
1 19 2 275 48 5 6 48 
1 19 2 275 48 5 6 48 
1 19 2 275 48 5 6 48 
1 19 2 275 48 5 6 48 
1 19 2 275 48 5 6 48 
1 19 2 275 48 5 6 21 22 24 48 
1 19 2 275 48 5 6 21 22 24 48 
1 19 2 275 48 5 6 48 
1 19 2 275 48 5 6 48 
1 19 2 275 48 5 6 48 
1 19 2 275 5 48 6 48 
1 19 2 275 5 48 6 48 
1 19 2 275 5 48 6 48 
1 19 2 275 5 48 6 48 
1 19 2 275 5 48 6 48 
1 19 2 275 5 48 6 48 
1 19 2 275 5 48 6 48 
1 19 2 275 5 48 6 48 
1 19 2 275 5 48 6 48 
1 19 2 275 48 5 6 48 
1 19 2 275 48 5 6 48 
1 19 2 275 48 5 6 48 
1 19 2 275 48 5 6 48 
1 19 2 275 48 5 6 21 22 24 48 
1 19 2 275 48 5 6 21 22 24 48 
1 19 2 275 48 5 6 21 22 24 48 
1 19 2 275 48 5 6 21 22 24 48 
1 19 2 275 48 5 6 21 22 24 48 
1 19 2 275 48 5 6 21 22 24 48 
1 19 2 275 48 5 6 21 22 24 48 
1 19 2 275 48 5 6 48 
1 19 2 275 48 5 6 21 22 24 48 
1 19 2 275 48 5 6 21 22 24 48 
1 19 2 275 48 5 6 21 22 24 48 
1 19 2 275 48 5 6 48 
1 19 2 275 48 5 6 48 
1 19 2 275 5 48 6 162 8 422 48 
1 19 2 275 5 48 6 162 8 422 48 
1 19 2 275 48 5 6 48 
1 19 2 275 48 5 6 48 
1 19 2 275 48 5 6 48 
1 19 2 275 5 48 6 48 
1 19 2 275 48 5 6 48 
1 19 2 275 48 5 6 48 
1 19 2 275 48 5 6 48 
1 19 2 275 48 5 6 48 
1 19 2 275 48 5 6 48 
1 19 2 275 48 5 6 48 
1 19 2 275 48 5 6 48 
1 19 2 275 48 5 6 48 
1 19 2 275 48 5 6 48 
1 19 2 275 48 5 6 48 
1 19 2 275 48 5 6 48 
1 19 2 275 48 5 6 48 
1 19 2 275 48 5 6 48 
1 19 2 275 48 5 6 48 
1 19 2 275 48 5 6 48 
1 19 2 275 48 5 6 48 
1 19 2 275 48 5 6 48 
1 19 2 275 48 5 6 48 
1 19 2 275 48 5 6 48 
1 19 2 275 48 5 6 48 
1 19 2 275 48 5 6 48 
1 19 2 275 48 5 6 48 
1 19 2 275 48 5 6 48 
1 19 2 275 48 5 6 48 
1 19 2 275 48 5 6 48 
1 19 2 275 48 5 6 48 
1 19 2 275 48 5 6 48 
1 19 2 275 48 5 6 48 
1 19 2 275 48 5 6 48 
1 19 2 275 48 5 6 48 
1 19 2 275 48 5 6 48 
1 19 2 275 48 5 6 48 
1 19 2 275 48 5 6 48 
1 19 2 275 48 5 6 48 
1 19 2 275 48 5 6 48 
1 19 2 275 48 5 6 48 
1 19 2 275 48 5 6 48 
1 19 2 275 48 5 6 48 
1 19 2 275 48 5 6 48 
1 19 2 275 48 5 6 48 
1 19 2 275 48 5 6 48 
1 19 2 275 48 5 6 48 
1 19 2 275 48 5 6 48 
1 19 2 275 48 5 6 48 
1 19 2 275 48 5 6 48 
1 19 2 275 48 5 6 48 
1 19 2 275 48 5 6 48 
1 19 2 275 48 5 6 48 
1 19 2 275 48 5 6 48 
1 19 2 275 48 5 6 48 
1 19 2 275 48 5 6 48 
1 19 2 275 48 5 6 48 
1 19 2 275 48 5 6 48 
1 19 2 275 48 5 6 48 
1 19 2 275 48 5 6 48 
1 19 2 275 48 5 6 48 
1 19 2 275 48 5 6 48 
1 19 2 275 48 5 6 48 
1 304 19 2 275 48 5 6 48 
1 19 2 275 48 5 6 48 
1 19 2 275 48 5 6 48 
1 19 2 275 48 5 6 48 
1 19 2 275 48 5 6 48 
1 19 2 275 48 5 6 48 
1 19 2 275 48 5 6 48 
1 19 2 275 48 5 6 48 
1 19 2 275 48 5 6 48 
1 19 2 275 48 5 6 48 
1 19 2 275 48 5 6 48 
1 19 2 275 48 5 6 48 
1 19 2 275 48 5 6 48 
1 19 2 275 48 5 6 48 
1 19 2 275 48 5 6 48 
1 19 2 275 48 5 6 48 
1 19 2 275 5 48 6 48 
1 19 2 275 5 48 6 48 
1 19 2 275 5 48 6 48 
1 19 2 275 48 5 6 48 
1 19 2 275 48 5 6 48 
1 19 2 275 48 5 6 48 
1 19 2 275 48 5 6 48 
1 19 2 275 48 5 6 48 
1 19 2 275 48 5 6 48 
1 19 2 275 48 5 6 48 
1 19 2 275 48 5 6 48 
1 19 2 275 48 5 6 48 
1 19 2 275 48 5 6 48 
1 19 2 275 48 5 6 48 
1 19 2 275 48 5 6 48 
1 19 2 275 48 5 6 48 
1 19 2 275 48 5 6 48 
1 19 2 275 48 5 6 48 
1 19 2 275 5 48 6 48 
1 19 2 275 5 48 6 48 
1 19 2 275 5 48 6 48 
1 19 2 275 5 48 6 48 
1 19 2 275 5 48 6 48 
1 19 2 275 5 48 6 48 
1 19 2 275 5 48 6 48 
1 19 2 275 5 48 6 48 
1 19 2 275 5 48 6 48 
1 19 2 275 5 48 6 48 
1 19 2 275 5 48 6 48 
1 19 2 275 5 48 6 48 
1 19 2 275 5 48 6 48 
1 19 2 275 5 48 6 48 
1 19 2 275 5 48 6 48 
1 19 2 275 5 48 6 48 
1 19 2 275 5 48 6 48 
1 19 2 275 5 48 6 48 
1 19 2 275 5 48 6 48 
1 19 2 275 5 48 6 48 
1 19 2 275 5 48 6 48 
1 19 2 275 5 48 6 48 
1 19 2 275 5 48 6 48 
1 19 2 275 5 48 6 48 
1 19 2 275 48 5 6 48 
1 19 2 275 48 5 6 48 
1 19 2 275 48 5 6 48 
1 19 2 275 48 5 6 48 
1 19 2 275 48 5 6 48 
1 19 2 275 48 5 6 48 
1 19 2 275 48 5 6 48 
1 19 2 275 48 5 6 48 
1 19 2 275 48 5 6 48 
1 19 2 275 48 5 6 48 
1 19 2 275 48 5 6 48 
1 19 2 275 48 5 6 48 
1 19 2 275 48 5 6 48 
1 19 2 275 48 5 6 48 
1 19 2 275 48 5 6 48 
1 19 2 275 48 5 6 48 
1 19 2 275 48 5 6 48 
1 19 2 275 48 5 6 48 
1 19 2 275 48 5 6 48 
1 19 2 275 48 5 6 48 
1 19 2 275 48 5 6 48 
1 19 2 275 48 5 6 48 
1 19 2 275 48 5 6 48 
1 19 2 275 48 5 6 48 
1 19 2 275 48 5 6 48 
1 19 2 275 48 5 6 48 
1 19 2 275 48 5 6 48 
1 19 2 275 48 5 6 48 
1 19 2 275 48 5 6 48 
1 19 2 275 48 5 6 48 
1 19 2 275 48 5 6 48 
1 19 2 275 48 5 6 48 
1 19 2 275 48 5 6 48 
1 50 51 19 2 52 275 48 5 6 48 
1 19 2 275 48 5 6 48 
1 19 2 275 48 5 6 48 
1 19 2 275 48 5 6 48 
1 19 2 275 48 5 6 48 
1 19 2 275 48 5 6 48 
1 19 2 275 48 5 6 48 
1 19 2 275 48 5 6 48 
1 19 2 275 48 5 6 48 
1 19 2 275 48 5 6 48 
1 19 2 275 48 5 6 48 
1 19 2 275 48 5 6 48 
1 19 2 275 48 5 6 48 
1 19 2 275 5 48 6 48 
1 19 2 275 5 48 6 48 
1 19 2 275 5 48 6 48 
1 19 2 275 48 5 6 21 22 24 48 
1 19 2 275 48 5 6 21 22 24 48 
1 19 2 275 48 5 6 21 22 24 48 
1 19 2 275 48 5 6 21 22 24 48 
1 19 2 275 48 5 6 21 22 24 48 
1 19 2 275 48 5 6 21 22 24 48 
1 19 2 275 48 5 6 21 22 24 48 
1 19 2 275 48 5 6 21 22 24 48 
1 19 2 275 48 5 6 21 22 24 48 
1 19 2 275 48 5 6 21 22 24 48 
1 19 2 275 48 5 6 21 22 24 48 
1 19 2 275 48 5 6 48 
1 19 2 275 48 5 6 48 
1 19 2 275 48 5 6 48 
1 19 2 275 48 5 6 48 
1 19 2 275 48 5 6 48 
1 19 2 275 48 5 6 48 
1 19 2 275 48 5 6 48 
1 19 2 275 48 5 6 48 
1 19 2 275 48 5 6 48 
1 19 2 275 48 5 6 48 
1 19 2 275 48 5 6 48 
1 19 2 275 48 5 6 48 
1 19 2 275 48 5 6 48 
1 19 2 275 48 5 6 48 
1 19 2 275 48 5 6 48 
1 19 2 275 48 5 6 48 
1 19 2 275 48 5 6 48 
1 19 2 275 48 5 6 48 
1 19 2 275 48 5 6 48 
1 19 2 275 48 5 6 48 
1 19 2 275 48 5 6 48 
1 19 2 275 48 5 6 48 
1 19 2 275 48 5 6 48 
1 19 2 275 48 5 6 48 
1 19 2 275 48 5 6 48 
1 19 2 275 48 5 6 48 
1 19 2 275 48 5 6 48 
1 19 2 275 48 5 6 48 
1 19 2 275 48 5 6 48 