51 257 375 78 283 283 
1 51 257 93 2 375 94 78 283 283 
51 257 375 78 283 283 
1 51 257 93 2 375 94 78 283 283 
1 51 257 93 2 375 94 78 283 283 
1 51 257 93 2 375 94 78 283 283 
1 15 51 257 375 78 283 283 
1 51 257 93 2 375 94 78 283 283 
1 51 257 93 2 375 94 78 283 283 
1 51 257 93 2 375 94 78 283 283 
1 15 51 257 375 78 283 283 
51 257 375 78 283 283 
51 257 375 78 283 283 
1 51 257 93 2 375 94 78 283 283 
51 257 375 78 283 283 
1 51 257 93 2 375 94 78 283 283 
1 51 257 93 2 375 94 78 283 283 
51 257 375 78 283 283 
1 51 257 93 2 375 94 78 283 283 
1 51 257 93 2 375 94 78 283 283 
51 257 540 375 78 283 283 
51 257 375 78 283 283 
1 51 257 93 2 375 94 78 283 283 
51 257 540 375 78 283 283 
51 257 540 375 78 283 283 
1 15 51 257 375 78 283 283 
51 257 375 313 78 283 283 
51 257 375 78 283 283 
1 51 257 93 2 375 94 78 283 283 
1 51 257 93 2 375 94 78 283 283 
51 257 375 313 78 283 283 
51 257 375 78 283 283 
51 257 375 313 78 283 283 
1 51 257 93 2 375 94 78 283 283 
51 257 375 313 78 283 283 
51 257 375 313 78 283 283 
51 257 375 313 78 283 283 
51 257 375 78 283 283 
51 257 375 313 78 283 283 
1 51 257 93 2 375 94 78 283 283 
1 51 257 93 2 375 94 78 283 283 
1 51 257 93 2 375 94 78 283 283 
51 257 375 313 78 283 283 
51 257 375 78 283 283 
1 51 257 93 2 375 94 78 283 283 
51 257 375 78 283 283 
1 51 257 93 2 375 94 78 283 283 
1 15 51 257 375 78 283 283 
51 257 375 78 177 112 113 309 310 283 283 
51 257 375 78 177 112 113 309 310 283 283 
51 257 375 78 283 283 
74 51 257 77 78 283 283 
74 51 257 77 78 283 283 
51 257 375 78 283 283 
1 51 257 93 2 375 94 78 283 283 
451 51 257 375 313 78 283 283 
51 257 375 78 283 283 
51 257 375 313 78 283 283 
51 257 375 313 78 283 283 
51 257 375 78 283 283 
51 257 375 78 283 283 
51 257 375 78 283 283 
1 51 257 93 2 375 94 78 283 283 
51 257 375 313 78 283 283 
51 257 375 78 283 283 
51 257 375 313 78 283 283 
51 257 375 78 283 283 
51 257 540 375 78 283 283 
51 257 375 78 5 8 283 283 
51 257 375 78 283 283 
51 257 375 78 283 283 
51 257 375 78 283 283 
1 51 257 93 2 375 94 78 283 283 
51 257 375 78 283 283 
51 257 540 375 78 283 283 
51 257 375 78 283 283 
1 51 257 93 2 375 94 78 283 283 
1 51 257 93 2 375 94 78 283 283 
1 51 257 93 2 375 94 78 283 283 
51 257 375 78 283 283 
1 51 257 93 2 375 94 78 283 283 
51 257 375 78 283 283 
51 257 375 78 283 283 
51 257 375 78 283 283 
1 51 257 93 2 375 94 78 283 283 
51 257 375 78 283 283 
1 51 257 93 2 375 94 78 283 283 
1 51 257 93 2 375 94 78 283 283 
1 51 257 93 2 375 94 78 283 283 
51 257 375 78 283 283 
51 257 375 78 283 283 
1 51 257 93 2 375 94 78 283 283 
1 51 257 375 78 283 283 
51 257 375 78 283 283 
51 257 375 78 283 283 
51 257 375 313 78 283 283 
1 51 257 93 2 375 94 78 283 283 
51 257 540 375 78 283 283 
1 51 257 93 2 375 94 78 283 283 
1 51 257 93 2 375 94 78 283 283 
51 257 540 375 78 283 283 
1 51 257 93 2 375 94 78 283 283 
51 257 375 78 283 283 
51 257 375 78 283 283 
1 51 257 93 2 375 94 78 283 283 
51 257 375 78 283 283 
51 257 375 78 283 283 
1 51 257 93 2 375 94 78 283 283 
51 257 540 375 78 283 283 
51 257 375 78 283 283 
51 257 540 375 78 283 283 
51 257 540 375 78 283 283 
51 257 375 78 283 283 
51 257 375 78 283 283 
1 15 51 257 375 78 283 283 
51 257 375 78 283 283 
51 257 540 375 78 283 283 
51 257 375 78 283 283 
51 257 375 78 283 283 
51 257 375 78 283 283 
1 51 257 93 2 375 94 78 283 283 
51 257 375 313 78 283 283 
51 257 375 78 283 283 
51 257 375 78 283 283 
51 257 375 78 283 283 
1 51 257 93 2 375 94 78 283 283 
1 51 257 375 78 283 283 
1 51 257 93 2 375 94 78 283 283 
51 257 375 313 78 283 283 
51 257 375 78 283 283 
51 257 375 78 283 283 
51 257 375 78 283 283 
51 257 375 78 283 283 
51 257 375 78 283 283 
51 257 375 78 283 283 
1 51 257 93 2 375 94 78 5 6 283 283 
51 257 375 78 283 283 
1 51 257 93 2 375 94 78 283 283 
51 257 375 78 283 283 
51 257 375 313 78 283 283 
51 257 375 78 283 283 
51 257 375 78 283 283 
1 51 257 375 78 283 283 
51 257 375 78 283 283 
51 257 375 78 283 283 
1 51 257 93 2 375 94 78 283 283 
51 257 375 313 78 283 283 
1 15 51 257 400 401 375 78 283 283 
51 257 375 78 283 283 
190 54 51 257 375 78 192 269 283 283 
51 257 375 78 283 283 
51 257 375 78 283 283 
1 51 257 93 2 375 94 78 283 283 
1 51 257 93 2 375 94 78 283 283 
51 257 375 78 283 283 
1 15 51 257 400 401 375 78 283 283 
51 257 375 78 283 283 
51 257 375 78 283 283 
1 51 257 93 2 375 94 78 177 112 113 309 310 283 283 
1 51 257 93 2 375 94 78 283 283 
51 257 375 78 283 283 
1 51 257 93 2 375 94 78 283 283 
51 257 375 78 283 283 
51 257 540 375 78 283 283 
51 257 375 78 283 283 
1 51 257 93 2 375 94 78 5 8 283 283 
74 51 257 77 78 5 8 283 283 
74 51 257 77 78 5 8 283 283 
74 51 257 77 78 5 8 283 283 
1 51 257 93 2 375 94 78 283 283 
1 51 257 93 2 375 94 78 283 283 
1 51 257 93 2 375 94 78 283 283 
1 51 257 93 2 375 94 78 283 283 
51 257 375 313 78 283 283 
1 51 257 93 2 375 94 78 283 283 
1 51 257 93 2 375 94 78 283 283 
51 257 375 78 283 283 
51 257 375 78 283 283 
51 257 375 78 283 283 
1 51 257 93 2 375 94 78 283 283 
51 257 375 78 283 283 
1 51 257 93 2 375 94 78 283 283 
74 51 257 77 313 78 283 283 
1 51 257 93 2 375 94 78 283 283 
51 257 375 78 283 283 
51 257 375 313 78 283 283 
51 257 375 78 283 283 
1 51 257 93 2 375 94 78 283 283 
1 51 257 93 2 375 94 78 283 283 
1 51 257 375 78 283 283 
1 51 257 93 2 375 94 78 283 283 
51 257 540 375 78 283 283 
51 257 375 78 283 283 
51 257 375 78 283 283 
51 257 375 78 283 283 
51 257 375 78 283 283 
51 257 375 78 283 283 
51 257 375 78 283 283 
51 257 375 78 283 283 
1 15 51 257 375 78 283 283 
74 51 257 77 78 283 283 
51 257 375 78 283 283 
1 51 257 93 2 375 94 78 283 283 
51 257 375 313 78 283 283 
51 257 375 78 283 283 
1 51 257 93 2 375 94 78 283 283 
51 257 375 78 283 283 
1 51 257 93 2 375 94 78 283 283 
1 51 257 93 2 375 94 78 283 283 
51 257 375 78 283 283 
51 257 375 78 283 283 
1 51 257 93 2 375 94 78 283 283 
51 257 375 78 283 283 
1 51 257 93 2 375 94 78 283 283 
1 51 257 375 78 283 283 
1 51 257 93 2 375 94 78 283 283 
1 51 257 93 2 375 94 78 283 283 
1 51 257 93 2 375 94 78 283 283 
51 257 375 78 283 283 
51 257 375 78 283 283 
51 257 375 78 283 283 
1 51 257 93 2 375 94 78 283 283 
51 257 375 78 283 283 
51 257 375 78 283 283 
51 257 375 78 283 283 
51 257 375 78 283 283 
51 257 375 78 283 283 
1 51 257 93 2 375 94 78 283 283 
51 257 375 78 283 283 
1 51 257 93 2 375 94 78 283 283 
1 15 51 257 375 78 283 283 
1 51 257 93 2 375 94 78 283 283 
51 257 375 78 283 283 
51 257 375 313 78 283 283 
1 51 257 93 2 375 94 78 283 283 
51 257 375 78 283 283 
1 51 257 93 2 375 94 78 283 283 
1 51 257 93 2 375 94 78 283 283 
51 257 375 78 283 283 
51 257 375 78 283 283 
51 257 375 78 283 283 
51 257 375 78 177 112 113 309 310 283 283 
51 257 375 78 177 112 113 309 310 283 283 
1 15 51 257 16 375 78 177 112 113 309 310 283 283 
51 257 375 313 78 177 112 113 309 310 283 283 
51 257 375 78 177 112 113 309 310 283 283 
51 257 375 78 177 112 113 309 310 283 283 
51 257 375 313 78 177 112 113 309 310 283 283 
40 51 257 375 42 78 177 112 113 309 310 283 283 
51 257 375 42 78 177 112 113 309 310 283 283 
74 51 257 77 313 78 283 283 
74 51 257 77 78 283 283 
74 51 257 77 78 283 283 
74 51 257 77 78 283 283 
74 51 257 77 78 283 283 
74 51 257 77 78 283 283 
74 51 257 77 313 78 283 283 
1 15 51 257 375 78 283 283 
51 257 375 78 283 283 
1 51 257 93 2 375 94 78 283 283 
51 257 375 78 283 283 
51 257 375 313 78 283 283 
1 51 257 93 2 375 94 78 283 283 
1 51 257 93 2 375 94 78 283 283 
51 257 375 313 78 283 283 
1 51 257 93 2 375 94 78 283 283 
1 51 257 93 2 375 94 78 283 283 
1 51 257 93 2 375 94 78 283 283 
1 51 257 93 2 375 94 78 283 283 
51 257 375 78 283 283 
51 257 375 78 283 283 
51 257 375 78 283 283 
51 257 375 78 283 283 
51 257 375 78 283 283 
1 51 257 93 2 375 94 78 27 28 21 283 283 
74 51 257 77 78 27 28 21 283 283 
74 51 257 77 78 27 28 21 283 283 
1 51 257 93 2 375 94 78 283 283 
1 15 51 257 375 78 283 283 
1 51 257 93 2 375 94 78 283 283 
51 257 375 78 283 283 
51 257 375 78 283 283 
1 51 257 93 2 375 94 78 283 283 
51 257 375 78 283 283 
1 51 257 93 2 375 94 78 283 283 
1 15 51 257 375 78 283 283 
1 15 51 257 375 78 283 283 
1 51 257 93 2 375 94 78 283 283 
51 257 375 78 177 112 113 309 310 283 283 
51 257 375 78 177 112 113 309 310 283 283 
1 15 51 257 16 375 78 177 112 113 309 310 283 283 
51 257 375 78 177 112 113 309 310 283 283 
51 257 375 313 78 177 112 113 309 310 283 283 
51 257 375 78 177 112 113 309 310 283 283 
1 51 257 93 2 375 94 78 5 8 283 283 
51 257 375 78 283 283 
51 257 375 78 283 283 
1 51 257 93 2 375 94 78 283 283 
51 257 375 78 283 283 
51 257 375 78 283 283 
74 51 257 77 313 78 283 283 
74 51 257 77 313 78 283 283 
74 51 257 77 78 283 283 
74 51 257 77 78 283 283 
74 51 257 77 78 283 283 
51 257 375 78 283 283 
1 51 257 93 2 375 94 78 5 21 22 143 8 37 144 24 283 283 
74 51 257 77 78 283 283 
74 51 257 77 78 283 283 
1 51 257 93 2 375 94 78 91 5 6 131 92 283 283 
51 257 375 78 283 283 
1 51 257 93 2 375 94 78 283 283 
1 15 51 257 375 78 283 283 
51 257 375 78 283 283 
1 51 257 93 2 375 94 78 177 112 113 309 310 283 283 
51 257 375 78 283 283 
51 257 375 78 283 283 
51 257 375 78 283 283 
51 257 375 313 78 283 283 
51 257 375 78 283 283 
74 51 257 77 78 283 283 
74 51 257 77 78 283 283 
51 257 375 78 283 283 
51 257 375 78 283 283 
1 51 257 93 2 375 94 78 283 283 
51 257 375 78 283 283 
1 51 257 93 2 375 94 78 283 283 
51 257 375 78 283 283 
51 257 375 78 283 283 
74 51 257 77 313 78 283 283 
74 51 257 77 78 283 283 
74 51 257 77 78 283 283 
1 51 257 93 2 375 94 78 283 283 
1 51 257 93 2 375 94 78 283 283 
1 51 257 93 2 375 94 78 283 283 
51 257 375 313 78 283 283 
1 51 257 93 2 375 94 78 283 283 
1 51 257 93 2 375 94 78 283 283 
451 51 257 375 313 78 283 283 
51 257 375 313 78 283 283 
51 257 375 313 78 283 283 
51 257 375 78 283 283 
51 257 375 78 5 131 8 283 283 
51 257 375 78 5 8 283 283 
51 257 375 78 283 283 
51 257 375 78 283 283 
51 257 375 78 283 283 
1 51 257 93 2 375 94 78 283 283 
51 257 375 313 78 283 283 
1 51 257 93 2 375 94 78 283 283 
51 257 375 313 78 283 283 
51 257 375 78 283 283 
51 257 375 78 283 283 
1 51 257 93 2 375 94 78 283 283 
51 257 375 78 283 283 
1 51 257 93 2 375 94 78 131 283 283 
1 51 257 93 2 375 94 78 283 283 
51 257 375 313 78 283 283 
51 257 375 78 283 283 
51 257 375 78 283 283 
1 51 257 93 2 375 94 78 283 283 
51 257 375 313 78 283 283 
51 257 375 78 177 112 113 309 310 283 283 
1 15 51 257 16 375 78 177 112 113 309 310 283 283 
51 257 375 78 177 112 113 309 310 283 283 
51 257 375 78 177 112 113 309 310 283 283 
51 257 375 313 78 177 112 113 309 310 283 283 
40 51 257 375 42 78 177 112 113 309 310 283 283 
51 257 375 42 78 177 112 113 309 310 283 283 
51 257 375 313 78 283 283 
51 257 375 78 5 6 283 283 
51 257 375 78 283 283 
51 257 540 375 78 283 283 
51 257 540 375 78 283 283 
51 257 540 375 78 283 283 
51 257 375 78 283 283 
1 51 257 93 2 375 94 78 283 283 
1 51 257 93 2 375 94 78 283 283 
51 257 375 78 283 283 
51 257 375 313 78 283 283 
51 257 375 313 78 283 283 
51 257 375 313 78 283 283 
51 257 375 313 78 283 283 
51 257 375 313 78 283 283 
51 257 375 313 78 283 283 
51 257 375 78 283 283 
51 257 375 313 78 283 283 
184 1 15 51 257 185 375 78 283 283 
51 257 375 313 78 283 283 
51 257 375 78 283 283 
51 257 375 78 177 112 113 309 310 283 283 
1 15 51 257 375 78 283 283 
1 51 257 93 2 375 94 78 283 283 
1 51 257 93 2 375 94 78 177 112 113 309 310 283 283 
299 59 51 257 128 375 60 78 283 283 
74 51 257 77 78 283 283 
190 54 51 257 375 78 192 269 283 283 
74 51 257 77 78 283 283 
51 257 375 78 283 283 
51 257 375 78 283 283 
1 51 257 93 2 375 94 78 283 283 
74 51 257 77 78 283 283 
74 51 257 77 78 283 283 
1 15 51 257 375 78 283 283 
51 257 375 78 283 283 
1 51 257 93 2 375 94 78 27 28 21 283 283 
51 257 375 78 27 28 21 283 283 
1 51 257 93 2 375 94 78 283 283 
1 15 51 257 375 78 283 283 
1 51 257 93 2 375 94 78 283 283 
51 257 375 78 283 283 
51 257 375 313 78 283 283 
51 257 540 375 78 283 283 
74 51 257 77 313 78 283 283 
74 51 257 77 78 283 283 
74 51 257 77 78 283 283 
51 257 375 78 283 283 
1 51 257 93 2 375 94 78 283 283 
51 257 375 313 78 283 283 
1 51 257 93 2 375 94 78 21 22 37 24 283 283 
1 51 257 93 2 375 94 78 283 283 
51 257 375 78 283 283 
1 51 257 93 2 375 94 78 283 283 
1 51 257 93 2 375 94 78 283 283 
1 51 257 93 2 375 94 78 283 283 
51 257 375 78 283 283 
1 51 257 93 2 375 94 78 283 283 
51 257 375 78 283 283 
51 257 375 78 283 283 
51 257 375 78 283 283 
51 257 375 313 78 283 283 
51 257 375 78 283 283 
51 257 375 78 283 283 
51 257 375 78 283 283 
1 51 257 93 2 375 94 78 283 283 
1 51 257 93 2 375 94 78 283 283 
1 51 257 93 2 375 94 78 283 283 
58 59 51 257 375 60 78 283 283 
1 51 257 93 2 375 94 78 283 283 
1 51 257 93 2 375 94 78 283 283 
51 257 375 78 283 283 
51 257 540 375 78 283 283 
1 51 257 93 2 375 94 78 283 283 
51 257 540 375 78 283 283 
51 257 375 313 78 283 283 
1 51 257 375 78 283 283 
1 51 257 93 2 375 94 78 283 283 
1 51 257 93 2 375 94 78 283 283 
51 257 375 78 283 283 
51 257 375 78 283 283 
51 257 540 375 78 283 283 
1 51 257 93 2 375 94 78 283 283 
1 51 257 93 2 375 94 78 283 283 
1 51 257 93 2 375 94 78 283 283 
51 257 540 375 78 283 283 
1 51 257 93 2 375 94 78 283 283 
51 257 375 78 283 283 
51 257 375 78 283 283 
1 51 257 93 2 375 94 78 283 283 
1 51 257 93 2 375 94 78 283 283 
1 51 257 93 2 375 94 78 283 283 
51 257 375 78 283 283 
51 257 375 78 283 283 
51 257 375 78 283 283 
51 257 375 78 283 283 
51 257 375 78 283 283 
51 257 375 78 283 283 
51 257 375 78 283 283 
184 1 15 51 257 185 375 78 283 283 
51 257 375 78 283 283 
1 51 257 93 2 375 94 78 283 283 
51 257 375 78 283 283 
1 51 257 93 2 375 94 78 283 283 
51 257 375 78 283 283 
51 257 375 78 283 283 
51 257 375 78 283 283 
51 257 375 78 283 283 
184 1 15 51 257 185 375 78 283 283 
51 257 375 78 283 283 
51 257 540 375 78 283 283 
51 257 375 78 283 283 
51 257 375 78 283 283 
51 257 375 78 283 283 
51 257 375 78 283 283 
51 257 375 313 78 283 283 
1 51 257 93 2 375 94 78 283 283 
51 257 375 78 283 283 
51 257 375 78 283 283 
51 257 375 78 283 283 
1 51 257 93 2 375 94 78 283 283 
1 51 257 93 2 375 94 78 283 283 
51 257 375 78 283 283 
184 1 15 51 257 185 375 78 283 283 
51 257 375 78 283 283 
51 257 375 78 283 283 
1 51 257 93 2 375 94 78 283 283 
184 1 15 51 257 185 375 78 283 283 
51 257 375 78 283 283 
51 257 375 78 283 283 
1 15 51 257 375 78 283 283 
51 257 375 78 283 283 
51 257 375 78 283 283 
51 257 375 78 283 283 
51 257 375 78 283 283 
1 15 51 257 375 78 283 283 
51 257 375 78 283 283 
51 257 375 78 283 283 
51 257 375 78 283 283 
451 51 257 375 313 78 283 283 
51 257 375 78 283 283 
1 15 51 257 375 78 283 283 
1 15 51 257 375 78 283 283 
1 15 51 257 375 78 283 283 
1 51 257 93 2 375 94 78 283 283 
51 257 375 78 283 283 
51 257 375 78 283 283 
1 51 257 93 2 375 94 78 283 283 
1 51 257 93 2 375 94 78 283 283 
51 257 540 375 78 283 283 
51 257 375 78 283 283 
51 257 375 78 283 283 
51 257 375 78 283 283 
51 257 375 78 5 6 283 283 
1 51 257 93 2 375 94 78 283 283 
1 51 257 93 2 375 94 78 283 283 
1 51 257 93 2 375 94 78 283 283 
1 51 257 93 2 375 94 78 283 283 
51 257 375 78 283 283 
51 257 375 78 283 283 
1 51 257 93 2 375 94 78 283 283 
51 257 375 78 283 283 
51 257 540 375 78 283 283 
51 257 375 78 283 283 
51 257 375 78 283 283 
51 257 375 78 283 283 
1 51 257 93 2 375 94 78 283 283 
51 257 375 78 283 283 
1 51 257 93 2 375 94 78 283 283 
51 257 375 78 283 283 
299 59 51 257 128 375 60 78 283 283 
1 51 257 93 2 375 94 78 283 283 
1 51 257 93 2 375 94 78 283 283 
51 257 375 78 283 283 
51 257 375 78 283 283 
51 257 375 78 283 283 
1 51 257 93 2 375 94 78 177 112 113 309 310 283 283 
1 51 257 93 2 375 94 78 283 283 
51 257 375 313 78 283 283 
1 51 257 93 2 375 94 78 27 28 21 283 283 
51 257 375 313 78 283 283 
1 51 257 93 2 375 94 78 177 112 113 309 310 283 283 
1 51 257 93 2 375 94 78 177 112 113 309 310 283 283 
51 257 375 78 283 283 
51 257 375 78 283 283 
74 51 257 77 78 283 283 
74 51 257 77 78 283 283 
51 257 540 375 78 283 283 
51 257 375 313 78 283 283 
1 51 257 93 2 375 94 78 283 283 
51 257 375 78 283 283 
51 257 375 78 283 283 