178 136 42 283 283 
178 136 42 283 283 
178 136 42 283 283 
178 136 42 5 21 22 143 8 37 144 24 283 283 
178 136 42 5 21 22 143 8 37 144 24 283 283 
178 136 42 21 22 37 24 283 283 
178 136 42 283 283 
178 136 42 283 283 
178 136 42 283 283 
178 136 42 283 283 
178 136 42 73 283 283 
178 136 42 283 283 
178 136 42 5 21 22 143 8 144 24 283 283 
178 136 42 283 283 
178 136 42 283 283 
178 136 42 283 283 
178 136 42 283 283 
178 136 42 283 283 
178 136 42 283 283 
178 136 42 283 283 
178 136 42 174 283 283 
178 136 42 73 283 283 
178 136 42 283 283 
178 136 42 283 283 
178 136 42 283 283 
178 136 42 283 283 
178 136 42 283 283 
178 136 42 283 283 
178 136 42 283 283 
178 136 42 283 283 
178 136 42 283 283 
178 136 42 283 283 
178 136 42 73 283 283 
178 136 42 283 283 
178 136 42 283 283 
178 136 42 283 283 
178 136 42 283 283 
178 136 42 283 283 
178 136 42 283 283 
178 136 42 283 283 
178 136 42 283 283 
178 136 42 283 283 
178 136 42 283 283 
178 136 42 283 283 
178 136 42 283 283 
178 136 42 283 283 
178 136 42 283 283 
178 136 42 283 283 
178 136 42 283 283 
178 136 42 283 283 
178 136 42 73 283 283 
178 136 42 283 283 
178 136 42 73 283 283 
178 136 42 73 283 283 
178 136 42 73 283 283 
178 136 42 283 283 
178 136 42 283 283 
178 136 42 283 283 
178 136 42 283 283 
178 136 42 283 283 
178 136 42 283 283 
178 136 42 283 283 
1 178 136 2 42 283 283 
178 136 42 283 283 
178 136 42 283 283 
178 136 42 283 283 
178 136 42 21 22 37 24 283 283 
178 136 42 283 283 
178 136 42 283 283 
178 136 42 27 28 21 283 283 
178 136 42 27 28 21 283 283 
178 136 42 283 283 
178 136 42 283 283 
178 136 42 283 283 
178 136 42 283 283 
178 136 42 283 283 
178 136 42 283 283 
178 136 42 283 283 
178 136 42 283 283 
178 136 42 283 283 
178 136 42 73 283 283 
178 136 42 283 283 
178 136 42 283 283 
178 136 42 283 283 
178 136 42 283 283 
178 136 42 283 283 
178 136 42 283 283 
178 136 42 283 283 
178 136 42 283 283 
178 136 42 283 283 
178 136 42 283 283 
178 136 42 174 283 283 
178 136 42 283 283 
178 136 42 283 283 
178 136 42 283 283 
178 136 42 283 283 
178 136 42 283 283 
178 136 42 283 283 
178 136 42 283 283 
178 136 42 283 283 
178 136 42 283 283 
178 136 42 73 283 283 
178 136 42 283 283 
178 136 42 283 283 
178 136 42 283 283 
178 136 42 283 283 
178 136 42 283 283 
178 136 42 283 283 
178 136 42 283 283 
178 136 42 283 283 
178 136 42 283 283 
178 136 42 283 283 
178 136 42 283 283 
178 136 42 283 283 
178 136 42 283 283 
178 136 42 73 283 283 
178 136 42 283 283 
178 136 42 283 283 
178 136 42 283 283 
178 136 42 283 283 
178 136 42 283 283 
178 136 42 73 283 283 
178 136 42 283 283 
178 136 42 283 283 
178 136 42 283 283 
178 136 42 283 283 
178 136 42 283 283 
178 136 42 73 283 283 
178 136 42 283 283 
178 136 42 283 283 
178 136 42 283 283 
178 136 42 283 283 
178 136 42 283 283 
178 136 42 283 283 
178 136 42 283 283 
178 136 42 283 283 
178 136 42 283 283 
178 136 42 283 283 
178 136 42 283 283 
178 136 42 283 283 
178 136 42 283 283 
178 136 42 283 283 
178 136 42 283 283 
178 136 42 283 283 
178 136 42 283 283 
178 136 42 73 283 283 
178 136 42 283 283 
178 136 42 283 283 
178 136 42 133 21 22 68 24 283 283 
178 136 42 283 283 
178 136 42 283 283 
178 136 42 283 283 
178 136 42 283 283 
178 136 42 283 283 
178 136 42 283 283 
178 136 42 283 283 
178 136 42 283 283 
178 136 42 174 283 283 
178 136 42 5 8 283 283 
178 136 42 177 112 113 309 310 283 283 
178 136 42 283 283 
178 136 42 283 283 
178 136 42 283 283 
178 136 42 283 283 
178 136 42 283 283 
178 136 42 283 283 
178 136 42 283 283 
178 136 42 283 283 
178 136 42 283 283 
178 136 42 283 283 
178 136 42 283 283 
178 136 42 283 283 
178 136 42 174 283 283 
178 136 42 283 283 
178 136 42 283 283 
178 136 42 283 283 
178 136 42 283 283 
178 136 42 283 283 
178 136 42 283 283 
178 136 42 283 283 
178 136 42 283 283 
178 136 42 283 283 
178 136 42 283 283 
178 136 42 283 283 
178 136 42 73 283 283 
178 136 42 283 283 
178 136 42 283 283 
178 136 42 283 283 
178 136 42 283 283 
178 136 42 283 283 
178 136 42 283 283 
178 136 42 283 283 
178 136 42 283 283 
178 136 42 283 283 
178 136 42 283 283 
178 136 42 283 283 
178 136 42 283 283 
178 136 42 283 283 
178 136 42 283 283 
178 136 42 283 283 
178 136 42 283 283 
178 136 42 283 283 
178 136 42 283 283 
178 136 42 283 283 
178 136 42 283 283 
178 136 42 283 283 
178 136 42 283 283 
178 136 42 73 283 283 
178 136 42 73 283 283 
178 136 42 283 283 
178 136 42 283 283 
178 136 42 283 283 
178 136 42 283 283 
178 136 42 283 283 
178 136 42 177 112 113 309 310 283 283 
178 136 42 21 131 24 283 283 
178 136 42 21 131 24 283 283 
178 136 42 21 131 24 283 283 
178 136 42 398 254 36 283 283 
178 136 42 283 283 
178 136 42 283 283 
178 136 42 283 283 
178 136 42 283 283 
178 136 42 27 28 21 283 283 
178 136 42 27 28 21 283 283 
178 136 42 283 283 
178 136 42 21 22 37 24 283 283 
178 136 42 73 21 22 37 24 283 283 
178 136 42 283 283 
178 136 42 283 283 
178 136 42 283 283 
178 136 42 283 283 
178 136 42 283 283 
178 136 42 283 283 
178 136 42 283 283 
178 136 42 283 283 
178 136 42 283 283 
178 136 42 283 283 
178 136 42 283 283 
178 136 42 283 283 
178 136 42 283 283 
178 136 42 283 283 
1 178 136 2 42 283 283 
178 136 42 283 283 
178 136 42 283 283 
178 136 42 283 283 
178 136 42 283 283 
178 136 42 283 283 
178 136 42 283 283 
178 136 42 283 283 
178 136 42 283 283 
178 136 42 283 283 
178 136 42 283 283 
178 136 42 283 283 
178 136 42 283 283 
178 136 42 283 283 
178 136 42 283 283 
178 136 42 283 283 
178 136 42 283 283 
178 136 42 283 283 
178 136 42 283 283 
178 136 42 283 283 
178 136 42 283 283 
178 136 42 283 283 
178 136 42 283 283 
178 136 42 283 283 
178 136 42 283 283 
178 136 42 283 283 
178 136 42 283 283 
178 136 42 283 283 
178 136 42 283 283 
178 136 42 283 283 
178 136 42 283 283 
178 136 42 283 283 
178 136 42 283 283 
178 136 42 283 283 
178 136 42 283 283 
178 136 42 283 283 
178 136 42 283 283 
178 136 42 283 283 
178 136 42 73 283 283 
178 136 42 283 283 
178 136 42 283 283 
178 136 42 283 283 
178 136 42 283 283 
178 136 42 283 283 
178 136 42 283 283 
178 136 42 283 283 
178 136 42 283 283 
178 136 42 283 283 
178 136 42 283 283 
178 136 42 283 283 
178 136 42 283 283 
178 136 42 283 283 
178 136 42 283 283 
178 136 42 283 283 
178 136 42 283 283 
178 136 42 283 283 
178 136 42 283 283 
178 136 42 283 283 
178 136 42 283 283 
178 136 42 283 283 
178 136 42 283 283 
178 136 42 283 283 
178 136 42 283 283 
178 136 42 283 283 
178 136 42 283 283 
178 136 42 283 283 
178 136 42 283 283 
178 136 42 283 283 
178 136 42 283 283 
178 136 42 283 283 
178 136 42 283 283 
178 136 42 283 283 
178 136 42 283 283 
178 136 42 283 283 
178 136 42 283 283 
178 136 42 283 283 
178 136 42 283 283 
178 136 42 283 283 
178 136 42 283 283 
178 136 42 283 283 
178 136 42 283 283 
178 136 42 283 283 
178 136 42 283 283 
178 136 42 283 283 
178 136 42 283 283 
178 136 42 283 283 
178 136 42 283 283 
178 136 42 283 283 
178 136 42 283 283 
178 136 42 283 283 
178 136 42 283 283 
178 136 42 283 283 
178 136 42 283 283 
178 136 145 42 283 283 
178 136 42 283 283 
178 136 42 283 283 
178 136 42 283 283 
178 136 42 283 283 
178 136 42 283 283 
178 136 42 283 283 
178 136 42 283 283 
178 136 42 283 283 
178 136 42 283 283 
178 136 42 283 283 
178 136 42 283 283 
178 136 42 283 283 
178 136 42 283 283 
178 136 42 283 283 
178 136 42 283 283 
178 136 42 283 283 
178 136 42 283 283 
178 136 42 283 283 
178 136 42 283 283 
178 136 42 283 283 
178 136 42 174 283 283 
178 136 42 283 283 
178 136 42 283 283 
178 136 42 283 283 
178 136 42 283 283 
178 136 42 283 283 
178 136 42 283 283 
178 136 42 283 283 
178 136 42 283 283 
178 136 42 283 283 
1 178 136 2 42 283 283 
178 136 42 283 283 
178 136 42 283 283 
178 136 42 283 283 
178 136 42 283 283 
178 136 42 283 283 
178 136 42 283 283 
1 178 136 2 42 283 283 
178 136 42 283 283 
178 136 42 283 283 
178 136 42 283 283 
178 136 42 283 283 
1 178 15 136 42 43 283 283 
178 136 42 283 283 
178 136 42 283 283 
178 136 42 283 283 
178 136 42 283 283 
178 136 42 283 283 
178 136 42 283 283 
178 136 42 283 283 
178 136 42 283 283 
178 136 42 283 283 
1 178 136 2 42 283 283 
178 136 42 283 283 
178 136 42 283 283 
178 136 42 283 283 
178 136 42 283 283 
178 136 42 73 283 283 
178 136 42 283 283 
178 136 42 283 283 
178 136 42 283 283 
178 136 42 283 283 
178 136 42 283 283 
178 136 42 73 283 283 
178 136 42 283 283 
178 136 42 283 283 
178 136 42 73 283 283 
178 136 42 283 283 
178 136 42 283 283 
178 136 42 283 283 
1 178 136 2 42 283 283 
178 136 42 283 283 
178 136 42 283 283 
178 136 42 283 283 
178 136 42 283 283 
1 178 136 2 42 283 283 
1 178 136 2 42 283 283 
178 136 42 283 283 
178 136 42 283 283 
178 136 42 283 283 
178 136 42 283 283 
178 136 42 283 283 
178 136 42 283 283 
178 136 42 283 283 
178 136 42 283 283 
178 136 42 283 283 
178 136 42 283 283 
1 178 136 2 42 283 283 
178 136 42 283 283 
178 136 42 283 283 
178 136 42 283 283 
178 136 42 283 283 
178 136 42 21 131 24 283 283 
178 136 42 5 21 22 143 8 37 144 24 283 283 
178 136 42 5 6 63 283 283 
178 136 42 5 6 63 69 70 283 283 