574 575 788 789 627 827 828 828 
574 575 788 789 627 827 828 828 
574 575 788 789 627 827 828 828 
574 575 788 789 627 827 828 828 
574 575 788 789 627 827 828 828 
574 575 788 789 627 827 828 828 
574 575 788 789 627 827 828 828 
574 575 788 789 627 827 828 828 
574 575 788 789 627 827 828 828 
574 575 788 789 627 827 828 828 
574 575 788 789 627 827 828 828 
574 575 788 789 627 827 828 828 
574 575 788 789 627 827 828 828 
574 575 788 789 627 827 828 828 
574 575 788 789 627 827 828 828 
574 575 788 789 627 827 828 828 
574 575 788 789 627 827 828 828 
574 575 788 789 627 827 828 828 
574 575 788 789 627 827 828 828 
574 788 789 627 827 828 828 
574 575 788 789 627 827 828 828 
574 575 788 789 627 827 828 828 
574 575 788 789 627 827 828 828 
574 575 788 789 627 827 828 828 
574 788 789 627 827 828 828 
574 575 788 789 627 827 828 828 
574 575 788 789 627 827 828 828 
574 788 789 627 827 828 828 
574 788 789 627 827 828 828 
574 575 788 789 627 827 828 828 
574 575 788 789 627 827 828 828 
574 575 788 789 627 827 828 828 
574 575 788 789 627 827 828 828 
574 575 788 789 627 827 828 828 
574 575 788 789 627 827 828 828 
574 575 788 789 627 827 828 828 
574 788 789 627 827 828 828 
574 575 788 789 627 827 828 828 
574 575 788 789 627 827 828 828 
574 575 788 789 627 827 828 828 
574 575 788 789 627 827 828 828 
574 575 788 789 627 827 828 828 
574 575 788 789 627 827 828 828 
574 575 788 789 627 827 828 828 
574 788 789 627 827 828 828 
574 575 788 789 627 827 828 828 
574 575 788 789 627 827 828 828 
574 575 788 789 627 827 828 828 