1 2 4 5 6 21 37 87 24 87 
1 2 4 5 6 21 37 87 24 87 
1 2 4 5 6 21 37 87 24 87 
1 2 4 5 6 87 87 
1 2 4 5 6 87 87 
1 2 4 5 6 87 87 
1 2 4 5 6 87 87 
1 2 4 5 6 87 87 
1 29 2 34 4 5 6 87 87 
1 2 4 5 6 87 87 
1 29 2 34 4 5 6 87 87 
1 2 4 5 6 87 87 
1 2 4 5 6 87 87 
1 29 2 4 5 6 87 87 
1 2 4 5 6 87 87 
1 29 2 34 4 5 6 87 87 
1 2 4 5 6 87 87 
1 29 2 34 4 5 6 87 87 
1 2 4 5 6 87 87 
1 2 4 5 6 87 87 
1 29 2 34 4 5 6 87 87 
1 2 4 5 6 87 87 
1 2 4 5 6 87 87 
1 2 4 5 6 87 87 
1 2 4 5 6 87 87 
1 29 2 34 4 5 6 87 87 
1 2 4 5 6 87 87 
1 2 4 5 6 87 87 
1 2 4 5 6 87 87 
1 2 4 5 6 87 87 
1 29 2 4 5 6 87 87 
1 29 2 4 5 6 87 87 
1 29 2 30 4 5 6 8 87 87 
1 2 4 5 6 8 87 87 
1 2 4 5 6 8 87 87 
1 29 2 4 5 6 8 87 87 
1 2 4 5 6 8 87 87 
1 2 4 5 6 8 87 87 
1 2 4 5 6 8 87 87 
1 29 2 4 5 6 8 87 87 
1 66 29 2 4 5 6 8 87 87 
1 2 4 5 6 8 87 87 
1 2 4 5 6 8 87 87 
1 29 2 4 5 6 8 87 87 
1 2 4 5 6 8 87 87 
1 2 4 5 6 8 87 87 
1 29 2 4 5 6 8 87 87 
1 29 2 4 5 6 8 87 87 
1 2 4 5 6 8 87 87 
1 2 4 5 6 8 87 87 
1 29 2 30 4 5 6 8 87 87 
1 29 2 30 4 5 6 8 87 87 
1 2 4 5 6 8 87 87 
1 2 4 5 6 87 87 
1 29 2 4 5 6 87 87 
1 29 2 30 4 5 6 87 87 
1 2 4 5 6 87 87 
1 2 4 91 5 6 92 87 87 
1 2 4 91 5 6 92 87 87 
1 2 4 5 6 87 87 
1 2 4 5 6 87 87 
1 2 4 5 6 87 87 
1 2 4 5 6 87 87 
1 2 4 5 6 87 87 
1 2 4 5 6 87 87 
1 2 4 5 6 87 87 
1 2 4 5 6 87 87 
1 2 4 5 6 87 87 
1 2 4 5 6 87 87 
1 2 4 5 6 87 87 
1 2 4 5 6 87 87 
1 2 4 5 6 87 87 
1 2 4 5 6 87 87 
1 2 4 5 6 87 87 
1 2 4 5 6 87 87 
1 2 4 5 6 87 87 
1 2 4 5 6 87 87 
1 2 4 5 6 87 87 
1 2 4 5 6 87 87 
1 2 4 5 6 87 87 
1 2 4 5 6 87 87 
1 2 4 5 6 87 87 
1 2 4 5 6 87 87 
1 2 4 5 6 87 87 
1 2 4 5 6 87 87 
1 2 4 5 6 87 87 
1 2 4 5 6 87 87 
1 2 4 5 6 87 87 
1 2 4 5 6 87 87 
1 2 4 5 6 7 11 10 87 87 
1 2 4 5 6 87 87 
1 29 2 30 4 5 6 87 87 
1 2 4 5 6 87 87 
1 29 2 34 4 5 6 87 87 
1 29 2 4 5 6 87 87 
1 29 2 34 4 5 6 87 87 
1 2 4 5 6 87 87 
1 29 2 4 5 6 87 87 
1 29 2 34 4 5 6 87 87 
1 29 2 34 4 5 6 87 87 
1 2 4 5 6 87 87 
1 2 4 5 6 87 87 
1 29 2 34 4 5 6 87 87 
1 29 2 34 4 5 6 87 87 
1 2 4 5 6 87 87 
1 29 2 34 4 5 6 87 87 
1 2 4 5 6 87 87 
1 29 2 34 4 5 6 87 87 
1 2 4 5 6 87 87 
1 2 4 5 6 87 87 
1 2 4 5 6 87 87 
1 2 4 5 6 87 87 
1 2 4 5 6 87 87 
1 29 2 4 5 6 87 87 
1 2 4 5 6 87 87 
1 2 4 5 6 87 87 
1 29 2 30 4 5 6 87 87 
1 2 4 5 6 87 87 
1 2 4 5 6 87 87 
1 2 4 5 6 87 87 
1 29 2 34 4 5 6 87 87 
1 2 4 5 6 87 87 
1 29 2 4 5 6 87 87 
1 29 2 4 5 6 87 87 
1 29 2 34 4 5 6 87 87 
1 29 2 30 4 5 6 87 87 
1 2 4 5 6 87 87 
1 2 4 5 6 87 87 
1 2 4 5 6 87 87 
1 2 4 5 6 87 87 
1 2 4 5 6 87 87 
1 2 4 5 6 87 87 
1 29 45 2 4 5 6 87 87 
1 2 4 5 6 87 87 
1 2 4 5 6 87 87 
1 29 2 4 5 6 87 87 
1 29 45 2 4 5 6 87 87 
1 2 4 5 6 87 87 
1 2 4 5 6 87 87 
1 2 4 5 6 87 87 
1 29 2 34 4 5 6 87 87 
1 29 2 34 4 5 6 87 87 
1 29 2 34 4 5 6 87 87 
1 2 4 5 6 87 87 
1 2 4 5 6 87 87 
1 29 2 4 5 6 87 87 
1 2 4 5 6 87 87 
1 2 4 5 6 87 87 
1 2 4 5 6 87 87 
1 2 4 5 6 87 87 
1 29 2 4 5 6 87 87 
1 15 2 114 4 5 6 87 87 
1 2 4 5 6 87 87 
1 2 4 5 6 87 87 
1 2 4 5 6 87 87 
1 2 4 5 6 87 87 
1 29 2 4 5 6 87 87 
1 2 4 5 6 87 87 
1 2 4 5 6 87 87 
1 2 4 5 6 87 87 
1 29 2 4 5 6 87 87 
1 29 2 4 5 6 87 87 
1 2 4 5 6 87 87 
1 2 4 5 6 87 87 
1 2 4 5 6 87 87 
1 2 4 5 6 87 87 
1 2 4 5 6 87 87 
1 2 4 5 6 87 87 
1 29 2 65 4 5 6 87 87 
1 29 2 30 4 5 6 87 87 
1 2 4 5 6 87 87 
1 2 4 5 6 87 87 
1 2 4 5 6 87 87 
1 29 2 34 4 5 6 87 87 
1 2 4 5 6 87 87 
1 2 4 5 6 87 87 
1 2 4 5 6 87 87 
1 2 4 5 6 87 87 
1 2 4 5 6 87 87 
1 2 4 5 6 87 87 
1 29 2 4 5 6 87 87 
1 2 4 5 6 87 87 
1 2 4 5 6 87 87 
1 2 4 5 6 87 87 
1 2 4 5 6 87 87 
1 2 4 5 6 87 87 
1 2 4 5 6 87 87 
1 2 4 5 6 87 87 
1 2 4 5 6 87 87 
1 2 4 5 6 87 87 
1 2 4 5 6 87 87 
1 2 4 5 6 87 87 
1 2 4 5 6 87 87 
1 2 4 5 6 87 87 
1 2 4 5 6 533 87 87 
1 2 4 5 6 87 87 
1 2 4 5 6 23 87 139 87 
1 29 2 30 4 5 6 87 87 
1 29 2 34 4 5 6 87 87 
1 2 4 5 6 87 87 
1 2 4 5 6 87 87 
1 2 4 5 6 87 87 
1 2 4 5 6 87 87 
1 2 4 5 6 87 87 
1 29 2 4 5 6 87 87 
1 29 32 2 4 5 6 87 87 
1 29 32 2 4 5 6 87 87 
1 2 4 5 91 6 92 87 87 
1 2 4 5 6 87 87 
1 2 4 5 6 87 87 
1 2 4 5 6 87 87 
1 2 4 5 6 87 87 
1 2 4 5 6 87 87 
1 29 2 4 5 6 87 87 
1 29 2 4 5 6 87 87 
1 29 2 34 4 5 6 87 87 
1 2 4 5 6 87 87 
1 2 4 5 6 87 87 
1 2 4 5 6 87 87 
1 2 4 5 6 87 87 
1 2 4 5 6 87 87 
1 2 4 5 6 87 87 
1 2 4 5 6 87 87 
1 2 4 5 6 87 87 
1 2 4 5 6 87 87 
1 2 4 5 6 87 87 
1 2 4 5 6 87 87 
1 29 2 4 5 6 87 87 
1 2 4 5 6 87 87 
1 2 4 5 6 87 87 
1 2 4 5 6 87 87 
1 2 4 5 6 87 87 
1 2 4 5 6 87 87 
1 29 2 4 5 6 87 87 
1 29 2 4 5 6 87 87 
1 2 4 5 6 87 87 
1 2 4 5 91 6 92 87 87 
1 2 4 5 6 87 87 
1 2 4 5 6 87 87 
1 2 4 5 6 87 87 
1 29 2 34 4 5 6 87 87 
1 2 4 5 6 87 87 
1 2 4 5 6 87 87 
1 2 4 5 6 87 87 
1 29 2 34 4 5 6 87 87 
1 2 4 5 6 87 87 
1 29 2 34 4 5 6 87 87 
1 29 2 34 4 5 6 87 87 
1 2 4 5 6 87 87 
1 29 2 34 4 5 6 87 87 
1 29 2 34 4 5 6 87 87 
1 29 2 34 4 5 6 87 87 
1 2 4 5 6 87 87 
1 2 4 5 6 87 87 
1 29 2 34 4 5 6 87 87 
1 29 2 4 5 6 87 87 
1 29 2 34 4 5 6 87 87 
1 29 2 34 4 5 6 87 87 
1 29 2 34 4 5 6 87 87 
1 29 2 34 4 5 6 87 87 
1 2 4 5 6 87 87 
1 29 2 34 4 5 6 87 87 
1 29 2 34 4 5 6 87 87 
1 29 2 34 4 5 6 87 87 
1 2 4 5 6 87 87 
1 29 2 34 4 5 6 87 87 
1 29 2 34 4 5 6 87 87 
1 29 2 34 4 5 6 87 87 
1 29 2 34 4 5 6 87 87 
1 2 4 5 6 87 87 
1 2 4 5 6 87 87 
1 29 2 34 4 5 6 87 87 
1 29 2 34 4 5 6 87 87 
1 29 2 34 4 5 6 87 87 
1 2 4 5 6 87 87 
1 29 2 34 4 5 6 87 87 
1 29 2 34 4 5 6 87 87 
1 29 2 34 4 5 6 87 87 
1 29 2 34 4 5 6 87 87 
1 29 2 34 4 5 6 87 87 
1 2 4 5 6 87 87 
1 2 4 5 6 87 87 
1 29 45 2 4 5 6 87 87 
1 29 2 4 5 6 87 87 
1 29 45 2 4 5 6 87 87 
1 2 4 5 6 87 87 
1 2 4 5 6 87 87 
1 2 4 5 6 87 87 
1 29 2 30 4 5 6 87 87 
1 29 2 4 5 6 87 87 
1 2 4 5 6 87 87 
1 2 4 5 6 87 87 
1 2 4 5 6 87 87 
1 2 4 5 6 87 87 
1 2 4 5 6 87 87 
1 2 4 5 6 87 87 
1 2 4 5 6 87 87 
1 2 4 5 6 87 87 
1 29 2 34 4 5 6 87 87 
1 2 4 5 6 87 87 
1 2 4 5 6 87 87 
1 29 2 34 4 5 6 87 87 
1 2 4 5 6 87 87 
1 2 4 5 6 87 87 
1 29 2 34 4 5 6 87 87 
1 29 2 34 4 5 6 87 87 
1 29 2 34 4 5 6 87 87 
1 29 2 4 5 6 87 87 
1 2 4 5 6 87 87 
1 29 2 34 4 5 6 87 87 
1 29 2 4 5 6 87 87 
1 29 2 4 5 6 87 87 
1 29 2 34 4 5 6 87 87 
1 2 4 5 6 87 87 
1 2 4 5 6 87 87 
1 2 4 5 6 87 87 
1 2 4 5 6 87 87 
1 2 4 5 6 87 87 
1 2 4 5 6 87 87 
1 2 4 5 6 87 87 
1 33 29 2 4 5 6 87 87 
1 2 4 5 6 87 87 
1 2 4 5 6 87 87 
1 29 32 2 4 5 6 87 87 
1 29 32 2 4 5 6 87 87 
1 2 4 5 6 87 87 
1 29 32 2 4 5 6 87 87 
1 2 4 5 6 87 87 
1 29 32 2 4 5 6 87 87 
1 29 32 2 4 5 6 87 87 
1 2 4 5 6 87 87 
1 29 32 2 4 5 6 87 87 
1 29 2 71 4 5 6 87 87 
1 33 29 2 4 5 6 87 87 
1 2 4 5 6 87 87 
1 2 4 5 118 6 36 87 87 
1 2 4 5 6 87 87 
1 2 4 5 6 87 87 
1 29 2 71 4 5 6 87 87 
1 29 32 2 4 5 6 87 87 
1 2 4 5 6 87 87 
1 2 4 5 6 87 87 
1 2 4 5 6 87 87 
1 29 2 4 5 6 87 87 
1 29 2 4 5 6 87 87 
1 29 2 4 5 6 87 87 
1 2 4 5 6 87 87 
1 29 2 4 5 6 87 87 
1 29 2 4 5 6 87 87 
1 2 4 5 6 87 87 
1 2 4 5 6 87 87 
1 2 4 5 6 87 87 
1 2 4 5 6 87 87 
1 2 4 5 6 87 87 
1 2 4 5 6 87 87 
1 29 32 2 4 5 6 87 87 
1 2 4 5 6 87 87 
1 29 2 4 5 6 87 87 
1 2 4 5 6 87 87 
1 2 4 5 6 87 87 
1 29 2 34 4 5 6 87 87 
1 2 4 5 6 87 87 
1 29 2 34 4 5 6 87 87 
1 2 4 5 6 87 87 
1 2 4 5 6 87 87 
1 2 4 5 6 87 87 
1 29 2 34 4 5 6 87 87 
1 2 4 5 6 87 87 
1 29 2 34 4 5 6 87 87 
1 2 4 5 6 87 87 
1 2 4 5 6 87 87 
1 2 4 5 6 87 87 
1 2 4 5 6 87 87 
1 2 4 5 6 87 87 
1 2 4 5 6 87 87 
1 2 4 5 6 87 87 
1 2 4 5 6 87 87 
1 2 4 5 6 87 87 
1 2 4 5 6 87 87 
1 2 4 5 6 87 87 
1 29 2 4 5 6 87 87 
1 2 4 5 6 87 87 
1 33 29 2 4 5 6 87 87 
1 29 32 2 4 5 6 87 87 
1 2 4 5 6 87 87 
1 2 4 5 6 87 87 
1 2 4 5 6 87 87 
1 2 4 5 6 87 87 
1 2 4 5 6 87 87 
1 2 4 5 6 87 87 
1 2 4 5 6 87 87 
1 2 4 5 6 87 87 
1 2 4 5 6 87 87 
1 29 2 71 4 5 6 87 87 
1 2 4 5 6 87 87 
1 29 32 2 4 5 6 87 87 
1 29 2 71 4 5 6 87 87 
1 2 4 5 6 87 87 
1 29 2 4 5 6 87 87 
1 29 32 2 4 5 6 87 87 
1 29 32 2 4 5 6 87 87 
1 29 32 2 4 5 6 87 87 
1 29 32 2 4 5 6 87 87 
1 29 2 4 5 6 87 87 
1 2 4 5 6 87 87 
1 29 32 2 4 5 6 87 87 
1 2 4 5 6 87 87 
1 2 4 5 6 87 87 
1 2 4 5 6 87 87 
1 2 4 5 6 87 87 
1 2 4 5 6 87 87 
1 29 2 4 5 6 87 87 
1 29 32 2 4 5 6 87 87 
1 2 4 5 6 87 87 
1 2 4 5 6 87 87 
1 2 4 5 6 87 87 
1 2 4 5 6 87 87 
1 2 4 5 6 87 87 
1 2 4 5 6 87 87 
1 2 4 5 6 87 87 
1 2 4 5 6 87 87 
1 2 4 5 6 87 87 
1 2 4 5 6 87 87 
1 2 4 5 6 87 87 
1 29 2 34 4 5 6 87 87 
1 2 4 5 6 87 87 
1 29 2 4 5 6 87 87 
1 2 4 5 6 87 87 
1 2 4 5 6 87 87 
1 29 2 4 5 6 87 87 
1 2 4 5 6 87 87 
1 29 2 4 5 6 87 87 
1 2 4 5 6 87 87 
1 2 4 5 6 87 87 
1 2 4 5 6 87 87 
1 29 2 71 4 5 6 87 87 
1 29 32 2 4 5 6 87 87 
1 29 32 2 4 5 6 87 87 
1 29 32 2 4 5 6 87 87 
1 29 32 2 4 5 6 87 87 
1 2 4 5 6 87 87 
1 2 4 5 6 87 87 
1 2 4 5 6 87 87 
1 2 4 5 6 87 87 
1 2 4 5 6 87 87 
1 2 4 5 6 87 87 
1 2 4 5 6 87 87 
1 2 4 5 6 87 87 
1 2 4 5 6 87 87 
1 2 4 5 6 87 87 
1 17 2 4 5 6 87 87 
1 2 4 5 6 87 87 
1 2 4 5 6 87 87 
1 29 2 71 4 5 6 87 87 
1 29 32 2 4 5 6 87 87 
1 2 4 5 6 87 87 
1 29 45 2 4 5 6 87 87 
1 2 4 5 6 87 87 
1 2 4 5 6 87 87 
1 2 4 5 6 87 87 
1 2 4 5 6 87 87 
1 2 4 5 6 87 87 
1 2 4 5 6 87 87 
1 2 4 5 6 87 87 
1 2 4 5 6 87 87 
1 2 4 5 6 87 87 
1 2 4 5 91 6 92 87 87 
1 2 4 5 6 87 87 
1 29 2 34 4 5 6 87 87 
1 29 2 34 4 5 6 87 87 
1 2 4 5 6 87 87 
1 2 4 5 6 87 87 
1 2 4 5 6 87 87 
1 2 4 5 6 87 87 
1 2 4 5 6 87 87 
1 2 4 5 6 87 87 
1 2 4 5 6 87 87 
1 2 4 5 6 87 87 
1 29 2 4 5 6 87 87 
1 2 4 5 6 87 87 
1 2 4 5 6 87 87 
1 29 2 34 4 5 6 87 87 
1 2 4 5 6 87 87 
1 2 4 5 6 87 87 
1 2 4 5 6 87 87 
1 2 4 5 6 87 87 
1 2 4 5 6 87 87 
1 2 4 5 6 87 87 
1 2 4 5 6 87 87 
1 2 4 5 6 87 87 
1 29 2 34 4 5 6 87 87 
1 29 2 34 4 5 6 87 87 
1 29 2 34 4 5 6 87 87 
1 2 4 5 6 87 87 
1 29 2 34 4 5 6 87 87 
1 29 45 2 4 5 6 87 87 
1 29 2 34 4 5 6 87 87 
1 29 2 34 4 5 6 87 87 
1 2 4 5 6 87 87 
1 2 4 5 6 87 87 
1 29 45 2 4 5 6 87 87 
1 29 88 19 2 34 4 5 6 87 87 
1 29 2 4 5 6 87 87 
1 29 2 4 5 6 87 87 
1 29 2 34 4 5 6 87 87 
1 2 4 5 6 87 87 
1 29 2 34 4 5 6 87 87 
1 2 4 5 6 87 87 
1 2 4 5 6 87 87 
1 2 4 5 6 87 87 
1 29 2 4 5 6 87 87 
1 2 4 5 6 87 87 
1 29 2 4 5 6 87 87 
1 2 4 5 6 87 87 
1 29 2 30 4 5 6 87 87 
1 2 4 5 6 87 87 
1 2 4 5 6 87 87 
1 2 4 5 6 87 87 
1 29 2 4 5 6 87 87 
1 2 4 5 6 87 87 
1 2 4 5 6 87 87 
1 2 4 5 6 87 87 
1 2 4 5 6 87 87 
1 2 4 5 6 87 87 
1 2 4 5 6 87 87 
1 2 4 5 6 87 87 
1 2 4 5 6 87 87 
1 29 2 4 5 6 87 87 
1 2 4 5 6 87 87 
1 2 4 5 6 87 87 
1 2 4 5 6 87 87 
1 29 2 34 4 5 6 87 87 
1 2 4 5 6 87 87 
1 29 2 34 4 5 6 87 87 
1 2 4 5 6 87 87 
1 2 4 5 6 87 87 
1 2 4 5 6 87 87 
1 2 4 5 6 87 87 
1 2 4 5 6 87 87 
1 2 4 5 6 87 87 
1 2 4 5 6 87 87 
1 2 4 5 6 87 87 
1 2 4 5 6 87 87 
1 2 4 5 6 87 87 
1 2 4 5 6 87 87 
1 2 4 5 6 87 87 
1 2 4 5 6 87 87 
1 2 4 5 6 87 87 
1 2 4 5 6 87 87 
1 2 4 5 6 87 87 
1 2 4 5 6 87 87 
1 2 4 5 6 87 87 
1 2 4 5 6 87 87 
1 2 4 5 6 87 87 
1 2 4 5 6 87 87 
1 2 4 5 6 87 87 
1 2 4 5 6 87 87 
1 2 4 5 6 87 87 
1 2 4 5 6 87 87 
1 2 4 5 6 87 87 
1 2 4 5 6 87 87 
1 2 4 5 6 87 87 
1 2 4 5 6 87 87 
1 2 4 5 6 87 87 
1 2 4 5 6 87 87 
1 2 4 5 6 87 87 
1 2 4 5 6 87 87 
1 2 4 5 6 87 87 
1 2 4 5 6 87 87 
1 2 4 5 6 87 87 
1 2 4 5 6 87 87 
1 2 4 5 6 87 87 
1 2 4 5 6 87 87 
1 2 4 5 6 87 87 
1 2 4 5 6 87 87 
1 2 4 5 6 87 87 
1 2 4 5 6 87 87 
1 2 4 5 6 87 87 
1 2 4 5 6 87 87 
1 2 4 5 6 87 87 
1 2 4 5 6 87 87 
1 2 4 5 6 87 87 
1 29 2 34 4 5 6 87 87 
1 2 4 5 6 87 87 
1 2 4 5 6 87 87 
1 29 2 4 5 6 87 87 
1 2 4 5 6 87 87 
1 2 4 5 6 87 87 
1 2 4 5 6 87 87 
1 29 2 4 5 6 87 87 
1 2 4 5 6 87 87 
1 2 4 5 6 87 87 
1 2 4 5 6 87 87 
1 29 2 4 5 6 87 87 
1 2 4 5 6 87 87 
1 2 4 5 6 87 87 
1 2 4 5 6 87 87 
1 29 88 19 2 34 4 5 6 87 87 
1 2 4 5 6 87 87 
1 29 2 34 4 5 6 87 87 
1 29 2 34 4 5 6 87 87 
1 2 4 5 6 87 87 
1 2 4 5 6 87 87 
1 29 2 4 5 6 87 87 
1 2 4 5 6 87 87 
1 2 4 5 6 87 87 
1 2 4 5 6 87 87 
1 29 2 4 5 6 87 87 
1 2 4 5 6 87 87 
1 29 2 34 4 5 6 87 87 
1 29 2 4 5 6 87 87 
1 2 4 5 6 87 87 
1 2 4 5 6 87 87 
1 2 4 5 6 87 87 
1 2 4 5 6 87 87 
1 2 4 5 6 87 87 
1 2 4 5 6 87 87 
1 29 2 4 5 6 87 87 
1 29 2 34 4 5 6 87 87 
1 2 4 5 6 87 87 
1 29 2 34 4 5 6 87 87 
1 2 4 5 6 87 87 
1 2 4 5 6 87 87 
1 2 4 5 6 87 87 
1 29 2 4 5 6 87 87 
1 29 2 4 5 6 87 87 
1 29 2 34 4 5 6 87 87 
1 2 4 5 6 87 87 
1 2 4 5 6 87 87 
1 2 4 5 6 87 87 
1 2 4 5 6 87 87 
1 2 4 5 6 87 87 
1 2 4 5 6 87 87 
1 2 4 5 6 87 87 
1 2 4 5 6 87 87 
1 2 4 5 6 87 87 
1 2 4 5 6 87 87 
1 2 4 5 6 87 87 
1 2 4 5 6 87 87 
1 29 2 34 4 5 6 87 87 
1 29 2 34 4 5 6 87 87 
1 2 4 5 6 87 87 
1 29 2 4 5 6 87 87 
1 2 4 5 6 87 87 
1 2 4 5 6 87 87 
1 2 4 5 6 87 87 
1 2 4 5 6 87 87 
1 29 45 2 4 5 6 87 87 
1 2 4 5 6 87 87 
1 29 2 30 4 5 6 87 87 
1 2 4 5 6 8 87 87 
1 17 2 4 5 6 8 87 87 
1 29 45 2 4 5 6 87 87 
1 2 4 5 6 87 87 
1 2 4 5 6 87 87 
1 2 4 5 6 87 87 
1 2 4 5 6 87 87 
1 2 4 5 6 87 87 
1 2 4 5 6 87 87 
1 2 4 5 6 87 87 
1 2 4 5 6 87 87 
1 2 4 5 6 87 87 
1 29 2 34 4 5 6 87 87 
1 2 4 5 6 87 87 
1 29 2 34 4 5 6 87 87 
1 29 2 34 4 5 6 87 87 
1 2 4 5 6 87 87 
1 2 4 5 6 87 87 
1 2 4 5 6 87 87 
1 29 2 34 4 5 6 87 87 
1 15 29 2 114 34 4 5 6 87 87 
1 2 4 5 6 87 87 
1 2 4 5 6 87 87 
1 2 4 5 6 87 87 
1 29 45 2 4 5 6 87 87 
1 2 4 5 6 87 87 
1 2 4 5 6 87 87 
1 2 4 5 6 87 87 
1 2 4 5 6 87 87 
1 2 4 5 6 87 87 
1 2 4 5 6 87 87 
1 2 4 5 6 87 87 
1 2 4 5 6 87 87 
1 29 2 4 5 6 87 87 
1 2 4 5 6 87 87 
1 2 4 5 6 87 87 
1 2 4 5 6 87 87 
1 2 4 5 6 87 87 
1 2 4 5 6 87 87 
1 2 4 5 6 87 87 
1 2 4 5 6 87 87 
1 2 4 5 6 87 87 
1 2 4 5 6 87 87 
1 2 4 5 6 87 87 
1 2 4 5 6 87 87 
1 2 4 5 6 87 87 
1 2 4 5 6 87 87 
1 2 4 5 6 87 87 
1 29 2 4 5 6 87 87 
1 29 2 4 5 6 8 87 87 
1 2 4 5 6 8 87 87 
1 2 4 5 6 87 87 
1 2 4 5 6 87 87 
1 2 4 5 6 87 87 
1 2 4 5 6 87 87 
1 2 4 5 6 87 87 
1 2 4 5 6 87 87 
1 2 4 5 6 87 87 
1 2 4 5 6 87 87 
1 2 4 5 6 87 87 
1 2 4 5 6 87 87 
1 2 4 5 6 87 87 
1 2 4 5 6 87 87 
1 2 4 5 6 87 87 
1 2 4 5 6 87 87 
1 2 4 5 6 87 87 
1 2 4 5 6 87 87 
1 29 2 4 5 6 87 87 
1 2 4 5 6 87 87 
1 2 4 5 6 87 87 
1 2 4 5 6 87 87 
1 2 4 5 6 87 87 
1 29 2 4 5 6 87 87 
1 2 4 5 6 87 87 
1 2 4 5 6 87 87 
1 2 4 5 6 87 87 
1 2 4 5 6 87 87 
1 29 2 4 5 6 87 87 
1 2 4 5 6 87 87 
1 2 4 5 6 87 87 
1 2 4 5 6 87 87 
1 2 4 5 6 87 87 
1 2 4 5 6 87 87 
1 2 4 5 6 87 87 
1 2 4 5 6 87 87 
1 2 4 5 6 87 87 
1 29 45 2 4 5 6 87 87 
1 2 4 5 6 87 87 
1 2 4 5 6 87 87 
1 2 4 5 6 87 87 
1 29 2 4 5 6 87 87 
1 2 4 5 6 87 87 
1 2 4 5 6 87 87 
1 2 4 5 6 87 87 
1 2 4 5 6 87 87 
1 2 4 5 6 87 87 
1 2 4 5 6 87 87 
1 29 45 2 4 5 6 87 87 
1 2 4 5 6 87 87 
1 2 4 5 6 87 87 
1 2 4 5 6 87 87 
1 2 4 5 6 87 87 
1 2 4 5 6 87 87 
1 2 4 5 6 87 87 
1 2 4 5 6 87 87 
1 2 4 5 6 87 87 
1 2 4 5 6 87 87 
1 2 4 5 6 87 87 
1 29 2 30 4 5 6 87 87 
1 29 45 2 4 5 6 87 87 
1 2 4 5 6 87 87 
1 29 2 4 5 6 87 87 
1 15 29 45 2 4 5 6 87 87 
1 2 4 5 6 87 87 
1 2 4 5 6 87 87 
1 2 4 5 6 87 87 
1 29 2 30 4 5 6 87 87 
1 29 2 4 5 6 87 87 
1 2 4 5 6 87 87 
1 2 4 5 6 21 87 68 24 87 
1 2 4 5 6 87 87 
1 2 4 5 6 87 87 
1 2 4 5 6 87 87 
1 2 4 5 6 87 87 
1 29 2 34 4 5 6 87 87 
1 2 4 5 6 87 87 
1 2 4 5 171 6 162 533 8 172 87 87 
1 2 4 5 6 87 87 
1 29 2 34 4 5 6 87 87 
1 2 4 5 6 87 87 
1 2 4 5 6 87 87 
1 2 4 5 6 87 87 
1 29 2 4 5 6 87 87 
1 2 4 5 6 87 87 
1 29 45 2 4 5 6 87 87 
1 29 45 2 4 5 6 87 87 
1 2 4 5 6 87 87 
1 2 4 5 6 87 87 
1 29 45 2 4 5 6 87 87 
1 29 45 2 4 5 6 87 87 
1 2 4 5 6 87 87 
1 29 45 2 4 5 6 87 87 
1 2 4 5 6 87 87 
1 29 2 34 4 5 6 87 87 
1 2 4 5 6 87 87 
1 2 4 5 6 87 87 
1 2 4 5 6 87 87 
1 29 2 30 4 5 6 87 87 
1 29 2 71 4 5 6 87 87 
1 2 4 5 6 87 87 
1 2 4 5 6 87 87 
1 2 4 5 6 87 87 
1 29 2 30 4 5 6 87 87 
1 2 4 5 6 87 87 
1 29 2 30 4 5 6 87 87 
1 2 4 5 6 87 87 
1 2 4 5 6 87 87 
1 2 4 5 6 87 87 
1 29 2 71 4 5 6 87 87 
1 2 4 5 6 87 87 
1 2 4 5 6 87 87 
1 2 4 5 6 87 87 
1 29 2 4 5 6 87 87 
1 2 4 5 6 87 87 
1 2 4 5 6 87 87 
1 2 4 5 6 87 87 
1 29 2 34 4 5 6 87 87 
1 2 4 5 6 87 87 
1 2 4 5 6 87 87 
1 2 4 5 6 87 87 
1 2 4 5 6 8 87 87 
1 2 4 5 91 6 92 87 87 
1 2 4 5 6 87 87 
1 2 4 5 6 87 87 
1 2 4 5 6 87 87 
1 2 4 5 6 87 87 
1 2 4 91 5 6 92 87 87 
1 2 4 5 6 87 87 
1 29 2 30 4 5 6 87 87 
1 2 4 5 6 87 87 
1 29 2 4 5 6 87 87 
1 29 2 4 5 6 87 87 
1 29 45 2 4 5 6 87 87 
1 2 4 5 6 87 87 
1 2 4 5 6 87 87 
1 2 4 5 6 87 87 
1 29 2 4 5 6 87 87 
1 29 2 4 5 6 87 87 
1 2 4 5 6 87 87 
1 29 2 4 5 6 87 87 
1 29 2 4 5 6 87 87 
1 2 4 5 6 87 87 
1 2 4 5 6 87 87 
1 2 4 5 6 87 87 
1 2 4 5 6 87 87 
1 2 4 5 6 87 87 
1 2 4 5 6 87 87 
1 29 2 4 5 6 87 87 
1 29 2 4 5 6 87 87 
1 29 2 4 5 6 87 87 
1 259 19 2 4 5 6 87 87 
1 2 4 5 6 87 87 
1 2 4 5 6 87 87 
1 66 29 2 4 5 6 87 87 
1 2 4 5 6 87 87 
1 66 29 2 4 5 6 87 87 
1 29 2 4 5 6 87 87 
1 29 2 34 4 5 91 6 92 87 87 
1 29 45 2 4 5 6 87 87 
1 2 4 5 6 87 87 
1 2 4 5 6 87 87 
1 2 4 5 6 87 87 
1 29 2 4 5 6 87 87 
1 2 4 5 6 87 87 
1 2 4 5 6 87 87 
1 29 2 4 5 91 6 92 87 87 
1 2 4 5 91 6 92 87 87 
1 2 4 5 6 87 87 
1 2 4 5 6 87 87 
1 29 2 34 4 5 6 87 87 
1 29 2 34 4 5 6 87 87 
1 2 4 5 6 87 87 
1 29 2 34 4 5 6 87 87 
1 29 2 34 4 5 6 87 87 
1 29 2 34 4 5 6 87 87 
1 29 2 34 4 5 6 87 87 
1 29 2 34 4 5 6 87 87 
1 29 2 34 4 5 6 87 87 
1 29 2 34 4 5 6 87 87 
1 29 2 34 4 5 6 87 87 
1 29 2 34 4 5 6 87 87 
1 29 2 34 4 5 6 87 87 
1 29 2 34 4 5 6 87 87 
1 2 4 5 6 87 87 
1 29 2 34 4 5 6 87 87 
1 29 2 34 4 5 6 87 87 
1 29 2 34 4 5 6 87 87 
1 29 2 34 4 5 6 87 87 
1 29 2 34 4 5 6 87 87 
1 29 2 34 4 5 6 87 87 
1 2 4 5 6 87 87 
1 2 4 5 6 87 87 
1 29 45 2 4 5 91 6 92 87 87 
1 2 4 5 6 87 87 
1 29 2 30 4 5 6 87 87 
1 2 4 5 6 87 87 
1 2 4 5 6 87 87 
1 29 32 2 4 5 6 87 87 
1 29 2 71 4 5 6 87 87 
1 33 29 2 4 5 6 87 87 
1 2 4 5 91 6 92 87 87 
1 2 4 5 91 6 92 87 87 
1 2 4 5 6 87 87 
1 29 2 4 5 6 87 87 
1 2 4 5 6 87 87 
1 2 4 5 6 87 87 
1 2 4 5 6 87 87 
1 29 2 34 4 5 6 87 87 
1 29 2 30 4 5 6 87 87 
1 2 4 5 6 87 87 
1 2 4 5 6 87 87 
1 2 4 5 6 87 87 
1 29 32 2 4 5 6 87 87 
1 29 2 34 4 5 6 87 87 
1 2 4 5 6 87 87 
1 2 4 5 6 87 87 
1 2 4 5 6 87 87 
1 2 4 5 6 87 87 
1 2 4 5 6 87 87 
1 2 4 5 6 87 87 
1 2 4 5 6 87 87 
1 2 4 5 6 87 87 
1 2 4 5 6 87 87 
1 2 4 5 6 87 87 
1 2 4 5 6 87 87 
1 2 4 5 6 87 87 
1 2 4 5 6 87 87 
1 29 2 34 4 5 6 87 87 
1 2 4 5 6 87 87 
1 2 4 5 6 87 87 
1 2 4 5 6 87 87 
1 2 4 5 6 87 87 
1 2 4 5 6 87 87 
1 2 4 5 6 87 87 
1 2 4 5 6 87 87 
1 2 4 5 6 87 87 
1 29 2 34 4 5 6 87 87 
1 2 4 5 6 87 87 
1 2 4 5 6 87 87 
1 2 4 5 6 87 87 
1 2 4 5 6 87 87 
1 2 4 5 6 87 87 
1 2 4 5 6 87 87 
1 2 4 5 6 87 87 
1 2 4 5 6 87 87 
1 66 29 2 4 5 6 87 87 
1 2 4 5 6 87 87 
1 2 4 5 6 87 87 
1 29 2 34 4 5 6 87 87 
1 29 2 34 4 5 6 87 87 
1 29 2 34 4 5 6 87 87 
1 29 2 34 4 5 6 87 87 
1 2 4 5 6 87 87 
1 29 2 34 4 5 6 87 87 
1 29 2 4 5 6 87 87 
1 29 2 34 4 5 6 87 87 
1 29 2 34 4 5 6 87 87 
1 29 2 34 4 5 6 87 87 
1 29 2 34 4 5 6 87 87 
1 29 2 34 4 5 6 87 87 
1 29 2 34 4 5 6 87 87 
1 2 4 5 6 87 87 
1 2 4 5 6 87 87 
1 29 2 34 4 5 6 87 87 
1 29 2 34 4 5 6 87 87 
1 29 2 34 4 5 6 87 87 
1 29 2 34 4 5 6 87 87 
1 2 4 5 6 87 87 
1 29 2 34 4 5 6 87 87 
1 29 2 34 4 5 6 87 87 
1 2 4 5 6 87 87 
1 2 4 5 6 87 87 
1 2 4 5 91 6 92 87 87 
1 2 4 5 91 6 92 87 87 
1 2 4 5 91 6 92 87 87 
1 2 4 5 91 6 92 87 87 
1 29 2 4 5 91 6 92 87 87 
1 2 4 5 91 6 92 87 87 
1 2 4 5 6 87 87 
1 2 4 5 6 87 87 
1 2 4 5 6 87 87 
1 2 4 5 6 87 87 
1 29 2 4 5 6 87 87 
1 2 4 5 6 87 87 
1 29 2 34 4 5 6 87 87 
1 29 2 34 4 5 6 87 87 
1 15 400 401 2 4 5 6 87 87 
1 2 4 5 6 87 87 
1 2 4 5 6 87 87 
1 2 4 5 6 87 87 
1 2 4 5 6 87 87 
1 2 4 5 6 87 87 
1 2 4 5 6 87 87 
1 2 4 5 6 87 87 
1 2 4 5 6 87 87 
1 2 4 5 6 87 87 
1 2 4 5 6 87 87 
1 2 4 5 6 87 87 
1 2 4 5 6 87 87 
1 2 4 5 6 87 87 
1 2 4 5 6 87 87 
1 29 2 34 4 5 6 87 87 
1 2 4 5 6 87 87 
1 29 2 34 4 5 6 87 87 
1 2 4 5 6 87 87 
1 29 2 4 5 6 87 87 
1 29 2 4 5 6 87 87 
1 29 2 4 5 6 87 87 
1 29 2 34 4 5 6 87 87 
1 2 4 5 6 87 87 
1 29 2 4 5 6 87 87 
1 29 2 34 4 5 6 87 87 
1 2 4 5 6 87 87 
1 2 4 5 6 87 87 
1 2 4 5 6 87 87 
1 2 4 5 6 87 87 
1 29 2 34 4 5 6 87 87 
1 2 4 5 6 87 87 
1 29 2 4 5 6 87 87 
1 29 32 2 4 5 6 87 87 
1 29 32 2 4 5 6 87 87 
1 29 2 4 5 6 87 87 
1 2 4 5 6 87 87 
1 2 4 5 6 87 87 
1 2 4 5 6 87 87 
1 29 32 2 4 5 6 87 87 
1 2 4 5 6 87 87 
1 2 4 5 6 87 87 
1 2 4 5 6 87 87 
1 2 4 5 6 87 87 
1 2 4 5 6 87 87 
1 2 4 5 6 87 87 
1 2 4 5 6 87 87 
1 2 4 5 6 87 87 
1 2 4 5 6 87 87 
1 2 4 5 6 87 87 
1 2 4 5 6 87 87 
1 2 4 5 6 87 87 
1 29 2 34 4 5 6 87 87 
1 15 2 43 4 5 6 87 87 
1 2 4 5 6 87 87 
1 2 4 5 6 87 87 
1 2 4 5 6 87 87 
1 2 4 5 6 87 87 
1 2 4 5 6 87 87 
1 2 4 5 6 87 87 
1 29 2 30 4 5 6 87 87 
1 29 2 30 4 5 6 87 87 
1 29 2 30 4 5 6 87 87 
1 259 19 2 4 5 6 87 87 
1 29 2 4 5 6 87 87 
1 29 32 2 4 5 6 87 87 
1 2 4 5 6 87 87 
1 2 4 5 6 87 87 
1 2 4 5 6 87 87 
1 29 2 4 5 6 87 87 
1 29 2 4 5 6 87 87 
1 29 2 4 5 6 87 87 
1 29 2 4 5 6 87 87 
1 2 4 5 6 87 87 
1 2 4 5 6 87 87 
1 2 4 5 6 87 87 
1 2 4 5 6 8 87 87 
1 2 4 5 6 87 87 
1 2 4 5 6 87 87 
1 29 2 30 4 5 6 87 87 
1 29 2 30 4 5 6 87 87 
1 2 4 5 6 87 87 
1 2 4 5 6 87 87 
1 2 4 5 6 87 87 
1 2 4 5 6 87 87 
1 2 4 5 6 87 87 
1 29 2 4 5 6 87 87 
1 2 4 5 6 87 87 
1 2 4 5 6 87 87 
1 2 4 5 6 87 87 
1 2 4 5 6 87 87 
1 2 4 5 6 87 87 
1 2 4 5 6 87 87 
1 2 4 5 6 87 87 
1 2 4 5 6 87 87 
1 2 4 5 6 87 87 
1 2 4 5 6 87 87 
1 2 4 5 6 87 87 
1 2 4 5 6 87 87 
1 2 4 5 6 87 87 
1 2 4 5 6 87 87 
1 2 4 5 6 87 87 
1 2 4 5 6 87 87 
1 2 4 5 6 87 87 
1 29 2 30 4 5 6 87 87 
1 2 4 5 6 87 87 
1 29 2 4 5 6 87 87 
1 2 4 5 6 87 87 
1 2 4 5 6 87 87 
1 2 4 5 6 87 87 
1 93 2 94 4 5 6 87 87 
1 2 4 5 6 87 87 
1 2 4 5 6 87 87 
1 2 4 5 6 87 87 
1 2 4 5 6 87 87 
1 2 4 5 6 87 87 
1 29 2 4 5 6 87 87 
1 29 2 4 5 6 87 87 
1 2 4 5 6 87 87 
1 29 45 2 4 5 6 87 87 
1 29 2 4 5 6 87 87 
1 29 2 4 5 6 87 87 
1 29 2 4 5 6 87 87 
1 29 2 4 5 6 87 87 
1 29 2 4 5 6 87 87 
1 29 2 4 5 6 87 87 
1 2 4 5 6 87 87 
1 2 4 5 6 87 87 
1 2 4 5 6 87 87 
1 29 2 4 5 6 87 87 
1 2 4 5 6 87 87 
1 29 2 34 4 5 6 87 87 
1 2 4 5 6 87 87 
1 2 4 5 6 87 87 
1 2 4 5 6 87 87 
1 29 2 4 5 6 87 87 
1 2 4 5 6 87 87 
1 2 4 5 6 87 87 
1 2 4 5 6 87 87 
1 2 4 5 6 87 87 
1 2 4 5 6 87 87 
1 2 4 5 6 87 87 
1 2 4 5 6 87 87 
1 29 2 4 5 6 87 87 
1 2 4 5 6 87 87 
1 2 4 5 6 87 87 
1 2 4 5 6 87 87 
1 2 4 5 6 87 87 
1 2 4 5 6 87 87 
1 29 45 2 4 5 6 87 87 
1 2 4 5 6 87 87 
1 2 4 5 6 87 87 
1 29 2 4 5 6 87 87 
1 29 2 30 4 5 6 87 87 
1 2 4 5 6 87 87 
1 2 4 5 6 87 87 
1 2 4 5 6 87 87 
1 2 4 5 6 87 87 
1 2 4 5 6 87 87 
1 2 4 5 6 87 87 
1 29 2 34 4 5 6 87 87 
1 29 2 34 4 5 6 87 87 
1 29 2 34 4 5 6 87 87 
1 29 2 34 4 5 6 87 87 
1 29 2 34 4 5 6 87 87 
1 29 2 34 4 5 6 87 87 
1 29 2 34 4 5 6 87 87 
1 29 2 34 4 5 6 87 87 
1 2 4 5 6 87 87 
1 29 2 34 4 5 6 87 87 
1 29 2 34 4 5 6 87 87 
1 29 2 34 4 5 6 87 87 
1 2 4 5 6 87 87 
1 29 2 34 4 5 6 87 87 
1 29 2 34 4 5 6 87 87 
1 2 4 5 6 87 87 
1 2 4 5 6 87 87 
1 29 2 4 5 6 87 87 
1 2 4 5 6 87 87 
1 2 4 5 6 87 87 
1 2 4 5 6 87 87 
1 29 2 30 4 5 6 87 87 
1 29 2 34 4 5 6 87 87 
1 29 2 34 4 5 6 87 87 
1 29 2 34 4 5 6 87 87 
1 29 2 34 4 5 6 87 87 
1 29 2 34 4 5 6 87 87 
1 2 4 5 6 87 87 
1 2 4 5 6 87 87 
1 29 2 34 4 5 6 87 87 
1 29 2 34 4 5 6 87 87 
1 2 4 5 6 87 87 
1 29 2 34 4 5 6 87 87 
1 29 2 34 4 5 6 87 87 
1 2 4 5 6 87 87 
1 2 4 5 6 87 87 
1 2 4 5 6 87 87 
1 2 4 5 6 87 87 
1 2 4 5 6 87 87 
1 2 4 5 6 87 87 
1 29 2 4 5 6 87 87 
1 2 4 5 6 87 87 
1 29 2 30 4 5 6 87 87 
1 2 4 5 6 87 87 
1 2 4 5 6 87 87 
1 2 4 5 6 87 87 
1 29 2 34 4 5 6 87 87 
1 2 4 5 6 87 87 
1 2 4 5 6 87 87 
1 2 4 5 6 87 87 
1 29 2 4 5 6 87 87 
1 2 4 5 6 87 87 
1 29 2 4 5 6 87 87 
1 2 4 5 6 87 87 
1 29 2 4 5 6 87 87 
1 29 2 4 5 6 87 87 
1 29 2 4 5 6 87 87 
1 29 2 4 5 6 87 87 
1 29 2 4 5 6 87 87 
1 2 4 5 6 87 87 
1 29 2 30 4 5 6 87 87 
1 2 4 5 6 87 87 
1 2 4 5 6 87 87 
1 2 4 5 6 87 87 
1 2 4 5 6 87 87 
1 2 4 5 6 87 87 
1 2 4 5 6 87 87 
1 2 4 5 6 87 87 
1 29 2 34 4 5 6 87 87 
1 2 4 5 6 87 87 
1 29 2 30 4 5 6 87 87 
1 29 2 4 5 6 87 87 
1 2 4 5 6 87 87 
1 2 4 5 6 87 87 
1 2 4 5 6 87 87 
1 2 4 5 6 87 87 
1 29 2 4 5 6 87 87 
1 2 4 5 6 87 87 
1 2 4 5 6 87 87 
1 2 4 5 6 87 87 
1 2 4 5 6 87 87 
1 2 4 5 6 87 87 
1 2 4 5 6 87 87 
1 2 4 5 6 87 87 
1 2 4 5 6 87 87 
1 2 4 5 6 87 87 
1 2 4 5 6 87 87 
1 29 2 30 4 5 6 87 87 
1 2 4 5 6 87 87 
1 29 2 71 4 5 6 87 87 
1 2 4 5 6 87 87 
1 29 2 30 4 5 6 87 87 
1 29 2 4 5 6 87 87 
1 2 4 5 6 87 87 
1 2 4 5 6 87 87 
1 2 4 5 6 87 87 
1 2 4 5 6 87 87 
1 2 4 5 6 87 87 
1 2 4 5 6 87 87 
1 2 4 5 6 87 87 
1 2 4 5 6 87 87 
1 29 45 2 4 5 6 87 87 
1 2 4 5 6 87 87 
1 29 45 2 4 5 6 87 87 
1 29 2 4 5 6 87 87 
1 29 2 4 5 6 87 87 
1 29 2 4 5 6 87 87 
1 2 4 5 6 87 87 
1 2 4 5 6 87 87 
1 2 4 5 6 87 87 
1 2 4 5 6 87 87 
1 2 4 5 6 87 87 
1 2 4 5 6 87 87 
1 2 4 5 6 87 87 
1 2 4 5 6 87 87 
1 2 4 5 6 87 87 
1 2 4 5 6 87 87 
1 2 4 5 6 87 87 
1 2 4 5 6 87 87 
1 2 4 5 6 87 87 
1 2 4 5 6 87 87 
1 2 4 5 6 87 87 
1 2 4 5 6 87 87 
1 2 4 5 6 87 87 
1 29 2 4 5 6 87 87 
1 2 4 5 6 87 87 
1 29 2 4 5 6 87 87 
1 2 4 5 6 87 87 
1 2 4 5 6 87 87 
1 2 4 5 6 87 87 
1 2 4 5 6 87 87 
1 2 4 5 6 87 87 
1 2 4 5 6 87 87 
1 29 2 4 5 6 87 87 
1 2 4 5 6 87 87 
1 2 4 5 6 87 87 
1 2 4 5 6 87 87 
1 2 4 5 6 87 87 
1 89 2 4 5 6 87 87 
1 2 4 5 6 87 87 
1 2 4 5 6 87 87 
1 2 4 5 6 87 87 
1 2 4 5 6 87 87 
1 2 4 5 6 87 87 
1 2 4 5 6 87 87 
1 2 4 5 6 87 87 
1 2 4 5 6 87 87 
1 2 4 5 6 87 87 
1 2 4 5 6 87 87 
1 2 4 5 6 87 87 
1 2 4 5 6 87 87 
1 2 4 5 6 87 87 
1 2 4 5 6 87 87 
1 442 15 401 2 4 5 6 87 87 
1 29 2 30 4 5 6 87 87 
1 2 4 5 6 87 87 
1 2 4 5 6 87 87 
1 29 2 30 4 5 6 87 87 
1 2 4 5 6 87 87 
1 2 4 5 6 87 87 
1 2 4 5 6 87 87 
1 2 4 5 6 87 87 
1 2 4 5 6 87 87 
1 2 4 5 6 87 87 
1 2 4 5 6 87 87 
1 2 4 5 6 87 87 
1 29 2 34 4 5 6 87 87 
1 29 2 34 4 5 6 87 87 
1 2 4 5 6 87 87 
1 2 4 5 6 87 87 
1 29 2 4 5 6 87 87 
1 2 4 5 6 87 87 
1 2 4 5 6 87 87 
1 2 4 5 6 87 87 
1 2 4 5 6 87 87 
1 2 4 5 6 87 87 
1 2 4 5 6 87 87 
1 2 4 5 6 87 87 
1 2 4 5 6 87 87 
1 2 4 5 6 87 87 
1 29 2 4 5 6 87 87 
1 29 2 4 5 6 87 87 
1 2 4 5 6 87 87 
1 2 4 5 6 87 87 
1 2 4 5 6 87 87 
1 2 4 5 6 87 87 
1 2 4 5 6 87 87 
1 2 4 5 6 87 87 
1 2 4 5 6 87 87 
1 2 4 5 6 87 87 
1 2 4 5 6 87 87 
1 2 4 5 6 87 87 
1 2 4 5 6 87 87 
1 2 4 5 6 87 87 
1 46 47 29 45 2 4 5 6 87 87 
1 29 45 2 4 5 6 87 87 
1 29 2 4 5 6 87 87 
1 29 45 2 4 5 6 87 87 
1 2 4 5 6 87 87 
1 2 4 5 6 87 87 
1 2 4 5 6 87 87 
1 2 4 5 6 87 87 
1 2 4 5 6 87 87 
1 2 4 5 6 87 87 
1 2 4 5 6 87 87 
1 2 4 5 6 87 87 
1 2 4 5 6 87 87 
1 29 2 4 5 6 87 87 
1 29 2 4 5 6 87 87 
1 29 2 4 5 6 87 87 
1 2 4 5 6 87 87 
1 2 4 5 6 87 87 
1 2 4 5 6 87 87 
1 29 2 71 4 5 6 87 87 
1 29 2 71 4 5 6 87 87 
1 2 4 5 6 87 87 
1 2 4 5 6 87 87 
1 29 2 71 4 5 6 87 87 
1 2 4 5 6 87 87 
1 33 29 2 4 5 6 87 87 
1 2 4 5 6 87 87 
1 2 4 5 6 87 87 
1 2 4 5 6 87 87 
1 29 45 2 4 5 6 8 87 87 
1 2 4 5 6 8 87 87 
1 2 4 5 6 8 87 87 
1 2 4 5 6 8 87 87 
1 29 2 34 4 5 6 8 87 87 
1 2 4 5 6 8 87 87 
1 29 2 34 4 5 6 8 87 87 
1 29 2 30 4 5 6 8 87 87 
1 2 4 5 6 8 87 87 
1 2 4 5 6 8 87 87 
1 2 4 5 6 8 87 87 
1 2 4 5 6 8 87 87 
1 2 4 5 6 8 87 87 
1 29 45 2 3 4 5 6 8 87 87 
1 29 45 2 4 5 6 8 87 87 
1 2 4 5 6 8 87 87 
1 29 2 34 4 5 6 8 87 87 
1 29 2 34 4 5 6 8 87 87 
1 29 2 34 4 5 6 8 87 87 
1 2 4 5 6 8 87 87 
1 29 2 34 4 5 6 8 87 87 
1 2 4 5 6 8 87 87 
1 2 4 5 6 8 87 87 
1 2 4 5 6 8 87 87 
1 2 4 5 6 8 87 87 
1 2 4 5 6 8 87 87 
1 29 32 2 4 5 6 8 87 87 
1 2 4 5 6 8 87 87 
1 29 2 34 4 5 6 8 87 87 
1 29 2 34 4 5 6 8 87 87 
1 2 4 5 6 8 87 87 
1 33 29 2 4 5 6 8 87 87 
1 2 4 5 6 8 87 87 
1 29 2 34 4 5 6 8 87 87 
1 2 4 5 6 8 87 87 
1 2 4 5 6 8 87 87 
1 2 4 5 6 8 87 87 
1 2 4 5 6 8 87 87 
1 2 4 5 6 8 87 87 
1 2 4 5 6 8 87 87 
1 29 2 34 4 5 6 8 87 87 
1 29 45 2 4 5 6 8 87 87 
1 29 45 2 4 5 6 8 87 87 
1 29 2 71 4 5 6 8 87 87 
1 2 4 5 6 8 87 87 
1 2 4 5 6 8 87 87 
1 2 4 5 6 8 87 87 
1 2 4 5 6 8 87 87 
1 2 4 5 6 8 87 87 
1 2 4 5 6 8 87 87 
1 29 2 34 4 5 6 8 87 87 
1 2 4 5 6 8 87 87 
1 29 2 34 4 5 6 8 87 87 
1 66 29 2 4 5 6 8 87 87 
1 2 4 5 6 8 87 87 
1 29 2 34 4 5 6 8 87 87 
1 2 4 5 6 8 87 87 
1 2 4 5 6 8 87 87 
1 2 4 5 6 8 87 87 
1 29 2 4 5 6 8 87 87 
1 2 4 5 6 8 87 87 
1 2 4 5 6 8 87 87 
1 2 4 5 6 8 87 87 
1 2 4 5 6 8 87 87 
1 2 4 5 6 8 87 87 
1 2 4 5 6 8 87 87 
1 2 4 5 6 8 87 87 
1 2 4 5 6 8 87 87 
1 29 2 4 5 6 8 87 87 
1 2 4 5 6 8 87 87 
1 29 2 4 5 6 8 87 87 
1 2 4 5 6 8 87 87 
1 2 4 5 6 8 87 87 
1 29 2 4 5 6 8 87 87 
1 2 4 5 6 8 87 87 
1 2 4 5 6 8 87 87 
1 2 4 5 6 8 87 87 
1 29 2 4 5 6 8 87 87 
1 2 4 5 6 8 87 87 
1 2 4 5 6 8 87 87 
1 29 2 4 5 6 8 87 87 
1 29 2 4 5 6 8 87 87 
1 29 2 4 5 6 8 87 87 
1 2 4 5 6 8 87 87 
1 2 4 5 6 8 87 87 
1 29 2 34 4 5 6 8 87 87 
1 29 2 34 4 5 6 8 87 87 
1 2 4 5 6 8 87 87 
1 2 4 5 6 8 87 87 
1 2 4 5 6 8 87 87 
1 2 4 5 6 8 87 87 
1 2 4 5 6 8 87 87 
1 2 4 5 6 8 87 87 
1 2 4 5 6 8 87 87 
1 2 4 5 6 8 87 87 
1 2 4 5 6 8 87 87 
1 2 4 5 6 8 87 87 
1 29 2 4 5 6 8 87 87 
1 2 4 5 6 8 87 87 
1 2 4 5 6 8 87 87 
1 2 4 5 6 8 87 87 
1 2 4 5 6 8 87 87 
1 2 4 5 6 8 87 87 
1 2 4 5 6 8 87 87 
1 2 4 5 6 8 87 87 
1 2 4 5 6 87 87 
1 66 29 2 4 5 6 87 87 
1 29 2 4 5 6 87 87 
1 29 2 71 4 5 6 87 87 
1 2 4 5 6 87 87 
1 2 4 5 6 87 87 
1 2 4 5 6 87 87 
1 29 2 71 4 5 6 87 87 
1 2 4 5 6 87 87 
1 89 2 4 5 6 87 87 
1 2 4 5 6 87 87 
1 2 4 5 6 87 87 
1 29 2 71 4 5 6 87 87 
1 29 2 71 4 5 6 87 87 
1 29 2 71 4 5 6 87 87 
1 2 4 5 6 87 87 
1 2 4 5 6 87 87 
1 2 4 5 6 87 87 
1 2 4 5 6 87 87 
1 2 4 5 6 87 87 
1 29 2 71 4 5 6 87 87 
1 2 4 5 6 87 87 
1 33 29 2 4 5 6 87 87 
1 2 4 5 6 87 87 
1 2 4 5 6 87 87 
1 2 4 5 6 87 87 
1 2 4 5 6 87 87 
1 2 4 5 6 87 87 
1 2 4 5 6 87 87 
1 29 2 71 4 5 6 87 87 
1 29 2 34 4 5 6 87 87 
1 2 4 5 6 87 87 
1 2 4 5 6 87 87 
1 2 4 5 6 87 87 
1 29 2 4 5 6 87 87 
1 2 4 5 6 8 87 87 
1 2 4 5 6 87 87 
1 29 2 34 4 5 6 87 87 
1 2 4 5 27 28 6 21 87 87 
1 2 4 5 6 87 87 
1 2 4 5 6 87 87 
1 2 4 5 6 87 87 
1 2 4 5 6 87 87 
1 2 4 5 6 87 87 
1 2 4 5 6 87 87 
1 2 4 5 6 87 87 
1 29 2 4 5 6 87 87 
1 29 45 2 4 5 6 8 87 87 
1 2 4 5 6 8 87 87 
1 29 2 30 4 5 6 8 87 87 
1 29 2 4 5 6 8 87 87 
1 2 4 5 6 87 87 
1 2 4 5 6 87 87 
1 2 4 5 91 6 92 87 87 
1 2 4 5 6 87 87 
1 2 4 5 6 87 87 
1 2 4 5 6 87 87 
1 2 4 5 6 87 87 
1 2 4 5 6 87 87 
1 29 45 2 4 5 6 87 87 
1 2 4 5 6 87 87 
1 2 4 5 6 87 87 
1 29 2 34 4 5 91 6 92 87 87 
1 29 2 34 4 5 91 6 92 87 87 
1 2 4 5 6 87 87 
1 2 4 5 6 87 87 
1 19 2 4 5 6 87 87 
1 2 4 5 6 87 87 
1 2 4 5 6 87 87 
1 2 4 5 6 9 87 87 
1 2 4 5 6 87 87 
1 2 4 5 6 87 87 
1 2 4 5 6 87 87 
1 2 4 5 6 87 87 
1 2 4 5 6 87 87 
1 2 4 5 6 87 87 
1 29 45 2 4 5 6 87 87 
1 29 2 30 4 5 6 87 87 
1 2 4 5 6 87 87 
1 29 2 30 4 5 6 87 87 
1 2 4 5 6 87 87 
1 29 2 4 5 6 87 87 
1 2 4 5 6 87 87 
1 2 4 5 6 87 87 
1 29 45 2 4 5 6 87 87 
1 2 4 5 6 87 87 
1 2 4 5 6 87 87 
1 29 2 4 5 6 87 87 
1 51 2 78 4 5 6 87 87 
1 29 45 2 4 5 6 87 87 
1 2 4 5 6 87 87 
1 2 4 5 6 87 87 
1 2 4 5 6 87 87 
1 2 4 5 6 87 87 
1 2 4 5 6 87 87 
1 2 4 5 6 87 87 
1 29 2 34 4 5 6 87 87 
1 2 4 5 6 87 87 
1 2 4 5 6 87 87 
1 2 4 5 6 87 87 
1 29 2 34 4 5 6 87 87 
1 2 4 5 6 87 87 
1 29 2 34 4 5 6 87 87 
1 2 4 5 6 87 87 
1 29 45 2 4 5 6 87 87 
1 29 45 2 4 5 6 87 87 
1 2 4 5 6 87 87 
1 29 2 34 4 5 6 87 87 
1 29 2 34 4 5 6 87 87 
1 2 4 5 6 87 87 
1 2 4 5 6 87 87 
1 2 4 5 6 87 87 
1 29 45 2 4 5 6 87 87 
1 2 4 5 6 87 87 
1 2 4 5 6 87 87 
1 2 4 5 6 87 87 
1 2 4 5 6 8 87 35 87 
1 2 4 5 6 87 87 
1 2 4 5 6 87 87 
1 2 4 5 6 87 87 
1 2 4 5 6 87 87 
1 2 4 5 6 87 87 
1 2 4 5 6 87 87 
1 2 4 5 6 87 87 
1 2 4 5 6 87 87 
1 2 4 5 6 87 87 
1 2 4 5 6 87 87 
1 2 4 5 6 87 87 
1 2 4 5 6 87 87 
1 2 4 5 6 87 87 
1 2 4 5 6 87 87 
1 29 45 2 4 5 6 87 87 
1 2 4 5 6 87 87 
1 2 4 5 6 87 87 
1 2 4 5 6 87 87 
1 2 4 5 6 87 87 
1 29 2 71 4 5 6 87 87 
1 2 4 5 6 87 87 
1 29 2 30 4 5 6 87 87 
1 29 2 4 5 6 87 87 
1 2 4 5 6 87 87 
1 2 4 5 6 87 87 
1 2 4 5 6 87 87 
1 33 29 2 4 5 6 87 87 
1 2 4 5 6 87 87 
1 29 45 2 4 5 6 87 87 
1 2 4 5 6 87 87 
1 2 4 5 6 87 87 
1 2 4 5 6 87 87 
1 2 4 5 6 87 87 
1 2 4 5 6 87 87 
1 29 2 34 4 5 6 87 87 
1 29 2 34 4 5 6 87 87 
1 29 2 34 4 5 6 87 87 
1 2 4 5 6 87 87 
1 2 4 5 6 87 87 
1 84 2 56 57 4 5 6 87 87 
1 2 4 5 6 87 87 
1 2 4 5 6 87 87 
1 2 4 5 6 87 87 
1 2 4 5 6 87 87 
1 2 4 5 6 87 87 
1 2 4 5 6 87 87 
1 2 4 5 6 87 87 
1 2 4 5 6 87 87 
1 2 4 5 6 87 87 
1 2 4 5 6 87 87 
1 2 4 5 6 87 87 
1 2 4 5 6 87 87 
1 2 4 5 6 87 87 
1 29 2 4 5 6 87 87 
1 29 2 34 4 5 6 87 87 
1 2 4 5 6 87 87 
1 2 4 5 6 87 87 
1 2 4 5 6 87 87 
1 29 45 2 4 5 6 87 87 
1 2 4 5 6 87 87 
1 29 45 2 4 5 6 87 87 
1 29 2 4 5 6 87 87 
1 2 4 5 6 87 87 
1 66 29 2 4 5 6 87 87 
1 2 4 5 6 87 87 
1 2 4 5 6 87 87 
1 29 2 4 5 6 87 87 
1 2 4 5 6 87 87 
1 2 4 5 6 87 87 
1 2 4 5 6 87 87 
1 2 4 5 6 87 87 
1 2 4 5 6 87 87 
1 2 4 5 6 87 87 
1 2 4 5 6 87 87 
1 2 4 5 6 87 87 
1 29 2 4 5 6 87 87 
1 2 4 5 6 87 87 
1 29 2 4 5 6 87 87 
1 2 4 5 6 87 87 
1 2 4 5 6 87 87 
1 2 4 5 6 87 87 
1 2 4 5 6 87 87 
1 2 4 5 6 87 87 
1 2 4 5 6 87 87 
1 2 4 5 6 87 87 
1 2 4 5 6 87 87 
1 29 45 2 4 5 6 87 87 
1 29 2 4 5 6 87 87 
1 2 4 5 6 87 87 
1 29 2 4 5 6 87 87 
1 2 4 5 6 87 87 
1 29 2 4 5 6 87 87 
1 2 4 5 6 87 87 
1 2 4 5 6 87 87 
1 29 2 4 5 6 87 87 
1 2 4 5 6 87 87 
1 2 4 5 6 87 87 
1 29 2 4 5 6 87 87 
1 29 2 4 5 6 87 87 
1 2 4 5 6 87 87 
1 33 29 2 4 5 6 87 87 
1 2 4 5 6 87 87 
1 2 4 5 6 87 87 
1 2 4 5 6 87 87 
1 29 2 4 5 6 87 87 
1 2 4 5 6 87 87 
1 2 4 5 6 87 87 
1 2 4 5 6 87 87 
1 29 2 4 5 6 87 87 
1 2 4 5 6 87 87 
1 2 4 5 6 87 87 
1 2 4 5 6 87 87 
1 2 4 5 6 87 87 
1 2 4 5 6 87 87 
1 2 4 5 6 87 87 
1 2 4 5 6 87 87 
1 2 4 5 6 87 87 
1 2 4 5 6 87 87 
1 2 4 5 6 87 87 
1 2 4 5 6 87 87 
1 2 4 5 6 87 87 
1 29 2 30 4 5 6 87 87 
1 29 2 4 5 6 87 87 
1 29 2 30 4 5 6 87 87 
1 2 4 5 6 87 87 
1 29 2 4 5 6 87 87 
1 2 4 5 6 87 87 
1 2 4 5 6 87 87 
1 2 4 5 6 87 87 
1 2 4 5 6 87 87 
1 2 4 5 6 87 87 
1 2 4 5 6 87 87 
1 2 4 5 6 87 87 
1 2 4 5 6 87 87 
1 2 4 5 6 87 87 
1 2 4 5 6 87 87 
1 2 4 5 6 87 87 
1 2 4 5 6 87 87 
1 2 4 5 6 87 87 
1 2 4 5 6 87 87 
1 2 4 5 6 87 87 
1 2 4 5 6 87 87 
1 2 4 5 6 87 87 
1 2 4 5 6 87 87 
1 2 4 5 6 87 87 
1 2 4 5 6 87 87 
1 2 4 5 6 87 87 
1 2 4 5 6 87 87 
1 29 2 4 5 6 87 87 
1 2 4 5 6 87 87 
1 2 4 5 6 87 87 
1 29 2 4 5 6 87 87 
1 29 2 4 5 6 87 87 
1 29 2 4 5 6 87 87 
1 29 2 4 5 6 87 87 
1 29 2 4 5 6 87 87 
1 29 2 4 5 6 87 87 
1 29 2 4 5 6 87 87 
1 2 4 5 6 87 87 
1 2 4 5 6 87 87 
1 2 4 5 6 87 87 
1 2 4 5 6 87 87 
1 29 2 4 5 6 87 87 
1 2 4 5 6 87 87 
1 29 2 4 5 6 87 87 
1 2 4 5 6 87 87 
1 2 4 5 6 87 87 
1 2 4 5 6 87 87 
1 2 4 5 6 87 87 
1 29 2 30 4 5 6 210 61 87 87 
1 29 2 4 5 6 87 87 
1 29 2 4 5 6 87 87 
1 29 2 4 5 6 87 87 
1 29 2 34 4 5 6 87 87 
1 2 4 5 6 87 87 
1 2 4 5 6 87 87 
1 2 4 5 6 87 87 
1 2 4 5 6 87 87 
1 2 4 5 6 87 87 
1 2 4 5 6 87 87 
1 2 4 5 6 87 87 
1 2 4 5 6 87 87 
1 2 4 5 6 87 87 
1 2 4 5 6 87 87 
1 2 4 5 6 87 87 
1 2 4 5 6 87 87 
1 2 4 5 6 87 87 
1 2 4 5 6 87 87 
1 29 2 30 4 5 6 87 87 
1 2 4 5 6 87 87 
1 2 4 5 6 87 87 
1 2 4 5 6 87 87 
1 2 4 5 6 87 87 
1 2 4 5 6 87 87 
1 2 4 5 6 87 87 
1 2 4 5 6 87 87 
1 2 4 5 6 87 87 
1 2 4 5 6 87 87 
1 2 4 5 6 87 87 
1 29 2 4 5 6 87 87 
1 29 2 4 5 6 87 87 
1 2 4 5 6 87 87 
1 2 4 5 6 87 87 
1 29 2 34 4 5 6 87 87 
1 2 4 5 6 87 87 
1 29 2 4 5 6 87 87 
1 2 4 5 6 87 87 
1 2 4 5 6 87 87 
1 29 2 34 4 5 6 87 87 
1 2 4 5 6 87 87 
1 2 4 5 6 87 87 
1 2 4 5 6 87 87 
1 2 4 5 6 87 87 
1 2 4 5 6 87 87 
1 29 2 30 4 5 91 6 92 87 87 
1 2 4 5 6 21 22 87 24 87 
1 2 4 5 6 61 87 87 
1 29 2 4 5 6 61 87 87 
1 2 4 5 6 87 87 
1 29 2 4 5 6 87 87 
1 2 4 5 6 87 87 
1 29 2 4 5 6 87 87 
1 2 4 5 6 87 87 
1 2 4 5 6 87 87 
1 2 4 5 6 87 87 
1 2 4 5 6 87 87 
1 2 4 5 6 87 87 
1 2 4 5 6 87 87 
1 29 2 30 4 5 6 87 87 
1 29 2 34 4 5 6 87 87 
1 29 2 34 4 5 6 87 87 
1 2 4 5 6 87 87 
1 29 2 30 4 5 6 87 87 
1 2 4 5 6 87 87 
1 2 4 5 6 87 87 
1 2 4 5 6 87 87 
1 2 4 5 6 23 87 139 87 
1 29 2 4 5 6 23 87 139 87 
1 2 4 5 6 23 87 139 87 
1 2 4 5 6 23 87 139 87 
1 2 4 5 6 23 87 139 87 
1 2 4 5 6 23 87 139 87 
1 2 4 5 6 87 87 
1 29 2 4 5 6 87 87 
1 2 4 5 6 87 87 
1 2 4 5 6 87 87 
1 2 4 5 6 87 87 
1 2 4 5 6 87 87 
1 2 4 5 6 87 87 
1 2 4 5 6 87 87 
1 2 4 5 6 87 87 
1 2 4 5 6 87 87 
1 2 4 5 6 87 87 
1 2 4 5 6 87 87 
1 2 4 5 6 87 87 
1 2 4 5 6 87 87 
1 29 2 34 4 5 6 87 87 
1 2 4 5 6 87 87 
1 29 2 34 4 5 6 87 87 
1 29 2 34 4 5 6 87 87 
1 29 2 34 4 5 6 87 87 
1 29 2 34 4 5 6 87 87 
1 29 2 34 4 5 6 87 87 
1 29 2 34 4 5 6 87 87 
1 29 2 34 4 5 6 87 87 
1 29 2 34 4 5 6 87 87 
1 29 2 34 4 5 6 87 87 
1 29 2 34 4 5 6 87 87 
1 29 2 34 4 5 6 87 87 
1 29 2 34 4 5 6 87 87 
1 29 2 34 4 5 6 87 87 
1 2 4 5 6 87 87 
1 29 2 34 4 5 6 87 87 
1 29 2 34 4 5 6 87 87 
1 29 2 34 4 5 6 87 87 
1 29 2 34 4 5 6 87 87 
1 29 2 34 4 5 6 87 87 
1 29 2 34 4 5 6 87 87 
1 29 2 34 4 5 6 87 87 
1 29 2 34 4 5 6 87 87 
1 29 2 34 4 5 6 87 87 
1 2 4 5 6 87 87 
1 2 4 5 6 87 87 
1 2 4 5 6 87 87 
1 2 4 5 6 87 87 
1 2 4 5 6 87 87 
1 2 4 5 6 87 87 
1 2 4 5 6 87 87 
1 2 4 5 6 87 87 
1 2 4 5 6 87 87 
1 2 4 5 6 87 87 
1 2 4 5 6 87 87 
1 2 4 5 6 87 87 
1 2 4 5 6 87 87 
1 2 4 5 6 87 87 
1 2 4 5 6 87 87 
1 29 2 34 4 5 6 87 87 
1 29 2 34 4 5 6 87 87 
1 29 2 34 4 5 6 87 87 
1 29 2 34 4 5 6 87 87 
1 29 2 34 4 5 6 87 87 
1 29 2 34 4 5 6 87 87 
1 2 4 5 6 87 87 
1 2 4 5 6 87 87 
1 2 4 5 6 87 87 
1 2 4 5 6 87 87 
1 2 4 5 6 87 87 
1 2 4 5 6 87 87 
1 2 4 5 6 87 87 
1 2 4 5 6 87 87 
1 2 4 5 6 87 87 
1 2 4 5 6 87 87 
1 2 4 5 6 87 87 
1 2 4 5 6 87 87 
1 29 45 2 4 5 6 87 87 
1 29 2 4 5 6 87 87 
1 29 45 2 4 5 6 87 87 
1 29 2 4 5 6 87 87 
1 29 2 30 4 5 6 87 87 
1 29 2 4 5 6 87 87 
1 2 4 5 6 87 87 
1 2 4 5 6 87 518 87 
1 2 4 5 6 87 87 
1 2 4 5 6 87 87 
1 2 4 5 6 87 87 
1 2 4 5 6 87 87 
1 2 4 5 6 87 87 
1 2 4 5 6 87 87 
1 2 4 5 6 87 87 
1 2 4 5 6 87 87 
1 29 45 2 4 5 6 87 87 
1 29 2 4 5 91 6 92 87 87 
1 2 4 5 6 23 87 139 87 
1 29 2 34 4 5 6 87 87 
1 2 4 5 6 87 87 
1 29 2 34 4 5 6 87 87 
1 2 4 5 6 87 87 
1 29 2 34 4 5 6 87 87 
1 29 2 34 4 5 6 87 87 
1 29 2 34 4 5 6 87 87 
1 29 2 34 4 5 6 87 87 
1 29 2 34 4 5 6 87 87 
1 2 4 5 6 87 87 
1 2 4 5 6 87 87 
1 2 4 5 6 87 87 
1 29 2 4 5 6 87 87 
1 2 4 5 6 87 87 
1 2 4 5 6 87 87 
1 2 4 5 6 87 87 
1 2 4 5 6 87 87 
1 2 4 5 6 87 87 
1 29 32 2 4 5 6 87 87 
1 2 4 5 6 87 87 
1 2 4 5 6 87 87 
1 2 4 5 6 87 87 
1 29 2 34 4 5 6 87 87 
1 2 4 5 6 87 87 
1 2 4 5 6 87 87 
1 2 4 5 6 87 87 
1 2 4 5 6 87 87 
1 29 45 2 4 5 6 87 87 
1 2 4 5 6 87 87 
1 29 2 30 4 5 6 87 87 
1 2 4 5 6 87 87 
1 2 4 5 6 87 87 
1 29 45 2 4 5 6 87 87 
1 2 4 5 6 87 87 
1 2 4 5 6 87 87 
1 2 4 5 6 87 87 
1 2 4 5 6 87 87 
1 2 4 5 6 87 87 
1 2 4 5 6 87 87 
1 2 4 5 6 87 87 
1 2 4 5 6 87 87 
1 2 4 5 6 87 87 
1 2 4 5 6 87 87 
1 2 4 5 6 87 87 
1 2 4 5 6 87 87 
1 2 4 5 91 6 92 87 87 
1 2 4 5 91 6 92 87 87 
1 2 4 5 6 87 87 
1 2 4 5 91 6 92 87 87 
1 2 4 5 6 87 87 
1 2 4 5 6 87 87 
1 2 4 5 6 87 87 
1 2 4 5 6 87 87 
1 2 4 5 6 87 87 
1 33 29 2 4 5 6 87 87 
1 29 2 30 4 5 6 87 87 
1 29 2 30 4 5 6 87 87 
1 2 4 5 6 87 87 
1 2 4 5 6 87 87 
1 29 45 2 4 5 6 87 87 
1 2 4 5 6 87 87 
1 29 2 4 5 6 87 87 
1 2 4 5 6 87 87 
1 2 4 5 6 87 87 
1 2 4 5 6 87 87 
1 2 4 5 6 87 87 
1 2 4 5 6 87 87 
1 2 4 5 6 87 87 
1 2 4 5 6 87 87 
1 2 4 5 6 87 87 
1 29 2 34 4 5 6 87 87 
1 29 2 34 4 5 6 87 87 
1 29 2 34 4 5 6 87 87 
1 29 2 4 5 6 87 87 
1 2 4 5 6 87 87 
1 29 2 4 5 6 87 87 
1 29 2 4 5 6 87 87 
1 2 4 5 6 87 87 
1 29 2 34 4 5 6 87 87 
1 2 4 5 6 87 87 
1 2 4 5 6 87 87 
1 2 4 5 6 87 87 
1 29 2 34 4 5 6 87 87 
1 29 2 34 4 5 6 87 87 
1 2 4 5 6 87 87 
1 29 2 4 5 6 87 87 
1 2 4 5 6 87 87 
1 29 2 4 5 6 87 87 
1 2 4 5 6 87 87 
1 2 4 5 6 87 87 
1 2 4 5 6 87 87 
1 29 2 34 4 5 6 87 87 
1 29 2 34 4 5 6 87 87 
1 29 2 34 4 5 6 87 87 
1 29 2 34 4 5 6 87 87 
1 29 2 34 4 5 6 87 87 
1 29 2 4 5 6 87 87 
1 2 4 5 6 87 87 
1 2 4 5 6 87 87 
1 2 4 5 6 87 87 
1 2 4 5 6 87 87 
1 29 2 34 4 5 6 87 87 
1 29 2 34 4 5 6 87 87 
1 29 2 34 4 5 6 87 87 
1 2 4 5 6 87 87 
1 2 4 5 6 87 87 
1 2 4 5 6 87 87 
1 29 2 34 4 5 6 87 87 
1 2 4 5 6 87 87 
1 66 29 2 4 5 6 87 87 
1 2 4 5 6 87 87 
1 2 4 5 6 87 87 
1 29 2 4 5 6 87 87 
1 29 2 34 4 5 6 87 87 
1 29 2 34 4 5 6 87 87 
1 2 4 5 6 87 87 
1 2 4 5 6 87 87 
1 2 4 5 6 87 87 
1 2 4 5 6 87 87 
1 29 2 30 4 5 6 87 87 
1 29 2 30 4 5 6 87 87 
1 2 4 5 6 87 87 
1 2 4 5 6 87 87 
1 2 4 5 6 87 87 
1 2 4 5 6 87 87 
1 2 4 5 6 87 87 
1 2 4 5 6 87 87 
1 2 4 5 6 87 87 
1 2 4 5 6 87 87 
1 2 4 5 6 87 87 
1 2 4 5 6 87 87 
1 66 29 2 4 5 6 87 87 
1 2 4 5 6 87 87 
1 2 4 5 6 87 87 
1 2 4 5 6 87 87 
1 29 2 34 4 5 6 533 87 87 
1 2 4 5 6 87 87 
1 29 2 4 5 6 87 87 
1 2 4 5 6 87 87 
1 2 4 5 6 87 87 
1 2 4 5 6 87 87 
1 2 4 5 6 87 87 
1 2 4 5 6 87 87 
1 2 4 5 6 87 87 
1 2 4 5 6 87 87 
1 29 2 30 4 5 6 8 87 87 
1 29 45 2 4 5 6 87 87 
1 2 4 5 6 87 87 
1 2 4 5 6 87 87 
1 2 4 5 6 87 87 
1 29 2 34 4 5 6 87 87 
1 2 4 5 6 87 87 
1 29 2 71 4 5 6 87 87 
1 29 2 71 4 5 6 87 87 
1 29 2 71 4 5 6 87 87 
1 29 2 71 4 5 6 87 87 
1 2 4 5 6 87 87 
1 89 2 4 5 6 87 87 
1 29 2 71 4 5 6 87 87 
1 2 4 5 6 87 87 
1 29 2 30 4 5 6 87 87 
1 29 2 71 4 5 6 87 87 
1 29 2 71 4 5 6 87 87 
1 29 2 71 4 5 6 87 87 
1 29 2 71 4 5 6 87 87 
1 2 4 5 6 87 87 
1 2 4 5 6 87 87 
1 2 4 5 6 87 87 
1 2 4 5 6 87 87 
1 2 4 5 6 87 87 
1 2 4 5 6 87 87 
1 2 4 5 6 87 87 
1 2 4 5 6 87 87 
1 2 4 5 6 87 87 
1 2 4 5 6 87 87 
1 2 4 5 6 87 87 
1 2 4 5 6 87 87 
1 2 4 5 6 87 87 
1 2 4 5 6 87 87 
1 2 4 5 6 87 87 
1 2 4 5 6 87 87 
1 2 4 5 6 87 87 
1 2 4 5 6 87 87 
1 2 4 5 6 87 87 
1 2 4 5 6 87 87 
1 2 4 5 6 87 87 
1 2 4 5 6 87 87 
1 2 4 5 6 87 87 
1 29 2 4 5 6 87 87 
1 2 4 5 6 87 87 
1 2 4 5 6 87 87 
1 2 4 5 6 87 87 
1 2 4 5 6 87 87 
1 2 4 5 6 87 87 
1 2 4 5 6 87 87 
1 2 4 5 6 87 87 
1 2 4 5 6 87 87 
1 29 2 4 5 6 87 87 
1 29 2 4 5 6 87 87 
1 2 4 5 6 87 87 
1 29 2 34 4 5 91 6 92 87 87 
1 2 4 5 91 6 92 87 87 
1 2 4 5 6 87 87 
1 2 4 5 6 87 87 
1 29 45 2 4 5 6 87 87 
1 2 4 5 6 87 87 
1 29 2 4 5 6 87 87 
1 2 4 5 6 87 87 
1 66 29 2 4 5 6 87 87 
1 2 4 5 6 87 87 
1 2 4 5 6 87 87 
1 2 4 5 6 87 87 
1 2 4 5 6 87 87 
1 2 4 5 6 87 87 
1 2 4 5 6 87 87 
1 2 4 5 6 87 87 
1 2 4 5 6 87 87 
1 2 4 5 6 87 87 
1 2 4 5 6 87 87 
1 2 4 5 6 87 87 
1 29 45 2 4 5 6 87 87 
1 29 45 2 4 5 6 87 87 
1 29 2 4 5 6 87 87 
1 2 4 5 6 87 87 
1 29 45 2 4 5 6 87 87 
1 2 4 5 6 87 87 
1 2 4 5 6 87 87 
1 2 4 5 6 87 87 
1 29 45 2 4 5 6 87 87 
1 2 4 5 6 87 87 
1 2 4 5 6 87 87 
1 29 45 2 4 5 6 87 87 
1 2 4 5 6 87 87 
1 2 4 5 6 87 87 
1 2 4 5 6 87 87 
1 2 4 5 6 87 87 
1 2 4 5 6 87 87 
1 2 4 5 6 87 87 
1 2 4 5 6 87 87 
1 2 4 5 6 87 87 
1 2 4 5 6 87 87 
1 2 4 5 6 87 87 
1 2 4 5 6 87 87 
1 2 4 5 6 87 87 
1 2 4 5 6 87 87 
1 29 45 2 4 5 6 87 87 
1 2 4 5 6 87 87 
1 29 45 2 4 5 6 87 87 
1 2 4 5 6 87 87 
1 2 4 5 6 87 87 
1 2 4 5 6 87 87 
1 2 4 5 6 87 87 
1 29 45 2 4 5 6 87 87 
1 2 4 5 6 87 87 
1 29 32 2 4 5 6 87 87 
1 29 32 2 4 5 6 87 87 
1 29 32 2 4 5 6 87 87 
1 29 32 2 4 5 6 87 87 
1 2 4 5 6 87 87 
1 29 32 2 4 5 6 87 87 
1 2 4 5 6 87 87 
1 29 32 2 4 5 6 87 87 
1 29 2 71 4 5 6 87 87 
1 29 2 71 4 5 6 87 87 
1 29 32 2 4 5 6 87 87 
1 29 32 2 4 5 6 87 87 
1 29 32 2 4 5 6 87 87 
1 2 4 5 6 87 87 
1 29 32 2 4 5 6 87 87 
1 29 2 34 4 5 6 87 87 
1 29 2 4 5 6 87 87 
1 2 4 5 6 87 87 
1 2 4 5 6 87 87 
1 2 4 5 6 87 87 
1 2 4 5 6 87 87 
1 2 4 5 6 87 87 
1 2 4 5 6 87 87 
1 2 4 5 6 87 87 
1 33 29 2 4 5 6 87 87 
1 2 4 5 6 87 87 
1 2 4 5 6 87 87 
1 29 2 30 4 5 6 87 87 
1 2 4 5 6 87 87 
1 2 4 5 6 87 87 
1 2 4 5 6 87 87 
1 2 4 5 6 87 87 
1 2 4 5 6 87 87 
1 2 4 5 6 87 87 
1 2 4 5 6 87 87 
1 2 4 5 6 87 87 
1 33 29 2 4 5 6 87 87 
1 2 4 5 6 87 87 
1 2 4 5 6 87 87 
1 2 4 5 6 87 87 
1 2 4 5 6 87 87 
1 29 2 4 5 6 87 87 
1 2 4 5 6 87 87 
1 2 4 5 6 87 87 
1 2 4 5 6 87 87 
1 2 4 5 6 87 87 
1 2 4 5 6 87 87 
1 29 2 4 5 6 87 87 
1 29 2 4 5 6 87 87 
1 2 4 5 6 87 87 
1 29 2 34 4 5 6 87 87 
1 2 4 5 6 87 87 
1 2 4 5 6 87 87 
1 2 4 5 6 87 87 
1 2 4 5 6 87 87 
1 2 4 5 6 87 87 
1 2 4 5 6 87 87 
1 2 4 5 6 87 87 
1 2 4 5 6 87 87 
1 2 4 5 6 87 87 
1 2 4 5 6 473 11 10 87 87 
1 2 4 5 6 473 11 10 87 87 
1 2 4 5 6 87 87 
1 2 4 5 6 87 87 
1 2 4 5 6 87 87 
1 2 4 5 6 87 87 
1 2 4 5 6 87 87 
1 2 4 5 6 87 87 
1 2 4 5 6 87 87 
1 2 4 5 6 87 87 
1 2 4 5 6 87 87 
1 2 4 5 6 87 87 
1 2 4 5 6 87 87 
1 2 4 5 6 87 87 
1 2 4 5 6 87 87 
1 29 45 2 4 5 6 87 87 
1 2 4 5 6 87 87 
1 29 2 4 5 6 87 87 
1 2 4 5 6 87 87 
1 2 4 5 6 87 87 
1 2 4 5 6 87 87 
1 2 4 5 6 87 87 
1 2 4 5 6 87 87 
1 2 4 5 6 87 87 
1 29 2 30 4 5 6 87 87 
1 29 45 2 4 5 6 87 87 
1 2 4 5 6 87 87 
1 2 4 5 6 87 87 
1 29 45 2 4 5 6 87 87 
1 2 4 5 6 87 87 
1 2 4 5 6 87 87 
1 29 2 4 5 6 87 87 
1 66 29 2 4 5 6 87 87 
1 2 4 5 6 87 87 
1 29 2 4 5 6 87 87 
1 2 4 5 6 87 87 
1 29 2 30 4 5 6 87 87 
1 29 2 4 5 91 6 92 87 87 
1 2 4 5 91 6 92 87 87 
1 2 4 5 6 87 87 
1 2 42 4 5 6 87 87 
1 2 4 5 6 87 87 
1 2 4 5 6 87 87 
1 2 4 5 6 87 87 
1 29 2 34 4 5 6 8 87 87 
1 2 4 5 6 9 87 87 
1 2 4 5 6 8 87 87 
1 2 4 5 6 87 87 
1 2 4 5 6 87 87 
1 2 4 5 6 87 87 
1 2 4 5 6 87 87 
1 2 4 5 6 87 87 
1 2 4 5 6 87 87 
1 2 4 5 6 87 87 
1 2 4 5 6 87 87 
1 2 4 5 6 87 87 
1 29 2 4 5 6 87 87 
1 2 4 5 6 87 87 
1 2 4 5 6 87 87 
1 2 4 5 6 87 87 
1 2 4 5 6 87 87 
1 29 32 2 4 5 6 87 87 
1 2 4 5 6 87 87 
1 2 4 5 6 87 87 
1 29 2 4 5 6 87 87 
1 2 4 5 6 87 87 
1 2 4 5 6 87 87 
1 2 4 5 6 87 87 
1 2 4 5 6 23 87 139 87 
1 2 4 5 6 87 87 
1 29 2 30 4 5 6 87 87 
1 2 4 5 6 87 87 
1 2 4 5 6 87 87 
1 2 4 5 6 87 87 
1 29 32 2 4 5 6 87 87 
1 29 2 4 5 6 87 87 
1 29 2 34 4 5 6 8 87 87 
1 66 29 2 4 5 498 6 87 87 
1 2 4 5 498 6 87 87 
1 29 2 34 4 5 6 87 87 
1 29 2 34 4 5 6 87 87 
1 29 2 34 4 5 6 87 87 
1 2 4 5 6 87 87 
1 2 4 5 6 87 87 
1 2 4 5 6 87 87 
1 2 4 5 6 87 87 
1 2 4 5 6 87 87 
1 29 45 2 4 5 6 87 87 
1 2 4 5 6 87 87 
1 29 45 2 4 5 6 87 87 
1 29 2 4 5 6 87 87 
1 2 4 5 6 87 87 
1 29 2 4 5 6 87 87 
1 29 2 4 5 6 87 87 
1 29 2 4 5 6 87 87 
1 29 2 4 5 6 87 87 
1 29 2 4 5 6 87 87 
1 29 2 4 5 6 87 87 
1 29 2 4 5 6 87 87 
1 29 2 4 5 6 87 87 
1 29 2 4 5 6 87 87 
1 29 2 4 5 6 87 87 
1 29 2 4 5 6 87 87 
1 29 2 4 5 6 87 87 
1 29 2 4 5 6 87 87 
1 29 2 4 5 6 87 87 
1 29 2 4 5 6 87 87 
1 29 2 4 5 6 87 87 
1 29 2 4 5 6 87 87 
1 2 4 5 6 87 87 
1 2 4 5 6 87 87 
1 2 4 5 6 87 87 
1 29 2 4 5 6 87 87 
1 2 4 5 6 87 87 
1 29 2 4 5 6 87 87 
1 29 45 2 4 5 6 87 87 
1 2 4 5 6 87 87 
1 2 4 5 6 87 87 
1 2 4 5 6 87 87 
1 2 4 5 6 87 87 
1 2 4 5 6 87 87 
1 29 45 2 4 5 6 87 87 
1 2 4 5 6 87 87 
1 29 2 4 5 6 87 87 
1 2 4 5 6 87 87 
1 66 29 2 4 5 6 87 87 
1 2 4 5 6 87 87 
1 2 4 5 6 87 87 
1 2 4 5 6 87 87 
1 29 2 71 4 5 6 87 87 
1 93 2 94 4 5 6 87 87 
1 2 4 5 6 87 87 
1 2 4 5 6 87 87 
1 2 4 5 6 87 87 
1 2 4 5 6 87 87 
1 2 4 5 6 87 87 
1 2 4 5 6 87 87 
1 2 4 5 6 87 87 
1 29 2 34 4 5 6 87 87 
1 2 4 5 6 87 87 
1 2 4 5 6 87 87 
1 2 4 5 6 87 87 
1 29 45 2 4 5 6 87 87 
1 29 2 30 4 5 6 87 87 
1 2 4 5 6 87 87 
1 2 4 5 6 87 87 
1 29 45 2 4 5 6 87 87 
1 2 4 5 6 87 87 
1 2 4 5 6 87 87 
1 29 45 2 4 5 6 87 87 
1 29 45 2 4 5 6 87 87 
1 29 45 2 4 5 6 87 87 
1 2 4 5 6 87 87 
1 2 4 5 6 87 87 
1 2 4 5 6 87 87 
1 2 4 5 6 87 87 
1 2 4 5 6 87 87 
1 2 4 5 6 87 87 
1 2 4 5 6 87 87 
1 29 2 4 5 6 87 87 
1 2 4 5 6 87 87 
1 2 4 5 6 87 87 
1 29 2 34 4 5 6 87 87 
1 29 2 34 4 5 6 87 87 
1 29 2 34 4 5 6 87 87 
1 29 2 34 4 5 6 87 87 
1 29 2 34 4 5 6 87 87 
1 2 4 5 6 87 87 
1 29 2 30 4 5 6 87 87 
1 2 4 5 6 87 87 
1 29 2 4 5 6 87 87 
1 2 4 5 6 87 87 
1 29 2 34 4 5 6 87 87 
1 29 2 34 4 5 6 87 87 
1 29 2 34 4 5 6 87 87 
1 29 2 34 4 5 6 87 87 
1 29 2 34 4 5 6 87 87 
1 29 2 34 4 5 6 87 87 
1 29 2 34 4 5 6 87 87 
1 29 2 34 4 5 6 87 87 
1 29 2 34 4 5 6 87 87 
1 29 2 34 4 5 6 87 87 
1 29 2 34 4 5 6 87 87 
1 29 2 34 4 5 6 87 87 
1 2 4 5 6 87 87 
1 29 2 34 4 5 6 87 87 
1 29 2 34 4 5 6 87 87 
1 29 2 34 4 5 6 87 87 
1 29 2 34 4 5 6 87 87 
1 29 2 34 4 5 6 87 87 
1 29 2 34 4 5 6 87 87 
1 2 4 5 6 87 87 
1 29 2 34 4 5 6 87 87 
1 29 2 34 4 5 6 87 87 
1 29 2 34 4 5 6 87 87 
1 29 2 34 4 5 6 87 87 
1 29 2 34 4 5 6 87 87 
1 29 2 34 4 5 6 87 87 
1 29 2 34 4 5 6 87 87 
1 29 2 34 4 5 6 87 87 
1 2 4 5 6 87 87 
1 29 2 34 4 5 6 87 87 
1 29 2 34 4 5 6 87 87 
1 29 2 34 4 5 6 87 87 
1 29 2 34 4 5 6 87 87 
1 29 2 34 4 5 6 87 87 
1 29 2 34 4 5 6 87 87 
1 29 2 34 4 5 6 87 87 
1 29 2 34 4 5 6 87 87 
1 2 4 5 6 87 87 
1 29 2 34 4 5 6 87 87 
1 2 4 5 6 87 87 
1 2 4 5 6 87 87 
1 2 4 5 6 87 87 
1 2 4 5 6 87 87 
1 29 2 34 4 5 6 87 87 
1 29 2 34 4 5 6 87 87 
1 29 2 34 4 5 6 87 87 
1 29 2 34 4 5 6 87 87 
1 29 2 34 4 5 6 87 87 
1 29 2 34 4 5 6 87 87 
1 2 4 5 6 87 87 
1 29 2 34 4 5 6 87 87 
1 29 2 34 4 5 6 87 87 
1 29 2 34 4 5 6 87 87 
1 29 2 34 4 5 6 87 87 
1 29 2 34 4 5 6 87 87 
1 29 2 34 4 5 6 87 87 
1 29 2 34 4 5 6 87 87 
1 29 2 34 4 5 6 87 87 
1 29 2 34 4 5 6 87 87 
1 29 2 34 4 5 6 87 87 
1 29 2 34 4 5 6 87 87 
1 29 2 34 4 5 6 87 87 
1 29 2 34 4 5 6 87 87 
1 29 2 34 4 5 6 87 87 
1 29 2 34 4 5 6 87 87 
1 2 4 5 6 87 87 
1 29 2 34 4 5 6 87 87 
1 29 2 34 4 5 6 87 87 
1 29 2 34 4 5 6 87 87 
1 29 2 34 4 5 6 87 87 
1 29 2 34 4 5 6 87 87 
1 29 2 34 4 5 6 87 87 
1 29 2 34 4 5 6 87 87 
1 29 2 34 4 5 6 87 87 
1 29 2 34 4 5 6 87 87 
1 29 2 34 4 5 6 87 87 
1 29 2 34 4 5 6 87 87 
1 29 2 34 4 5 6 87 87 
1 29 2 34 4 5 6 87 87 
1 29 2 34 4 5 6 87 87 
1 29 2 34 4 5 6 87 87 
1 29 2 34 4 5 6 87 87 
1 29 2 34 4 5 6 87 87 
1 29 2 34 4 5 6 87 87 
1 29 2 34 4 5 6 87 87 
1 29 2 34 4 5 6 87 87 
1 29 2 34 4 5 6 87 87 
1 29 2 34 4 5 6 87 87 
1 29 2 34 4 5 6 87 87 
1 29 2 34 4 5 6 87 87 
1 29 2 34 4 5 6 87 87 
1 29 2 34 4 5 6 87 87 
1 29 2 34 4 5 6 87 87 
1 29 2 34 4 5 6 87 87 
1 2 4 5 6 87 87 
1 29 2 34 4 5 6 87 87 
1 29 2 34 4 5 6 87 87 
1 29 2 34 4 5 6 87 87 
1 29 2 34 4 5 6 87 87 
1 29 2 34 4 5 6 87 87 
1 29 2 34 4 5 6 87 87 
1 29 2 34 4 5 6 87 87 
1 29 2 34 4 5 6 87 87 
1 29 2 34 4 5 6 87 87 
1 29 2 34 4 5 6 87 87 
1 29 2 34 4 5 6 87 87 
1 29 2 34 4 5 6 87 87 
1 29 2 34 4 5 6 87 87 
1 29 2 34 4 5 6 87 87 
1 29 2 34 4 5 6 87 87 
1 29 2 34 4 5 6 87 87 
1 29 2 34 4 5 6 87 87 
1 29 2 34 4 5 6 87 87 
1 29 2 34 4 5 6 87 87 
1 29 2 34 4 5 6 87 87 
1 29 2 34 4 5 6 87 87 
1 29 2 34 4 5 6 87 87 
1 29 2 34 4 5 6 87 87 
1 29 2 34 4 5 6 87 87 
1 29 2 34 4 5 6 87 87 
1 29 2 34 4 5 6 87 87 
1 29 2 34 4 5 6 87 87 
1 29 2 34 4 5 6 87 87 
1 29 2 34 4 5 6 87 87 
1 29 2 34 4 5 6 87 87 
1 29 2 34 4 5 6 87 87 
1 29 2 34 4 5 6 87 87 
1 29 2 34 4 5 6 87 87 
1 29 2 34 4 5 6 87 87 
1 29 2 34 4 5 6 87 87 
1 29 2 34 4 5 6 87 87 
1 29 2 34 4 5 6 87 87 
1 29 2 34 4 5 6 87 87 
1 29 2 34 4 5 6 87 87 
1 29 2 34 4 5 6 87 87 
1 29 2 34 4 5 6 87 87 
1 29 2 34 4 5 6 87 87 
1 2 4 5 6 87 87 
1 29 2 34 4 5 6 87 87 
1 29 2 34 4 5 6 87 87 
1 29 2 34 4 5 6 87 87 
1 29 2 34 4 5 6 87 87 
1 29 2 34 4 5 6 87 87 
1 29 2 34 4 5 6 87 87 
1 29 2 34 4 5 6 87 87 
1 2 4 5 6 87 87 
1 29 2 34 4 5 6 87 87 
1 29 2 34 4 5 6 87 87 
1 29 2 34 4 5 6 87 87 
1 29 2 34 4 5 6 87 87 
1 29 2 34 4 5 6 87 87 
1 29 2 34 4 5 6 87 87 
1 29 2 34 4 5 6 87 87 
1 29 2 34 4 5 6 87 87 
1 29 2 34 4 5 6 87 87 
1 29 2 34 4 5 6 87 87 
1 29 2 34 4 5 6 87 87 
1 29 2 34 4 5 6 87 87 
1 29 2 34 4 5 6 87 87 
1 29 2 34 4 5 6 87 87 
1 29 2 34 4 5 6 87 87 
1 29 2 34 4 5 6 87 87 
1 29 2 34 4 5 6 87 87 
1 2 4 5 6 87 87 
1 29 2 34 4 5 6 87 87 
1 29 2 4 5 6 87 87 
1 2 4 5 6 87 87 
1 29 2 34 4 5 6 87 87 
1 29 2 34 4 5 6 87 87 
1 29 2 34 4 5 6 87 87 
1 29 2 34 4 5 6 87 87 
1 29 2 34 4 5 6 87 87 
1 29 2 34 4 5 6 87 87 
1 29 2 34 4 5 6 87 87 
1 29 2 34 4 5 6 87 87 
1 2 4 5 6 8 87 35 87 
1 2 4 5 6 8 87 35 87 
1 2 4 5 6 8 87 35 87 
1 29 2 34 4 5 91 6 92 87 87 
1 2 4 5 6 87 87 
1 2 4 5 6 87 87 
1 2 4 5 6 87 87 
1 2 4 5 6 8 87 35 87 
1 2 4 5 6 87 87 
1 2 4 5 6 210 61 87 87 
1 2 4 5 6 210 61 87 87 
1 2 4 5 6 87 87 
1 29 2 4 5 6 87 87 
1 2 4 5 6 87 87 
1 2 4 5 6 87 87 
1 29 2 4 5 6 87 87 
1 29 2 4 5 6 87 87 
1 29 2 4 5 6 87 87 
1 29 2 4 5 6 87 87 
1 29 2 4 5 6 87 87 
1 2 4 5 6 87 87 
1 29 2 30 4 5 6 87 87 
1 29 2 30 4 5 6 87 87 
1 29 2 71 4 5 6 87 87 
1 2 4 5 6 87 87 
1 2 4 5 6 87 87 
1 2 4 5 6 87 87 
1 2 4 5 6 87 87 
1 2 4 5 6 87 518 87 
1 29 2 4 5 6 87 87 
1 2 4 5 6 87 87 
1 29 2 34 4 5 6 87 87 
1 2 4 5 6 87 87 
1 2 4 5 6 87 87 
1 93 2 94 4 5 6 87 87 
1 29 2 34 4 5 6 87 87 
1 29 2 34 4 5 6 87 87 
1 29 2 34 4 5 6 87 87 
1 2 4 5 6 87 87 
1 2 4 5 6 87 87 
1 2 4 5 6 87 87 
1 2 4 5 6 87 87 
1 29 2 4 5 6 87 87 
1 2 4 5 6 87 87 
1 2 4 5 6 87 87 
1 2 4 5 6 87 87 
1 29 45 2 4 5 6 87 87 
1 2 4 5 6 87 87 
1 2 4 5 6 87 87 
1 2 4 5 6 87 87 
1 29 45 2 4 5 6 87 87 
1 2 4 5 6 87 87 
1 2 4 5 6 87 87 
1 2 4 5 6 87 87 
1 2 4 5 6 87 87 
1 29 45 2 4 5 6 87 87 
1 2 4 5 6 87 87 
1 2 4 5 6 87 87 
1 2 4 5 6 9 87 87 
1 2 4 5 6 87 87 
1 2 4 5 6 87 87 
1 2 4 5 6 87 87 
1 29 2 34 4 5 6 87 87 
1 29 2 34 4 5 6 87 87 
1 29 2 34 4 5 6 87 87 
1 29 2 34 4 5 6 87 87 
1 29 2 34 4 5 6 87 87 
1 2 4 5 6 87 87 
1 2 4 5 6 87 87 
1 2 4 5 6 87 87 
1 2 4 5 6 87 87 
1 2 4 5 6 87 87 
1 2 4 5 6 87 87 
1 29 2 4 5 6 87 87 
1 2 4 5 6 87 87 
1 2 4 5 91 6 92 87 87 
1 2 4 5 6 87 87 
1 2 4 5 6 87 87 
1 2 4 5 6 87 87 
1 2 4 5 6 87 87 
1 29 2 34 4 5 6 87 87 
1 2 4 5 6 87 87 
1 29 2 34 4 5 6 87 87 
1 2 4 5 6 87 87 
1 2 4 5 6 87 87 
1 2 4 5 6 87 87 
1 29 2 34 4 5 6 87 87 
1 2 4 5 6 87 87 
1 2 4 5 6 87 87 
1 2 4 5 6 87 87 
1 2 4 5 6 87 87 
1 2 4 5 6 87 87 
1 2 4 5 6 87 87 
1 2 4 5 6 87 87 
1 29 2 30 4 5 6 87 87 
1 2 4 5 6 87 87 
1 2 4 5 6 87 87 
1 2 4 5 6 87 87 
1 2 4 5 6 87 87 
1 2 4 5 6 87 87 
1 2 4 5 6 87 87 
1 2 4 5 6 87 87 
1 2 4 5 6 87 87 
1 2 4 5 6 87 87 
1 2 4 5 6 87 87 
1 2 4 5 6 87 87 
1 29 2 4 5 6 87 87 
1 2 4 5 6 87 87 
1 2 4 5 6 87 87 
1 2 4 5 6 87 87 
1 2 4 5 6 87 87 
1 2 4 5 6 87 87 
1 2 4 5 6 87 87 
1 2 4 5 6 87 87 
1 2 4 5 6 87 87 
1 2 4 5 6 87 87 
1 2 4 5 6 87 87 
1 2 4 5 6 87 87 
1 2 4 5 6 87 87 
1 2 4 5 6 87 87 
1 2 4 5 6 87 87 
1 2 4 5 6 87 87 
1 2 4 5 6 87 87 
1 29 2 4 5 6 87 87 
1 2 4 5 6 87 87 
1 2 4 5 6 87 87 
1 2 4 5 6 87 87 
1 2 4 5 6 87 87 
1 2 4 5 6 87 87 
1 2 4 5 6 87 87 
1 2 4 5 6 87 87 
1 2 4 5 6 87 87 
1 29 2 4 5 6 87 87 
1 2 4 5 6 87 87 
1 2 4 5 6 87 87 
1 2 4 5 6 8 87 87 
1 2 4 5 6 8 87 87 
1 29 45 2 4 5 6 87 87 
1 2 4 5 6 87 87 
1 2 4 5 6 87 87 
1 2 4 5 6 87 87 
1 2 4 5 6 87 87 
1 2 4 5 6 87 87 
1 2 4 5 6 87 87 
1 2 4 5 6 87 87 
1 2 4 5 6 87 87 
1 2 4 5 6 87 87 
1 2 4 5 6 87 87 
1 2 4 5 6 87 87 
1 2 4 5 6 87 87 
1 2 4 5 6 87 87 
1 2 4 5 6 87 87 
1 2 4 5 6 87 87 
1 2 4 5 6 87 87 
1 2 4 5 6 87 87 
1 2 4 5 6 10 87 87 
1 2 4 5 6 87 87 
1 2 4 5 6 87 87 
1 2 4 5 6 87 87 
1 17 2 4 5 6 87 87 
1 2 4 5 6 87 87 
1 2 4 5 6 87 87 
1 29 2 4 5 6 87 87 
1 2 4 5 6 87 87 
1 2 4 5 6 87 87 
1 2 4 5 6 87 87 
1 2 4 5 6 87 87 
1 2 4 5 6 87 87 
1 2 4 5 6 87 87 
1 29 2 34 4 5 91 6 92 87 87 
1 2 4 5 6 87 87 
1 2 4 5 6 87 87 
1 2 4 5 6 87 87 
1 29 45 2 4 5 6 87 87 
1 2 4 5 6 87 87 
1 29 2 30 4 5 6 87 87 
1 2 4 5 6 87 87 
1 2 4 5 6 87 87 
1 29 2 34 4 5 6 87 87 
1 2 4 5 6 87 87 
1 2 4 5 6 87 87 
1 2 4 5 6 87 87 
1 2 4 5 6 87 87 
1 2 4 5 6 87 87 
1 2 4 5 6 87 87 
1 2 4 5 6 87 87 
1 29 2 30 4 5 6 87 87 
1 2 4 5 6 87 87 
1 2 4 5 6 87 87 
1 2 4 5 6 87 87 
1 2 4 5 6 87 87 
1 2 4 5 6 87 87 
1 2 4 5 6 8 87 87 
1 2 4 5 6 87 87 
1 2 4 5 6 87 87 
1 2 4 5 6 87 87 
1 2 4 5 6 87 87 
1 2 4 5 6 87 87 
1 29 2 30 4 5 6 87 87 
1 2 4 5 6 87 87 
1 2 4 5 6 87 87 
1 2 4 5 6 87 87 
1 2 4 5 6 87 87 
1 2 4 5 6 87 87 
1 2 4 5 6 87 87 
1 29 2 34 4 5 6 87 87 
1 2 4 5 6 87 87 
1 29 2 4 5 6 87 87 
1 2 4 5 6 87 87 
1 29 2 4 5 6 87 87 
1 2 4 5 6 87 87 
1 29 2 4 5 6 87 87 
1 2 4 5 6 87 87 
1 2 4 5 6 87 87 
1 29 2 4 5 6 87 87 
1 2 4 5 6 87 87 
1 2 4 5 6 87 87 
1 29 45 2 4 5 6 87 87 
1 29 2 4 5 6 87 87 
1 29 2 4 5 6 87 87 
1 29 2 4 5 6 87 87 
1 29 2 30 4 5 6 87 87 
1 2 4 5 6 87 87 
1 29 45 2 4 5 6 87 87 
1 2 4 5 6 87 87 
1 2 4 5 6 87 87 
1 29 45 2 4 5 6 87 87 
1 2 4 5 6 87 87 
1 2 4 5 6 87 87 
1 2 4 5 6 87 87 
1 29 45 2 4 5 6 87 87 
1 2 4 5 6 87 87 
1 29 2 4 5 6 87 87 
1 29 2 4 5 6 87 87 
1 2 4 5 6 87 87 
1 2 4 5 6 87 87 
1 2 4 5 6 87 87 
1 29 45 2 4 5 6 61 87 87 
1 2 4 5 6 87 87 
1 29 45 2 4 5 6 87 87 
1 29 45 2 4 5 6 87 87 
1 29 2 4 5 6 87 87 
1 29 2 4 5 6 87 87 
1 29 2 4 5 6 87 87 
1 2 4 5 6 87 87 
1 2 4 5 6 23 87 87 
1 29 45 2 4 5 6 23 87 87 
1 29 45 2 4 5 6 87 87 
1 29 2 34 4 5 91 6 92 87 87 
1 2 4 5 6 87 87 
1 2 4 5 6 87 87 
1 2 4 5 6 87 87 
1 29 2 71 4 5 6 87 87 
1 29 2 71 4 5 6 87 87 
1 2 4 5 6 87 87 
1 29 2 34 4 5 6 87 87 
1 2 4 5 6 87 87 
1 2 4 5 6 87 87 
1 2 4 5 6 87 87 
1 2 4 5 6 87 87 
1 2 4 5 6 87 87 
1 2 4 5 6 87 87 
1 29 2 30 4 5 6 87 87 
1 2 4 5 6 87 87 
1 2 4 5 6 87 87 
1 66 29 2 4 5 6 87 87 
1 2 4 5 6 87 87 
1 29 45 2 4 5 6 87 87 
1 51 2 78 4 5 6 87 87 
1 2 4 5 6 87 87 
1 2 4 5 6 87 87 
1 29 2 4 5 6 87 87 
1 2 4 5 6 87 87 
1 2 4 5 6 87 87 
1 2 4 5 6 8 87 87 
1 2 4 5 6 87 87 
1 2 4 5 6 87 87 
1 29 45 2 4 5 6 87 87 
1 29 2 34 4 5 6 87 87 
1 29 2 34 4 5 6 87 87 
1 2 4 5 6 87 87 
1 2 4 5 6 87 87 
1 2 4 5 6 87 87 
1 29 2 34 4 5 6 87 87 
1 2 4 5 6 87 87 
1 2 4 5 6 87 87 
1 2 4 5 6 87 87 
1 2 4 5 6 87 87 
1 2 4 5 6 87 87 
1 2 4 5 6 87 87 
1 29 2 4 5 6 87 87 
1 29 2 4 5 6 87 87 
1 2 4 5 6 87 87 
1 2 4 5 6 87 87 
1 2 4 5 6 87 87 
1 2 4 5 6 87 87 
1 29 2 30 4 5 6 87 87 
1 29 2 4 5 6 87 87 
1 29 2 4 5 6 87 87 
1 2 4 5 6 87 87 
1 29 2 30 4 5 6 87 87 
1 29 2 4 5 6 87 87 
1 29 2 4 5 6 87 87 
1 29 2 4 5 6 87 87 
1 29 2 4 5 6 87 87 
1 29 2 4 5 6 87 87 
1 2 4 5 6 87 87 
1 29 2 4 5 6 87 87 
1 29 2 4 5 6 87 87 
1 29 2 4 5 6 87 87 
1 29 2 4 5 6 87 87 
1 29 2 4 5 6 87 87 
1 2 4 5 6 87 87 
1 2 4 5 6 87 87 
1 2 4 5 6 87 87 
1 2 4 5 6 87 87 
1 2 4 5 6 87 87 
1 2 4 5 6 87 87 
1 2 4 5 6 87 87 
1 2 4 5 6 87 87 
1 2 4 5 6 87 87 
1 29 32 2 4 5 6 87 87 
1 2 4 5 6 87 87 
1 29 32 2 4 5 6 87 87 
1 2 4 5 6 87 87 
1 2 4 5 6 87 87 
1 2 4 5 6 8 12 87 87 
1 2 4 5 6 87 87 
1 2 4 5 6 87 87 
1 2 4 5 6 87 87 
1 29 2 4 5 6 87 87 
1 2 4 5 6 87 87 
1 2 4 5 91 6 92 87 87 
1 2 4 5 91 6 92 87 87 
1 2 4 5 91 6 92 87 87 
1 2 4 5 91 6 92 87 87 
1 2 4 5 91 6 92 87 87 
1 2 4 5 6 87 87 
1 29 2 34 4 5 6 87 87 
1 2 4 5 6 87 87 
1 2 4 5 6 87 87 
1 2 4 5 6 8 87 87 
1 2 4 5 6 8 87 87 
1 2 4 5 6 87 87 
1 2 4 5 6 87 87 
1 2 4 5 6 87 87 
1 29 2 4 5 6 87 87 
1 29 45 2 4 5 6 87 87 
1 2 4 5 6 87 87 
1 29 45 2 4 5 6 87 87 
1 29 45 2 4 5 6 87 87 
1 2 4 5 6 87 87 
1 29 45 2 4 5 6 87 87 
1 29 45 2 4 5 6 87 87 
1 29 45 2 4 5 6 87 87 
1 29 45 2 4 5 6 87 87 
1 19 2 4 5 6 87 87 
1 2 4 5 6 87 87 
1 2 4 5 6 87 87 
1 29 2 71 4 5 6 87 87 
1 29 2 30 4 5 6 87 87 
1 33 29 2 4 5 6 87 87 
1 2 4 5 6 87 87 
1 2 4 5 6 87 87 
1 2 4 5 6 87 87 
1 29 2 30 4 5 6 87 87 
1 29 2 30 4 5 6 87 87 
1 2 4 5 6 87 87 
1 2 4 5 6 87 87 
1 2 4 5 6 87 87 
1 2 4 5 6 87 87 
1 66 29 2 4 5 6 87 87 
1 2 4 5 6 87 87 
1 2 4 5 6 87 87 
1 2 4 5 6 87 87 
1 2 4 5 6 87 87 
1 2 4 5 6 87 87 
1 29 2 4 5 6 87 87 
1 29 2 65 4 5 6 87 87 
1 2 4 5 6 87 87 
1 29 2 34 4 5 6 87 87 
1 2 4 5 6 87 87 
1 2 4 5 6 87 87 
1 29 2 4 5 6 87 87 
1 29 2 4 5 6 87 87 
1 2 4 5 6 87 87 
1 29 2 4 5 6 87 87 
1 29 2 4 5 6 87 87 
1 2 4 5 6 87 87 
1 2 4 5 6 87 87 
1 2 4 5 6 87 87 
1 2 4 5 6 87 87 
1 2 4 5 6 87 87 
1 2 4 5 91 6 92 87 87 
1 2 4 5 91 6 92 87 87 
1 2 4 5 6 87 87 
1 2 4 5 6 87 87 
1 2 4 5 6 87 87 
1 2 4 5 91 6 92 87 87 
1 2 4 5 6 87 87 
1 2 4 5 6 87 87 
1 2 4 5 6 87 87 
1 2 4 5 6 87 87 
1 2 4 5 6 87 87 
1 29 2 71 4 5 6 87 87 
1 93 2 94 4 5 6 87 87 
1 29 2 30 4 5 6 87 87 
1 2 4 5 6 87 87 
1 2 4 5 6 87 87 
1 2 4 5 6 87 87 
1 2 4 5 6 87 87 
1 2 4 5 6 87 87 
1 29 2 4 5 91 6 92 87 87 
1 2 4 5 6 87 87 
1 2 4 5 6 87 87 
1 2 4 5 6 87 87 
1 2 4 5 6 87 87 
1 2 4 5 6 87 87 
1 2 4 5 6 87 87 
1 29 2 34 4 5 6 87 87 
1 29 2 4 5 6 87 87 
1 29 2 4 5 6 87 87 
1 29 2 4 5 6 87 87 
1 2 4 5 6 87 87 
1 2 4 5 6 87 87 
1 2 4 5 6 87 87 
1 2 4 5 6 87 87 
1 2 4 5 6 87 87 
1 29 2 4 5 6 87 87 
1 2 4 5 6 87 87 
1 2 4 5 6 87 87 
1 2 4 5 6 87 87 
1 2 4 5 6 87 87 
1 2 4 5 6 87 87 
1 2 4 5 6 87 87 
1 2 4 5 6 87 87 
1 29 2 30 4 5 6 87 87 
1 29 2 30 4 5 6 87 87 
1 29 2 30 4 5 6 87 87 
1 2 4 5 6 87 87 
1 29 2 4 5 6 87 87 
1 2 4 5 6 87 87 
1 2 4 5 6 87 87 
1 2 4 5 6 87 87 
1 2 4 5 6 87 87 
1 2 4 5 6 87 87 
1 2 4 5 6 87 87 
1 2 4 5 6 87 87 
1 2 4 5 6 87 87 
1 29 2 71 4 5 6 87 87 
1 89 2 4 5 6 87 87 
1 2 4 5 6 87 87 
1 2 4 5 6 87 87 
1 2 4 5 6 87 87 
1 2 4 5 6 87 87 
1 2 4 5 6 87 87 
1 29 2 34 4 5 6 8 87 87 
1 2 4 5 6 8 87 87 
1 29 2 34 4 5 6 87 87 
1 29 2 34 4 5 6 87 87 
1 2 4 5 6 87 87 
1 2 4 5 6 87 87 
1 29 2 34 4 5 6 87 87 
1 2 4 5 6 87 87 
1 2 4 5 6 87 87 
1 2 4 5 6 87 87 
1 2 4 5 6 87 87 
1 2 4 5 6 87 87 
1 2 4 5 6 87 87 
1 2 4 5 6 87 87 
1 2 4 5 6 87 87 
1 2 4 5 6 87 87 
1 2 4 5 6 87 87 
1 2 4 5 6 87 87 
1 2 4 5 6 87 87 
1 2 4 5 372 6 8 87 87 
1 2 4 5 6 87 87 
1 2 4 5 6 87 87 
1 2 4 5 6 87 87 
1 2 4 5 6 87 87 
1 2 4 5 6 87 87 
1 2 4 5 6 87 87 
1 29 2 34 4 5 6 87 87 
1 29 2 34 4 5 6 87 87 
1 2 4 5 6 87 87 
1 29 2 4 5 6 87 87 
1 29 2 4 5 6 87 87 
1 29 2 4 5 6 87 87 
1 2 4 5 6 87 87 
1 2 4 5 6 87 87 
1 29 32 2 4 5 6 87 87 
1 29 32 2 4 5 6 87 87 
1 2 4 5 6 87 87 
1 29 32 2 4 5 6 87 87 
1 29 2 71 4 5 6 87 87 
1 2 4 5 6 87 87 
1 29 2 71 4 5 6 87 87 
1 29 2 30 4 5 6 87 87 
1 17 2 4 5 6 87 87 
1 2 4 5 6 87 87 
1 2 4 5 6 87 87 
1 2 4 5 6 87 87 
1 2 4 5 6 87 87 
1 2 4 5 6 87 87 
1 2 4 5 6 87 87 
1 2 4 5 6 87 87 
1 2 4 5 6 87 87 
1 2 4 5 6 87 87 
1 2 4 5 6 87 87 
1 2 4 5 6 87 87 
1 2 4 5 6 87 87 
1 2 4 5 28 6 21 106 87 508 87 
1 2 4 5 6 87 87 
1 2 4 5 6 87 87 
1 2 4 5 6 87 87 
1 2 4 5 6 87 87 
1 2 4 5 6 87 87 
1 29 2 30 4 5 6 87 87 
1 2 4 5 6 87 87 
1 2 4 5 6 87 87 
1 2 4 5 6 87 87 
1 2 4 5 6 87 87 
1 29 2 71 4 5 6 87 87 
1 2 4 5 6 87 87 
1 29 2 30 4 5 6 87 87 
1 2 4 5 6 87 87 
1 2 4 5 6 87 87 
1 2 4 5 6 87 87 
1 2 4 5 6 87 87 
1 2 4 5 6 87 87 
1 2 4 5 6 87 87 
1 2 4 5 6 87 87 
1 2 4 5 6 87 87 
1 2 4 5 6 87 87 
1 2 4 5 6 87 87 
1 2 4 5 6 87 87 
1 29 32 2 4 5 6 87 87 
1 29 2 71 4 5 6 87 87 
1 29 32 2 4 5 6 87 87 
1 2 4 5 6 87 87 
1 2 4 5 6 87 87 
1 2 4 5 6 87 87 
1 66 29 2 4 5 6 87 87 
1 29 2 4 5 6 87 87 
1 2 4 5 6 87 87 
1 2 4 5 6 87 87 
1 29 2 4 5 6 87 87 
1 33 29 2 4 5 6 87 87 
1 2 4 5 6 87 87 
1 29 32 2 4 5 6 87 87 
1 2 4 5 6 87 87 
1 2 4 5 6 87 87 
1 2 4 5 6 87 87 
1 33 29 2 4 5 6 87 87 
1 29 32 2 4 5 6 87 87 
1 2 4 5 6 87 87 
1 29 32 2 4 5 6 87 87 
1 29 32 2 4 5 6 87 87 
1 2 4 5 6 87 87 
1 2 4 5 6 87 87 
1 29 32 2 4 5 6 87 87 
1 2 4 5 6 87 87 
1 29 2 4 5 6 87 87 
1 2 4 5 6 87 87 
1 33 29 2 4 5 6 87 87 
1 2 4 5 6 87 87 
1 2 4 5 6 87 87 
1 2 4 5 6 87 87 
1 2 4 5 6 87 87 
1 2 4 5 6 87 87 
1 2 4 5 6 87 87 
1 29 32 2 4 5 6 87 87 
1 2 4 5 6 87 87 
1 2 4 5 6 87 87 
1 33 29 2 4 5 6 87 87 
1 29 32 2 4 5 6 87 87 
1 29 32 2 4 5 6 87 87 
1 29 2 4 5 6 87 87 
1 2 4 5 6 87 87 
1 2 4 5 6 87 87 
1 2 4 5 6 87 87 
1 2 4 5 6 87 87 
1 2 4 5 6 87 87 
1 2 4 5 6 87 87 
1 2 4 5 6 87 87 
1 29 2 71 4 5 6 87 87 
1 2 4 5 6 87 87 
1 29 32 2 4 5 6 87 87 
1 29 32 2 4 5 6 87 87 
1 2 4 5 6 87 87 
1 2 4 5 6 87 87 
1 2 4 5 6 87 87 
1 29 2 4 5 6 87 87 
1 2 4 5 6 87 87 
1 29 32 2 4 5 6 210 87 61 87 
1 2 4 5 6 87 87 
1 29 2 30 4 5 6 87 87 
1 2 4 5 6 87 87 
1 2 4 5 6 87 87 
1 2 4 5 6 87 87 
1 2 4 5 6 87 87 
1 2 4 5 6 87 87 
1 2 4 5 6 87 87 
1 2 4 5 6 87 87 
1 2 4 5 6 87 87 
1 29 32 2 4 5 6 87 87 
1 2 4 5 91 6 92 87 87 
1 2 4 5 6 87 87 
1 29 45 2 4 5 6 87 87 
1 2 4 5 6 87 87 
1 29 45 2 4 5 6 87 87 
1 46 47 29 45 2 4 5 6 87 87 
1 29 45 2 4 5 6 87 87 
1 29 2 4 5 6 87 87 
1 2 4 5 6 87 87 
1 2 4 5 6 87 87 
1 29 45 2 4 5 6 87 87 
1 2 4 5 6 87 87 
1 2 4 5 6 87 87 
1 2 4 5 6 87 87 
1 2 4 5 6 87 87 
1 29 45 2 4 5 6 87 87 
1 29 2 4 5 6 87 87 
1 2 4 5 6 87 87 
1 29 45 2 4 5 6 87 87 
1 2 4 5 6 87 87 
1 2 4 5 6 87 87 
1 2 4 5 6 87 87 
1 2 4 5 6 87 87 
1 2 4 5 6 87 87 
1 2 4 5 6 87 87 
1 2 4 5 6 87 87 
1 2 4 5 6 87 87 
1 2 4 5 6 87 87 
1 2 4 5 6 87 87 
1 2 4 5 6 87 87 
1 2 4 5 6 87 87 
1 29 2 4 5 6 87 87 
1 2 4 5 6 87 87 
1 2 4 5 6 87 87 
1 2 4 5 6 87 87 
1 29 2 34 4 5 6 8 87 87 
1 2 4 5 6 87 87 
1 29 2 4 5 6 87 87 
1 2 4 5 6 87 87 
1 2 4 5 6 87 87 
1 2 4 5 6 87 87 
1 2 4 5 6 87 87 
1 2 4 5 6 87 87 
1 2 4 5 6 87 87 
1 29 2 4 5 6 87 87 
1 2 4 5 6 87 87 
1 29 2 4 5 6 87 87 
1 29 2 4 5 6 87 87 
1 29 2 34 4 5 6 87 87 
1 29 2 4 5 91 6 92 87 87 
1 29 2 4 5 91 6 92 87 87 
1 2 4 5 6 87 87 
1 2 4 5 6 87 87 
1 2 4 5 6 87 87 
1 2 4 5 6 87 87 
1 2 4 5 6 87 87 
1 2 4 5 6 87 87 
1 2 4 5 6 9 87 87 
1 2 4 5 6 87 87 
1 2 4 5 6 87 87 
1 29 2 4 5 6 87 87 
1 2 4 5 6 87 87 
1 2 4 5 6 87 87 
1 2 4 5 6 87 87 
1 2 4 5 6 87 87 
1 29 45 2 4 5 6 87 87 
1 2 4 5 6 8 87 87 
1 29 2 4 5 6 87 87 
1 29 2 4 5 6 87 87 
1 2 4 5 6 87 87 
1 2 4 5 6 87 87 
1 2 4 5 6 21 87 87 
1 2 4 5 6 87 87 
1 2 4 5 6 87 87 
1 2 4 5 6 87 87 
1 2 4 5 6 87 87 
1 2 4 5 6 87 87 
1 29 2 4 5 6 87 87 
1 2 4 5 6 87 87 
1 2 4 5 6 87 87 
1 2 4 5 6 87 87 
1 29 2 4 5 6 87 87 
1 29 2 4 5 6 87 87 
1 29 2 4 5 6 87 87 
1 2 4 5 6 87 87 
1 2 4 5 6 87 87 
1 2 4 5 6 87 87 
1 29 2 30 4 5 6 87 87 
1 2 4 5 6 87 87 
1 2 4 5 6 87 87 
1 2 4 5 6 87 87 
1 2 4 5 6 87 87 
1 2 4 5 6 87 87 
1 2 4 5 6 87 87 
1 29 45 2 4 5 6 87 87 
1 29 45 2 4 5 6 87 87 
1 2 4 5 6 87 87 
1 2 4 5 91 6 92 87 87 
1 2 4 5 6 87 87 
1 2 4 5 6 87 87 
1 2 4 5 6 87 87 
1 29 2 34 4 5 6 87 87 
1 29 2 4 5 6 87 87 
1 29 2 4 5 6 87 87 
1 2 4 5 6 87 87 
1 2 4 5 6 87 87 
1 2 4 5 6 87 87 
1 29 2 34 4 5 6 87 87 
1 2 4 5 6 87 87 
1 2 4 5 6 87 87 
1 29 2 4 5 6 87 87 
1 2 4 5 6 87 87 
1 29 2 4 5 6 87 87 
1 29 2 4 5 6 87 87 
1 2 4 5 6 87 87 
1 2 4 5 6 87 87 
1 2 4 5 6 87 87 
1 2 4 5 6 87 87 
1 2 4 5 6 87 87 
1 29 2 4 5 6 87 87 
1 29 2 4 5 6 87 87 
1 2 4 5 6 87 87 
1 2 4 5 6 87 87 
1 2 4 5 6 87 87 
1 29 2 4 5 6 87 87 
1 2 4 5 6 87 87 
1 2 4 5 6 87 87 
1 2 4 5 6 87 87 
1 2 4 5 6 87 87 
1 29 2 71 4 5 6 87 87 
1 2 4 5 6 87 87 
1 2 4 5 6 87 87 
1 2 4 5 6 87 87 
1 29 2 4 5 91 6 92 87 87 
1 2 4 5 6 87 87 
1 2 4 5 6 87 87 
1 2 4 5 6 87 87 
1 2 4 5 6 87 87 
1 2 4 5 6 87 87 
1 2 4 5 6 87 87 
1 29 2 4 5 6 87 87 
1 2 4 5 6 87 87 
1 2 4 5 6 87 87 
1 2 4 5 6 87 87 
1 2 4 5 6 87 87 
1 29 45 2 4 5 6 87 87 
1 2 4 5 6 87 87 
1 29 2 4 5 6 87 87 
1 2 4 5 6 87 87 
1 2 4 5 6 87 87 
1 2 4 5 6 87 87 
1 2 4 5 6 87 87 
1 29 45 2 4 5 6 87 87 
1 2 4 5 6 87 87 
1 2 4 5 6 87 87 
1 2 4 5 6 87 87 
1 29 2 30 4 5 6 87 87 
1 2 4 5 6 87 87 
1 2 4 5 6 87 87 
1 29 45 2 4 5 6 87 87 
1 29 45 2 4 5 6 87 87 
1 2 4 5 6 87 87 
1 2 4 5 6 87 87 
1 29 45 2 4 5 6 87 87 
1 29 45 2 4 5 6 87 87 
1 2 4 5 6 87 87 
1 29 45 2 4 5 6 87 87 