1 15 5 6 6 
1 54 15 51 222 192 5 6 61 6 
1 15 5 6 6 
1 15 5 6 9 6 
1 15 5 6 61 6 
1 15 451 51 313 78 5 358 6 61 6 
1 15 51 313 78 5 6 87 6 
1 53 54 15 51 5 62 6 63 6 
1 15 602 5 62 6 31 63 6 
1 15 602 5 62 6 31 63 6 
1 15 5 6 23 8 139 6 
1 53 54 15 51 5 6 61 6 
1 15 5 62 6 63 6 
1 442 15 401 5 6 6 
1 15 641 5 6 6 
1 15 602 5 6 503 11 10 6 
1 15 602 5 27 28 6 21 6 
1 15 602 5 358 6 61 6 
1 15 5 6 87 6 
1 184 15 185 5 6 518 6 
1 15 5 6 6 
1 15 602 5 6 6 
1 15 5 6 6 
1 184 15 185 5 6 6 
1 15 5 6 6 
1 15 5 6 6 
1 15 5 6 6 
1 15 602 5 6 31 6 
1 15 602 5 6 6 
1 15 602 5 6 6 
1 15 602 5 6 6 
1 15 602 5 6 6 
1 15 602 5 6 6 
1 15 5 6 6 
1 15 42 5 6 6 
1 15 202 5 6 6 
1 15 602 5 6 31 6 
1 15 602 5 6 9 6 
1 15 202 2 592 5 6 61 6 
1 53 54 15 51 5 6 61 6 
1 54 15 51 5 6 61 6 
1 15 2 5 6 61 6 
1 15 5 62 6 63 6 
1 15 5 6 6 
1 15 202 234 5 91 6 92 61 6 
1 15 202 42 592 108 5 91 6 92 61 6 
1 15 5 6 6 
1 15 5 6 6 
1 15 5 6 6 
1 15 5 6 6 
1 15 5 6 6 
1 15 5 6 6 
1 15 5 6 6 
1 184 15 185 5 6 6 
1 15 5 6 6 
1 15 5 6 6 
1 15 2 5 6 6 
1 15 5 6 6 
1 15 5 6 6 
1 15 5 6 6 
1 15 5 6 6 
1 15 5 6 6 
1 15 145 42 5 6 6 
1 15 5 6 6 
1 15 5 6 6 
1 15 5 6 6 
1 15 645 5 6 6 
1 15 43 5 6 6 
1 15 645 5 6 6 
1 15 2 5 6 6 
1 15 5 6 6 
1 15 5 6 6 
1 15 5 6 6 
1 15 5 6 6 
1 15 5 6 6 
1 15 5 6 6 
1 15 5 6 6 
1 299 59 15 128 60 5 6 6 
1 15 5 6 6 
1 15 451 51 313 78 5 6 6 
1 15 501 502 42 5 6 6 
1 15 451 51 313 78 5 6 6 
1 15 451 51 313 78 5 6 6 
1 15 5 6 6 
1 15 451 51 313 78 5 6 6 
1 15 42 5 6 31 6 
1 15 602 5 6 31 6 
1 15 5 6 6 
1 15 5 6 6 
1 15 42 108 5 6 61 6 
1 15 5 6 61 6 
1 15 5 6 87 6 
1 15 5 6 87 6 
1 15 602 5 6 87 6 
1 184 15 185 5 6 31 6 
1 15 602 5 6 87 6 
1 15 602 5 6 87 6 
1 15 602 5 6 87 6 
1 15 602 5 6 87 6 
1 15 5 6 87 6 
1 15 400 401 5 6 87 6 
1 15 5 6 87 6 
1 15 5 6 6 
1 15 334 5 6 6 
1 15 5 6 6 
1 15 602 5 6 9 6 
1 15 2 5 6 87 6 
1 15 51 602 313 78 5 6 6 
1 15 5 6 21 22 8 24 6 
1 15 202 2 234 5 6 6 
1 15 5 6 6 
1 15 602 5 6 8 6 
1 15 602 5 6 8 6 
1 15 5 62 6 63 6 
1 15 42 5 62 6 63 6 
1 15 602 5 6 21 9 37 24 6 
1 15 602 5 6 31 6 
1 15 602 5 6 31 6 
1 15 51 602 5 6 31 6 
1 15 602 16 5 6 31 6 
1 53 54 15 51 602 5 6 31 6 
1 15 602 5 6 31 6 
1 53 54 15 51 602 5 6 31 6 
1 15 5 27 28 6 21 6 
1 97 15 19 2 98 5 27 28 6 21 6 
1 15 202 592 5 6 61 6 
1 15 43 5 62 6 63 6 
1 15 42 5 62 6 63 6 
1 15 602 5 6 9 6 
1 15 5 27 28 6 21 6 
1 15 5 27 28 6 21 6 
1 15 5 27 28 6 21 6 
1 15 5 27 28 6 21 6 
1 15 5 27 28 6 21 6 
1 15 602 5 6 21 22 68 24 6 
1 15 602 5 6 31 6 
1 15 602 5 6 31 6 
1 15 602 5 6 31 6 
1 15 602 43 5 6 31 6 
1 15 602 5 6 31 6 
1 15 5 6 69 70 6 
1 15 602 5 6 6 
1 15 602 5 6 31 6 
1 15 602 5 27 28 6 21 31 6 
1 15 5 27 28 6 21 31 6 
1 15 51 602 313 78 5 6 31 6 
1 15 51 602 313 78 5 6 31 6 
1 15 602 5 6 6 
1 15 602 5 6 31 6 
1 15 602 5 6 31 6 
1 15 602 5 6 31 6 
1 15 602 5 6 31 6 
1 15 602 5 6 31 6 
1 15 602 5 6 31 6 
1 15 602 5 6 31 6 
1 15 602 5 6 31 6 
1 15 602 2 5 6 31 6 
1 15 602 5 6 31 6 
1 15 602 5 6 31 6 
1 15 602 16 5 6 6 
1 15 602 334 5 62 6 31 63 6 
1 15 602 5 62 6 31 63 6 
1 15 602 5 6 31 6 
1 15 145 42 5 6 61 6 
1 15 602 5 6 21 68 24 6 
1 15 5 6 6 
1 15 602 43 5 6 31 61 6 
1 15 51 602 78 5 6 21 68 24 6 
1 15 5 6 6 
1 15 5 6 6 
1 15 5 6 6 
1 15 55 56 57 5 6 6 
1 15 602 5 6 31 6 
1 15 602 5 6 21 31 68 24 6 
1 15 51 602 313 78 5 6 6 
1 15 401 5 6 23 6 
1 15 401 5 6 23 6 
1 15 401 5 6 23 6 
1 15 401 5 6 23 6 
1 15 5 6 518 6 
1 15 51 602 313 78 5 6 31 6 
1 15 5 6 518 6 
1 15 5 6 518 6 
1 442 15 401 5 6 31 6 
1 15 602 5 6 31 6 
1 184 15 185 5 6 6 
1 15 5 6 6 
1 15 5 6 6 
1 15 602 5 6 21 68 24 6 
1 97 15 602 19 2 98 5 91 6 92 6 
1 15 602 5 6 6 
1 15 602 5 6 6 
1 442 15 602 401 5 6 6 
1 15 602 5 6 31 6 
1 15 602 5 6 31 6 
1 15 602 5 6 31 6 
1 15 602 5 6 31 6 
1 15 602 5 6 31 6 
1 15 602 5 6 31 6 
1 15 602 5 6 31 6 
1 15 5 6 31 6 
1 15 42 5 6 31 6 
1 15 602 5 6 31 6 
1 15 602 5 6 31 6 
1 15 5 6 6 
1 15 5 6 6 
1 15 5 6 6 
1 15 5 6 6 
1 15 5 6 6 
1 15 5 6 6 
1 15 5 6 6 
1 53 54 15 51 602 5 6 6 
1 15 5 6 61 6 
1 15 602 5 6 6 
1 15 602 5 6 6 
1 15 202 234 5 6 23 158 6 
1 15 602 5 6 8 6 
1 15 202 2 234 5 6 23 8 158 6 
1 15 2 5 6 8 6 
1 15 602 5 6 21 31 68 24 6 
1 53 54 15 51 602 5 6 31 6 
1 15 602 5 6 31 6 
1 15 602 5 6 31 6 
1 15 602 5 6 31 6 
1 15 602 5 6 31 6 
1 15 602 5 6 31 6 
1 15 602 5 6 31 6 
1 15 602 5 6 31 6 
1 15 602 5 6 31 6 
1 15 51 602 313 78 5 6 31 6 
1 15 602 5 6 31 6 
1 15 602 16 5 6 31 6 
1 15 602 5 6 31 6 
1 15 51 602 313 78 5 6 21 31 68 24 6 
1 15 5 6 23 6 
1 15 602 5 6 8 6 
1 15 602 5 6 518 6 
1 15 5 521 6 6 
1 15 5 62 6 63 6 
1 15 5 62 6 63 6 
1 15 42 5 6 578 243 6 
1 15 5 28 6 21 31 6 
1 442 15 602 401 5 28 6 21 31 6 
1 442 15 602 401 5 28 6 21 31 6 
1 15 5 28 6 21 31 6 
1 15 5 28 6 21 31 6 
1 15 602 5 28 6 21 31 6 
1 15 602 5 28 6 21 31 6 
1 15 602 5 28 6 21 31 6 
1 53 54 15 51 602 439 5 28 6 21 31 6 
1 15 602 5 28 6 21 31 6 
1 442 15 401 5 28 6 21 31 6 
1 15 5 28 6 21 31 6 
1 53 54 15 51 602 5 6 31 6 
1 15 602 5 6 31 6 
1 15 602 202 5 6 31 6 
1 15 602 5 6 31 6 
1 15 602 5 6 31 6 
1 15 602 5 6 31 6 
1 15 602 5 6 31 6 
1 15 602 5 358 6 61 6 
1 15 602 5 6 21 37 24 6 
1 15 602 5 6 8 6 
1 15 602 334 5 6 8 6 
1 15 5 6 70 69 6 
1 15 5 62 6 63 6 
1 15 43 5 6 87 6 
1 15 5 27 28 6 21 546 6 
1 15 5 62 6 63 8 6 
1 15 602 5 6 31 6 
1 15 5 6 31 6 
1 15 602 5 6 31 6 
1 15 602 5 6 31 6 
1 15 51 602 313 78 5 6 31 6 
1 15 51 602 313 78 5 6 31 6 
1 15 602 5 6 31 6 
1 15 51 602 313 78 5 6 31 6 
1 15 602 5 6 31 6 
1 15 602 5 6 31 6 
1 15 602 5 6 31 6 
1 15 602 5 6 31 6 
1 442 15 602 401 5 6 31 6 
1 15 602 5 6 31 6 
1 15 602 5 6 31 6 
1 442 15 602 401 5 6 31 6 
1 15 602 5 6 31 6 
1 15 602 5 6 31 6 
1 15 602 5 6 31 6 
1 15 602 5 6 31 6 
1 15 602 5 6 31 6 
1 15 602 5 6 31 6 
1 15 602 5 6 31 6 
1 15 602 5 6 31 6 
1 15 602 400 401 5 6 31 6 
1 15 602 5 6 31 6 
1 15 602 5 6 31 6 
1 15 602 5 6 31 6 
1 15 602 5 6 31 6 
1 15 602 5 6 31 6 
1 15 602 5 6 31 6 
1 15 602 5 6 31 6 
1 15 602 5 6 31 6 
1 15 5 6 31 6 
1 15 602 5 6 31 6 
1 15 602 5 6 31 6 
1 15 451 51 313 78 5 6 31 6 
1 15 602 5 6 31 6 
1 15 602 5 6 31 6 
1 15 602 5 6 31 6 
1 15 602 5 6 31 6 
1 53 54 15 51 602 5 6 31 6 
1 15 602 5 6 31 6 
1 15 602 5 6 31 6 
1 15 602 5 6 31 6 
1 15 602 5 6 31 6 
1 15 5 6 31 6 
1 15 202 592 5 6 61 6 
1 15 202 592 5 6 61 6 
1 15 202 42 592 108 5 6 61 6 
1 15 5 6 6 
1 15 42 5 6 436 6 
1 15 5 6 6 
1 15 5 6 6 
1 15 602 5 6 9 6 
1 15 602 5 6 9 6 
1 15 602 5 6 21 31 68 24 6 
1 15 602 5 6 21 31 68 24 6 
1 15 602 5 6 21 31 68 24 6 
1 15 602 5 6 21 31 68 24 6 
1 15 5 6 21 31 68 24 6 
1 442 15 602 401 5 6 21 31 68 24 6 
1 15 602 5 6 21 31 68 24 6 
1 54 15 51 602 5 6 21 31 68 24 6 
1 15 602 5 6 21 31 68 24 6 
1 15 602 5 6 21 31 68 24 6 
1 15 602 5 6 21 31 68 24 6 
1 15 602 5 6 21 31 68 24 6 
1 15 602 5 6 21 31 68 24 6 
1 15 602 5 6 21 31 68 24 6 
1 15 51 602 313 78 5 6 21 31 68 24 6 
1 15 602 42 5 6 21 31 68 24 6 
1 15 602 5 6 21 31 68 24 6 
1 15 602 5 6 21 31 68 24 6 
1 15 602 5 6 21 31 68 24 6 
1 15 602 5 6 21 31 68 24 6 
1 15 602 5 6 21 31 68 24 6 
1 15 602 5 6 21 31 68 24 6 
1 15 602 5 6 21 31 68 24 6 
1 53 54 15 51 602 439 5 6 21 31 68 24 6 
1 15 602 5 6 21 31 68 24 6 
1 15 602 42 5 6 21 31 68 24 6 
1 184 15 602 185 5 6 21 31 68 24 6 
1 15 602 5 6 21 31 68 24 6 
1 15 602 5 6 21 31 68 24 6 
1 15 602 16 5 6 21 31 68 24 6 
1 15 602 5 6 21 31 68 24 6 
1 15 602 5 6 21 31 68 24 6 
1 15 602 16 5 6 21 31 68 24 6 
1 15 602 16 5 6 21 31 68 24 6 
1 15 602 16 5 6 21 31 68 24 6 
1 15 602 2 5 6 21 31 68 24 6 
1 15 602 5 6 21 31 68 24 6 
1 40 15 41 42 5 6 21 31 68 24 6 
1 15 602 5 6 21 31 68 24 6 
1 15 602 16 5 6 21 31 68 24 6 
1 15 602 5 6 21 31 68 24 6 
1 15 602 5 6 21 31 68 24 6 
1 15 602 5 6 21 31 68 24 6 
1 53 54 15 51 602 5 6 21 31 68 24 6 
1 15 602 5 6 21 31 68 24 6 
1 15 602 5 6 21 31 68 24 6 
1 15 602 5 6 21 31 68 24 6 
1 15 602 42 5 6 21 31 68 24 6 
1 15 602 5 6 21 31 68 24 6 
1 15 602 5 6 31 6 
1 15 602 5 6 31 6 
1 15 602 5 6 31 6 
1 15 602 5 6 21 31 68 24 6 
1 15 602 5 6 21 31 68 24 6 
1 15 602 5 6 21 31 68 24 6 
1 15 602 5 6 21 31 68 24 6 
1 15 602 5 6 21 31 68 24 6 
1 15 602 5 6 21 31 68 24 6 
1 15 602 5 6 21 31 68 24 6 
1 15 602 5 6 21 31 68 24 6 
1 15 602 5 6 21 31 68 24 6 
1 15 602 5 6 21 31 68 24 6 
1 15 602 5 6 21 31 68 24 6 
1 15 602 5 6 21 31 68 24 6 
1 15 602 5 6 21 31 68 24 6 
1 15 602 5 6 21 31 68 24 6 
1 15 602 5 6 21 31 68 24 6 
1 15 602 5 6 21 31 68 24 6 
1 15 602 5 6 21 31 68 24 6 
1 15 602 5 6 21 31 68 24 6 
1 15 602 5 6 21 31 68 24 6 
1 15 602 5 6 21 31 68 24 6 
1 15 602 5 6 21 31 68 24 6 
1 15 602 5 6 21 31 68 24 6 
1 15 602 5 6 21 31 68 24 6 
1 15 602 5 6 21 31 68 24 6 
1 15 602 5 6 21 31 68 24 6 
1 15 602 5 6 21 31 68 24 6 
1 15 602 5 6 21 31 68 24 6 
1 15 5 6 31 6 
1 15 602 5 6 31 6 
1 15 43 5 62 6 63 6 
1 15 5 62 6 63 6 
1 15 5 62 6 63 6 
1 442 15 401 5 62 6 63 6 
1 15 5 62 6 63 6 
1 53 54 15 51 5 62 6 63 6 
1 40 15 41 42 5 62 6 63 6 
1 67 15 5 62 6 63 6 
1 54 15 51 222 192 5 62 6 63 6 
1 15 5 62 6 63 6 
1 15 5 62 6 63 6 
1 97 15 19 2 98 5 62 6 63 6 
1 184 15 185 5 62 6 63 6 
1 15 51 375 78 5 62 6 63 6 
1 184 15 185 5 62 6 63 6 
1 15 5 62 6 63 243 6 
1 15 42 5 62 6 63 243 6 
1 15 5 62 6 63 6 
1 15 5 6 61 6 
1 15 202 592 5 6 61 6 
1 442 15 401 5 6 6 
1 442 15 401 5 6 6 
1 442 15 401 5 6 6 
1 442 15 401 5 6 6 
1 442 15 401 5 6 6 
1 442 15 401 5 6 6 
1 15 5 6 6 
1 15 5 6 6 
1 15 5 6 6 
1 15 5 62 6 63 6 
1 15 42 5 62 6 63 6 
1 15 5 62 6 63 6 
1 15 602 5 6 31 6 
1 15 5 6 31 6 
1 15 42 5 6 10 11 819 6 
1 15 202 234 5 6 23 139 6 
1 15 5 6 6 
1 53 54 15 51 621 5 6 131 6 
1 53 54 15 51 5 62 6 63 6 
1 15 602 5 6 21 37 24 6 
1 15 602 5 6 21 37 24 6 
1 15 602 5 6 21 37 24 6 
1 15 602 5 6 21 37 24 6 
1 15 43 5 6 6 
1 15 602 43 5 6 6 
1 15 5 6 87 6 
1 15 5 521 6 6 
1 15 602 16 5 6 31 6 
1 15 602 5 6 6 
1 15 602 5 6 6 
1 15 602 5 6 6 
1 15 5 6 6 
1 15 602 42 5 6 9 6 
1 15 202 592 43 5 6 597 23 61 6 
1 15 202 592 43 5 6 597 23 61 6 
1 15 5 6 61 6 
1 15 5 6 61 6 
1 15 5 6 61 6 
1 15 5 62 6 63 6 
1 15 5 62 6 63 6 
1 15 5 62 6 63 6 
1 53 54 15 51 5 62 6 63 6 
1 15 145 42 5 6 6 
1 15 5 6 6 
1 15 602 145 42 5 6 6 
1 15 602 5 6 9 6 
1 15 602 5 6 31 6 
1 15 602 5 6 31 6 
1 15 602 42 5 6 31 6 
1 15 602 42 5 6 31 6 
1 15 602 5 6 31 6 
1 15 602 5 6 31 6 
1 15 602 5 6 31 6 
1 15 602 5 6 31 6 
1 15 202 5 6 31 6 
1 15 5 6 31 6 
1 15 602 5 6 31 6 
1 15 602 5 6 31 6 
1 15 602 5 6 31 6 
1 15 5 6 31 6 
1 15 602 5 6 31 6 
1 15 602 5 6 21 31 68 24 6 
1 15 602 5 6 21 31 68 24 6 
1 15 602 5 6 21 31 68 24 6 
1 15 602 5 6 21 31 68 24 6 
1 15 602 5 6 21 31 68 24 6 
1 15 602 5 6 21 31 68 24 6 
1 15 602 5 6 21 31 68 24 6 
1 15 602 5 6 21 31 68 24 6 
1 15 602 5 6 21 31 68 24 6 
1 15 602 38 39 5 6 21 31 68 24 6 
1 15 602 5 6 21 31 68 24 6 
1 15 602 5 6 21 31 68 24 6 
1 15 602 5 6 21 31 68 24 6 
1 15 602 5 6 21 31 68 24 6 
1 15 602 42 5 6 21 31 68 24 6 
1 15 602 5 6 21 31 68 24 6 
1 15 602 5 6 21 31 68 24 6 
1 15 602 16 5 6 31 6 
1 15 602 5 6 31 6 
1 15 602 5 6 31 6 
1 15 602 5 6 31 6 
1 15 602 5 6 31 6 
1 15 602 5 6 31 6 
1 15 602 42 5 6 31 6 
1 15 602 5 6 31 6 
1 15 602 5 6 31 6 
1 15 602 5 6 31 6 
1 15 602 5 6 31 6 
1 15 602 5 6 31 6 
1 15 602 5 6 31 6 
1 15 602 5 6 31 6 
1 15 51 602 313 78 5 6 31 6 
1 15 602 5 6 31 6 
1 15 602 5 6 31 6 
1 15 602 5 6 31 6 
1 15 602 5 6 31 6 
1 15 602 5 6 31 6 
1 15 602 5 6 31 6 
1 15 602 42 5 6 31 6 
1 15 602 5 6 31 6 
1 15 602 5 6 31 6 
1 15 602 5 6 31 6 
1 15 5 62 6 63 6 
1 15 56 57 181 5 62 6 63 6 
1 15 42 5 6 6 
1 15 5 6 6 
1 15 602 5 6 31 6 
1 15 5 6 31 6 
1 15 5 6 6 
1 15 5 6 6 
1 15 5 6 6 
1 15 602 5 6 6 
1 15 602 5 62 6 63 6 
1 15 602 5 499 6 36 130 6 
1 15 602 5 6 6 
1 15 5 6 6 
1 15 5 6 87 6 
1 15 5 6 87 6 
1 15 5 6 31 6 
1 15 42 5 6 31 6 
1 442 15 401 5 62 6 63 6 
1 15 5 6 518 6 
1 54 15 51 5 62 6 63 6 
1 15 5 62 6 63 6 
1 15 182 136 42 183 5 62 6 63 6 
1 15 202 234 5 6 61 6 
1 15 602 5 62 6 63 6 
1 15 5 6 87 6 
1 15 5 6 6 
1 15 202 234 5 6 23 6 
1 184 15 185 5 6 6 
1 15 602 5 6 31 6 
1 15 602 5 6 6 
1 15 5 6 6 
1 15 602 5 6 6 
1 15 51 313 78 5 6 6 
1 15 602 5 6 6 
1 15 5 6 6 
1 15 602 5 6 6 
1 15 5 6 6 
1 15 267 457 5 6 6 
1 15 267 457 5 6 6 
1 15 602 5 6 6 
1 184 15 185 5 6 6 
1 15 334 5 6 6 
1 15 5 6 6 
1 15 5 6 6 
1 184 15 185 5 6 6 
1 15 267 457 5 6 6 
1 184 15 185 5 6 63 64 6 
1 15 602 5 6 8 6 
1 15 5 6 8 6 
1 15 602 5 6 31 6 
1 15 602 16 5 6 31 6 
1 54 15 51 5 62 6 63 6 
1 15 202 2 592 5 6 61 6 
1 15 202 592 5 6 61 6 
1 15 202 592 234 5 6 61 6 
1 15 202 592 5 6 61 6 
1 15 2 5 6 6 
1 15 602 5 6 518 6 
1 15 5 6 23 6 
1 15 602 5 6 8 6 
1 15 602 5 6 8 6 
1 15 51 602 313 78 5 6 8 6 
1 15 5 6 6 
1 97 15 19 2 98 5 62 6 63 6 
1 15 5 62 6 63 6 
1 15 5 6 31 6 
1 15 202 592 234 5 6 61 6 
1 15 202 592 5 6 61 6 
1 15 5 6 61 6 
1 15 202 234 5 91 6 92 61 6 
1 67 15 5 6 8 6 
1 15 602 5 6 8 9 6 
1 15 5 6 21 31 68 24 6 
1 15 5 6 21 31 68 24 6 
1 15 602 5 6 21 31 68 24 6 
1 15 43 5 6 21 31 68 24 6 
1 15 602 5 6 21 31 68 24 6 
1 15 5 6 21 31 68 24 6 
1 15 5 48 6 6 
1 15 5 48 6 6 
1 15 51 78 5 48 6 6 
1 15 400 401 5 6 6 
1 15 5 6 6 
1 15 602 5 6 6 
1 15 602 5 6 6 
1 15 602 5 6 6 
1 40 15 42 5 521 6 6 
1 15 5 6 533 6 
1 15 202 234 5 6 61 6 
1 15 202 234 5 6 61 6 
1 15 202 234 5 6 61 6 
1 15 202 592 5 6 61 6 
1 15 202 234 5 6 61 6 
1 15 5 6 6 
1 15 602 5 6 31 6 
1 15 602 5 6 31 6 
1 15 602 5 6 31 6 
1 15 602 5 6 31 6 
1 15 5 62 6 63 6 
1 15 5 6 6 
1 15 602 5 6 6 
1 15 51 313 78 5 62 6 63 6 
1 442 15 401 5 62 6 63 6 
1 15 602 5 62 6 63 6 
1 15 2 5 6 6 
1 15 5 6 6 
1 15 5 6 61 6 
1 15 202 234 5 6 61 6 
1 15 202 234 5 6 61 6 
1 15 202 234 5 6 61 6 
1 15 202 234 5 6 61 6 
1 40 15 202 42 234 5 6 61 6 
1 15 202 234 5 6 61 6 
1 442 15 401 5 6 6 
1 15 602 5 6 31 6 
1 15 602 5 6 9 6 
1 15 5 62 6 63 6 
1 15 5 6 518 6 
1 15 602 5 6 6 
1 15 602 5 6 31 6 
1 15 5 6 6 
1 15 5 6 6 
1 15 5 6 6 
1 15 43 5 358 6 61 6 
1 15 602 5 6 21 31 68 24 6 
1 15 602 5 6 21 31 68 24 6 
1 15 602 5 6 21 31 68 24 6 
1 15 602 5 6 21 31 68 24 6 
1 184 15 185 5 6 6 
1 15 5 6 6 
1 15 236 202 234 5 6 6 
1 15 5 6 21 6 
1 15 602 5 6 8 6 
1 15 602 5 27 28 6 21 31 6 
1 15 602 5 27 28 6 21 31 6 
1 15 43 5 6 61 6 
1 15 602 5 6 31 6 
1 15 145 42 5 6 6 
1 15 42 5 6 6 
1 15 602 5 6 6 
1 15 602 5 6 6 
1 15 602 5 6 6 
1 15 602 5 6 31 6 
1 15 202 592 5 6 36 6 
1 15 5 62 6 63 6 
1 15 5 62 6 63 6 
1 15 5 62 6 63 6 
1 15 5 6 31 6 
1 53 54 15 51 5 6 31 6 
1 15 51 602 313 78 5 6 31 6 
1 15 51 602 313 78 5 6 31 6 
1 15 602 5 6 31 6 
1 15 602 5 6 31 6 
1 15 51 602 313 78 5 6 31 6 
1 15 51 602 313 78 5 6 31 6 
1 15 602 5 6 31 6 
1 15 51 313 78 5 6 23 6 
1 15 5 6 6 
1 15 602 5 6 6 
1 15 602 5 6 31 61 6 
1 15 602 5 6 31 61 6 
1 15 5 6 6 
1 15 602 5 6 31 6 
1 15 5 6 6 
1 15 602 5 6 31 6 
1 15 602 5 6 31 6 
1 15 202 592 5 6 599 36 6 
1 15 400 401 5 6 31 6 
1 15 5 6 31 6 
1 15 602 5 6 31 6 
1 15 602 5 6 31 6 
1 15 602 5 6 31 6 
1 15 5 6 31 6 
1 408 409 15 51 602 52 5 6 31 6 
1 15 602 5 6 31 6 
1 15 602 5 6 31 6 
1 40 15 41 42 5 6 6 
1 15 5 6 6 
1 184 15 185 5 6 6 
1 15 5 62 6 63 6 
1 15 602 5 6 31 9 6 
1 15 602 5 6 31 9 6 
1 15 602 5 6 31 9 6 
1 15 602 5 6 31 9 6 
1 15 602 5 6 31 9 6 
1 15 602 5 6 31 9 6 
1 15 602 5 27 28 6 21 31 6 
1 15 5 6 21 68 24 6 
1 15 602 5 6 21 31 68 24 6 
1 15 145 42 5 6 6 
1 15 602 5 6 21 31 24 6 
1 15 602 5 6 31 6 
1 15 602 5 6 31 6 
1 442 15 401 5 6 31 6 
1 15 602 5 6 9 6 
1 15 5 6 61 6 
1 15 5 6 6 
1 15 602 5 6 6 
1 15 602 5 6 6 
1 40 15 41 42 5 6 63 64 6 
1 15 5 6 6 
1 15 602 5 6 31 6 
1 15 202 592 234 5 6 23 158 6 
1 15 5 6 6 
1 15 5 6 6 
1 15 5 6 31 6 
1 15 602 5 6 21 31 68 24 6 
1 97 15 19 2 98 5 6 6 
1 15 602 5 6 21 68 24 6 
1 15 602 43 5 6 31 6 
1 15 602 5 6 31 6 
1 15 602 5 6 31 6 
1 15 602 5 6 31 6 
1 15 5 91 6 92 6 
1 15 43 5 6 61 6 
1 15 5 6 61 6 
1 15 5 6 6 
1 15 602 5 6 31 6 
1 15 602 5 6 31 6 
1 15 602 5 6 31 6 
1 15 602 5 6 31 6 
1 15 602 5 6 31 6 
1 15 602 5 6 31 6 
1 15 602 5 6 31 6 
1 15 5 6 104 21 68 24 6 
1 15 51 313 78 5 6 6 
1 15 602 5 6 21 31 68 24 6 
1 15 602 16 5 6 21 31 68 24 6 
1 15 602 5 6 31 6 
1 15 602 5 6 31 6 
1 15 602 5 6 31 6 
1 15 602 5 6 31 6 
1 15 602 5 6 31 6 
1 15 602 5 6 31 6 
1 15 602 5 6 31 6 
1 15 602 5 6 6 
1 15 602 5 6 6 
1 15 602 5 6 6 
1 15 5 6 6 
1 15 51 602 313 78 5 6 21 68 24 6 
1 15 5 6 21 31 68 24 6 
1 15 602 5 6 31 6 
1 15 5 27 28 6 21 518 6 
1 15 602 5 6 21 31 68 24 6 
1 442 15 602 401 5 6 31 6 
1 15 602 5 6 31 6 
1 15 602 5 6 31 6 
1 15 602 5 6 6 
1 15 602 5 6 31 6 
1 15 602 5 6 8 6 
1 15 602 5 6 8 6 
1 15 602 5 6 8 6 
1 15 602 5 6 8 6 
1 15 602 5 6 8 6 
1 15 602 2 5 6 61 6 
1 15 602 5 6 9 6 
1 15 202 592 5 115 116 6 21 23 117 139 6 
1 15 5 6 6 
1 15 602 5 6 31 6 
1 15 602 5 6 31 6 
1 15 602 5 6 31 436 6 
1 15 202 234 5 6 8 6 
1 15 602 5 62 6 63 6 
1 15 602 5 62 6 63 6 
1 15 602 5 62 6 63 6 
1 15 602 5 62 6 63 6 
1 15 5 6 21 68 24 6 
1 15 5 6 6 
1 15 602 5 6 21 31 68 24 6 
1 15 602 5 6 31 6 
1 15 602 5 6 31 6 
1 15 602 5 6 31 6 
1 15 602 5 6 31 6 
1 15 602 5 6 31 6 
1 15 602 5 6 31 6 
1 15 5 6 6 
1 15 202 234 5 6 23 158 6 
1 15 202 234 5 6 23 158 6 
1 15 5 6 6 
1 442 15 401 5 6 6 
1 15 602 5 6 6 
1 15 5 6 6 
1 15 5 6 6 
1 15 43 5 6 6 
1 15 643 56 57 5 6 533 6 
1 15 55 56 57 5 6 8 142 36 6 
1 15 602 5 6 6 
1 15 5 6 518 6 
1 15 5 6 518 6 
1 15 5 6 518 6 
1 15 5 62 6 63 6 
1 15 267 457 5 6 31 6 
1 15 5 6 31 6 
1 15 114 5 91 6 92 6 
1 15 602 5 6 21 31 68 24 6 
1 15 602 5 6 21 31 68 24 6 
1 15 602 5 6 21 31 68 24 6 
1 15 602 5 6 21 31 68 24 6 
1 15 5 6 61 6 
1 15 602 5 6 31 6 
1 15 602 5 6 31 6 
1 15 602 5 6 6 
1 15 602 5 6 6 
1 15 602 42 5 6 6 
1 15 5 6 21 31 68 24 6 
1 15 602 5 6 21 31 68 24 6 
1 15 602 5 6 6 
1 15 5 6 104 21 68 24 6 
1 15 5 6 6 
1 15 602 5 6 31 6 
1 15 5 6 61 6 
1 54 15 51 602 5 6 31 6 
1 15 43 5 6 21 31 68 24 6 
1 15 602 5 6 21 31 68 24 6 
1 15 602 5 6 21 31 68 24 6 
1 15 602 2 5 6 21 31 68 24 6 
1 15 602 5 6 21 31 68 24 6 
1 15 602 5 6 21 31 68 24 6 
1 15 451 51 602 313 78 5 6 21 31 68 24 6 
1 15 602 5 6 21 31 68 24 6 
1 15 602 2 5 6 21 31 68 24 6 
1 15 602 5 6 21 31 68 24 6 
1 15 602 5 6 21 31 68 24 6 
1 15 602 5 6 21 31 68 24 6 
1 15 602 43 5 6 21 31 68 24 6 
1 15 602 5 6 518 6 
1 15 5 6 6 
1 15 5 6 6 
1 15 5 62 6 63 6 
1 15 643 56 57 5 6 384 254 36 407 6 
1 15 5 6 6 
1 15 2 5 62 6 63 6 
1 15 202 234 5 6 61 6 
1 15 202 234 5 6 61 6 
1 15 202 234 5 6 61 6 
1 15 202 234 5 6 61 6 
1 15 202 234 5 6 61 6 
1 15 5 6 61 6 
1 15 42 5 6 6 
1 15 5 6 6 
1 15 42 5 6 6 
1 15 51 313 78 5 62 6 63 6 
1 15 602 5 6 21 31 68 24 6 
1 15 51 602 313 78 5 6 21 31 68 24 6 
1 15 51 602 313 78 5 6 21 31 68 24 6 
1 15 451 51 602 313 78 5 6 21 31 68 24 6 
1 15 5 6 21 31 68 24 6 
1 15 451 51 602 313 78 5 6 21 31 68 24 6 
1 15 51 602 313 78 5 6 21 31 68 24 6 
1 15 602 5 6 21 31 68 24 6 
1 15 5 6 61 6 
1 15 202 2 592 5 6 61 6 
1 15 202 234 5 6 61 6 
1 15 602 5 6 21 31 68 24 6 
1 15 51 602 313 78 5 6 21 31 68 24 6 
1 15 602 5 6 21 31 68 24 6 
1 15 43 5 6 21 31 68 24 6 
1 15 602 5 6 21 31 68 24 6 
1 15 602 5 6 21 31 68 24 6 
1 15 5 6 6 
1 15 5 6 87 6 
1 53 54 15 51 602 5 6 31 6 
1 53 54 15 51 602 5 6 31 6 
1 53 54 15 51 602 5 6 31 6 
1 53 54 15 51 602 5 6 31 6 
1 53 54 15 51 602 5 6 31 6 
1 53 54 15 51 602 5 6 31 6 
1 15 602 5 6 31 6 
1 53 54 15 51 602 5 6 31 6 
1 15 5 6 87 6 
1 15 602 5 48 6 6 
1 15 5 6 31 6 
1 15 5 6 31 6 
1 15 602 5 6 31 6 
1 15 602 5 6 31 6 
1 15 5 6 31 6 
1 15 5 6 31 6 
1 15 602 5 6 31 6 
1 15 5 6 6 
1 15 643 56 57 5 62 6 63 6 
1 15 602 641 5 6 21 68 24 6 
1 15 51 602 313 78 5 6 21 68 24 6 
1 15 202 234 5 6 61 6 
1 15 202 592 5 6 61 6 
1 15 602 5 6 31 6 
1 15 602 5 6 8 87 6 
1 15 5 6 87 6 
1 15 602 5 6 31 6 
1 15 602 5 6 31 6 
1 15 602 5 6 31 6 
1 15 602 5 6 31 6 
1 15 602 5 6 31 6 
1 15 602 5 6 31 6 
1 15 602 5 6 31 6 
1 15 5 6 31 6 
1 15 51 313 78 5 6 518 6 
1 15 5 6 6 
1 15 5 6 61 6 
1 15 42 5 6 6 
1 15 602 5 6 518 6 
1 15 51 313 78 5 27 28 6 21 518 6 
1 15 5 27 28 6 21 518 6 
1 15 5 27 28 6 21 518 6 
1 97 15 19 2 98 5 62 6 63 6 
1 15 202 5 6 87 6 
1 15 602 5 6 8 6 
1 15 5 6 518 6 
1 15 602 5 62 6 63 6 
1 15 602 5 62 6 63 6 
1 15 51 313 78 5 62 6 63 6 
1 15 5 91 6 92 87 6 
1 15 5 91 6 92 87 6 
1 15 5 6 6 
1 15 5 6 63 64 6 
1 15 202 234 5 6 61 6 
1 15 202 234 5 6 61 6 
1 15 2 5 6 87 6 
1 15 5 48 6 6 
1 15 5 48 6 6 
1 15 5 48 6 6 
1 15 5 48 6 6 
1 15 5 48 6 6 
1 15 5 48 6 6 
1 15 5 48 6 6 
1 15 5 48 6 6 
1 15 5 48 6 6 
1 15 5 48 6 6 
1 15 5 48 6 6 
1 15 5 48 6 6 
1 15 5 48 6 6 
1 15 5 48 6 6 
1 15 5 48 6 6 
1 15 5 48 6 6 
1 15 5 48 6 6 
1 15 5 48 6 6 
1 15 5 48 6 6 
1 15 5 48 6 6 
1 15 5 6 6 
1 54 15 51 602 5 6 61 6 
1 54 15 51 602 5 6 61 6 
1 15 602 5 6 9 6 
1 15 5 6 6 
1 15 5 6 6 
1 15 5 6 6 
1 15 602 5 62 6 63 6 
1 15 16 5 6 87 6 
1 442 15 401 5 6 21 68 24 6 
1 54 15 51 222 192 5 6 6 
1 15 5 6 6 
1 15 5 6 87 6 
1 15 602 5 6 31 6 
1 15 602 5 6 31 6 
1 15 602 5 6 31 6 
1 442 15 602 401 5 6 31 6 
1 15 5 6 31 6 
1 15 602 5 6 31 6 
1 15 602 5 6 31 6 
1 53 54 15 51 602 5 6 31 6 
1 53 54 15 51 602 5 6 31 6 
1 15 5 6 21 68 24 6 
1 54 15 51 5 6 21 68 24 6 
1 15 646 43 5 62 6 63 6 
1 15 5 6 61 6 
1 15 5 6 61 6 
1 15 5 6 61 6 
1 15 5 6 61 6 
1 15 602 5 6 6 
1 54 15 51 5 62 6 63 6 
1 15 602 5 6 31 9 6 
1 54 15 51 202 592 222 192 5 62 6 63 23 158 6 
1 15 451 51 602 313 78 5 6 21 31 68 24 6 
1 15 602 5 6 21 68 24 6 
1 15 5 6 61 6 
1 97 15 602 19 2 98 5 6 6 
1 15 602 5 6 6 
1 15 602 5 6 6 
1 54 15 51 602 5 6 6 
1 97 15 602 19 2 98 5 6 6 
1 53 54 15 51 602 5 6 6 
1 15 5 431 112 6 248 113 6 
1 15 5 431 112 6 248 113 6 
1 15 602 5 6 31 6 
1 15 602 5 6 31 6 
1 15 602 5 6 31 6 
1 15 602 5 6 31 6 
1 15 2 5 6 6 
1 15 602 5 62 6 31 63 6 
1 15 5 6 6 
1 15 5 6 6 
1 15 5 6 6 
1 15 5 6 6 
1 15 5 6 61 6 
1 15 202 592 5 6 23 61 6 
1 15 602 5 6 31 6 
1 40 15 41 42 5 6 6 
1 15 5 6 6 
1 15 602 5 6 31 6 
1 15 602 5 6 31 6 
1 15 602 5 6 31 6 
1 15 602 43 5 6 6 
1 15 602 5 6 6 
1 15 602 5 6 6 
1 58 59 15 602 60 5 358 6 61 6 
1 15 602 5 6 6 
1 15 560 42 5 6 63 64 6 
1 15 5 62 6 21 63 6 
1 15 5 6 36 122 6 
1 15 602 5 6 31 6 
1 15 5 62 6 63 6 
1 15 202 592 5 6 6 
1 442 15 602 401 5 6 31 6 
1 15 602 5 6 31 6 
1 15 602 5 6 31 6 
1 15 202 592 5 6 61 6 
1 15 602 5 6 6 
1 15 602 38 39 5 6 6 
1 15 602 5 6 6 
1 15 5 6 6 
1 15 5 6 6 
1 53 54 15 51 5 6 518 6 
1 15 5 6 69 70 6 
1 15 5 6 6 
1 442 15 602 401 5 6 6 
1 15 602 5 6 31 6 
1 15 602 5 6 21 31 68 24 6 
1 15 602 5 6 21 31 68 24 6 
1 15 602 5 6 21 31 68 24 6 
1 15 602 5 6 21 31 68 24 6 
1 15 602 5 6 21 31 68 24 6 
1 15 5 6 6 
1 15 643 56 57 5 6 6 
1 15 202 592 5 6 61 6 
1 184 15 185 5 62 6 63 64 6 
1 15 602 5 6 31 6 
1 15 602 5 6 31 6 
1 15 51 602 313 78 5 6 8 6 
1 15 51 602 313 78 5 6 8 6 
1 184 15 602 185 5 6 8 6 
1 15 602 5 6 21 31 68 24 6 
1 15 602 5 6 31 6 
1 15 602 5 6 31 6 
1 15 202 592 5 6 61 6 
1 15 5 6 6 
1 15 5 6 6 
1 15 5 6 6 
1 15 145 42 5 6 6 
1 15 5 6 6 
1 15 602 5 6 21 31 68 24 6 
1 15 602 5 6 21 31 68 24 6 
1 15 602 5 6 21 31 68 24 6 
1 15 602 5 6 21 31 68 24 6 
1 15 602 5 6 21 31 68 24 6 
1 15 602 5 6 21 31 68 24 6 
1 15 602 5 6 21 31 68 24 6 
1 15 5 6 6 
1 15 202 5 62 6 63 6 
1 53 54 15 51 602 5 6 31 6 
1 15 602 5 6 6 
1 442 15 401 5 62 6 63 6 
1 442 15 401 5 62 6 63 6 
1 15 202 592 5 6 61 6 
1 15 5 6 6 
1 15 602 5 6 21 31 68 24 6 
1 15 602 5 6 21 31 68 24 6 
1 15 602 5 6 21 31 68 24 6 
1 15 602 5 6 21 31 68 24 6 
1 15 602 5 6 21 31 68 24 6 
1 15 602 43 5 6 21 31 68 24 6 
1 15 602 5 6 21 31 68 24 6 
1 15 202 592 5 6 61 6 
1 15 202 234 5 6 61 6 
1 15 202 592 5 6 61 6 
1 15 5 6 6 
1 15 5 6 6 
1 15 5 6 6 
1 15 5 6 6 
1 15 602 5 6 31 6 
1 15 602 5 6 31 6 
1 15 5 6 518 6 
1 15 5 62 6 63 6 
1 15 5 6 21 31 68 24 6 
1 15 602 5 6 21 31 68 24 6 
1 15 51 313 78 5 6 21 31 68 24 6 
1 15 602 5 6 21 31 68 24 6 
1 54 15 51 202 592 222 192 5 6 374 61 6 
1 15 602 5 6 31 6 
1 15 602 16 5 6 31 6 
1 15 602 5 6 31 6 
1 15 602 5 6 31 6 
1 15 602 5 6 31 6 
1 15 602 5 6 31 6 
1 15 5 91 6 92 6 
1 15 212 56 57 213 181 5 6 6 
1 15 5 6 6 
1 15 5 6 6 
1 15 5 6 8 6 
1 184 15 185 5 28 27 6 21 63 22 618 6 
1 15 5 6 6 
1 15 5 6 36 6 
1 15 5 6 87 6 
1 15 602 5 6 6 
1 15 602 5 6 31 6 
1 15 602 5 6 31 6 
1 15 602 5 6 31 6 
1 15 2 5 62 6 63 6 
1 15 602 5 6 31 8 6 
1 15 5 62 6 63 6 
1 15 5 62 6 63 6 
1 15 51 313 78 5 6 6 
1 15 51 313 78 5 6 6 
1 15 51 313 78 5 6 6 
1 15 5 6 6 
1 15 51 313 78 5 6 6 
1 15 51 313 78 5 6 6 
1 15 5 6 6 
1 15 5 6 6 
1 15 5 62 6 63 6 
1 15 5 6 6 
1 15 5 6 6 
1 15 202 592 5 6 6 
1 15 602 2 5 6 21 31 68 24 6 
1 15 602 5 6 21 31 68 24 6 
1 15 602 5 6 31 6 
1 15 602 5 6 31 6 
1 15 602 5 6 31 6 
1 15 602 5 6 31 6 
1 15 602 5 6 31 6 
1 15 602 5 6 31 6 
1 15 602 5 6 31 6 
1 15 602 5 6 31 6 
1 15 602 5 6 31 6 
1 15 602 5 6 31 6 
1 15 602 5 6 31 6 
1 15 602 5 6 31 6 
1 15 602 5 6 31 6 
1 15 602 5 6 31 6 
1 15 602 5 6 31 6 
1 15 602 5 6 31 6 
1 15 602 5 6 31 6 
1 15 602 5 6 31 6 
1 15 602 5 6 31 6 
1 15 602 5 6 31 6 
1 15 602 5 6 31 6 
1 15 602 5 6 31 6 
1 15 602 5 6 31 6 
1 15 5 6 6 
1 15 5 6 63 64 6 
1 15 602 5 6 31 6 
1 15 602 43 5 6 31 6 
1 15 51 602 78 5 6 31 6 
1 15 602 5 6 31 6 
1 15 602 5 6 31 6 
1 15 602 5 6 31 6 
1 15 602 5 6 31 6 
1 15 602 5 6 31 6 
1 15 602 5 6 31 6 
1 15 602 5 6 31 6 
1 15 602 5 6 31 6 
1 15 602 5 6 31 6 
1 15 602 5 6 31 6 
1 15 602 5 6 518 6 
1 15 602 5 6 31 6 
1 15 602 5 6 31 6 
1 15 602 5 6 31 6 
1 15 602 5 6 31 6 
1 15 602 5 6 31 6 
1 15 602 5 6 31 6 
1 15 5 6 21 31 68 24 6 
1 15 602 5 6 31 6 
1 15 602 5 6 31 6 
1 15 51 602 313 78 5 6 31 6 
1 15 602 5 6 31 6 
1 15 602 5 6 31 6 
1 15 602 5 6 31 6 
1 15 602 5 6 31 6 
1 15 602 5 6 31 6 
1 15 602 5 6 31 6 
1 15 602 5 6 31 6 
1 15 51 602 313 78 5 6 31 6 
1 15 602 5 6 31 6 
1 15 602 5 6 31 6 
1 15 602 5 6 31 6 
1 53 54 15 51 5 6 31 6 
1 15 602 5 6 31 6 
1 442 15 401 5 6 31 6 
1 15 5 6 6 
1 15 602 5 6 6 
1 15 602 5 6 31 6 
1 15 602 5 6 31 6 
1 442 15 602 401 5 6 31 6 
1 442 15 602 401 5 6 31 6 
1 15 602 5 6 31 6 
1 15 202 234 5 6 61 6 
1 15 602 5 6 21 31 68 24 6 
1 15 602 5 6 21 31 68 24 6 
1 15 602 5 6 21 31 68 24 6 
1 15 602 5 6 21 31 68 24 6 
1 15 5 48 6 6 
1 15 602 5 6 21 31 68 24 6 
1 15 51 202 592 313 78 5 6 61 6 
1 15 202 42 592 108 5 6 61 6 
1 15 602 5 6 21 31 68 24 6 
1 15 602 5 6 21 31 68 24 6 
1 15 602 5 6 21 31 68 24 6 
1 15 602 5 6 31 6 
1 15 602 5 6 8 6 
1 15 602 5 6 21 68 24 6 
1 15 602 5 6 31 6 
1 15 202 234 5 6 61 6 
1 15 602 5 6 6 
1 15 602 5 6 31 6 
1 15 602 5 6 31 6 
1 15 602 2 5 6 31 6 
1 15 5 6 21 31 68 24 6 
1 15 5 6 21 31 68 24 6 
1 15 51 602 375 78 5 6 21 31 68 24 6 
1 15 5 6 21 31 68 24 6 
1 15 5 6 21 31 68 24 6 
1 15 602 5 6 21 31 68 24 6 
1 15 5 6 21 31 68 24 6 
1 15 51 313 78 5 6 21 31 68 24 6 
1 15 51 313 78 5 6 21 31 68 24 6 
1 15 51 313 78 5 6 21 31 68 24 6 
1 15 5 6 21 31 68 24 6 
1 15 5 6 21 31 68 24 6 
1 15 5 6 21 31 68 24 6 
1 15 51 602 313 78 5 6 21 31 68 24 6 
1 15 5 6 21 31 68 24 6 
1 15 51 313 78 5 6 21 31 68 24 6 
1 15 51 313 78 5 6 21 31 68 24 6 
1 15 602 5 6 21 31 68 24 6 
1 15 5 6 21 31 68 24 6 
1 15 602 5 6 21 31 68 24 6 
1 15 5 6 21 31 68 24 6 
1 15 5 6 21 31 68 24 6 
1 15 51 602 313 78 5 6 21 31 68 24 6 
1 15 202 592 5 6 61 6 
1 15 560 42 5 6 6 
1 15 602 5 6 31 6 
1 53 54 15 51 602 5 6 31 6 
1 15 602 5 6 31 6 
1 15 602 5 6 21 31 68 24 6 
1 15 5 6 6 
1 15 602 5 6 31 6 
1 15 602 5 6 31 6 
1 15 602 5 6 31 6 
1 15 602 5 6 31 6 
1 15 602 5 6 31 6 
1 15 602 5 6 31 6 
1 15 602 5 6 31 6 
1 15 602 5 6 31 6 
1 15 602 43 5 6 31 6 
1 15 602 5 6 31 6 
1 15 602 5 6 6 
1 15 602 5 6 31 6 
1 15 5 6 6 
1 15 5 6 6 
1 184 15 185 5 6 6 
1 15 51 313 78 5 6 6 
1 15 43 5 6 61 6 
1 184 15 185 5 6 63 64 6 
1 15 5 6 63 64 6 
1 15 602 145 42 5 6 31 6 
1 15 602 5 6 31 6 
1 15 602 5 6 21 31 68 24 6 
1 15 5 28 6 21 106 508 6 
1 15 51 602 313 78 5 6 6 
1 15 5 6 21 31 68 24 6 
1 15 43 5 6 21 31 68 24 6 
1 15 51 602 313 78 5 6 21 31 68 24 6 
1 15 602 5 6 21 31 68 24 6 
1 15 5 6 21 31 68 24 6 
1 15 602 5 6 21 31 68 24 6 
1 15 602 5 6 21 31 68 24 6 
1 15 5 6 9 6 
1 15 602 5 6 6 
1 15 5 6 87 6 
1 15 5 6 87 6 
1 15 114 5 6 87 6 
1 15 602 5 62 6 63 6 
1 15 56 57 181 5 62 6 63 6 
1 15 51 313 78 5 6 6 
1 15 5 6 6 
1 15 5 6 31 6 
1 15 43 5 6 31 6 
1 15 43 5 62 6 63 6 
1 15 5 6 518 6 
1 15 5 6 87 6 
1 15 334 5 6 6 
1 184 15 185 5 6 61 6 
1 15 5 6 6 
1 15 202 2 234 5 6 6 
1 15 5 6 6 
1 15 2 5 6 6 
1 15 202 592 5 28 6 21 23 139 79 80 6 
1 15 202 234 5 6 61 6 
1 15 5 6 61 6 
1 15 42 5 62 6 63 64 6 
1 15 202 592 5 6 23 6 
1 15 5 6 64 63 6 
1 15 5 6 6 
1 15 2 5 6 6 
1 15 5 6 6 
1 15 5 6 6 
1 15 5 6 6 
1 15 5 6 6 
1 15 5 6 6 
1 15 5 6 6 
1 15 5 6 6 
1 15 5 6 6 
1 15 5 6 6 
1 15 5 6 6 
1 15 5 6 6 
1 15 5 6 6 
1 15 5 6 6 
1 15 5 6 6 
1 15 5 6 6 
1 15 5 6 6 
1 15 5 6 6 
1 15 5 6 6 
1 15 5 91 6 92 6 
1 15 202 592 5 91 6 92 61 6 
1 15 202 592 43 5 91 6 92 61 6 
1 15 202 145 42 234 5 6 61 6 
1 15 5 62 6 63 6 
1 15 51 5 6 6 
1 442 15 602 401 5 6 6 
1 15 602 5 6 31 36 6 
1 15 602 5 6 6 
1 15 602 5 6 6 
1 15 51 602 313 78 5 6 6 
1 15 602 5 6 6 
1 15 602 5 6 6 
1 15 602 5 6 6 
1 15 602 5 6 6 
1 15 602 5 6 6 
1 15 602 5 6 6 
1 15 602 5 6 6 
1 15 602 5 6 6 
1 15 602 5 6 6 
1 15 602 5 6 6 
1 15 602 5 6 6 
1 15 602 5 6 6 
1 15 602 5 6 6 
1 15 602 5 6 6 
1 15 602 5 6 6 
1 164 15 5 62 6 63 6 
1 15 602 43 5 6 31 6 
1 15 602 5 6 31 6 
1 15 602 5 6 31 6 
1 15 602 5 6 9 6 
1 15 602 5 6 21 31 68 24 6 
1 15 602 5 6 21 31 68 24 6 
1 15 5 62 6 63 6 
1 15 602 5 6 518 6 
1 15 5 6 518 6 
1 15 5 6 518 6 
1 15 5 6 518 6 
1 15 5 6 518 6 
1 15 5 6 518 6 
1 15 5 6 518 6 
1 15 5 6 518 6 
1 15 5 6 518 6 
1 15 5 6 518 6 
1 15 5 6 518 6 
1 15 5 6 518 6 
1 15 5 6 518 6 
1 15 5 6 518 6 
1 15 5 6 518 6 
1 15 5 6 518 6 
1 15 5 6 518 6 
1 15 5 6 518 6 
1 15 5 6 518 6 
1 15 5 6 518 6 
1 15 5 6 518 6 
1 15 5 6 518 6 
1 15 5 6 518 6 
1 15 5 6 518 6 
1 15 5 6 518 6 
1 15 5 6 518 6 
1 15 5 6 518 6 
1 15 5 6 518 6 
1 15 5 6 518 6 
1 15 5 6 518 6 
1 15 5 6 518 6 
1 15 5 6 518 6 
1 15 5 6 518 6 
1 15 5 6 518 6 
1 15 5 6 518 6 
1 15 5 6 518 6 
1 164 15 330 5 6 6 
1 15 602 5 28 27 6 21 63 22 618 36 6 
1 15 602 5 6 31 6 
1 15 602 5 6 31 6 
1 15 602 5 6 31 6 
1 15 602 5 6 31 6 
1 15 602 5 6 31 6 
1 15 602 5 6 31 6 
1 15 5 521 6 6 
1 15 602 5 6 518 6 
1 15 602 5 6 518 6 
1 15 602 5 6 518 6 
1 442 15 401 5 6 31 6 
1 15 5 6 31 6 
1 442 15 401 5 6 31 6 
1 53 54 15 51 5 6 31 6 
1 53 54 15 51 5 6 31 6 
1 54 15 51 602 5 6 31 6 
1 15 602 5 6 31 6 
1 15 602 5 6 31 6 
1 15 602 43 5 6 31 6 
1 15 602 5 6 31 6 
1 15 602 5 6 31 6 
1 15 602 5 6 31 6 
1 15 602 5 6 31 6 
1 15 602 5 6 31 6 
1 15 602 5 6 31 6 
1 15 602 5 6 31 6 
1 15 602 5 6 31 6 
1 15 602 5 6 31 6 
1 15 602 5 6 6 
1 15 602 5 6 31 6 
1 15 602 5 6 31 6 
1 54 15 51 202 592 222 192 5 28 6 21 23 158 79 80 6 
1 15 5 521 6 6 
1 53 54 15 51 401 616 5 62 6 63 6 
1 15 5 6 6 
1 15 5 6 6 
1 15 602 5 6 31 6 
1 15 602 5 6 21 31 68 24 6 
1 15 602 5 6 21 31 68 24 6 
1 15 602 5 6 21 31 68 24 6 
1 15 602 5 6 21 31 68 24 6 
1 15 602 5 6 21 31 68 24 6 
1 15 602 5 6 21 31 68 24 6 
1 15 602 5 6 21 31 68 24 6 
1 15 602 5 6 21 31 68 24 6 
1 15 602 5 6 21 31 68 24 6 
1 15 602 5 6 21 31 68 24 6 
1 15 602 5 6 21 31 68 24 6 
1 15 602 5 6 21 31 68 24 6 
1 15 5 6 21 68 24 6 
1 15 5 6 21 68 24 6 
1 15 5 6 6 
1 53 54 15 51 602 5 6 6 
1 184 15 185 5 6 23 6 
1 184 15 185 5 6 23 6 
1 184 15 185 5 6 23 6 
1 184 15 185 5 6 23 6 
1 15 602 5 6 31 6 
1 15 602 5 6 31 6 
1 15 602 5 6 31 6 
1 15 602 5 6 31 6 
1 15 602 5 6 31 6 
1 15 602 5 6 31 6 
1 15 602 5 6 31 6 
1 15 602 5 6 31 6 
1 15 602 5 6 31 6 
1 15 602 5 27 28 6 21 31 6 
1 15 5 6 6 
1 264 15 602 38 5 6 8 6 
1 15 602 5 6 8 6 
1 15 602 5 6 8 6 
1 15 602 5 6 21 31 68 24 6 
1 15 602 5 6 21 31 68 24 6 
1 15 51 602 313 78 5 6 21 31 68 24 6 
1 15 602 5 6 21 31 68 24 6 
1 15 602 5 6 21 31 68 24 6 
1 15 602 5 6 21 31 68 24 6 
1 15 602 42 5 6 21 31 68 24 6 
1 15 602 5 6 21 31 68 24 6 
1 15 602 5 6 21 31 68 24 6 
1 15 602 5 6 21 31 68 24 6 
1 15 602 5 6 21 31 68 24 6 
1 15 51 602 313 78 5 6 21 31 68 24 6 
1 15 51 602 313 78 5 6 21 31 68 24 6 
1 15 51 602 313 78 5 6 21 31 68 24 6 
1 15 602 5 6 21 31 68 24 6 
1 15 602 5 6 21 31 68 24 6 
1 15 51 602 313 78 5 6 21 31 68 24 6 
1 15 602 43 5 6 6 
1 15 5 6 31 6 
1 15 602 5 6 31 6 
1 15 602 5 6 31 6 
1 15 602 5 6 31 6 
1 15 5 6 6 
1 58 59 15 602 60 5 6 31 6 
1 15 5 27 28 6 21 6 
1 15 51 602 313 78 5 6 31 6 
1 15 602 5 6 518 6 
1 15 5 6 6 
1 15 136 42 174 5 6 87 6 
1 15 202 592 5 6 23 158 61 6 
1 15 602 5 6 31 6 
1 53 54 15 51 5 6 6 
1 15 602 5 6 9 6 
1 15 602 5 6 21 31 68 24 6 
1 15 5 6 6 
1 15 602 5 6 31 6 
1 15 602 5 6 31 6 
1 15 602 5 6 31 6 
1 15 602 5 6 31 6 
1 15 602 5 6 31 6 
1 53 54 15 51 602 5 6 31 6 
1 15 5 6 31 6 
1 15 602 5 6 31 6 
1 15 602 5 6 31 6 
1 15 602 5 6 31 6 
1 15 602 5 6 31 6 
1 442 15 602 401 5 6 31 6 
1 15 602 5 6 31 6 
1 15 602 5 6 31 6 
1 15 602 5 6 31 6 
1 15 602 5 6 31 6 
1 15 602 5 6 9 6 
1 15 602 5 6 6 
1 15 202 5 6 518 6 
1 15 602 5 6 8 6 
1 15 602 2 5 6 31 6 
1 15 5 6 6 
1 15 5 6 6 
1 15 5 6 6 
1 15 202 234 5 6 8 61 6 
1 15 202 234 5 6 8 61 6 
1 15 5 6 8 61 6 
1 15 5 6 8 61 6 
1 15 202 234 5 6 8 61 6 
1 442 15 602 401 5 6 6 
1 15 602 5 6 31 6 
1 15 602 43 5 6 31 6 
1 15 42 108 5 6 31 6 
1 15 202 592 5 91 6 92 61 6 
1 15 5 6 87 6 
1 15 5 6 87 6 
1 15 602 5 6 31 6 
1 15 602 5 6 31 6 
1 15 602 5 6 31 6 
1 442 15 602 401 5 6 31 6 
1 15 602 5 6 31 6 
1 15 602 5 6 31 8 6 
1 15 5 6 31 6 
1 15 602 5 6 21 68 24 6 
1 15 602 5 6 21 68 24 6 
1 15 602 5 6 21 68 24 6 
1 15 5 6 6 
1 15 602 5 6 31 6 
1 15 51 602 313 78 5 6 31 6 
1 15 602 16 5 6 6 
1 15 602 43 5 6 31 6 
1 15 51 602 313 78 5 6 8 6 
1 15 602 5 6 31 6 
1 15 5 6 8 6 
1 15 5 6 518 6 
1 15 5 6 61 6 
1 15 602 5 6 31 6 
1 15 114 5 6 87 6 
1 15 5 6 23 6 
1 97 15 19 2 98 5 62 6 63 6 
1 15 5 6 87 6 
1 15 56 57 181 91 5 6 92 6 
1 15 5 62 6 63 6 
1 15 602 5 6 6 
1 53 54 15 51 602 5 6 31 64 63 6 
1 15 5 6 21 31 68 24 6 
1 15 5 6 21 31 68 24 6 
1 15 602 5 6 21 31 68 24 6 
1 15 2 5 6 21 31 68 24 6 
1 15 602 5 6 21 31 68 24 6 
1 15 602 5 6 21 31 68 24 6 
1 15 602 5 6 21 31 68 24 6 
1 15 602 5 6 21 31 68 24 6 
1 15 602 5 6 21 31 68 24 6 
1 15 602 5 6 21 31 68 24 6 
1 15 602 5 6 21 31 68 24 6 
1 15 602 5 6 21 31 68 24 6 
1 15 602 5 6 6 
1 15 602 5 6 31 6 
1 15 602 43 5 6 31 6 
1 15 602 5 6 31 6 
1 15 602 5 6 31 6 
1 15 602 5 6 31 6 
1 15 602 5 6 31 6 
1 15 602 5 6 31 6 
1 15 51 602 313 78 5 6 31 6 
1 15 602 5 6 31 6 
1 15 602 5 6 31 6 
1 15 602 5 6 31 6 
1 15 602 5 6 31 6 
1 15 602 5 6 31 6 
1 15 602 5 6 31 6 
1 15 602 5 6 31 6 
1 15 602 5 6 31 6 
1 15 602 5 6 31 6 
1 15 602 5 6 31 6 
1 15 602 5 6 31 6 
1 15 602 5 6 31 6 
1 15 602 5 6 31 6 
1 15 602 5 6 31 6 
1 15 602 5 6 31 6 
1 15 602 5 6 31 6 
1 15 602 5 6 31 6 
1 15 602 5 6 31 6 
1 15 602 5 6 31 6 
1 15 602 5 6 31 6 
1 15 602 5 6 31 6 
1 15 602 5 6 31 6 
1 15 602 5 6 6 
1 15 602 5 6 6 
1 15 602 643 56 57 5 6 6 
1 15 602 5 6 6 
1 15 602 5 6 6 
1 15 5 6 6 
1 15 51 313 78 5 6 6 
1 15 602 5 6 31 6 
1 15 5 358 6 61 6 
1 15 602 5 6 6 
1 15 5 6 87 6 
1 15 602 5 6 518 6 
1 15 602 5 6 518 6 
1 15 5 6 63 6 
1 15 5 6 63 6 
1 442 15 401 5 6 6 
1 15 5 6 63 6 
1 442 15 401 5 6 63 6 
1 15 202 234 5 6 61 6 
1 15 5 6 6 
1 15 5 62 6 63 6 
1 15 5 62 6 63 6 
1 15 55 56 57 5 6 9 6 
1 442 15 401 5 6 6 
1 15 5 6 6 
1 15 5 6 6 
1 53 54 15 51 440 5 6 6 
1 59 15 60 5 6 6 
1 15 5 6 6 
1 15 5 6 6 
1 15 602 5 6 31 6 
1 15 202 592 5 6 61 6 
1 15 602 5 6 21 31 68 24 6 
1 15 5 6 21 31 68 24 6 
1 15 602 43 5 6 21 31 68 24 6 
1 15 602 5 6 21 31 68 24 6 
1 15 5 6 6 
1 15 5 6 6 
1 15 5 27 28 6 21 6 
1 442 15 401 5 6 6 
1 15 5 6 6 
1 54 15 51 5 6 6 
1 15 5 6 6 
1 15 5 6 6 
1 15 5 6 6 
1 15 5 6 6 
1 53 54 15 51 5 6 6 
1 442 15 401 5 6 6 
1 442 15 401 5 6 6 
1 442 15 401 5 6 6 
1 15 5 6 6 
1 442 15 401 5 6 6 
1 15 5 6 6 
1 442 15 401 5 6 6 
1 15 5 6 6 
1 15 5 6 6 
1 442 15 401 5 6 6 
1 442 15 401 5 6 6 
1 442 15 401 5 6 6 
1 15 5 6 6 
1 15 5 6 6 
1 442 15 401 5 6 6 
1 442 15 401 5 6 6 
1 442 15 401 5 6 6 
1 442 15 401 5 6 6 
1 15 5 6 6 
1 442 15 401 5 6 6 
1 15 51 313 78 5 6 518 6 
1 15 51 313 78 5 6 518 6 
1 15 202 592 5 6 61 6 
1 15 602 5 6 9 6 
1 15 602 5 6 6 
1 15 202 2 234 5 6 61 6 
1 15 5 6 6 
1 15 5 6 61 6 
1 15 5 6 6 
1 15 5 6 6 
1 15 5 6 6 
1 442 15 401 5 6 6 
1 15 602 5 6 21 31 68 24 6 
1 15 602 5 6 31 6 
1 15 602 5 6 31 6 
1 15 602 5 6 31 6 
1 15 602 5 6 31 6 
1 15 602 5 6 31 6 
1 53 54 15 51 602 5 6 31 6 
1 15 602 5 6 31 6 
1 15 51 602 313 78 5 6 31 6 
1 15 602 5 6 31 6 
1 15 602 5 6 31 6 
1 15 5 62 6 63 6 
1 15 5 6 6 
1 15 5 6 6 
1 15 5 6 6 
1 15 5 6 6 
1 15 602 5 6 21 31 68 24 6 
1 15 602 5 6 21 31 68 24 6 
1 15 602 5 6 21 31 68 24 6 
1 15 602 5 6 21 31 68 24 6 
1 15 602 5 6 21 31 68 24 6 
1 15 602 5 6 21 31 68 24 6 
1 15 602 5 6 21 31 68 24 6 
1 15 602 5 6 21 31 68 24 6 
1 15 602 5 6 21 31 68 24 6 
1 15 202 592 5 6 61 6 
1 15 2 5 6 61 6 
1 15 5 6 61 6 
1 15 5 6 61 6 
1 15 43 5 6 61 6 
1 15 5 6 61 6 
1 15 602 5 6 21 31 68 24 6 
1 15 5 6 6 
1 15 602 42 5 6 6 
1 15 602 5 6 31 6 
1 15 602 5 6 31 6 
1 15 202 2 592 5 6 61 6 
1 408 409 15 51 202 52 592 5 6 61 6 
1 184 15 185 5 6 6 
1 15 5 6 6 
1 15 5 6 6 
1 15 602 5 6 6 
1 15 602 5 6 6 
1 15 602 5 6 6 
1 15 602 5 6 6 
1 15 602 5 6 6 
1 15 602 5 6 6 
1 15 602 5 6 6 
1 15 602 5 6 6 
1 15 602 5 6 6 
1 97 15 19 2 98 5 6 6 
1 15 602 5 6 6 
1 15 602 5 6 6 
1 15 602 5 6 31 6 
1 15 602 5 6 9 6 
1 15 5 6 6 
1 15 5 6 6 
1 15 5 6 6 
1 15 5 6 6 
1 15 602 5 6 518 6 
1 15 602 5 6 8 6 
1 15 602 5 6 8 6 
1 15 5 6 6 
1 15 5 6 61 6 
1 15 602 5 6 21 31 68 24 6 
1 15 602 5 6 21 31 68 24 6 
1 15 602 5 6 21 31 68 24 6 
1 15 602 643 56 57 5 6 21 31 68 24 6 
1 15 5 6 6 
1 184 15 185 5 6 85 87 86 6 
1 184 15 185 5 6 85 87 86 6 
1 15 5 6 21 68 24 6 
1 15 51 602 313 78 5 6 31 6 
1 15 602 5 6 31 6 
1 15 602 5 6 31 6 
1 15 602 5 6 31 6 
1 97 15 602 19 2 98 5 6 31 6 
1 15 602 5 62 6 63 6 
1 15 202 592 43 5 6 61 6 
1 15 51 602 313 78 5 6 21 31 68 24 6 
1 15 202 592 5 6 36 6 
1 15 602 5 6 21 31 68 24 6 
1 74 15 51 602 77 78 5 6 31 6 
1 54 15 51 202 592 222 192 5 28 6 21 23 158 79 80 6 
1 15 602 5 6 6 
1 15 602 5 6 31 6 
1 15 602 5 6 31 6 
1 15 602 5 6 31 6 
1 15 602 5 6 31 6 
1 15 602 5 6 31 6 
1 15 602 5 6 31 6 
1 15 602 5 6 31 6 
1 15 43 5 6 31 8 6 
1 442 15 602 401 5 6 31 8 6 
1 442 15 401 5 6 31 8 6 
1 15 5 6 21 31 68 24 6 
1 15 602 5 6 6 
1 15 5 6 87 6 
1 15 602 5 6 87 6 
1 15 5 6 6 
1 15 602 5 6 21 31 68 24 6 
1 15 5 6 6 
1 15 602 5 6 31 6 
1 15 5 6 6 
1 442 15 401 5 6 31 6 
1 15 602 5 6 31 6 
1 15 602 5 6 31 6 
1 15 602 5 6 31 6 
1 15 5 6 6 
1 15 5 62 6 63 6 
1 15 602 5 6 21 31 68 24 6 
1 15 602 5 62 6 31 63 6 
1 15 602 5 6 6 
1 15 5 62 6 63 6 
1 15 51 313 78 5 62 6 63 6 
1 15 602 5 6 31 6 
1 15 602 5 6 31 6 
1 15 42 5 6 31 6 
1 53 54 15 51 602 5 6 31 6 
1 15 602 5 6 31 6 
1 53 54 15 51 602 5 6 31 6 
1 15 602 5 6 31 6 
1 15 602 5 6 31 6 
1 442 15 401 5 6 31 6 
1 15 602 5 6 31 6 
1 54 15 51 602 5 6 31 6 
1 15 602 5 6 31 6 
1 15 602 5 6 31 6 
1 53 54 15 51 602 5 6 31 6 
1 15 602 5 6 31 6 
1 15 5 6 31 6 
1 15 602 5 6 31 6 
1 54 15 51 602 5 6 31 6 
1 15 602 5 6 31 6 
1 15 5 6 6 
1 15 5 6 104 21 68 24 6 
1 15 602 5 6 9 6 
1 15 602 5 6 31 6 
1 15 602 5 6 21 31 68 24 6 
1 15 51 313 78 5 6 87 6 
1 15 602 5 6 21 68 24 6 
1 15 602 5 6 31 6 
1 15 602 5 6 21 31 68 24 6 
1 15 51 313 78 5 62 6 63 6 
1 15 5 62 6 63 6 
1 15 602 43 5 6 21 31 68 24 6 
1 15 602 43 5 6 21 31 68 24 6 
1 15 602 43 5 6 21 31 68 24 6 
1 15 5 6 6 
1 15 602 5 6 21 68 24 6 
1 15 602 5 6 21 31 68 24 6 
1 15 602 5 6 21 31 68 24 6 
1 15 602 5 6 21 31 68 24 6 
1 15 602 5 6 21 31 68 24 6 
1 15 602 5 6 21 31 68 24 6 
1 15 602 43 5 6 31 6 
1 15 602 5 6 31 6 
1 184 15 185 5 62 6 63 6 
1 442 15 602 401 5 6 31 6 
1 15 43 5 6 6 
1 15 602 5 6 31 6 
1 15 602 5 6 31 6 
1 15 602 5 6 31 6 
1 15 602 5 6 31 6 
1 15 602 5 6 31 6 
1 15 602 2 5 6 21 68 24 6 
1 442 15 401 5 6 6 
1 15 602 5 6 31 6 
1 442 15 602 401 5 6 9 6 
1 15 602 5 6 31 6 
1 15 5 6 31 6 
1 15 5 6 21 22 24 6 
1 15 95 96 5 6 6 
1 15 5 6 8 35 6 
1 15 202 592 5 6 61 6 
1 15 602 5 6 31 6 
1 15 602 5 6 31 6 
1 15 602 5 6 31 6 
1 15 202 592 5 6 61 6 
1 15 202 592 5 6 61 6 
1 15 202 592 5 6 61 6 
1 15 43 5 6 6 
1 15 602 42 108 5 62 6 63 6 
1 15 5 62 6 63 6 
1 15 5 6 6 
1 15 51 602 78 5 6 31 6 
1 15 602 5 6 31 6 
1 15 602 5 6 31 6 
1 15 602 5 6 31 6 
1 15 602 5 6 31 6 
1 15 602 5 6 31 6 
1 184 15 185 5 6 6 
1 15 5 48 6 6 
1 15 2 5 161 6 6 
1 15 602 5 6 31 6 
1 15 5 6 6 
1 15 5 6 6 
1 15 5 6 6 
1 15 5 6 61 6 
1 15 602 5 6 31 6 
1 15 602 2 5 6 21 31 68 24 6 
1 15 51 602 313 78 5 6 21 31 68 24 6 
1 15 602 5 6 31 6 
1 15 5 62 6 63 6 
1 15 5 6 21 68 24 6 
1 15 5 6 21 68 24 6 
1 15 5 6 21 68 24 6 
1 97 15 19 2 98 5 6 6 
1 15 5 6 87 6 
1 15 5 6 87 6 
1 15 202 5 6 6 
1 97 15 19 2 98 5 62 6 63 6 
1 15 602 5 6 31 6 
1 15 5 6 61 6 
1 15 5 6 61 6 
1 15 114 5 6 61 6 
1 15 43 5 6 6 
1 184 15 185 5 6 23 139 6 
1 15 602 5 6 21 31 68 24 6 
1 54 15 51 602 222 192 5 6 31 61 6 
1 15 602 43 5 6 31 61 6 
1 15 5 6 6 
1 15 5 6 6 
1 15 5 6 6 
1 15 5 6 6 
1 53 54 15 51 5 6 6 
1 15 202 592 5 6 6 
1 15 202 234 5 6 61 6 
1 15 145 42 5 521 6 6 
1 15 602 5 6 6 
1 442 15 401 5 6 6 
1 15 602 5 6 6 
1 15 602 5 6 518 6 
1 15 202 592 5 6 61 6 
1 15 602 5 6 31 6 
1 15 602 5 6 31 6 
1 15 602 5 6 31 6 
1 15 602 5 6 6 
1 15 602 5 6 31 6 
1 15 602 5 6 31 6 
1 15 602 5 6 31 6 
1 15 602 5 6 31 6 
1 15 602 5 6 31 6 
1 15 5 6 6 
1 15 5 6 6 
1 15 5 6 6 
1 15 5 6 6 
1 15 5 6 6 
1 15 5 6 6 
1 15 5 6 6 
1 15 5 6 6 
1 15 5 6 6 
1 15 5 6 6 
1 15 5 6 6 
1 15 602 5 6 31 6 
1 15 16 5 6 104 21 68 24 6 
1 15 202 592 5 6 61 6 
1 15 202 592 5 6 61 6 
1 15 51 602 313 78 5 6 6 
1 15 51 602 313 78 5 6 6 
1 15 5 6 6 
1 15 602 5 6 31 6 
1 15 602 5 6 31 6 
1 15 5 6 6 
1 15 602 16 5 6 6 
1 15 602 5 6 6 
1 54 15 51 602 222 192 5 6 31 6 
1 15 602 43 5 6 31 6 
1 15 602 43 5 6 31 6 
1 15 5 62 6 63 61 6 
1 15 43 5 6 503 11 10 61 6 
1 15 51 602 313 78 5 6 6 
1 53 54 15 51 602 5 6 6 
1 15 602 5 6 6 
1 15 602 5 6 6 
1 15 602 5 6 6 
1 53 54 15 51 602 5 6 6 
1 15 602 5 6 6 
1 15 51 602 313 78 5 6 6 
1 15 602 5 6 6 
1 15 51 602 313 78 5 6 6 
1 15 51 602 313 78 5 6 6 
1 15 602 5 6 6 
1 15 602 5 6 6 
1 15 602 5 6 6 
1 15 602 5 6 6 
1 15 602 5 6 6 
1 53 54 15 51 602 5 6 6 
1 15 602 5 6 6 
1 15 602 5 6 6 
1 15 602 5 6 6 
1 15 602 5 6 6 
1 442 15 401 5 62 6 63 61 6 
1 15 602 5 6 104 21 68 24 6 
1 15 602 43 5 6 21 31 68 24 6 
1 53 54 15 51 602 5 6 6 
1 15 602 5 6 21 31 68 24 6 
1 15 602 5 6 31 6 
1 15 602 5 6 31 6 
1 15 602 5 6 31 6 
1 15 602 5 6 31 6 
1 15 602 5 6 31 6 
1 15 602 5 6 31 6 
1 15 602 5 6 31 6 
1 15 602 5 6 31 6 
1 15 602 5 6 31 6 
1 15 5 6 6 
1 15 5 6 6 
1 15 5 6 6 
1 15 5 6 6 
1 15 602 5 6 21 31 68 24 6 
1 15 602 5 6 21 31 68 24 6 
1 15 602 5 6 21 31 68 24 6 
1 15 602 5 6 21 31 68 24 6 
1 15 202 592 5 6 61 6 
1 15 602 5 6 61 6 
1 442 15 401 5 6 64 63 6 
1 15 5 6 6 
1 442 15 401 5 6 6 
1 442 15 401 5 6 63 8 6 
1 15 202 2 234 5 6 61 6 
1 15 5 6 61 6 
1 15 5 6 61 6 
1 15 602 5 6 31 6 
1 15 602 5 6 31 6 
1 15 16 5 6 6 
1 15 5 600 230 6 243 11 10 253 125 6 
1 15 5 600 230 6 243 11 10 253 125 6 
1 15 5 600 230 6 243 11 10 253 125 6 
1 15 602 5 6 21 31 68 24 6 
1 15 602 5 6 21 31 68 24 6 
1 442 15 602 401 5 6 21 31 68 24 6 
1 15 5 6 21 31 68 24 6 
1 15 51 602 313 78 5 6 21 31 68 24 6 
1 15 602 43 5 6 21 31 68 24 6 
1 15 602 5 6 21 31 68 24 6 
1 15 51 602 313 78 5 6 21 31 68 24 6 
1 15 5 6 6 
1 97 15 19 2 98 5 6 6 
1 15 202 234 5 6 36 61 122 6 
1 15 202 234 5 6 36 61 122 6 
1 15 202 234 5 6 36 61 122 6 
1 15 202 234 5 6 36 61 122 6 
1 15 5 6 6 
1 184 15 185 5 62 6 63 64 6 
1 15 5 62 6 63 64 6 
1 15 5 6 518 6 
1 15 5 6 61 6 
1 15 202 234 5 6 23 8 158 6 
1 15 202 234 5 6 23 8 158 6 
1 15 202 234 5 6 23 8 158 6 
1 15 602 5 6 21 68 24 6 
1 15 602 5 6 21 68 24 6 
1 15 51 602 313 78 5 6 21 68 24 6 
1 15 51 202 592 5 6 6 
1 15 202 592 5 6 6 
1 54 15 51 5 6 6 
1 15 602 5 6 21 31 68 24 6 
1 15 202 592 5 6 23 158 6 
1 15 5 6 6 
1 53 54 15 51 602 5 6 31 436 6 
1 15 5 6 6 
1 15 51 602 313 78 5 6 6 
1 15 51 602 313 78 5 6 6 
1 15 51 602 313 78 5 6 6 
1 15 51 602 313 78 5 6 6 
1 15 51 602 313 78 5 6 6 
1 15 51 602 313 78 5 6 6 
1 15 51 602 313 78 5 6 6 
1 15 51 602 313 78 5 6 6 
1 15 51 602 313 78 5 6 6 
1 15 51 602 313 78 5 6 6 
1 15 51 602 313 78 5 6 6 
1 15 51 602 313 78 5 6 6 
1 15 51 602 313 78 5 6 6 
1 15 51 602 313 78 5 6 6 
1 15 51 602 313 78 5 6 6 
1 15 51 602 313 78 5 6 6 
1 15 602 5 6 6 
1 15 602 5 6 6 
1 15 602 5 6 6 
1 15 602 5 6 31 6 
1 15 602 5 6 31 6 
1 15 602 5 6 31 6 
1 15 602 5 6 31 6 
1 15 602 5 6 31 6 
1 15 602 5 6 6 
1 15 602 5 6 6 
1 15 602 5 6 6 
1 15 5 6 21 68 24 6 
1 15 5 6 21 68 24 6 
1 442 15 401 5 6 21 68 24 6 
1 15 602 5 6 6 
1 15 602 5 6 6 
1 15 602 5 6 6 
1 442 15 401 5 6 6 
1 15 602 5 6 6 
1 53 54 15 51 602 5 6 31 6 
1 15 602 5 6 31 6 
1 15 602 43 5 6 21 31 68 24 6 
1 15 602 43 5 6 21 31 68 24 6 
1 15 602 43 5 6 21 31 68 24 6 
1 15 51 313 78 5 6 31 61 6 
1 15 602 5 6 6 
1 15 602 5 6 21 31 68 24 6 
1 53 54 15 51 602 5 6 31 6 
1 15 602 5 6 31 6 
1 15 602 5 6 31 6 
1 15 602 5 6 31 6 
1 15 602 5 6 31 6 
1 15 602 5 6 31 6 
1 15 602 5 6 31 6 
1 15 602 5 6 31 6 
1 15 602 5 6 31 6 
1 15 602 5 6 31 6 
1 15 602 5 6 31 6 
1 15 602 5 6 31 6 
1 15 602 5 6 31 6 
1 15 602 5 6 31 6 
1 15 602 5 6 31 6 
1 442 15 602 401 5 6 31 6 
1 15 602 5 6 31 6 
1 15 602 5 6 31 6 
1 15 602 5 6 31 6 
1 15 602 5 6 31 6 
1 15 51 602 313 78 5 6 31 6 
1 15 51 602 313 78 5 6 31 6 
1 15 51 602 313 78 5 6 31 6 
1 15 602 5 6 31 6 
1 15 602 5 6 31 6 
1 15 602 5 6 31 6 
1 53 54 15 51 602 5 6 21 31 68 24 6 
1 15 602 5 6 6 
1 15 5 6 31 6 
1 15 5 6 31 6 
1 15 5 6 31 6 
1 15 602 5 6 31 6 
1 15 602 5 6 31 6 
1 15 602 5 6 31 6 
1 15 602 5 6 31 6 
1 15 602 5 6 31 6 
1 15 602 5 6 31 6 
1 15 51 602 313 78 5 6 31 6 
1 15 51 602 313 78 5 6 31 6 
1 15 602 5 6 31 6 
1 15 602 5 6 31 6 
1 15 602 5 6 31 6 
1 15 602 5 6 31 6 
1 15 602 5 6 31 6 
1 15 602 5 6 31 6 
1 15 602 5 6 31 6 
1 15 602 5 6 31 6 
1 15 5 6 6 
1 15 5 6 6 
1 15 5 6 6 
1 15 5 6 31 6 
1 15 5 6 6 
1 15 5 6 61 6 
1 15 602 5 6 31 6 
1 15 202 234 5 6 61 6 
1 15 202 234 5 6 61 6 
1 15 602 5 6 6 
1 15 42 5 6 31 6 
1 15 602 5 62 6 31 63 6 
1 15 602 5 62 6 31 63 6 
1 15 2 5 6 6 
1 15 5 6 6 
1 15 2 5 6 6 
1 15 5 6 8 6 
1 15 602 5 6 31 6 
1 53 54 15 51 5 62 6 63 6 
1 15 202 592 5 6 23 61 6 
1 15 602 5 6 21 31 68 24 6 
1 15 602 5 6 6 
1 15 602 5 6 6 
1 15 5 6 6 
1 15 5 6 6 
1 15 5 6 6 
1 15 5 6 31 6 
1 53 54 15 51 5 62 6 63 6 
1 15 5 6 6 
1 54 15 51 202 234 222 192 5 6 61 6 
1 15 5 62 6 63 64 6 
1 15 5 62 6 63 64 6 
1 15 5 62 6 63 64 6 
1 15 95 96 5 62 6 63 64 6 
1 53 54 15 51 5 62 6 63 64 6 
1 15 602 5 6 31 6 
1 15 5 6 6 
1 15 602 5 6 31 6 
1 97 15 19 2 98 5 62 6 21 63 68 24 6 
1 15 202 592 5 6 61 6 
1 15 602 5 6 21 22 24 6 
1 15 5 6 6 
1 442 15 401 5 6 6 
1 442 15 602 401 5 6 518 6 
1 15 602 5 6 31 6 
1 15 602 5 6 31 6 
1 15 51 602 313 78 5 6 31 6 
1 15 202 592 5 6 23 158 139 6 
1 15 602 5 6 31 6 
1 15 602 5 6 31 6 
1 184 15 185 5 6 31 6 
1 442 15 602 401 5 6 31 6 
1 15 602 5 6 31 6 
1 15 602 5 6 31 131 6 
1 15 602 5 6 31 131 6 
1 54 15 51 202 234 222 192 5 6 21 61 68 24 6 
1 15 5 6 31 6 
1 15 602 5 6 31 6 
1 15 602 5 6 6 
1 15 602 5 6 6 
1 15 602 5 6 21 31 68 24 6 
1 15 602 560 42 5 6 21 31 68 24 6 
1 15 602 5 6 21 31 68 24 6 
1 15 5 6 6 
1 15 602 5 6 31 6 
1 15 5 6 6 
1 15 5 6 6 
1 15 643 56 57 5 6 6 
1 15 56 57 5 6 6 
1 15 5 6 6 
1 184 15 185 5 6 6 
1 184 15 185 5 6 6 
1 184 15 185 5 6 6 
1 15 602 5 6 6 
1 15 602 5 6 6 
1 15 602 5 6 6 
1 15 602 5 6 31 6 
1 442 15 602 401 5 6 31 6 
1 15 51 602 313 78 5 6 31 6 
1 15 602 5 6 518 6 
1 15 16 5 6 6 
1 15 5 6 6 
1 15 602 5 6 6 
1 15 43 5 6 6 
1 299 59 15 128 60 5 6 6 
1 15 602 5 6 6 
1 15 602 5 6 21 31 68 24 6 
1 15 602 5 6 21 31 68 24 6 
1 15 51 602 313 78 5 6 21 31 68 24 6 
1 15 602 5 6 21 31 68 24 6 
1 15 43 5 6 61 6 
1 15 5 6 21 22 24 6 
1 15 602 5 6 31 6 
1 15 602 5 6 31 6 
1 15 602 5 6 31 6 
1 15 602 643 56 57 5 6 31 6 
1 15 5 6 6 
1 15 202 592 5 6 8 61 6 
1 15 5 6 6 
1 15 5 6 31 23 6 
1 15 5 6 61 6 
1 15 602 5 6 31 6 
1 15 602 5 6 31 6 
1 15 602 5 6 31 6 
1 15 602 5 48 6 8 6 
1 15 602 5 6 31 6 
1 15 5 62 6 63 518 6 
1 15 602 5 6 31 6 
1 15 202 42 592 5 6 61 6 
1 15 2 5 6 31 6 
1 15 602 5 6 31 6 
1 15 602 5 6 31 6 
1 15 602 5 6 31 6 
1 54 15 51 202 234 222 192 5 6 518 6 
1 15 5 6 6 
1 15 5 6 6 
1 15 42 5 6 6 
1 15 5 521 6 6 
1 15 5 6 8 6 
1 15 5 6 8 6 
1 15 602 5 6 21 31 68 24 6 
1 15 51 602 313 78 5 6 31 6 
1 15 602 5 6 31 6 
1 15 51 602 375 78 5 6 31 6 
1 15 5 6 518 6 
1 15 5 6 6 
1 15 602 5 6 31 6 
1 53 54 15 51 602 5 6 31 6 
1 15 43 5 6 8 61 6 
1 53 54 15 51 5 6 31 6 
1 15 5 6 6 
1 15 602 5 6 6 
1 15 5 6 21 68 24 6 
1 15 602 43 5 6 21 68 24 6 
1 15 5 6 21 68 24 6 
1 15 5 6 6 
1 15 42 5 6 6 
1 15 42 5 6 6 
1 15 602 5 6 31 6 
1 15 602 5 6 31 6 
1 442 15 602 401 5 6 31 6 
1 15 602 5 6 31 6 
1 15 602 5 104 6 21 68 24 6 
1 15 602 5 6 518 6 
1 15 602 5 6 31 6 
1 15 602 5 6 31 6 
1 15 602 5 6 31 6 
1 15 602 43 5 6 31 6 
1 15 602 5 6 31 6 
1 15 602 5 6 31 6 
1 15 602 5 6 31 6 
1 15 602 5 6 31 6 
1 15 602 5 6 31 6 
1 15 602 43 5 6 6 
1 442 15 602 401 5 6 6 
1 442 15 602 401 5 6 6 
1 15 5 6 6 
1 15 43 5 358 6 61 6 
1 15 602 5 6 31 6 
1 15 602 5 6 436 6 
1 15 602 5 6 31 6 
1 15 5 6 6 
1 15 5 6 31 6 
1 15 5 6 6 
1 15 602 5 6 31 6 
1 15 602 5 6 31 6 
1 15 5 6 21 22 24 6 
1 15 202 592 5 6 23 158 6 
1 15 602 16 5 6 87 6 
1 15 602 5 6 8 6 
1 15 602 5 6 6 
1 15 602 5 6 21 31 68 24 6 
1 184 15 602 185 5 6 21 31 68 24 6 
1 15 602 5 6 21 31 68 24 6 
1 15 602 5 6 21 31 68 24 6 
1 15 5 6 6 
1 15 5 6 6 
1 15 43 5 6 87 6 
1 15 602 5 6 21 31 68 24 6 
1 184 15 185 5 6 21 31 68 24 6 
1 15 602 5 6 21 31 68 24 6 
1 15 602 5 6 21 31 68 24 6 
1 15 602 5 6 21 31 68 24 6 
1 15 602 5 6 21 31 68 24 6 
1 15 602 5 6 21 31 68 24 6 
1 15 602 5 6 21 31 68 24 6 
1 53 54 15 51 602 401 616 5 6 21 31 68 24 6 
1 15 602 5 6 21 31 68 24 6 
1 15 602 38 5 6 21 31 68 24 6 
1 15 602 5 6 21 31 68 24 6 
1 15 202 234 5 6 61 6 
1 15 602 5 6 21 31 68 24 6 
1 15 602 5 6 21 31 68 24 6 
1 15 51 602 313 78 5 6 21 31 68 24 6 
1 15 602 5 6 21 31 68 24 6 
1 15 5 6 21 31 68 24 6 
1 15 602 5 6 21 31 68 24 6 
1 15 602 42 5 6 21 31 68 24 6 
1 15 602 5 6 21 31 68 24 6 
1 15 602 5 6 21 31 68 24 6 
1 15 602 42 5 6 21 31 68 24 6 
1 15 602 5 6 21 31 68 24 6 
1 15 602 5 6 21 31 68 24 6 
1 15 602 5 6 21 31 68 24 6 
1 15 602 5 6 21 31 68 24 6 
1 15 602 2 5 6 21 31 68 24 6 
1 15 602 5 6 21 31 68 24 6 
1 15 602 5 6 21 31 68 24 6 
1 15 602 5 6 21 31 68 24 6 
1 15 5 6 6 
1 54 15 51 602 5 6 8 9 6 
1 15 202 234 5 6 23 139 6 
1 15 202 560 42 234 5 6 23 139 6 
1 15 202 42 234 5 6 23 139 6 
1 15 202 234 5 6 23 139 6 
1 15 202 234 5 6 23 139 6 
1 15 202 592 5 6 61 6 
1 15 602 5 6 21 31 68 24 6 
1 15 602 5 6 21 31 68 24 6 
1 15 602 5 6 21 31 68 24 6 
1 15 602 5 6 21 31 68 24 6 
1 15 602 5 6 21 31 68 24 6 
1 15 51 602 78 5 6 21 31 68 24 6 
1 15 602 5 6 21 31 68 24 6 
1 15 602 5 6 21 31 68 24 6 
1 15 602 5 6 21 31 68 24 6 
1 408 409 15 51 202 52 234 5 6 61 6 
1 15 602 5 6 31 6 
1 15 602 5 6 31 6 
1 15 602 5 6 31 6 
1 15 5 171 6 162 8 172 6 
1 184 15 185 5 521 6 6 
1 15 602 5 6 21 31 68 24 6 
1 15 602 5 27 28 6 21 6 
1 15 602 5 27 28 6 21 6 
1 15 602 5 27 28 6 21 6 
1 15 602 5 6 21 31 68 24 6 
1 15 602 5 6 21 31 68 24 6 
1 15 602 5 6 21 31 68 24 6 
1 15 5 6 61 6 
1 15 5 6 473 11 10 6 
1 15 602 5 6 31 6 
1 15 602 5 6 8 6 
1 15 602 43 5 6 8 35 6 
1 15 5 6 6 
1 15 5 6 6 
1 15 5 6 6 
1 15 602 5 6 31 6 
1 53 54 15 51 602 5 6 6 
1 184 15 185 5 91 6 92 6 
1 184 15 185 5 91 6 92 6 
1 15 602 5 6 6 
1 15 602 5 6 6 
1 15 602 5 6 6 
1 15 602 5 6 31 6 
1 15 5 6 6 
1 15 16 5 6 31 6 
1 15 602 5 6 518 6 
1 15 602 5 6 518 6 
1 15 51 602 78 5 6 518 6 
1 15 602 5 6 518 6 
1 15 51 602 313 78 5 6 518 6 
1 15 602 5 6 518 6 
1 15 5 6 8 6 
1 15 5 6 518 6 
1 15 5 6 6 
1 442 15 401 5 6 6 
1 15 5 6 31 6 
1 15 602 5 6 31 6 
1 15 51 602 78 5 6 31 6 
1 15 602 5 6 31 6 
1 15 602 5 6 31 6 
1 15 602 5 6 31 6 
1 15 602 43 5 6 31 6 
1 15 602 43 5 6 31 6 
1 15 5 6 6 
1 15 5 6 6 
1 15 602 5 28 27 6 21 63 22 618 6 
1 15 602 5 6 31 6 
1 15 602 5 6 31 6 
1 15 602 400 401 5 6 31 6 
1 15 51 602 313 78 5 6 31 6 
1 15 5 6 31 6 
1 15 51 602 313 78 5 6 31 6 
1 15 602 5 6 31 25 6 
1 15 602 38 5 6 31 6 
1 15 602 5 6 31 6 
1 15 55 56 57 5 6 6 
1 15 5 6 21 31 68 24 6 
1 15 5 6 21 31 68 24 6 
1 15 5 6 21 31 68 24 6 
1 15 51 602 313 78 5 6 31 6 
1 15 5 6 6 
1 15 5 6 6 
1 97 15 19 2 98 5 6 6 
1 15 602 5 6 31 6 
1 15 602 5 6 31 6 
1 15 602 5 6 31 6 
1 15 602 5 6 31 6 
1 15 51 602 313 78 5 6 31 6 
1 186 15 602 5 6 31 6 
1 15 602 5 6 31 6 
1 15 55 56 57 5 6 6 
1 15 602 5 6 6 
1 15 602 5 6 21 31 68 24 6 
1 15 5 6 6 
1 15 602 5 6 31 6 
1 15 202 592 5 6 61 6 
1 15 602 5 6 31 6 
1 15 602 5 6 31 6 
1 15 602 5 6 31 6 
1 15 5 6 6 
1 15 602 5 6 31 6 
1 15 202 592 234 5 6 23 158 6 
1 15 202 592 5 6 61 6 
1 15 202 592 5 6 61 6 
1 442 15 602 401 5 6 21 31 68 24 6 
1 15 5 6 21 31 68 24 6 
1 15 602 43 5 6 31 6 
1 15 202 592 5 6 61 6 
1 15 43 5 6 31 6 
1 15 43 5 6 518 6 
1 15 5 6 87 6 
1 442 15 602 401 5 6 21 31 68 24 6 
1 15 602 5 6 21 31 68 24 6 
1 15 602 5 6 31 6 
1 15 602 5 6 31 6 
1 53 54 15 51 602 5 6 31 6 
1 15 602 5 6 31 6 
1 184 15 602 185 5 6 31 6 
1 15 602 5 6 31 6 
1 15 602 5 6 31 6 
1 15 602 5 6 31 6 
1 15 202 234 5 6 23 139 6 
1 15 602 5 6 518 6 
1 15 602 5 6 31 6 
1 442 15 602 401 5 6 31 6 
1 442 15 602 401 5 6 31 6 
1 15 602 5 6 31 6 
1 15 602 5 6 31 6 
1 442 15 602 401 5 6 31 6 
1 442 15 602 401 5 6 31 6 
1 15 602 5 6 31 6 
1 15 602 5 6 31 6 
1 15 602 5 6 31 6 
1 15 602 5 6 31 6 
1 15 602 5 62 6 31 63 6 
1 15 202 592 43 5 6 61 6 
1 15 5 27 28 6 21 6 
1 15 602 5 6 21 31 68 24 6 
1 15 602 5 6 31 6 
1 15 602 5 6 31 6 
1 15 5 6 31 6 
1 15 602 5 6 31 6 
1 15 602 5 6 31 6 
1 15 602 5 6 31 6 
1 15 5 6 6 
1 15 602 43 5 6 31 6 
1 15 602 5 6 31 6 
1 15 202 592 43 5 6 61 6 
1 15 5 6 6 
1 15 56 57 5 6 6 
1 15 5 6 31 436 6 
1 15 5 6 31 436 6 
1 15 602 5 6 8 6 
1 15 602 5 6 21 68 24 6 
1 15 602 5 6 21 68 24 6 
1 15 51 602 313 78 5 6 31 6 
1 15 602 5 6 31 6 
1 15 202 592 5 6 23 139 6 
1 15 602 5 6 31 6 
1 15 602 5 6 31 6 
1 53 54 15 51 5 62 6 63 6 
1 15 5 62 6 63 6 
1 15 5 115 116 6 21 117 6 
1 15 602 5 6 31 6 
1 15 602 5 6 31 6 
1 15 602 5 6 31 6 
1 15 602 5 6 31 6 
1 15 602 5 6 31 6 
1 15 602 5 6 21 31 68 24 6 
1 15 51 602 313 78 5 6 31 6 
1 15 602 5 6 31 6 
1 15 602 5 6 31 6 
1 15 602 5 6 31 6 
1 15 602 5 6 31 6 
1 15 602 5 6 31 6 
1 15 51 602 313 78 5 6 31 6 
1 15 602 5 6 31 6 
1 15 5 6 6 
1 15 51 602 313 78 5 6 6 
1 15 5 6 6 
1 53 54 15 51 602 401 616 5 6 6 
1 15 602 5 6 6 
1 15 602 5 6 6 
1 15 602 5 6 6 
1 15 5 6 6 
1 15 202 234 5 6 6 
1 15 5 6 6 
1 15 602 5 6 6 
1 15 602 5 6 6 
1 164 15 330 5 6 6 
1 15 602 43 5 6 6 
1 15 5 6 6 
1 15 602 5 6 518 6 
1 15 5 6 6 
1 15 602 5 6 31 6 
1 15 602 5 6 31 6 
1 15 602 5 6 31 6 
1 15 602 5 6 31 6 
1 15 51 602 313 78 5 6 31 6 
1 15 51 602 313 78 5 6 31 6 
1 15 51 602 313 78 5 6 31 6 
1 15 602 5 6 31 6 
1 15 602 5 6 31 6 
1 15 602 5 6 31 6 
1 15 602 5 6 31 6 
1 15 602 5 6 31 6 
1 15 51 602 313 78 5 6 31 6 
1 15 602 5 6 6 
1 15 602 5 6 21 31 68 24 6 
1 15 602 5 6 21 31 68 24 6 
1 15 602 5 6 6 
1 15 602 5 6 6 
1 15 5 6 6 
1 442 15 401 5 6 6 
1 15 602 43 5 6 6 
1 15 5 6 6 
1 15 602 5 6 6 
1 15 602 5 6 6 
1 15 602 5 6 6 
1 356 15 602 43 5 6 6 
1 15 602 5 6 6 
1 15 602 5 6 6 
1 15 5 6 6 
1 442 15 602 401 5 6 6 
1 15 602 5 6 6 
1 15 5 6 6 
1 15 5 6 6 
1 15 602 5 6 6 
1 15 602 42 5 6 6 
1 15 602 5 6 6 
1 15 602 5 6 6 
1 15 602 5 6 6 
1 184 15 185 5 6 6 
1 15 51 602 313 78 5 6 6 
1 15 5 6 6 
1 15 55 56 57 5 6 6 
1 15 602 5 6 6 
1 15 202 145 42 234 5 6 6 
1 15 602 5 6 6 
1 15 43 5 6 6 
1 15 602 5 6 6 
1 15 602 5 6 6 
1 15 5 6 6 
1 15 602 5 6 6 
1 15 43 5 6 6 
1 40 15 42 5 6 6 
1 15 602 5 6 6 
1 15 602 5 6 6 
1 15 602 5 6 6 
1 15 602 5 6 6 
1 15 202 234 5 6 6 
1 15 202 42 234 5 6 6 
1 15 602 5 6 6 
1 15 5 6 6 
1 53 54 15 51 602 5 6 6 
1 15 56 57 181 5 6 6 
1 15 602 5 6 6 
1 15 202 592 5 6 6 
1 15 202 592 5 6 6 
1 15 202 43 234 5 6 6 
1 15 5 6 6 
1 15 602 43 5 6 6 
1 15 602 43 5 6 6 
1 54 15 51 202 234 222 192 5 6 6 
1 15 602 5 6 6 
1 442 15 602 401 5 6 6 
1 15 602 5 6 6 
1 54 15 51 202 234 222 192 5 6 6 
1 15 602 5 6 6 
1 15 602 5 6 6 
1 15 602 5 6 6 
1 442 15 401 5 6 6 
1 15 202 234 5 6 6 
1 442 15 602 401 5 6 6 
1 15 602 5 6 6 
1 15 602 43 5 6 6 
1 15 182 136 42 563 5 6 6 
1 15 602 5 6 6 
1 15 5 6 6 