1 2 5 423 162 8 8 
1 2 270 5 8 8 
1 2 270 5 8 8 
1 2 5 8 165 8 
1 93 2 94 5 162 8 188 8 
1 93 2 94 5 8 8 
1 2 5 8 8 
1 2 5 8 165 8 
1 2 5 8 8 
1 2 5 8 8 
1 2 5 143 8 144 8 
1 2 5 162 8 163 8 
1 2 4 5 143 8 144 8 
1 2 5 8 8 
1 2 270 5 8 165 8 
1 2 42 73 5 8 8 
1 2 5 8 8 
1 2 5 8 8 
1 2 5 8 8 
1 2 5 8 8 
1 2 5 8 8 
1 2 5 8 8 
1 2 5 8 8 
1 2 5 143 8 144 8 
1 2 5 143 8 144 8 
1 2 5 8 36 122 8 
1 2 5 143 8 144 8 
1 2 5 8 8 
1 2 42 73 5 8 8 
1 2 270 5 8 8 
1 2 5 176 162 8 8 
1 2 5 385 232 8 8 
1 2 5 8 120 8 
1 2 5 8 8 
1 2 5 8 8 
1 2 5 8 165 8 
1 691 2 5 143 8 144 8 
1 2 5 8 35 8 
1 2 5 143 8 144 8 
1 93 2 94 5 8 8 
1 2 5 8 8 
1 2 5 176 162 8 8 
1 2 5 8 8 
1 2 5 8 8 
1 2 5 8 8 
1 2 5 8 8 
1 2 270 5 8 8 
1 2 270 5 8 8 
1 2 5 8 8 
1 17 2 5 8 8 
1 2 5 8 8 
1 2 5 8 165 8 
1 2 5 8 8 
1 2 5 8 8 
1 2 5 8 8 
1 2 4 5 8 35 8 
1 303 2 94 5 143 8 144 8 
1 2 5 8 8 
1 2 270 5 8 8 
1 2 5 8 8 
1 2 5 8 393 8 
1 2 5 8 8 
1 2 5 8 8 
1 2 5 8 8 
1 2 5 143 8 144 8 
1 2 5 8 8 
1 2 5 8 8 
1 2 5 8 8 
1 93 2 94 5 8 8 
1 2 5 459 8 8 
1 2 5 8 12 8 
1 93 2 94 5 143 8 144 8 
1 2 270 5 8 8 
1 2 5 176 162 8 8 
1 2 5 176 162 8 8 
1 2 5 176 162 8 8 
1 2 5 8 8 
1 303 93 2 94 5 189 143 8 144 8 
1 2 5 8 8 
1 2 5 143 8 144 8 
1 2 5 8 8 
1 303 2 94 5 189 8 144 8 
1 2 5 8 144 8 
1 2 4 5 8 8 
1 2 5 8 8 
1 2 5 8 8 
1 2 270 5 8 165 8 
1 2 5 8 8 
1 2 5 8 8 
1 2 5 8 120 8 
1 2 5 8 8 
1 2 5 8 8 
1 2 5 8 156 144 8 
1 2 5 8 8 
1 2 5 8 120 8 
1 2 5 8 8 
1 2 4 5 8 8 
1 2 5 8 165 8 
1 2 5 8 8 
1 2 5 8 8 
1 2 5 8 8 
1 624 2 270 5 8 8 
1 2 5 8 8 
1 2 4 5 8 120 8 
1 2 5 8 8 
1 2 5 8 8 
1 2 270 5 8 8 
1 2 4 5 8 35 8 
1 2 5 143 8 144 8 
1 2 5 143 8 144 8 
1 2 5 8 8 
1 2 270 5 8 165 8 
1 2 5 8 165 8 
1 2 5 8 8 
1 2 5 8 8 
1 2 5 8 8 
1 2 270 5 8 165 8 
1 2 318 5 8 35 8 
1 2 5 8 165 8 
1 2 270 5 8 8 
1 2 5 8 35 8 
1 2 5 8 165 8 
1 2 5 8 8 
1 2 270 5 8 8 
1 2 270 5 8 165 8 
1 2 5 455 8 8 
1 2 5 8 8 
1 2 5 8 8 
1 2 5 143 8 144 8 
1 2 5 239 162 8 8 
1 2 5 8 120 8 
1 2 5 8 393 8 
1 2 5 8 8 
1 2 5 8 8 
1 2 5 8 8 
1 2 5 8 8 
1 2 5 8 8 
1 2 5 8 35 8 
1 93 2 94 5 8 8 
1 2 5 8 8 
1 2 5 8 8 
1 2 5 8 8 
1 2 5 8 8 
1 2 5 8 8 
1 2 270 5 8 165 8 
1 2 5 143 8 144 8 
1 2 5 8 8 
1 46 47 2 5 8 8 
1 2 42 73 5 8 8 
1 2 5 8 8 
1 2 5 8 8 
1 2 5 8 8 
1 2 5 143 8 144 8 
1 2 5 8 8 
1 2 5 8 8 
1 2 5 196 197 8 8 
1 2 5 8 8 
1 2 5 8 8 
1 2 5 8 8 
1 272 2 5 8 165 8 
1 2 5 459 8 8 
1 2 5 8 8 
1 2 5 8 8 
1 2 42 73 5 143 8 144 8 
1 2 42 73 5 8 8 
1 2 5 8 36 122 8 
1 2 5 8 35 8 
1 2 5 8 156 144 8 
1 2 5 466 240 162 8 242 8 
1 2 270 5 8 8 
1 2 5 8 8 
1 2 5 143 8 144 8 
1 2 42 73 5 8 8 
1 2 270 5 8 165 8 
1 2 5 8 8 
1 2 5 8 8 
1 2 42 73 5 8 8 
1 2 5 8 35 8 
1 2 5 8 8 
1 2 5 8 8 
1 2 5 143 8 144 8 
1 2 5 143 8 144 8 
1 93 2 94 5 8 8 
1 2 5 8 120 8 
1 2 5 8 8 
1 2 5 8 165 8 
1 2 5 8 8 
1 2 4 5 189 8 144 8 
1 2 5 8 120 8 
1 2 5 8 36 122 8 
1 2 5 8 8 
1 2 5 8 165 8 
1 2 270 5 8 156 144 8 
1 2 5 8 8 
1 2 5 8 8 
1 2 5 143 8 144 8 
1 2 5 8 144 8 
1 2 5 8 8 
1 2 270 5 143 8 144 8 
1 2 5 585 8 144 8 
1 2 5 8 8 
1 2 5 143 8 144 8 
1 2 5 8 8 
1 2 5 8 35 8 
1 2 5 8 490 8 
1 2 5 8 120 8 
1 93 2 94 5 101 8 102 8 
1 2 5 8 8 
1 2 5 8 8 
1 2 270 5 8 165 8 
1 2 5 8 8 
1 2 5 8 8 
1 2 42 73 5 8 8 
1 2 5 8 156 144 8 
1 691 2 5 8 393 8 
1 2 5 8 8 
1 2 5 8 8 
1 2 94 5 8 8 
1 2 270 5 8 144 8 
1 2 5 8 8 
1 2 270 5 143 8 144 8 
1 2 5 169 162 170 8 8 
1 2 5 8 35 8 
1 2 94 5 8 8 
1 2 270 5 8 8 
1 93 2 94 5 8 8 
1 2 5 8 8 
1 2 5 8 8 
1 2 5 8 8 
1 2 4 5 8 35 8 
1 2 5 8 35 8 
1 2 4 5 8 35 8 
1 2 4 5 8 35 8 
1 2 4 5 8 35 8 
1 88 19 2 5 8 8 
1 303 2 94 5 189 8 144 8 
1 2 5 8 8 
1 2 5 8 8 
1 2 5 8 8 
1 303 2 94 5 585 8 144 8 
1 2 5 8 8 
1 2 5 8 8 
1 303 2 94 5 8 8 
1 2 5 8 8 
1 2 5 8 8 
1 2 5 8 8 
1 29 2 34 5 8 35 8 
1 2 5 8 8 
1 2 5 8 8 
1 2 5 8 8 
1 2 5 8 8 
1 2 5 8 8 
1 2 5 8 8 
1 2 5 189 8 399 144 8 
1 2 5 176 162 8 8 
1 2 5 8 8 
1 2 5 143 8 144 8 
1 2 5 8 8 
1 2 5 8 8 
1 2 5 8 8 
1 2 270 5 8 8 
1 93 2 94 5 8 8 
1 2 5 8 8 
1 2 5 143 8 144 8 
1 2 5 8 8 
1 2 5 8 8 
1 2 5 8 8 
1 93 2 94 5 8 8 
1 2 270 5 8 8 
1 2 5 8 8 
1 2 5 377 162 8 8 
1 2 42 73 5 8 144 8 
1 2 5 143 8 144 8 
1 2 5 8 8 
1 2 5 143 8 144 8 
1 2 5 8 8 
1 2 42 73 5 8 8 
1 2 5 8 8 
1 2 5 8 36 122 8 
1 2 42 73 5 8 8 
1 93 2 94 5 8 144 8 
1 2 5 8 165 8 
1 303 2 94 5 189 8 144 8 
1 2 5 8 8 
1 2 4 5 8 8 
1 2 5 8 8 
1 2 270 5 8 8 
1 2 5 8 8 
1 93 2 94 5 143 8 144 8 
1 2 5 8 8 
1 2 5 8 8 
1 2 5 8 393 8 
1 2 270 5 8 35 8 
1 2 5 8 8 
1 2 5 8 8 
1 2 5 176 162 8 8 
1 2 5 187 8 36 122 165 8 
1 2 5 8 8 
1 2 5 8 156 144 8 
1 2 5 377 162 8 8 
1 93 2 94 5 8 144 8 
1 2 5 8 8 
1 2 5 8 8 
1 2 4 5 8 8 
1 2 5 8 8 
1 2 5 8 165 8 
1 2 5 8 165 8 
1 2 5 8 165 8 
1 2 5 8 8 
1 2 5 8 8 
1 2 5 8 8 
1 303 2 94 5 189 8 144 8 
1 2 5 8 8 
1 2 5 143 8 144 8 
1 2 5 143 8 144 8 
1 2 5 8 8 
1 2 5 8 8 
1 2 5 8 8 
1 2 5 8 8 
1 2 5 8 8 
1 2 5 8 371 8 
1 2 4 5 8 8 
1 2 270 5 8 165 8 
1 2 5 8 156 144 8 
1 2 270 5 8 165 8 
1 2 5 162 8 8 
1 2 5 8 8 
1 2 5 8 8 
1 2 5 8 8 
1 2 5 8 35 8 
1 2 5 8 8 
1 2 5 8 8 
1 2 5 8 8 
1 2 5 8 8 
1 2 5 8 8 
1 93 2 94 5 8 8 
1 2 5 8 8 
1 2 5 8 8 
1 2 5 8 142 36 8 
1 2 5 8 8 
1 2 270 5 8 8 
1 2 5 8 8 
1 2 5 143 8 144 8 
1 17 2 5 8 35 8 
1 2 5 8 8 
1 2 5 8 8 
1 2 270 5 8 8 
1 2 5 8 393 8 
1 2 5 8 8 
1 303 2 94 5 8 8 
1 2 5 8 8 
1 2 94 5 8 8 
1 2 5 8 8 
1 2 5 8 8 
1 2 5 8 8 
1 2 5 8 8 
1 2 5 8 165 8 
1 2 5 8 8 
1 2 5 8 8 
1 2 5 8 8 
1 2 5 8 8 
1 2 5 8 8 
1 2 42 73 5 8 8 
1 2 270 5 8 165 8 
1 2 270 5 8 8 
1 2 270 5 8 8 
1 2 5 8 8 
1 2 5 8 165 8 
1 2 5 143 8 144 8 
1 2 270 5 8 165 8 
1 2 5 8 8 
1 2 5 8 8 
1 2 5 8 8 
1 2 5 143 8 144 8 
1 2 5 8 120 8 
1 2 5 8 8 
1 2 5 8 35 8 
1 2 5 8 8 
1 2 5 8 8 
1 2 5 8 8 
1 2 5 8 8 
1 2 5 8 393 8 
1 303 2 94 5 189 8 144 8 
1 2 5 8 8 
1 2 5 8 371 8 
1 2 270 5 8 165 8 
1 2 5 8 8 
1 2 5 8 8 
1 2 5 8 8 
1 2 5 6 23 8 8 
1 2 270 5 143 8 144 8 
1 2 5 8 8 
1 2 5 8 8 
1 2 5 8 8 
1 2 5 162 8 188 8 
1 2 5 8 8 
1 2 270 5 8 8 
1 2 5 8 120 8 
1 93 2 94 5 143 8 144 8 
1 2 5 8 8 
1 2 5 8 8 
1 2 5 8 8 
1 2 5 8 8 
1 2 5 8 8 
1 2 5 8 36 122 8 
1 93 2 94 5 8 8 
1 2 5 8 8 
1 29 2 30 5 101 8 102 8 
1 19 2 5 8 8 
1 2 4 5 8 35 8 
1 2 5 8 8 
1 2 5 101 8 208 8 
1 2 5 8 8 
1 2 5 8 8 
1 2 5 8 8 
1 2 5 8 8 
1 2 5 8 8 
1 29 2 5 91 6 92 8 8 
1 2 5 8 8 
1 2 5 8 8 
1 2 5 162 8 188 8 
1 2 5 8 8 
1 2 5 8 8 
1 2 5 176 162 8 8 
1 2 42 73 5 8 36 122 8 
1 2 270 5 8 165 8 
1 303 2 94 5 8 35 8 
1 2 5 8 8 
1 2 42 73 5 8 8 
1 2 5 8 165 8 
1 2 5 8 8 
1 2 5 8 8 
1 2 5 187 8 165 8 
1 2 5 8 8 
1 2 5 8 8 
1 2 5 8 8 
1 2 5 8 8 
1 2 5 8 8 
1 2 5 8 8 
1 2 5 143 8 144 8 
1 93 2 94 5 143 8 144 8 
1 2 5 101 8 523 8 
1 2 5 8 8 
1 2 5 8 8 
1 2 5 8 8 
1 2 270 5 8 8 
1 2 5 8 8 
1 2 5 8 8 
1 93 2 94 5 8 144 8 
1 2 4 5 8 8 
1 2 5 8 156 144 8 
1 2 5 8 35 8 
1 2 5 8 8 
1 2 4 5 8 8 
1 2 5 162 8 8 
1 2 5 8 8 
1 2 5 8 8 
1 29 2 5 101 8 8 
1 2 5 8 8 
1 2 4 5 8 8 
1 2 5 8 144 8 
1 2 5 8 144 8 
1 2 5 231 8 8 
1 2 5 8 165 8 
1 2 5 8 8 
1 2 5 8 8 
1 2 5 8 485 8 
1 46 47 2 5 8 8 
1 2 5 143 8 144 8 
1 2 5 162 8 163 8 
1 2 5 489 8 36 8 
1 2 5 8 8 
1 2 5 8 8 
1 2 5 8 8 
1 2 5 8 8 
1 2 5 8 8 
1 2 5 162 8 342 8 
1 2 42 73 5 8 8 
1 2 5 8 8 
1 2 5 8 8 
1 2 5 8 8 
1 691 2 42 73 5 143 8 144 8 
1 2 5 8 8 
1 2 5 8 8 
1 2 5 8 8 
1 29 2 34 5 101 8 208 8 
1 303 2 94 5 8 8 
1 2 5 8 8 
1 2 4 5 8 35 8 
1 2 5 8 8 
1 29 2 5 101 8 8 
1 2 5 8 8 
1 2 5 8 8 
1 2 5 8 8 
1 2 4 5 231 8 8 
1 2 5 8 8 
1 2 5 8 8 
1 2 5 189 8 399 144 8 
1 2 4 5 8 8 
1 303 2 94 5 189 8 144 8 
1 2 5 8 8 
1 2 5 8 8 
1 2 5 8 8 
1 2 5 8 8 
1 2 5 8 8 
1 2 5 8 8 
1 93 2 94 5 143 8 144 8 
1 2 5 176 162 8 8 
1 2 5 8 8 
1 2 5 8 8 
1 29 2 5 8 8 
1 2 5 8 8 
1 2 5 8 8 
1 2 5 8 8 
1 93 2 94 5 169 162 170 8 8 
1 2 5 8 8 
1 2 5 8 8 
1 2 5 8 8 
1 2 5 8 8 
1 2 5 8 8 
1 2 5 8 8 
1 2 5 377 162 8 8 
1 2 5 8 371 8 
1 2 5 8 371 8 
1 2 42 73 5 8 8 
1 2 270 5 101 8 8 
1 2 270 5 8 8 
1 2 5 8 8 
1 2 5 8 8 
1 2 5 8 8 
1 2 5 8 8 
1 2 5 8 8 
1 2 270 5 8 8 
1 303 2 94 5 8 8 
1 2 5 8 8 
1 2 5 8 8 
1 303 2 94 5 189 8 144 8 
1 2 5 8 8 
1 2 5 8 8 
1 2 5 8 8 
1 2 5 176 162 8 8 
1 2 270 5 8 8 
1 2 5 8 8 
1 2 5 8 8 
1 2 5 8 8 
1 2 5 8 8 
1 2 4 5 162 8 198 8 
1 2 4 5 8 8 
1 2 5 8 8 
1 2 5 8 8 
1 2 5 8 165 8 
1 2 5 143 8 144 8 
1 2 5 8 8 
1 2 5 8 142 36 8 
1 2 5 8 8 
1 2 5 8 8 
1 15 2 43 5 8 8 
1 2 270 5 162 8 8 
1 2 270 5 8 8 
1 2 5 8 8 
1 2 5 8 8 
1 2 5 8 8 
1 93 2 94 5 8 8 
1 2 5 8 8 
1 2 5 8 36 122 8 
1 2 5 8 8 
1 2 5 8 393 8 
1 2 270 5 8 144 8 
1 2 270 5 8 8 
1 2 5 8 8 
1 2 42 73 5 8 8 
1 2 5 8 8 
1 2 5 8 8 
1 2 5 8 8 
1 2 5 8 8 
1 2 270 5 8 165 8 
1 2 5 8 165 8 
1 2 5 8 8 
1 2 5 8 8 
1 2 5 8 8 
1 2 5 8 8 
1 2 5 8 8 
1 2 5 189 8 144 8 
1 29 2 34 5 8 35 8 
1 2 5 176 162 8 8 
1 2 5 162 8 8 
1 2 5 8 8 
1 2 5 143 8 144 8 
1 2 270 5 8 8 
1 2 5 8 8 
1 2 4 5 8 8 
1 2 42 73 5 8 393 8 
1 2 5 8 8 
1 2 5 8 8 
1 2 5 143 8 144 8 
1 2 5 8 8 
1 2 270 5 8 8 
1 2 5 8 8 
1 2 5 8 8 
1 2 5 8 393 8 
1 2 5 161 8 8 
1 2 5 8 8 
1 2 5 8 8 
1 2 5 189 8 144 8 
1 2 5 8 8 
1 2 270 5 8 8 
1 2 270 5 8 156 144 8 
1 2 5 143 8 144 8 
1 2 270 5 8 8 
1 2 5 8 8 
1 93 2 94 5 8 8 
1 2 5 143 8 144 8 
1 2 5 143 8 144 8 
1 2 5 8 8 
1 2 4 5 8 35 8 
1 2 5 8 8 
1 19 2 288 5 162 8 188 8 
1 2 5 8 8 
1 2 5 8 8 
1 2 5 8 8 
1 2 5 8 8 
1 2 5 8 8 
1 2 5 8 8 
1 2 5 8 8 
1 2 5 8 8 
1 2 5 8 8 
1 2 5 8 8 
1 303 93 2 94 5 189 143 8 144 8 
1 2 5 8 8 
1 2 4 5 8 8 
1 2 5 8 8 
1 2 5 176 162 8 8 
1 2 5 143 8 144 8 
1 2 5 8 8 
1 29 2 5 8 35 8 
1 2 5 8 8 
1 2 5 143 8 144 8 
1 303 2 94 5 8 8 
1 2 5 8 8 
1 2 5 8 8 
1 29 45 2 5 8 35 8 
1 2 5 8 8 
1 2 5 8 8 
1 2 5 8 8 
1 2 5 8 8 
1 2 5 143 8 144 8 
1 2 5 143 8 144 8 
1 2 270 5 8 144 8 
1 2 270 5 8 165 8 
1 2 5 8 8 
1 2 42 73 5 8 8 
1 2 5 143 8 144 8 
1 2 4 5 8 120 8 
1 2 4 5 196 197 8 8 
1 303 2 94 5 8 8 
1 2 5 8 165 8 
1 2 5 8 8 
1 2 5 8 8 
1 2 5 143 8 144 8 
1 2 270 5 8 165 8 
1 2 5 8 8 
1 2 5 8 8 
1 2 5 8 8 
1 2 5 8 144 8 
1 2 5 8 8 
1 2 5 8 8 
1 2 5 143 8 144 8 
1 2 5 8 8 
1 2 5 8 8 
1 2 5 8 8 
1 2 5 8 393 8 
1 2 5 8 8 
1 2 270 5 8 8 
1 2 5 8 8 
1 2 5 8 8 
1 2 5 8 144 8 
1 2 5 8 8 
1 2 5 8 8 
1 2 5 8 8 
1 2 270 5 8 8 
1 2 5 8 8 
1 2 5 8 8 
1 2 5 8 144 8 
1 2 5 8 8 
1 2 5 176 162 8 8 
1 2 5 8 8 
1 2 5 8 8 
1 303 2 94 5 189 8 144 8 
1 2 5 196 197 8 8 
1 2 5 8 165 8 
1 2 270 5 8 165 8 
1 2 5 8 165 8 
1 303 2 42 94 73 5 8 144 8 
1 2 5 8 165 8 
1 2 94 5 143 8 144 8 
1 2 5 8 8 
1 2 270 5 8 165 8 
1 2 5 8 8 
1 2 94 337 5 8 165 8 
1 93 2 94 5 8 8 
1 2 5 8 8 
1 2 5 8 8 
1 2 5 189 8 144 8 
1 2 5 8 8 
1 2 5 143 8 144 8 
1 2 5 8 8 
1 2 5 8 8 
1 93 2 94 5 143 8 144 8 
1 2 5 8 156 144 8 
1 2 270 5 8 165 8 
1 2 5 8 8 
1 2 4 5 8 8 
1 2 5 8 8 
1 2 5 143 8 144 8 
1 2 270 5 8 144 8 
1 2 5 8 8 
1 2 5 8 8 
1 2 5 8 8 
1 2 4 5 8 35 8 
1 2 270 5 8 8 
1 2 270 5 8 165 8 
1 2 5 8 8 
1 2 5 254 8 36 255 8 
1 2 5 8 8 
1 2 5 8 8 
1 2 5 8 8 
1 303 2 42 94 73 5 189 8 144 8 
1 2 5 8 165 8 
1 2 270 5 8 8 
1 2 5 8 8 
1 2 5 8 8 
1 2 5 8 8 
1 2 4 5 8 8 
1 2 5 8 8 
1 2 270 5 8 8 
1 2 270 5 8 8 
1 2 5 8 8 
1 2 270 5 8 165 8 
1 2 5 143 8 144 8 
1 2 5 8 8 
1 2 5 91 6 92 8 8 
1 2 5 8 8 
1 2 5 8 8 
1 2 5 8 8 
1 303 93 2 94 5 189 8 144 8 
1 93 2 94 5 8 8 
1 2 5 8 8 
1 2 5 8 8 
1 2 5 8 8 
1 2 5 162 8 163 8 
1 2 5 8 165 8 
1 2 5 8 8 
1 2 5 8 8 
1 2 5 8 8 
1 2 5 8 8 
1 2 5 8 8 
1 2 5 8 8 
1 2 5 8 8 
1 2 5 8 8 
1 2 270 5 8 8 
1 2 270 5 8 8 
1 2 5 8 35 8 
1 2 5 8 120 8 
1 2 5 143 8 144 8 
1 2 5 143 8 144 8 
1 19 2 288 5 143 8 144 8 
1 2 5 8 8 
1 2 5 8 8 
1 2 42 73 5 8 36 122 8 
1 2 5 8 8 
1 2 270 5 8 165 8 
1 2 270 5 8 165 8 
1 2 5 8 8 
1 2 5 8 165 8 
1 2 5 8 165 8 
1 2 270 5 8 8 
1 2 5 8 8 
1 303 2 94 5 189 143 8 144 8 
1 2 270 5 8 8 
1 2 5 8 8 
1 303 2 94 5 189 8 144 8 
1 2 5 8 8 
1 2 5 8 8 
1 2 5 8 142 36 8 
1 2 5 8 36 122 8 
1 2 5 8 8 
1 2 270 5 8 165 8 
1 2 5 8 8 
1 2 5 8 8 
1 2 4 5 8 8 
1 2 5 8 8 
1 2 5 8 8 
1 2 5 8 8 
1 2 270 5 8 165 8 
1 2 5 8 8 
1 2 270 5 8 8 
1 2 5 28 21 8 203 8 
1 2 270 5 8 8 
1 2 5 8 36 122 8 
1 2 5 143 8 144 8 
1 2 5 8 8 
1 2 5 8 8 
1 2 5 8 8 
1 2 5 8 8 
1 2 4 5 101 8 8 
1 2 5 8 8 
1 2 5 8 8 
1 2 5 8 8 
1 2 4 5 8 35 8 
1 2 5 8 8 
1 2 5 8 35 8 
1 2 4 5 8 8 
1 2 5 8 8 
1 2 5 8 8 
1 2 94 5 189 8 144 8 
1 2 5 8 156 144 8 
1 2 5 8 12 8 
1 2 5 8 8 
1 2 5 8 8 
1 2 5 8 8 
1 2 5 8 8 
1 2 5 8 8 
1 2 270 5 8 8 
1 67 2 5 8 8 
1 2 5 8 8 
1 2 5 8 8 
1 2 5 8 8 
1 303 93 2 94 5 143 8 144 8 
1 2 5 8 8 
1 2 5 8 8 
1 2 5 189 8 144 8 
1 2 4 5 8 397 8 
1 2 270 5 8 8 
1 2 270 5 8 35 8 
1 2 5 8 8 
1 2 5 8 8 
1 2 5 8 156 144 8 
1 2 5 8 156 144 8 
1 2 4 5 8 35 8 
1 2 5 8 8 
1 2 4 5 8 8 
1 2 5 8 393 8 
1 303 2 94 5 189 8 144 8 
1 2 5 8 8 
1 2 5 8 8 
1 2 5 171 176 162 8 172 8 
1 2 5 8 35 8 
1 93 2 94 5 143 8 144 8 
1 2 270 5 8 8 
1 93 2 94 5 8 8 
1 2 5 8 142 36 8 
1 303 2 94 5 143 8 144 8 
1 2 5 143 8 144 8 
1 2 5 8 8 
1 2 5 189 8 144 8 
1 2 5 8 8 
1 2 5 8 8 
1 2 5 8 8 
1 2 5 176 162 8 8 
1 2 5 8 8 
1 19 2 288 5 8 8 
1 2 5 8 8 
1 2 5 8 165 8 
1 2 5 8 8 
1 2 5 8 8 
1 2 270 5 8 8 
1 2 5 8 8 
1 2 5 8 8 
1 2 5 8 8 
1 2 5 8 8 
1 2 5 169 162 170 8 8 
1 2 5 176 162 8 8 
1 2 5 8 8 
1 2 5 8 8 
1 2 5 8 35 8 
1 2 5 8 35 8 
1 2 5 8 8 
1 2 5 231 8 8 
1 2 42 73 5 8 8 
1 2 5 143 8 144 8 
1 93 2 94 5 8 8 
1 2 5 8 8 
1 2 5 8 8 
1 2 5 8 8 
1 2 5 8 8 
1 2 5 8 8 
1 2 42 73 5 8 8 
1 2 5 8 8 
1 2 5 8 8 
1 2 5 8 8 
1 2 5 8 8 
1 2 5 8 8 
1 2 4 5 8 36 122 8 
1 2 5 8 8 
1 2 5 8 165 8 
1 2 5 8 8 
1 2 5 8 8 
1 2 5 8 165 8 
1 2 5 8 8 
1 303 93 2 94 5 189 143 8 144 8 
1 2 5 8 8 
1 2 5 196 197 176 162 8 8 
1 2 5 8 8 
1 2 4 5 8 35 8 
1 93 2 94 5 8 144 8 
1 2 5 8 8 
1 2 5 8 8 
1 2 5 143 8 144 8 
1 2 5 143 8 144 8 
1 2 5 8 8 
1 2 5 8 8 
1 2 5 8 8 
1 2 5 8 8 
1 2 5 8 8 
1 2 5 8 8 
1 2 42 73 5 8 8 
1 2 5 8 8 
1 2 5 8 8 
1 2 5 8 36 122 8 
1 2 5 8 8 
1 2 5 8 8 
1 2 5 8 36 122 8 
1 303 2 94 5 189 8 144 8 
1 2 4 5 8 35 8 
1 66 29 2 5 8 35 8 
1 2 270 5 8 8 
1 2 5 176 162 8 8 
1 2 5 8 36 122 8 
1 303 2 94 5 189 8 144 8 
1 2 270 5 8 8 
1 2 5 8 8 
1 2 5 143 8 144 8 
1 2 5 8 8 
1 2 5 8 8 
1 2 270 5 143 8 144 8 
1 2 5 161 8 8 
1 2 5 8 8 
1 2 5 8 8 
1 2 5 8 8 
1 2 5 8 8 
1 2 5 8 8 
1 2 5 8 8 
1 2 5 8 8 
1 2 270 5 8 165 8 
1 303 2 94 5 8 8 
1 2 42 73 5 8 8 
1 2 5 8 8 
1 2 4 5 101 373 8 8 
1 2 5 8 8 
1 2 5 8 8 
1 2 42 73 5 8 8 
1 2 5 8 8 
1 2 5 8 371 8 
1 2 5 8 371 8 
1 2 5 8 371 8 
1 2 5 8 371 8 
1 2 5 8 8 
1 2 5 8 8 
1 2 5 8 8 
1 93 2 94 5 189 8 144 8 
1 2 5 8 8 
1 2 5 8 165 8 
1 2 5 8 8 
1 2 5 8 8 
1 2 5 8 35 8 
1 2 5 8 8 
1 2 5 8 8 
1 2 5 8 8 
1 2 5 8 8 
1 2 5 196 197 8 8 
1 2 4 5 8 8 
1 2 270 5 8 8 
1 2 5 8 8 
1 2 5 196 197 8 8 
1 2 270 5 8 165 8 
1 2 5 8 8 
1 2 5 8 393 8 
1 2 5 143 8 144 8 
1 303 2 94 5 8 8 
1 303 2 94 5 434 162 8 8 
1 2 5 8 8 
1 2 5 8 8 
1 2 5 8 8 
1 2 5 8 8 
1 2 270 5 8 8 
1 2 5 143 8 144 8 
1 2 5 162 8 188 8 
1 2 5 8 8 
1 2 270 5 8 165 8 
1 2 270 5 8 144 8 
1 2 5 189 8 144 8 
1 2 5 8 8 
1 2 5 8 8 
1 2 5 8 8 
1 2 5 8 8 
1 2 5 143 8 144 8 
1 2 5 143 8 144 8 
1 19 2 275 5 8 8 
1 2 5 8 8 
1 2 5 8 8 
1 2 270 5 8 532 144 8 
1 2 5 8 8 
1 2 5 8 8 
1 2 5 8 8 
1 2 5 162 8 198 8 
1 2 270 5 8 8 
1 2 5 8 8 
1 2 5 8 8 
1 303 93 2 94 5 8 8 
1 2 5 8 8 
1 2 5 8 8 
1 2 5 8 8 
1 2 5 8 8 
1 2 5 8 8 
1 2 5 8 8 
1 2 5 8 8 
1 2 5 8 8 
1 2 5 8 8 
1 93 2 94 5 143 8 144 8 
1 2 5 435 21 143 8 117 144 8 
1 2 5 8 8 
1 2 5 8 36 122 8 
1 2 5 8 393 8 
1 2 5 8 36 122 8 
1 93 2 94 5 8 8 
1 93 2 94 5 8 8 
1 2 270 5 8 165 8 
1 2 270 5 8 8 
1 2 4 5 8 8 
1 303 2 94 5 189 8 144 8 
1 2 270 5 8 8 
1 2 5 6 8 61 8 
1 2 42 73 5 8 8 
1 2 4 5 8 8 
1 2 5 8 8 
1 2 5 8 8 
1 2 5 143 8 144 8 
1 2 5 91 6 92 8 8 
1 2 4 5 8 165 8 
1 2 4 5 8 165 8 
1 2 5 8 8 
1 2 5 8 8 
1 93 2 94 5 189 8 144 8 
1 2 5 143 8 144 8 
1 2 5 8 8 
1 2 5 8 8 
1 2 5 8 144 8 
1 2 5 8 8 
1 2 5 8 393 8 
1 2 5 8 35 8 
1 2 42 73 5 8 8 
1 2 270 5 8 8 
1 2 5 8 8 
1 2 5 8 8 
1 2 5 8 8 
1 2 5 189 8 144 8 
1 2 5 8 8 
1 2 5 143 8 144 8 
1 2 5 8 8 
1 2 5 101 8 8 
1 2 5 8 120 8 
1 2 5 8 8 
1 2 5 8 8 
1 2 5 8 8 
1 2 5 8 8 
1 2 5 8 8 
1 303 2 94 5 8 8 
1 2 270 5 8 165 8 
1 2 5 8 8 
1 2 5 8 36 122 8 
1 2 5 143 8 144 8 
1 2 5 8 8 
1 2 4 5 8 8 
1 2 5 8 8 
1 2 5 8 8 
1 2 5 8 8 
1 2 5 8 120 8 
1 2 5 8 8 
1 2 5 402 8 8 
1 2 5 8 8 
1 2 4 5 519 8 8 
1 2 5 8 8 
1 2 270 5 8 165 8 
1 2 5 8 8 
1 2 5 8 8 
1 2 5 8 8 
1 2 5 143 8 144 8 
1 93 2 94 5 435 21 143 8 117 144 8 
1 2 5 8 8 
1 2 5 8 8 
1 2 5 8 371 8 
1 2 270 5 8 8 
1 2 5 8 165 8 
1 2 4 5 8 35 8 
1 2 5 8 8 
1 2 270 5 8 8 
1 2 5 8 8 
1 2 270 5 8 8 
1 2 4 5 8 35 8 
1 93 2 94 5 176 162 8 8 
1 2 5 8 8 
1 2 5 8 8 
1 2 5 8 8 
1 2 5 8 8 
1 2 5 8 8 
1 2 5 8 8 
1 2 5 8 8 
1 2 5 8 36 122 8 
1 2 5 8 8 
1 2 5 8 8 
1 2 5 8 36 122 8 
1 2 5 8 8 
1 2 5 143 8 144 8 
1 2 5 8 8 
1 2 5 143 8 144 8 
1 2 270 5 8 8 
1 2 5 8 8 
1 2 5 8 8 
1 2 270 5 8 8 
1 2 5 8 8 
1 2 5 8 8 
1 2 5 8 8 
1 2 5 8 8 
1 2 5 8 8 
1 2 5 8 8 
1 2 5 8 165 8 
1 2 5 8 8 
1 2 5 8 8 
1 2 4 5 8 165 8 
1 2 5 8 8 
1 40 2 41 42 5 8 393 8 
1 2 270 5 8 8 
1 2 5 8 8 
1 2 5 8 8 
1 2 5 189 8 144 8 
1 2 5 8 8 
1 2 270 5 8 8 
1 2 270 5 8 8 
1 2 94 5 189 8 36 144 122 8 
1 2 5 8 35 8 
1 2 5 8 8 
1 2 4 5 8 8 
1 2 5 8 8 
1 2 5 8 8 
1 2 5 176 162 8 8 
1 2 5 8 8 
1 2 5 8 8 
1 2 5 8 12 8 
1 19 2 288 5 143 8 144 8 
1 2 5 118 143 8 132 36 144 8 
1 2 5 143 8 144 8 
1 2 5 8 8 
1 2 270 5 101 8 208 8 
1 2 5 8 8 
1 2 270 5 8 8 
1 2 5 8 8 
1 2 94 5 176 162 8 8 
1 303 93 2 94 5 189 143 8 144 8 
1 2 5 8 8 
1 272 2 5 8 8 
1 303 93 2 94 5 189 8 144 8 
1 2 5 8 8 
1 624 2 270 5 8 8 
1 2 5 8 8 
1 2 5 8 8 
1 303 2 94 5 189 8 144 8 
1 2 5 377 162 8 8 
1 2 5 8 8 
1 2 5 8 8 
1 2 5 8 8 
1 2 5 8 371 8 
1 2 5 8 371 8 
1 2 4 5 8 165 8 
1 2 5 8 8 
1 2 5 8 8 
1 2 270 5 143 8 144 8 
1 2 5 8 8 
1 2 5 8 165 8 
1 2 5 8 144 8 
1 2 5 91 6 92 8 8 
1 2 5 8 8 
1 2 145 42 5 8 8 
1 2 5 8 120 8 
1 2 5 8 8 
1 2 5 8 8 
1 2 5 8 8 
1 2 5 8 36 122 8 
1 2 5 176 162 8 8 
1 2 5 176 162 8 8 
1 89 2 5 8 8 
1 2 4 5 8 8 
1 2 5 8 8 
1 2 5 171 162 8 416 8 
1 2 5 8 8 
1 2 4 5 8 8 
1 93 2 94 5 143 8 144 8 
1 2 270 5 8 8 
1 2 5 8 8 
1 2 5 143 8 144 8 
1 2 5 8 8 
1 2 5 8 8 
1 2 5 8 8 
1 2 5 8 8 
1 2 5 8 8 
1 2 5 8 8 
1 2 5 8 8 
1 2 5 8 8 
1 2 5 8 8 
1 2 5 8 8 
1 2 5 8 8 
1 2 5 8 8 
1 2 270 5 8 8 
1 2 5 8 8 
1 2 5 8 8 
1 2 5 8 8 
1 2 5 8 165 8 
1 2 5 8 8 
1 2 42 73 5 8 8 
1 2 270 5 8 8 
1 2 5 8 8 
1 2 5 8 8 
1 2 5 239 162 8 8 
1 2 270 5 8 8 
1 2 5 8 8 
1 2 5 8 8 
1 2 5 8 8 
1 2 5 8 8 
1 2 5 8 144 8 
1 93 2 94 5 143 8 144 8 
1 303 2 94 5 189 8 144 8 
1 2 5 8 8 
1 2 5 8 8 
1 2 5 8 8 
1 2 5 143 8 144 8 
1 2 5 8 8 
1 2 4 5 101 8 208 8 
1 2 4 5 101 8 8 
1 2 5 8 8 
1 2 5 8 8 
1 2 5 8 8 
1 2 5 8 8 
1 2 5 143 8 144 8 
1 2 5 8 8 
1 2 5 8 8 
1 2 5 8 8 
1 93 2 94 5 8 8 
1 2 5 8 165 8 
1 2 5 8 8 
1 2 270 5 8 8 
1 2 94 5 143 8 144 8 
1 2 5 231 8 8 
1 2 5 8 8 
1 2 5 8 8 
1 2 5 8 8 
1 2 5 8 8 
1 2 5 8 8 
1 2 5 8 8 
1 2 270 5 8 8 
1 2 5 8 8 
1 2 5 8 8 
1 93 2 94 5 8 8 
1 2 42 73 5 8 8 
1 2 5 8 8 
1 2 4 5 8 8 
1 2 270 5 8 8 
1 2 5 8 8 
1 2 5 8 8 
1 2 5 8 8 
1 93 2 94 5 143 8 144 8 
1 2 42 73 5 8 8 
1 15 202 2 5 8 8 
1 2 4 5 8 8 
1 2 5 402 8 8 
1 2 5 8 8 
1 2 5 8 8 
1 2 5 8 8 
1 2 5 8 8 
1 2 5 8 8 
1 2 5 8 8 
1 2 5 8 8 
1 2 5 8 8 
1 2 270 5 8 8 
1 2 4 5 8 8 
1 2 5 8 8 
1 2 5 8 8 
1 2 5 8 8 
1 303 93 2 94 5 8 8 
1 2 270 5 8 8 
1 93 2 94 5 8 8 
1 303 2 94 5 8 8 
1 2 5 8 8 
1 2 5 8 8 
1 2 5 8 8 
1 2 5 8 8 
1 2 5 8 8 
1 2 5 8 8 
1 2 5 8 8 
1 2 5 8 8 
1 2 5 8 8 
1 2 5 8 8 
1 2 5 8 8 
1 2 5 8 8 
1 303 2 94 5 8 8 
1 2 5 8 8 
1 2 270 5 8 8 
1 2 94 5 8 8 
1 2 5 8 8 
1 2 5 8 8 
1 2 5 8 8 
1 93 2 94 5 8 8 
1 2 5 8 8 
1 2 4 5 8 8 
1 2 4 5 8 8 
1 2 270 5 8 8 
1 2 5 8 8 
1 2 270 5 8 8 
1 2 5 8 8 
1 303 2 94 5 8 8 
1 29 2 34 5 8 8 
1 2 5 8 8 
1 2 5 8 8 
1 2 270 5 8 8 
1 2 5 8 8 
1 2 5 8 8 
1 2 4 5 8 8 
1 2 5 8 8 
1 2 5 8 8 
1 2 5 8 8 
1 2 5 8 8 
1 2 5 8 8 
1 2 270 5 8 8 
1 2 5 8 8 
1 2 270 5 8 8 
1 2 5 8 8 
1 2 5 8 8 
1 2 5 8 8 
1 93 2 94 5 8 8 
1 2 5 8 8 
1 2 5 8 8 
1 2 5 8 8 
1 2 94 5 8 8 
1 2 5 8 8 