1 15 641 5 6 21 37 87 24 87 
1 53 54 15 51 641 5 6 21 37 87 24 87 
1 15 641 5 6 21 37 87 24 87 
1 15 641 5 6 21 37 87 24 87 
1 15 641 5 6 21 37 87 24 87 
1 15 641 5 6 21 37 87 24 87 
1 15 641 5 6 21 37 87 24 87 
1 15 641 5 6 21 37 87 24 87 
1 15 641 5 6 21 37 87 24 87 
1 15 641 5 6 21 37 87 24 87 
1 15 641 5 6 21 37 87 24 87 
1 15 641 5 6 87 87 
1 15 641 5 6 87 87 
1 15 641 5 6 87 87 
1 15 641 5 6 87 87 
1 15 641 5 6 87 87 
1 53 54 15 51 641 5 6 87 87 
1 15 641 5 6 87 87 
1 15 641 5 6 87 87 
1 15 641 5 6 8 87 87 
1 184 15 185 641 5 6 8 87 87 
1 15 451 51 313 78 641 5 6 8 87 87 
1 15 641 5 6 8 87 87 
1 15 641 5 6 8 87 87 
1 15 641 5 6 87 87 
1 15 641 5 6 87 87 
1 15 641 5 6 87 87 
1 15 641 5 6 87 87 
1 15 641 5 6 87 87 
1 15 641 5 6 87 87 
1 15 641 5 6 87 87 
1 15 641 5 6 87 87 
1 15 641 5 6 87 87 
1 15 641 5 6 87 87 
1 15 641 5 6 87 87 
1 15 641 5 6 87 87 
1 15 641 5 6 87 87 
1 15 641 5 6 87 87 
1 15 641 5 6 87 87 
1 15 641 5 6 87 87 
1 15 641 5 6 87 87 
1 15 641 5 6 87 87 
1 15 641 5 6 87 87 
1 53 54 15 51 641 5 6 87 87 
1 15 641 5 6 87 87 
1 15 641 5 6 87 87 
1 15 641 5 6 87 87 
1 15 641 5 6 87 87 
1 15 641 5 6 87 87 
1 53 54 15 51 641 5 6 87 87 
1 53 54 15 51 641 5 6 87 87 
1 15 641 5 6 87 87 
1 15 641 5 6 87 87 
1 15 641 5 6 87 87 
1 15 641 5 6 87 87 
1 53 54 15 51 641 5 6 87 87 
1 15 641 5 6 87 87 
1 15 641 5 6 87 87 
1 15 641 5 6 87 87 
1 15 641 5 6 87 87 
1 15 641 5 6 87 87 
1 15 641 5 6 87 87 
1 15 641 5 6 87 87 
1 15 641 5 6 87 87 
1 15 641 5 6 87 87 
1 15 641 5 6 87 87 
1 15 641 5 6 87 87 
1 15 641 5 6 87 87 
1 15 641 5 6 87 87 
1 15 641 5 6 87 87 
1 15 641 5 6 87 87 
1 15 641 5 6 9 87 87 
1 15 641 5 6 87 87 
1 15 641 5 6 23 87 139 87 
1 15 641 5 6 23 87 139 87 
1 53 54 15 51 641 5 6 23 87 139 87 
1 15 641 5 6 23 87 139 87 
1 53 54 15 51 641 5 6 23 87 139 87 
1 15 641 5 6 23 87 139 87 
1 15 641 5 6 23 87 139 87 
1 15 641 5 6 23 87 139 87 
1 15 641 5 6 23 87 139 87 
1 15 641 5 6 23 87 139 87 
1 53 54 15 51 641 5 6 23 87 139 87 
1 15 641 5 6 23 87 139 87 
1 15 641 5 6 23 87 139 87 
1 15 641 5 6 23 87 139 87 
1 15 641 5 6 23 87 139 87 
1 53 54 15 51 641 5 6 23 87 139 87 
1 53 54 15 51 641 5 6 23 87 139 87 
1 15 641 5 6 23 87 139 87 
1 15 641 5 6 23 87 139 87 
1 15 641 5 6 23 87 139 87 
1 15 641 5 6 23 87 139 87 
1 15 641 5 6 23 87 139 87 
1 53 54 15 51 641 5 6 23 87 139 87 
1 15 641 5 6 21 87 24 87 
1 53 54 15 51 641 5 6 21 87 24 87 
1 15 641 5 6 87 87 
1 15 641 5 6 23 87 139 87 
1 53 54 15 51 641 5 6 23 87 139 87 
1 53 54 15 51 641 5 6 23 87 139 87 
1 15 641 5 6 23 87 139 87 
1 15 641 5 6 23 87 139 87 
1 15 641 5 6 23 87 139 87 
1 53 54 15 51 641 5 6 23 87 139 87 
1 15 641 5 6 87 87 
1 15 51 313 78 641 5 6 87 87 
1 15 641 5 6 87 87 
1 15 641 5 6 87 87 
1 15 641 5 6 87 87 
1 15 641 5 6 87 87 
1 15 641 5 6 87 87 
1 15 641 5 6 87 87 
1 15 641 5 6 87 87 
1 15 641 5 6 87 87 
1 15 641 5 6 87 87 
1 15 641 5 6 87 87 
1 15 641 5 6 87 87 
1 15 641 5 6 87 87 
1 15 641 5 6 87 87 
1 15 641 5 6 87 87 
1 15 641 5 6 87 87 
1 15 641 5 6 87 87 
1 15 641 5 6 87 87 
1 15 51 313 78 641 5 6 87 87 
1 15 641 5 6 87 87 
1 15 641 5 6 87 87 
1 15 51 313 78 641 5 6 87 87 
1 15 51 313 78 641 5 6 87 87 
1 15 641 5 6 87 87 
1 15 51 313 78 641 5 6 87 87 
1 15 641 5 6 87 87 
1 15 641 5 6 87 87 
1 15 641 5 6 87 87 
1 15 641 5 6 87 87 
1 15 641 5 6 87 87 
1 15 51 313 78 641 5 6 87 87 
1 15 641 5 6 87 87 
1 15 641 5 6 87 87 
1 15 641 5 6 87 87 
1 15 51 313 78 641 5 6 87 87 
1 15 51 313 78 641 5 6 87 87 
1 15 51 313 78 641 5 6 87 87 
1 15 641 5 6 87 87 
1 15 641 5 6 87 87 
1 15 51 313 78 641 5 6 87 87 
1 15 641 5 6 87 87 
1 15 641 5 6 87 87 
1 15 641 5 6 87 87 
1 53 54 15 51 641 5 6 87 87 
1 15 641 5 6 87 87 
1 15 641 5 6 87 87 
1 15 641 5 6 87 87 
1 15 641 5 6 87 87 
1 15 641 5 6 87 87 
1 15 641 5 6 87 87 
1 53 54 15 51 641 5 6 87 87 
1 53 54 15 51 641 5 6 87 87 
1 15 641 5 6 87 87 
1 53 54 15 51 641 5 6 87 87 
1 15 641 5 6 87 87 
1 15 641 5 6 87 87 
1 15 641 5 6 87 87 
1 53 54 15 51 641 5 6 87 87 
1 53 54 15 51 641 5 6 87 87 
1 53 54 15 51 641 5 6 87 87 
1 53 54 15 51 641 5 6 87 87 
1 15 641 5 6 87 87 
1 15 641 5 6 87 87 
1 15 641 5 6 87 87 
1 15 641 5 6 87 87 
1 53 54 15 51 641 5 6 87 87 
1 15 641 5 6 87 87 
1 15 641 5 6 87 87 
1 15 641 5 6 87 87 
1 15 641 5 6 87 87 
1 15 641 5 6 87 87 
1 15 641 5 6 87 87 
1 15 641 5 6 87 87 
1 15 641 5 6 87 87 
1 15 641 5 6 87 87 
1 15 641 5 6 87 87 
1 15 641 5 6 87 87 
1 15 641 5 6 87 87 
1 15 641 5 6 87 87 
1 15 641 5 6 87 87 
1 15 51 641 5 6 87 87 
1 15 641 5 6 87 87 
1 15 641 5 6 87 87 
1 15 641 5 6 87 87 
1 15 641 5 6 87 87 
1 15 641 5 6 87 87 
1 15 641 5 6 87 87 
1 15 641 5 6 87 87 
1 15 641 5 6 87 87 
1 15 641 5 6 87 87 
1 15 641 5 6 87 87 
1 15 641 5 6 87 87 
1 53 54 15 51 641 5 6 87 87 
1 15 641 5 6 87 87 
1 15 641 5 6 87 87 
1 15 641 5 6 87 87 
1 15 641 5 6 87 87 
1 53 54 15 51 641 5 6 87 87 
1 15 641 5 6 87 87 
1 15 641 5 6 87 87 
1 15 641 5 6 87 87 
1 15 641 5 6 87 87 
1 15 641 5 6 87 87 
1 442 15 401 641 5 6 87 87 
1 15 641 5 6 87 87 
1 15 641 5 6 87 87 
1 15 641 5 6 87 87 
1 15 641 5 6 87 87 
1 15 43 641 5 6 87 87 
1 53 54 15 51 641 5 6 87 87 
1 15 641 5 6 87 87 
1 15 641 5 6 87 87 
1 53 54 15 51 641 5 6 87 87 
1 15 641 5 6 87 87 
1 15 641 5 6 87 87 
1 15 641 5 6 87 87 
1 15 641 5 6 87 87 
1 15 641 5 6 87 87 
1 15 641 5 6 87 87 
1 15 641 5 6 87 87 
1 15 641 5 6 87 87 
1 15 641 5 6 87 87 
1 15 641 5 6 87 87 
1 15 641 5 6 87 87 
1 15 641 5 6 87 87 
1 15 641 5 6 87 87 
1 15 641 5 6 87 87 
1 15 641 5 6 87 87 
1 15 641 5 6 87 87 
1 15 641 5 6 87 87 
1 15 641 5 6 87 87 
1 15 641 5 6 87 87 
1 15 641 5 6 87 87 
1 15 641 5 6 87 87 
1 15 641 5 6 87 87 
1 15 641 5 6 87 87 
1 15 641 5 6 87 87 
1 15 641 5 6 87 87 
1 15 43 641 5 6 87 87 
1 53 54 15 51 641 5 6 87 87 
1 15 641 5 6 87 87 
1 15 641 5 6 87 87 
1 15 641 5 6 87 87 
1 15 641 5 6 87 87 
1 15 641 5 6 87 87 
1 15 641 5 6 87 87 
1 15 641 5 6 87 87 
1 15 641 5 6 87 87 
1 15 641 5 6 87 87 
1 15 641 5 6 23 87 139 87 
1 53 54 15 51 641 5 6 23 87 139 87 
1 15 641 5 6 87 87 
1 15 641 5 6 87 87 
1 15 641 5 6 87 87 
1 53 54 15 51 641 5 6 87 87 
1 15 641 5 6 87 87 
1 15 641 5 6 87 87 
1 442 15 401 641 5 6 87 87 
1 15 641 5 6 87 87 
1 15 641 5 6 87 87 
1 15 641 5 6 23 87 139 87 
1 15 641 5 6 23 87 139 87 
1 15 641 5 6 87 87 
1 15 641 5 6 23 87 139 87 
1 53 54 15 51 641 5 6 23 87 139 87 
1 15 641 5 6 23 87 139 87 
1 15 641 5 6 23 87 139 87 
1 15 641 5 6 23 87 139 87 
1 53 54 15 51 641 5 6 23 87 139 87 
1 15 641 5 6 23 87 139 87 
1 15 641 5 6 23 87 139 87 
1 53 54 15 51 641 5 6 23 87 139 87 
1 15 641 5 6 23 87 139 87 
1 15 641 5 6 87 87 
1 15 641 5 6 8 87 87 
1 15 641 5 6 87 87 
1 15 641 5 6 87 87 
1 15 641 5 6 87 87 
1 53 54 15 51 641 5 6 87 87 
1 15 641 5 6 87 87 
1 53 54 15 51 641 5 6 87 87 
1 15 641 5 6 87 87 
1 15 641 5 6 87 87 
1 15 641 5 6 87 87 
1 15 641 5 6 87 87 
1 15 51 313 78 641 5 6 87 87 
1 15 641 5 6 87 87 
1 15 641 5 6 87 87 
1 15 641 5 6 87 87 
1 15 16 641 5 6 87 87 
1 15 16 641 5 6 87 87 
1 15 641 5 6 87 87 
1 15 641 5 6 87 87 
1 15 641 5 6 87 87 
1 15 641 5 6 87 87 
1 15 641 5 6 87 87 
1 15 641 5 6 87 87 
1 442 15 401 641 5 6 87 87 
1 15 641 5 6 87 87 
1 15 641 5 6 87 87 
1 15 641 5 6 87 87 
1 15 641 5 6 87 87 
1 15 641 5 6 87 87 
1 15 641 5 6 87 87 
1 15 641 5 6 87 87 
1 15 641 5 6 87 87 
1 15 641 5 6 87 87 
1 15 641 5 6 87 87 
1 15 641 5 6 87 87 
1 15 641 5 6 87 87 
1 15 641 5 6 87 87 
1 15 641 5 6 87 87 
1 15 641 5 6 87 87 
1 15 641 5 6 87 87 
1 15 641 5 6 87 87 
1 15 641 5 6 87 87 
1 15 641 5 6 87 87 
1 15 51 313 78 641 5 6 87 87 
1 15 641 5 6 87 87 
1 15 641 5 6 87 87 
1 15 641 5 6 87 87 
1 15 641 5 6 87 87 
1 15 641 5 6 87 87 
1 15 641 5 6 87 87 
1 15 51 641 5 6 87 87 
1 15 641 5 6 87 87 
1 15 641 5 6 87 87 
1 15 641 5 6 87 87 
1 15 641 5 6 87 87 
1 15 641 5 6 87 87 
1 15 641 5 6 87 87 
1 53 54 15 51 641 5 6 87 87 
1 15 641 5 6 87 87 
1 15 641 5 6 87 87 
1 15 641 5 6 87 87 
1 15 641 5 6 87 87 
1 15 641 5 6 23 87 139 87 
1 53 54 15 51 641 5 6 23 87 139 87 
1 15 641 5 6 87 87 
1 15 641 5 6 87 87 
1 15 641 5 6 87 87 
1 15 51 313 78 641 5 6 87 87 
1 15 641 5 6 87 87 
1 15 641 5 6 87 87 
1 15 641 5 6 87 87 
1 15 51 313 78 641 5 6 8 87 87 
1 15 641 5 6 8 87 87 
1 15 641 5 6 8 87 87 
1 15 641 5 6 8 87 87 
1 15 641 5 6 8 87 87 
1 15 641 5 6 8 87 87 
1 15 641 5 6 8 87 87 
1 15 641 5 6 8 87 87 
1 15 641 5 6 8 87 87 
1 15 641 5 6 8 87 87 
1 15 641 5 6 8 87 87 
1 15 641 5 6 8 87 87 
1 15 51 313 78 641 5 6 8 87 87 
1 15 51 313 78 641 5 6 8 87 87 
1 15 51 313 78 641 5 6 8 87 87 
1 15 51 313 78 641 5 6 8 87 87 
1 15 51 313 78 641 5 6 8 87 87 
1 53 54 15 51 641 5 6 8 87 87 
1 15 641 5 6 8 87 87 
1 15 641 5 6 8 87 87 
1 15 641 5 6 8 87 87 
1 15 641 5 6 8 87 87 
1 15 641 5 6 8 87 87 
1 15 641 5 6 8 87 87 
1 15 641 5 6 8 87 87 
1 15 641 5 6 8 87 87 
1 15 641 5 6 8 87 87 
1 15 641 5 6 8 87 87 
1 15 641 5 6 8 87 87 
1 15 641 5 6 8 87 87 
1 15 641 5 6 8 87 87 
1 15 641 5 6 8 87 87 
1 15 641 5 6 87 87 
1 15 641 5 6 87 87 
1 15 641 5 6 87 87 
1 53 54 15 51 641 5 6 87 87 
1 15 641 5 6 87 87 
1 15 641 5 6 23 87 139 87 
1 53 54 15 51 641 5 6 23 87 139 87 
1 15 641 5 6 23 87 139 87 
1 15 641 5 6 23 87 139 87 
1 53 54 15 51 641 5 6 23 87 139 87 
1 15 641 5 6 23 87 139 87 
1 15 641 5 6 87 87 
1 15 641 5 6 23 87 139 87 
1 53 54 15 51 641 5 6 23 87 139 87 
1 15 641 5 6 23 87 139 87 
1 15 641 5 6 23 87 139 87 
1 53 54 15 51 641 5 6 23 87 139 87 
1 15 641 5 6 23 87 139 87 
1 15 641 5 6 23 87 139 87 
1 15 641 5 6 23 87 139 87 
1 53 54 15 51 641 5 6 23 87 139 87 
1 15 641 5 6 23 87 139 87 
1 15 641 5 6 87 87 
1 15 641 5 6 87 87 
1 15 51 313 78 641 5 6 87 87 
1 15 641 5 6 87 87 
1 15 641 5 6 87 87 
1 15 641 5 6 87 87 
1 15 641 5 6 87 87 
1 15 641 5 6 87 87 
1 15 641 5 6 87 87 
1 15 641 5 6 87 87 
1 15 641 5 6 87 87 
1 15 641 5 6 87 87 
1 15 641 5 6 87 87 
1 15 641 5 6 87 87 
1 15 641 5 6 87 87 
1 15 641 5 6 87 87 
1 15 641 5 6 87 87 
1 15 641 5 6 87 87 
1 15 641 5 6 87 87 
1 15 641 5 6 87 87 
1 15 641 5 6 87 87 
1 15 641 5 6 87 87 
1 15 641 5 6 87 87 
1 15 641 5 6 87 87 
1 15 641 5 6 87 87 
1 15 641 5 6 87 87 
1 15 51 313 78 641 5 6 87 87 
1 15 641 5 6 87 87 
1 15 641 5 6 87 87 
1 15 641 5 6 87 87 
1 15 641 5 6 87 87 
1 15 641 5 6 87 87 
1 15 641 5 6 87 87 
1 15 641 5 6 87 87 
1 15 641 5 6 87 87 
1 15 641 5 6 87 87 
1 15 641 5 6 87 87 
1 15 641 5 6 87 87 
1 15 641 5 6 87 87 
1 15 641 5 6 87 87 
1 15 641 5 6 87 87 
1 15 641 5 6 87 87 
1 15 641 5 6 87 87 
1 15 641 5 6 87 87 
1 15 641 5 6 87 87 
1 15 641 5 6 87 87 
1 15 641 5 6 87 87 
1 15 641 5 6 87 87 
1 15 641 5 6 87 87 
1 15 641 5 6 87 87 
1 15 641 5 6 87 87 
1 15 641 5 6 87 87 
1 15 641 5 6 87 87 
1 15 641 5 6 87 87 
1 53 54 15 51 641 5 6 87 87 
1 15 641 5 6 87 87 
1 15 641 5 6 87 87 
1 15 641 5 6 87 87 
1 15 641 5 6 23 87 139 87 
1 15 51 313 78 641 5 6 87 87 
1 15 641 5 6 87 87 
1 15 641 5 6 87 87 
1 53 54 15 51 641 5 6 87 87 
1 15 641 5 6 87 87 
1 15 641 5 6 87 87 
1 15 641 5 6 87 87 
1 15 641 5 6 87 87 
1 15 641 5 6 87 87 
1 15 641 5 6 87 87 
1 15 641 5 6 87 87 
1 15 51 313 78 641 5 6 87 87 
1 15 641 5 6 87 87 
1 15 51 313 78 641 5 6 87 87 
1 15 51 313 78 641 5 6 87 87 
1 15 641 5 6 87 87 
1 15 641 5 6 87 87 
1 15 51 313 78 641 5 6 87 87 
1 15 641 5 6 87 87 
1 15 641 5 6 87 87 
1 15 641 5 6 87 87 
1 15 641 5 6 87 87 
1 15 641 5 6 87 87 
1 15 641 5 6 87 87 
1 15 641 5 6 87 87 
1 15 641 5 6 87 87 
1 15 641 5 6 87 87 
1 15 641 5 6 87 87 
1 15 641 5 6 87 87 
1 15 641 5 6 87 87 
1 15 51 313 78 641 5 6 87 87 
1 15 641 5 6 87 87 
1 15 641 5 6 87 87 
1 15 641 5 6 87 87 
1 15 51 313 78 641 5 6 87 87 
1 15 641 5 6 87 87 
1 15 641 5 6 87 87 
1 15 641 5 6 87 87 
1 15 641 5 6 87 87 
1 15 641 5 6 87 87 
1 15 641 5 6 87 87 
1 15 641 5 6 87 87 
1 15 641 5 6 87 87 
1 15 51 313 78 641 5 6 87 87 
1 15 641 5 6 87 87 
1 15 641 5 6 87 87 
1 15 641 5 6 87 87 
1 15 641 5 6 87 87 
1 15 641 5 6 87 87 
1 15 641 5 6 87 87 
1 15 641 5 6 87 87 
1 15 641 5 6 87 87 
1 15 641 5 6 87 87 
1 15 641 5 6 87 87 
1 15 641 5 6 87 87 
1 15 641 5 6 87 87 
1 15 641 5 6 87 87 
1 15 43 641 5 6 87 87 
1 15 641 5 6 87 87 
1 15 641 5 6 87 87 
1 15 641 5 6 8 87 87 
1 15 641 5 6 8 87 87 
1 53 54 15 51 641 5 6 8 87 87 
1 53 54 15 51 641 5 6 87 87 
1 53 54 15 51 641 5 6 87 87 
1 53 54 15 51 641 5 6 87 87 
1 15 641 5 6 87 87 
1 15 641 5 6 87 87 
1 53 54 15 51 641 5 6 87 87 
1 15 641 5 6 87 87 
1 15 641 5 6 87 87 
1 54 15 51 441 192 641 5 6 8 87 87 
1 15 641 5 6 87 87 
1 15 641 5 6 87 87 
1 15 641 5 6 87 87 
1 15 641 5 6 87 87 
1 15 51 313 78 641 5 6 87 87 
1 15 641 5 6 87 87 
1 15 51 313 78 641 5 6 87 87 
1 15 51 313 78 641 5 6 87 87 
1 15 51 313 78 641 5 6 87 87 
1 15 51 313 78 641 5 6 87 87 
1 15 641 5 6 87 87 
1 15 51 313 78 641 5 6 87 87 
1 15 51 313 78 641 5 6 87 87 
1 53 54 15 51 641 5 6 87 87 
1 15 641 5 6 87 87 
1 15 641 5 6 87 87 
1 15 641 5 6 87 87 
1 15 641 5 6 87 87 
1 15 641 5 6 87 87 
1 15 641 5 6 87 87 
1 15 641 5 6 87 87 
1 15 641 5 6 87 87 
1 15 641 5 6 87 87 
1 53 54 15 51 641 5 6 87 87 
1 15 641 5 6 87 87 
1 15 641 5 6 87 87 
1 15 43 641 5 6 87 87 
1 53 54 15 51 641 5 6 87 87 
1 15 641 5 6 87 87 
1 15 641 5 6 87 87 
1 15 641 5 6 87 87 
1 15 641 5 6 87 87 
1 15 641 5 6 87 87 
1 15 641 5 6 87 87 
1 15 2 641 5 6 87 87 
1 15 641 5 6 87 87 
1 15 641 5 6 87 87 
1 15 641 5 6 87 87 
1 15 641 5 6 87 87 
1 15 641 5 6 87 87 
1 15 641 5 6 87 87 
1 15 641 5 6 87 87 
1 15 641 5 6 87 87 
1 15 641 5 6 87 87 
1 53 54 15 51 641 5 6 87 87 
1 15 641 5 6 87 87 
1 15 641 5 6 87 87 
1 15 641 5 6 87 87 
1 15 641 5 6 87 87 
1 15 641 5 6 87 87 
1 15 641 5 6 87 87 
1 15 641 5 6 87 87 
1 15 641 5 6 87 87 
1 40 15 41 42 641 5 6 87 87 
1 15 641 5 6 87 87 
1 15 641 5 6 87 87 
1 15 641 5 6 87 87 
1 15 51 313 78 641 5 6 87 87 
1 15 641 5 6 87 87 
1 15 641 5 6 87 87 
1 15 641 5 6 87 87 
1 15 641 5 6 87 87 
1 15 641 5 6 87 87 
1 15 641 5 6 87 87 
1 15 641 5 6 87 87 
1 15 641 5 6 87 87 
1 15 641 5 6 87 87 
1 164 15 330 641 5 6 87 87 
1 15 641 5 6 87 87 
1 15 641 5 6 23 87 139 87 
1 15 641 5 6 23 87 139 87 
1 15 641 5 498 6 87 87 
1 15 641 5 498 6 87 87 
1 15 641 5 6 87 87 
1 15 641 5 6 87 87 
1 53 54 15 51 641 5 6 87 87 
1 15 641 5 6 87 87 
1 15 51 313 78 641 5 6 87 87 
1 15 51 313 78 641 5 6 87 87 
1 15 641 5 6 87 87 
1 15 641 5 6 87 87 
1 15 641 5 6 87 87 
1 15 641 5 6 87 87 
1 15 641 5 6 87 87 
1 15 51 313 78 641 5 6 87 87 
1 15 641 5 6 87 87 
1 15 51 313 78 641 5 6 87 87 
1 15 641 5 6 87 87 
1 15 641 5 6 87 87 
1 15 641 5 6 87 87 
1 15 641 5 6 87 87 
1 15 641 5 6 87 87 
1 15 641 5 6 87 87 
1 15 641 5 6 87 87 
1 15 641 5 6 87 87 
1 53 54 15 51 641 5 6 87 87 
1 15 641 5 6 87 87 
1 15 641 5 6 87 87 
1 15 51 313 78 641 5 6 87 87 
1 15 641 5 6 87 87 
1 53 54 15 51 641 5 6 87 87 
1 15 641 5 6 87 87 
1 15 641 5 6 87 87 
1 15 641 5 6 87 87 
1 15 641 5 6 87 87 
1 15 641 5 6 87 87 
1 15 641 5 6 87 87 
1 15 641 5 6 87 87 
1 15 641 5 6 87 87 
1 15 641 5 6 87 87 
1 15 641 5 6 87 87 
1 53 54 15 51 641 5 6 87 87 
1 15 641 5 6 87 87 
1 15 641 5 6 87 87 
1 15 641 5 6 87 87 
1 15 641 5 6 87 87 
1 15 641 5 6 87 87 
1 15 641 5 6 87 87 
1 53 54 15 51 641 5 6 87 87 
1 15 641 5 6 87 87 
1 15 641 5 6 87 87 
1 53 54 15 51 641 5 6 87 87 
1 15 641 5 6 87 87 
1 15 2 641 4 5 6 87 87 
1 15 2 641 4 5 6 87 87 
1 15 2 641 4 5 6 87 87 
1 15 2 641 4 5 6 87 87 
1 15 2 641 4 5 6 87 87 
1 15 2 641 4 5 6 87 87 
1 15 641 5 6 87 87 
1 15 641 5 6 87 87 
1 15 641 5 6 87 87 
1 15 641 5 6 87 87 
1 15 641 5 6 87 87 
1 53 54 15 51 641 5 6 87 87 
1 15 641 5 6 87 87 
1 15 641 5 6 87 87 
1 15 641 5 6 87 87 
1 15 641 5 6 87 87 
1 15 641 5 6 87 87 
1 15 641 5 6 87 87 
1 53 54 15 51 641 5 6 87 87 
1 15 641 5 6 87 87 
1 15 641 5 6 87 87 
1 15 641 5 6 87 87 
1 15 641 5 6 87 87 
1 15 641 5 6 87 87 
1 15 641 5 6 87 87 
1 53 54 15 51 641 5 6 87 87 
1 15 641 91 5 6 92 87 87 
1 53 54 15 51 641 5 6 87 87 
1 15 641 5 6 87 87 
1 15 641 5 6 87 87 
1 15 641 5 6 87 87 
1 15 641 5 6 87 87 
1 15 641 5 6 87 87 
1 15 641 5 6 87 87 
1 15 641 5 6 87 87 
1 15 641 5 6 87 87 
1 15 641 5 6 87 87 
1 15 641 5 6 87 87 
1 53 54 15 51 641 5 6 87 87 
1 15 641 5 6 87 87 
1 15 641 5 6 23 87 139 87 
1 15 641 5 6 23 87 139 87 
1 53 54 15 51 641 5 6 23 87 139 87 
1 15 641 5 6 87 87 
1 15 641 5 6 87 87 
1 15 641 5 6 87 87 
1 15 641 5 6 87 87 
1 53 54 15 51 641 5 6 87 87 
1 53 54 15 51 641 5 6 87 87 
1 15 641 5 6 87 87 
1 15 641 5 6 87 87 
1 15 641 5 6 87 87 
1 53 54 15 51 641 5 6 87 87 
1 15 2 641 5 6 87 87 
1 15 641 5 6 23 87 139 87 
1 15 641 5 6 23 87 139 87 
1 53 54 15 51 641 5 6 23 87 139 87 
1 15 641 5 6 87 87 
1 15 641 5 6 87 87 
1 15 641 5 6 87 87 
1 15 641 5 6 87 87 
1 15 641 5 6 87 87 
1 15 641 5 6 87 87 
1 15 641 5 6 87 87 
1 15 641 5 6 87 87 
1 53 54 15 51 641 5 6 87 87 
1 15 641 5 6 87 87 
1 15 641 5 6 87 87 
1 15 641 5 6 87 87 
1 15 641 5 6 87 87 
1 15 641 5 6 87 87 
1 15 641 5 6 87 87 
1 15 641 5 6 87 87 
1 15 641 5 6 87 87 
1 15 641 5 6 87 87 
1 15 641 5 6 87 87 
1 15 641 5 6 87 87 
1 53 54 15 51 641 5 6 87 87 
1 15 641 5 6 87 87 
1 15 641 5 6 87 87 
1 15 641 5 6 87 87 
1 15 641 5 6 87 87 
1 15 641 5 6 87 87 
1 15 641 5 6 87 87 
1 15 641 5 6 87 87 
1 15 641 5 6 87 87 
1 15 641 5 6 87 87 
1 15 641 5 6 87 87 
1 15 641 5 6 87 87 
1 15 641 5 6 87 87 
1 15 2 641 4 5 6 87 87 
1 53 54 15 51 641 5 6 87 87 
1 53 54 15 51 641 5 6 87 87 
1 53 54 15 51 641 5 6 87 87 
1 15 641 5 6 87 87 
1 53 54 15 51 641 5 6 87 87 
1 15 641 5 6 87 87 
1 15 641 5 6 87 87 
1 15 641 5 6 23 87 139 87 
1 15 641 5 6 23 87 139 87 
1 53 54 15 51 641 5 6 23 87 139 87 
1 15 641 5 6 87 87 
1 15 641 5 6 87 87 
1 15 641 5 6 87 87 
1 15 641 5 6 87 87 
1 15 641 5 6 87 87 
1 15 641 5 6 8 87 87 
1 53 54 15 51 641 5 6 8 87 87 
1 15 641 5 6 8 87 87 
1 15 641 5 6 8 87 87 
1 15 641 5 6 8 87 87 
1 15 641 5 6 8 87 87 
1 15 641 5 6 8 87 87 
1 15 641 5 6 8 87 87 
1 15 641 5 6 8 87 87 
1 15 641 5 6 8 87 87 
1 15 641 5 6 8 87 87 
1 15 641 5 6 8 87 87 
1 15 641 5 6 8 87 87 
1 15 641 5 6 8 87 87 
1 15 641 5 6 8 87 87 
1 15 641 5 6 8 87 87 
1 15 2 641 5 6 87 87 
1 15 641 5 6 87 87 
1 15 2 641 5 6 87 87 
1 15 51 313 78 641 5 6 87 87 
1 15 51 313 78 641 5 6 87 87 
1 15 641 5 6 87 87 
1 15 641 5 6 87 87 
1 15 641 5 6 21 87 87 
1 15 641 5 6 87 87 
1 15 641 5 6 87 87 
1 15 641 5 6 87 87 
1 15 641 5 6 87 87 
1 15 641 5 6 87 87 
1 15 641 5 6 87 87 
1 15 641 5 6 87 87 
1 15 641 5 6 87 87 