1 97 19 2 98 5 48 62 6 63 591 591 
1 97 19 2 98 5 48 6 591 591 
1 97 19 2 98 5 48 6 591 591 
1 97 19 2 98 5 48 6 591 591 
1 97 19 2 98 5 48 6 591 591 
1 97 19 2 98 5 48 6 591 591 
1 97 19 2 98 5 48 6 591 591 
1 97 19 2 98 5 48 6 591 591 
1 97 19 2 98 5 48 6 591 591 
1 97 19 2 98 5 48 6 591 591 
1 97 19 2 98 5 48 6 591 591 
1 97 19 2 98 5 48 6 591 591 
1 97 19 2 98 5 48 6 591 591 
1 97 19 2 98 5 48 6 591 591 
1 97 19 2 98 5 48 6 591 591 
1 97 19 2 98 5 48 6 591 591 
1 97 19 2 98 5 48 6 591 591 
1 97 19 2 98 5 48 6 591 591 
1 97 19 2 98 5 48 6 591 591 
1 97 19 2 98 5 48 6 591 591 
1 97 19 2 98 5 48 6 591 591 
1 97 19 2 98 5 48 6 591 591 
1 97 19 2 98 5 48 6 591 591 
1 97 19 2 98 5 48 6 591 591 
1 97 19 2 98 5 48 6 591 591 
1 97 19 2 98 5 48 6 591 591 
1 97 19 2 98 5 48 6 591 591 
1 97 19 2 98 5 48 6 591 591 
1 97 88 19 2 98 5 48 6 591 591 
1 97 19 2 98 5 48 6 591 591 
1 97 19 2 98 5 48 6 426 591 591 
1 97 19 2 98 5 48 6 591 591 
1 97 19 2 98 5 48 6 591 591 
1 97 19 2 98 5 48 6 591 591 
1 97 19 2 98 5 48 6 591 591 
1 97 19 2 98 5 48 6 426 591 591 
1 97 19 2 98 5 48 6 591 591 
1 97 19 2 98 5 48 6 591 591 
1 97 19 2 98 5 48 6 591 591 
1 97 19 2 98 5 48 6 591 591 
1 97 19 2 98 5 48 6 591 591 
1 97 19 2 98 5 48 6 591 591 
1 97 19 2 98 5 48 6 591 591 
1 97 19 2 98 5 48 6 591 591 
1 97 19 2 98 5 48 6 591 591 
1 97 19 2 98 5 48 6 591 591 
1 97 19 2 98 5 48 6 591 591 
1 97 19 2 98 5 48 6 591 591 
1 97 19 2 98 5 48 6 591 591 
1 97 19 2 98 5 48 6 591 591 
1 97 19 2 98 5 48 6 591 591 
1 97 19 2 98 5 48 6 591 591 
1 97 53 54 51 19 2 98 5 48 6 591 591 
1 97 19 2 98 5 48 6 591 591 
1 97 19 2 98 5 48 6 591 591 
1 97 19 2 98 5 48 6 591 591 
1 97 19 2 98 5 48 6 591 591 
1 97 19 2 98 5 48 6 591 591 
1 97 19 2 98 5 48 6 591 591 
1 97 19 2 98 5 48 6 591 591 
1 97 19 2 98 5 48 6 591 591 
1 97 19 2 98 5 48 6 591 591 
1 97 19 2 98 5 48 6 426 591 591 
1 97 19 2 98 5 48 6 591 591 
1 97 19 2 98 5 48 6 591 591 
1 97 19 2 98 5 48 6 591 591 
1 97 19 2 98 5 48 6 591 591 
1 97 19 2 98 5 48 6 591 591 
1 97 19 2 98 5 48 6 591 591 
1 97 19 2 98 5 48 6 591 591 
1 97 19 2 98 5 48 6 591 591 
1 97 19 2 98 5 48 6 591 591 
1 97 19 2 98 5 48 6 591 591 
1 97 19 2 98 5 48 6 591 591 
1 97 19 2 98 5 48 6 591 591 
1 97 19 2 98 5 48 6 591 591 
1 97 19 2 98 5 48 6 591 591 
1 97 19 2 98 5 48 6 591 591 
1 97 19 2 98 5 48 6 591 591 
1 97 19 2 98 5 48 6 591 591 
1 97 19 2 98 5 48 6 591 591 
1 97 19 2 98 5 48 6 591 591 
1 97 19 2 98 5 48 6 591 591 
1 97 19 2 98 5 48 6 591 591 
1 97 19 2 98 5 48 6 591 591 
1 97 19 2 98 5 48 6 591 591 
1 97 19 2 98 5 48 6 591 591 
1 97 19 2 98 5 48 6 591 591 
1 97 19 2 98 5 48 6 591 591 
1 97 19 2 98 5 48 6 591 591 
1 97 19 2 98 5 48 6 591 591 
1 97 19 2 98 5 48 6 591 591 
1 97 19 2 98 5 48 6 591 591 
1 97 19 2 98 5 48 6 591 591 
1 97 19 2 98 5 48 6 591 591 
1 97 19 2 98 5 48 6 591 591 
1 97 19 2 98 5 48 6 591 591 
1 97 19 2 98 5 48 6 591 591 
1 97 19 2 98 5 48 6 591 591 
1 97 19 2 98 5 48 6 591 591 
1 97 19 2 98 5 48 6 591 591 
1 97 19 2 98 5 48 6 591 591 
1 97 19 2 98 5 48 6 591 591 
1 97 19 2 98 5 48 6 591 591 
1 97 19 2 98 5 48 6 591 591 
1 97 19 2 98 5 48 6 591 591 
1 97 19 2 98 5 48 6 591 591 
1 97 19 2 98 5 48 6 591 591 
1 97 19 2 98 5 48 6 591 591 
1 97 19 2 98 5 48 6 591 591 
1 97 19 2 98 5 48 6 591 591 
1 97 19 2 98 5 48 6 591 591 
1 97 19 2 98 5 48 6 591 591 
1 97 53 54 51 19 2 98 5 48 6 591 591 
1 97 19 2 98 5 48 6 591 591 
1 97 19 2 98 5 48 6 591 591 
1 97 19 2 98 5 48 6 591 591 
1 97 19 2 98 5 48 6 591 591 
1 97 19 2 98 5 48 6 591 591 
1 97 19 2 98 5 48 6 591 591 
1 97 19 2 98 5 48 6 591 591 
1 97 19 2 98 5 48 6 591 591 
1 97 19 2 98 5 48 6 591 591 
1 97 19 2 98 5 48 6 591 591 
1 97 19 2 98 5 48 6 591 591 
1 97 19 2 98 5 48 6 591 591 
1 97 19 2 98 5 48 6 591 591 
1 97 19 2 98 5 48 6 426 591 591 
1 97 19 2 98 5 48 6 591 591 
1 97 19 2 98 5 48 6 591 591 
1 97 19 2 98 5 48 6 591 591 
1 97 19 2 98 5 48 6 591 591 
1 97 19 2 98 5 48 6 591 591 
1 97 19 2 98 5 48 6 591 591 
1 97 19 2 98 5 48 6 591 591 
1 97 19 2 98 5 48 6 591 591 
1 97 19 2 98 5 48 6 591 591 
1 97 53 54 51 19 2 98 5 48 6 591 591 
1 97 19 2 98 5 48 6 591 591 
1 97 19 2 98 5 48 6 591 591 
1 97 19 2 98 5 48 6 591 591 
1 97 19 2 98 5 48 6 591 591 
1 97 19 2 98 5 48 6 591 591 
1 97 19 2 98 5 48 6 591 591 
1 97 19 2 98 5 48 6 591 591 
1 97 19 2 98 5 48 6 591 591 
1 97 19 2 98 5 48 6 591 591 
1 97 19 2 98 5 48 6 591 591 
1 97 19 2 98 5 48 6 591 591 
1 97 19 2 98 5 48 6 591 591 
1 97 19 2 98 5 48 6 591 591 
1 97 19 2 98 5 48 6 591 591 
1 97 19 2 98 5 48 6 591 591 
1 97 19 2 98 5 48 6 591 591 
1 97 19 2 98 5 48 6 591 591 
1 97 19 2 98 5 48 6 591 591 
1 97 19 2 98 5 48 6 591 591 
1 97 19 2 98 5 48 6 591 591 
1 97 19 2 98 5 48 6 591 591 
1 97 19 2 98 5 48 6 591 591 
1 97 19 2 98 5 48 6 591 591 
1 97 19 2 98 5 48 6 591 591 
1 97 19 2 98 5 48 6 591 591 
1 97 19 2 98 5 48 6 591 591 
1 97 19 2 98 5 48 6 591 591 
1 97 19 2 98 5 48 6 591 591 
1 97 19 2 98 5 48 6 591 591 
1 97 19 2 98 5 48 6 591 591 
1 97 19 2 98 5 48 6 591 591 
1 97 19 2 98 5 48 6 591 591 
1 97 19 2 98 5 48 6 591 591 
1 97 19 2 98 5 48 6 591 591 
1 97 19 2 98 5 48 6 591 591 
1 97 19 2 98 5 48 6 591 591 
1 97 19 2 98 5 48 6 591 591 
1 97 19 2 98 5 48 6 591 591 
1 97 19 2 98 5 48 6 591 591 
1 97 19 2 98 5 48 6 591 591 
1 97 19 2 98 5 48 6 591 591 
1 97 19 2 98 5 48 6 591 591 
1 97 19 2 98 5 48 6 591 591 
1 97 19 2 98 5 48 6 591 591 
1 97 19 2 98 5 48 6 591 591 
1 97 19 2 98 5 48 6 591 591 
1 97 19 2 98 5 48 6 591 591 
1 97 19 2 98 5 48 6 591 591 
1 97 19 2 98 5 48 6 426 591 591 
1 97 19 2 98 5 48 6 591 591 
1 97 19 2 98 5 48 6 591 591 
1 97 19 2 98 5 48 6 591 591 
1 97 19 2 98 5 48 6 591 591 
1 97 19 2 98 5 48 6 591 591 
1 97 19 2 98 5 48 6 591 591 
1 97 19 2 98 5 48 6 591 591 
1 97 19 2 98 5 48 6 591 591 
1 97 88 19 2 98 5 48 6 591 591 
1 97 19 2 98 5 48 6 591 591 
1 97 19 2 98 5 48 6 591 591 
1 97 19 2 98 5 48 6 591 591 
1 97 19 2 98 5 48 6 591 591 
1 97 19 2 98 5 48 6 591 591 
1 97 19 2 98 5 48 6 591 591 
1 97 19 2 98 5 48 6 591 591 
1 97 19 2 98 5 48 6 591 591 
1 97 19 2 98 5 48 6 591 591 
1 97 19 2 98 5 48 6 591 591 
1 97 19 2 98 5 48 6 591 591 
1 97 19 2 98 5 48 6 591 591 
1 97 19 2 98 5 48 6 591 591 
1 97 19 2 98 5 48 6 591 591 
1 97 19 2 98 5 48 6 591 591 
1 97 53 54 51 19 2 98 5 48 6 591 591 
1 97 19 2 98 5 48 6 591 591 
1 97 19 2 98 5 48 6 591 591 
1 97 19 2 98 5 48 6 591 591 
1 97 19 2 98 5 48 6 591 591 
1 97 19 2 98 5 48 6 591 591 
1 97 19 2 98 5 48 6 591 591 
1 97 19 2 98 5 48 6 591 591 
1 97 19 2 98 5 48 6 591 591 
1 97 19 2 98 5 48 6 591 591 
1 97 19 2 98 5 48 6 591 591 
1 97 19 2 98 5 48 6 426 591 591 
1 97 19 2 98 5 48 6 591 591 
1 97 19 2 98 5 48 6 591 591 
1 97 19 2 98 5 48 6 591 591 
1 97 19 2 98 5 48 6 591 591 
1 97 19 2 98 5 48 6 591 591 
1 97 19 2 98 5 48 6 591 591 
1 97 19 2 98 5 48 6 591 591 
1 97 19 2 98 5 48 6 591 591 
1 97 19 2 98 5 48 6 591 591 
1 97 53 54 51 19 2 98 5 48 6 591 591 
1 97 19 2 98 5 48 6 591 591 
1 97 19 2 98 5 48 6 591 591 
1 97 19 2 98 5 48 6 591 591 
1 97 19 2 98 5 48 6 591 591 
1 97 53 54 51 19 2 98 5 48 6 591 591 
1 97 19 2 98 5 48 6 591 591 
1 97 19 2 98 5 48 6 591 591 
1 97 19 2 98 5 48 6 591 591 
1 97 19 2 98 5 48 6 591 591 
1 97 19 2 98 5 48 6 591 591 
1 97 19 2 98 5 48 6 591 591 
1 97 19 2 98 5 48 6 591 591 
1 97 19 2 98 5 48 6 591 591 
1 97 19 2 98 5 48 6 591 591 
1 97 19 2 98 5 48 6 591 591 
1 97 19 2 98 5 48 6 591 591 
1 97 19 2 98 5 48 6 591 591 
1 97 19 2 98 5 48 6 591 591 
1 97 19 2 98 5 48 6 591 591 
1 97 19 2 98 5 48 6 591 591 
1 97 19 2 98 5 48 6 591 591 
1 97 19 2 98 5 48 6 591 591 
1 97 19 2 98 5 48 6 591 591 
1 97 19 2 98 5 48 6 23 139 591 591 
1 97 19 2 98 5 48 6 23 139 591 591 
1 97 19 2 98 5 48 6 23 139 591 591 
1 97 19 2 98 5 48 6 23 139 591 591 
1 97 19 2 98 5 48 6 23 139 591 591 
1 97 19 2 98 5 48 6 23 139 591 591 
1 97 19 2 98 5 48 6 23 139 591 591 
1 97 19 2 98 5 48 6 23 139 591 591 
1 97 19 2 98 5 48 6 591 591 
1 97 19 2 98 5 48 6 591 591 
1 97 19 2 98 5 48 6 389 390 672 591 591 
1 97 19 2 98 5 48 6 389 390 672 591 591 
1 97 19 2 98 5 48 6 389 390 672 591 591 
1 97 19 2 98 5 48 6 389 390 672 591 591 
1 97 19 2 98 5 48 6 426 591 591 
1 97 19 2 98 5 48 6 591 591 
1 97 19 2 98 5 48 6 591 591 
1 97 19 2 98 5 48 6 591 591 
1 97 19 2 98 5 48 6 426 591 591 
1 97 19 2 98 5 48 6 591 591 
1 97 19 2 98 5 48 6 591 591 
1 97 19 2 98 5 48 6 591 591 
1 97 19 2 98 5 48 6 591 591 
1 97 19 2 98 5 48 6 591 591 
1 97 19 2 98 5 48 6 591 591 
1 97 19 2 98 5 48 6 591 591 
1 97 19 2 98 5 48 6 591 591 
1 97 19 2 98 5 48 6 591 591 
1 97 19 2 98 5 48 6 426 591 591 
1 97 19 2 98 5 48 6 591 591 
1 97 19 2 98 5 48 6 591 591 
1 97 19 2 98 5 48 6 591 591 
1 97 19 2 98 5 48 6 591 591 
1 97 19 2 98 5 48 6 591 591 
1 97 19 2 98 5 48 6 591 591 
1 97 19 2 98 5 48 6 591 591 
1 97 19 2 98 5 48 6 591 591 
1 97 19 2 98 5 48 6 591 591 
1 97 19 2 98 5 48 6 591 591 
1 97 19 2 98 5 48 6 591 591 
1 97 19 2 98 5 48 6 591 591 
1 97 19 2 98 5 48 6 591 591 
1 97 19 2 98 5 48 6 591 591 
1 97 19 2 98 5 48 6 591 591 
1 97 19 2 98 5 48 6 591 591 
1 97 19 2 98 5 48 6 591 591 
1 97 19 2 98 5 48 6 591 591 
1 97 19 2 98 5 48 6 591 591 
1 97 19 2 98 5 48 600 6 243 591 591 
1 97 19 2 98 5 48 6 21 68 24 591 591 
1 97 19 2 98 5 48 6 21 68 24 591 591 
1 97 19 2 98 5 48 6 426 591 591 
1 97 19 2 98 5 48 6 426 591 591 
1 97 19 2 98 5 48 6 426 591 591 
1 97 19 2 98 5 48 6 591 591 
1 97 19 2 98 5 48 6 591 591 
1 97 19 2 98 5 48 6 426 591 591 
1 97 19 2 98 5 48 6 426 591 591 
1 97 19 2 98 5 48 6 426 591 591 
1 97 19 2 98 5 48 6 426 591 591 
1 97 19 2 98 5 48 6 426 591 591 
1 97 19 2 98 5 48 6 426 591 591 
1 97 19 2 98 5 48 6 426 591 591 
1 97 19 2 98 5 48 6 426 591 591 
1 97 19 2 98 5 48 6 426 591 591 
1 97 19 2 98 5 48 6 426 591 591 
1 97 19 2 98 5 48 6 426 591 591 
1 97 19 2 98 5 48 6 426 591 591 
1 97 19 2 98 5 48 6 426 591 591 
1 97 19 2 98 5 48 6 426 591 591 
1 97 19 2 98 5 48 6 591 591 
1 97 19 2 98 5 48 6 591 591 
1 97 19 2 98 5 48 6 591 591 
1 97 19 2 98 5 48 6 591 591 
1 97 19 2 98 5 48 6 591 591 
1 97 19 2 98 5 48 6 591 591 
1 97 19 2 98 5 48 6 591 591 
1 97 19 2 98 5 48 6 591 591 
1 97 19 2 98 5 48 6 591 591 
1 97 19 2 98 5 48 6 591 591 
1 97 19 2 98 5 48 6 591 591 
1 97 19 2 98 5 48 6 591 591 
1 97 19 2 98 5 48 6 591 591 
1 97 19 2 98 5 48 6 591 591 
1 97 19 2 98 5 48 6 591 591 
1 97 19 2 98 5 48 6 591 591 
1 97 19 2 98 5 48 6 591 591 
1 97 19 2 98 5 48 6 591 591 
1 97 19 2 98 5 48 6 591 591 
1 97 19 2 98 5 48 6 591 591 
1 97 19 2 98 5 48 6 591 591 
1 97 19 2 98 5 48 6 591 591 
1 97 19 2 98 5 48 6 591 591 
1 97 19 2 98 5 48 6 591 591 
1 97 19 2 98 5 48 6 426 591 591 
1 97 19 2 98 5 48 6 591 591 
1 97 19 2 98 5 48 6 591 591 
1 97 19 2 98 5 48 6 591 591 
1 97 19 2 98 5 48 6 591 591 
1 97 19 2 98 5 48 6 591 591 
1 97 19 2 98 5 48 6 591 591 
1 97 19 2 98 5 48 6 591 591 
1 97 19 2 98 5 48 6 591 591 
1 97 19 2 98 5 48 6 591 591 
1 97 19 2 98 5 48 6 591 591 
1 97 19 2 98 5 48 6 591 591 
1 97 19 2 98 5 48 6 591 591 
1 97 19 2 98 5 48 6 591 591 
1 97 19 2 98 5 48 6 591 591 
1 97 19 2 98 5 48 6 591 591 
1 97 19 2 98 5 48 6 591 591 
1 97 53 54 51 19 2 98 5 48 6 591 591 
1 97 19 2 98 5 48 6 591 591 
1 97 19 2 98 5 48 6 591 591 
1 97 19 2 98 5 48 6 591 591 
1 97 19 2 98 5 48 6 591 591 
1 97 19 2 98 5 48 6 591 591 
1 97 19 2 98 5 48 6 591 591 
1 97 19 2 98 5 48 6 591 591 
1 97 19 2 98 5 48 6 426 591 591 
1 67 97 19 2 98 5 48 6 591 591 
1 97 19 2 98 5 48 6 591 591 
1 97 19 2 98 5 48 6 591 591 
1 97 19 2 98 5 48 6 591 591 
1 97 19 2 98 5 48 6 591 591 
1 97 19 2 98 5 48 6 591 591 
1 97 19 2 98 5 48 6 591 591 
1 97 19 2 98 5 48 6 591 591 
1 97 19 2 98 5 48 6 591 591 
1 97 19 2 98 5 48 6 426 591 591 
1 97 19 2 98 5 48 6 591 591 
1 97 19 2 98 5 48 6 591 591 
1 97 19 2 98 5 48 6 591 591 
1 97 19 2 98 5 48 6 426 591 591 
1 97 19 2 98 5 48 6 426 591 591 
1 97 19 2 98 5 48 6 591 591 
1 97 19 2 98 5 48 6 426 591 591 
1 97 19 2 98 5 48 6 426 591 591 
1 97 19 2 98 5 48 6 426 591 591 
1 97 19 2 98 5 48 6 426 591 591 
1 97 19 2 98 5 48 6 591 591 
1 97 19 2 98 5 48 6 426 591 591 
1 97 19 2 98 5 48 6 426 591 591 
1 97 53 54 51 19 2 98 5 48 6 591 591 
1 97 19 2 98 5 48 6 426 591 591 
1 97 19 2 98 5 48 6 591 591 
1 97 19 2 98 5 48 6 591 591 
1 97 19 2 98 5 48 6 591 591 
1 97 19 2 98 5 48 6 591 591 
1 97 19 2 98 5 48 6 591 591 
1 97 19 2 98 5 48 6 591 591 
1 97 53 54 51 19 2 98 5 48 6 591 591 
1 97 19 2 98 5 48 6 591 591 
1 97 53 54 51 19 2 98 5 48 6 591 591 
1 97 19 2 98 5 48 6 591 591 
1 97 19 2 98 5 48 6 591 591 
1 97 19 2 98 5 48 6 591 591 
1 97 19 2 98 5 48 6 591 591 
1 97 19 2 98 5 48 6 591 591 
1 97 19 2 98 5 48 6 591 591 
1 97 19 2 98 5 48 6 591 591 
1 97 19 2 98 5 48 6 591 591 
1 97 19 2 98 5 48 6 591 591 
1 97 19 2 98 5 48 6 591 591 
1 97 19 2 98 5 48 6 591 591 
1 97 19 2 98 5 48 6 591 591 
1 97 19 2 98 5 48 6 591 591 
1 97 19 2 98 5 48 6 591 591 
1 97 19 2 98 5 48 6 591 591 
1 97 19 2 98 5 48 6 591 591 
1 97 19 2 98 5 48 6 591 591 
1 97 19 2 98 5 48 6 591 591 
1 97 19 2 98 5 48 6 591 591 
1 97 19 2 98 5 48 6 591 591 
1 97 19 2 98 5 48 6 591 591 
1 97 19 2 98 5 48 6 591 591 
1 97 19 2 98 5 48 6 591 591 
1 97 19 2 98 5 48 6 591 591 
1 97 19 2 98 5 48 6 591 591 
1 97 19 2 98 5 48 6 591 591 
1 97 19 2 98 5 48 6 591 591 
1 97 19 2 98 5 48 6 591 591 
1 97 19 2 98 5 48 6 591 591 
1 97 19 2 98 5 48 6 591 591 
1 97 19 2 98 5 48 6 591 591 
1 97 19 2 98 5 48 6 591 591 
1 97 19 2 98 5 48 6 591 591 
1 97 19 2 98 5 48 6 591 591 
1 97 19 2 98 5 48 6 591 591 
1 97 19 2 98 5 48 6 591 591 
1 97 19 2 98 5 48 6 591 591 
1 97 19 2 98 5 48 6 591 591 
1 97 19 2 98 5 48 6 591 591 
1 97 19 2 98 5 48 6 591 591 
1 97 19 2 98 5 48 6 591 591 
1 97 19 2 98 5 48 6 591 591 
1 97 19 2 98 5 48 6 591 591 
1 97 19 2 98 5 48 6 591 591 
1 97 19 2 98 5 48 6 591 591 
1 97 19 2 98 5 48 6 591 591 
1 97 19 2 98 5 48 6 591 591 
1 97 19 2 98 5 48 6 591 591 
1 97 19 2 98 5 48 6 591 591 
1 97 19 2 98 5 48 6 591 591 
1 97 19 2 98 5 48 6 591 591 
1 97 19 2 98 5 48 6 591 591 
1 97 19 2 98 5 48 6 591 591 
1 97 19 2 98 5 48 6 591 591 
1 97 19 2 98 5 48 6 426 591 591 
1 97 19 2 98 5 48 6 426 591 591 
1 97 19 2 98 5 48 6 591 591 
1 97 19 2 98 5 48 6 591 591 
1 97 19 2 98 5 48 6 591 591 
1 97 19 2 98 5 48 6 591 591 
1 97 53 54 51 19 2 98 5 48 6 591 591 
1 97 19 2 98 5 48 6 591 591 
1 97 19 2 98 5 48 6 591 591 
1 97 19 2 98 5 48 6 591 591 
1 97 19 2 98 5 48 6 591 591 
1 97 19 2 98 5 48 6 426 591 591 
1 97 19 2 98 5 48 6 591 591 
1 97 19 2 98 5 48 6 591 591 