1 51 257 93 2 375 94 78 283 283 
51 257 375 78 283 283 
1 51 257 93 2 375 94 78 283 283 
1 51 257 93 2 375 94 78 283 283 
1 51 257 93 2 375 94 78 283 283 
1 51 257 93 2 375 94 78 283 283 
1 51 257 93 2 375 94 78 283 283 
1 51 257 93 2 375 94 78 283 283 
51 257 375 78 283 283 
51 257 375 78 283 283 
51 257 375 78 283 283 
1 51 257 93 2 375 94 78 283 283 
1 51 257 93 2 375 94 78 283 283 
1 51 257 93 2 375 94 78 283 283 
1 51 257 93 2 375 94 78 283 283 
51 257 375 78 283 283 
1 51 257 93 2 375 94 78 283 283 
51 257 375 78 283 283 
51 257 375 78 283 283 
1 51 257 93 2 375 94 78 283 283 
51 257 375 78 283 283 
1 51 257 93 2 375 94 78 283 283 
1 51 257 93 2 375 94 78 283 283 
51 257 375 78 283 283 
51 257 375 78 283 283 
51 257 375 78 283 283 
1 51 257 93 2 375 94 78 283 283 
51 257 375 78 283 283 
51 257 375 78 283 283 
51 257 375 78 283 283 
1 51 257 93 2 375 94 78 21 22 68 24 283 283 
1 51 257 93 2 375 94 78 283 283 
1 51 257 93 2 375 94 78 283 283 
51 257 375 78 283 283 
1 51 257 93 2 375 94 78 283 283 
51 257 375 78 91 5 6 92 283 283 
51 257 375 78 283 283 
1 51 257 93 2 375 94 78 283 283 
51 257 375 78 283 283 
1 51 257 93 2 375 94 78 283 283 
1 51 257 93 2 375 94 78 283 283 
1 51 257 93 2 375 94 78 283 283 
1 51 257 93 2 375 94 78 283 283 
1 51 257 93 2 375 94 78 283 283 
1 51 257 93 2 375 94 78 283 283 
1 51 257 93 2 375 94 78 283 283 
1 51 257 93 2 375 94 78 283 283 
51 257 375 78 283 283 
1 51 257 93 2 375 94 78 283 283 
51 257 375 78 177 112 113 309 310 283 283 
1 51 257 93 2 375 94 78 283 283 
1 51 257 93 2 375 94 78 283 283 
1 51 257 93 2 375 94 78 283 283 
1 51 257 93 2 375 94 78 283 283 
1 51 257 93 2 375 94 78 283 283 
1 51 257 93 2 375 94 78 283 283 
1 51 257 93 2 375 94 78 283 283 
51 257 375 78 177 112 113 309 310 283 283 
1 51 257 93 2 375 94 78 283 283 
1 51 257 93 2 375 94 78 283 283 
1 51 257 93 2 375 94 78 283 283 
1 51 257 93 2 375 94 78 283 283 
1 51 257 93 2 375 94 78 131 283 283 
51 257 375 78 283 283 
1 51 257 93 2 375 94 78 283 283 
1 51 257 93 2 375 94 78 283 283 
1 51 257 93 2 375 94 78 283 283 
1 51 257 93 2 375 94 78 283 283 
1 51 257 93 2 375 94 78 283 283 
51 257 375 78 283 283 
51 257 375 78 283 283 
51 257 375 78 283 283 
51 257 540 375 78 283 283 
51 257 375 78 283 283 
1 51 257 93 2 375 94 78 283 283 
51 257 375 78 283 283 
1 51 257 93 2 375 94 78 283 283 
1 51 257 93 2 375 94 78 283 283 
1 51 257 93 2 375 94 78 283 283 
51 257 375 78 5 6 283 283 
51 257 375 78 283 283 
51 257 375 78 283 283 
1 51 257 93 2 375 94 78 283 283 
1 51 257 93 2 375 94 78 283 283 
1 51 257 93 2 375 94 78 283 283 
1 51 257 93 2 375 94 78 283 283 
51 257 375 78 283 283 
1 51 257 93 2 375 94 78 283 283 
1 51 257 93 2 375 94 78 283 283 
1 51 257 93 2 375 94 78 283 283 
51 257 375 78 283 283 
1 51 257 93 2 375 94 78 283 283 
1 51 257 93 2 375 94 78 283 283 
1 51 257 93 2 375 94 78 283 283 
51 257 375 78 283 283 
1 51 257 93 2 375 94 78 283 283 
1 51 257 93 2 375 94 78 283 283 
51 257 375 78 177 112 113 309 310 283 283 
51 257 375 78 283 283 
1 51 257 93 2 375 94 78 283 283 
51 257 375 78 283 283 
1 51 257 93 2 375 94 78 283 283 
1 51 257 93 2 375 94 78 283 283 
1 51 257 93 2 375 94 78 283 283 
1 51 257 93 2 375 94 78 283 283 
51 257 375 78 283 283 
1 51 257 93 2 375 94 78 283 283 
1 51 257 93 2 375 94 78 283 283 
1 51 257 93 2 375 94 78 283 283 
1 51 257 93 2 375 94 78 283 283 
1 51 257 93 2 375 94 78 283 283 
1 51 257 93 2 375 94 78 283 283 
51 257 375 313 78 283 283 
1 51 257 93 2 375 94 78 283 283 
1 15 51 257 375 78 283 283 
51 257 375 78 283 283 
51 257 375 78 283 283 
1 51 257 93 2 375 94 78 283 283 
51 257 375 78 283 283 
51 257 375 78 254 36 255 283 283 
51 257 375 78 283 283 
1 51 257 93 2 375 94 78 283 283 
1 51 257 93 2 375 94 78 91 5 6 92 283 283 
51 257 375 78 283 283 
51 257 375 78 283 283 
51 257 375 78 283 283 
51 257 375 78 283 283 
1 51 257 93 2 375 94 78 283 283 
1 51 257 93 2 375 94 78 283 283 
51 257 375 78 283 283 
51 257 375 78 283 283 
1 51 257 93 2 375 94 78 283 283 
51 257 375 78 283 283 
51 257 375 78 131 283 283 
1 51 257 93 2 375 94 78 283 283 
1 51 257 93 2 375 94 78 283 283 
51 257 375 78 283 283 
1 15 51 257 375 78 283 283 
51 257 375 78 283 283 