54 190 51 257 555 192 21 22 37 24 21 
54 190 51 257 555 192 21 22 24 21 
54 190 51 257 555 192 5 21 22 143 8 37 144 24 21 
54 190 51 257 556 192 5 21 22 143 8 37 144 24 21 
54 190 51 257 555 192 21 22 37 24 21 
54 557 190 51 257 192 21 22 37 24 21 
54 190 51 257 555 192 133 21 22 68 24 21 
54 557 190 51 257 192 5 21 22 143 8 37 144 24 21 
54 190 51 257 555 192 171 5 104 21 22 162 8 172 68 24 21 
54 557 190 51 257 192 21 22 68 24 21 
54 557 190 51 257 192 5 81 6 21 22 82 61 24 21 
54 190 51 257 555 192 81 21 22 82 24 21 
54 190 51 257 556 192 81 133 21 22 82 68 24 21 
54 190 51 257 555 192 28 109 21 22 364 80 21 
54 557 190 51 257 192 133 21 22 68 24 21 
54 557 190 51 257 192 133 21 22 68 24 21 
54 557 190 51 257 192 133 21 22 68 24 21 
54 190 51 257 555 192 21 22 68 24 21 
54 190 51 257 555 192 21 22 68 24 21 
54 190 51 257 556 192 354 21 22 68 24 21 
54 190 51 257 555 192 133 21 22 68 24 21 
54 190 51 257 555 192 133 21 22 68 24 21 
54 190 51 257 556 192 354 21 22 68 24 21 
54 557 190 51 257 192 133 21 22 68 24 21 
54 190 51 257 556 192 354 21 22 68 24 21 
54 557 190 51 257 192 133 21 22 68 24 21 
54 190 51 257 555 192 104 21 22 68 24 21 
54 190 51 257 555 192 81 21 22 82 24 21 
54 190 51 257 555 192 81 21 22 82 24 21 
54 190 51 257 556 192 21 22 68 24 21 
54 190 51 257 556 192 21 22 352 99 353 100 21 
54 190 51 257 555 192 21 22 68 24 21 
54 190 51 257 555 192 21 22 68 24 21 
54 190 51 257 555 192 133 21 22 68 24 21 
54 190 51 257 555 192 28 109 21 22 80 110 21 
54 190 51 257 555 192 133 21 22 68 24 21 
54 557 190 51 257 192 21 22 68 24 21 
54 190 51 257 555 192 21 22 68 24 21 
54 190 51 257 555 192 21 22 68 24 21 
54 190 51 257 555 192 28 109 21 22 80 110 21 
54 190 51 257 556 192 21 22 352 99 353 100 21 
54 190 51 257 555 192 21 22 68 24 21 
54 190 51 257 555 192 133 21 22 68 24 21 
54 557 190 51 257 192 21 22 68 24 21 
54 190 51 257 555 192 269 28 109 21 22 80 110 21 
54 557 190 51 257 192 21 22 68 24 21 
54 190 51 257 555 192 472 28 109 21 22 80 110 21 
54 190 51 257 555 192 21 22 68 24 21 
54 557 190 51 257 192 28 21 22 80 79 21 
54 557 190 51 257 192 365 21 22 99 100 21 
54 190 51 257 555 192 21 22 263 24 21 
54 190 51 257 555 192 21 22 24 21 
54 190 51 257 555 192 21 22 352 99 353 100 21 
54 190 51 257 555 192 21 22 24 21 
54 190 51 257 555 192 21 22 24 21 
54 557 190 51 257 192 81 21 22 82 68 24 21 
54 190 51 257 555 192 21 22 24 21 
54 190 51 257 556 192 81 21 22 82 68 24 21 
54 190 51 257 556 192 81 21 22 82 68 24 21 
54 190 51 257 556 192 81 21 22 82 68 24 21 
54 190 51 257 556 192 81 21 22 82 68 24 21 
54 190 51 257 555 192 21 22 263 24 21 
54 190 51 257 555 192 81 21 22 82 68 24 21 
54 557 190 51 257 192 81 21 22 82 68 24 21 
54 190 51 257 555 192 81 21 22 82 68 24 21 
54 190 51 257 555 192 28 21 22 111 80 21 
54 190 51 257 555 192 81 21 22 82 68 24 21 
54 190 51 257 555 192 81 21 22 82 68 24 21 
54 557 190 51 257 192 28 21 22 80 79 21 
54 557 190 51 257 192 81 21 22 82 68 24 21 
54 190 51 257 555 192 81 21 22 82 68 24 21 
54 190 51 257 555 192 81 21 22 82 68 24 21 
54 557 190 51 257 192 21 22 68 24 21 
54 190 51 257 556 192 81 21 22 82 68 24 21 
54 190 51 257 555 192 81 21 22 82 24 21 
54 190 51 257 555 192 81 21 22 82 68 24 21 
54 190 51 257 556 192 81 21 22 82 68 24 21 
54 190 51 257 555 192 81 21 22 82 68 24 21 
54 190 51 257 556 192 21 22 68 24 21 
54 190 51 257 556 192 28 558 109 21 22 80 21 
54 557 190 51 257 192 21 22 68 24 21 
54 557 190 51 257 192 21 22 352 99 353 100 21 
54 557 190 51 257 192 28 21 22 80 79 21 
54 190 51 257 555 192 28 109 21 22 80 110 21 
54 557 190 51 257 192 104 21 22 68 24 21 
54 190 51 257 555 192 21 22 68 24 21 
54 557 190 51 257 192 28 21 22 80 79 21 
54 190 51 257 555 192 256 21 22 68 24 21 
54 190 51 257 555 192 21 22 68 24 21 
54 190 51 257 555 192 28 109 21 22 80 110 21 
54 557 190 51 257 192 28 21 22 80 79 21 
54 190 51 257 555 192 269 21 22 24 21 
54 557 190 51 257 192 28 21 22 80 79 21 
54 190 51 257 555 192 28 109 21 22 80 110 21 
54 557 190 51 257 192 28 21 22 80 79 21 
54 190 51 257 555 192 5 28 109 21 22 176 162 8 80 110 21 
54 557 190 51 257 192 21 22 68 24 21 
54 190 51 257 555 192 21 22 68 24 21 
54 557 190 51 257 192 28 21 22 80 79 21 
54 190 51 257 555 192 5 28 109 6 21 22 80 110 21 
54 557 190 51 257 192 28 21 22 80 79 21 
54 190 51 257 555 192 21 22 68 24 21 
54 190 51 257 556 192 21 22 68 24 21 
54 190 51 257 555 192 21 22 68 24 21 
54 557 190 51 257 192 354 21 22 68 24 21 
54 190 51 257 555 192 21 22 68 24 21 
54 557 190 51 257 192 21 22 68 24 21 
54 557 190 51 257 192 21 22 68 24 21 
54 190 51 257 555 192 133 21 22 68 24 21 
54 190 51 257 555 192 133 21 22 68 24 21 
54 557 190 51 257 192 21 22 68 24 21 
54 190 51 257 555 192 21 22 24 21 
54 190 51 257 555 192 21 22 263 24 21 
54 190 51 257 555 192 21 22 68 24 21 
54 557 190 51 257 192 28 21 22 80 79 21 
54 557 190 51 257 192 28 21 22 80 79 21 
54 557 190 51 257 192 28 21 22 80 79 21 
54 557 190 51 257 192 21 22 68 24 21 
54 190 51 257 555 192 28 109 21 22 80 110 21 
54 190 51 257 555 192 133 21 22 68 24 21 
54 190 51 257 555 192 21 22 68 24 21 
54 190 51 257 556 192 21 22 68 24 21 
54 190 51 257 555 192 21 22 68 24 21 
54 190 51 257 555 192 104 21 22 68 24 21 
54 190 51 257 555 192 21 22 68 24 21 
54 190 51 257 555 192 21 22 68 24 21 
54 190 51 257 555 192 21 22 68 24 21 
54 190 51 257 555 192 21 22 68 24 21 
54 190 51 257 555 192 21 22 68 24 21 
54 557 190 51 257 192 133 21 22 68 24 21 
54 557 190 51 257 192 21 22 68 24 21 
54 190 51 257 555 192 28 109 21 22 80 110 21 
54 190 51 257 555 192 21 22 68 24 21 
54 557 190 51 257 192 21 22 24 21 
54 557 190 51 257 192 28 21 22 80 79 21 
54 190 51 257 555 192 269 21 22 68 24 21 
54 190 51 257 555 192 21 22 68 24 21 
54 190 51 257 555 192 104 21 22 68 24 21 
54 557 190 51 257 192 28 21 22 80 79 21 
54 190 51 257 556 192 21 22 263 24 21 
54 557 190 51 257 192 21 22 263 24 21 
54 190 51 257 555 192 21 22 68 24 21 
54 190 51 257 555 192 21 22 68 24 21 
54 190 51 257 555 192 21 22 68 24 21 
54 190 51 257 555 192 269 28 109 21 22 80 110 21 
54 557 190 51 257 192 104 21 22 68 24 21 
54 190 51 257 555 192 21 22 263 24 21 
54 190 51 257 555 192 28 109 21 22 80 110 21 
54 190 51 257 556 192 21 22 68 24 21 
54 190 51 257 555 192 21 22 68 24 21 
54 557 190 51 257 192 28 21 22 80 79 21 
54 557 190 51 257 192 28 21 22 80 79 21 
54 557 190 51 257 192 28 21 22 80 79 21 
54 557 190 51 257 192 21 22 68 24 21 
54 53 190 51 257 555 192 21 22 263 24 21 
54 190 51 257 555 192 104 21 22 68 24 21 
54 190 51 257 556 192 104 21 22 68 24 21 
54 190 51 257 555 192 104 21 22 68 24 21 
54 190 51 257 555 192 104 21 22 68 24 21 
54 190 51 257 556 192 21 22 263 24 21 
54 190 51 257 555 192 21 22 263 24 21 
54 190 51 257 556 192 365 21 22 99 100 21 
54 190 51 257 555 192 269 21 22 24 21 
54 190 51 257 555 192 21 22 24 21 
54 190 51 257 555 192 354 21 22 68 24 21 
54 557 190 51 257 192 28 21 22 80 79 21 
54 190 51 257 555 192 28 109 21 22 80 110 21 
54 190 51 257 555 192 28 21 22 111 80 21 
54 190 51 257 555 192 104 21 22 68 24 21 
54 190 51 257 556 192 21 22 24 21 
54 190 51 257 555 192 21 22 24 21 
54 190 51 257 555 192 21 22 24 21 
54 557 190 51 257 192 28 21 22 80 79 21 
54 557 190 51 257 192 28 21 22 80 79 21 
54 190 51 257 555 192 21 22 68 24 21 
54 190 51 257 555 192 133 21 22 68 24 21 
54 557 190 51 257 192 28 21 22 80 79 21 
54 190 51 257 556 192 21 22 24 21 
54 190 51 257 555 192 21 22 68 24 21 
54 190 51 257 555 192 104 21 22 68 24 21 
54 190 51 257 556 192 21 22 24 21 
54 557 190 51 257 192 28 21 22 80 79 21 
54 190 51 257 556 192 21 22 352 99 353 100 21 
54 557 190 51 257 192 21 22 24 21 
54 190 51 257 556 192 21 22 24 21 
54 190 51 257 555 192 21 22 24 21 
54 190 51 257 556 192 21 22 24 21 
54 190 51 257 555 192 21 22 24 21 
54 190 51 257 555 192 21 22 24 21 