51 257 348 349 350 351 81 21 22 82 24 24 
51 257 348 349 350 351 81 21 22 82 24 24 
51 257 348 349 350 351 81 21 22 82 24 24 
51 257 348 349 350 351 81 21 22 82 24 24 
51 257 348 349 350 351 81 21 22 82 24 24 
51 257 348 349 350 351 81 21 22 82 24 24 
51 257 348 349 350 351 81 21 22 82 24 24 
1 15 51 257 348 350 349 43 351 81 21 22 82 24 24 
51 257 348 349 350 351 81 21 22 82 24 24 
51 257 348 349 350 351 81 21 22 82 24 24 
51 257 348 349 350 351 81 21 22 82 24 24 
51 257 348 349 350 351 81 21 22 82 24 24 
51 257 348 349 350 351 81 21 22 82 24 24 
51 257 348 349 350 351 81 21 22 82 24 24 
51 257 348 349 350 351 81 21 22 82 24 24 
51 257 348 349 350 351 81 21 22 82 24 24 
51 257 348 349 350 351 81 21 22 82 24 24 
51 257 348 349 350 351 81 21 22 82 24 24 
51 257 348 349 350 351 81 21 22 82 24 24 
51 257 348 349 350 351 81 21 22 82 24 24 
51 257 348 349 350 351 81 21 22 82 24 24 
51 257 348 349 350 351 81 21 22 82 24 24 
51 257 348 349 350 351 81 21 22 82 24 24 
51 257 348 349 350 351 81 21 22 82 24 24 
51 257 348 349 350 351 81 21 22 82 24 24 
51 257 348 349 350 351 81 21 22 82 24 24 
51 257 348 349 350 351 81 21 22 82 24 24 
51 257 348 349 350 351 81 21 22 82 24 24 
51 257 348 349 350 351 21 22 68 24 24 
51 257 348 349 350 351 81 21 22 82 24 24 