51 257 348 349 350 351 690 
51 257 348 349 350 351 690 
51 257 348 349 350 351 690 
51 257 348 349 350 351 690 
51 257 348 349 350 351 690 
51 257 348 349 350 351 690 
51 257 348 349 350 351 690 
51 257 348 349 350 351 690 
51 257 348 349 350 351 690 
51 257 348 349 350 351 690 
51 257 348 349 350 351 690 
51 257 348 349 350 351 690 
51 257 348 349 350 351 690 
51 257 348 349 350 351 690 
51 257 348 349 350 351 690 
51 257 348 349 350 351 690 
51 257 348 349 350 351 690 
51 257 348 349 350 351 690 
51 257 348 349 350 351 690 
51 257 348 349 350 351 690 
51 257 348 349 350 351 690 
51 257 348 349 350 351 690 
51 257 348 349 350 351 690 
51 257 348 349 350 351 690 
51 257 348 349 350 351 690 
51 257 348 349 350 351 690 
51 257 348 349 350 351 690 
51 257 348 349 350 351 690 
51 257 348 349 350 351 690 
51 257 348 349 350 351 690 
51 257 348 349 350 351 690 
51 257 348 349 350 351 690 
51 257 348 349 350 351 690 
51 257 348 349 350 351 690 
51 257 348 349 350 351 690 
51 257 348 350 349 351 690 
51 257 348 349 350 351 690 
51 257 348 349 350 351 690 
51 257 348 349 350 351 690 
51 257 348 349 350 351 690 
51 257 348 349 350 351 690 
51 257 348 349 350 351 690 
51 257 348 349 350 351 690 
51 257 348 349 350 351 690 
51 257 348 349 350 351 690 
51 257 348 349 350 351 690 
51 257 348 349 350 351 690 
51 257 348 349 350 351 690 
51 257 348 349 350 351 690 
51 257 348 349 350 351 690 
51 257 348 349 350 351 690 
51 257 348 349 350 351 690 
51 257 348 349 350 351 690 
51 257 348 349 350 351 690 
51 257 348 349 350 351 690 
51 257 348 349 350 351 690 
51 257 348 349 350 351 690 
51 257 348 349 350 351 690 
51 257 348 349 350 351 690 
51 257 348 349 350 351 690 
51 257 348 349 350 351 690 
51 257 348 349 350 351 690 
51 257 348 349 350 351 690 
51 257 348 349 350 351 690 
51 257 348 349 350 351 690 
51 257 348 349 350 351 690 
51 257 348 349 350 351 690 
51 257 348 349 350 351 690 
51 257 348 349 350 351 690 
51 257 348 349 350 351 690 
51 257 348 349 350 351 690 
51 257 348 349 350 351 690 
51 257 348 349 350 351 690 
51 257 348 349 350 351 690 
51 257 348 349 350 351 690 
51 257 348 349 350 351 690 
51 257 348 349 350 351 690 
51 257 348 349 350 351 690 
51 257 348 349 350 351 690 
51 257 348 349 350 351 690 
51 257 348 349 350 351 690 
51 257 348 349 350 351 690 
51 257 348 349 350 351 690 
51 257 348 349 350 351 690 
40 51 257 348 349 350 42 351 690 
51 257 348 349 350 351 690 
51 257 348 349 350 351 690 
51 257 348 349 350 351 690 
51 257 348 349 350 351 690 
51 257 348 349 350 351 690 
51 257 348 349 350 351 690 
51 257 348 349 350 351 690 
51 257 348 349 350 351 690 
51 257 348 349 350 351 690 
51 257 348 349 350 351 690 
51 257 348 349 350 351 690 
51 257 348 349 350 351 690 
1 15 51 257 348 349 350 43 351 690 
51 257 348 349 350 351 690 
51 257 348 349 350 351 690 
51 257 348 349 350 351 690 
51 257 348 349 350 351 690 
51 257 348 349 350 351 690 
51 257 348 349 350 351 690 
51 257 348 349 350 351 690 
51 257 348 349 350 351 690 
51 257 348 349 350 351 690 
51 257 348 349 350 351 690 
51 257 348 349 350 351 690 
51 257 348 349 350 351 690 
51 257 348 349 350 351 690 
51 257 348 349 350 351 690 
51 257 348 349 350 351 690 
51 257 348 349 350 351 690 
51 257 348 349 350 351 690 
51 257 348 349 350 351 690 
51 257 348 349 350 351 690 
51 257 348 349 350 351 690 
51 257 348 349 350 351 690 
51 257 348 349 350 351 690 
51 257 348 349 350 351 690 
51 257 348 349 350 351 690 
51 257 348 349 350 351 690 
51 257 348 349 350 351 690 
51 257 348 349 350 351 690 
51 257 348 349 350 351 690 
51 257 348 349 350 351 690 
51 257 348 349 350 351 690 
51 257 348 349 350 351 690 
51 257 348 349 350 351 690 
51 257 348 349 350 351 690 
51 257 348 349 350 351 690 
51 257 348 349 350 351 690 
51 257 348 349 350 351 690 
51 257 348 349 350 351 690 
51 257 348 349 350 351 690 
51 257 348 349 350 351 690 
51 257 348 349 350 351 690 
51 257 348 349 350 351 690 
51 257 348 349 350 351 690 
51 257 348 349 350 351 690 
51 257 348 349 350 351 690 
51 257 348 349 350 351 690 
51 257 348 349 350 351 690 
51 257 348 349 350 351 690 
51 257 348 349 350 351 690 
51 257 348 349 350 351 690 
51 257 348 349 350 351 690 
51 257 348 349 350 351 690 
51 257 348 349 350 351 690 
51 257 348 349 350 351 690 
51 257 348 349 350 351 690 
51 257 348 349 350 351 690 
51 257 348 349 350 351 690 
51 257 348 349 350 351 690 
51 257 348 349 350 351 690 
51 257 348 349 350 351 690 
51 257 348 349 350 351 690 
51 257 348 349 350 351 690 
51 257 348 349 350 351 690 
51 257 348 349 350 351 690 
51 257 348 349 350 351 690 
51 257 348 349 350 351 690 
51 257 348 349 350 351 690 
51 257 348 349 350 351 690 
51 257 348 349 350 351 690 
51 257 348 349 350 351 690 
51 257 348 349 350 351 690 
51 257 348 349 350 351 690 
51 257 348 349 350 351 690 
51 257 348 349 350 351 690 
51 257 348 349 350 351 690 
51 257 348 349 350 351 690 
51 257 348 349 350 351 690 
51 257 348 349 350 351 690 
51 257 348 349 350 351 690 
51 257 348 349 350 351 690 
51 257 348 349 350 351 690 
51 257 348 349 350 351 690 
51 257 348 349 350 351 690 
51 257 348 349 350 351 690 
51 257 348 349 350 351 690 
51 257 348 349 350 351 690 
51 257 348 349 350 351 690 
51 257 348 349 350 351 690 
51 257 348 349 350 351 690 
51 257 348 349 350 351 690 
1 15 51 257 348 349 350 351 690 
51 257 348 349 350 351 690 
51 257 348 349 350 351 690 
51 257 348 349 350 351 690 
51 257 348 349 350 351 690 
51 257 348 349 350 351 690 
51 257 348 349 350 351 690 
51 257 348 349 350 351 690 
51 257 348 349 350 351 690 
51 257 348 349 350 351 690 
51 257 348 349 350 351 690 
51 257 348 349 350 351 690 
51 257 348 349 350 351 690 
51 257 348 349 350 351 690 
51 257 348 349 350 351 690 
51 257 348 349 350 351 690 
51 257 348 349 350 351 690 