1 15 114 5 6 21 37 87 24 87 
1 15 114 5 6 21 37 87 24 87 
1 15 114 5 6 87 87 
1 15 114 5 6 87 87 
1 15 114 5 6 87 87 
1 15 114 5 6 87 87 
1 15 114 5 6 9 87 87 
1 15 114 5 6 87 87 
1 15 114 5 6 87 87 
1 15 114 5 6 87 87 
1 15 114 5 6 87 87 
1 15 114 5 6 87 87 
1 15 114 5 6 87 87 
1 15 114 5 6 87 87 
1 184 15 185 114 5 6 87 87 
1 15 114 5 6 87 87 
1 15 114 5 6 87 87 
1 15 114 5 6 87 87 
1 184 15 185 114 5 6 87 87 
1 15 114 5 6 87 87 
1 15 114 5 6 87 87 
1 15 114 5 6 87 87 
1 15 114 5 6 87 87 
1 15 16 114 5 6 87 87 
1 15 16 114 5 6 87 87 
1 15 114 5 6 87 87 
1 15 114 5 6 87 87 
1 15 114 5 6 87 87 
1 15 114 5 6 87 87 
1 15 114 5 6 87 87 
1 15 114 5 6 87 87 
1 15 114 5 6 87 87 
1 15 114 5 6 87 87 
1 15 114 5 6 87 87 
1 15 114 5 6 87 87 
1 15 114 5 6 87 87 
1 15 114 5 6 87 87 
1 15 114 5 6 87 87 
1 15 114 5 6 87 87 
1 15 114 5 6 87 87 
1 15 114 5 6 87 87 
1 15 114 5 6 87 87 
1 15 114 5 6 87 87 
1 15 114 5 6 87 87 
1 15 114 5 6 87 87 
1 15 114 5 6 87 87 
1 15 114 5 6 87 87 
1 15 114 5 6 87 87 
1 15 571 114 43 5 6 87 87 
1 15 114 5 6 87 87 
1 15 114 5 6 87 87 
1 15 114 5 6 87 87 
1 15 114 5 6 87 87 
1 15 114 5 6 87 87 
1 15 114 5 6 87 87 
1 15 114 5 6 87 87 
1 15 114 5 6 87 87 
1 15 114 5 6 87 87 
1 15 114 5 6 87 87 
1 15 114 5 6 87 87 
1 15 114 5 6 87 87 
1 15 2 114 5 6 87 87 
1 15 114 5 6 87 87 
1 15 114 5 6 87 87 
1 15 114 5 6 87 87 
1 15 114 5 6 87 87 
1 15 114 5 6 87 87 
1 15 114 5 6 87 87 
1 15 114 5 6 87 87 
1 15 114 5 6 87 87 
1 15 114 5 6 87 87 
1 15 114 5 6 87 87 
1 15 114 5 6 87 87 
1 15 114 5 6 87 87 
1 15 114 5 6 87 87 
1 15 114 5 6 87 87 
1 15 114 5 6 87 87 
1 15 114 5 6 87 87 
1 15 114 5 6 87 87 
1 15 114 5 6 87 87 
1 15 114 5 6 87 87 
1 15 114 5 6 87 87 
1 15 114 5 6 87 87 
1 15 114 5 6 87 87 
1 184 15 185 114 5 6 87 87 
1 15 114 5 6 87 87 
1 15 114 5 6 87 87 
1 15 114 5 6 87 87 
1 15 114 5 6 87 87 
1 15 114 5 6 87 87 
1 15 114 5 6 87 87 
1 15 114 5 6 87 87 
1 15 114 5 6 87 87 
1 15 114 5 6 87 87 
1 15 114 5 6 87 87 
1 15 114 5 6 87 87 
1 15 114 5 6 87 87 
1 15 114 5 6 87 87 
1 15 114 5 6 101 8 87 102 87 
1 15 114 5 6 87 87 
1 15 114 5 6 87 87 
1 15 114 5 6 87 87 
1 15 114 5 6 87 87 
1 15 114 5 6 87 87 
1 15 114 5 6 87 87 
1 15 114 5 6 87 87 
1 15 114 5 6 87 87 
1 15 114 5 6 87 87 
1 15 114 5 6 87 87 
1 15 114 5 6 87 87 
1 15 114 5 6 87 87 
1 15 114 5 6 21 87 68 24 87 
1 15 114 5 6 87 87 
1 15 114 5 6 87 87 
1 15 114 5 6 87 87 
1 15 114 5 6 87 87 
1 40 15 42 114 5 6 87 87 
1 15 114 5 6 87 87 
1 15 114 5 6 87 87 
1 15 114 5 6 87 87 
1 15 114 5 6 10 87 87 
1 15 114 5 6 10 87 87 
1 15 114 5 6 87 87 
1 15 114 5 6 87 87 
1 15 114 5 6 87 87 
1 40 15 42 114 5 6 87 87 
1 15 2 114 5 6 87 87 
1 15 2 114 5 6 87 87 
1 15 114 5 6 87 87 
1 15 114 5 91 6 92 87 87 
1 15 114 5 91 6 92 87 87 
1 15 114 5 91 6 92 87 87 
1 15 114 5 6 87 87 
1 184 15 185 114 5 6 87 87 
1 15 114 5 6 87 87 
1 184 15 185 114 5 91 6 92 87 87 
1 184 15 185 114 5 6 87 87 
1 15 114 5 6 87 87 
1 15 114 5 6 87 87 
1 184 15 185 114 5 6 87 87 
1 15 114 5 6 87 87 
1 15 114 5 6 87 87 
1 15 114 5 6 87 87 
1 15 114 5 6 87 87 
1 15 114 5 6 87 87 
1 15 114 5 6 87 87 
1 15 114 5 6 87 87 
1 184 15 185 114 5 91 6 92 87 87 
1 15 114 5 6 87 87 
1 15 114 5 6 87 87 
1 15 114 5 6 87 87 
1 15 114 5 6 87 87 
1 15 114 5 6 87 87 
1 15 114 5 6 87 87 
1 15 114 5 6 87 87 
1 15 114 5 6 87 87 
1 15 114 5 6 87 87 
1 15 114 5 6 87 87 
1 15 114 5 6 8 87 87 
1 15 114 5 6 8 87 87 
1 15 114 5 6 87 87 
1 15 114 5 6 87 87 
1 15 114 5 6 87 87 
1 15 114 5 6 87 87 
1 15 114 5 6 87 87 
1 15 114 5 6 87 87 
1 15 114 5 6 87 87 
1 15 114 5 6 87 87 
1 15 114 5 6 87 87 
1 15 114 5 6 87 87 
1 15 114 5 6 87 87 
1 15 114 5 6 87 87 
1 15 114 5 6 87 87 
1 15 114 5 6 87 87 
1 15 114 5 6 87 87 
1 15 114 5 6 87 87 
1 15 114 5 6 87 87 
1 15 114 5 6 87 87 
1 15 114 5 6 87 87 
1 15 114 5 6 87 87 
1 15 114 5 6 87 87 
1 15 114 5 6 87 87 
1 15 114 5 6 87 87 
1 15 114 5 6 87 87 
1 15 114 5 6 87 87 
1 15 114 5 6 87 87 
1 15 114 5 6 87 87 
1 15 114 5 6 23 87 139 87 
1 15 114 5 6 87 87 
1 15 114 5 6 87 87 
1 184 15 185 114 5 91 6 92 87 87 
1 15 114 5 6 87 87 
1 15 114 5 6 87 87 
1 15 114 5 6 87 87 
1 15 114 5 6 87 87 
1 15 114 5 6 87 87 
1 15 2 114 5 6 87 87 
1 15 114 5 6 87 87 
1 15 114 5 6 87 87 
1 15 114 5 6 87 87 
1 15 114 5 6 87 87 
1 15 114 5 6 87 87 
1 15 114 5 6 87 87 
1 184 15 185 114 5 6 87 87 
1 15 114 5 6 87 87 
1 15 114 5 6 87 87 
1 15 114 5 6 87 87 
1 15 114 5 6 87 87 
1 15 114 5 6 87 87 
1 15 114 5 6 87 87 
1 15 114 5 6 87 87 
1 15 114 5 6 87 87 
1 15 114 5 6 87 87 
1 15 114 5 6 87 87 
1 15 114 5 6 87 87 
1 15 114 5 6 87 87 
1 15 114 5 6 87 87 
1 15 114 5 6 87 87 
1 15 114 5 6 87 87 
1 15 114 5 6 87 87 
1 15 2 114 5 6 87 87 
1 15 114 5 6 87 87 
1 15 114 5 6 87 87 
1 15 114 5 6 87 87 
1 15 114 5 6 87 87 
1 15 114 5 6 87 87 
1 15 114 5 6 87 87 
1 15 114 5 6 87 87 
1 15 114 5 6 87 87 
1 15 114 5 6 87 87 
1 15 114 5 6 87 87 
1 15 114 5 6 87 87 
1 15 114 5 6 87 87 
1 15 114 5 6 87 87 
1 15 114 5 6 87 87 
1 15 114 5 6 87 87 
1 15 114 5 6 87 87 
1 15 114 5 6 87 87 
1 15 114 5 6 87 87 
1 15 114 5 6 87 87 
1 15 114 5 6 87 87 
1 15 114 5 6 87 87 
1 15 114 5 6 87 87 
1 15 114 5 6 87 87 
1 15 114 5 6 87 87 
1 15 114 5 6 87 87 
1 15 114 5 6 87 87 
1 15 114 5 6 87 87 
1 15 114 5 6 87 87 
1 15 114 5 6 87 87 
1 15 114 5 6 87 87 
1 15 114 5 6 87 87 
1 15 114 5 6 87 87 
1 15 114 5 6 87 87 
1 15 114 5 6 87 87 
1 15 114 5 6 87 87 
1 15 114 5 6 87 87 
1 15 114 5 6 87 87 
1 15 2 114 5 6 87 87 
1 15 114 5 6 87 87 
1 15 114 5 6 87 87 
1 15 114 5 6 87 87 
1 15 114 5 6 87 87 
1 15 114 5 6 87 87 
1 15 114 5 6 87 87 
1 15 114 5 6 87 87 
1 15 114 5 6 87 87 
1 15 114 5 6 8 87 87 
1 15 114 5 6 87 87 
1 15 114 5 6 87 87 
1 15 114 5 6 87 87 
1 15 114 5 6 87 87 
1 15 114 5 91 6 92 87 87 
1 15 114 5 6 87 87 
1 15 2 114 5 6 87 87 
1 15 114 5 6 87 87 
1 15 114 5 6 87 87 
1 15 114 5 6 87 87 
1 15 114 5 6 87 87 
1 15 114 5 6 87 87 
1 15 114 5 6 87 87 
1 15 114 5 6 87 87 
1 15 114 5 6 87 87 
1 15 114 5 6 87 87 
1 15 114 5 6 87 87 
1 15 114 5 6 87 87 
1 15 114 5 6 87 87 
1 15 114 5 6 87 87 
1 15 114 5 6 87 87 
1 15 114 5 6 87 87 
1 15 114 5 6 87 87 
1 15 114 5 6 87 87 
1 15 114 5 6 87 87 
1 15 114 5 6 87 87 
1 15 114 5 6 87 87 
1 15 114 5 6 87 87 
1 15 114 5 6 87 87 
1 15 114 5 6 87 87 
1 15 114 5 6 87 87 
1 15 114 5 6 87 87 
1 15 114 5 6 87 87 
1 15 114 5 6 87 87 
1 15 114 5 6 87 87 
1 15 114 5 6 87 87 
1 15 114 5 6 87 87 
1 15 114 5 6 87 87 
1 15 114 5 6 87 87 
1 15 114 5 6 87 87 
1 15 114 5 6 87 87 
1 15 114 5 6 87 87 
1 15 114 5 6 87 87 
1 184 15 185 114 5 6 87 87 
1 15 114 5 6 87 87 
1 15 114 5 6 87 87 
1 15 114 5 6 87 87 
1 15 114 5 6 87 87 
1 15 114 5 6 87 87 
1 15 114 5 6 87 87 
1 15 114 5 6 87 87 
1 15 114 5 6 87 87 
1 15 114 5 6 87 87 
1 15 114 5 6 87 87 
1 15 114 5 6 87 87 
1 15 114 5 6 87 87 
1 15 114 5 6 87 87 
1 15 114 5 6 87 87 
1 15 114 5 6 87 87 
1 15 114 5 6 87 87 
1 15 114 5 6 87 87 
1 15 114 5 6 87 87 
1 15 114 5 6 87 87 
1 15 114 5 6 87 87 
1 15 114 5 6 87 87 
1 15 114 5 6 87 87 
1 15 114 5 6 87 87 
1 15 114 5 91 6 92 87 87 
1 15 114 5 6 87 87 
1 15 114 5 6 87 87 
1 15 114 5 6 87 87 
1 15 114 5 6 87 87 
1 15 2 114 5 6 87 87 
1 15 114 5 6 87 87 
1 15 114 5 6 87 87 
1 15 114 5 6 87 87 
1 15 114 5 6 87 87 
1 15 114 5 6 87 87 
1 15 114 5 6 87 87 
1 15 114 5 6 87 87 
1 15 114 5 6 87 87 
1 15 114 5 6 87 87 
1 15 114 5 6 87 87 
1 15 114 5 6 87 87 
1 15 114 5 6 87 87 
1 184 15 185 114 5 6 87 87 
1 15 114 5 6 87 87 
1 15 114 5 6 87 87 
1 184 15 185 114 5 6 87 87 
1 15 114 5 6 87 87 
1 15 114 5 6 87 87 
1 15 114 5 6 87 87 
1 15 114 5 6 87 87 
1 15 114 5 6 87 87 
1 15 114 5 6 87 87 
1 15 114 5 6 87 87 
1 15 114 5 6 87 87 
1 15 114 5 6 87 87 
1 15 114 5 6 87 87 
1 15 114 5 6 87 87 
1 15 114 5 6 8 87 87 
1 15 114 5 6 87 87 
1 15 114 5 6 87 87 
1 15 114 5 6 87 87 
1 15 114 5 6 87 87 
1 15 114 5 6 87 87 
1 15 114 5 6 87 87 
1 15 114 5 6 87 87 
1 15 114 5 6 87 87 
1 15 114 5 6 87 87 
1 15 114 5 6 87 87 
1 15 114 5 6 87 87 
1 15 114 5 6 87 87 
1 15 114 5 6 87 87 
1 15 114 5 6 87 87 
1 15 114 5 6 87 87 
1 15 114 5 6 87 87 
1 184 15 185 114 5 6 87 87 
1 15 114 5 6 87 87 
1 15 114 5 6 87 87 
1 15 114 5 6 87 87 
1 15 114 5 6 87 87 
1 15 114 5 6 87 87 
1 15 114 5 6 87 87 
1 15 114 5 6 87 87 
1 15 114 5 6 87 87 
1 15 114 5 6 87 87 
1 15 114 5 6 87 87 
1 15 114 5 6 87 87 
1 15 114 5 6 87 87 
1 15 114 5 6 87 87 
1 15 114 5 6 87 87 
1 15 114 5 6 87 87 
1 15 114 5 6 87 87 
1 15 114 5 6 87 87 
1 15 114 5 6 87 87 
1 15 114 5 6 87 87 
1 15 114 5 6 87 87 
1 15 114 5 6 473 11 10 87 87 
1 15 114 5 6 87 87 
1 15 114 5 6 87 87 
1 15 114 5 6 87 87 
1 15 114 5 6 87 87 
1 15 114 5 6 87 87 
1 15 114 5 6 87 87 
1 15 114 5 6 87 87 
1 15 114 5 6 87 87 
1 15 114 5 6 87 87 
1 15 114 5 6 87 87 
1 15 114 5 6 87 87 
1 15 114 5 6 87 87 
1 15 114 5 6 87 87 
1 15 114 5 6 87 87 
1 15 114 5 6 87 87 
1 15 114 5 6 87 87 
1 15 114 5 6 87 87 
1 15 114 5 6 87 87 
1 15 114 5 6 87 87 
1 15 114 5 6 87 87 
1 15 114 5 6 87 87 
1 15 114 5 6 87 87 
1 15 114 5 6 87 87 
1 15 114 5 6 87 87 
1 15 114 5 6 87 87 
1 15 114 5 6 87 87 
1 15 114 5 6 87 87 
1 15 114 5 6 87 87 
1 15 114 5 6 21 352 353 99 87 100 87 
1 15 114 5 6 87 87 
1 15 114 5 6 87 87 
1 15 114 5 6 87 87 
1 15 114 5 6 87 87 
1 15 114 5 6 87 87 
1 15 114 5 6 87 87 
1 15 114 5 6 87 87 
1 15 114 5 6 87 87 
1 15 114 5 6 87 87 
1 15 114 5 6 87 87 
1 15 114 5 6 87 87 
1 15 114 5 6 87 87 
1 15 114 5 6 87 87 
1 15 114 5 6 87 87 
1 15 114 5 6 87 87 
1 15 114 5 6 87 87 
1 15 2 114 5 6 87 87 
1 15 114 5 6 87 87 
1 15 114 5 6 87 87 
1 15 114 5 6 87 87 
1 15 114 5 6 87 87 
1 15 114 5 6 87 87 
1 15 114 5 6 87 87 
1 15 114 5 6 87 87 
1 15 114 5 6 87 87 
1 15 114 5 6 87 87 
1 15 114 5 6 87 87 
1 15 114 5 6 87 87 
1 15 114 5 6 87 87 
1 15 114 5 6 87 87 
1 15 114 5 6 87 87 
1 15 114 5 6 87 87 
1 15 114 5 6 87 87 
1 15 114 5 6 87 87 
1 15 114 5 6 87 87 
1 15 114 5 6 87 87 
1 15 401 114 5 6 87 87 
1 15 114 5 6 87 87 
1 15 114 5 6 87 87 
1 15 114 5 6 87 87 
1 15 114 5 6 87 87 
1 15 114 5 6 87 87 
1 15 114 5 6 87 87 
1 15 114 5 6 87 87 
1 15 114 5 6 87 87 
1 15 114 5 91 6 92 87 87 
1 15 114 5 6 87 87 
1 15 2 114 5 6 87 87 
1 15 114 5 6 9 87 87 
1 15 114 5 6 87 87 
1 15 114 5 6 87 87 
1 15 114 5 6 87 87 
1 15 114 5 6 87 87 
1 15 114 5 6 87 87 
1 15 114 5 6 87 87 
1 15 114 5 6 87 87 
1 15 114 5 6 87 87 
1 15 114 5 6 87 87 
1 15 114 5 6 87 87 
1 15 114 5 6 87 87 
1 15 114 5 6 87 87 
1 15 114 5 6 87 87 
1 15 114 5 6 87 87 
1 15 114 5 6 87 87 
1 15 114 5 6 87 87 
1 15 114 5 6 87 87 
1 15 114 5 6 87 87 
1 15 114 5 6 87 87 
1 15 114 5 6 87 87 
1 15 114 5 6 87 87 
1 15 114 5 6 87 87 
1 15 114 5 6 87 87 
1 15 114 5 6 87 87 
1 15 114 5 6 87 87 
1 15 114 5 6 87 87 
1 15 114 5 6 87 87 
1 15 114 5 6 87 87 
1 15 114 5 6 87 87 
1 15 114 5 6 87 87 
1 15 114 5 6 87 87 
1 15 114 5 6 87 87 
1 15 114 5 6 87 87 
1 184 15 185 114 5 6 87 87 
1 15 114 5 6 87 87 
1 15 114 5 6 87 87 
1 15 114 5 6 87 87 
1 15 114 5 6 87 87 
1 15 114 5 6 87 87 
1 15 114 5 6 87 87 
1 15 114 5 6 87 87 
1 15 114 5 6 87 87 
1 15 114 5 6 87 87 
1 15 114 5 6 87 87 
1 15 114 5 6 87 87 
1 15 114 5 6 87 87 
1 15 114 5 6 87 87 
1 15 114 5 6 87 87 
1 15 114 5 6 87 87 
1 15 114 5 6 87 87 
1 15 114 5 6 87 87 
1 15 114 5 6 87 87 
1 15 114 5 6 87 87 
1 15 114 5 6 87 87 
1 15 114 5 6 87 87 
1 15 114 5 6 87 87 
1 15 114 5 6 87 87 
1 15 114 5 6 87 87 
1 15 114 5 6 87 87 
1 15 114 5 6 87 87 
1 15 114 5 6 87 87 
1 15 114 5 6 87 87 
1 15 114 5 6 87 87 
1 15 114 5 6 87 87 
1 15 114 5 6 87 87 
1 15 114 5 6 87 87 
1 15 114 5 6 87 87 
1 15 114 5 6 87 87 
1 15 114 5 6 87 87 
1 15 114 5 6 87 87 
1 15 114 5 6 87 87 
1 15 114 5 6 87 87 
1 15 114 5 6 87 87 
1 15 114 5 6 87 87 
1 15 2 114 5 6 87 87 
1 15 114 5 6 87 87 
1 184 15 185 114 5 6 87 87 
1 15 114 5 6 87 87 
1 15 114 5 6 87 87 
1 15 114 5 6 87 87 
1 15 114 5 6 87 87 
1 15 114 5 6 87 87 
1 15 114 5 6 87 87 
1 15 114 5 6 87 87 
1 15 114 5 6 87 87 
1 15 114 5 6 87 87 
1 15 114 5 6 87 87 
1 15 114 5 6 87 87 
1 15 114 5 91 6 92 87 87 
1 184 15 185 114 5 91 6 92 87 87 
1 184 15 185 114 5 91 6 92 87 87 
1 15 114 5 6 87 87 
1 15 114 5 6 87 87 
1 15 114 5 6 87 87 
1 15 114 5 6 87 87 
1 15 114 5 6 87 87 
1 184 15 185 114 5 6 87 87 
1 15 114 5 6 87 87 
1 15 114 5 6 87 87 
1 15 114 5 6 87 87 
1 15 114 5 6 87 87 
1 15 114 5 6 87 87 
1 15 114 5 6 87 87 
1 184 15 185 114 5 91 6 92 87 87 
1 184 15 185 114 5 91 6 92 87 87 
1 184 15 185 114 5 91 6 92 87 87 
1 15 114 5 91 6 92 87 87 
1 15 114 5 91 6 92 87 87 
1 15 114 5 6 87 87 
1 15 114 5 6 87 87 
1 15 114 5 6 87 87 
1 15 114 5 6 87 87 
1 15 114 5 6 87 87 
1 15 114 5 6 8 87 87 
1 15 114 5 6 8 87 87 
1 15 114 5 6 87 87 
1 15 114 5 6 87 87 
1 15 114 5 6 87 87 
1 184 15 185 114 5 6 87 87 
1 15 114 5 6 87 87 
1 15 114 5 6 87 87 
1 15 114 5 6 87 87 
1 15 114 5 6 87 87 
1 15 114 5 6 87 87 
1 15 114 5 6 87 87 
1 15 114 5 91 6 92 87 87 
1 15 114 5 6 87 87 
1 15 114 5 6 87 87 
1 15 114 5 6 87 87 
1 15 114 5 6 87 87 
1 15 114 5 6 87 87 
1 15 114 5 6 87 87 
1 15 114 5 6 87 87 
1 15 114 5 6 87 87 
1 15 114 5 6 87 87 
1 15 114 5 6 87 87 
1 15 114 5 6 87 87 
1 15 114 5 6 87 87 
1 15 114 5 6 87 87 
1 15 114 5 6 87 87 
1 15 114 5 6 87 87 
1 15 571 114 43 5 6 87 87 
1 15 114 5 6 36 87 87 
1 15 114 5 6 87 87 
1 15 114 5 6 87 87 
1 15 114 5 6 87 87 
1 15 114 5 6 87 87 
1 15 114 5 6 87 87 
1 15 114 5 6 87 87 
1 15 114 5 6 87 87 
1 15 114 5 6 87 87 
1 15 114 5 6 87 87 
1 15 29 2 114 30 5 6 87 87 
1 15 114 5 6 87 87 
1 15 114 5 6 87 87 
1 15 114 5 6 87 87 
1 15 114 5 6 87 87 
1 15 114 5 6 87 87 
1 15 114 5 6 87 87 
1 15 114 5 6 87 87 
1 15 51 114 5 6 87 87 
1 15 114 5 6 87 87 
1 15 114 5 6 87 87 
1 15 114 5 6 87 87 
1 184 15 185 114 5 6 87 87 
1 15 114 5 6 87 87 
1 184 15 185 114 5 6 87 87 
1 184 15 185 114 5 6 87 87 
1 15 114 5 6 87 87 
1 15 114 5 6 87 87 
1 15 114 5 6 87 87 
1 15 114 5 6 87 87 
1 184 15 185 114 5 6 87 87 
1 15 114 5 6 87 87 
1 15 114 5 6 87 87 
1 15 114 5 6 87 87 
1 15 114 5 6 87 87 
1 15 114 5 6 87 87 
1 15 114 5 6 87 87 
1 15 114 5 6 21 87 87 
1 15 114 5 6 87 87 
1 184 15 185 114 5 6 87 87 
1 15 114 5 6 87 87 
1 15 114 5 6 87 87 
1 15 114 5 6 87 87 
1 15 114 5 6 87 87 
1 15 114 5 6 87 87 
1 15 114 5 6 87 87 
1 15 114 5 6 87 87 
1 15 114 5 6 87 87 
1 15 114 5 6 87 87 
1 15 114 5 6 87 87 
1 15 114 5 6 87 87 
1 15 114 5 6 87 87 
1 15 114 5 6 87 87 
1 15 114 5 6 87 87 
1 15 114 5 6 87 87 
1 15 114 5 6 87 87 
1 15 114 5 6 87 87 
1 15 114 5 6 87 87 
1 15 114 5 6 87 87 