1 2 145 42 5 8 8 
145 42 5 254 8 36 255 165 8 
145 42 5 8 8 
145 42 5 187 8 36 122 165 8 
1 2 145 42 5 8 8 
145 42 5 8 156 144 8 
145 42 5 8 8 
145 42 5 377 162 8 8 
145 42 5 8 156 144 8 
145 42 5 8 8 
1 2 145 42 5 8 8 
145 42 5 8 36 122 8 
145 42 5 8 8 
145 42 5 8 8 
145 42 5 8 8 
1 2 145 42 5 187 8 165 8 
145 42 5 8 8 
145 42 5 187 6 8 165 8 
145 42 5 8 8 
1 2 145 42 5 8 144 201 8 
1 2 145 42 5 8 144 201 8 
1 2 145 42 5 8 144 201 8 
145 42 5 162 8 198 8 
67 145 42 5 8 8 
145 42 5 8 8 
145 42 5 8 165 8 
145 42 5 8 8 
145 42 5 8 8 
145 42 5 8 8 
145 42 5 8 8 
145 42 5 8 8 
1 2 145 42 5 8 8 
145 42 5 8 8 
145 42 5 8 8 
1 2 145 42 5 8 165 8 
145 42 5 6 8 61 8 
145 42 5 8 8 
145 42 5 8 8 
145 42 5 8 36 122 8 
145 42 5 118 8 132 36 8 
1 15 145 42 43 5 8 165 8 
145 42 5 8 8 
1 2 145 42 5 8 8 
145 42 5 6 8 8 
145 42 5 8 8 
145 42 5 8 8 
145 42 5 8 8 
145 42 5 8 8 
145 42 5 8 8 
145 42 5 8 8 
145 42 5 8 8 
145 42 5 8 8 
145 42 5 8 8 
145 42 5 8 8 
145 42 5 8 8 
145 42 5 8 8 
145 42 5 8 8 
145 42 5 8 8 
145 42 5 8 8 
145 42 5 8 8 
145 42 5 8 8 
145 42 5 8 8 
145 42 5 8 8 
1 2 145 42 5 8 8 
1 2 145 42 5 8 8 
145 42 5 8 8 
145 42 5 8 8 
145 42 5 8 8 
145 42 5 8 8 
145 42 5 8 8 
145 42 5 8 8 
145 42 5 8 8 
145 42 5 8 8 
145 42 5 8 8 
145 42 5 8 8 
145 42 5 8 8 
145 42 5 8 8 
55 145 56 57 42 5 8 8 
1 2 145 42 5 8 8 
145 42 5 8 8 