51 257 601 21 22 510 21 
51 257 601 21 22 510 21 
51 257 601 21 22 510 21 
51 257 601 21 22 510 21 
51 257 601 21 22 510 21 
51 257 601 21 22 510 21 
51 257 601 81 21 22 82 68 24 21 
1 15 51 257 601 43 133 21 22 68 24 21 
51 257 601 81 21 22 82 24 21 
51 257 601 21 22 68 24 21 
51 257 601 313 78 21 22 24 21 
51 257 601 21 22 68 24 21 
51 257 601 81 21 22 82 68 24 21 
51 257 601 133 21 22 68 24 21 
51 257 601 21 22 68 24 21 
51 257 601 21 22 68 24 21 
51 257 601 21 22 68 24 21 
51 257 601 21 22 68 24 21 
51 257 601 21 22 68 24 21 
51 257 601 21 22 68 24 21 
1 15 51 257 601 43 21 22 21 
1 15 51 257 601 43 21 22 68 24 21 
51 257 601 21 22 68 24 21 
51 257 601 313 78 21 22 510 68 24 21 
51 257 601 21 22 510 21 
51 257 601 21 22 510 21 
51 257 601 21 22 510 21 
51 257 601 21 22 510 21 
51 257 601 21 22 510 21 
51 257 601 21 22 510 21 
58 59 51 257 601 60 149 150 21 22 510 68 24 21 
51 257 601 21 22 510 21 
51 257 601 21 22 510 21 
51 257 601 21 22 510 21 
51 257 601 21 22 510 21 
51 257 601 21 22 510 21 
51 257 601 21 22 510 21 
51 257 601 21 22 510 21 
51 257 601 21 22 510 21 
51 257 601 21 22 510 21 
51 257 601 21 22 510 21 
51 257 601 21 22 510 21 
51 257 601 21 22 510 21 
51 257 601 21 22 510 21 
51 257 601 21 22 510 21 
51 257 601 21 22 510 21 
51 257 601 21 22 510 21 
51 257 601 21 22 510 21 
51 257 601 21 22 510 21 
51 257 601 21 22 510 21 
51 257 601 21 22 510 21 
51 257 601 21 22 510 21 
51 257 601 21 22 510 21 
51 257 601 21 22 510 21 
51 257 601 21 22 510 21 
51 257 601 21 22 510 21 
51 257 601 21 22 510 21 
51 257 601 21 22 510 21 
51 257 601 21 22 510 21 
51 257 601 21 22 510 21 
51 257 601 21 22 510 21 
51 257 601 21 22 510 21 
51 257 601 21 22 510 21 
51 257 601 21 22 510 21 
51 257 601 21 22 510 21 
51 257 601 21 22 510 21 
51 257 601 21 22 510 21 
51 257 601 21 22 510 21 
51 257 601 21 22 510 21 
51 257 601 21 22 510 21 
51 257 601 21 22 510 21 
51 257 601 21 22 510 21 
51 257 601 21 22 436 21 
51 257 601 21 22 510 21 
51 257 601 313 78 21 22 68 24 21 
51 257 601 313 78 21 22 68 24 21 
51 257 601 313 78 21 22 510 68 24 21 
51 257 601 81 21 22 82 68 24 21 
1 15 51 257 601 43 21 22 68 24 21 
51 257 601 133 21 22 68 24 21 
1 15 51 257 601 43 21 21 
1 15 51 257 601 43 21 22 68 24 21 
1 15 51 257 601 43 21 22 68 24 21 
1 15 51 257 601 43 81 21 22 82 68 24 21 
1 15 51 257 601 43 81 21 22 82 68 24 21 
1 15 51 257 601 43 21 22 68 24 21 
1 15 51 257 601 43 81 21 22 82 68 24 21 
51 257 601 81 21 22 82 68 24 21 
51 257 601 81 21 22 82 24 21 
51 257 601 21 22 510 21 
51 257 601 21 22 68 24 21 
1 15 51 257 601 43 21 22 68 24 21 
51 257 601 21 22 68 24 21 
51 257 601 21 22 510 21 
51 257 601 21 22 510 21 
51 257 601 21 22 510 21 
51 257 601 21 22 510 21 
51 257 601 21 22 68 24 21 
51 257 601 21 22 510 21 
51 257 601 21 22 510 21 
51 257 601 21 22 68 24 21 
51 257 601 21 22 68 24 21 
51 257 601 21 22 510 21 
51 257 601 21 22 510 21 
51 257 601 21 22 510 21 
51 257 601 21 22 510 21 
51 257 601 21 22 510 21 
51 257 601 21 22 510 21 
51 257 601 21 22 510 21 
51 257 601 21 22 510 21 
51 257 601 21 22 510 21 
51 257 601 21 22 510 21 
51 257 601 21 22 510 21 
1 15 51 257 601 43 21 22 510 21 
51 257 601 21 22 21 
51 257 601 313 78 5 21 22 510 21 
1 15 51 257 601 43 21 22 510 21 
51 257 601 500 21 22 99 21 
51 257 601 21 22 68 24 21 
51 257 601 313 78 5 21 22 510 21 
51 257 601 313 78 21 22 510 68 24 21 
51 257 601 21 22 510 21 
51 257 601 21 22 510 21 
51 257 601 21 22 510 21 
51 257 601 21 22 68 24 21 
58 59 51 257 601 60 149 150 21 22 510 68 24 21 
51 257 601 81 21 22 82 68 24 21 
1 15 51 257 601 43 21 22 510 21 
51 257 601 21 22 510 21 
1 15 51 257 601 43 21 22 510 21 
51 257 601 500 21 22 99 21 
51 257 601 21 22 510 21 
51 257 601 21 22 510 21 
51 257 601 21 22 510 21 
51 257 601 21 22 510 21 
51 257 601 21 22 510 21 
51 257 601 21 22 510 21 
1 15 51 257 601 43 21 22 510 21 
1 15 51 257 601 43 21 22 510 21 
51 257 601 21 22 510 21 
1 15 51 257 601 43 21 22 510 21 
51 257 601 21 22 510 21 
51 257 601 21 22 510 21 
51 257 601 21 22 510 21 
51 257 601 21 22 510 21 
51 257 601 21 22 510 21 
51 257 601 21 22 510 21 
1 15 51 257 601 43 21 22 510 21 
51 257 601 21 22 510 21 
1 15 51 257 601 43 21 22 510 21 
51 257 601 21 22 510 21 
51 257 601 21 22 510 21 
51 257 601 21 22 510 21 
51 257 601 21 22 510 21 
51 257 601 21 22 510 21 
51 257 601 21 22 510 21 
1 15 51 257 601 43 21 22 510 21 
51 257 601 21 22 510 21 
51 257 601 21 22 510 21 
51 257 601 21 22 510 21 
1 15 51 257 601 43 21 22 510 21 
51 257 601 21 22 510 21 
51 257 601 21 22 510 21 
51 257 601 21 22 510 21 
51 257 601 21 22 510 21 
1 15 51 257 601 43 21 22 510 21 
1 15 51 257 601 43 21 22 510 21 
51 257 601 21 22 510 21 
51 257 601 21 22 510 21 
1 15 51 257 601 43 21 22 510 21 
51 257 601 21 22 510 21 
51 257 601 21 22 510 21 
1 15 51 257 601 43 21 22 510 21 
51 257 601 21 22 510 21 
51 257 601 21 22 510 21 
51 257 601 21 22 510 21 
1 15 51 257 601 43 21 22 510 21 
51 257 601 21 22 510 21 
51 257 601 21 22 510 21 
51 257 601 21 22 510 21 
51 257 601 21 22 510 21 
51 257 601 21 22 510 21 
51 257 601 21 22 510 21 
51 257 601 21 22 510 21 
51 257 601 21 22 510 21 
1 15 51 257 601 43 21 22 510 21 
51 257 601 21 22 510 21 
1 15 51 257 601 43 21 22 510 21 
51 257 601 21 22 510 21 
1 15 51 257 601 43 21 22 510 21 
51 257 601 21 22 510 21 
51 257 601 21 22 510 21 
1 15 51 257 601 43 21 22 510 21 
51 257 601 21 22 510 21 
1 15 51 257 601 43 21 22 510 21 
51 257 601 21 22 510 21 
1 15 51 257 601 43 21 22 510 21 
51 257 601 21 22 510 21 
1 15 51 257 601 43 21 22 510 21 
51 257 601 21 22 510 21 
1 15 51 257 601 43 21 22 510 21 
51 257 601 21 22 510 21 
1 15 51 257 601 43 21 22 510 21 
51 257 601 21 22 510 21 
1 15 51 257 601 43 21 22 510 21 
51 257 601 21 22 510 21 
1 15 51 257 601 43 21 22 510 21 
51 257 601 21 22 510 21 
1 15 51 257 601 43 21 22 510 21 
1 15 51 257 601 43 21 22 510 68 24 21 
1 15 51 257 601 43 21 22 475 21 
51 257 601 21 22 510 21 
51 257 601 21 22 68 24 21 
1 15 51 257 601 43 81 21 22 82 68 24 21 
51 257 601 81 21 22 82 24 21 
1 15 51 257 601 43 21 22 510 21 
51 257 601 21 22 510 21 
51 257 601 313 78 81 21 22 82 68 24 21 
1 15 51 257 601 43 21 22 510 21 
51 257 601 21 22 510 21 
51 257 601 21 22 68 24 21 
51 257 601 5 6 21 22 61 21 
51 257 601 5 6 21 22 61 21 
51 257 601 21 22 510 21 
51 257 601 21 22 510 21 
51 257 601 21 22 510 21 
51 257 601 21 22 510 21 
51 257 601 21 22 510 21 
51 257 601 21 22 510 21 
51 257 601 21 22 510 21 
51 257 601 21 22 510 21 
51 257 601 313 78 21 22 510 21 
51 257 601 21 22 510 21 
51 257 601 21 22 510 21 
51 257 601 21 22 510 21 
51 257 601 21 22 510 21 
51 257 601 21 22 510 21 
51 257 601 21 22 510 21 
51 257 601 21 22 510 21 
51 257 601 21 22 510 21 
51 257 601 21 22 510 21 
51 257 601 21 22 510 21 
51 257 601 21 22 510 21 
1 15 51 257 601 43 21 22 510 21 
51 257 601 21 22 510 21 
51 257 601 21 22 510 21 
51 257 601 21 22 510 21 
58 59 51 257 601 60 149 150 21 22 510 68 24 21 
1 15 51 257 601 43 21 22 68 24 21 
1 15 51 257 601 43 81 21 22 82 68 24 21 
51 257 601 21 22 510 21 
1 15 51 257 601 43 21 22 68 24 21 
51 257 601 21 22 68 24 21 
51 257 601 21 22 68 24 21 
51 257 601 21 22 68 24 21 
51 257 601 21 22 68 24 21 
51 257 601 21 22 510 21 
51 257 601 21 22 510 21 
51 257 601 21 22 510 21 
51 257 601 21 22 510 21 
1 15 51 257 601 43 21 22 510 21 
51 257 601 21 22 510 21 
1 15 51 257 601 43 21 22 510 21 
51 257 601 21 22 510 21 
51 257 601 21 22 510 21 
1 15 51 257 601 43 21 22 510 21 
51 257 601 21 22 510 21 
51 257 601 21 22 510 21 
51 257 601 21 22 510 21 
1 15 51 257 601 43 21 22 510 21 
51 257 601 21 22 510 21 
51 257 601 21 22 510 21 
1 15 51 257 601 43 21 22 510 21 
51 257 601 21 22 510 21 
51 257 601 21 22 510 21 
51 257 601 21 22 510 21 
51 257 601 21 22 510 21 
51 257 601 21 22 510 21 
51 257 601 21 22 510 21 
51 257 601 21 22 510 21 
1 15 51 257 601 43 21 22 510 21 
51 257 601 21 22 510 21 
51 257 601 21 22 510 21 
1 15 51 257 601 43 21 22 510 21 
51 257 601 21 22 510 21 
1 15 51 257 601 43 21 22 510 21 
51 257 601 21 22 510 21 
51 257 601 21 22 510 21 
51 257 601 21 22 510 21 
1 15 51 257 601 43 21 22 510 21 
51 257 601 21 22 510 21 
51 257 601 21 22 510 21 
51 257 601 21 22 510 21 
51 257 601 21 22 510 21 
51 257 601 21 22 510 21 
51 257 601 21 22 510 21 
51 257 601 21 22 21 
51 257 601 21 22 510 21 
51 257 601 313 78 21 22 510 21 
51 257 601 313 78 21 22 510 68 24 21 
51 257 601 313 78 21 22 510 68 24 21 
51 257 601 313 78 21 22 510 68 24 21 
51 257 601 313 78 21 22 510 68 24 21 
51 257 601 21 22 510 21 
51 257 601 5 6 21 22 510 61 21 
51 257 601 313 78 21 22 510 68 24 21 
51 257 601 5 6 21 22 510 61 21 
51 257 601 81 21 22 82 68 24 21 
51 257 601 21 22 510 21 
51 257 601 21 22 510 21 
1 15 51 257 601 43 21 22 68 24 21 
51 257 601 313 78 81 21 22 82 68 24 21 
51 257 601 21 22 510 21 
1 15 51 257 601 43 21 22 510 21 
51 257 601 21 22 510 21 
51 257 601 21 22 510 21 
51 257 601 21 22 68 24 21 
51 257 601 21 22 510 21 
51 257 601 21 22 510 21 
51 257 601 21 22 510 21 
51 257 601 21 22 510 21 
51 257 601 21 22 510 21 
51 257 601 21 22 510 21 
51 257 601 21 22 68 24 21 
1 15 51 257 601 43 21 22 510 21 
51 257 601 21 22 510 21 
51 257 601 21 22 510 21 
51 257 601 21 22 510 21 
51 257 601 21 22 510 21 
51 257 601 21 22 510 21 
1 15 51 257 601 43 21 22 510 21 
51 257 601 21 22 510 21 
51 257 601 21 22 510 21 
51 257 601 21 22 510 21 
51 257 601 21 22 510 21 
51 257 601 21 22 510 21 
51 257 601 21 22 510 21 
51 257 601 21 22 510 21 
51 257 601 21 22 510 21 
51 257 601 21 22 510 21 
51 257 601 21 22 510 21 
51 257 601 21 22 510 21 
51 257 601 21 22 510 21 
51 257 601 21 22 510 21 
51 257 601 21 22 510 21 
51 257 601 21 22 510 21 
51 257 601 21 22 510 21 
51 257 601 21 22 510 21 
51 257 601 21 22 510 21 
51 257 601 21 22 510 21 
51 257 601 21 22 510 21 
51 257 601 21 22 510 21 
51 257 601 21 22 510 21 
1 15 51 257 601 43 21 22 510 21 
51 257 601 21 22 510 21 
51 257 601 21 22 510 21 
51 257 601 21 22 510 21 
51 257 601 21 22 510 21 
51 257 601 21 22 510 21 
51 257 601 21 22 510 21 
51 257 601 21 22 510 21 
51 257 601 21 22 510 21 
51 257 601 21 22 510 21 
51 257 601 21 22 510 21 
51 257 601 21 22 510 21 
51 257 601 21 22 510 21 
51 257 601 21 22 510 21 
51 257 601 21 22 510 21 
51 257 601 21 22 510 21 
51 257 601 21 22 510 21 
51 257 601 21 22 510 21 
51 257 601 21 22 510 21 
51 257 601 21 22 510 21 
51 257 601 21 22 510 21 
51 257 601 21 22 510 21 
51 257 601 21 22 510 21 
51 257 601 21 22 510 21 
51 257 601 21 22 510 21 
51 257 601 21 22 510 21 
51 257 601 21 22 510 21 
51 257 601 21 22 510 21 
51 257 601 21 22 510 21 
51 257 601 21 22 510 21 
51 257 601 21 22 510 21 
51 257 601 21 22 510 21 
51 257 601 21 22 510 21 
51 257 601 21 22 510 21 
51 257 601 21 22 510 21 
51 257 601 21 22 510 21 
51 257 601 21 22 510 21 
51 257 601 5 6 21 22 61 21 
51 257 601 5 6 21 22 61 21 
51 257 601 21 22 21 
1 15 51 257 601 43 21 22 21 
1 15 51 257 601 43 21 22 21 
51 257 601 21 22 21 
51 257 601 21 22 21 
51 257 601 21 22 21 
51 257 601 21 22 21 
51 257 601 21 22 21 
51 257 601 21 22 21 
51 257 601 21 22 21 
51 257 601 21 22 21 
51 257 601 21 22 21 
51 257 601 21 22 21 
51 257 601 21 22 21 
51 257 601 21 22 21 
51 257 601 21 22 21 
51 257 601 21 22 21 
51 257 601 21 22 21 
51 257 601 21 22 21 
51 257 601 21 22 21 
51 257 601 21 22 21 
51 257 601 21 22 21 
51 257 601 21 22 21 
51 257 601 21 22 21 