314 51 257 313 78 354 21 22 68 24 68 
51 257 313 78 21 22 68 24 68 
314 51 257 313 78 5 133 21 22 68 24 68 
451 51 257 313 78 81 21 22 82 68 24 68 
314 51 257 313 78 133 21 22 68 24 68 
51 257 313 78 81 21 22 82 68 24 68 
51 257 313 78 133 21 22 68 24 68 
314 51 257 313 78 133 21 22 68 24 68 
314 51 257 313 78 133 21 22 68 24 68 
314 51 257 313 78 81 21 22 82 68 24 68 
314 51 257 313 78 81 133 21 22 82 68 24 68 
51 257 313 78 81 21 22 82 68 24 68 
51 257 313 78 21 22 37 68 24 68 
51 257 313 78 133 21 22 68 24 68 
314 51 257 313 78 133 21 22 68 24 68 
51 257 313 78 133 21 22 68 24 68 
314 51 257 313 78 133 21 22 68 24 68 
314 51 257 313 78 133 21 22 68 24 68 
314 51 257 313 78 133 21 22 68 24 68 
51 257 313 78 21 22 68 24 68 
51 257 313 78 133 21 22 68 24 68 
314 51 257 313 78 81 21 22 82 68 24 68 
314 51 257 313 78 133 21 22 68 24 68 
314 51 257 313 78 81 21 22 82 68 24 68 
314 51 257 313 78 133 21 22 68 24 68 
314 51 257 313 78 21 22 68 24 68 
51 257 313 78 133 21 22 68 24 68 
51 257 313 78 21 22 68 24 68 
314 51 257 313 78 133 21 22 68 24 68 
51 257 313 78 133 21 22 68 24 68 
51 257 313 78 21 22 68 24 68 
314 51 257 313 78 133 21 22 68 24 68 
51 257 313 78 133 21 22 68 24 68 
314 51 257 313 78 133 21 22 68 24 68 
51 257 313 78 354 21 22 68 24 68 
51 257 313 78 354 21 22 68 24 68 
51 257 313 78 21 22 68 24 68 
51 257 313 78 21 22 68 24 68 
51 257 313 78 21 22 68 24 68 
452 51 257 313 78 21 22 68 24 68 
51 257 313 78 104 21 22 68 24 68 
314 51 257 313 78 133 21 22 68 24 68 
51 257 313 78 21 68 24 68 
51 257 313 78 21 22 68 24 68 
51 257 313 78 133 21 22 68 24 68 
314 51 257 313 78 133 21 22 68 24 68 
51 257 313 78 21 22 68 24 68 
51 257 313 78 133 21 22 68 24 68 
452 51 257 313 78 133 21 22 68 24 68 
51 257 313 78 133 21 22 68 24 68 
51 257 313 78 133 21 22 68 24 68 
314 51 257 313 78 133 21 22 68 24 68 
452 51 257 313 78 133 21 22 68 24 68 
314 51 257 313 78 133 21 22 68 24 68 
314 51 257 313 78 133 21 22 68 24 68 
314 51 257 313 78 5 81 6 21 22 82 61 68 24 68 
314 51 257 313 78 133 21 22 68 24 68 
314 51 257 313 78 133 21 22 68 24 68 
314 51 257 313 78 133 21 22 68 24 68 
314 51 257 313 78 133 21 22 68 24 68 
314 51 257 313 78 133 21 22 68 24 68 
314 51 257 313 78 133 21 22 68 24 68 
97 1 51 257 19 2 98 313 78 21 22 68 24 68 
314 51 257 313 78 133 21 22 68 24 68 
314 51 257 313 78 133 21 22 68 24 68 
314 51 257 313 78 133 21 22 68 24 68 
314 51 257 313 78 133 21 22 68 24 68 
314 51 257 313 78 133 21 22 68 24 68 
314 51 257 313 78 21 22 68 24 68 
51 257 313 78 27 28 133 21 22 68 24 68 
314 51 257 313 78 27 28 133 21 22 68 24 68 
314 51 257 313 78 21 22 68 24 68 
314 51 257 313 78 21 22 68 24 68 
51 257 313 78 21 22 68 24 68 
314 51 257 313 78 21 22 68 24 68 
314 51 257 313 78 133 21 22 68 24 68 
314 51 257 313 78 133 21 22 68 24 68 
314 51 257 313 78 133 21 22 68 24 68 
314 51 257 313 78 133 21 22 68 24 68 
51 257 313 78 133 21 22 68 24 68 
314 51 257 313 78 21 22 68 24 68 
51 257 313 78 133 354 21 22 68 24 68 
314 51 257 313 78 81 21 22 82 68 24 68 
314 51 257 313 78 133 21 22 68 24 68 
314 51 257 313 78 133 21 22 68 24 68 
51 257 313 78 21 22 68 24 68 
314 51 257 313 78 21 22 68 24 68 
314 51 257 313 78 354 21 22 68 24 68 
51 257 313 78 21 22 68 24 68 
314 51 257 313 78 133 21 22 68 24 68 
51 257 313 78 133 21 22 68 24 68 
51 257 313 78 21 22 68 24 68 
51 257 313 78 21 22 68 24 68 
314 51 257 313 78 133 21 22 68 24 68 
314 51 257 313 78 133 21 22 68 24 68 
314 51 257 313 78 133 21 22 68 24 68 
452 51 257 313 78 133 21 22 68 24 68 
314 51 257 313 78 21 22 68 24 68 
314 51 257 313 78 21 22 68 24 68 
314 51 257 313 78 81 21 22 82 68 24 68 
314 51 257 313 78 133 21 22 68 24 68 
314 51 257 313 78 133 21 22 68 24 68 
314 54 51 257 313 78 222 192 133 354 21 22 68 24 68 
314 51 257 313 78 133 354 21 22 68 24 68 
51 257 313 78 133 21 22 68 24 68 
314 51 257 313 78 21 22 68 24 68 
314 51 257 313 78 133 21 22 68 24 68 
314 51 257 313 78 133 21 22 68 24 68 
51 257 313 78 133 21 22 68 24 68 
51 257 313 78 133 21 22 68 24 68 
314 51 257 313 78 133 21 22 68 24 68 
314 51 257 313 78 21 22 68 24 68 
314 51 257 313 78 21 22 68 24 68 
314 51 257 313 78 133 21 22 68 24 68 
51 257 313 78 133 21 22 68 24 68 
314 51 257 313 78 133 21 22 68 24 68 
314 51 257 313 78 133 21 22 68 24 68 
51 257 313 78 133 21 22 68 24 68 
51 257 313 78 133 21 22 68 24 68 
314 51 257 313 78 133 28 21 22 68 24 79 80 68 
51 257 313 78 133 21 22 68 24 68 
314 51 257 313 78 133 354 21 22 68 24 68 
452 51 257 313 78 133 21 22 68 24 68 
51 257 313 78 21 22 68 24 68 
314 51 257 313 78 133 21 22 68 24 68 
314 51 257 313 78 133 21 22 68 24 68 
51 257 313 78 133 21 22 68 24 68 
314 51 257 313 78 133 21 22 68 24 68 
451 51 257 313 78 133 21 22 68 24 68 
51 257 313 78 354 21 22 68 24 68 
97 1 51 257 19 2 98 313 78 104 21 22 68 24 68 
51 257 313 78 133 21 22 68 24 68 
451 51 257 313 78 133 21 22 68 24 68 
51 257 313 78 354 21 22 68 24 68 
314 51 257 313 78 133 21 22 68 24 68 
314 51 257 313 78 354 21 22 68 24 68 
51 257 313 78 133 21 22 68 24 68 
314 51 257 313 78 133 21 22 68 24 68 
314 51 257 313 78 133 21 22 68 24 68 
314 51 257 313 78 21 22 68 24 68 
452 51 257 313 78 21 22 68 24 68 
51 257 313 78 21 22 68 24 68 
314 51 257 313 78 27 28 21 22 68 24 68 
314 51 257 313 78 133 21 22 68 24 68 
51 257 313 78 21 22 68 24 68 
314 51 257 313 78 21 22 68 24 68 
51 257 313 78 21 22 68 24 68 
314 51 257 313 78 133 21 22 68 24 68 
314 51 257 313 78 133 21 22 68 24 68 
51 257 313 78 133 354 21 22 68 24 68 
51 257 313 78 133 21 22 68 24 68 
451 51 257 313 78 133 21 22 68 24 68 
314 51 257 313 78 133 21 22 68 24 68 
51 257 313 78 21 22 68 24 68 
51 257 313 78 21 22 68 24 68 
314 51 257 313 78 133 21 22 68 24 68 
51 257 313 78 133 21 22 68 24 68 
51 257 313 78 21 22 68 24 68 
452 51 257 313 78 21 22 68 24 68 
51 257 313 78 21 22 68 24 68 
314 51 257 313 78 354 21 22 68 24 68 
51 257 313 78 21 22 68 24 68 
51 257 313 78 133 21 22 68 24 68 
51 257 313 78 21 22 68 24 68 
51 257 313 78 133 21 22 68 24 68 
51 257 313 78 21 22 68 24 68 
314 51 257 313 78 21 22 68 24 68 
314 51 257 313 78 133 21 22 68 24 68 
51 257 313 78 21 22 68 24 68 
314 51 257 313 78 21 22 68 24 68 
314 51 257 313 78 133 21 22 68 24 68 
314 51 257 313 78 354 21 22 68 24 68 
314 51 257 313 78 133 21 22 68 24 68 
451 51 257 313 78 133 21 22 68 24 68 
314 51 257 313 78 21 22 68 24 68 
51 257 313 78 21 22 68 24 68 
314 51 257 313 78 133 21 22 68 24 68 
51 257 313 78 133 21 22 68 24 68 
314 51 257 313 78 133 21 22 68 24 68 
51 257 313 78 21 22 68 24 68 
51 257 313 78 21 22 68 24 68 
314 51 257 313 78 133 21 22 68 24 68 
314 51 257 313 78 21 22 68 24 68 
51 257 313 78 21 22 68 24 68 
314 51 257 313 78 133 21 22 68 24 68 
51 257 313 78 21 22 68 24 68 
51 257 313 78 21 22 68 24 68 
314 51 257 313 78 354 21 22 68 24 68 
314 51 257 313 78 133 21 22 68 24 68 
314 51 257 313 78 133 21 22 68 24 68 
51 257 313 78 21 22 68 24 68 
51 257 313 78 21 22 68 24 68 
51 257 313 78 21 22 68 24 68 
51 257 313 78 133 21 22 68 24 68 
51 257 313 78 21 22 68 24 68 
51 257 313 78 21 22 68 24 68 
51 257 313 78 21 22 68 24 68 
51 257 313 78 354 21 22 68 24 68 
51 257 313 78 21 22 68 24 68 
51 257 313 78 21 22 68 24 68 
51 257 313 78 21 22 68 24 68 
51 257 313 78 21 22 68 24 68 
51 257 313 78 21 22 68 24 68 
314 51 257 313 78 21 22 68 24 68 
51 257 313 78 133 21 22 68 24 68 
51 257 313 78 21 22 68 24 68 
51 257 313 78 21 22 68 24 68 
51 257 313 78 21 22 68 24 68 
51 257 313 78 21 22 68 24 68 
51 257 313 78 21 22 68 24 68 
51 257 313 78 21 22 68 24 68 
51 257 313 78 21 22 68 24 68 
51 257 313 78 21 22 68 24 68 
51 257 313 78 21 22 68 24 68 
51 257 313 78 21 22 68 24 68 
452 51 257 313 78 21 22 68 24 68 
51 257 313 78 21 22 68 24 68 
51 257 313 78 21 22 68 24 68 
51 257 313 78 21 22 68 24 68 
51 257 313 78 21 22 68 24 68 
51 257 313 78 133 21 22 68 24 68 
314 51 257 313 78 133 21 22 68 24 68 
51 257 313 78 133 21 22 68 24 68 
314 51 257 313 78 133 21 22 68 24 68 
51 257 313 78 21 22 68 24 68 
51 257 313 78 21 22 68 24 68 
314 51 257 313 78 21 22 68 24 68 
452 51 257 313 78 133 21 22 68 24 68 
451 51 257 313 78 21 22 68 24 68 
51 257 313 78 21 22 68 24 68 
51 257 313 78 21 22 68 24 68 
51 257 313 78 21 22 68 24 68 
51 257 313 78 133 21 22 68 24 68 
51 257 313 78 104 21 22 68 24 68 
51 257 313 78 104 21 22 68 24 68 
51 257 313 78 21 22 68 24 68 
51 257 313 78 21 22 68 24 68 
51 257 313 78 21 22 68 24 68 
51 257 313 78 104 21 22 68 24 68 
51 257 313 78 21 22 68 24 68 
51 257 313 78 21 22 68 24 68 
51 257 313 78 21 22 68 24 68 
314 51 257 313 78 133 21 22 68 24 68 
51 257 313 78 21 22 68 24 68 
51 257 313 78 21 22 68 24 68 
51 257 313 78 21 22 68 24 68 
51 257 313 78 21 22 68 24 68 
51 257 313 78 21 22 68 24 68 
51 257 313 78 21 22 68 24 68 
51 257 313 78 21 22 68 24 68 
51 257 313 78 21 22 68 24 68 
51 257 313 78 21 22 68 24 68 
51 257 313 78 21 22 68 24 68 
51 257 313 78 21 22 68 24 68 
51 257 313 78 21 22 68 24 68 
51 257 313 78 21 22 68 24 68 
314 51 257 313 78 21 22 68 24 68 
51 257 313 78 21 22 68 24 68 
51 257 313 78 21 22 68 24 68 
51 257 313 78 21 22 68 24 68 
51 257 313 78 21 22 68 24 68 
51 257 313 78 21 22 68 24 68 
51 257 313 78 21 22 68 24 68 
51 257 313 78 21 22 68 24 68 
51 257 313 78 21 22 68 24 68 
51 257 313 78 21 22 68 24 68 
452 51 257 313 78 21 22 68 24 68 
51 257 313 78 21 22 68 24 68 
314 51 257 313 78 133 21 22 68 24 68 
51 257 313 78 21 22 68 24 68 
51 257 313 78 21 22 68 24 68 
51 257 313 78 104 21 22 68 24 68 
51 257 313 78 21 22 68 24 68 
51 257 313 78 104 21 22 68 24 68 
51 257 313 78 104 21 22 68 24 68 
314 51 257 313 78 133 21 22 68 24 68 
314 51 257 313 78 133 21 22 68 24 68 
314 51 257 313 78 354 21 22 68 24 68 
314 51 257 313 78 133 21 22 68 24 68 
51 257 313 78 133 21 22 68 24 68 
51 257 313 78 133 21 22 68 24 68 
314 51 257 313 78 133 21 22 68 24 68 
314 51 257 313 78 133 354 21 22 68 24 68 
51 257 313 78 81 21 22 82 68 24 68 
314 51 257 313 78 133 21 22 68 24 68 
314 51 257 313 78 133 21 22 68 24 68 
314 51 257 313 78 133 21 22 68 24 68 
314 51 257 313 78 21 22 68 24 68 
51 257 313 78 133 21 22 68 24 68 
314 51 257 313 78 133 21 22 68 24 68 
314 51 257 313 78 133 21 22 68 24 68 
51 257 313 78 21 22 68 24 68 
51 257 313 78 133 21 22 68 24 68 
51 257 313 78 354 21 22 68 24 68 
452 51 257 313 78 81 21 22 82 68 24 68 
314 51 257 313 78 133 21 22 68 24 68 
314 51 257 313 78 133 21 22 68 24 68 
51 257 313 78 133 21 22 68 24 68 
51 257 313 78 354 21 22 68 24 68 
314 51 257 313 78 21 22 68 24 68 
314 51 257 313 78 133 21 22 68 24 68 
314 51 257 313 78 133 21 22 68 24 68 
314 51 257 313 78 133 21 22 68 24 68 
314 51 257 313 78 21 22 68 24 68 
51 257 313 78 133 354 21 22 68 24 68 
51 257 313 78 354 21 22 68 24 68 
314 51 257 313 78 133 21 22 68 24 68 
314 51 257 313 78 21 22 68 24 68 
314 51 257 313 78 133 21 22 68 24 68 
314 51 257 313 78 133 21 22 68 24 68 
314 51 257 313 78 133 21 22 68 24 68 
51 257 313 78 133 21 22 68 24 68 
314 51 257 313 78 133 21 22 68 24 68 
314 51 257 313 78 133 21 22 68 24 68 
51 257 313 78 21 22 68 24 68 
314 51 257 313 78 133 21 22 68 24 68 
314 51 257 313 78 133 21 22 68 24 68 
51 257 313 78 133 21 22 68 24 68 
51 257 313 78 21 22 68 24 68 
314 51 257 313 78 133 21 22 68 24 68 
51 257 313 78 21 22 68 24 68 
314 51 257 313 78 354 21 22 68 24 68 
51 257 313 78 21 22 68 24 68 
51 257 313 78 21 22 68 24 68 
51 257 313 78 21 22 68 24 68 
314 51 257 313 78 133 21 22 68 24 68 
452 51 257 313 78 21 22 68 24 68 
51 257 313 78 21 22 68 24 68 
314 51 257 313 78 133 21 22 68 24 68 
51 257 313 78 21 22 68 24 68 
51 257 313 78 21 22 68 24 68 
314 51 257 313 78 133 21 22 68 24 68 
51 257 313 78 133 354 21 22 68 24 68 
451 51 257 313 78 21 22 68 24 68 
51 257 313 78 133 21 22 68 24 68 
51 257 313 78 354 21 22 68 24 68 
51 257 313 78 21 22 68 24 68 
51 257 313 78 133 21 22 68 24 68 
314 51 257 313 78 133 21 22 68 24 68 
314 51 257 313 78 133 21 22 68 24 68 
51 257 313 78 21 22 68 24 68 
51 257 313 78 21 22 68 24 68 
51 257 313 78 21 22 68 24 68 
314 51 257 313 78 133 21 22 68 24 68 
51 257 313 78 21 22 68 24 68 
51 257 313 78 21 22 68 24 68 
314 51 257 313 78 133 21 22 68 24 68 
51 257 313 78 21 22 68 24 68 
51 257 313 78 133 21 22 68 24 68 
51 257 313 78 133 21 22 68 24 68 
51 257 313 78 133 21 22 68 24 68 
51 257 313 78 21 22 68 24 68 
51 257 313 78 21 22 68 24 68 
51 257 313 78 21 22 68 24 68 
314 51 257 313 78 133 21 22 68 24 68 
51 257 313 78 21 22 68 24 68 
51 257 313 78 133 21 22 68 24 68 
314 51 257 313 78 133 21 22 68 24 68 
451 51 257 313 78 21 22 68 24 68 
51 257 313 78 354 21 22 68 24 68 
314 51 257 313 78 354 21 22 68 24 68 
51 257 313 78 21 22 68 24 68 
314 51 257 313 78 133 21 22 68 24 68 
51 257 313 78 21 22 68 24 68 
51 257 313 78 354 21 22 68 24 68 
314 51 257 313 78 354 21 22 68 24 68 
51 257 313 78 21 22 68 24 68 
314 51 257 313 78 133 354 21 22 68 24 68 
314 51 257 313 78 21 22 68 24 68 
51 257 313 78 21 22 68 24 68 
51 257 313 78 354 21 22 68 24 68 
452 51 257 313 78 21 22 68 24 68 
452 51 257 313 78 21 22 37 68 24 68 
51 257 313 78 21 22 68 24 68 
314 51 257 313 78 21 22 68 24 68 
51 257 313 78 21 22 68 24 68 
51 257 313 78 21 22 68 24 68 
51 257 313 78 21 22 68 24 68 
51 257 313 78 21 22 68 24 68 
314 51 257 313 78 21 22 68 24 68 
51 257 313 78 354 21 22 68 24 68 
51 257 313 78 354 21 22 68 24 68 
51 257 313 78 354 21 22 68 24 68 
51 257 313 78 21 22 68 24 68 
51 257 313 78 21 22 68 24 68 
51 257 313 78 21 22 68 24 68 
51 257 313 78 21 22 68 24 68 
51 257 313 78 21 22 68 24 68 
51 257 313 78 21 22 68 24 68 
51 257 313 78 21 22 68 24 68 
51 257 313 78 21 22 68 24 68 
51 257 313 78 104 21 22 68 24 68 
51 257 313 78 104 21 22 68 24 68 
51 257 313 78 104 21 22 68 24 68 
314 51 257 313 78 21 22 68 24 68 
51 257 313 78 21 22 68 24 68 
51 257 313 78 21 22 68 24 68 
51 257 313 78 21 22 68 24 68 
452 51 257 313 78 21 22 68 24 68 
51 257 313 78 21 22 68 24 68 
51 257 313 78 21 22 68 24 68 
452 51 257 313 78 21 22 68 24 68 
51 257 313 78 21 22 68 24 68 
51 257 313 78 21 22 68 24 68 
51 257 313 78 21 22 68 24 68 
51 257 313 78 21 22 68 24 68 
51 257 313 78 21 22 68 24 68 
51 257 313 78 21 22 68 24 68 
51 257 313 78 21 22 68 24 68 
51 257 313 78 21 22 68 24 68 
51 257 313 78 21 22 68 24 68 
51 257 313 78 21 22 68 24 68 
51 257 313 78 104 21 22 68 24 68 
51 257 313 78 104 21 22 68 24 68 
51 257 313 78 104 21 22 68 24 68 
51 257 313 78 21 22 68 24 68 
51 257 313 78 21 22 68 24 68 
451 51 257 313 78 21 22 68 24 68 
51 257 313 78 104 21 22 68 24 68 
51 257 313 78 21 22 68 24 68 
314 51 257 313 78 133 21 22 68 24 68 
51 257 313 78 21 22 68 24 68 
51 257 313 78 21 22 68 24 68 
51 257 313 78 104 21 22 68 24 68 
314 51 257 313 78 133 21 22 68 24 68 
51 257 313 78 104 21 22 68 24 68 
51 257 313 78 133 354 21 22 68 24 68 
314 54 51 257 313 78 222 192 133 21 22 68 24 68 
314 51 257 313 78 133 21 22 68 24 68 
314 51 257 313 78 21 22 68 24 68 
51 257 313 78 133 354 21 22 68 24 68 
314 51 257 313 78 133 21 22 68 24 68 
51 257 313 78 21 22 68 24 68 
51 257 313 78 21 22 68 24 68 
51 257 313 78 354 21 22 68 24 68 
51 257 313 78 354 21 22 68 24 68 
51 257 313 78 21 22 68 24 68 
314 51 257 313 78 133 21 22 68 24 68 
452 51 257 313 78 354 21 22 68 24 68 
51 257 313 78 133 21 22 68 24 68 
314 51 257 313 78 133 21 22 68 24 68 
51 257 313 78 21 22 68 24 68 
51 257 313 78 21 22 68 24 68 
51 257 313 78 21 22 68 24 68 
51 257 313 78 21 22 68 24 68 
314 51 257 313 78 133 21 22 68 24 68 
314 51 257 313 78 133 21 22 68 24 68 
51 257 313 78 133 21 22 68 24 68 
314 51 257 313 78 21 22 68 24 68 
51 257 313 78 21 22 68 24 68 
314 51 257 313 78 133 21 22 68 24 68 
51 257 313 78 133 21 22 68 24 68 
314 51 257 313 78 133 21 22 68 24 68 
314 51 257 313 78 21 22 68 24 68 
314 51 257 313 78 133 21 22 68 24 68 
51 257 313 78 133 21 22 68 24 68 
314 51 257 313 78 21 22 68 24 68 
314 51 257 313 78 21 22 68 24 68 
51 257 313 78 354 21 22 68 24 68 
51 257 313 78 354 21 22 68 24 68 
51 257 313 78 21 22 68 24 68 
51 257 313 78 354 21 22 68 24 68 
314 51 257 313 78 354 21 22 68 24 68 
51 257 313 78 81 21 22 82 68 24 68 
51 257 313 78 21 22 68 24 68 
314 51 257 313 78 21 22 68 24 68 
51 257 313 78 21 22 68 24 68 
314 51 257 313 78 133 21 22 68 24 68 
314 452 51 257 313 78 21 22 68 24 68 
51 257 313 78 21 22 68 24 68 
51 257 313 78 21 22 68 24 68 
314 51 257 313 78 21 22 68 24 68 
314 51 257 313 78 21 22 68 24 68 
51 257 313 78 21 22 68 24 68 
51 257 313 78 21 22 68 24 68 
51 257 313 78 21 22 68 24 68 
51 257 313 78 21 22 68 24 68 
51 257 313 78 21 22 68 24 68 
51 257 313 78 21 22 68 24 68 
51 257 313 78 354 21 22 68 24 68 
51 257 313 78 354 21 22 68 24 68 
51 257 313 78 21 22 37 68 24 68 
51 257 313 78 354 21 22 68 24 68 
51 257 313 78 354 21 22 68 24 68 
451 51 257 313 78 21 22 68 24 68 
51 257 313 78 104 21 22 68 24 68 
51 257 313 78 21 22 68 24 68 
51 257 313 78 21 22 68 24 68 
314 51 257 313 78 133 21 22 68 24 68 
51 257 313 78 21 22 68 24 68 
51 257 313 78 21 22 68 24 68 
51 257 313 78 21 22 68 24 68 
51 257 313 78 21 22 68 24 68 
51 257 313 78 21 22 68 24 68 
51 257 313 78 104 21 22 68 24 68 
51 257 313 78 21 22 68 24 68 
51 257 313 78 21 22 68 24 68 
51 257 313 78 21 22 68 24 68 
451 51 257 313 78 21 22 68 24 68 
51 257 313 78 21 22 68 24 68 
51 257 313 78 21 22 68 24 68 
51 257 313 78 21 22 68 24 68 
451 51 257 313 78 21 22 68 24 68 
314 51 257 313 78 5 21 22 143 8 37 144 68 24 68 
51 257 313 78 21 22 68 24 68 
314 51 257 313 78 133 21 22 68 24 68 
51 257 313 78 21 22 68 24 68 
314 51 257 313 78 21 22 68 24 68 
51 257 313 78 21 22 68 24 68 
51 257 313 78 21 22 68 24 68 
51 257 313 78 21 22 68 24 68 
314 51 257 313 78 133 21 22 68 24 68 
314 51 257 313 78 21 22 68 24 68 
314 51 257 313 78 133 21 22 68 24 68 
51 257 313 78 21 22 68 24 68 
314 51 257 313 78 354 21 22 68 24 68 
314 51 257 313 78 21 22 68 24 68 
51 257 313 78 21 22 68 24 68 
51 257 313 78 354 21 22 68 24 68 
51 257 313 78 81 21 22 82 68 24 68 
51 257 313 78 21 22 68 24 68 
51 257 313 78 21 22 68 24 68 
51 257 313 78 133 21 22 68 24 68 
451 51 257 313 78 104 21 22 68 24 68 
314 51 257 313 78 133 21 22 68 24 68 
51 257 313 78 104 21 22 68 24 68 
51 257 313 78 133 21 22 68 24 68 
51 257 313 78 21 22 68 24 68 
51 257 313 78 133 21 22 68 24 68 
51 257 313 78 133 21 22 68 24 68 
51 257 313 78 133 354 21 22 68 24 68 
51 257 313 78 21 22 68 24 68 
51 257 313 78 133 21 22 68 24 68 
51 257 313 78 133 21 22 68 24 68 
314 51 257 313 78 21 22 68 24 68 
314 51 257 313 78 21 22 68 24 68 
314 51 257 313 78 21 22 68 24 68 
314 51 257 313 78 21 22 68 24 68 
51 257 313 78 21 22 68 24 68 
51 257 313 78 354 21 22 68 24 68 
51 257 313 78 21 22 68 24 68 
452 51 257 313 78 171 5 21 22 162 8 172 68 24 68 
314 51 257 313 78 21 68 24 68 
314 51 257 313 78 21 68 24 68 
314 51 257 313 78 21 68 24 68 
51 257 313 78 21 22 68 24 68 
51 257 313 78 21 22 68 24 68 
314 51 257 313 78 21 22 68 24 68 
51 257 313 78 21 22 68 24 68 
51 257 313 78 354 21 22 68 24 68 
51 257 313 78 21 22 68 24 68 
51 257 313 78 21 22 68 24 68 
51 257 313 78 21 22 68 24 68 
51 257 313 78 354 21 22 68 24 68 
314 51 257 313 78 354 21 22 68 24 68 
51 257 313 78 354 21 22 68 24 68 
51 257 313 78 21 22 68 24 68 
51 257 313 78 354 21 22 68 24 68 
314 51 257 313 78 133 21 22 68 24 68 
51 257 313 78 354 21 22 68 24 68 
51 257 313 78 21 22 68 24 68 
51 257 313 78 21 22 68 24 68 
51 257 313 78 21 22 68 24 68 
451 51 257 313 78 21 22 68 24 68 
314 51 257 313 78 133 21 22 68 24 68 
51 257 313 78 21 22 68 24 68 
451 51 257 313 78 21 22 68 24 68 
51 257 313 78 354 21 22 68 24 68 
51 257 313 78 354 21 22 68 24 68 
51 257 313 78 21 22 68 24 68 
51 257 313 78 104 21 22 68 24 68 
314 51 257 313 78 133 21 22 68 24 68 
51 257 313 78 133 21 22 68 24 68 
314 51 257 313 78 133 21 22 68 24 68 
51 257 313 78 21 22 68 24 68 
51 257 313 78 21 22 68 24 68 
51 257 313 78 21 22 68 24 68 
51 257 313 78 21 22 68 24 68 
314 51 257 313 78 133 21 22 68 24 68 
51 257 313 78 21 22 68 24 68 
314 51 257 313 78 133 21 22 68 24 68 
51 257 313 78 21 22 68 24 68 
51 257 313 78 21 22 68 24 68 
51 257 313 78 21 22 68 24 68 
314 51 257 313 78 21 22 68 24 68 
51 257 313 78 21 22 68 24 68 
51 257 313 78 21 22 68 24 68 
314 51 257 313 78 21 22 68 24 68 
97 1 51 257 19 2 98 313 78 133 21 22 68 24 68 
51 257 313 78 133 21 22 68 24 68 
314 51 257 313 78 133 21 22 68 24 68 
51 257 313 78 21 22 68 24 68 
51 257 313 78 21 22 68 24 68 
314 51 257 313 78 21 22 68 24 68 
51 257 313 78 21 22 68 24 68 
51 257 313 78 21 22 68 24 68 
51 257 313 78 81 21 22 82 68 24 68 
51 257 313 78 21 22 68 24 68 
51 257 313 78 21 22 68 24 68 
51 257 313 78 21 22 68 24 68 
51 257 313 78 21 22 68 24 68 
314 51 257 313 78 133 21 22 68 24 68 
314 51 257 313 78 21 22 68 24 68 
314 51 257 313 78 104 21 22 68 24 68 
314 51 257 313 78 133 21 22 68 24 68 
51 257 313 78 21 22 68 24 68 
452 51 257 313 78 133 21 22 68 24 68 
314 51 257 313 78 133 21 22 68 24 68 
51 257 313 78 21 22 68 24 68 
314 51 257 313 78 21 22 68 24 68 
51 257 313 78 81 21 22 82 68 24 68 
314 51 257 313 78 133 21 22 68 24 68 
51 257 313 78 21 22 68 24 68 
51 257 313 78 21 22 68 24 68 
51 257 313 78 21 22 68 24 68 
51 257 313 78 354 21 22 68 24 68 
51 257 313 78 133 354 21 22 68 24 68 
51 257 313 78 21 22 68 24 68 
51 257 313 78 21 22 68 24 68 
314 51 257 313 78 354 21 22 68 24 68 
51 257 313 78 21 22 68 24 68 
51 257 313 78 21 22 68 24 68 
452 51 257 313 78 354 21 22 68 24 68 
51 257 313 78 354 21 22 68 24 68 
51 257 313 78 354 21 22 68 24 68 
51 257 313 78 21 22 68 24 68 
451 51 257 313 78 21 22 68 24 68 
314 51 257 313 78 354 21 22 68 24 68 
314 51 257 313 78 133 21 22 68 24 68 
51 257 313 78 354 21 22 68 24 68 
51 257 313 78 21 22 68 24 68 
51 257 313 78 21 22 68 24 68 
51 257 313 78 21 22 68 24 68 
51 257 313 78 21 22 68 24 68 
314 51 257 313 78 21 22 68 24 68 
51 257 313 78 21 22 68 24 68 
51 257 313 78 21 22 68 24 68 
51 257 313 78 21 22 68 24 68 
51 257 313 78 21 22 68 24 68 
51 257 313 78 21 22 68 24 68 
51 257 313 78 21 22 68 24 68 
51 257 313 78 21 22 68 24 68 
314 51 257 313 78 81 21 22 82 68 24 68 
51 257 313 78 21 22 68 24 68 
51 257 313 78 21 22 68 24 68 
51 257 313 78 104 21 22 68 24 68 
51 257 313 78 104 21 22 68 24 68 
51 257 313 78 104 21 22 68 24 68 
51 257 313 78 21 22 68 24 68 
51 257 313 78 104 21 22 68 24 68 
314 51 257 313 78 21 22 68 24 68 
314 51 257 313 78 133 21 22 68 24 68 
314 51 257 313 78 21 22 68 24 68 
51 257 313 78 133 21 22 68 24 68 
314 51 257 313 78 133 21 22 68 24 68 
51 257 313 78 133 21 22 68 24 68 
314 51 257 313 78 21 22 68 24 68 
51 257 313 78 21 22 68 24 68 
51 257 313 78 354 21 22 68 24 68 
51 257 313 78 21 22 68 24 68 
51 257 313 78 21 22 68 24 68 
51 257 313 78 21 22 68 24 68 
51 257 313 78 354 21 22 68 24 68 
51 257 313 78 21 22 68 24 68 
51 257 313 78 21 22 68 24 68 
314 51 257 313 78 133 21 22 68 24 68 
314 51 257 313 78 133 21 22 68 24 68 
51 257 313 78 354 21 22 68 24 68 
51 257 313 78 21 22 68 24 68 
51 257 313 78 354 21 22 68 24 68 
51 257 313 78 21 22 68 24 68 
51 257 313 78 133 354 21 22 68 24 68 
314 51 257 313 78 133 354 21 22 68 24 68 
51 257 313 78 21 22 68 24 68 
314 51 257 313 78 354 21 22 68 24 68 
51 257 313 78 21 22 68 24 68 
51 257 313 78 21 22 68 24 68 
51 257 313 78 21 22 68 24 68 
51 257 313 78 354 21 22 68 24 68 
452 51 257 313 78 21 22 68 24 68 
51 257 313 78 133 21 22 68 24 68 
51 257 313 78 354 21 22 68 24 68 
51 257 313 78 21 22 68 24 68 
314 51 257 313 78 21 22 68 24 68 
51 257 313 78 354 21 22 68 24 68 
51 257 313 78 354 21 22 68 24 68 
51 257 313 78 354 21 22 68 24 68 
51 257 313 78 354 21 22 68 24 68 
314 51 257 313 78 354 21 22 68 24 68 
51 257 313 78 21 22 68 24 68 
51 257 313 78 354 21 22 68 24 68 
51 257 313 78 354 21 22 68 24 68 
51 257 313 78 104 21 22 68 24 68 
51 257 313 78 21 22 68 24 68 
51 257 313 78 21 22 68 24 68 
51 257 313 78 21 22 68 24 68 
51 257 313 78 21 22 68 24 68 
51 257 313 78 21 22 68 24 68 
51 257 313 78 21 22 68 24 68 
51 257 313 78 21 22 68 24 68 
51 257 313 78 21 22 68 24 68 
451 51 257 313 78 21 22 68 24 68 
51 257 313 78 21 22 68 24 68 
51 257 313 78 21 22 68 24 68 
51 257 313 78 21 22 68 24 68 
452 51 257 313 78 21 22 68 24 68 
51 257 313 78 21 22 68 24 68 
51 257 313 78 21 22 68 24 68 
97 1 51 257 19 2 98 313 78 21 22 68 24 68 
51 257 313 78 21 22 68 24 68 
314 51 257 313 78 133 21 22 68 24 68 
314 54 51 257 313 78 222 192 133 21 22 68 24 68 
451 51 257 313 78 104 21 22 68 24 68 
314 51 257 313 78 5 6 21 22 68 24 68 
314 51 257 313 78 21 68 24 68 
51 257 313 78 21 68 24 68 
51 257 313 78 133 21 22 68 24 68 
51 257 313 78 21 22 68 24 68 
51 257 313 78 21 22 68 24 68 
451 51 257 313 78 21 22 68 24 68 
51 257 313 78 21 22 68 24 68 
51 257 313 78 21 22 68 24 68 
51 257 313 78 21 22 68 24 68 
51 257 313 78 21 22 68 24 68 
51 257 313 78 21 22 68 24 68 
51 257 313 78 21 22 68 24 68 
51 257 313 78 21 22 68 24 68 
51 257 313 78 21 22 68 24 68 
51 257 313 78 21 22 68 24 68 
451 51 257 313 78 21 22 68 24 68 
51 257 313 78 21 22 68 24 68 