51 257 540 78 133 21 22 68 24 24 
51 257 540 78 21 22 263 24 24 
51 257 540 78 21 22 263 24 24 
51 257 540 78 21 22 263 24 24 
51 257 540 78 21 22 263 24 24 
51 257 540 78 21 22 263 24 24 
51 257 540 78 21 22 263 24 24 
51 257 540 78 21 22 263 24 24 
51 257 540 78 21 22 263 24 24 
51 257 540 78 21 22 263 24 24 
51 257 540 78 21 22 263 24 24 
51 257 540 78 21 22 263 24 24 
51 257 540 78 21 22 263 24 24 
51 257 540 78 21 22 263 24 24 
51 257 540 78 21 22 263 24 24 
51 257 540 78 21 22 263 24 24 
51 257 540 78 21 22 263 24 24 
51 257 540 78 21 22 263 24 24 
51 257 540 78 21 22 263 24 24 
51 257 540 78 21 22 263 24 24 
51 257 540 78 21 22 263 24 24 
51 257 540 78 21 22 263 24 24 
51 257 540 78 21 22 263 24 24 
51 257 540 78 21 22 263 24 24 
51 257 540 78 21 22 263 24 24 
51 257 540 78 21 22 263 24 24 
51 257 540 78 21 22 263 24 24 
51 257 540 78 21 22 263 24 24 
51 257 540 78 21 22 263 24 24 
51 257 540 78 21 22 263 24 24 
51 257 540 78 21 22 263 24 24 
51 257 540 78 21 22 263 24 24 
51 257 540 78 21 22 263 24 24 
51 257 540 78 21 22 263 24 24 
51 257 540 78 21 22 263 24 24 
51 257 540 78 21 22 263 24 24 
51 257 540 78 21 22 263 24 24 
51 257 540 78 21 22 263 24 24 
51 257 540 78 21 22 263 24 24 
51 257 540 78 21 22 263 24 24 
51 257 540 78 21 22 263 24 24 
51 257 540 78 21 22 263 24 24 
51 257 540 78 21 22 263 24 24 
51 257 540 78 21 22 263 24 24 
51 257 540 78 21 22 263 24 24 
51 257 540 78 21 22 263 24 24 
51 257 540 78 21 22 263 24 24 
51 257 540 78 21 22 263 24 24 
51 257 540 78 21 22 263 24 24 
51 257 540 78 21 22 263 24 24 
51 257 540 78 21 22 263 24 24 
51 257 540 78 21 22 263 24 24 
51 257 540 78 21 22 263 24 24 
51 257 540 78 21 22 263 24 24 
51 257 540 78 21 22 263 24 24 
51 257 540 78 21 22 263 24 24 
51 257 540 78 21 22 263 24 24 
51 257 540 78 21 22 263 24 24 
51 257 540 78 21 22 263 24 24 
51 257 540 78 21 22 263 24 24 
51 257 540 78 21 22 263 24 24 
51 257 540 78 21 22 263 24 24 
51 257 540 78 21 22 263 24 24 
51 257 540 78 21 22 263 24 24 
51 257 540 78 21 22 263 24 24 
51 257 540 78 21 22 263 24 24 
51 257 540 78 21 22 263 24 24 
51 257 540 78 21 22 263 24 24 
51 257 540 78 21 22 263 24 24 
51 257 540 78 21 22 263 24 24 
51 257 540 78 21 22 263 24 24 
51 257 540 78 21 22 263 24 24 
51 257 540 78 21 22 263 24 24 
51 257 540 78 21 22 263 24 24 
51 257 540 78 21 22 263 24 24 
51 257 540 78 21 22 263 24 24 
51 257 540 78 21 22 263 24 24 
51 257 540 78 21 22 263 24 24 
51 257 540 78 21 22 263 24 24 
51 257 540 78 21 22 263 24 24 
51 257 540 78 21 22 263 24 24 
51 257 540 78 21 22 263 24 24 
51 257 540 78 21 22 263 24 24 
51 257 540 78 21 22 263 24 24 
51 257 540 78 21 22 263 24 24 
51 257 540 78 21 22 263 24 24 
51 257 540 78 21 22 263 24 24 
51 257 540 78 21 22 263 24 24 
51 257 540 78 21 22 263 24 24 
51 257 540 78 21 22 263 24 24 
51 257 540 78 21 22 263 24 24 
51 257 540 78 21 22 263 24 24 
51 257 540 78 21 22 263 24 24 
51 257 540 78 21 22 263 24 24 
51 257 540 78 21 22 263 24 24 
51 257 540 78 21 22 263 24 24 
51 257 540 78 81 21 22 82 24 24 
51 257 540 78 5 6 21 22 263 61 24 24 
51 257 540 78 5 6 21 22 263 61 24 24 
51 257 540 78 5 6 21 22 263 61 24 24 
51 257 540 78 5 6 21 22 263 61 24 24 
51 257 540 78 5 6 21 22 263 61 24 24 
51 257 540 78 5 6 21 22 263 61 24 24 
51 257 540 78 5 6 21 22 263 61 24 24 
51 257 540 78 5 6 21 22 263 61 24 24 
51 257 540 78 5 6 21 22 263 61 24 24 
51 257 540 78 5 6 21 22 263 61 24 24 
51 257 540 78 5 6 21 22 263 61 24 24 
51 257 540 78 5 6 21 22 263 61 24 24 
184 1 15 51 257 185 540 78 5 6 21 22 263 61 24 24 
51 257 540 78 5 6 21 22 263 61 24 24 
51 257 540 78 5 6 21 22 263 61 24 24 
51 257 540 78 5 6 21 22 263 61 24 24 
51 257 540 78 5 6 21 22 263 61 24 24 
51 257 540 78 5 6 21 22 263 61 24 24 
184 1 15 51 257 185 540 78 5 6 21 22 263 61 24 24 
51 257 540 78 5 6 21 22 263 61 24 24 
51 257 681 349 540 78 351 5 6 21 22 263 61 24 24 
51 257 540 78 5 6 21 22 263 61 24 24 
51 257 540 78 5 6 21 22 263 61 24 24 
51 257 540 78 5 6 21 22 263 61 24 24 
51 257 540 78 5 6 21 22 263 61 24 24 
51 257 540 78 5 6 21 22 263 61 24 24 
51 257 540 78 5 6 21 22 263 61 24 24 
51 257 540 78 5 6 21 22 263 61 24 24 
51 257 540 78 5 6 21 22 263 61 24 24 
51 257 540 78 5 6 21 22 263 61 24 24 
51 257 540 78 5 6 21 22 263 61 24 24 
51 257 540 78 5 6 21 22 263 61 24 24 
51 257 540 78 5 6 21 22 263 61 24 24 
51 257 540 78 5 6 21 22 263 61 24 24 
51 257 540 78 5 6 21 22 263 61 24 24 
51 257 540 78 5 6 21 22 263 61 24 24 
51 257 540 78 5 6 21 22 263 61 24 24 
51 257 540 78 5 6 21 22 263 61 24 24 
51 257 540 78 5 6 21 22 263 61 24 24 
51 257 540 78 5 6 21 22 263 61 24 24 
51 257 540 78 5 6 21 22 263 61 24 24 
51 257 540 78 5 6 21 22 263 61 24 24 
51 257 540 78 5 6 21 22 263 61 24 24 
51 257 540 78 5 6 21 22 263 61 24 24 
51 257 540 78 5 6 21 22 263 61 24 24 
51 257 540 78 5 6 21 22 263 61 24 24 
51 257 540 78 5 6 21 22 263 61 24 24 
51 257 540 78 5 6 21 22 263 61 24 24 
51 257 540 78 5 6 21 22 263 61 24 24 
51 257 540 78 5 6 21 22 263 61 24 24 
51 257 681 349 540 78 351 5 6 21 22 263 61 24 24 
51 257 540 78 5 6 21 22 263 61 24 24 
51 257 540 78 5 6 21 22 263 61 24 24 
51 257 540 78 5 6 21 22 263 61 24 24 
51 257 540 78 5 6 21 22 263 61 24 24 
51 257 540 78 5 6 21 22 263 61 24 24 
51 257 540 78 5 6 21 22 263 61 24 24 
51 257 540 78 5 6 21 22 263 61 24 24 
51 257 540 78 5 6 21 22 263 61 24 24 
51 257 540 78 5 6 21 22 263 61 24 24 
51 257 540 78 5 6 21 22 263 61 24 24 
51 257 540 78 5 6 21 22 263 61 24 24 
51 257 540 78 5 6 21 22 263 61 24 24 
51 257 540 78 5 6 21 22 263 61 24 24 
51 257 681 349 540 78 351 5 6 21 22 263 61 24 24 
51 257 540 78 5 6 21 22 263 61 24 24 
51 257 540 78 5 6 21 22 263 61 24 24 
51 257 540 78 5 6 21 22 263 61 24 24 
51 257 681 349 540 78 351 5 6 21 22 263 61 24 24 
51 257 540 78 5 6 21 22 263 61 24 24 
51 257 540 78 5 6 21 22 263 61 24 24 
51 257 540 78 5 6 21 22 263 61 24 24 
51 257 540 78 21 22 24 24 
51 257 540 78 21 22 24 24 
51 257 540 78 21 22 24 24 
51 257 540 78 21 22 24 24 
51 257 540 78 21 22 24 24 
51 257 540 78 21 22 68 24 24 
51 257 540 78 21 22 68 24 24 
51 257 540 78 21 22 68 24 24 
51 257 540 78 21 22 24 24 
51 257 540 78 21 22 24 24 
51 257 540 78 21 22 24 24 
51 257 540 78 21 22 24 24 
51 257 540 78 21 22 24 24 
51 257 540 78 21 22 24 24 
51 257 540 78 21 22 24 24 
51 257 540 78 21 22 24 24 
51 257 540 78 21 22 24 24 
51 257 540 78 21 22 24 24 
51 257 540 78 21 22 24 24 
51 257 540 78 21 22 24 24 
51 257 540 78 21 22 24 24 
51 257 540 78 21 22 24 24 
51 257 540 78 21 22 24 24 
51 257 540 78 21 22 24 24 
51 257 540 78 21 22 24 24 
51 257 540 78 21 22 24 24 
51 257 540 78 21 22 24 24 
51 257 540 78 21 22 24 24 
51 257 540 78 21 22 24 24 
51 257 540 78 21 22 24 24 
51 257 540 78 21 22 24 24 
51 257 540 78 21 22 24 24 
51 257 540 78 21 22 24 24 
51 257 540 78 21 22 24 24 
51 257 540 78 21 22 24 24 
51 257 540 78 21 22 24 24 
51 257 540 78 21 22 24 24 
51 257 540 78 21 22 24 24 
51 257 540 78 21 22 24 24 
51 257 540 78 21 22 24 24 
51 257 540 78 21 22 24 24 
51 257 540 78 21 22 24 24 
51 257 540 78 21 22 24 24 
51 257 540 78 21 22 24 24 
51 257 540 78 21 22 24 24 
51 257 540 78 21 22 24 24 
51 257 540 78 21 22 24 24 
51 257 540 78 21 22 24 24 
51 257 540 78 21 22 24 24 
51 257 540 78 21 22 24 24 
51 257 540 78 21 22 24 24 
51 257 540 78 21 22 24 24 
51 257 540 78 21 22 24 24 
51 257 540 78 21 22 24 24 
51 257 540 78 21 22 24 24 
51 257 540 78 21 22 24 24 
51 257 540 78 21 22 24 24 
51 257 540 78 21 22 24 24 
51 257 540 78 21 22 24 24 
184 1 15 51 257 185 540 78 21 22 24 24 
51 257 540 78 21 22 24 24 
51 257 540 78 21 22 24 24 
51 257 540 78 21 22 24 24 
51 257 540 78 21 22 24 24 
51 257 540 78 21 22 24 24 
51 257 540 78 21 22 24 24 
51 257 540 78 21 22 24 24 
51 257 540 78 21 22 24 24 
51 257 540 78 21 22 24 24 
51 257 540 78 21 22 24 24 
51 257 540 78 21 22 24 24 
51 257 540 78 21 22 24 24 
51 257 540 78 21 22 24 24 
51 257 540 78 21 22 24 24 
51 257 540 78 21 22 24 24 
51 257 540 78 21 22 24 24 
51 257 540 78 21 22 24 24 
51 257 540 78 21 22 24 24 
51 257 540 78 21 22 24 24 
51 257 540 78 21 22 24 24 
51 257 540 78 21 22 24 24 
53 54 51 605 257 540 78 21 22 24 24 
51 257 540 78 21 22 24 24 
51 257 540 78 21 22 24 24 
51 257 540 78 21 22 24 24 
51 257 540 78 21 22 24 24 
51 257 540 78 21 22 24 24 
51 257 540 78 21 22 24 24 
51 257 540 78 21 22 24 24 
51 257 540 78 21 22 24 24 
51 257 540 78 21 22 24 24 
51 257 540 78 21 22 24 24 
51 257 540 78 21 22 24 24 
51 257 540 78 21 22 24 24 
51 257 540 78 21 22 24 24 
51 257 540 78 21 22 24 24 
51 257 540 78 21 22 24 24 
51 257 540 78 21 22 24 24 
51 257 540 78 21 22 24 24 
51 257 540 78 21 22 24 24 
51 257 540 78 21 22 24 24 
51 257 540 78 21 22 24 24 
51 257 540 78 21 22 24 24 
51 257 540 78 21 22 24 24 
51 257 540 78 21 22 24 24 
51 257 540 78 21 22 24 24 
51 257 540 78 21 22 24 24 
51 257 540 78 21 22 24 24 
51 257 540 78 21 22 24 24 
51 257 540 78 21 22 24 24 
51 257 540 78 21 22 24 24 
51 257 540 78 21 22 24 24 
51 257 540 78 21 22 24 24 
51 257 540 78 21 22 24 24 
51 257 540 78 21 22 24 24 
51 257 540 78 21 22 24 24 
51 257 540 78 21 22 24 24 
51 257 540 78 21 22 24 24 
51 257 540 78 21 22 24 24 
51 257 540 78 21 22 24 24 
51 257 540 78 21 22 24 24 
51 257 540 78 21 22 24 24 
51 257 540 78 21 22 24 24 
51 257 540 78 21 22 24 24 
51 257 540 78 21 22 24 24 
51 257 540 78 21 22 24 24 
51 257 540 78 21 22 24 24 
51 257 540 78 21 22 24 24 
51 257 540 78 21 22 24 24 
51 257 540 78 21 22 24 24 
51 257 540 78 21 22 24 24 
51 257 540 78 21 22 24 24 
51 257 540 78 21 22 24 24 
51 257 540 78 21 22 24 24 
51 257 540 78 21 22 24 24 
51 257 540 78 21 22 68 24 24 
51 257 540 78 21 22 68 24 24 
51 257 540 78 21 22 68 24 24 
51 257 540 78 5 6 21 24 24 
51 257 540 78 5 6 21 24 24 
51 257 540 78 21 22 68 24 24 
51 257 540 78 21 22 68 24 24 
51 257 540 78 21 22 68 24 24 
51 257 540 78 21 22 68 24 24 
51 257 540 78 21 22 68 24 24 
51 257 540 78 21 22 68 24 24 
51 136 257 540 42 174 78 21 22 68 24 24 
1 15 51 257 540 43 78 21 22 68 24 24 
51 257 540 78 21 22 68 24 24 
51 257 540 78 21 22 68 24 24 
51 257 540 78 21 22 68 24 24 
51 257 540 78 21 22 68 24 24 
51 257 540 78 21 22 68 24 24 
51 257 540 78 21 22 68 24 24 
51 257 540 78 21 22 68 24 24 
51 257 540 78 21 22 68 24 24 
51 257 540 78 21 22 68 24 24 
51 257 540 78 21 22 68 24 24 
51 257 540 78 21 22 68 24 24 
51 257 540 78 21 22 68 24 24 
51 257 540 78 21 22 68 24 24 
51 257 540 78 21 22 68 24 24 
51 257 540 78 21 22 68 24 24 
51 257 540 78 21 22 68 24 24 
51 257 540 78 21 22 68 24 24 
51 257 540 78 21 22 68 24 24 
51 257 540 78 21 22 68 24 24 
51 257 540 78 5 21 24 24 
51 257 540 78 5 21 24 24 
51 257 540 78 5 21 24 24 
51 257 540 78 5 21 24 24 
51 257 540 78 5 21 24 24 
51 257 540 78 5 21 24 24 
51 257 540 78 5 6 21 24 24 
51 257 540 78 5 6 21 24 24 