1 164 15 2 5 62 6 63 63 
1 164 15 2 5 62 6 63 63 
1 164 15 2 5 62 6 63 63 
1 164 15 2 5 62 6 63 63 
1 19 329 2 5 62 6 63 63 
1 164 15 2 5 62 6 63 63 
1 19 329 2 5 62 6 63 63 
1 164 15 2 5 62 6 63 63 
1 19 329 2 5 6 21 22 143 63 8 144 24 63 
1 164 15 2 5 62 6 63 63 
1 164 15 2 5 62 6 63 63 
1 164 15 2 5 62 6 63 63 
1 164 15 2 5 62 6 63 63 
1 164 15 2 5 62 6 63 63 
1 164 15 2 5 62 6 63 63 
1 88 19 329 2 5 62 6 63 63 
1 19 667 2 5 62 6 63 63 
1 88 19 329 2 5 62 6 63 63 
1 19 329 2 5 62 6 63 63 
1 19 329 2 5 62 6 63 63 
1 19 329 2 5 62 6 63 63 
1 164 15 2 5 62 6 63 63 
1 19 329 2 5 62 6 63 63 
1 164 15 2 5 62 6 63 63 
1 164 15 2 5 62 6 63 63 
1 164 15 2 5 62 6 63 63 
1 15 19 329 2 5 62 6 63 522 63 
1 19 329 2 5 62 6 63 522 63 
1 19 329 2 5 62 6 63 522 63 
1 19 329 2 5 62 6 63 63 
1 164 15 2 5 62 6 63 63 
1 164 15 2 5 62 6 63 63 
1 164 15 2 5 62 6 63 63 
1 164 15 2 5 62 6 63 63 
1 164 15 2 5 62 6 63 63 
1 19 329 2 5 62 6 63 63 
1 164 15 2 5 62 6 63 63 
1 164 15 2 5 62 6 63 63 
1 164 15 2 5 62 6 63 63 
1 164 15 2 5 62 6 63 63 
1 164 15 2 5 62 6 63 63 
1 164 15 2 5 62 6 63 473 11 10 63 
1 164 15 2 5 62 6 63 63 
1 164 15 2 5 62 6 63 63 
1 88 19 329 2 5 62 6 63 63 
1 19 329 2 5 62 6 63 63 
1 19 329 2 5 62 6 63 63 
1 19 329 2 5 62 6 63 63 
1 19 329 2 5 62 6 63 63 
1 19 329 2 5 62 6 63 63 
1 19 329 2 5 62 6 63 63 
1 19 329 2 5 62 6 63 63 
1 19 329 2 5 62 6 63 63 
1 19 329 2 5 62 6 63 63 
1 19 329 2 5 62 6 63 63 
1 19 329 2 5 62 6 63 63 
1 19 329 2 5 62 6 63 63 
1 19 329 2 5 62 6 63 63 
1 88 19 329 2 5 62 6 63 63 
1 88 19 329 2 5 62 6 63 63 
1 88 19 329 2 5 62 6 63 63 
1 19 329 2 5 62 6 63 63 
1 19 329 2 5 62 6 63 63 
1 19 329 2 5 62 6 63 63 
1 19 329 2 5 62 6 63 63 
1 19 329 2 5 62 6 63 63 
1 19 329 2 5 62 6 63 63 
1 19 329 2 5 62 6 63 63 
1 19 329 2 5 62 6 63 63 
1 19 329 2 5 62 6 63 63 
1 88 19 329 2 5 62 6 63 63 
1 19 329 2 5 62 6 63 63 
1 19 329 2 5 62 6 63 63 
1 19 329 2 5 62 6 63 63 
1 19 329 2 5 62 6 63 63 
1 19 329 2 5 62 6 63 63 
1 19 329 2 5 62 6 63 63 
1 19 329 2 5 62 6 63 63 
1 19 329 2 5 62 6 63 63 
1 19 329 2 5 62 6 63 63 
1 19 329 2 5 62 6 63 63 
1 88 19 329 2 5 62 6 63 63 
1 88 19 329 2 5 62 6 63 63 
1 88 19 329 2 5 62 6 63 63 
1 88 19 329 2 5 62 6 63 63 
1 88 19 329 2 5 62 6 63 63 
1 19 329 2 5 62 6 63 63 
1 19 329 2 5 62 6 63 63 
1 164 15 2 5 62 6 63 64 63 
1 88 19 329 2 5 62 6 63 63 
1 19 329 2 5 62 6 63 63 
1 19 329 2 5 62 6 63 63 
1 88 19 329 2 5 6 63 63 
1 19 329 2 5 6 63 63 
1 164 15 2 5 62 6 63 63 
1 164 15 2 5 62 6 63 63 
1 19 329 2 5 62 6 63 63 
1 164 15 2 5 62 6 63 63 
1 19 329 2 5 62 6 63 63 
1 19 329 2 5 62 6 63 63 
1 19 329 2 5 62 6 63 522 63 
1 19 329 2 5 62 6 63 522 63 
1 164 15 2 5 62 6 63 63 
1 164 15 2 5 62 6 63 63 
1 164 15 2 5 62 6 63 63 
1 164 15 2 5 62 6 63 63 
1 164 15 2 5 62 6 63 63 
1 19 329 2 5 62 6 63 63 
1 19 329 2 5 62 6 63 63 
1 19 329 2 5 62 6 63 63 
1 19 329 2 5 62 6 63 63 
1 19 329 2 5 62 6 63 63 
1 19 329 2 5 62 6 63 63 
1 164 15 2 5 62 6 63 63 
1 19 329 2 5 62 6 63 522 63 
1 19 329 2 5 62 6 63 522 63 
1 88 19 329 2 5 62 6 63 522 63 
1 88 19 329 2 5 62 6 63 522 63 
1 88 19 329 2 5 62 6 63 522 63 
1 19 329 2 5 62 6 63 522 63 
1 19 329 2 5 62 6 63 522 63 
1 18 19 329 20 2 5 62 6 63 522 63 
1 19 329 2 5 62 6 63 522 63 
1 15 19 329 2 5 62 6 63 522 63 
1 19 329 2 5 62 6 63 522 63 
1 19 329 2 5 62 6 63 522 63 
1 19 329 2 5 62 6 63 522 63 
1 15 19 329 2 5 62 6 63 522 63 
1 15 19 329 2 5 62 6 63 522 63 
1 19 329 2 5 62 6 63 522 63 
1 15 19 329 2 5 62 6 63 522 63 
1 15 19 329 2 5 62 6 63 522 63 
1 15 19 329 2 5 62 6 63 522 63 
1 15 19 329 2 5 62 6 63 522 63 
1 15 19 329 2 5 62 6 63 522 63 
1 15 19 329 2 5 62 6 63 522 63 
1 15 19 329 2 5 62 6 63 522 63 
1 19 329 2 5 62 6 63 522 63 
1 19 329 2 5 62 6 63 522 63 
1 15 19 329 2 5 62 6 63 522 63 
1 15 19 329 2 5 62 6 63 522 63 
1 164 15 2 5 62 6 63 64 63 
1 164 15 2 5 62 6 63 64 63 
1 19 329 2 5 62 6 63 63 
1 19 329 2 5 62 6 63 63 
1 19 329 2 5 62 6 63 63 
1 164 15 2 5 62 6 63 63 
1 19 329 2 5 62 6 63 63 
1 19 329 2 5 62 6 63 63 
1 88 19 329 2 5 62 6 63 63 
1 19 329 2 5 62 6 63 63 
1 88 19 329 2 5 62 6 63 63 
1 88 19 329 2 5 62 6 63 63 
1 19 329 2 56 57 181 5 62 6 63 63 
1 88 19 329 2 5 62 6 63 63 
1 19 329 2 5 62 6 63 63 
1 88 19 329 2 5 62 6 63 63 
1 19 329 2 5 62 6 63 63 
1 19 329 2 5 62 6 63 63 
1 164 15 2 5 62 6 63 63 
1 19 329 2 5 62 6 63 63 
1 19 329 2 5 62 6 63 63 
1 164 15 2 5 62 6 63 63 
1 164 15 2 5 62 6 63 63 
1 19 329 2 5 62 6 63 8 63 
1 19 667 2 5 62 6 63 8 63 
1 19 329 2 5 62 6 63 8 63 
1 19 329 2 5 62 6 63 8 63 
1 19 329 2 5 62 6 63 8 63 
1 19 329 2 5 62 6 63 8 63 
1 19 329 2 5 62 6 63 8 63 
1 19 329 2 5 62 6 63 8 63 
1 19 329 2 5 62 6 63 8 63 
1 19 329 2 5 62 6 63 8 63 
1 19 329 2 5 62 6 63 8 63 
1 88 19 329 2 5 62 6 63 8 63 
1 19 329 2 5 62 6 63 8 63 
1 19 329 2 5 62 6 63 8 63 
1 19 329 2 5 62 6 63 8 63 
1 19 329 2 5 62 6 63 8 63 
1 19 329 2 5 62 6 63 8 63 
1 19 329 2 5 62 6 63 8 63 
1 19 329 2 5 62 6 63 8 63 
1 164 15 2 5 62 6 63 63 
1 164 15 2 5 62 6 63 63 
1 88 19 329 2 5 62 6 63 63 
1 19 329 2 5 62 6 63 63 
1 19 329 2 5 62 6 63 63 
1 19 329 2 5 62 6 63 63 
1 19 329 2 5 62 6 63 63 
1 19 329 2 5 62 6 63 63 
1 19 329 2 5 62 6 63 63 
1 19 329 2 5 62 6 63 63 
1 164 15 2 5 62 6 21 63 24 63 
1 19 329 2 5 62 6 63 63 
1 19 329 2 5 62 6 63 63 
1 15 19 329 2 5 62 6 63 63 
1 19 329 2 5 62 6 63 63 
1 164 15 2 5 62 6 63 63 
1 164 15 2 5 62 6 63 63 
1 164 15 330 2 5 62 6 63 63 
1 164 15 2 5 62 6 63 63 
1 88 19 329 2 5 62 6 63 63 
1 19 329 2 5 62 6 63 63 
1 19 329 2 5 62 6 63 63 
1 19 329 2 5 62 6 63 63 
1 19 329 2 5 62 6 63 63 
1 88 19 329 2 5 62 6 63 63 
1 88 19 329 2 5 62 6 63 63 
1 19 329 2 5 62 6 63 63 
1 19 329 2 5 62 6 63 63 
1 19 329 2 5 62 6 63 63 
1 19 329 2 5 62 6 63 63 
1 88 19 329 2 5 62 6 63 63 
1 19 329 2 5 62 6 63 63 
1 15 19 329 2 5 62 6 63 63 
1 88 19 329 2 5 62 6 63 63 
1 19 329 2 5 62 6 63 63 
1 19 329 2 5 62 6 63 63 
1 19 329 2 5 62 6 63 63 
1 19 329 2 5 62 6 63 63 
1 19 329 2 5 62 6 63 63 
1 19 329 2 5 62 6 63 63 
1 19 329 2 5 62 6 63 63 
1 19 329 2 5 62 6 63 63 
1 19 329 2 5 62 6 63 63 
1 19 329 2 5 62 6 63 63 
1 19 329 2 5 62 6 63 63 
1 19 329 2 5 62 6 63 63 
1 19 329 2 5 62 6 63 63 
1 19 329 2 5 62 6 63 63 
1 19 329 2 5 62 6 63 63 
1 19 329 2 5 62 6 63 63 
1 88 19 329 2 5 62 6 63 63 
1 19 329 2 5 62 6 63 63 
1 19 329 2 5 62 6 63 63 
1 19 329 2 5 62 6 63 63 
1 88 19 329 2 5 62 6 63 63 
1 88 19 329 2 5 62 6 63 63 
1 19 329 2 5 62 6 63 63 
1 19 329 2 5 62 6 63 63 
1 19 329 2 5 62 6 63 63 
1 19 329 2 5 62 6 63 63 
1 19 329 2 5 62 6 63 63 
1 164 15 2 5 62 6 63 243 63 
1 164 15 2 5 62 6 63 63 
1 164 15 2 5 62 6 63 63 
1 19 329 2 5 62 6 63 63 
1 88 19 329 2 5 62 6 63 63 
1 19 329 2 5 62 6 63 63 
1 19 329 2 5 62 6 63 63 
1 15 19 329 2 554 5 62 6 63 63 
1 19 667 2 5 62 6 63 63 
1 19 329 2 5 62 6 63 63 
1 51 19 329 2 78 5 62 6 63 63 
1 19 329 2 5 62 6 63 63 
1 19 329 2 5 62 6 63 63 
1 19 329 2 5 62 6 63 63 
1 88 19 329 2 5 62 6 63 63 
1 19 329 2 5 62 6 63 63 
1 19 329 2 5 62 6 63 63 
1 19 329 2 5 62 6 63 63 
1 19 329 2 5 62 6 63 63 
1 19 329 2 5 62 6 63 63 
1 19 329 2 5 62 6 63 63 
1 88 19 329 2 5 62 6 63 63 
1 19 329 2 5 62 6 63 63 
1 19 329 2 5 62 6 63 63 
1 88 19 329 2 5 62 6 63 63 
1 19 329 2 5 62 6 63 63 
1 88 19 329 2 5 62 6 63 63 
1 19 667 2 5 62 6 63 63 
1 15 19 329 2 554 5 62 6 63 63 
1 19 329 2 5 62 6 63 63 
1 19 329 2 5 62 6 63 63 
1 19 329 2 5 62 6 63 63 
1 19 329 2 5 62 6 63 63 
1 88 19 329 2 5 62 6 63 63 
1 88 19 329 2 5 62 6 63 63 
1 19 329 2 5 62 6 63 63 
1 88 19 329 2 5 62 6 63 63 
1 88 19 329 2 5 62 6 63 63 
1 88 19 329 2 5 62 6 63 63 
1 19 329 2 5 62 6 63 63 
1 19 329 2 5 62 6 63 63 
1 19 329 2 5 62 6 63 63 
1 19 329 2 5 62 6 63 63 
1 19 329 2 5 62 6 63 63 
1 19 329 2 5 62 6 63 63 
1 19 329 2 5 62 6 63 63 
1 19 329 2 5 62 6 63 63 
1 19 329 2 5 62 6 63 63 
1 19 329 2 5 62 6 63 63 
1 97 19 329 2 98 5 62 6 63 63 
1 88 19 329 2 5 62 6 63 63 
1 19 329 2 5 62 6 63 63 
1 19 329 2 5 62 6 63 63 
1 19 329 2 5 62 6 63 63 
1 19 329 2 5 62 6 63 63 
1 19 329 2 5 62 6 63 63 
1 88 19 329 2 5 62 6 63 63 
1 19 329 2 5 62 6 63 63 
1 19 329 2 5 62 6 63 63 
1 164 15 2 5 62 6 63 63 
1 164 15 2 5 62 6 63 63 
1 164 15 2 5 62 6 63 63 
1 164 15 2 5 62 6 63 63 
1 19 329 2 5 62 6 63 63 
1 19 329 2 5 62 6 63 63 
1 19 329 2 5 62 6 63 63 
1 19 329 2 5 62 6 63 63 
1 164 15 2 5 62 6 63 63 
1 164 15 2 5 62 6 63 63 
1 164 15 2 5 62 6 63 63 
1 19 667 2 5 62 6 63 63 
1 88 19 329 2 5 62 6 63 63 
1 19 329 2 5 62 6 63 63 
1 19 329 2 5 62 6 63 63 
1 19 329 2 5 62 6 63 63 
1 15 19 329 2 5 62 6 63 63 
1 88 19 329 2 5 62 6 63 63 
1 19 329 2 5 62 6 63 63 
1 19 329 2 5 62 6 63 63 
1 88 19 329 2 5 62 6 63 63 
1 19 329 2 5 62 6 63 63 
1 19 329 2 5 62 6 63 63 
1 19 329 2 5 62 6 63 63 
1 19 329 2 5 62 6 63 63 
1 88 19 329 2 5 62 6 63 63 
1 19 667 2 5 62 6 63 63 
1 19 329 2 5 62 6 63 63 
1 88 19 329 2 5 62 6 63 63 
1 19 329 2 5 62 6 63 63 
1 19 329 2 5 62 6 63 63 
1 19 667 2 5 62 6 63 63 
1 19 329 2 5 62 6 63 63 
1 19 329 2 5 62 6 63 63 
1 164 15 2 5 62 6 63 63 
1 164 15 2 5 62 6 63 63 
1 164 15 2 5 62 6 63 63 
1 164 15 2 5 62 6 63 63 
1 164 15 2 5 62 6 63 63 
1 164 15 2 5 62 6 63 63 
1 19 329 2 5 62 6 63 63 
1 88 19 329 2 5 62 6 63 63 
1 164 15 2 42 5 62 6 63 63 
1 164 15 2 5 62 6 63 63 
1 164 15 2 5 62 6 63 63 
1 164 15 2 5 62 6 63 63 
1 164 15 2 5 62 6 63 63 
1 19 329 2 5 62 6 63 522 63 
1 19 329 2 5 62 6 63 522 63 
1 97 19 329 2 98 5 62 6 63 522 63 
1 19 329 2 5 62 6 63 522 63 
1 19 329 2 5 62 6 63 522 63 
1 19 329 2 5 62 6 63 522 63 
1 15 19 329 2 5 62 6 63 522 63 
1 19 329 2 5 62 6 63 522 63 
1 164 15 2 5 62 6 63 63 
1 164 15 2 5 62 6 63 63 
1 15 19 329 2 5 62 6 63 63 
1 19 329 2 5 62 6 63 63 
1 19 329 2 5 62 6 63 63 
1 19 329 2 5 62 6 63 63 
1 19 329 2 5 62 6 63 63 
1 19 329 2 5 62 6 63 63 
1 19 329 2 5 62 6 63 63 
1 19 329 2 5 62 6 63 63 
1 88 19 329 2 5 62 6 63 63 
1 19 329 2 5 62 6 63 63 
1 15 19 329 2 5 62 6 63 63 
1 19 329 2 5 62 6 63 63 
1 19 329 2 5 62 6 63 63 
1 88 19 329 2 5 62 6 63 63 
1 19 329 2 5 62 6 63 63 
1 19 329 2 5 62 6 63 63 
1 15 19 329 2 5 62 6 63 63 
1 88 19 329 2 5 62 6 63 63 
1 19 329 2 5 62 6 63 63 
1 19 329 2 5 62 6 63 63 
1 19 329 2 5 62 6 63 63 
1 19 329 2 5 62 6 63 63 
1 19 329 2 5 62 6 63 63 
1 19 329 2 5 62 6 63 63 
1 19 329 2 5 62 6 63 63 
1 19 329 2 5 62 6 63 63 
1 164 15 2 5 62 6 63 63 
1 164 15 2 5 62 6 63 64 63 
1 19 329 2 5 62 6 63 63 
1 164 15 2 5 62 6 63 63 
1 164 15 2 5 62 6 63 64 63 
1 164 15 2 5 62 6 63 63 
1 19 329 2 5 62 6 63 63 
1 19 329 2 5 62 6 63 63 
1 19 329 2 5 62 6 63 63 
1 19 329 2 5 62 6 63 63 
1 19 329 2 5 62 6 63 63 
1 19 329 2 5 62 6 63 63 
1 19 329 2 5 62 6 63 63 
1 19 329 2 5 62 6 63 63 
1 19 329 2 5 62 6 63 63 
1 19 329 2 5 62 6 63 63 
1 88 19 329 2 5 62 6 63 63 
1 19 329 2 5 62 6 63 63 
1 19 329 2 5 62 6 63 63 
1 19 329 2 5 62 6 63 63 
1 19 329 2 5 62 6 63 63 
1 164 15 2 5 62 6 63 63 
1 164 15 2 5 62 6 63 63 
1 164 15 2 5 62 6 63 63 
1 164 15 2 5 62 28 6 21 63 63 
1 19 329 2 5 62 6 63 8 63 
1 19 329 2 5 62 6 63 8 63 
1 19 329 2 5 62 6 63 8 63 
1 88 19 329 2 5 62 6 63 8 63 
1 19 329 2 5 62 6 63 8 63 
1 19 329 2 5 62 6 63 8 63 
1 19 329 2 5 62 6 63 8 63 
1 19 667 2 5 62 6 63 8 63 
1 19 329 2 5 62 6 63 8 63 
1 19 329 2 5 62 6 63 8 63 
1 19 329 2 5 62 6 63 8 63 
1 19 329 2 5 62 6 63 8 63 
1 19 329 2 5 62 6 63 8 63 
1 19 329 2 5 62 6 63 8 63 
1 19 329 2 5 62 6 63 8 63 
1 19 329 2 5 62 6 63 8 63 
1 19 329 2 5 62 6 63 8 63 
1 88 19 329 2 5 62 6 63 8 63 
1 15 19 329 2 554 5 62 6 63 8 63 
1 19 329 2 5 62 6 63 8 63 
1 19 667 2 5 62 6 63 8 63 
1 19 667 2 5 62 6 63 8 63 
1 19 329 2 5 62 6 63 8 63 
1 19 329 2 5 62 6 63 8 63 
1 19 329 2 5 62 6 63 8 63 
1 19 329 2 5 62 6 63 8 63 
1 19 667 2 5 62 6 63 8 63 
1 19 329 2 5 62 6 63 8 63 
1 19 329 2 5 62 6 63 8 63 
1 19 329 2 5 62 6 63 8 63 
1 19 329 2 5 62 6 63 8 63 
1 19 329 2 5 62 6 63 8 63 
1 19 667 2 5 62 6 63 8 63 
1 88 19 329 2 5 62 6 63 8 63 
1 19 329 2 5 62 6 63 8 63 
1 19 329 2 5 62 6 63 8 63 
1 19 329 2 5 62 6 63 8 63 
1 19 329 2 5 62 6 63 8 63 
1 19 329 2 5 62 6 63 8 63 
1 19 329 2 5 62 6 63 8 63 
1 88 19 329 2 5 62 6 63 8 63 
1 88 19 329 2 5 62 6 63 8 63 
1 19 329 2 5 62 6 63 8 63 
1 19 329 2 5 62 6 63 8 63 
1 19 329 2 5 62 6 63 8 63 
1 19 329 2 5 62 6 63 8 63 
1 19 667 2 5 62 6 63 8 63 
1 19 329 2 5 62 6 63 8 63 
1 88 19 329 2 5 62 6 63 8 63 
1 19 329 2 5 62 6 63 8 63 
1 19 329 2 5 62 6 63 8 63 
1 19 329 2 5 62 6 63 63 
1 164 15 2 5 62 6 63 63 
1 19 329 2 5 62 6 63 63 
1 15 19 329 2 5 62 6 63 522 63 
1 19 329 2 5 62 6 63 522 63 
1 88 19 329 2 5 62 6 63 522 63 
1 19 329 2 5 62 6 63 522 63 
1 19 329 2 5 62 6 63 522 63 
1 88 19 329 2 5 62 6 63 522 63 
1 19 329 2 5 62 6 63 522 63 
1 19 329 2 5 62 6 63 522 63 
1 19 329 2 5 62 6 63 522 63 
1 164 15 2 5 62 6 63 63 
1 19 329 2 5 62 6 63 522 63 
1 19 329 2 5 62 6 63 522 63 
1 164 15 2 5 62 6 63 63 
1 15 19 329 2 5 62 6 63 522 63 
1 19 329 2 5 62 6 63 522 63 
1 18 19 329 20 2 5 62 6 63 522 63 
1 19 329 2 5 62 6 63 522 63 
1 19 329 2 5 62 6 63 522 63 
1 15 19 329 2 5 62 6 63 522 63 
1 19 329 2 5 62 6 63 522 63 
1 19 329 2 5 62 6 63 522 63 
1 19 329 2 5 62 6 63 522 63 
1 19 329 2 5 62 6 63 522 63 
1 19 329 2 5 62 6 63 522 63 
1 19 329 2 5 62 6 63 522 63 
1 19 329 2 5 62 6 63 522 63 
1 19 329 2 5 62 6 63 522 63 
1 19 329 2 5 62 6 63 522 63 
1 19 329 2 5 62 6 63 522 63 
1 19 329 2 5 62 6 63 522 63 
1 19 329 2 5 62 6 63 522 63 
1 15 19 329 2 5 62 6 63 522 63 
1 19 329 2 5 62 6 63 522 63 
1 15 19 329 2 5 62 6 63 522 63 
1 19 329 2 5 62 6 63 522 63 
1 164 15 2 5 62 6 63 63 
1 19 329 2 103 5 62 6 63 522 63 
1 19 329 2 5 62 6 63 522 63 
1 88 19 329 2 5 62 6 63 522 63 
1 19 329 2 5 62 6 63 522 63 
1 19 329 2 5 62 6 63 522 63 
1 19 329 2 5 62 6 63 522 63 
1 19 329 2 5 62 6 63 522 63 
1 19 329 2 5 62 6 63 522 63 
1 19 329 2 5 62 6 63 522 63 
1 19 329 2 5 62 6 63 522 63 
1 164 15 2 5 62 6 63 63 
1 15 19 329 2 5 62 6 63 522 63 
1 19 329 2 5 62 6 63 522 63 
1 88 19 329 2 5 62 6 63 63 
1 19 329 2 5 62 6 63 63 
1 88 19 329 2 5 62 6 63 63 
1 19 329 2 5 62 6 63 63 
1 19 329 2 5 62 6 63 63 
1 19 329 2 5 62 6 63 63 
1 19 329 2 5 62 6 63 63 
1 19 329 2 5 62 6 63 63 
1 164 15 2 5 62 6 63 63 
1 164 15 2 5 62 6 63 63 
1 164 15 2 5 62 6 63 63 
1 164 15 2 5 62 6 63 63 
1 19 329 2 5 62 6 63 522 63 
1 18 19 329 20 2 5 62 6 63 522 63 
1 19 329 2 5 62 6 63 522 63 
1 15 19 329 2 5 62 6 63 63 
1 19 329 2 5 62 6 63 63 
1 19 329 2 5 62 6 63 63 
1 19 329 2 5 62 6 63 64 63 
1 19 329 2 5 62 6 63 64 63 
1 19 329 2 5 62 6 63 64 63 
1 19 329 2 5 62 6 63 64 63 
1 19 667 2 5 62 6 63 63 
1 19 667 2 5 62 6 63 63 
1 164 15 2 5 62 6 63 63 
1 19 329 2 5 62 6 63 63 
1 88 19 329 2 5 62 6 63 63 
1 19 668 329 2 5 62 6 63 63 
1 19 329 2 5 62 6 63 63 
1 19 329 2 5 62 6 63 63 
1 19 329 2 5 62 6 63 63 
1 19 329 2 5 62 6 63 63 
1 19 329 2 5 62 6 63 63 
1 19 329 2 5 62 6 63 63 
1 19 329 2 5 62 6 63 63 
1 19 329 2 5 62 6 63 63 
1 19 329 2 5 62 6 63 63 
1 19 329 2 5 62 6 63 63 
1 19 329 2 5 62 6 63 63 
1 164 15 2 5 62 6 63 63 
1 164 15 2 5 62 6 63 63 
1 15 19 329 2 5 62 6 63 522 63 
1 164 15 2 5 62 6 63 63 
1 19 329 2 5 62 6 63 63 
1 19 329 2 5 62 6 63 63 
1 19 329 2 5 62 6 63 63 
1 19 329 2 5 62 6 63 63 
1 88 19 329 2 5 62 6 63 63 
1 19 329 2 5 62 6 63 63 
1 19 329 2 5 62 6 63 63 
1 19 329 2 5 62 6 63 63 
1 19 329 2 5 62 6 63 63 
1 88 19 329 2 5 62 6 63 63 
1 15 19 329 2 5 62 6 63 63 
1 19 329 2 5 62 6 63 63 
1 19 329 2 5 62 6 63 63 
1 19 329 2 5 62 6 63 63 
1 19 329 2 5 62 6 63 63 
1 19 329 2 5 62 6 63 522 63 
1 19 329 2 5 62 6 63 522 63 
1 164 15 2 5 62 6 63 63 
1 97 19 329 2 98 5 62 6 63 63 
1 19 667 2 5 62 6 63 63 
1 19 329 2 5 62 6 63 63 
1 19 667 2 5 62 6 63 63 
1 19 329 2 5 62 6 63 63 
1 19 329 2 5 62 6 63 63 
1 88 19 329 2 5 62 6 63 63 
1 19 329 2 5 62 6 63 63 
1 19 329 2 5 62 6 63 63 
1 19 329 2 5 62 6 63 63 
1 19 329 2 5 62 6 63 63 
1 19 329 2 5 62 6 63 63 
1 19 667 2 5 62 6 63 63 
1 19 667 2 5 62 6 63 63 
1 164 15 2 5 62 6 63 63 
1 88 19 329 2 5 62 6 63 63 
1 19 329 2 5 62 6 63 63 
1 164 15 2 5 62 6 63 63 
1 15 19 329 2 5 62 6 63 63 
1 19 329 2 5 62 6 63 63 
1 19 329 2 5 62 6 63 63 
1 164 15 2 5 62 6 63 63 
1 19 329 2 5 62 6 63 63 
1 19 329 2 5 62 6 63 63 
1 19 329 2 5 62 6 63 63 
1 19 329 2 5 62 6 63 63 
1 19 329 2 5 62 6 63 63 
1 19 329 2 5 62 6 63 63 
1 19 329 2 5 62 6 63 63 
1 19 329 2 5 62 6 63 63 
1 19 329 2 5 62 6 63 63 
1 164 15 2 5 62 6 63 85 86 63 
1 164 15 2 5 62 6 63 63 
1 19 329 2 5 62 6 63 63 
1 164 15 2 5 62 6 63 63 
1 19 329 2 5 62 6 63 63 
1 164 15 2 5 62 6 63 63 
1 164 15 2 5 62 6 63 63 
1 164 15 2 5 62 6 63 63 
1 164 15 2 5 62 6 63 63 
1 164 15 2 5 62 6 63 63 
1 164 15 2 5 62 6 63 63 
1 88 19 329 2 5 62 6 63 63 
1 19 329 2 5 62 6 63 63 
1 19 329 2 5 62 6 63 63 
1 19 329 2 5 62 6 63 63 
1 19 329 2 5 62 6 63 63 
1 19 329 2 5 62 6 63 63 
1 19 329 2 5 62 6 63 63 
1 19 329 2 5 62 6 63 63 
1 19 329 2 5 62 6 63 63 
1 19 329 2 5 62 6 63 63 
1 19 329 2 5 62 6 63 63 
1 19 329 2 5 62 6 63 63 
1 19 329 2 5 62 6 63 63 
1 15 19 329 2 5 62 6 63 63 
1 15 19 329 2 5 62 6 63 63 
1 19 329 2 5 62 6 63 63 
1 19 329 2 5 62 6 63 63 
1 19 329 2 5 62 6 63 63 
1 19 329 2 5 62 6 63 63 
1 19 329 2 5 62 6 63 63 
1 19 329 2 5 62 6 63 63 
1 19 329 2 5 62 6 63 63 
1 164 15 2 5 62 6 63 63 
1 164 15 2 5 62 6 63 63 
1 19 329 2 5 62 6 63 64 63 
1 164 15 2 5 62 6 63 63 
1 164 15 2 5 171 62 6 63 162 8 172 63 
1 164 15 2 5 62 6 63 64 63 
1 164 15 2 5 62 6 63 63 
1 19 329 2 5 62 6 63 63 
1 19 329 2 5 62 6 63 63 
1 19 329 2 5 62 6 63 63 
1 19 329 2 5 62 6 63 63 
1 19 329 2 5 62 6 63 63 
1 19 329 2 5 62 6 63 63 
1 19 329 2 5 62 6 63 63 
1 19 329 2 5 62 6 63 63 
1 19 329 2 5 62 6 63 63 
1 19 329 2 5 62 6 63 63 
1 88 19 329 2 5 62 6 63 63 
1 19 329 2 5 62 6 63 63 
1 19 329 2 5 62 6 63 63 
1 88 19 329 2 5 62 6 63 63 
1 88 19 329 2 5 62 6 63 63 
1 19 329 2 5 62 6 63 63 
1 19 329 2 5 62 6 63 63 
1 88 19 329 2 5 62 6 63 63 
1 15 19 329 2 5 62 6 63 63 
1 19 329 2 5 62 6 63 63 
1 19 329 2 5 62 6 63 63 
1 19 329 2 5 62 6 63 63 
1 19 329 2 5 62 6 63 63 
1 19 329 2 5 62 6 63 63 
1 19 329 2 5 62 6 63 63 
1 19 329 2 5 62 6 63 63 
1 19 329 2 5 62 6 63 63 
1 15 19 329 2 5 62 6 63 63 
1 19 329 2 5 62 6 63 63 
1 19 329 2 5 62 6 63 63 
1 88 19 329 2 5 62 6 63 63 
1 19 329 2 5 62 6 63 63 
1 19 329 2 5 62 6 63 63 
1 19 329 2 5 62 6 63 63 
1 19 329 2 5 62 6 63 63 
1 19 329 2 5 62 6 63 63 
1 19 667 2 5 62 6 63 63 
1 88 19 329 2 5 62 6 63 63 
1 19 329 2 5 62 6 63 63 
1 88 19 329 2 5 62 6 63 63 
1 19 329 2 5 62 6 63 63 
1 88 19 329 2 5 62 6 63 63 
1 19 329 2 5 62 6 63 63 
1 19 329 2 5 62 6 63 63 
1 19 329 2 5 62 6 63 63 
1 19 329 2 5 62 6 63 63 
1 19 329 2 5 62 6 63 63 
1 164 15 2 5 62 6 63 63 
1 164 15 2 5 62 6 63 63 
1 164 15 2 5 62 6 63 63 
1 164 15 2 5 62 6 63 63 
1 19 329 2 5 62 6 63 63 
1 19 329 2 5 62 6 63 63 
1 19 329 2 5 62 6 63 63 
1 19 329 2 5 62 6 63 63 
1 19 329 2 5 62 6 63 63 
1 19 329 2 5 62 6 63 63 
1 19 329 2 5 62 6 63 63 
1 19 329 2 5 62 6 63 63 
1 88 19 329 2 5 62 6 63 63 
1 19 329 2 5 62 6 63 63 
1 19 329 2 5 62 6 63 63 
1 19 329 2 5 62 6 63 63 
1 88 19 329 2 5 62 6 63 63 
1 15 19 329 2 5 62 6 63 63 
1 19 329 2 5 62 6 63 63 
1 19 329 2 5 62 6 63 63 
1 164 15 2 5 62 6 63 63 
1 164 15 2 5 62 28 6 21 63 63 
1 164 15 2 5 62 6 63 63 
1 19 329 2 5 62 6 63 63 
1 19 329 2 5 62 6 63 63 
1 19 329 2 5 62 6 63 63 
1 19 329 2 5 62 6 63 63 
1 19 329 2 5 62 6 63 63 
1 164 15 2 5 62 6 63 63 
1 19 329 2 5 62 6 63 63 
1 19 329 2 5 62 6 63 63 
1 88 19 329 2 5 62 6 63 63 
1 19 329 2 5 62 6 63 63 
1 164 15 2 5 62 6 63 63 
1 164 15 2 5 62 6 63 63 
1 164 15 2 5 62 6 63 63 
1 19 329 2 5 62 6 63 63 
1 18 19 329 20 2 5 62 6 63 63 
1 19 329 2 5 62 6 63 63 
1 19 329 2 5 62 6 63 63 
1 19 329 2 5 62 6 63 63 
1 164 15 2 5 62 6 63 63 
1 19 329 2 5 62 6 63 63 
1 19 329 2 5 62 6 63 63 
1 19 329 2 5 62 6 63 63 
1 164 15 2 5 62 6 63 63 
1 19 329 2 5 62 6 21 63 24 63 
1 19 329 2 5 62 6 63 63 
1 164 15 2 5 62 6 63 63 
1 164 15 2 5 62 6 63 63 
1 19 329 2 5 62 6 63 63 
1 164 15 2 5 62 6 63 63 
1 19 329 2 5 62 6 63 63 
1 88 19 329 2 5 62 6 63 63 
1 164 15 2 5 62 6 63 63 
1 19 329 2 5 62 6 63 63 
1 19 329 2 5 62 6 63 63 
1 19 329 2 5 62 6 63 63 
1 164 15 2 5 62 6 63 63 
1 164 15 2 5 62 6 63 63 
1 164 15 2 5 62 6 63 63 
1 164 15 2 5 62 6 63 63 
1 164 15 2 5 62 6 63 63 
1 19 329 2 5 62 6 63 64 63 
1 164 15 2 5 62 6 63 63 
1 19 329 2 5 62 6 63 63 
1 164 15 2 5 62 6 63 63 
1 164 15 2 5 62 6 63 63 
1 164 15 2 5 62 6 63 63 
1 164 15 2 5 62 6 63 63 
1 164 15 2 5 62 6 63 63 
1 19 329 2 5 62 6 63 63 
1 164 15 2 5 62 6 63 63 
1 164 15 2 5 62 6 63 64 63 
1 19 329 2 5 62 6 63 63 
1 164 15 2 5 62 6 63 63 
1 19 329 2 5 62 6 63 63 
1 164 15 2 5 62 6 63 63 
1 164 15 2 5 62 6 63 63 
1 164 15 2 5 62 6 63 63 
1 164 15 2 5 62 6 63 63 
1 164 15 2 5 62 6 63 63 
1 164 15 2 5 62 6 63 63 
1 19 329 2 5 6 63 64 63 
1 164 15 2 5 62 6 63 63 
1 164 15 2 5 62 6 21 63 24 63 
1 164 15 2 5 62 6 63 63 
1 164 15 2 5 62 6 63 64 63 
1 19 329 2 5 62 6 63 63 
1 19 329 2 5 62 6 63 63 
1 19 329 2 5 62 6 63 63 
1 19 329 2 5 62 6 63 63 
1 19 329 2 5 62 6 63 63 
1 19 329 2 5 62 6 63 63 
1 19 667 2 5 62 6 63 63 
1 88 19 329 2 5 171 6 63 162 8 172 63 
1 164 15 2 5 62 6 63 64 63 
1 19 329 2 5 48 62 6 63 63 
1 88 19 329 2 5 48 62 6 63 63 
1 88 19 329 2 5 48 62 6 63 63 
1 19 329 2 5 48 62 6 63 63 
1 19 329 2 5 48 62 6 63 63 
1 88 19 329 2 5 48 62 6 63 63 
1 19 329 2 5 48 62 6 63 63 
1 19 329 2 5 48 62 6 63 63 
1 164 15 2 5 62 6 63 63 
1 164 15 2 5 62 6 63 63 
1 19 329 2 5 62 6 63 63 
1 19 329 2 5 62 6 63 63 
1 19 329 2 5 62 6 63 63 
1 19 329 2 5 62 6 63 63 
1 19 329 2 5 62 6 63 63 
1 19 329 2 5 62 6 63 63 
1 19 329 2 5 62 6 63 63 
1 19 329 2 5 62 6 63 63 
1 19 329 2 5 62 6 63 63 
1 19 329 2 5 62 6 63 63 
1 19 329 2 5 62 6 63 63 
1 19 329 2 5 62 6 63 63 
1 88 19 329 2 5 62 6 63 63 
1 19 329 2 5 62 6 63 63 
1 88 19 329 2 5 62 6 63 63 
1 19 329 2 5 62 6 63 63 
1 19 329 2 5 62 6 63 63 
1 19 329 2 5 62 6 63 63 
1 19 329 2 5 62 6 63 63 
1 88 19 329 2 5 62 6 63 63 
1 19 329 2 5 62 6 63 63 
1 19 329 2 5 62 6 63 63 
1 19 329 2 5 62 6 63 63 
1 19 329 2 5 62 6 63 63 
1 19 329 2 5 62 6 63 63 
1 19 329 2 5 62 6 63 63 
1 19 329 2 5 62 6 63 63 
1 46 47 19 329 2 5 62 6 63 63 
1 19 329 2 5 62 6 63 63 
1 19 329 2 5 62 6 63 63 
1 19 329 2 5 62 6 63 63 
1 19 329 2 5 62 6 63 63 
1 19 329 2 5 62 6 63 63 
1 19 329 2 5 62 6 63 63 
1 19 329 2 5 62 6 63 63 
1 19 329 2 5 62 6 63 63 
1 19 329 2 5 62 6 63 63 
1 19 329 2 5 62 6 63 63 
1 88 19 329 2 5 62 6 63 63 
1 19 329 2 5 62 6 63 63 
1 88 19 329 2 5 62 6 63 63 
1 19 329 2 5 62 6 63 63 
1 88 19 329 2 5 62 6 63 63 
1 88 19 329 2 5 62 6 63 63 
1 88 19 329 2 5 62 6 63 63 
1 88 19 329 2 5 62 6 63 63 
1 88 19 329 2 5 62 6 63 63 
1 88 19 329 2 5 62 6 63 63 
1 19 329 2 5 62 6 63 63 
1 19 329 2 5 62 6 63 63 
1 19 329 2 5 62 6 63 63 
1 19 329 2 5 62 6 63 63 
1 19 329 2 5 62 6 63 63 
1 19 329 2 5 62 6 63 63 
1 19 329 2 5 62 6 63 63 
1 19 329 2 5 62 6 63 63 
1 19 329 2 5 62 6 63 63 
1 19 329 2 5 62 6 63 63 
1 19 329 2 5 62 6 63 63 
1 19 329 2 5 62 6 63 63 
1 19 329 2 5 62 6 63 63 
1 19 329 2 5 62 6 63 63 
1 19 329 2 5 62 6 63 63 
1 19 329 2 5 62 6 63 63 
1 19 329 2 5 62 6 63 63 
1 19 329 2 5 62 6 63 63 
1 88 19 329 2 5 62 6 63 63 
1 88 19 329 2 5 62 6 63 63 
1 19 329 2 5 62 6 63 63 
1 19 329 2 5 62 6 63 63 
1 19 329 2 5 62 6 63 63 
1 19 329 2 5 62 6 63 63 
1 19 329 2 5 62 6 63 63 
1 19 329 2 5 62 6 63 63 
1 19 329 2 5 62 6 63 63 
1 19 329 2 5 62 6 63 63 
1 19 329 2 5 62 6 63 63 
1 19 329 2 5 62 6 63 63 
1 19 329 2 5 62 6 63 63 
1 19 329 2 5 62 6 63 63 
1 19 329 2 5 62 6 63 63 
1 19 329 2 5 62 6 63 63 
1 88 19 329 2 5 62 6 63 63 
1 88 19 329 2 5 62 6 63 63 
1 88 19 329 2 5 62 6 63 63 
1 88 19 329 2 5 62 6 63 63 
1 88 19 329 2 5 62 6 63 63 
1 88 19 329 2 5 62 6 63 63 
1 88 19 329 2 5 62 6 63 63 
1 88 19 329 2 5 62 6 63 63 
1 19 329 2 5 28 109 6 21 63 80 63 
1 19 329 2 5 28 109 6 21 63 80 63 
1 164 15 2 5 62 6 63 63 
1 164 15 2 5 62 6 63 63 
1 164 15 2 5 62 6 63 63 
1 164 15 2 5 62 6 63 63 
1 164 15 2 5 62 6 63 63 
1 15 19 329 2 5 48 6 361 63 426 63 
1 19 329 2 5 48 6 361 63 426 63 
1 19 329 2 5 48 6 361 63 426 63 
1 19 329 2 5 62 6 63 63 
1 164 15 2 5 62 6 63 63 
1 164 15 51 2 313 78 5 62 6 63 63 
1 164 15 2 5 62 6 63 63 
1 164 15 2 5 62 6 63 63 
1 164 15 2 5 62 6 63 63 
1 19 329 2 5 62 6 63 63 
1 164 15 2 5 62 6 63 63 
1 164 15 2 5 62 6 63 63 
1 19 329 2 5 62 6 63 63 
1 19 329 2 5 62 6 63 63 
1 88 19 329 2 5 62 6 63 63 
1 19 329 2 5 62 6 63 63 
1 19 329 2 5 48 62 6 63 63 
1 88 19 329 2 5 62 6 63 63 
1 88 19 329 2 5 62 6 63 64 63 
1 19 329 2 5 62 6 63 63 
1 164 15 2 5 62 6 63 63 
1 164 15 2 5 62 6 63 63 
1 164 15 2 5 62 6 63 63 
1 19 329 2 5 6 63 63 
1 19 329 2 5 6 63 63 
1 19 329 2 5 6 63 63 
1 19 329 2 5 6 63 63 
1 164 15 2 5 62 6 63 63 
1 19 329 2 5 62 6 63 63 
1 164 15 2 5 62 6 63 63 
1 164 15 2 5 62 6 63 63 
1 164 15 2 5 62 6 63 63 
1 164 15 2 5 62 6 63 63 
1 88 19 329 2 5 62 6 63 63 
1 19 329 2 5 62 6 63 63 
1 19 329 2 5 62 6 63 63 
1 19 329 2 5 62 6 63 63 
1 19 329 2 5 62 6 63 63 
1 19 329 2 5 62 6 63 63 
1 19 329 2 5 62 6 63 522 63 
1 164 15 2 5 62 6 63 63 
1 164 15 2 5 62 6 63 63 
1 164 15 2 5 62 6 63 63 
1 164 15 2 5 62 6 63 63 
1 19 667 2 5 62 6 63 63 
1 19 667 2 5 62 6 63 63 
1 164 386 15 387 2 56 57 181 5 62 6 63 64 63 
1 164 15 2 5 62 6 63 63 
1 19 329 2 5 62 6 63 522 63 
1 88 19 329 2 5 62 6 63 522 63 
1 164 15 2 5 62 6 63 63 
1 164 15 2 5 62 6 63 63 
1 164 15 2 5 62 6 63 63 
1 88 19 329 2 5 62 6 63 63 
1 88 19 329 2 5 62 6 63 63 
1 19 329 2 5 62 6 63 63 
1 19 329 2 5 62 6 63 63 
1 88 19 329 2 5 62 6 63 63 
1 88 19 329 2 5 62 6 63 63 
1 19 329 2 5 62 6 63 63 
1 19 329 2 5 62 6 63 63 
1 19 329 2 5 62 6 63 63 
1 19 329 2 5 62 6 63 63 
1 164 15 2 5 62 6 63 63 
1 19 667 2 5 62 6 63 63 
1 88 19 329 2 5 62 6 63 63 
1 88 19 329 2 5 62 6 63 63 
1 19 667 2 5 62 6 63 63 
1 88 19 329 2 5 62 6 63 63 
1 164 15 2 5 62 6 21 63 24 63 
1 15 19 329 2 5 6 63 9 63 
1 164 15 2 5 62 6 63 63 
1 164 15 2 5 62 6 63 63 
1 19 667 2 5 62 6 63 63 
1 19 329 2 5 62 6 63 63 
1 19 329 2 5 62 6 63 63 
1 19 329 2 5 62 6 63 63 
1 164 15 2 5 62 6 63 63 
1 19 329 2 5 62 6 63 63 
1 19 329 2 5 62 6 63 63 
1 19 329 2 5 62 6 63 63 
1 19 329 2 5 62 6 63 63 
1 19 329 2 5 62 6 63 63 
1 19 329 2 5 62 6 63 63 
1 88 19 329 2 5 62 6 63 63 
1 19 329 2 5 62 6 63 63 
1 15 19 329 2 5 62 6 63 63 
1 164 15 2 5 62 6 63 63 
1 164 15 2 5 62 6 63 63 
1 19 329 2 5 62 6 63 63 
1 19 329 2 5 62 6 63 63 
1 19 329 2 5 62 6 63 63 
1 88 19 329 2 5 62 6 63 63 
1 19 329 2 5 62 6 63 63 
1 88 19 329 2 5 62 6 63 63 
1 19 329 2 5 62 6 63 63 
1 19 329 2 5 62 6 63 63 
1 19 329 2 5 62 6 63 63 
1 19 329 2 5 62 6 63 63 
1 88 19 329 2 5 62 6 63 63 
1 19 329 2 5 62 6 63 63 
1 19 329 2 5 62 6 63 63 
1 19 329 2 5 62 6 63 63 
1 19 667 2 5 62 6 63 63 
1 19 329 2 5 62 6 63 63 
1 19 329 2 5 62 6 63 63 
1 19 329 2 5 62 6 63 63 
1 19 329 2 5 62 6 63 63 
1 19 329 2 5 62 6 63 63 
1 19 329 2 5 62 6 63 63 
1 19 329 2 5 62 6 63 63 
1 19 329 2 5 62 6 63 63 
1 88 19 329 2 5 62 6 63 63 
1 88 19 329 2 5 62 6 63 63 
1 164 15 2 5 62 6 63 63 
1 164 15 2 5 62 6 63 63 
1 164 15 2 5 62 6 63 63 
1 19 329 2 5 62 6 63 63 
1 97 19 329 2 98 5 62 6 63 63 
1 19 329 2 5 62 6 63 63 
1 19 329 2 5 62 6 63 63 
1 15 19 329 2 5 62 6 63 63 
1 19 329 2 5 62 6 63 63 
1 164 15 2 5 62 6 63 63 
1 164 15 2 5 62 6 63 63 
1 19 329 2 5 62 6 63 63 
1 19 329 2 5 62 6 63 63 
1 19 329 2 5 62 6 63 63 
1 19 329 2 5 62 6 63 63 
1 19 329 2 5 62 6 63 63 
1 88 19 329 2 5 62 6 63 63 
1 88 19 329 2 5 62 6 63 63 
1 88 19 329 2 5 62 6 63 63 
1 19 329 2 5 62 6 63 63 
1 164 15 2 5 62 6 63 64 63 
1 164 15 2 5 62 6 63 63 
1 164 15 2 5 62 6 63 63 
1 19 329 2 5 62 6 63 63 
1 164 15 2 5 62 6 63 63 
1 164 15 2 5 62 6 63 63 
1 19 329 2 5 62 6 63 522 63 
1 19 329 2 5 62 6 63 63 
1 88 19 329 2 5 62 6 63 63 
1 164 15 2 5 62 6 63 64 63 
1 164 15 2 5 48 62 6 63 63 
1 164 15 2 5 62 6 63 63 
1 164 15 2 5 62 6 63 63 
1 88 19 329 2 5 62 6 63 522 63 
1 19 329 2 5 62 6 63 522 63 
1 164 15 2 5 62 6 63 63 
1 164 15 2 5 62 27 28 6 21 63 63 
1 19 329 2 5 62 6 21 63 63 
1 19 329 2 5 62 6 63 63 
1 19 329 2 5 62 6 63 63 
1 19 329 2 5 62 6 63 63 
1 19 329 2 5 62 6 63 63 
1 19 329 2 5 62 6 63 63 
1 19 329 2 5 62 6 63 63 
1 19 329 2 5 62 6 63 63 
1 19 667 2 5 62 6 63 63 
1 19 329 2 5 62 6 63 63 
1 19 329 2 5 62 6 63 63 
1 19 329 2 5 62 6 63 63 
1 19 329 2 5 62 6 63 63 
1 19 329 2 5 62 6 63 63 
1 88 19 329 2 5 62 6 63 63 
1 19 329 2 5 62 6 63 63 
1 19 329 2 5 62 6 63 63 
1 19 329 2 5 62 6 63 63 
1 19 329 2 5 62 6 63 63 
1 88 19 329 2 5 62 6 63 63 
1 19 329 2 5 62 6 63 63 
1 19 329 2 5 62 6 63 63 
1 19 329 2 5 62 6 63 63 
1 19 329 2 5 62 6 63 63 
1 88 19 329 2 5 62 6 63 63 
1 164 15 2 5 62 6 63 63 
1 164 15 2 5 62 6 63 63 
1 164 15 2 5 62 6 63 63 
1 164 15 2 5 62 6 63 63 
1 19 329 2 5 62 6 63 63 
1 164 15 2 5 62 6 63 63 
1 164 15 2 5 62 6 63 63 
1 164 15 2 5 62 6 63 63 
1 164 15 2 5 62 28 6 21 63 63 
1 15 19 329 2 5 62 6 63 522 63 
1 164 15 2 5 62 6 63 64 63 
1 164 15 2 5 62 6 63 63 
1 164 15 2 5 62 6 63 63 
1 164 54 15 51 2 223 224 5 62 6 63 63 
1 19 329 2 5 62 6 63 63 
1 19 329 2 5 62 6 63 63 
1 19 329 2 5 62 6 63 63 
1 15 19 329 2 5 62 6 63 63 
1 19 329 2 5 62 6 63 63 
1 164 15 2 5 62 6 63 63 
1 19 329 2 5 62 6 63 522 63 
1 97 19 329 2 98 5 62 6 63 522 63 
1 19 329 2 5 62 6 63 522 63 
1 19 329 2 5 62 6 63 522 63 
1 19 329 2 5 62 6 63 63 
1 19 329 2 5 62 6 63 63 
1 19 329 2 5 62 6 63 63 
1 88 19 329 2 5 62 6 63 63 
1 15 19 329 2 5 62 6 63 63 
1 19 329 2 5 62 6 63 63 
1 19 329 2 5 62 6 63 63 
1 19 329 2 5 62 6 63 63 
1 97 19 329 2 98 5 62 6 63 63 
1 19 329 2 5 62 6 63 63 
1 19 329 2 5 62 6 63 63 
1 19 329 2 5 62 6 63 63 
1 19 329 2 5 62 6 63 63 
1 19 329 2 5 62 6 63 63 
1 88 19 329 2 5 62 6 63 63 
1 19 329 2 5 62 6 63 63 
1 19 329 2 5 62 6 63 63 
1 164 15 2 5 62 6 63 63 
1 164 15 2 5 62 6 63 63 
1 164 15 2 5 62 6 63 63 
1 164 15 2 5 62 6 63 63 
1 164 15 2 5 62 6 63 63 
1 19 329 2 5 62 6 63 63 
1 19 329 2 5 62 6 63 63 
1 19 329 2 5 62 6 63 63 
1 88 19 329 2 5 62 6 63 63 
1 19 329 2 5 62 6 63 63 
1 19 329 2 5 62 6 63 63 
1 19 329 2 5 62 6 63 63 
1 19 329 2 5 62 6 63 63 
1 19 329 2 5 62 6 63 63 
1 19 329 2 5 62 6 63 63 
1 19 329 2 5 62 6 63 63 
1 19 329 2 5 62 6 63 63 
1 19 329 2 5 62 6 63 63 
1 19 329 2 5 62 6 63 63 
1 19 329 2 5 62 6 63 63 
1 19 329 2 5 62 6 63 63 
1 88 19 329 2 5 62 6 63 63 
1 19 667 2 5 62 6 63 63 
1 19 329 2 5 62 6 63 63 
1 19 329 2 5 62 6 63 63 
1 88 19 329 2 5 62 6 63 63 
1 19 329 2 5 62 6 63 63 
1 19 329 2 5 62 6 63 63 
1 19 329 2 5 62 6 63 63 
1 164 15 2 5 62 6 63 63 
1 164 15 2 5 62 6 63 63 
1 164 15 2 5 62 6 63 63 
1 164 15 2 5 62 6 63 63 
1 164 15 2 5 62 6 63 63 
1 164 15 2 5 62 6 63 63 
1 19 329 2 5 62 6 63 63 
1 19 329 2 5 62 6 63 63 
1 19 329 2 5 62 6 63 63 
1 164 15 2 5 62 6 63 63 
1 19 329 2 5 62 6 63 63 
1 19 329 2 5 62 6 63 63 
1 164 15 2 5 62 6 63 63 
1 164 15 2 5 62 6 63 63 
1 88 19 329 2 5 62 6 63 63 
1 19 329 2 5 62 6 63 63 
1 88 19 329 2 5 62 6 63 63 
1 19 329 2 5 62 6 63 63 
1 88 19 329 2 5 62 6 63 63 
1 88 19 329 2 5 62 6 63 63 
1 164 15 2 5 62 6 63 63 
1 164 15 2 5 62 6 63 63 
1 164 15 2 5 62 6 63 63 
1 19 329 2 5 6 63 64 63 
1 88 19 329 2 5 6 63 64 63 
1 19 329 2 5 62 6 63 63 
1 164 15 2 5 62 6 63 63 
1 164 15 2 5 62 6 63 63 
1 164 15 2 5 62 6 63 63 
1 164 15 2 5 62 6 63 64 63 
1 19 329 2 5 62 6 63 64 63 
1 164 15 2 5 62 6 63 63 
1 164 15 2 5 62 6 63 63 
1 164 15 2 5 62 6 63 63 
1 164 15 2 5 62 6 63 63 
1 164 15 2 5 62 6 63 63 
1 164 15 2 5 62 6 63 63 
1 164 15 2 5 62 6 63 63 
1 164 15 2 5 62 6 63 63 
1 88 19 329 2 5 62 6 63 63 
1 164 15 2 5 62 6 63 63 
1 164 15 2 5 62 6 63 63 
1 164 15 2 5 62 6 63 63 
1 19 329 2 5 62 6 63 63 
1 19 329 2 5 62 6 63 63 
1 19 329 2 5 62 6 63 63 
1 88 19 329 2 5 62 6 63 63 
1 164 15 2 5 62 6 63 63 
1 88 19 329 2 5 62 6 63 63 
1 19 329 2 5 62 6 63 63 
1 164 15 2 5 62 6 63 63 
1 164 15 2 5 62 6 63 63 
1 164 15 2 5 62 6 63 63 
1 19 329 2 5 62 6 63 63 
1 164 15 2 5 62 6 63 63 
1 19 329 2 5 62 6 63 63 
1 164 15 2 5 62 6 63 63 
1 164 15 2 5 62 6 63 63 
1 164 15 2 5 62 6 63 63 
1 164 15 2 5 62 6 63 63 
1 164 15 2 5 62 6 63 63 
1 88 19 329 2 5 62 6 63 63 
1 19 329 2 5 62 6 63 63 
1 19 329 2 5 62 6 63 63 
1 19 329 2 5 62 6 63 63 
1 19 329 2 5 62 6 63 63 
1 19 329 2 5 62 6 63 63 
1 164 15 2 5 62 6 63 63 
1 164 15 2 5 62 6 63 63 
1 88 19 329 2 5 62 6 63 63 
1 19 329 2 5 62 6 63 63 
1 19 329 2 5 62 6 63 63 
1 19 329 2 5 62 6 63 63 
1 19 329 2 5 62 6 63 63 
1 19 329 2 5 62 6 63 63 
1 164 15 2 5 62 6 63 63 
1 19 329 2 5 62 6 63 63 
1 19 329 2 5 62 6 63 63 
1 19 329 2 5 62 6 63 63 
1 97 19 329 2 98 5 62 6 63 63 
1 15 19 329 2 5 62 6 63 63 
1 19 329 2 5 62 6 63 63 
1 19 329 2 5 62 6 63 63 
1 19 329 2 5 62 6 63 63 
1 88 19 329 2 5 62 6 63 63 
1 19 329 2 5 62 6 63 63 
1 164 15 2 5 62 6 63 63 
1 164 15 2 5 62 6 63 64 63 
1 164 15 2 5 62 6 63 63 
1 164 15 2 5 62 6 63 63 
1 164 15 2 5 62 6 63 63 
1 19 329 2 5 62 6 63 63 
1 19 329 2 5 62 6 63 63 
1 19 329 2 5 62 6 63 63 
1 19 329 2 5 62 6 63 63 
1 19 329 2 5 62 6 63 63 
1 19 329 2 5 62 6 63 63 
1 19 329 2 5 62 6 63 63 
1 19 329 2 5 62 6 63 63 
1 19 329 2 5 62 6 63 63 
1 19 329 2 5 62 6 63 63 
1 19 329 2 5 62 6 63 63 
1 19 329 2 5 62 6 63 63 
1 19 329 2 5 62 6 63 63 
1 88 19 329 2 5 62 6 63 63 
1 19 329 2 5 62 6 63 63 
1 88 19 329 2 5 62 6 63 63 
1 88 19 329 2 5 62 6 63 63 
1 88 19 329 2 5 62 6 63 63 
1 88 19 329 2 5 62 6 63 63 
1 19 329 2 5 62 6 63 63 
1 19 329 2 5 62 6 63 63 
1 19 329 2 5 62 6 63 63 
1 19 329 2 5 62 6 63 63 
1 19 329 2 5 62 6 63 63 
1 19 329 2 5 62 6 63 63 
1 19 329 2 5 62 6 63 63 
1 19 329 2 5 62 6 63 63 
1 19 329 2 5 62 6 63 63 
1 19 329 2 5 62 6 63 63 
1 19 329 2 5 62 6 63 63 
1 19 329 2 5 62 6 63 63 
1 88 19 329 2 5 62 6 63 63 
1 88 19 329 2 5 62 6 63 63 
1 19 329 2 5 62 6 63 63 
1 19 329 2 5 62 6 63 63 
1 164 15 2 5 62 6 63 63 
1 19 329 2 5 62 6 63 63 
1 19 329 2 5 62 6 63 63 
1 164 15 2 5 62 6 63 63 
1 164 15 2 5 62 6 63 63 
1 164 15 2 5 62 6 63 63 
1 164 15 2 5 62 6 63 63 
1 164 15 2 5 62 6 63 63 
1 19 667 2 5 62 6 63 63 
1 164 15 2 5 62 6 63 63 
1 164 15 2 5 62 6 63 63 
1 164 15 2 5 62 6 63 63 
1 164 15 2 5 62 6 63 63 
1 164 15 2 5 62 6 63 63 
1 164 15 2 5 62 6 63 63 
1 164 15 2 5 62 6 63 63 
1 164 15 2 5 62 6 63 63 
1 164 15 2 5 62 28 6 21 63 63 
1 19 329 2 5 62 6 63 63 
1 19 329 2 5 62 6 63 63 
1 19 329 2 5 62 6 63 63 
1 19 329 2 5 62 6 63 63 
1 19 329 2 5 62 6 63 63 
1 19 329 2 5 62 6 63 63 
1 19 329 2 5 62 6 63 63 
1 19 329 2 5 62 6 63 63 
1 19 329 2 5 62 6 63 63 
1 19 329 2 5 62 6 63 63 
1 19 329 2 5 62 6 63 63 
1 19 329 2 5 62 6 63 63 
1 19 329 2 5 62 6 63 63 
1 19 329 2 5 62 6 63 63 
1 19 329 2 5 62 6 63 63 
1 19 329 2 5 62 6 63 63 
1 19 329 2 5 62 6 63 63 
1 19 329 2 5 62 6 63 63 
1 19 329 2 5 62 6 63 63 
1 19 329 2 5 62 6 63 63 
1 19 329 2 5 62 6 63 63 
1 19 329 2 5 62 6 63 63 
1 19 329 2 5 62 6 63 63 
1 88 19 329 2 5 62 6 63 63 
1 19 329 2 5 62 6 63 63 
1 88 19 329 2 5 62 6 63 63 
1 88 19 329 2 5 62 6 63 63 
1 19 329 2 5 62 6 63 63 
1 88 19 329 2 5 62 6 63 63 
1 19 329 2 5 62 6 63 63 
1 19 329 2 5 62 6 63 63 
1 88 19 329 2 5 62 6 63 63 
1 19 329 2 5 62 6 63 63 
1 19 329 2 5 62 6 63 63 
1 19 329 2 5 62 6 63 63 
1 19 329 2 5 62 6 63 63 
1 164 15 202 2 5 62 6 63 63 
1 164 15 2 5 62 6 63 63 
1 164 15 2 5 62 6 63 63 
1 164 15 2 5 62 6 63 63 
1 164 15 2 5 62 6 63 63 
1 164 15 2 5 62 6 63 63 
1 164 15 2 5 62 6 63 63 
1 164 15 2 5 62 6 63 63 
1 164 386 15 387 2 56 57 181 5 62 6 63 63 
1 164 15 2 5 62 6 63 63 
1 164 15 2 5 62 6 63 63 
1 19 329 2 5 6 63 64 63 
1 164 15 2 5 62 6 63 63 
1 164 15 2 5 62 6 63 63 
1 164 15 2 5 62 6 63 63 
1 164 15 2 5 62 6 63 63 
1 164 15 2 5 62 6 63 63 
1 164 15 2 5 62 6 63 63 
1 164 15 2 5 62 6 63 63 
1 164 15 2 5 62 6 63 63 
1 164 15 2 5 62 6 63 63 
1 164 15 2 5 62 6 63 63 
1 164 15 2 5 62 6 63 63 
1 164 15 2 5 62 6 63 63 
1 164 15 2 5 62 6 63 63 
1 164 15 2 5 62 6 63 63 
1 164 15 2 5 62 6 63 63 
1 164 15 2 5 62 6 63 63 
1 19 329 2 5 62 6 63 63 
1 164 15 2 5 62 6 63 63 
1 164 15 2 5 62 6 63 64 63 
1 164 15 2 5 62 6 63 63 
1 164 15 2 5 62 6 63 63 
1 164 15 2 5 62 6 63 63 
1 19 329 2 5 6 63 9 63 
1 164 15 2 5 62 6 63 63 
1 164 15 2 5 62 6 63 63 
1 164 15 2 5 62 6 63 63 
1 19 329 2 103 5 48 6 63 669 63 
1 164 15 2 5 62 6 63 63 
1 164 15 2 5 62 6 63 63 
1 19 329 2 5 6 63 64 63 
1 164 15 2 167 5 62 6 63 63 
1 164 15 2 5 62 6 63 63 
1 164 15 2 5 62 6 63 63 
1 164 15 2 5 62 6 63 63 
1 19 329 2 5 48 6 63 669 63 
1 164 15 2 5 62 6 63 63 
1 19 329 2 5 48 62 6 63 63 
1 164 15 2 5 62 6 63 63 
1 164 15 2 5 62 6 63 63 
1 164 15 2 5 62 6 63 63 
1 164 15 2 5 62 6 63 63 
1 164 15 2 5 62 6 63 63 
1 164 15 2 5 62 6 63 63 
1 19 329 2 5 62 6 63 63 
1 19 329 2 5 62 6 63 63 
1 19 329 2 5 62 6 63 63 
1 19 329 2 5 62 6 63 63 
1 19 329 2 5 62 6 63 63 
1 19 329 2 5 62 6 63 63 
1 164 15 2 5 62 6 63 63 
1 164 15 2 5 62 6 63 63 
1 19 329 2 5 62 6 63 63 
1 19 329 2 5 62 6 63 63 
1 19 329 2 5 62 6 63 63 
1 19 329 2 5 62 6 63 63 
1 19 329 2 5 62 6 63 63 
1 164 15 2 5 62 27 28 6 21 63 63 
1 19 329 2 5 62 6 63 64 63 
1 164 15 2 5 62 6 63 63 
1 19 329 2 5 62 6 63 63 
1 19 329 2 5 62 6 63 63 
1 19 329 2 5 62 6 63 63 
1 88 19 329 2 5 62 6 63 63 
1 19 329 2 5 62 6 63 63 
1 19 329 2 5 62 6 63 63 
1 19 329 2 5 62 6 63 63 
1 19 329 2 5 62 6 63 63 
1 19 329 2 5 62 6 63 63 
1 19 329 2 5 62 6 63 63 
1 19 667 2 5 62 6 63 64 63 
1 164 15 2 5 62 6 63 63 
1 19 329 2 5 62 6 63 63 
1 164 15 2 5 62 6 63 63 
1 164 15 2 5 62 6 63 63 
1 164 15 2 5 62 6 63 63 
1 164 15 2 5 62 6 63 63 
1 164 15 2 5 62 6 63 63 
1 164 15 2 5 62 6 63 63 
1 164 15 2 5 62 6 63 63 
1 164 15 2 5 62 6 63 63 
1 164 15 2 5 62 6 63 63 
1 19 347 329 2 56 57 181 5 48 6 361 63 426 63 
1 19 329 2 5 62 6 63 63 
1 19 329 2 5 62 6 63 63 
1 88 19 329 2 5 62 6 63 63 
1 19 329 2 5 62 6 63 63 
1 19 329 2 5 62 6 63 63 
1 19 329 2 5 62 6 63 63 
1 19 329 2 5 62 6 63 63 
1 19 329 2 5 62 6 63 63 
1 19 329 2 5 62 6 63 63 
1 19 329 2 5 6 63 63 
1 164 15 2 5 62 6 63 63 
1 164 15 2 5 62 6 63 63 
1 164 15 2 5 62 6 63 243 63 
1 19 329 2 5 62 6 63 63 
1 19 329 2 5 62 6 63 63 
1 19 329 2 5 62 6 63 63 
1 164 15 2 5 62 6 63 63 
1 164 15 2 5 62 6 63 63 
1 164 15 2 5 62 6 63 63 
1 164 15 2 5 62 6 63 63 
1 164 15 2 670 5 62 6 63 63 
1 19 329 2 5 62 6 63 63 
1 164 15 2 5 62 6 63 63 
1 164 15 2 5 62 6 63 63 
1 19 329 2 5 6 63 64 63 
1 19 329 2 5 6 63 64 63 
1 15 19 329 2 5 6 63 64 63 
1 164 15 2 5 62 6 63 63 
1 164 15 2 5 62 6 63 63 
1 164 15 2 5 62 6 63 63 
1 19 329 2 5 62 6 63 63 
1 19 329 2 5 62 6 63 63 
1 19 329 2 5 6 63 63 
1 164 15 2 5 62 6 63 63 
1 164 15 2 5 62 6 63 63 
1 164 15 2 5 62 6 63 63 
1 164 15 2 5 62 6 63 63 
1 19 329 2 5 62 6 63 522 63 
1 19 329 2 5 62 6 63 522 63 
1 164 15 2 5 62 6 63 63 
1 164 15 2 5 62 6 63 63 
1 164 15 2 5 62 6 63 64 63 
1 164 15 2 5 62 6 63 63 
1 164 15 2 5 62 6 63 64 63 
1 164 15 2 5 62 6 63 63 
1 164 15 2 5 62 6 63 63 
1 164 15 2 5 62 6 63 64 63 
1 19 329 2 5 62 6 63 64 63 
1 164 15 2 5 62 6 63 63 
1 164 15 2 5 62 6 63 63 
1 164 15 2 5 62 6 63 63 
1 164 15 2 5 62 6 63 63 
1 164 15 2 5 62 6 63 63 
1 164 15 2 5 62 6 63 63 
1 164 15 2 5 62 6 63 63 
1 19 329 2 5 62 6 63 63 
1 19 329 2 5 62 6 63 63 
1 19 329 2 5 62 6 63 63 
1 19 329 2 5 62 6 63 63 
1 19 329 2 5 62 6 63 63 
1 19 329 2 5 62 6 63 63 
1 19 329 2 5 62 6 63 63 
1 19 329 2 5 62 6 63 63 
1 19 329 2 5 62 6 63 63 
1 19 329 2 5 62 6 63 63 
1 19 329 2 5 62 6 63 63 
1 19 329 2 5 62 6 63 63 
1 19 329 2 5 62 6 63 63 
1 164 15 2 5 62 6 63 63 
1 164 15 2 5 62 6 63 63 
1 164 15 2 5 62 6 63 63 
1 19 329 2 5 62 6 63 63 
1 164 15 2 5 62 6 63 63 
1 164 15 2 5 62 6 63 63 
1 19 329 2 5 62 6 63 63 
1 19 329 2 5 62 6 63 63 
1 164 15 2 5 62 6 63 63 
1 19 329 2 5 62 6 63 63 
1 19 329 2 5 62 6 63 63 
1 19 329 2 5 62 6 63 63 
1 19 329 2 5 62 6 63 63 
1 19 329 2 5 62 6 63 63 
1 19 329 2 5 62 6 63 63 
1 19 329 2 5 62 6 63 63 
1 19 329 2 5 62 6 63 63 
1 19 667 2 5 62 6 63 63 
1 19 667 2 5 62 6 63 63 
1 19 667 2 5 62 6 63 63 
1 19 329 2 5 62 6 63 63 
1 19 329 2 5 62 6 63 63 
1 19 329 2 5 62 6 63 63 
1 19 667 2 5 62 6 63 63 
1 19 329 2 5 62 6 63 63 
1 88 19 329 2 5 62 6 63 63 
1 19 329 2 5 62 6 63 63 
1 164 15 2 5 62 6 63 63 
1 164 15 2 5 62 6 63 63 
1 164 15 2 5 62 6 63 63 
1 164 15 2 5 62 6 63 63 
1 164 15 2 5 62 6 63 63 
1 164 15 2 5 62 6 63 8 63 
1 164 15 2 5 62 6 63 64 63 
1 164 15 2 5 62 6 63 63 
1 19 329 2 5 62 6 63 63 
1 164 15 2 5 62 6 63 63 
1 164 15 2 5 62 6 63 63 
1 164 15 2 5 62 6 63 63 
1 164 15 2 5 62 6 63 63 
1 164 15 2 5 62 6 63 8 63 
1 164 15 2 5 62 6 63 63 
1 88 19 329 2 5 62 6 63 63 
1 88 19 329 2 5 62 6 63 63 
1 164 15 2 5 62 6 63 63 
1 164 15 2 5 62 6 63 63 
1 19 329 2 5 62 6 63 63 
1 19 329 2 5 62 6 63 63 
1 164 15 2 5 62 6 63 63 
1 164 15 2 5 62 6 63 63 
1 164 15 2 5 62 6 63 63 
1 19 329 2 5 62 6 63 63 
1 164 15 2 5 62 6 63 63 
1 164 15 2 5 62 6 63 63 
1 164 15 2 5 62 6 63 63 
1 164 15 2 5 62 6 63 63 
1 164 15 2 5 62 6 63 63 
1 164 15 2 5 62 6 63 63 
1 164 15 2 5 62 6 63 63 
1 164 15 2 5 62 6 63 63 
1 164 15 2 5 62 6 63 63 
1 164 15 2 5 62 6 63 63 
1 164 15 2 5 62 6 63 63 
1 164 15 2 5 62 6 63 63 
1 164 15 2 5 62 6 63 63 
1 164 15 2 5 62 6 63 63 
1 164 15 2 5 62 6 63 63 
1 88 19 329 2 5 62 6 63 63 
1 19 329 2 5 62 6 63 63 
1 19 329 2 5 62 6 63 63 
1 88 19 329 2 5 62 6 63 63 
1 19 329 2 5 62 6 63 63 
1 164 15 2 5 118 62 6 63 36 63 
1 164 15 2 5 62 6 63 63 
1 164 15 2 5 62 6 63 63 
1 19 329 2 5 62 6 63 63 
1 88 19 329 2 5 62 6 63 63 
1 19 329 2 5 62 6 63 63 
1 19 329 2 5 62 6 63 63 
1 19 329 2 5 62 6 63 63 
1 164 15 2 5 62 6 63 63 
1 164 15 2 5 62 6 63 63 
1 164 15 2 5 62 6 63 63 
1 164 15 2 5 62 6 63 63 
1 164 15 2 5 62 6 63 63 
1 19 329 2 5 62 6 63 63 
1 164 15 2 643 56 57 5 62 6 63 63 
1 88 19 329 2 5 62 6 63 63 
1 164 15 2 5 62 6 63 63 
1 164 15 2 5 62 6 63 63 
1 164 15 2 5 62 6 63 63 
1 164 15 2 5 62 6 63 8 63 
1 164 15 2 5 62 6 63 63 
1 164 15 2 5 62 6 63 63 
1 164 15 2 5 62 6 63 63 
1 19 329 2 5 6 63 9 63 
1 164 15 2 5 62 6 63 63 
1 164 15 2 5 62 6 63 63 
1 164 15 2 5 62 6 63 63 
1 164 15 2 5 62 6 63 63 
1 164 15 2 5 62 6 63 63 
1 164 15 2 5 62 6 63 63 
1 88 19 329 2 5 6 63 63 
1 19 329 2 5 6 63 63 
1 19 329 2 5 6 63 63 
1 19 329 2 5 6 63 63 
1 164 15 2 5 62 6 63 63 
1 88 19 329 2 5 62 6 63 63 
1 88 19 329 2 5 62 6 63 63 
1 88 19 329 2 5 62 6 63 63 
1 19 329 2 5 62 6 63 63 
1 19 329 2 5 62 6 63 63 
1 19 329 2 5 62 6 63 63 
1 97 19 329 2 98 5 62 6 63 63 
1 19 329 2 5 62 6 63 63 
1 19 329 2 5 62 6 63 63 
1 19 329 2 5 62 6 63 63 
1 19 329 2 5 62 6 63 63 
1 19 329 2 5 62 6 63 63 
1 88 19 329 2 5 62 6 63 63 
1 19 329 2 5 62 6 63 63 
1 19 329 2 5 62 6 63 63 
1 19 329 2 5 62 6 63 63 
1 88 19 329 2 5 62 6 63 63 
1 19 329 2 5 62 6 63 63 
1 19 329 2 5 62 6 63 63 
1 19 329 2 5 62 6 63 63 
1 19 329 2 5 62 6 63 63 
1 88 19 329 2 5 62 6 63 63 
1 19 329 2 5 62 6 63 63 
1 88 19 329 2 5 62 6 63 63 
1 88 19 329 2 5 62 6 63 63 
1 88 19 329 2 5 62 6 63 63 
1 88 19 329 2 5 62 6 63 63 
1 88 19 329 2 5 62 6 63 63 
1 88 19 329 2 5 62 6 63 63 
1 88 19 329 2 5 62 6 63 63 
1 88 19 329 2 5 62 6 63 63 
1 19 329 2 5 62 6 63 63 
1 19 329 2 5 62 6 63 63 
1 19 329 2 5 62 6 63 63 
1 88 19 329 2 5 62 6 63 63 
1 88 19 329 2 5 62 6 63 63 
1 88 19 329 2 5 62 6 63 63 
1 88 19 329 2 5 62 6 63 63 
1 19 329 2 5 62 6 63 63 
1 19 329 2 5 62 6 63 63 
1 19 329 2 5 62 6 63 63 
1 19 329 2 5 62 6 63 63 
1 19 329 2 5 62 6 63 63 
1 19 329 2 5 62 6 63 63 
1 19 329 2 5 62 6 63 63 
1 19 329 2 5 62 6 63 63 
1 19 329 2 5 62 6 63 63 
1 19 329 2 5 62 6 63 63 
1 19 329 2 5 62 6 63 63 
1 19 329 2 5 62 6 63 63 
1 19 329 2 5 62 6 63 63 
1 19 329 2 5 62 6 63 63 
1 19 329 2 5 62 6 63 63 
1 19 329 2 5 62 6 63 63 
1 19 329 2 5 62 6 63 63 
1 19 329 2 5 62 6 63 63 
1 19 329 2 5 62 6 63 63 
1 19 329 2 5 62 6 63 63 
1 19 329 2 5 62 6 63 63 
1 19 329 2 5 62 6 63 63 
1 88 19 329 2 5 62 6 63 63 
1 19 329 2 5 62 6 63 63 
1 19 329 2 5 62 6 63 63 
1 19 329 2 5 62 6 63 63 
1 19 329 2 5 62 6 63 63 
1 19 329 2 5 62 6 63 63 
1 19 329 2 5 62 6 63 63 
1 88 19 329 2 5 62 6 63 63 
1 88 19 329 2 5 62 6 63 63 
1 88 19 329 2 5 62 6 63 63 
1 88 19 329 2 5 62 6 63 63 
1 88 19 329 2 5 62 6 63 63 
1 88 19 329 2 5 62 6 63 63 
1 88 19 329 2 5 62 6 63 63 
1 88 19 329 2 5 62 6 63 63 
1 88 19 329 2 5 62 6 63 63 
1 164 15 2 5 62 6 63 63 
1 164 15 2 5 62 6 63 63 
1 164 15 2 5 62 6 63 63 
1 164 15 2 42 5 62 6 63 63 
1 164 15 2 5 62 6 63 63 
1 19 329 2 5 62 6 63 63 
1 19 329 2 5 62 6 63 63 
1 164 15 2 5 62 6 63 63 
1 164 15 2 5 62 6 63 63 
1 164 15 2 5 62 6 63 63 
1 164 15 2 5 62 6 63 63 
1 164 15 2 5 62 6 63 63 
1 164 15 2 5 62 6 63 63 
1 164 15 2 5 62 6 63 63 
1 19 667 2 5 62 6 63 63 
1 164 15 2 5 62 6 63 63 
1 19 329 2 5 6 63 64 63 
1 164 15 2 5 62 6 63 63 
1 164 15 2 5 62 6 63 63 
1 164 15 2 5 62 6 63 63 
1 164 15 2 5 62 6 63 63 
1 19 329 2 5 62 6 63 63 
1 164 15 2 5 62 6 63 63 
1 19 329 2 5 62 6 63 63 
1 19 329 2 5 62 6 63 63 
1 19 329 2 5 62 6 63 63 
1 19 329 2 5 62 6 63 63 
1 19 329 2 5 62 6 63 63 
1 88 19 329 2 5 62 6 63 63 
1 19 329 2 5 62 6 63 63 
1 19 329 2 5 62 6 63 63 
1 19 329 2 5 62 6 63 63 
1 88 19 329 2 5 62 6 63 63 
1 88 19 329 2 5 62 6 63 63 
1 164 15 2 5 62 6 63 63 
1 19 329 2 5 6 63 9 63 
1 19 329 2 5 62 6 63 63 
1 164 15 2 5 62 6 63 63 
1 19 329 2 5 62 6 63 63 
1 19 329 2 5 62 6 63 63 
1 19 329 2 5 62 6 63 63 
1 19 329 2 5 62 6 63 63 
1 19 329 2 5 62 6 63 63 
1 19 329 2 5 48 6 63 8 63 
1 19 329 2 5 48 6 63 8 63 
1 19 329 2 5 48 6 63 8 63 
1 19 329 2 5 48 6 63 8 63 
1 88 19 329 2 5 48 6 63 8 63 
1 19 329 2 5 48 6 63 8 63 
1 19 329 2 5 48 6 63 8 63 
1 164 15 2 5 62 6 63 63 
1 19 329 2 5 62 6 63 63 
1 164 15 2 5 62 6 63 63 
1 164 15 2 5 62 6 63 63 
1 19 329 2 5 62 6 63 63 
1 19 329 2 5 62 6 63 63 
1 19 329 2 5 62 6 63 63 
1 19 329 2 5 62 6 63 63 
1 19 329 2 5 62 6 63 63 
1 19 329 2 5 62 6 63 63 
1 164 15 2 5 62 6 63 63 
1 88 19 329 2 5 62 6 63 8 63 
1 88 19 329 2 5 62 6 63 8 63 
1 19 329 2 5 6 63 64 63 
1 19 329 2 5 62 6 63 63 
1 88 19 329 2 5 62 6 63 63 
1 19 329 2 5 62 6 63 63 
1 164 15 2 5 62 6 63 63 
1 164 15 2 5 62 6 63 63 
1 88 19 329 2 5 62 6 63 63 
1 19 329 2 5 62 6 63 63 
1 19 329 2 5 62 6 63 63 
1 19 329 2 5 62 6 63 63 
1 164 15 2 5 62 6 63 63 
1 164 15 2 5 62 6 63 63 
1 164 15 2 5 62 6 63 63 
1 19 329 2 5 62 6 63 63 
1 19 329 2 5 62 6 63 63 
1 19 667 2 5 62 6 63 63 
1 164 15 2 5 62 6 63 63 
1 164 15 2 5 62 6 63 63 
1 164 15 2 5 62 6 63 63 
1 164 15 2 5 62 6 63 63 
1 164 15 2 5 62 6 63 63 
1 164 15 2 5 62 6 63 63 
1 19 329 2 5 62 6 63 63 
1 19 329 2 5 62 6 63 63 
1 19 329 2 5 62 6 63 63 
1 19 329 2 5 62 6 63 63 
1 164 15 2 5 62 6 63 63 
1 19 329 2 5 62 6 63 63 
1 164 15 2 5 62 6 63 63 
1 19 329 2 5 62 6 63 63 
1 19 329 2 5 62 6 63 63 
1 19 329 2 5 62 6 63 63 
1 19 329 2 5 62 6 63 63 
1 164 15 2 5 62 6 63 63 
1 164 15 2 5 62 6 63 63 
1 164 15 2 5 62 6 63 63 
1 164 15 2 5 62 6 63 63 
1 164 15 2 5 62 6 63 63 
1 19 329 2 5 62 6 63 63 
1 164 15 2 5 62 6 63 63 
1 164 15 2 5 62 6 63 63 
1 164 15 2 5 62 6 63 63 
1 164 15 2 5 62 6 63 63 
1 164 15 2 5 62 6 63 63 
1 164 15 2 5 62 6 63 63 
1 164 15 2 5 62 6 63 63 
1 19 329 2 5 62 6 63 63 
1 19 329 2 5 62 6 63 63 
1 164 15 2 5 62 6 63 63 
1 164 15 2 5 62 6 63 63 
1 164 15 2 5 62 6 63 63 
1 164 15 2 5 62 6 63 63 
1 15 19 329 2 5 6 63 64 63 
1 19 329 2 5 6 63 64 63 
1 164 15 2 5 62 6 63 63 
1 164 15 2 5 62 6 63 63 
1 164 15 2 5 62 6 63 63 
1 164 15 2 5 62 6 63 63 
1 164 15 2 5 62 6 63 63 
1 19 667 2 5 62 6 63 63 
1 164 15 2 5 62 6 63 63 
1 164 15 2 5 62 6 63 63 
1 164 15 2 5 62 6 63 63 
1 164 15 2 5 62 6 63 63 
1 164 15 2 5 62 6 63 63 
1 164 15 2 5 62 6 63 63 
1 164 15 2 5 62 6 63 63 
1 164 15 2 5 62 6 63 63 
1 164 15 2 5 62 6 63 63 
1 164 15 2 5 62 6 63 63 
1 164 15 2 5 62 6 63 63 
1 164 15 2 5 62 6 63 63 
1 164 40 15 2 41 42 5 62 6 63 63 
1 164 15 2 5 62 6 63 63 
1 164 15 2 5 62 6 63 63 
1 164 15 2 5 62 6 63 63 
1 164 15 2 5 62 6 63 63 
1 164 15 2 5 62 6 63 63 
1 164 15 2 5 62 6 63 63 
1 164 15 2 5 62 6 63 63 
1 164 15 2 5 62 6 63 63 
1 164 15 2 5 62 6 63 63 
1 164 442 15 401 2 5 62 6 63 63 
1 164 15 2 5 62 6 63 63 
1 164 15 2 5 62 6 63 64 63 
1 164 15 2 5 62 6 63 63 
1 164 15 2 5 62 6 63 63 
1 164 15 2 5 62 6 63 63 
1 164 15 2 5 62 6 63 63 
1 164 15 2 5 62 6 63 63 
1 164 15 2 5 62 6 63 63 
1 164 15 2 5 62 6 63 63 
1 164 15 2 5 62 6 63 63 
1 164 15 2 5 62 6 63 63 
1 164 15 2 5 62 6 63 63 
1 164 15 2 5 62 6 63 63 
1 164 15 2 5 62 6 63 63 
1 164 15 2 5 62 6 63 63 
1 164 15 2 5 62 6 63 63 
1 164 15 2 5 62 6 63 63 
1 164 15 2 5 62 6 63 63 
1 164 15 2 5 62 6 63 63 
1 164 15 2 5 62 6 63 63 
1 164 15 2 5 62 6 63 63 
1 19 329 2 5 62 6 63 63 
1 19 329 2 5 62 6 63 63 
1 19 329 2 5 62 6 63 63 
1 19 329 2 5 62 6 63 63 
1 19 329 2 5 62 6 63 63 
1 19 329 2 5 62 6 63 63 
1 19 329 2 5 62 6 63 63 
1 19 329 2 5 62 6 63 63 
1 19 329 2 5 62 6 63 63 
1 19 329 2 5 62 6 63 63 
1 88 19 329 2 5 62 6 63 63 
1 88 19 329 2 5 62 6 63 63 
1 88 19 329 2 5 62 6 63 63 
1 88 19 329 2 5 62 6 63 63 
1 19 329 2 5 62 6 63 63 
1 19 329 2 5 62 6 63 63 
1 19 329 2 5 62 6 63 63 
1 19 329 2 5 62 6 63 63 
1 19 329 2 5 62 6 63 63 
1 19 329 2 5 62 6 63 63 
1 19 329 2 5 62 6 63 63 
1 19 329 2 5 62 6 63 63 
1 19 329 2 5 62 6 63 63 
1 19 329 2 5 62 6 63 63 
1 19 329 2 5 62 6 63 63 
1 19 329 2 5 62 6 63 63 
1 19 329 2 5 62 6 63 63 
1 19 329 2 5 62 6 63 63 
1 19 329 2 5 62 6 63 63 
1 19 329 2 5 62 6 63 63 
1 19 329 2 5 62 6 63 63 
1 88 19 329 2 5 62 6 63 63 
1 19 329 2 5 62 6 63 63 
1 19 329 2 5 62 6 63 63 
1 88 19 329 2 5 62 6 63 63 
1 19 329 2 5 62 6 63 63 
1 19 329 2 5 62 6 63 63 
1 164 15 2 5 62 6 63 63 
1 164 15 2 5 62 6 63 63 
1 164 15 2 5 62 6 63 63 
1 19 329 2 5 62 6 63 63 
1 15 19 329 2 5 62 6 63 63 
1 164 15 2 5 62 6 63 63 
1 164 15 2 5 62 6 63 63 
1 164 15 2 5 62 6 63 64 63 
1 164 15 2 5 62 6 63 63 
1 164 15 2 5 62 6 63 64 63 
1 19 329 2 5 6 63 64 63 
1 19 329 2 5 62 27 28 6 21 63 603 63 
1 19 329 2 5 62 6 63 64 63 
1 164 15 2 5 62 6 63 63 
1 164 15 2 5 62 6 63 63 
1 19 329 2 5 6 63 64 63 
1 19 329 2 5 62 6 63 63 
1 19 329 2 5 62 6 63 63 
1 164 15 2 5 62 6 63 63 
1 15 19 329 2 5 62 6 63 63 
1 15 19 329 2 5 62 6 63 63 
1 164 15 2 5 62 6 63 63 
1 19 329 2 5 62 6 63 63 
1 19 329 2 5 62 6 63 63 
1 19 329 2 5 62 6 63 63 
1 19 329 2 5 62 6 63 63 
1 88 19 329 2 5 62 6 63 63 
1 15 19 329 2 5 62 6 63 63 
1 19 329 2 5 62 6 63 63 
1 19 329 2 5 62 6 63 63 
1 19 329 2 5 62 6 63 63 
1 15 19 329 2 5 62 6 63 63 
1 15 19 329 2 5 62 6 63 63 
1 19 329 2 5 62 6 63 63 
1 19 329 2 5 62 6 63 63 
1 19 329 2 5 62 6 63 63 
1 19 329 2 5 62 6 63 63 
1 19 329 2 5 62 6 63 63 
1 19 329 2 5 62 6 63 63 
1 19 329 2 5 62 6 63 63 
1 19 329 2 5 62 6 63 63 
1 19 329 2 5 62 6 63 63 
1 19 329 2 5 62 6 63 63 
1 19 329 2 5 62 6 63 63 
1 19 329 2 5 62 6 63 63 
1 19 329 2 5 62 6 63 63 
1 19 329 2 5 62 6 63 63 
1 19 329 2 5 62 6 63 63 
1 19 329 2 5 62 6 63 63 
1 19 329 2 5 62 6 63 63 
1 19 329 2 5 62 6 63 63 
1 19 329 2 5 62 6 63 63 
1 19 329 2 5 62 6 63 63 
1 19 329 2 5 62 6 63 63 
1 19 329 2 5 62 6 63 63 
1 19 329 2 5 62 6 63 63 
1 19 329 2 5 62 6 63 63 
1 19 329 2 5 62 6 63 63 
1 19 329 2 5 62 6 63 63 
1 164 15 2 5 62 6 63 63 
1 19 329 2 5 62 6 63 522 63 
1 19 329 2 103 5 62 6 63 522 63 
1 15 19 329 2 5 62 6 63 522 63 
1 19 329 2 5 62 6 63 522 63 
1 88 19 329 2 5 62 6 63 522 63 
1 19 329 2 5 62 6 63 522 63 
1 88 19 329 2 5 62 6 63 522 63 
1 19 329 2 5 62 6 63 522 63 
1 15 19 329 2 5 62 6 63 522 63 
1 18 19 329 20 2 5 62 6 63 522 63 
1 19 667 2 5 62 6 63 63 
1 164 15 2 5 62 6 63 63 
1 19 329 2 5 62 6 63 63 
1 19 329 2 5 62 6 63 63 
1 19 329 2 5 62 6 63 63 
1 19 329 2 5 62 6 63 63 
1 19 329 2 5 62 6 63 63 
1 19 329 2 5 62 6 63 63 
1 19 329 2 5 62 6 63 63 
1 19 329 2 5 62 6 63 63 
1 19 329 2 5 62 6 63 63 
1 19 329 2 5 62 6 63 63 
1 19 329 2 5 62 6 63 63 
1 88 19 329 2 5 62 6 63 63 
1 19 329 2 5 62 6 63 63 
1 19 329 2 5 62 6 63 63 
1 19 329 2 5 62 6 63 63 
1 19 329 2 5 62 6 63 63 
1 19 329 2 5 62 6 63 63 
1 19 329 2 5 62 6 63 63 
1 88 19 329 2 5 62 6 63 63 
1 19 329 2 5 62 6 63 63 
1 88 19 329 2 5 62 6 63 63 
1 88 19 329 2 5 62 6 63 63 
1 19 329 2 5 62 6 63 63 
1 19 329 2 5 62 6 63 63 
1 19 329 2 5 62 6 63 63 
1 19 329 2 5 62 6 63 63 
1 19 329 2 5 62 6 63 63 
1 19 329 2 5 62 6 63 63 
1 19 329 2 5 62 6 63 63 
1 88 19 329 2 5 62 6 63 63 
1 88 19 329 2 5 62 6 63 63 
1 19 329 2 103 5 62 6 63 63 
1 19 329 2 5 62 6 63 63 
1 19 329 2 5 62 6 63 63 
1 19 329 2 5 62 6 63 63 
1 19 329 2 5 62 6 63 63 
1 19 329 2 5 62 6 63 63 
1 19 329 2 5 62 6 63 63 
1 88 19 329 2 5 62 6 63 63 
1 19 329 2 5 62 6 63 63 
1 19 329 2 5 62 6 63 63 
1 19 329 2 5 62 6 63 63 
1 19 329 2 5 62 6 63 63 
1 19 329 2 5 62 6 63 63 
1 19 329 2 5 62 6 63 63 
1 19 329 2 5 62 6 63 63 
1 19 329 2 5 62 6 63 63 
1 19 329 2 5 62 6 63 63 
1 19 329 2 5 62 6 63 63 
1 19 329 2 5 62 6 63 63 
1 88 19 329 2 5 62 6 63 63 
1 15 19 329 2 5 62 6 63 63 
1 19 329 2 5 62 6 63 63 
1 88 19 329 2 5 62 6 63 63 
1 19 329 2 5 62 6 63 63 
1 15 19 329 2 5 62 6 63 63 
1 19 329 2 5 62 6 63 63 
1 19 667 2 5 62 6 63 63 
1 19 329 2 5 62 6 63 63 
1 19 329 2 5 62 6 63 63 
1 88 19 329 2 5 62 6 63 63 
1 19 329 2 5 62 6 63 63 
1 15 19 329 2 5 62 6 63 63 
1 19 329 2 5 62 6 63 63 
1 19 329 2 5 62 6 63 63 
1 19 329 2 5 62 6 63 63 
1 19 329 2 5 62 6 63 63 
1 19 329 2 5 62 6 63 63 
1 19 329 2 5 62 6 63 63 
1 19 329 2 5 62 6 63 63 
1 19 329 2 5 62 6 63 63 
1 40 19 329 2 147 42 5 62 6 63 63 
1 164 15 2 5 62 6 63 63 
1 164 15 2 5 62 6 63 63 
1 164 15 2 5 62 6 63 63 
1 164 15 2 5 62 6 63 64 63 
1 164 15 2 5 62 6 63 63 
1 164 15 2 5 62 6 63 63 
1 164 15 2 5 62 6 63 63 
1 19 329 2 5 62 6 63 63 
1 164 15 2 5 62 6 63 63 
1 164 15 2 5 62 6 63 64 63 
1 164 15 2 5 62 6 63 64 63 
1 164 15 2 5 62 6 63 63 
1 164 15 2 5 62 6 63 63 
1 164 15 2 5 62 6 63 64 63 
1 164 15 2 5 62 6 63 63 
1 88 19 329 2 5 62 6 63 63 
1 88 19 329 2 5 62 6 63 63 
1 19 329 2 5 62 6 63 63 
1 19 329 2 5 62 6 63 63 
1 19 329 2 5 62 6 63 63 
1 19 329 2 5 62 6 63 63 
1 19 329 2 5 62 6 63 63 
1 19 329 2 5 62 6 63 63 
1 19 329 2 5 62 6 63 63 
1 19 329 2 5 62 6 63 63 
1 19 329 2 5 62 6 63 63 
1 19 329 2 5 62 6 63 63 
1 19 329 2 5 62 6 63 63 
1 19 329 2 5 62 6 63 63 
1 19 329 2 5 62 6 63 63 
1 88 19 329 2 5 62 6 63 63 
1 19 329 2 5 62 6 63 63 
1 19 329 2 5 62 6 63 63 
1 19 329 2 5 62 6 63 63 
1 19 329 2 5 62 6 63 63 
1 88 19 329 2 5 62 6 63 63 
1 19 329 2 5 62 6 63 63 
1 164 15 2 5 62 6 63 63 
1 164 15 2 5 62 6 63 63 
1 164 15 2 5 62 6 63 64 63 
1 164 15 2 5 62 6 63 63 
1 164 15 2 5 62 6 63 63 
1 164 15 2 5 62 6 63 63 
1 164 15 2 5 62 6 63 63 
1 164 15 2 5 62 6 63 63 
1 164 15 2 5 62 28 6 21 63 63 
1 164 15 2 5 62 6 63 63 
1 164 15 2 5 62 6 63 63 
1 164 15 2 5 62 6 63 63 
1 164 15 2 5 62 6 63 63 
1 164 15 2 5 62 6 63 63 
1 19 329 2 5 62 6 63 63 
1 19 329 2 5 62 6 63 63 
1 164 15 2 5 62 6 63 63 
1 19 329 2 5 62 6 63 63 
1 19 329 2 5 62 6 63 63 
1 19 329 2 5 62 6 63 63 
1 19 667 2 5 62 6 63 63 
1 19 329 2 5 62 6 63 63 
1 88 19 329 2 5 62 6 63 63 
1 19 329 2 5 62 6 63 63 
1 15 19 329 2 5 62 6 63 63 
1 88 19 329 2 5 62 6 63 63 
1 19 329 2 5 62 6 63 63 
1 19 329 2 5 62 6 63 63 
1 19 329 2 5 62 6 63 63 
1 19 329 2 5 62 6 63 63 
1 19 329 2 5 62 6 63 63 
1 19 329 2 5 62 6 63 63 
1 19 329 2 5 62 6 63 63 
1 88 19 329 2 5 62 6 63 63 
1 88 19 329 2 5 62 6 63 63 
1 19 329 2 5 62 6 63 63 
1 164 15 2 5 62 6 63 63 
1 164 15 2 5 62 6 63 64 63 
1 164 15 2 5 62 6 63 63 
1 164 15 2 5 62 6 63 63 
1 164 15 2 5 62 6 63 63 
1 19 329 2 5 62 6 63 63 
1 19 329 2 5 62 6 63 63 
1 19 329 2 5 62 6 63 63 
1 19 329 2 5 62 6 63 63 
1 19 329 2 5 62 6 63 63 
1 88 19 329 2 5 62 6 63 63 
1 19 329 2 5 62 6 63 63 
1 88 19 329 2 5 62 6 63 63 
1 164 15 2 5 62 6 63 63 
1 164 15 2 5 62 6 63 63 
1 164 15 2 5 62 6 63 63 
1 19 329 2 5 62 6 63 63 
1 164 15 2 5 62 6 63 63 
1 19 329 2 5 62 6 63 63 
1 164 15 2 5 62 6 63 63 
1 164 15 2 5 62 6 63 63 
1 19 329 2 5 62 6 63 63 
1 19 329 2 5 62 6 63 63 
1 19 329 2 5 62 6 63 63 
1 19 329 2 5 62 6 63 63 
1 164 15 2 5 62 6 63 63 
1 164 15 2 5 62 6 63 63 
1 164 15 2 5 62 6 63 63 
1 97 19 329 2 98 5 62 6 63 63 
1 19 329 2 5 62 6 63 63 
1 19 329 2 5 62 6 63 63 
1 19 329 2 5 62 6 63 63 
1 19 329 2 5 62 6 63 63 
1 19 329 2 5 62 6 63 63 
1 19 329 2 5 62 6 63 63 
1 19 329 2 5 62 6 63 63 
1 19 329 2 5 62 6 63 63 
1 19 329 2 5 62 6 63 63 
1 19 329 2 5 62 6 63 63 
1 19 329 2 5 62 6 63 63 
1 19 329 2 5 62 6 63 63 
1 164 15 2 5 62 6 63 64 63 
1 19 329 2 5 28 6 21 63 63 
1 19 329 2 5 62 6 63 64 63 
1 19 329 2 5 62 6 63 63 
1 88 19 329 2 5 62 6 63 63 
1 19 329 2 5 62 6 63 63 
1 19 329 2 5 62 6 63 63 
1 19 329 2 5 62 6 63 63 
1 19 329 2 5 62 6 63 63 
1 19 329 2 5 6 63 63 
1 19 329 2 5 6 63 63 
1 19 329 2 5 6 63 63 
1 88 19 329 2 5 62 6 63 63 
1 19 329 2 5 62 6 63 63 
1 19 329 2 5 62 6 63 63 
1 19 329 2 5 62 6 63 63 
1 19 329 2 5 62 6 63 63 
1 19 329 2 5 62 6 63 63 
1 19 329 2 5 62 6 63 63 
1 19 329 2 5 62 6 63 63 
1 19 329 2 5 62 6 63 63 
1 19 329 2 5 62 6 63 63 
1 19 329 2 5 62 6 63 63 
1 88 19 329 2 5 62 6 63 63 
1 19 329 2 5 62 6 63 63 
1 88 19 329 2 5 62 6 63 63 
1 88 19 329 2 5 62 6 63 63 
1 88 19 329 2 5 62 6 63 63 
1 88 19 329 2 5 62 6 63 63 
1 19 329 2 5 62 6 63 63 
1 19 329 2 5 62 6 63 63 
1 19 329 2 5 62 6 63 63 
1 19 329 2 5 62 6 63 63 
1 19 329 2 5 62 6 63 63 
1 19 329 2 5 62 6 63 63 
1 19 329 2 5 62 6 63 63 
1 88 19 329 2 5 62 6 63 63 
1 19 329 2 5 62 6 63 63 
1 19 329 2 5 62 6 63 63 
1 19 329 2 5 62 6 63 63 
1 19 329 2 5 62 6 63 63 
1 19 329 2 5 62 6 63 63 
1 19 329 2 5 62 6 63 63 
1 19 329 2 5 62 6 63 63 
1 19 329 2 5 62 6 63 63 
1 19 329 2 5 62 6 63 63 
1 19 329 2 5 62 6 63 63 
1 19 329 2 5 62 6 63 63 
1 19 329 2 5 62 6 63 63 
1 19 329 2 5 62 6 63 63 
1 88 19 329 2 5 62 6 63 63 
1 88 19 329 2 5 62 6 63 63 
1 88 19 329 2 5 62 6 63 63 
1 88 19 329 2 5 62 6 63 63 
1 88 19 329 2 5 62 6 63 63 
1 19 329 2 5 62 6 63 63 
1 88 19 329 2 5 62 6 63 63 
1 88 19 329 2 5 6 63 61 63 
1 164 15 2 5 62 6 63 63 
1 164 15 2 5 62 6 63 63 
1 164 15 2 5 62 6 63 63 
1 164 15 2 5 62 6 63 63 
1 164 15 2 5 62 6 63 63 
1 164 15 2 5 62 6 63 63 
1 88 19 329 2 5 62 6 63 63 
1 19 329 2 5 62 6 63 63 
1 19 329 2 5 62 6 63 63 
1 19 329 2 5 62 6 63 63 
1 19 329 2 5 62 6 63 63 
1 19 329 2 5 62 6 63 63 
1 19 329 2 5 62 6 63 63 
1 19 329 2 5 62 6 63 63 
1 19 329 2 5 62 6 63 63 
1 19 329 2 5 62 6 63 63 
1 19 329 2 5 62 6 63 63 
1 19 329 2 5 62 6 63 63 
1 19 329 2 5 62 6 63 63 
1 19 329 2 5 62 6 63 63 
1 19 329 2 5 62 6 63 63 
1 19 329 2 5 62 6 63 63 
1 19 329 2 5 62 6 63 63 
1 19 329 2 5 62 6 63 63 
1 19 329 2 5 62 6 63 63 
1 19 329 2 5 62 6 63 63 
1 19 329 2 5 62 6 63 63 
1 88 19 329 2 5 62 6 63 63 
1 88 19 329 2 5 62 6 63 63 
1 88 19 329 2 5 62 6 63 63 
1 88 19 329 2 5 62 6 63 63 
1 88 19 329 2 5 62 6 63 63 
1 88 19 329 2 5 62 6 63 63 
1 88 19 329 2 5 62 6 63 63 
1 88 19 329 2 5 62 6 63 63 
1 88 19 329 2 5 62 6 63 63 
1 88 19 329 2 5 62 6 63 63 
1 19 329 2 5 62 6 63 63 
1 19 329 2 5 62 6 63 63 
1 19 329 2 5 62 6 63 63 
1 19 329 2 5 62 6 63 63 
1 19 329 2 5 62 6 63 63 
1 19 329 2 5 62 6 63 63 
1 19 329 2 5 62 6 63 63 
1 19 329 2 5 62 6 63 63 
1 19 329 2 5 62 6 63 63 
1 19 329 2 5 62 6 63 63 
1 19 329 2 5 62 6 63 63 
1 19 329 2 5 62 6 63 63 
1 19 329 2 5 62 6 63 63 
1 15 19 329 2 5 62 6 63 63 
1 19 329 2 5 62 6 63 63 
1 19 329 2 5 62 6 63 63 
1 19 329 2 5 62 6 63 63 
1 19 329 2 5 62 6 63 63 
1 19 329 2 5 62 6 63 63 
1 19 329 2 5 62 6 63 63 
1 19 329 2 5 62 6 63 63 
1 19 329 2 5 62 6 63 63 
1 19 329 2 5 62 6 63 63 
1 19 329 2 5 62 6 63 63 
1 19 329 2 5 62 6 63 63 
1 19 329 2 5 62 6 63 63 
1 19 329 2 5 62 6 63 63 
1 19 329 2 5 62 6 63 63 
1 19 329 2 5 62 6 63 63 
1 19 329 2 5 62 6 63 63 
1 19 329 2 5 62 6 63 63 
1 19 329 2 5 62 6 63 63 
1 19 329 2 5 62 6 63 63 
1 19 329 2 5 62 6 63 63 
1 19 329 2 5 62 6 63 63 
1 88 19 329 2 5 62 6 63 63 
1 19 329 2 5 62 6 63 63 
1 88 19 329 2 5 62 6 63 63 
1 88 19 329 2 5 62 6 63 63 
1 19 329 2 5 62 6 63 63 
1 19 329 2 5 62 6 63 63 
1 19 329 2 5 62 6 63 63 
1 19 329 2 5 62 6 63 63 
1 19 329 2 5 62 6 63 63 
1 19 329 2 5 62 6 63 63 
1 19 329 2 5 62 6 63 63 
1 19 329 2 5 62 6 63 63 
1 19 329 2 5 62 6 63 63 
1 19 329 2 5 62 6 63 63 
1 88 19 329 2 5 62 6 63 63 
1 88 19 329 2 5 62 6 63 63 
1 19 329 2 5 62 6 63 63 
1 15 19 329 2 5 62 6 63 63 
1 19 329 2 5 62 6 63 63 
1 19 329 2 5 62 6 63 522 63 
1 19 329 2 5 62 6 63 522 63 
1 15 19 329 2 5 62 6 63 522 63 
1 15 19 329 2 5 62 6 63 522 63 
1 97 19 329 2 98 5 62 6 63 522 63 
1 18 19 329 20 2 5 62 6 63 522 63 
1 15 19 329 2 5 62 6 63 522 63 
1 15 19 329 2 5 62 6 63 522 63 
1 19 329 2 5 62 6 63 522 63 
1 88 19 329 2 5 62 6 63 522 63 
1 19 329 2 5 62 6 63 522 63 
1 19 329 2 5 62 6 63 522 63 
1 15 19 329 2 5 62 6 63 522 63 
1 19 329 2 5 62 6 63 522 63 
1 19 329 2 5 62 6 63 522 63 
1 19 329 2 5 62 6 63 522 63 
1 19 329 2 5 62 6 63 522 63 
1 164 15 2 5 62 6 63 63 
1 19 329 2 5 48 6 361 63 426 63 
1 18 19 329 20 2 5 48 6 361 63 426 63 
1 19 329 2 5 48 6 361 63 426 63 
1 19 329 2 5 48 6 361 63 426 63 
1 19 329 2 5 48 6 361 63 426 63 
1 15 19 329 2 5 48 6 361 63 426 63 
1 19 329 2 5 62 6 63 63 
1 164 15 2 5 62 6 63 63 
1 19 329 2 5 62 6 63 63 
1 164 15 2 5 62 6 63 63 
1 19 329 2 5 62 6 63 63 
1 19 329 2 5 62 6 63 63 
1 19 329 2 5 62 6 63 63 
1 19 329 2 5 62 6 63 63 
1 19 329 2 5 62 6 63 63 
1 19 329 2 5 62 6 63 63 
1 164 15 2 42 5 62 6 63 63 
1 19 329 2 5 6 63 64 63 
1 88 19 329 2 5 48 6 361 63 426 63 
1 88 19 329 2 5 48 6 361 63 426 63 
1 164 15 2 5 62 6 63 63 
1 164 15 2 5 62 6 63 63 
1 164 15 2 5 62 6 63 63 
1 164 15 2 5 62 6 63 63 
1 19 329 2 5 62 6 63 63 
1 164 15 2 5 62 6 63 63 
1 164 15 2 5 62 6 63 63 
1 164 15 2 5 62 6 63 63 
1 164 15 2 5 62 6 63 63 
1 164 15 2 5 62 6 63 8 63 
1 19 329 2 5 6 63 63 
1 164 15 2 5 62 6 63 63 
1 19 329 2 5 62 6 63 63 
1 19 329 2 5 62 6 63 63 
1 164 15 2 5 62 6 63 63 
1 164 15 2 5 62 6 63 63 
1 19 329 2 5 62 6 63 64 63 
1 19 329 2 5 62 6 63 63 
1 19 329 2 5 62 6 63 63 
1 19 329 2 5 62 6 63 63 
1 19 329 2 5 62 6 63 63 
1 19 329 2 5 62 6 63 63 
1 19 329 2 5 62 6 63 63 
1 15 19 329 2 5 62 6 63 63 
1 164 15 2 5 62 6 63 64 63 
1 164 15 2 5 62 6 63 63 
1 19 329 2 5 48 6 361 63 63 
1 19 329 2 5 6 63 63 
1 88 19 329 2 5 62 6 63 63 
1 19 329 2 5 6 63 63 
1 164 15 2 5 62 6 63 63 
1 19 329 2 5 62 6 63 63 
1 19 329 2 5 48 6 361 63 63 
1 19 329 2 5 48 6 361 63 63 
1 164 15 2 5 62 6 63 63 
1 19 329 2 5 6 63 64 63 
1 15 19 329 2 5 6 63 63 
1 88 19 329 2 5 6 63 63 
1 19 329 2 5 62 6 63 63 
1 19 329 2 5 62 6 63 63 
1 164 15 2 5 62 6 63 63 
1 19 329 2 5 62 6 63 63 
1 19 329 2 5 62 6 63 64 63 
1 164 15 2 5 62 6 63 63 
1 19 329 2 5 62 6 63 63 
1 19 329 2 5 62 6 63 64 63 
1 19 329 2 5 62 6 63 63 
1 19 329 2 5 62 6 63 63 
1 164 15 2 5 62 6 63 63 
1 164 15 2 5 62 6 63 63 
1 164 15 2 5 62 6 63 63 
1 164 15 2 5 62 6 63 63 
1 164 15 2 5 62 6 63 63 
1 19 329 2 5 62 6 63 63 
1 164 15 2 5 62 6 63 63 
1 19 329 2 5 6 63 63 
1 19 329 2 5 62 6 63 8 63 
1 19 329 2 5 62 6 63 8 63 
1 88 19 329 2 5 62 6 63 8 63 
1 19 329 2 5 62 6 63 8 63 
1 19 329 2 5 62 6 63 8 63 
1 19 329 2 5 62 6 63 8 63 
1 19 329 2 5 62 6 63 8 63 
1 88 19 329 2 5 62 6 63 8 63 
1 19 329 2 5 62 6 63 8 63 
1 19 329 2 5 62 6 63 8 63 
1 19 329 2 5 62 6 63 8 63 
1 19 329 2 5 62 6 63 8 63 
1 19 329 2 5 62 6 63 8 63 
1 88 19 329 2 5 62 6 63 8 63 
1 19 329 2 5 62 6 63 8 63 
1 19 329 2 5 62 6 63 8 63 
1 19 329 2 5 62 6 63 8 63 
1 19 329 2 5 62 6 63 8 63 
1 19 329 2 5 62 6 63 8 63 
1 19 329 2 5 62 6 63 8 63 
1 19 329 2 5 62 6 63 8 63 
1 15 19 329 2 5 62 6 63 8 63 
1 19 329 2 5 62 6 63 8 63 
1 19 329 2 5 62 6 63 8 63 
1 19 329 2 5 62 6 63 8 63 
1 19 329 2 5 62 6 63 8 63 
1 19 329 2 5 62 6 63 8 63 
1 88 19 329 2 5 62 6 63 8 63 
1 19 329 2 5 62 6 63 8 63 
1 19 329 2 5 62 6 63 8 63 
1 19 329 2 5 62 6 63 8 63 
1 19 329 2 5 62 6 63 8 63 
1 19 329 2 5 62 6 63 8 63 
1 19 329 2 5 62 6 63 8 63 
1 19 329 2 5 62 6 63 8 63 
1 19 329 2 5 62 6 63 8 63 
1 19 329 2 5 62 6 63 8 63 
1 19 329 2 5 62 6 63 8 63 
1 19 329 2 5 62 6 63 8 63 
1 19 329 2 5 62 6 63 8 63 
1 19 329 2 5 6 63 63 
1 19 329 2 5 6 63 63 
1 88 19 329 2 5 6 63 63 
1 19 329 2 5 6 63 63 
1 19 329 2 5 6 63 63 
1 19 329 2 5 6 63 63 
1 19 329 2 5 6 63 63 
1 88 19 329 2 5 6 63 63 
1 88 19 329 2 5 6 63 63 
1 19 329 2 5 6 63 63 
1 19 329 2 5 6 63 63 
1 19 329 2 5 6 63 63 
1 19 329 2 5 6 63 63 
1 19 329 2 5 6 63 63 