537 5 21 22 143 8 37 144 24 37 
537 5 21 22 143 8 37 144 24 37 
537 5 21 22 143 8 37 144 24 37 
537 21 22 37 24 37 
537 21 22 37 24 37 
537 5 21 22 143 8 37 144 24 37 
537 5 21 22 143 8 37 144 24 37 
537 5 6 21 22 37 24 37 
537 5 6 21 22 37 24 37 
537 5 21 22 143 8 37 144 24 37 
537 5 21 22 143 8 37 144 24 37 
537 5 21 22 143 8 37 144 24 37 
537 5 21 22 143 8 37 144 24 37 
537 21 22 37 24 37 
537 21 22 37 24 37 
537 5 21 22 143 8 37 144 24 37 
537 5 21 22 143 8 37 144 24 37 
537 21 22 37 24 37 
537 5 21 22 143 8 37 144 24 37 
537 5 21 22 143 8 37 144 24 37 
537 5 21 22 143 8 37 144 24 37 
537 5 21 22 143 8 37 144 24 37 
537 5 21 22 143 8 37 144 24 37 
537 5 21 22 143 8 37 144 24 37 
537 5 21 22 143 8 37 144 24 37 
537 5 21 22 143 8 37 144 24 37 
537 5 21 22 143 8 37 144 24 37 
537 5 21 22 143 8 37 144 24 37 
537 21 22 37 24 37 
537 21 22 37 24 37 
537 5 21 22 143 8 37 144 24 37 
537 5 21 22 143 8 37 144 24 37 
537 5 21 22 143 8 37 144 24 37 
537 5 21 22 143 8 37 144 24 37 
537 5 21 22 143 8 37 144 24 37 
537 5 21 22 143 8 37 144 24 37 
1 15 537 5 21 22 143 8 37 144 24 37 
537 5 21 22 143 8 37 144 24 37 
537 21 22 37 24 37 
537 5 21 22 143 8 37 144 24 37 
537 21 22 37 24 37 
537 5 21 22 143 8 37 144 24 37 
537 81 21 22 37 82 24 37 
537 5 21 22 143 8 37 144 24 37 
537 21 22 37 24 37 
537 21 22 37 24 37 
537 5 21 22 143 8 37 144 24 37 
537 5 21 22 143 8 37 144 24 37 
537 133 21 22 37 68 24 37 
537 5 21 22 143 8 37 144 24 37 
537 21 22 37 24 37 
537 21 22 37 24 37 
537 21 22 37 24 37 
537 21 22 37 24 37 
537 21 22 37 24 37 
537 21 22 37 24 37 
537 5 21 22 143 8 37 144 24 37 
537 5 21 22 143 8 37 144 24 37 
537 5 21 22 143 8 37 144 24 37 
537 5 6 21 22 37 24 37 
537 5 6 21 22 37 24 37 
537 21 22 37 24 37 
537 5 21 22 143 8 37 144 24 37 
537 5 21 22 143 8 37 144 24 37 
537 5 21 22 143 8 37 144 24 37 
537 21 22 37 24 37 
537 21 22 37 24 37 
537 21 22 37 24 37 
1 15 537 5 21 22 8 37 24 37 
537 5 21 22 143 8 37 144 24 37 
537 21 22 37 24 37 
537 5 21 22 143 8 37 144 24 37 
537 5 21 22 143 8 37 144 24 37 
537 5 21 22 143 8 37 144 24 37 
537 5 21 22 143 8 37 144 24 37 
537 5 21 22 143 8 37 144 24 37 
537 133 21 22 37 68 24 37 
537 21 22 37 24 37 
537 21 22 37 24 37 
537 21 22 37 68 24 37 
537 5 21 22 143 8 37 144 24 37 
537 5 21 22 143 8 37 144 24 37 
537 5 21 22 143 8 37 144 24 37 
537 21 22 37 24 37 
537 5 21 22 143 8 37 144 24 37 
537 21 22 37 24 37 
537 21 22 37 24 37 
537 21 22 37 24 37 
537 21 22 37 24 37 
537 21 22 37 24 37 
537 21 22 37 24 37 
537 133 21 22 37 68 24 37 
537 5 21 22 143 8 37 144 24 37 
537 5 21 22 143 8 37 144 24 37 
537 5 21 22 143 8 37 144 24 37 
537 21 22 37 24 37 
537 5 21 22 143 8 37 144 24 37 
537 21 22 37 24 37 
537 5 21 22 143 8 37 144 24 37 
537 5 21 22 143 8 37 144 24 37 
537 5 21 22 143 8 37 144 24 37 
1 15 537 5 21 22 143 8 37 144 24 37 
537 5 21 22 143 8 37 144 24 37 
537 5 21 22 143 8 37 144 24 37 
537 21 22 37 24 37 
537 21 22 37 24 37 
537 21 22 37 24 37 
537 5 21 22 143 8 37 144 24 37 
537 5 21 22 143 8 37 144 24 37 
537 5 21 22 143 8 37 144 24 37 
537 5 21 22 143 8 37 144 24 37 
537 5 21 22 143 8 37 144 24 37 
537 5 21 22 143 8 37 144 24 37 
537 5 21 22 143 8 37 144 24 37 
537 5 21 22 143 8 37 144 24 37 
537 5 21 22 143 8 37 144 24 37 
537 5 21 22 143 8 37 144 24 37 
537 81 21 22 263 37 82 24 37 
537 21 22 37 24 37 
537 5 21 22 143 8 37 144 24 37 
537 5 21 22 143 8 37 144 24 37 
537 21 22 37 24 37 
537 21 22 37 24 37 
537 5 21 22 143 8 37 144 24 37 
537 5 21 22 143 8 37 144 24 37 
537 5 21 22 143 8 37 144 24 37 
537 21 22 37 24 37 
537 21 22 37 24 37 
1 537 5 21 22 143 8 37 144 24 37 
537 21 22 37 24 37 
537 21 22 37 24 37 
537 5 21 22 143 8 37 144 24 37 
537 5 21 22 143 8 37 144 24 37 
537 21 22 37 24 37 
537 21 22 37 24 37 
537 5 21 22 143 8 37 144 24 37 
537 5 21 22 143 8 37 144 24 37 
537 5 21 22 143 8 37 144 24 37 
537 21 22 37 24 37 
537 5 21 22 143 8 37 144 24 37 
537 21 22 37 24 37 
537 5 21 22 143 8 37 144 24 37 
537 5 21 22 143 8 37 144 24 37 
537 5 21 22 143 8 37 144 24 37 
537 5 21 22 143 8 37 144 24 37 
1 15 537 5 21 22 143 8 37 144 24 37 
537 5 21 22 143 8 37 144 24 37 
537 5 21 22 143 8 37 144 24 37 
537 21 22 37 24 37 
51 537 78 21 22 37 24 37 
537 5 21 22 143 8 37 144 24 37 
537 5 21 22 143 8 37 144 24 37 
537 21 22 37 24 37 
40 41 42 537 5 21 22 143 8 37 144 24 37 
537 21 22 37 24 37 
537 21 22 37 24 37 
537 5 21 22 143 8 37 144 24 37 
537 21 22 37 24 37 
537 21 22 263 37 24 37 
537 5 21 22 143 8 37 144 24 37 
537 21 22 37 24 37 
537 21 22 37 24 37 
537 21 22 37 24 37 
537 81 21 22 37 82 24 37 
537 5 21 22 143 8 37 144 24 37 
537 21 22 37 24 37 
537 5 21 22 143 8 37 144 24 37 
537 21 22 263 37 24 37 
537 5 21 22 143 8 37 144 24 37 
537 21 22 37 24 37 
537 21 22 37 24 37 
537 5 21 22 143 8 37 144 24 37 
537 21 22 37 24 37 
537 5 21 22 143 8 37 144 24 37 
537 21 22 37 24 37 
537 21 22 37 24 37 
537 21 22 37 24 37 
537 21 22 37 24 37 
537 5 21 22 143 8 37 144 24 37 
537 5 21 22 143 8 37 144 24 37 
537 21 22 37 24 37 
537 21 22 37 24 37 
537 5 21 22 143 8 37 144 24 37 
537 5 21 22 143 8 37 144 24 37 
537 21 22 37 24 37 
537 21 22 37 24 37 
537 21 22 37 24 37 
537 5 21 22 143 8 37 144 24 37 
537 5 21 22 143 8 37 144 24 37 
537 5 21 22 143 8 37 144 24 37 
537 5 21 22 143 8 37 144 24 37 
537 5 21 22 143 8 37 144 24 37 
537 5 21 22 143 8 37 144 24 37 
537 5 21 22 143 8 37 144 24 37 
537 21 22 37 24 37 
537 21 22 37 24 37 
537 5 21 22 143 8 37 144 24 37 
537 5 21 22 143 8 37 144 24 37 
537 21 22 37 24 37 
537 21 22 37 24 37 
537 21 22 263 37 68 24 37 
537 21 22 37 24 37 
537 5 6 21 22 37 24 37 
537 21 37 24 37 
537 21 37 24 37 
537 21 37 24 37 
537 21 22 37 24 37 
537 21 22 37 24 37 
537 21 22 37 24 37 
537 21 22 37 24 37 
537 5 21 22 143 8 37 144 24 37 
537 5 21 22 143 8 37 144 24 37 
537 133 21 22 37 68 24 37 
1 15 537 21 22 37 24 37 
537 21 22 37 68 24 37 
537 21 22 37 24 37 
537 21 22 37 24 37 
1 15 537 21 22 37 24 37 
537 21 22 37 24 37 
537 133 21 22 37 68 24 37 
537 21 22 37 24 37 
537 91 5 6 21 22 92 37 24 37 
537 5 21 22 143 8 37 144 24 37 
537 5 21 22 143 8 37 144 24 37 
537 5 6 21 22 37 24 37 
537 21 22 37 24 37 
537 21 22 37 24 37 
537 21 22 37 24 37 
537 21 22 37 24 37 
537 21 22 37 24 37 
537 21 22 37 24 37 
537 21 22 37 24 37 
537 21 22 37 24 37 
537 21 22 37 24 37 
537 21 22 37 24 37 
1 15 537 21 22 37 24 37 
537 5 21 22 143 8 37 144 24 37 
537 5 21 22 143 8 37 144 24 37 
537 21 22 37 24 37 
537 5 21 22 143 8 37 144 24 37 
537 5 21 22 143 8 37 144 24 37 
537 21 37 538 24 37 
537 21 37 538 24 37 
537 81 21 22 37 82 24 37 
537 5 21 22 143 8 37 144 24 37 
537 5 21 22 143 8 37 144 24 37 
537 5 21 22 143 8 37 144 24 37 
537 5 6 21 22 64 63 37 24 37 
537 5 21 22 143 8 37 144 24 37 
537 5 21 22 143 8 37 144 24 37 
537 21 22 37 24 37 
537 5 21 22 143 8 37 144 24 37 
537 5 21 22 143 8 37 144 24 37 
537 5 21 22 143 8 37 144 24 37 
537 5 21 22 143 8 37 144 24 37 
537 5 21 22 143 8 37 144 24 37 
537 5 21 22 143 8 37 144 24 37 
537 21 22 37 68 24 37 
537 5 6 21 22 37 24 37 
537 21 22 37 24 37 
537 21 37 538 24 37 
1 537 133 21 22 37 68 24 37 
537 21 22 37 24 37 
537 5 21 22 143 8 37 144 24 37 
537 5 21 22 143 8 37 144 24 37 
537 21 37 538 24 37 
537 5 6 21 22 37 24 37 
537 21 22 37 24 37 
537 21 22 37 24 37 
537 21 22 37 24 37 
537 5 21 22 143 8 37 144 24 37 
537 5 21 22 143 8 37 144 24 37 
537 21 22 37 24 37 
537 5 21 22 143 8 37 144 24 37 
537 5 21 22 143 8 37 144 24 37 
537 5 21 22 143 8 37 144 24 37 
537 5 21 22 143 8 37 144 24 37 
537 5 21 22 143 8 37 144 24 37 
537 5 21 22 143 8 37 144 24 37 
1 15 537 21 22 37 24 37 
1 15 537 21 22 37 24 37 
537 133 21 22 37 68 24 37 
537 21 22 37 24 37 
537 148 159 21 13 36 37 24 130 37 
537 5 21 22 143 8 37 144 24 37 
537 21 22 37 24 37 
537 21 22 37 24 37 
537 5 6 21 22 37 24 37 
1 537 21 22 263 37 24 37 
537 21 22 37 24 37 
1 15 537 5 21 22 143 8 37 144 24 37 
537 21 22 37 24 37 
537 5 21 22 143 8 37 144 24 37 
537 21 22 37 24 37 
537 5 21 22 143 8 37 144 24 37 
537 21 22 37 24 37 
537 5 21 22 143 8 37 144 24 37 
537 5 6 21 22 37 24 37 
1 537 21 22 37 24 37 
537 21 22 37 24 37 
537 21 22 37 24 37 
537 21 37 538 24 37 
537 21 37 538 24 37 
537 21 37 538 24 37 
537 21 37 538 24 37 
537 21 37 538 24 37 
537 21 22 37 24 37 
537 21 22 37 24 37 
537 21 37 538 24 37 
537 21 37 538 24 37 
537 21 37 538 24 37 
537 21 22 37 24 37 
537 21 22 37 24 37 
537 21 22 37 24 37 
537 21 22 37 24 37 
537 21 22 37 24 37 
1 15 537 5 6 21 37 538 24 37 
537 21 22 37 24 37 
537 5 6 21 22 37 24 37 
537 21 22 37 24 37 
537 21 22 37 24 37 
537 21 22 37 24 37 
537 21 22 37 24 37 
537 21 22 37 68 24 37 
537 5 21 22 143 8 37 144 24 37 
537 21 22 37 24 37 
537 21 22 263 37 24 37 
537 21 37 538 24 37 
537 21 22 37 24 37 
537 21 37 538 24 37 
537 21 22 37 24 37 
537 21 539 22 37 11 10 24 37 
537 21 539 22 37 11 10 24 37 
537 21 539 22 37 11 10 24 37 
537 5 21 22 143 8 37 144 24 37 
537 5 21 22 143 8 37 144 24 37 
537 21 22 37 24 37 
537 21 22 37 24 37 
1 537 21 22 37 24 37 
537 21 22 37 24 37 
537 81 21 22 37 82 24 37 
537 5 21 22 143 8 37 144 24 37 
537 5 21 22 143 8 37 144 24 37 
537 21 22 37 24 37 
537 21 22 37 24 37 
537 21 22 37 24 37 
537 21 22 37 24 37 
1 15 537 21 22 37 24 37 
537 21 22 37 24 37 
537 21 22 37 24 37 
537 21 22 37 24 37 
537 21 37 538 24 37 
537 5 21 22 143 8 37 144 24 37 
537 21 22 37 24 37 
537 21 22 37 24 37 
537 21 22 37 24 37 
537 21 37 538 24 37 
537 21 22 37 24 37 
537 21 22 37 24 37 
537 21 37 538 24 37 
537 21 37 538 24 37 
537 21 22 37 24 37 
537 21 22 37 24 37 
537 21 22 37 24 37 
537 21 22 37 24 37 
537 21 22 37 24 37 
537 21 22 37 24 37 
537 21 22 37 24 37 
537 21 22 37 24 37 
537 21 22 37 24 37 
537 21 22 37 24 37 
537 5 21 22 143 8 37 144 24 37 
537 81 21 22 37 82 24 37 
537 5 21 22 143 8 37 144 24 37 
537 21 22 37 24 37 
537 5 6 21 22 37 61 24 37 
537 21 22 37 24 37 
537 5 21 22 143 8 37 144 24 37 
537 21 37 538 24 37 
537 5 6 21 22 37 24 37 
537 21 22 37 24 37 
537 21 22 37 24 37 
537 21 22 37 24 37 
537 21 22 37 24 37 
537 21 22 37 24 37 
537 21 22 37 24 37 
537 5 21 22 143 8 37 144 24 37 
537 21 37 538 24 37 
537 21 37 538 24 37 
537 21 37 538 24 37 
537 21 37 538 24 37 
537 21 37 538 24 37 
537 5 6 21 22 37 24 37 
537 5 21 22 143 8 37 144 24 37 
537 5 21 22 143 8 37 144 24 37 
537 21 22 37 24 37 
537 21 22 37 24 37 
537 21 37 538 24 37 
537 21 22 37 24 37 
537 21 22 37 24 37 
107 42 537 108 21 22 37 24 37 
537 21 22 37 24 37 
537 5 21 22 143 8 37 144 24 37 
537 21 22 37 24 37 
537 21 22 37 24 37 
1 15 537 21 22 37 24 37 
537 5 21 22 143 8 37 144 24 37 
537 21 22 37 24 37 
537 21 22 37 24 37 
537 21 22 37 24 37 
537 5 6 21 22 37 24 37 
537 21 22 37 24 37 
537 5 21 22 143 8 37 144 24 37 
537 5 21 22 143 8 37 144 24 37 
537 5 6 21 22 37 24 37 
537 21 22 37 24 37 
537 21 22 37 24 37 
537 21 22 37 24 37 
537 21 22 37 24 37 
537 21 22 37 24 37 
537 5 21 22 143 8 37 144 24 37 
537 5 21 22 143 8 37 144 24 37 
537 5 21 22 143 8 37 144 24 37 
537 5 21 22 143 8 37 144 24 37 
537 5 21 22 143 8 37 144 24 37 
537 21 22 37 24 37 
1 15 537 5 21 22 143 8 37 144 24 37 
537 5 21 22 143 8 37 144 24 37 
537 5 21 22 143 8 37 144 24 37 
537 5 21 22 143 8 37 144 24 37 
537 21 22 37 24 37 
537 21 22 37 24 37 
537 21 22 37 24 37 
537 328 21 22 37 24 37 
537 21 22 37 24 37 
537 21 22 37 24 37 
537 21 22 37 24 37 
537 21 22 37 24 37 
537 21 22 37 24 37 
537 21 22 37 24 37 
537 21 22 263 37 24 37 
537 5 21 22 143 8 37 144 24 37 
537 5 21 22 143 8 37 144 24 37 
537 21 22 37 24 37 
537 5 21 22 143 8 37 144 24 37 
537 21 22 37 24 37 
537 21 22 37 24 37 
537 5 21 22 143 8 37 144 24 37 
537 5 21 22 143 8 37 144 24 37 
537 21 22 37 24 37 
537 21 22 37 24 37 
537 21 22 37 24 37 