334 514 515 436 515 
334 515 436 515 
334 514 515 436 515 
334 514 515 436 515 
334 38 39 514 515 436 515 
334 514 515 436 515 
1 15 334 514 515 436 515 
334 514 515 436 515 
334 38 39 514 515 436 515 
334 514 515 436 515 
334 514 515 436 515 
334 514 515 436 515 
334 515 436 25 26 515 
334 514 515 436 25 26 515 
446 51 334 515 436 515 
334 515 436 515 
334 515 436 515 
334 514 515 436 515 
51 334 515 436 25 26 515 
334 514 515 436 25 26 515 
334 5 515 6 436 23 515 
334 5 515 6 436 23 515 
334 5 515 6 436 23 515 
334 5 515 6 436 23 515 
334 5 515 6 436 23 515 
334 514 5 515 6 436 23 515 
51 334 5 515 6 436 23 515 
334 515 436 515 
1 15 334 514 515 436 515 
334 515 436 515 
446 51 334 313 78 515 436 515 
448 446 334 515 436 515 
446 334 515 436 515 
97 1 19 334 2 305 514 515 436 515 
334 514 515 436 515 
334 514 515 436 515 
446 51 334 313 78 515 436 515 
448 446 334 515 436 515 
446 334 515 436 515 
334 514 515 436 515 
1 15 334 514 515 436 515 
334 514 515 436 515 
334 515 436 515 
334 514 515 436 515 
334 515 436 25 26 515 
334 38 39 514 515 436 25 26 515 
334 515 436 25 26 515 
51 334 515 436 25 26 515 
334 515 436 515 
334 515 436 25 26 515 
1 15 334 514 515 436 25 26 515 
334 514 515 436 515 
334 515 436 25 26 515 
334 38 39 514 515 436 25 26 515 
334 38 39 514 515 436 515 
334 514 515 436 515 
334 515 436 25 26 515 
334 514 515 436 25 26 515 
334 515 436 25 26 515 
334 514 515 436 515 
334 514 515 436 515 
334 514 515 436 515 
334 515 436 515 
334 514 515 436 515 
334 514 515 436 515 
334 515 436 515 
334 514 515 436 515 
184 1 15 334 185 514 515 436 515 
334 514 515 436 515 
334 515 436 515 
334 514 515 436 515 
334 515 436 515 
334 515 436 515 
334 38 39 514 515 436 515 
334 514 515 436 515 
334 515 436 515 
334 515 436 515 
334 515 436 515 
334 514 515 436 515 
334 514 515 436 515 
334 515 436 515 
334 514 515 436 515 
334 514 515 436 515 
334 515 436 515 
334 515 436 515 
1 15 334 514 515 436 515 
334 515 436 515 
334 515 436 515 
334 514 515 436 515 
1 15 334 202 514 515 436 515 
334 514 515 21 436 515 
334 514 515 436 515 
334 514 515 436 515 
334 514 515 436 515 
334 514 515 436 515 
334 515 436 515 
334 515 436 515 
334 515 436 515 
51 334 515 436 515 
334 514 515 436 515 
334 514 515 436 515 
334 515 436 515 
334 514 515 436 515 
334 514 515 436 515 
1 15 334 514 515 436 515 
334 515 436 515 
334 514 515 436 515 
334 515 436 25 26 515 
334 515 436 25 26 515 
334 514 515 436 515 
334 515 436 515 
334 514 515 436 515 
51 334 514 515 436 515 
334 514 515 436 515 
334 514 515 436 515 
334 514 515 112 436 113 516 515 
334 515 112 436 113 516 515 
334 514 515 112 436 113 516 515 
334 514 515 112 436 113 516 515 
334 515 436 515 
334 514 515 436 515 
334 514 515 254 436 36 255 515 
334 514 515 254 436 36 255 515 
334 515 436 515 
334 514 515 436 515 
446 334 515 436 515 
334 515 436 515 
51 334 514 515 436 515 
51 334 514 515 436 515 
1 15 334 514 515 436 515 
334 515 436 515 
334 515 436 515 
51 334 313 78 515 436 515 
334 514 515 436 515 
334 514 515 436 515 
334 515 436 25 26 515 
1 15 334 514 515 436 25 26 515 
446 334 515 436 515 
334 38 39 514 515 436 25 26 515 
334 38 39 514 515 436 515 
334 515 436 515 
334 515 436 515 
334 38 39 514 515 436 515 
334 514 515 436 515 
51 334 313 78 515 436 515 
1 15 334 514 515 436 515 
334 38 39 514 515 436 515 
334 515 436 515 
1 15 334 514 515 436 515 
334 515 436 515 
1 15 334 514 515 436 515 
334 514 515 436 515 
334 514 515 436 515 
334 515 436 25 26 515 
334 514 515 436 515 
51 334 515 436 515 
334 514 515 436 25 26 515 
1 15 334 514 515 436 515 
334 515 436 515 
334 515 436 515 
334 514 515 436 515 
334 515 436 515 
334 514 515 436 515 
334 514 515 436 515 
334 515 436 515 
334 515 436 515 
334 515 436 515 
1 15 334 514 515 436 515 
53 54 51 334 515 436 515 
334 515 436 515 
51 334 313 78 515 21 352 353 99 436 100 515 
334 514 515 21 352 353 99 436 100 515 
1 15 334 514 515 436 515 
334 515 21 352 353 99 436 100 515 
1 15 334 514 515 21 352 353 99 436 100 515 
1 15 334 514 515 436 515 
1 15 334 514 515 436 515 
334 515 436 515 
1 15 334 514 515 436 515 
334 514 515 21 352 353 99 436 100 515 
334 515 21 352 353 99 436 100 515 
334 515 436 515 
334 514 515 436 515 
334 514 515 436 515 
446 51 334 313 78 515 21 436 515 
446 334 515 21 436 515 
446 334 515 21 436 515 
446 334 515 21 436 515 
334 515 436 515 
1 15 334 514 515 436 515 
334 515 436 515 
334 514 515 436 515 
1 15 334 514 515 436 515 
334 515 436 515 
334 38 39 514 515 436 515 
334 515 436 515 
334 514 515 436 515 
334 515 436 515 
334 514 515 436 515 
334 515 436 515 
334 514 515 436 515 
334 514 515 436 515 
334 514 515 436 515 
334 515 436 515 
334 514 515 436 515 
334 515 436 515 
334 515 436 515 
1 15 334 514 515 436 515 
334 514 515 436 515 
334 515 436 515 
334 515 436 515 
448 334 515 436 515 
334 514 515 436 515 
1 15 334 514 515 436 515 
334 515 436 515 
334 514 515 436 515 
334 38 39 514 515 436 515 
334 514 515 436 515 
1 15 334 514 515 436 515 
1 15 334 514 515 436 515 
334 515 436 515 
334 514 515 436 515 
334 514 515 436 515 
334 5 515 6 436 23 515 
334 5 515 6 436 23 515 
334 515 436 515 
334 514 515 436 515 
334 515 436 515 
184 1 15 334 185 514 91 5 515 6 436 92 515 
334 38 39 514 515 436 515 
334 515 436 515 
334 515 436 515 
334 514 515 436 515 
334 514 515 436 515 
334 515 436 515 
334 515 436 515 
334 514 515 436 515 
334 514 515 436 515 
53 54 51 334 515 436 25 26 515 
334 514 515 436 515 
1 15 334 514 515 436 515 
334 514 515 436 515 
334 514 515 436 515 
334 514 515 436 515 
51 334 515 436 515 
334 515 436 515 
334 515 436 515 
334 515 436 515 
1 15 334 514 515 436 515 
334 515 436 515 
334 515 436 515 
334 514 515 436 515 
334 515 436 515 
51 334 515 436 515 
334 515 436 515 
334 514 515 436 515 
334 515 436 515 
448 334 515 436 515 
51 334 515 436 515 
334 515 436 515 
334 514 515 436 515 
1 15 334 514 515 436 515 
51 334 515 436 515 
334 515 436 515 
334 515 436 515 
334 515 436 515 
334 515 436 515 
334 514 515 436 515 
51 334 515 436 515 
334 514 515 436 515 
334 515 436 515 
53 54 446 51 334 515 436 515 
334 514 515 436 515 
334 514 515 436 515 
334 5 515 6 436 23 515 
334 514 515 436 515 
334 514 515 436 515 
446 334 515 436 515 
334 515 436 515 
334 515 436 515 
446 136 334 42 174 515 436 515 
334 514 515 436 515 
334 515 436 515 
446 334 515 436 515 
334 514 515 436 515 
334 514 515 436 515 