58 59 60 149 150 5 21 22 143 510 8 37 144 24 510 
58 59 60 149 150 5 21 22 143 510 8 37 144 24 510 
58 59 60 149 150 5 21 22 143 510 8 37 144 24 510 
58 59 60 149 150 5 21 22 143 510 8 37 144 24 510 
58 59 60 149 150 133 21 22 510 68 24 510 
58 59 60 149 150 133 21 22 510 68 24 510 
58 59 60 149 150 81 21 22 510 82 24 510 
58 59 60 149 150 81 21 22 510 82 24 510 
58 59 60 149 150 81 21 22 510 82 24 510 
58 59 60 149 150 81 21 22 510 82 24 510 
58 59 60 149 150 81 21 22 510 82 24 510 
58 59 60 149 150 81 21 22 510 82 24 510 
58 59 60 149 150 81 21 22 510 82 24 510 
58 59 60 149 150 21 22 510 68 24 510 
58 59 60 149 150 21 22 510 68 24 510 
58 59 60 149 150 21 22 510 68 24 510 
58 59 60 149 150 5 21 22 143 510 8 37 144 24 510 
58 59 60 149 150 5 21 22 143 510 8 37 144 24 510 
58 59 60 149 150 21 22 510 37 24 510 
58 59 60 149 150 21 22 510 37 24 510 
58 59 657 60 149 150 21 22 510 37 24 510 
58 59 60 149 150 21 22 510 37 24 510 
58 59 60 149 150 21 22 510 37 24 510 
58 59 60 149 150 21 22 510 37 24 510 
58 59 60 149 150 21 22 510 37 24 510 
58 59 60 149 150 21 22 510 37 24 510 
58 59 60 149 150 21 22 510 37 24 510 
58 59 60 149 150 5 21 22 143 510 8 37 144 24 510 
58 59 60 149 150 5 21 22 143 510 8 37 144 24 510 
58 59 60 149 150 21 22 510 68 24 510 
58 59 60 149 150 21 22 510 37 24 510 
58 59 60 149 150 21 22 510 37 24 510 
58 59 60 149 150 21 22 510 37 24 510 
58 59 60 149 150 21 22 510 37 24 510 
58 59 60 149 150 21 22 510 37 24 510 
58 59 60 149 150 21 22 510 37 24 510 
58 59 60 149 150 21 22 510 37 24 510 
58 59 60 149 150 21 22 510 37 24 510 
58 59 60 149 150 21 22 510 37 24 510 
58 59 60 149 150 21 22 510 37 24 510 
58 59 60 149 150 21 22 510 37 24 510 
58 59 60 149 150 21 22 510 37 24 510 
58 59 60 149 150 21 22 510 37 24 510 
58 59 60 149 150 21 22 510 37 24 510 
58 59 60 149 150 21 22 510 37 24 510 
58 59 60 149 150 21 22 510 37 24 510 
58 59 60 149 150 5 21 22 143 510 8 37 144 24 510 
58 59 60 149 150 5 21 22 143 510 8 37 144 24 510 
58 59 60 149 150 5 21 22 143 510 8 37 144 24 510 
58 59 60 149 150 21 22 510 37 24 510 
58 59 60 149 150 21 22 510 37 24 510 
58 59 60 149 150 21 22 510 37 24 510 
58 59 657 60 149 150 21 22 510 37 24 510 
1 58 59 15 60 43 149 150 21 22 510 37 24 510 
58 59 60 149 150 21 22 510 37 24 510 
58 59 60 149 150 21 22 510 37 24 510 
58 59 657 60 149 150 5 21 22 143 510 8 37 144 24 510 
58 59 657 60 149 150 328 21 22 510 68 24 510 
58 59 60 149 150 81 21 22 510 82 68 24 510 
58 59 60 149 150 5 21 22 143 510 8 37 144 24 510 
58 59 60 149 150 5 21 22 143 510 8 37 144 24 510 
58 59 60 149 150 5 21 22 143 510 8 37 144 24 510 
58 59 60 149 150 5 21 22 143 510 8 37 144 24 510 
58 59 60 149 150 81 21 22 510 263 82 24 510 
58 59 60 149 150 81 21 22 510 82 24 510 
58 59 60 149 150 81 21 22 510 82 24 510 
58 59 60 149 150 81 21 22 510 82 24 510 
58 59 60 149 150 5 21 22 143 510 8 37 144 24 510 
58 59 60 149 150 21 22 510 68 24 510 
58 59 60 149 150 5 21 22 143 510 8 37 144 24 510 
58 59 60 149 150 21 22 510 37 24 510 
58 59 60 149 150 81 21 22 510 82 24 510 
58 59 60 149 150 21 22 510 68 24 510 
58 59 60 149 150 81 21 22 510 82 24 510 
58 59 60 149 150 5 21 22 143 510 8 37 144 24 510 
58 59 60 149 150 5 21 22 143 510 8 37 144 24 510 
58 59 60 149 150 21 22 510 37 24 510 
58 59 657 60 149 150 21 22 510 37 24 510 
58 59 60 149 150 81 21 22 510 263 82 24 510 
58 59 60 149 150 81 21 22 510 263 82 24 510 
58 1 59 15 60 149 150 81 21 22 510 263 82 24 510 
58 59 60 149 150 81 21 22 510 263 82 24 510 
58 59 60 149 150 81 21 22 510 263 82 24 510 
58 59 60 149 150 5 21 22 143 510 8 37 144 24 510 
58 59 60 149 150 5 21 22 143 510 8 37 144 24 510 
58 59 60 149 150 21 22 510 37 24 510 
58 59 657 60 149 150 21 22 510 37 24 510 
58 59 60 149 150 21 22 510 37 24 510 
58 59 60 149 150 21 22 510 37 24 510 
58 59 60 149 150 21 22 510 37 24 510 
58 59 60 149 150 21 22 510 37 24 510 
58 59 60 149 150 5 21 22 143 510 8 37 144 24 510 
58 59 60 149 150 81 21 22 510 82 24 510 
58 59 60 149 150 21 510 510 
58 59 60 149 150 21 510 510 
58 59 60 149 150 21 22 510 68 24 510 
58 59 657 60 149 150 21 22 510 37 24 510 
58 59 60 149 150 81 21 22 510 82 24 510 
58 59 60 149 150 81 21 22 510 82 24 510 
58 59 60 149 150 81 21 22 510 82 24 510 
58 59 60 149 150 81 21 22 510 82 24 510 
58 59 60 149 150 21 22 510 37 24 510 
58 59 60 149 150 21 22 510 37 24 510 
58 59 60 149 150 81 21 22 510 82 24 510 
58 59 60 149 150 81 21 22 510 82 24 510 
58 59 60 149 150 81 21 22 510 82 68 24 510 
58 59 60 149 150 81 21 22 510 82 68 24 510 
58 59 60 149 150 81 21 22 510 82 68 24 510 
58 59 60 149 150 81 21 22 510 82 68 24 510 
58 59 60 149 150 21 22 510 68 24 510 
58 59 60 149 150 81 21 22 510 82 68 24 510 
58 59 60 149 150 81 21 22 510 82 68 24 510 
58 59 60 149 150 81 21 22 510 82 68 24 510 
58 59 60 149 150 81 21 22 510 82 68 24 510 
58 59 60 149 150 21 22 510 68 24 510 
58 59 60 149 150 21 22 510 68 24 510 
58 59 60 149 150 21 22 510 68 24 510 
58 59 60 149 150 21 22 510 68 24 510 
58 59 60 149 150 21 22 510 68 24 510 
58 59 60 149 150 21 22 510 68 24 510 
58 59 60 149 150 21 22 510 68 24 510 
58 59 60 149 150 21 22 510 68 24 510 
58 59 60 149 150 81 21 22 510 82 68 24 510 
58 59 60 149 150 5 21 22 143 510 8 37 144 24 510 
58 59 60 149 150 21 22 510 68 24 510 
58 59 60 149 150 21 22 510 68 24 510 
58 59 60 149 150 21 22 510 37 24 510 
58 59 60 149 150 21 22 510 37 24 510 
58 59 60 149 150 21 22 510 37 24 510 
58 59 60 149 150 21 22 510 263 24 510 
58 59 60 149 150 81 21 22 510 82 68 24 510 
58 59 60 149 150 81 21 22 510 82 68 24 510 
58 59 60 149 150 81 21 22 510 82 68 24 510 
58 59 60 149 150 81 21 22 510 82 24 510 
58 59 60 149 150 21 22 510 24 510 
58 59 60 149 150 21 22 510 68 24 510 
58 59 60 149 150 21 22 510 68 24 510 
58 59 60 149 150 21 22 510 68 24 510 
58 59 60 149 150 81 21 22 510 82 68 24 510 
58 59 60 149 150 381 21 22 352 99 353 510 100 510 
58 59 60 149 150 21 22 352 99 353 510 100 510 
58 59 60 149 150 21 22 352 99 353 510 100 510 
58 59 60 149 150 21 22 510 68 24 510 
58 59 60 149 150 21 22 510 68 24 510 
58 59 60 149 150 21 22 510 68 24 510 
58 59 60 149 150 81 21 22 510 82 68 24 510 
58 59 60 149 150 21 22 510 475 510 
58 59 60 149 150 21 22 510 68 24 510 
58 59 60 149 150 21 22 352 99 353 510 100 510 
58 59 60 149 150 21 22 352 99 353 510 100 510 
58 59 60 149 150 21 22 510 68 24 510 
58 59 60 149 150 21 22 510 68 24 510 
58 59 60 149 150 133 21 22 510 68 24 510 
58 59 60 149 150 81 21 22 510 82 68 24 510 
58 59 60 149 150 81 21 22 510 82 68 24 510 
58 59 60 149 150 21 22 510 263 24 510 
58 59 60 149 150 21 22 510 68 24 510 
58 59 60 149 150 21 22 510 68 24 510 
58 59 60 149 150 21 22 510 68 24 510 
58 59 60 149 150 21 22 510 68 24 510 
58 59 60 149 150 21 22 510 68 24 510 
58 59 60 149 150 81 21 22 510 82 68 24 510 
58 59 60 149 150 21 22 510 68 24 510 
58 59 60 149 150 21 22 510 68 24 510 
58 59 60 149 150 133 21 22 510 68 24 510 
58 59 60 149 150 177 112 21 510 113 309 310 510 
58 59 60 149 150 21 22 510 68 24 510 
58 59 60 149 150 21 22 510 68 24 510 
58 59 60 149 150 21 22 510 68 24 510 
58 59 60 149 150 21 22 510 68 24 510 
58 59 60 149 150 21 22 510 68 24 510 
58 59 60 149 150 21 22 510 24 510 
58 59 60 149 150 5 6 21 22 510 61 24 510 
58 59 60 149 150 5 6 21 22 510 61 24 510 
58 59 60 149 150 5 6 21 22 510 61 24 510 
58 59 60 149 150 5 6 21 22 510 61 24 510 
58 59 60 149 150 21 22 510 510 
58 59 60 149 150 81 21 22 510 82 68 24 510 
58 59 60 149 150 21 22 510 68 24 510 
58 59 60 149 150 133 21 22 510 68 24 510 
58 59 60 149 150 21 22 510 68 24 510 
58 59 60 149 150 21 22 510 510 
58 59 60 149 150 5 21 22 143 510 8 37 144 24 510 
58 59 60 149 150 21 22 510 68 24 510 
58 59 60 149 150 21 22 510 68 24 510 
58 59 60 149 150 5 6 21 22 510 61 24 510 
58 59 60 149 150 5 6 21 22 510 61 24 510 
58 59 60 149 150 5 6 21 22 510 61 24 510 
58 59 60 149 150 5 6 21 510 61 510 
58 59 60 149 150 21 22 510 68 24 510 
58 59 60 149 150 21 22 510 68 24 510 
58 59 60 149 150 21 22 510 68 24 510 
58 59 60 149 150 81 21 22 510 82 24 510 
58 59 60 149 150 21 22 510 510 
58 59 60 149 150 21 22 510 68 24 510 
58 59 60 149 150 5 21 22 143 510 8 37 144 24 510 
58 59 60 149 150 5 21 22 143 510 8 37 144 24 510 
58 59 60 149 150 5 21 22 143 510 8 37 144 24 510 
58 59 60 149 150 5 21 22 143 510 8 37 144 24 510 
58 59 60 149 150 21 22 510 68 24 510 
58 59 60 149 150 21 22 510 68 24 510 
58 59 60 149 150 21 22 510 68 24 510 
58 59 60 149 150 21 510 510 
58 59 60 149 150 21 22 510 68 24 510 
58 59 60 42 149 150 108 81 21 22 510 82 24 510 
58 59 60 149 150 21 22 510 68 24 510 
58 59 60 149 150 21 22 510 68 24 510 
58 59 60 149 150 21 22 510 68 24 510 
58 59 60 149 150 21 22 510 68 24 510 
58 59 60 149 150 21 22 510 68 24 510 
58 59 60 42 149 150 108 81 21 22 510 82 24 510 
58 59 60 149 150 81 21 22 510 82 24 510 
58 59 60 149 150 21 22 510 68 24 510 
58 59 60 149 150 21 22 510 68 24 510 
58 59 60 149 150 21 22 510 68 24 510 
58 59 60 149 150 81 21 22 510 82 68 24 510 
58 59 60 149 150 81 21 22 510 82 24 510 
58 59 60 149 150 21 22 510 68 24 510 
58 59 60 149 150 21 22 510 68 24 510 
58 59 60 149 150 21 22 510 436 24 510 
58 59 60 149 150 21 510 510 
58 59 60 149 150 21 22 510 68 24 510 
58 59 60 149 150 81 21 22 510 82 68 24 510 
58 59 60 149 150 5 6 21 22 510 61 510 
58 59 60 149 150 21 22 510 68 24 510 
58 59 60 149 150 133 21 22 510 68 24 510 
58 59 60 149 150 21 22 352 99 353 510 100 510 
58 59 60 149 150 21 22 510 510 
58 59 60 149 150 21 22 510 68 24 510 
58 59 60 149 150 21 22 510 68 24 510 
58 59 60 149 150 381 21 22 510 68 24 510 
58 59 60 149 150 21 22 510 68 24 510 
58 59 60 149 150 21 22 510 68 24 510 
58 59 60 149 150 21 22 510 68 24 510 
58 59 60 149 150 21 22 510 510 
1 58 59 60 149 150 21 22 510 510 
58 299 59 128 60 149 150 21 22 510 510 
58 59 60 149 150 21 22 510 24 510 
58 59 60 149 150 5 21 510 8 510 
58 59 60 149 150 21 22 152 510 24 153 510 
58 59 60 149 150 21 22 152 510 24 153 510 
58 59 60 149 150 21 22 510 37 24 510 
58 59 657 60 149 150 21 22 510 37 24 510 
58 59 60 149 150 21 22 510 37 24 510 
58 59 60 149 150 21 22 510 37 24 510 
58 59 657 60 149 150 21 22 510 37 24 510 
58 59 60 149 150 21 22 510 37 24 510 
58 59 60 149 150 5 21 22 143 510 8 37 144 24 510 
58 59 60 149 150 5 21 22 143 510 8 37 144 24 510 
58 59 60 149 150 21 510 510 
58 59 60 149 150 21 22 510 24 510 
58 59 60 149 150 21 22 510 24 510 
58 59 60 149 150 5 6 21 22 510 61 510 
1 58 59 60 149 150 5 6 21 22 510 61 510 
58 59 60 149 150 21 22 510 68 24 510 
184 1 58 59 15 185 60 149 150 5 6 21 22 510 61 510 
58 59 60 149 150 5 6 21 22 510 61 510 
58 59 60 149 150 5 6 21 22 510 61 510 
58 59 60 149 150 5 6 21 22 510 61 510 
58 59 60 149 150 5 6 21 22 510 61 510 
58 59 60 149 150 5 6 21 22 510 61 510 
58 59 60 149 150 5 6 21 22 510 61 510 
58 59 60 149 150 5 6 21 22 510 61 510 
58 59 60 149 150 5 6 21 22 510 61 510 
58 59 60 149 150 5 6 21 22 510 61 510 
1 58 59 60 149 150 5 6 21 22 510 61 24 510 
58 59 60 149 150 5 6 21 22 510 61 24 510 
58 59 60 149 150 5 21 22 510 510 
58 59 60 149 150 21 22 510 510 
58 59 60 149 150 21 22 510 68 24 510 
58 59 60 149 150 177 112 21 510 113 309 310 510 
58 59 60 149 150 5 6 21 22 510 61 24 510 
58 59 60 149 150 5 6 21 22 510 61 24 510 
58 59 60 149 150 5 6 21 22 510 61 24 510 
58 59 60 149 150 5 6 21 22 510 61 24 510 
58 59 60 149 150 5 6 21 22 510 61 24 510 
58 59 60 149 150 21 22 510 24 510 
58 59 60 149 150 21 22 510 510 
58 59 60 149 150 21 22 510 510 
58 59 60 149 150 21 22 510 510 
58 59 60 149 150 21 22 510 510 
58 59 60 149 150 21 22 510 510 
58 59 60 149 150 21 22 510 510 
58 59 60 149 150 21 22 510 68 24 510 
58 59 60 149 150 21 22 510 68 24 510 
58 59 60 149 150 21 22 510 37 24 510 
58 59 60 149 150 21 22 510 37 24 510 
58 59 657 60 149 150 21 22 510 37 24 510 
58 59 60 149 150 104 21 22 510 68 24 510 
58 59 60 149 150 81 21 22 510 82 68 24 510 
58 59 60 149 150 81 104 21 22 510 82 68 24 510 
58 59 60 149 150 81 21 22 510 82 24 510 
58 59 60 149 150 81 21 22 510 82 24 510 
58 59 60 149 150 81 21 22 510 82 24 510 
58 59 60 149 150 21 22 510 510 
58 59 60 149 150 21 22 510 510 
58 59 60 149 150 21 22 510 510 
58 59 60 149 150 21 22 510 510 
1 58 59 60 149 150 21 22 510 510 
58 59 60 149 150 21 22 510 510 
58 59 60 149 150 21 22 510 24 510 
58 59 60 149 150 21 22 510 24 510 
58 59 60 149 150 133 21 22 510 68 24 510 
58 59 60 149 150 21 22 510 510 
58 59 60 149 150 81 21 22 510 82 68 24 510 
58 59 60 149 150 21 22 510 68 24 510 
58 59 60 149 150 21 22 510 24 510 
58 59 60 149 150 21 22 510 24 510 
58 59 60 149 150 5 6 21 22 510 61 24 510 
58 59 60 149 150 5 6 21 22 510 61 24 510 
58 59 60 149 150 21 22 510 24 510 
58 59 60 149 150 21 22 510 68 24 510 
58 59 60 149 150 5 6 21 22 510 61 24 510 
58 59 60 149 150 21 22 510 510 
58 299 59 128 60 149 150 21 22 510 510 
58 59 60 149 150 21 22 510 510 
58 59 60 149 150 21 22 510 510 
58 59 60 149 150 21 22 510 24 510 
58 59 60 149 150 21 22 510 24 510 
58 59 60 149 150 21 22 510 24 510 
58 59 60 149 150 21 22 510 24 510 
58 59 60 149 150 21 22 510 24 510 
58 59 60 149 150 21 22 510 24 510 
58 59 60 149 150 21 22 510 68 24 510 
58 59 60 149 150 21 22 510 68 24 510 
58 59 60 149 150 21 22 510 68 24 510 
58 59 60 149 150 21 22 510 510 
58 59 60 149 150 21 22 510 510 
58 59 60 149 150 104 21 22 510 68 24 510 
58 59 60 149 150 81 21 22 510 82 68 24 510 
58 59 60 149 150 21 22 510 37 24 510 
58 59 60 149 150 21 22 510 37 24 510 
58 59 60 149 150 21 22 510 37 24 510 
58 59 60 149 150 21 22 510 37 24 510 
58 59 60 149 150 5 81 21 22 510 82 24 510 
58 59 60 149 150 366 21 22 99 510 510 
58 59 60 149 150 177 112 21 510 113 309 310 510 
58 59 60 149 150 21 22 510 24 510 
58 59 60 149 150 21 22 510 24 510 
58 59 60 149 150 21 22 510 24 510 
58 59 60 149 150 21 22 510 24 510 
58 59 60 149 150 21 22 510 24 510 
58 59 60 149 150 21 22 510 68 24 510 
58 59 60 149 150 21 22 510 510 
58 59 60 149 150 21 22 510 510 
58 59 60 149 150 21 22 510 510 
58 59 60 149 150 133 21 22 510 68 24 510 
58 59 60 149 150 21 22 510 68 24 510 
58 59 60 149 150 5 21 22 510 24 510 
1 58 59 60 149 150 5 21 22 510 24 510 
58 59 60 149 150 5 21 22 510 24 510 
58 59 60 149 150 5 21 22 510 24 510 
58 59 60 149 150 5 21 22 510 24 510 
58 59 60 149 150 5 21 22 510 24 510 
58 59 60 149 150 21 22 152 510 24 153 510 
58 59 60 149 150 21 22 510 68 24 510 
58 59 60 149 150 21 22 510 24 510 
58 59 60 149 150 21 22 510 24 510 
58 59 60 149 150 21 22 510 510 
58 59 60 149 150 21 22 510 24 510 
58 59 60 149 150 21 22 510 24 510 
58 59 60 149 150 21 22 510 24 510 
58 59 60 149 150 21 22 510 24 510 
58 59 60 149 150 5 21 22 143 510 8 37 144 24 510 
58 59 60 149 150 5 21 22 143 510 8 37 144 24 510 
58 59 60 149 150 5 21 22 143 510 8 37 144 24 510 
58 59 60 149 150 21 22 510 510 
1 58 59 15 60 43 149 150 21 22 510 68 24 510 
58 59 60 149 150 21 22 510 510 
1 58 59 60 149 150 21 22 510 510 
58 59 60 149 150 81 21 22 510 82 24 510 
58 59 60 149 150 81 21 22 510 82 24 510 
58 59 60 149 150 21 22 510 68 24 510 
58 59 60 149 150 21 22 510 68 24 510 
58 59 60 149 150 21 22 510 68 24 510 
58 59 60 149 150 21 22 510 68 24 510 
58 59 60 149 150 21 22 510 68 24 510 
58 59 60 149 150 21 22 510 68 24 510 
58 59 60 149 150 21 22 352 99 353 510 100 510 
58 59 60 149 150 21 22 352 99 353 510 100 510 
58 59 60 149 150 21 22 510 68 24 510 
58 59 60 149 150 5 21 22 510 24 510 
58 59 60 149 150 21 22 510 68 24 510 
58 59 60 149 150 21 22 510 68 24 510 
58 59 60 149 150 21 22 510 68 24 510 
58 59 60 149 150 21 22 510 68 24 510 
58 59 60 149 150 21 22 510 510 
58 59 60 149 150 21 22 510 510 
58 59 60 149 150 21 22 510 510 
58 59 60 149 150 5 21 22 143 510 8 37 144 24 510 
58 59 60 149 150 21 22 510 24 510 
58 59 60 149 150 21 22 510 24 510 
58 59 60 149 150 81 133 21 22 510 82 68 24 510 
58 59 60 149 150 21 22 510 68 24 510 
58 59 60 149 150 81 21 22 510 263 82 24 510 
58 59 60 149 150 21 22 510 68 24 510 
58 59 60 149 150 21 22 510 24 510 
58 59 60 149 150 21 22 510 24 510 
58 59 60 149 150 21 22 510 24 510 
58 59 60 149 150 21 22 510 24 510 
58 59 60 149 150 21 22 510 68 24 510 
58 59 60 149 150 21 22 510 68 24 510 
58 59 60 149 150 21 22 510 24 510 
58 59 60 149 150 21 22 510 24 510 
58 59 60 149 150 21 22 510 24 510 
58 59 60 149 150 5 6 21 22 510 61 510 
58 59 60 149 150 21 22 510 37 24 510 
58 59 60 149 150 21 22 510 37 24 510 
58 59 60 149 150 21 22 510 68 24 510 
58 59 60 149 150 5 21 22 510 8 510 