51 257 313 78 81 21 22 82 24 24 
51 257 313 78 81 21 22 82 24 24 
51 257 313 78 21 22 37 24 24 
51 257 313 78 21 22 68 24 24 
51 257 313 78 21 22 68 24 24 
51 257 313 78 21 22 68 24 24 
51 257 313 78 21 22 68 24 24 
51 257 313 78 21 22 68 24 24 
51 257 313 78 21 22 68 24 24 
51 257 313 78 21 22 68 24 24 
51 257 313 78 21 22 68 24 24 
51 257 313 78 21 22 68 24 24 
51 257 313 78 21 22 68 24 24 
51 257 313 78 21 22 68 24 24 
51 257 313 78 21 22 68 24 24 
51 257 313 78 21 22 68 24 24 
51 257 313 78 21 22 68 24 24 
51 257 313 78 21 22 68 24 24 
51 257 313 78 21 22 68 24 24 
51 257 313 78 21 22 68 24 24 
51 257 313 78 21 22 68 24 24 
51 257 313 78 21 22 68 24 24 
51 257 313 78 21 22 68 24 24 
51 257 313 78 21 22 68 24 24 
51 257 313 78 21 22 68 24 24 
51 257 313 78 21 22 68 24 24 
51 257 313 78 21 22 68 24 24 
51 257 313 78 21 22 68 24 24 
51 257 313 78 21 22 68 24 24 
51 257 313 78 21 22 68 24 24 
51 257 313 78 21 22 68 24 24 
51 257 313 78 21 22 68 24 24 
51 257 313 78 21 22 68 24 24 
51 257 313 78 21 22 68 24 24 
51 257 313 78 21 22 68 24 24 
51 257 313 78 21 22 68 24 24 
51 257 313 78 21 22 68 24 24 
51 257 313 78 21 22 68 24 24 
51 257 313 78 21 22 68 24 24 
51 257 313 78 21 22 68 24 24 
451 51 257 313 78 21 22 68 24 24 
452 51 257 313 78 354 21 22 68 24 24 
51 257 313 78 21 22 68 24 24 
51 257 313 78 21 22 68 24 24 
51 257 313 78 21 22 68 24 24 
451 51 257 313 78 21 22 68 24 24 
51 257 313 78 21 22 68 24 24 
452 51 257 313 78 5 21 22 176 352 99 162 8 24 100 24 
452 51 257 313 78 21 22 352 99 24 100 24 
51 257 313 78 81 21 22 82 68 24 24 
51 257 313 78 81 21 22 82 68 24 24 
51 257 313 78 81 21 22 82 68 24 24 
51 257 313 78 81 21 22 82 68 24 24 
51 257 313 78 81 21 22 82 24 24 
51 257 313 78 81 21 22 82 24 24 
51 257 313 78 81 21 22 82 24 24 
51 257 313 78 81 21 22 82 24 24 
51 257 313 78 81 21 22 82 24 24 
51 257 313 78 81 21 22 82 24 24 
51 257 313 78 81 21 22 82 24 24 
452 51 257 313 78 28 21 22 266 24 24 
51 257 313 78 21 22 68 24 24 
51 257 313 78 21 22 68 24 24 
51 257 313 78 21 22 68 24 24 
51 257 313 78 21 22 68 24 24 
51 257 313 78 21 22 68 24 24 
51 257 313 78 354 21 22 68 24 24 
51 257 313 78 354 21 22 68 24 24 
51 257 313 78 354 21 22 68 24 24 
51 257 313 78 81 21 22 82 68 24 24 
51 257 313 78 81 21 22 82 68 24 24 
51 257 313 78 81 21 22 82 68 24 24 
51 257 313 78 81 21 22 82 68 24 24 
51 257 313 78 81 21 22 82 68 24 24 
451 51 257 313 78 81 21 22 82 68 24 24 
51 257 313 78 81 21 22 82 68 24 24 
51 257 313 78 81 21 22 82 68 24 24 
51 257 313 78 81 21 22 82 68 24 24 
51 257 313 78 81 21 22 82 68 24 24 
51 257 313 78 21 22 68 24 24 
51 257 313 78 354 21 22 68 24 24 
51 257 313 78 354 21 22 68 24 24 
51 257 313 78 21 22 68 24 24 
51 257 313 78 354 21 22 68 24 24 
51 257 313 78 21 22 68 24 24 
51 257 313 78 21 22 68 24 24 
51 257 313 78 354 21 22 68 24 24 
51 257 313 78 354 21 22 68 24 24 
51 257 313 78 21 22 68 24 24 
51 257 313 78 21 22 68 24 24 
452 51 257 313 78 21 22 68 24 24 
452 51 257 313 78 21 22 68 24 24 
51 257 313 78 21 22 68 24 24 
51 257 313 78 21 22 68 24 24 
51 257 313 78 81 21 22 82 68 24 24 
51 257 313 78 81 21 22 82 68 24 24 
51 257 313 78 81 21 22 82 68 24 24 
51 257 313 78 81 21 22 82 68 24 24 
51 257 313 78 81 21 22 82 68 24 24 
51 257 313 78 81 21 22 82 68 24 24 
51 257 313 78 81 21 22 82 68 24 24 
51 257 313 78 81 21 22 82 68 24 24 
51 257 313 78 81 21 22 82 68 24 24 
51 257 313 78 354 21 22 68 24 24 
51 257 313 78 354 21 22 68 24 24 
51 257 313 78 354 21 22 68 24 24 
51 257 313 78 354 21 22 68 24 24 
51 257 313 78 354 21 22 68 24 24 
51 257 313 78 354 21 22 68 24 24 
51 257 313 78 354 21 22 68 24 24 
51 257 313 78 354 21 22 68 24 24 
51 257 313 78 354 21 22 68 24 24 
51 257 313 78 354 21 22 68 24 24 
51 257 313 78 354 21 22 68 24 24 
51 257 313 78 354 21 22 68 24 24 
51 257 313 78 354 21 22 68 24 24 
452 51 257 313 78 354 21 22 68 24 24 
51 257 313 78 354 21 22 68 24 24 
51 257 313 78 354 21 22 68 24 24 
51 257 313 78 133 354 21 22 68 24 24 
51 257 313 78 354 21 22 68 24 24 
51 257 313 78 354 21 22 68 24 24 
51 257 313 78 354 21 22 68 24 24 
51 257 313 78 354 21 22 68 24 24 
51 257 313 78 354 21 22 68 24 24 
51 257 313 78 354 21 22 68 24 24 
51 257 313 78 354 21 22 68 24 24 
51 257 313 78 354 21 22 68 24 24 
51 257 313 78 354 21 22 68 24 24 
51 257 313 78 354 21 22 68 24 24 
51 257 313 78 354 21 22 68 24 24 
51 257 313 78 354 21 22 68 24 24 
51 257 313 78 354 21 22 68 24 24 
51 257 313 78 354 21 22 68 24 24 
51 257 313 78 354 21 22 68 24 24 
51 257 313 78 354 21 22 68 24 24 
51 257 313 78 354 21 22 68 24 24 
51 257 313 78 354 21 22 68 24 24 
51 257 313 78 354 21 22 68 24 24 
51 257 313 78 354 21 22 68 24 24 
51 257 313 78 354 21 22 68 24 24 
51 257 313 78 354 21 22 68 24 24 
51 257 313 78 354 21 22 68 24 24 
51 257 313 78 354 21 22 68 24 24 
452 51 257 313 78 21 22 68 24 24 
51 257 313 78 21 22 68 24 24 
51 257 313 78 21 22 68 24 24 
51 257 313 78 21 22 68 24 24 
51 257 313 78 21 22 68 24 24 
51 257 313 78 21 22 68 24 24 
51 257 313 78 21 22 68 24 24 
51 257 313 78 21 22 68 24 24 
51 257 313 78 21 22 68 24 24 
51 257 313 78 21 22 68 24 24 
51 257 313 78 21 22 68 24 24 
51 257 313 78 21 22 68 24 24 
51 257 313 78 21 22 68 24 24 
51 257 313 78 21 22 68 24 24 
51 257 313 78 21 22 68 24 24 
51 257 313 78 21 22 68 24 24 
51 257 313 78 21 22 68 24 24 
51 257 313 78 21 22 68 24 24 
51 257 313 78 21 22 68 24 24 
51 257 313 78 21 22 68 24 24 
51 257 313 78 21 22 68 24 24 
51 257 313 78 21 22 68 24 24 
51 257 313 78 21 22 68 24 24 
51 257 313 78 81 21 22 82 68 24 24 
51 257 313 78 81 21 22 82 68 24 24 
51 257 313 78 81 21 22 82 68 24 24 
51 257 313 78 81 21 22 82 68 24 24 
51 257 313 78 133 21 22 68 24 24 
51 257 313 78 354 21 22 68 24 24 
51 257 313 78 354 21 22 68 24 24 
51 257 313 78 354 21 22 68 24 24 
51 257 313 78 354 21 22 68 24 24 
51 257 313 78 354 21 22 68 24 24 
51 257 313 78 21 22 68 24 24 
51 257 313 78 81 21 22 82 68 24 24 
51 257 313 78 21 22 24 24 
51 257 313 78 28 21 22 24 80 79 24 
451 51 257 313 78 354 21 22 68 24 24 
451 51 257 313 78 354 21 22 68 24 24 
451 51 257 313 78 354 21 22 68 24 24 
452 51 257 313 78 354 21 22 68 24 24 
51 257 313 78 354 21 22 68 24 24 
51 257 313 78 104 21 22 68 24 24 
51 257 313 78 354 21 22 68 24 24 
51 257 313 78 21 22 68 24 24 
51 257 313 78 21 22 68 24 24 
51 257 313 78 21 22 68 24 24 
51 257 313 78 21 22 68 24 24 
51 257 313 78 21 22 68 24 24 
51 257 313 78 21 22 68 24 24 
51 257 313 78 21 22 68 24 24 
51 257 313 78 21 22 68 24 24 
51 257 313 78 21 22 68 24 24 
51 257 313 78 21 22 68 24 24 
51 257 313 78 21 22 68 24 24 
51 257 313 78 21 22 68 24 24 
51 257 313 78 5 6 21 22 24 24 
51 257 313 78 5 6 21 22 24 24 
51 257 313 78 5 6 21 22 24 24 
51 257 313 78 5 6 21 22 24 24 
51 257 313 78 5 6 21 22 24 24 
51 257 313 78 21 22 68 24 24 
51 257 313 78 21 22 68 24 24 
452 51 257 313 78 21 22 68 24 24 
51 257 313 78 21 22 68 24 24 
51 257 313 78 21 22 68 24 24 
51 257 313 78 21 22 68 24 24 
51 257 313 78 21 22 68 24 24 
51 257 313 78 21 22 68 24 24 
51 257 313 78 21 22 68 24 24 
51 257 313 78 21 22 68 24 24 
51 257 313 78 21 22 24 24 
452 51 257 313 78 21 22 352 99 353 24 100 24 
51 257 313 78 21 22 68 24 24 
451 51 257 313 78 21 22 68 24 24 
452 51 257 313 78 354 21 22 68 24 24 
51 257 313 78 354 21 22 68 24 24 
452 51 257 313 78 21 24 24 
51 257 313 78 21 22 24 24 
51 257 313 78 21 22 24 24 
51 257 313 78 21 22 24 24 
451 51 257 313 78 21 22 24 24 
51 257 313 78 21 22 24 24 
51 257 313 78 21 22 24 24 
51 257 313 78 21 22 24 24 
51 257 313 78 21 22 24 24 
51 257 313 78 21 22 24 24 
51 257 313 78 21 22 24 24 