51 257 313 78 133 21 22 68 24 24 
51 257 313 78 133 21 22 68 24 24 
51 257 313 78 133 21 22 68 24 24 
51 257 313 78 133 21 22 68 24 24 
51 257 313 78 133 21 22 68 24 24 
51 257 313 78 133 21 22 68 24 24 
51 257 313 78 133 21 22 68 24 24 
51 257 313 78 133 21 22 68 24 24 
51 257 313 78 133 21 22 68 24 24 
51 257 313 78 354 21 22 68 24 24 
51 257 313 78 354 21 22 68 24 24 
51 257 313 78 354 21 22 68 24 24 
452 51 257 313 78 21 22 68 24 24 
314 452 51 257 313 78 133 354 21 22 68 24 24 
51 257 313 78 133 354 21 22 68 24 24 
452 51 257 313 78 21 22 24 24 
51 257 313 78 21 22 68 24 24 
51 257 313 78 21 22 68 24 24 
51 257 313 78 21 22 68 24 24 
51 257 313 78 21 22 68 24 24 
51 257 313 78 21 22 68 24 24 
51 257 313 78 21 22 68 24 24 
51 257 313 78 21 22 68 24 24 
51 257 313 78 21 22 68 24 24 
51 257 313 78 21 22 68 24 24 
51 257 313 78 21 22 68 24 24 
51 257 313 78 21 22 68 24 24 
51 257 313 78 21 22 68 24 24 
51 257 313 78 21 22 68 24 24 
51 257 313 78 21 22 68 24 24 
51 257 313 78 21 22 68 24 24 
51 257 313 78 21 22 68 24 24 
51 257 313 78 21 22 68 24 24 
51 257 313 78 21 22 68 24 24 
51 257 313 78 21 22 68 24 24 
51 257 313 78 21 22 68 24 24 
51 257 313 78 21 22 68 24 24 
51 257 313 78 21 22 68 24 24 
51 257 313 78 21 22 68 24 24 
51 257 313 78 21 22 68 24 24 
51 257 313 78 21 22 68 24 24 
51 257 313 78 21 22 68 24 24 
51 257 313 78 21 22 68 24 24 
51 257 313 78 21 22 24 24 
451 51 257 313 78 21 22 24 24 
51 257 313 78 21 22 68 24 24 
51 257 313 78 21 22 82 24 24 
51 257 313 78 21 22 82 24 24 
452 51 257 313 78 21 22 82 24 24 
452 51 257 313 78 21 22 82 24 24 
452 51 257 313 78 21 22 82 24 24 
51 257 313 78 21 22 82 24 24 
451 51 257 313 78 21 22 82 24 24 
451 51 257 313 78 21 22 82 24 24 
51 257 313 78 21 22 82 24 24 
51 257 313 78 21 22 82 24 24 
51 257 313 78 21 22 24 24 
314 51 257 313 78 21 22 24 24 
51 257 313 78 21 22 24 24 
51 257 313 78 21 22 24 24 
51 257 313 78 21 22 24 24 
452 51 257 313 78 21 22 82 68 24 24 
51 257 313 78 21 22 82 68 24 24 
51 257 313 78 21 22 82 68 24 24 
451 51 257 313 78 21 22 82 68 24 24 
51 257 313 78 21 22 82 68 24 24 
452 51 257 313 78 21 22 82 68 24 24 
452 51 257 313 78 21 22 24 24 
452 51 257 313 78 21 22 24 24 
452 51 257 313 78 21 22 24 24 
452 51 257 313 78 21 22 24 24 
51 257 313 78 21 22 68 24 24 
451 51 257 313 78 21 22 82 24 24 
314 452 51 257 313 78 21 22 68 24 24 
314 51 257 313 78 21 22 68 24 24 
51 257 313 78 21 22 68 24 24 
51 257 313 78 21 22 68 24 24 
51 257 313 78 21 22 68 24 24 
51 257 313 78 21 22 68 24 24 
51 257 313 78 21 22 82 68 24 24 
51 257 313 78 21 22 82 68 24 24 
51 257 313 78 21 22 68 24 24 
51 257 313 78 21 22 68 24 24 
314 452 51 257 313 78 21 22 68 24 24 
51 257 313 78 21 22 68 24 24 
51 257 313 78 21 22 36 68 24 24 
51 257 313 78 21 22 36 68 24 24 
51 257 313 78 21 22 36 68 24 24 
51 257 313 78 21 22 36 68 24 24 
51 257 313 78 21 22 36 68 24 24 
51 257 313 78 21 22 36 68 24 24 
51 257 313 78 21 22 36 68 24 24 
51 257 313 78 21 22 36 68 24 24 
51 257 313 78 21 22 68 24 24 
51 257 313 78 21 22 68 24 24 
51 257 313 78 21 22 68 24 24 
51 257 313 78 21 22 68 24 24 
51 257 313 78 21 22 68 24 24 
51 257 313 78 21 22 68 24 24 
51 257 313 78 21 22 68 24 24 
51 257 313 78 21 22 68 24 24 
51 257 313 78 21 22 68 24 24 
51 257 313 78 21 22 68 24 24 
51 257 313 78 21 22 68 24 24 
51 257 313 78 21 22 68 24 24 
51 257 313 78 21 22 68 24 24 
51 257 313 78 21 22 68 24 24 
51 257 313 78 21 22 68 24 24 
51 257 313 78 21 22 68 24 24 
51 257 313 78 21 22 68 24 24 
51 257 313 78 21 22 68 24 24 
51 257 313 78 21 22 68 24 24 
51 257 313 78 21 22 68 24 24 
51 257 313 78 21 22 68 24 24 
51 257 313 78 21 22 68 24 24 
51 257 313 78 21 22 68 24 24 
51 257 313 78 21 22 68 24 24 
51 257 313 78 21 22 68 24 24 
51 257 313 78 21 22 68 24 24 
51 257 313 78 21 22 68 24 24 
51 257 313 78 21 22 68 24 24 
51 257 313 78 21 22 68 24 24 
51 257 313 78 21 22 68 24 24 
51 257 313 78 21 22 68 24 24 
51 257 313 78 21 22 68 24 24 
51 257 313 78 21 22 68 24 24 
51 257 313 78 21 22 68 24 24 
51 257 313 78 21 22 68 24 24 
51 257 313 78 21 22 68 24 24 
51 257 313 78 21 22 68 24 24 
51 257 313 78 21 22 68 24 24 
51 257 313 78 21 22 68 24 24 
51 257 313 78 21 22 68 24 24 
51 257 313 78 21 22 68 24 24 
51 257 313 78 21 22 68 24 24 
51 257 313 78 21 22 68 24 24 
51 257 313 78 21 22 68 24 24 
51 257 313 78 21 22 68 24 24 
51 257 313 78 21 22 68 24 24 
51 257 313 78 21 22 68 24 24 
51 257 313 78 21 22 68 24 24 
51 257 313 78 21 22 68 24 24 
51 257 313 78 21 22 68 24 24 
51 257 313 78 21 22 68 24 24 
51 257 313 78 21 22 68 24 24 
51 257 313 78 21 22 68 24 24 
51 257 313 78 21 22 68 24 24 
51 257 313 78 21 22 68 24 24 
51 257 313 78 21 22 68 24 24 
51 257 313 78 21 22 68 24 24 
51 257 313 78 21 22 68 24 24 
51 257 313 78 21 22 68 24 24 
51 257 313 78 21 22 68 24 24 
51 257 313 78 21 22 68 24 24 
51 257 313 78 21 22 68 24 24 
51 257 313 78 21 22 68 24 24 
51 257 313 78 21 22 68 24 24 
51 257 313 78 21 22 68 24 24 
51 257 313 78 21 22 68 24 24 
51 257 313 78 21 22 68 24 24 
51 257 313 78 21 22 68 24 24 
51 257 313 78 21 22 68 24 24 
51 257 313 78 21 22 68 24 24 
51 257 313 78 21 22 68 24 24 
51 257 313 78 21 22 68 24 24 
51 257 313 78 21 22 68 24 24 
51 257 313 78 21 22 68 24 24 
51 257 313 78 21 22 68 24 24 
51 257 313 78 21 22 68 24 24 
51 257 313 78 21 22 68 24 24 
51 257 313 78 21 22 68 24 24 
51 257 313 78 21 22 68 24 24 
51 257 313 78 21 22 68 24 24 
51 257 313 78 21 22 68 24 24 
51 257 313 78 21 22 68 24 24 
51 257 313 78 21 22 68 24 24 
51 257 313 78 21 22 68 24 24 
51 257 313 78 21 22 68 24 24 
51 257 313 78 21 22 68 24 24 
51 257 313 78 21 22 68 24 24 
51 257 313 78 21 22 68 24 24 
51 257 313 78 21 22 68 24 24 
51 257 313 78 21 22 68 24 24 
51 257 313 78 354 21 22 68 24 24 
51 257 313 78 21 22 68 24 24 
51 257 313 78 21 22 68 24 24 
51 257 313 78 21 22 68 24 24 
51 257 313 78 21 22 68 24 24 
51 257 313 78 21 22 68 24 24 
51 257 313 78 21 22 68 24 24 
51 257 313 78 21 22 68 24 24 
51 257 313 78 21 22 68 24 24 
51 257 313 78 21 22 68 24 24 
51 257 313 78 21 22 68 24 24 
51 257 313 78 21 22 24 24 
51 257 313 78 21 22 24 24 
51 257 313 78 21 22 24 24 
51 257 313 78 21 22 24 24 
51 257 313 78 21 22 24 24 