1 15 16 49 25 25 
1 15 51 16 375 78 49 25 25 
1 15 16 49 25 25 
1 15 16 49 25 25 
1 15 16 49 25 25 
1 15 16 49 25 25 
1 15 16 49 25 25 
1 15 16 49 25 25 
1 15 16 49 25 25 
1 15 16 49 25 25 
1 15 16 49 25 25 
1 15 16 49 25 25 
1 15 16 49 25 25 
1 15 16 49 25 25 
1 15 16 49 25 25 
1 15 16 49 25 25 
1 15 16 49 25 25 
1 15 16 49 25 25 
1 15 16 49 25 25 
1 15 16 49 25 25 
1 15 16 57 49 25 25 
1 15 16 57 49 25 25 
1 15 16 49 25 25 
1 15 16 49 25 25 
1 15 16 49 25 25 
1 15 16 49 25 25 
1 15 16 49 25 25 
1 15 16 49 25 25 
1 15 16 49 25 25 
1 264 15 38 16 49 25 25 
1 15 16 49 25 25 
1 15 16 57 49 25 25 
1 15 16 57 49 25 25 
1 15 16 49 25 25 
1 15 16 57 49 25 25 
1 15 16 57 49 25 25 
1 15 16 57 49 25 25 
1 15 16 49 25 25 
1 15 16 49 25 25 
1 15 16 49 25 25 
1 15 16 49 25 25 
1 15 16 49 25 25 
1 15 16 49 25 25 
1 15 16 49 25 25 
1 15 16 49 25 25 
1 15 16 49 25 25 
1 15 16 5 49 25 8 25 
1 15 16 49 25 25 
1 15 16 49 25 25 
1 15 16 91 5 49 6 25 92 25 
1 15 16 49 25 25 
1 15 16 49 25 25 
1 15 16 49 25 25 
1 15 16 49 25 25 
1 15 16 49 25 25 
1 15 16 49 25 25 
1 15 16 49 25 25 
1 15 16 57 49 25 25 
1 15 16 49 25 25 
1 15 16 57 49 25 25 
1 15 16 49 25 36 25 
1 15 16 49 25 25 
1 15 16 57 49 25 25 
1 15 16 57 49 25 25 
1 15 16 57 49 25 25 
1 15 16 57 49 25 25 
1 15 16 57 49 25 25 
1 15 16 49 21 25 25 
1 15 16 49 21 25 25 
1 15 16 49 25 25 
1 15 16 49 25 25 
1 15 16 49 25 25 
1 15 16 49 25 25 
1 15 16 49 25 26 25 
1 15 16 49 25 25 
1 15 16 49 25 25 
1 15 16 49 25 25 
1 15 16 49 25 25 
1 15 16 49 25 25 
1 15 16 49 25 25 
1 15 16 49 25 25 
1 15 16 49 25 25 
1 15 16 49 25 25 
1 15 16 49 25 25 
1 15 16 49 25 25 
1 15 16 49 21 25 25 
1 15 16 5 49 25 8 25 
1 15 16 49 25 25 
1 15 16 43 49 25 25 
1 15 16 49 25 25 
1 15 16 49 25 25 
1 15 16 49 25 25 
1 15 16 49 25 25 
1 15 16 49 25 25 
1 15 16 49 25 25 
1 15 16 49 25 25 
1 15 16 49 25 25 
1 15 16 49 25 26 25 