1 15 16 49 25 25 
1 15 16 49 25 25 
1 15 16 5 49 25 8 25 
1 15 16 49 25 25 
1 15 16 5 49 25 25 
1 15 16 49 25 25 
1 15 16 49 25 25 
1 15 16 49 25 25 
1 15 16 49 25 25 
1 15 16 49 25 25 
1 15 16 49 25 25 
1 15 16 49 25 25 
1 408 409 15 51 16 52 49 25 25 
1 15 16 49 25 25 
1 15 16 49 25 25 
1 15 16 49 25 25 
1 15 16 49 25 25 
1 15 16 49 25 25 
1 15 16 49 25 25 
1 15 16 49 25 25 
1 15 51 16 78 49 25 25 
1 15 16 49 25 25 
1 15 16 49 25 25 
1 15 16 49 25 25 
1 15 16 49 25 25 
1 15 16 49 25 25 
1 15 16 49 25 25 
1 15 16 49 25 25 
1 15 55 16 56 57 49 25 25 
1 15 16 49 25 25 
1 15 16 49 25 25 
1 15 16 49 25 25 
1 15 16 49 25 25 
1 15 16 49 25 25 
1 15 16 49 25 25 
1 15 16 49 21 25 37 24 25 
1 15 16 49 21 25 37 24 25 
1 15 16 49 21 25 37 24 25 
1 15 16 49 21 25 37 24 25 
1 15 16 49 25 25 
1 15 16 49 25 25 
1 15 16 49 25 25 
1 15 16 49 25 25 
1 15 16 49 25 25 
1 408 409 15 51 16 52 49 25 25 
1 15 2 16 49 25 25 
1 15 16 49 25 25 
1 15 16 5 49 25 8 25 