1 15 16 49 25 25 
1 15 16 49 25 25 
1 15 16 49 25 25 
1 15 16 49 25 25 
1 15 16 49 25 25 
1 15 16 49 25 25 
1 15 16 49 25 25 
1 184 15 185 16 49 25 25 
1 15 16 49 25 25 
1 15 16 49 25 25 
1 15 16 49 25 25 
1 15 16 49 25 25 
1 15 16 49 25 25 
1 15 16 49 25 25 
1 15 16 49 25 36 130 25 
1 15 16 49 25 36 25 
1 15 16 49 25 25 
1 15 16 49 25 25 
1 15 16 49 25 25 
1 15 16 49 25 25 
1 15 16 49 25 25 
1 15 16 49 25 25 
1 15 16 49 25 25 
1 15 16 49 25 25 
1 15 16 49 25 25 
1 15 51 16 375 78 49 25 25 
1 15 16 49 25 25 
1 15 16 49 25 25 
1 15 16 49 25 25 
1 15 16 49 25 25 
1 15 16 49 25 25 
1 15 16 49 25 25 