1 15 401 400 5 8 8 
1 15 401 400 5 231 8 8 
1 15 401 400 5 143 8 144 8 
1 15 401 400 5 8 35 8 
1 442 15 401 400 5 8 8 
1 15 401 400 5 8 35 8 
1 15 401 400 5 8 35 8 
1 15 401 400 5 8 8 
1 15 401 400 5 8 35 8 
1 15 401 400 5 8 8 
1 15 401 400 5 8 8 
1 15 401 400 5 8 8 
1 15 401 400 5 8 8 
1 15 401 400 5 8 8 
1 15 401 400 5 8 8 
1 15 401 400 5 8 120 8 
1 15 401 400 5 344 162 8 8 
1 15 401 400 5 62 6 63 8 8 
1 15 401 400 5 143 8 144 8 
1 15 401 400 5 8 165 8 
1 15 401 400 5 143 8 144 8 
1 15 401 400 5 8 8 
1 15 401 400 5 8 36 122 8 
1 15 401 400 5 8 8 
1 15 401 400 5 8 35 8 
1 15 401 400 5 8 8 
1 15 401 400 5 62 6 63 8 8 
1 15 401 400 5 169 162 170 8 8 
1 15 401 400 5 8 8 
1 15 401 400 5 377 162 8 8 
1 15 401 400 5 27 28 169 21 162 170 8 8 
1 15 401 400 5 231 8 8 
1 15 401 400 5 8 8 
1 15 401 400 5 8 8 
1 15 401 400 5 169 162 170 8 8 
1 15 401 400 5 8 8 
1 15 401 400 5 8 35 8 
1 15 401 400 5 48 6 426 8 8 
1 15 401 400 5 169 162 170 8 8 
1 15 401 400 5 162 8 8 
1 15 401 400 5 143 8 144 8 
1 15 401 400 5 143 8 144 8 
1 15 401 400 5 8 12 8 
1 15 401 400 5 8 511 8 
1 15 401 400 5 8 8 
1 15 401 400 5 8 8 
1 15 401 400 5 380 8 8 
1 15 401 400 5 232 8 233 8 
1 15 401 400 5 8 8 
1 15 401 400 5 8 8 
1 442 15 401 400 5 8 8 
1 15 401 400 5 8 120 8 
1 15 401 400 5 8 120 8 
1 15 401 400 42 5 8 8 
1 15 401 400 5 8 142 36 8 
1 15 401 400 5 8 35 8 
1 15 401 400 5 8 8 
1 15 401 400 5 8 165 8 
1 15 401 400 5 162 8 8 
1 15 401 400 5 8 35 8 
1 15 401 400 5 8 8 
1 15 401 400 5 91 6 92 8 8 
1 15 401 400 5 8 35 8 
1 15 401 400 5 8 35 8 
1 15 401 400 5 8 12 8 
1 15 401 400 5 8 35 8 
1 15 401 400 5 344 162 8 8 
1 15 401 400 5 8 12 8 
1 15 401 400 5 344 162 8 8 
1 442 15 401 400 5 162 8 198 8 
1 15 401 400 5 8 8 
1 15 401 400 5 232 8 527 8 
1 15 401 400 5 8 35 8 
1 15 401 400 5 8 144 8 
1 15 401 400 5 8 8 
1 15 401 400 5 8 8 
1 15 401 400 5 143 8 144 8 
1 15 401 400 5 519 8 8 
1 15 401 400 5 519 8 8 
1 15 401 400 5 8 8 
1 15 401 400 5 143 8 144 8 
1 15 401 400 5 8 8 
1 15 401 400 5 8 8 
1 15 401 400 5 8 8 
1 15 401 400 5 8 144 8 
1 15 401 400 5 143 8 144 8 
1 15 401 400 5 8 8 
1 15 401 400 5 8 8 
1 15 401 400 5 143 8 144 8 
1 15 401 400 5 143 8 144 8 
1 15 401 400 5 8 8 
1 15 401 400 5 8 8 
1 15 401 400 5 8 12 8 
1 15 401 400 5 8 165 8 
1 15 401 400 5 101 8 208 8 
1 15 401 400 5 101 8 208 8 
1 15 401 400 5 232 8 233 8 
1 15 401 400 5 8 8 
1 15 401 400 5 8 8 
1 15 401 400 5 8 8 
1 15 401 400 5 8 8 
1 15 401 400 5 8 8 
1 15 401 400 5 8 8 
1 15 401 400 5 8 8 
1 15 401 400 5 8 8 
1 15 401 400 5 8 35 8 
1 15 401 400 5 8 8 
1 15 401 400 5 377 162 8 8 
1 15 401 400 5 8 8 
1 15 401 400 5 372 8 8 
1 15 401 400 5 162 8 419 8 
1 15 401 400 5 143 8 144 8 
1 15 401 400 5 8 35 8 
1 15 401 400 5 143 8 144 8 
1 15 401 400 5 152 8 153 8 
1 15 401 400 5 254 8 36 255 8 
1 15 401 400 5 8 8 
1 15 401 400 5 6 8 8 
1 15 401 400 5 8 8 
1 15 401 400 5 8 490 8 
1 15 401 400 5 8 8 
1 15 401 400 5 8 8 
1 15 401 400 5 8 8 
1 15 401 400 5 8 8 
1 15 401 400 5 101 8 8 
1 15 401 400 5 8 8 
1 15 401 400 5 8 12 8 
1 15 401 400 5 169 162 170 8 8 
1 15 401 400 5 8 8 
1 15 401 400 5 8 8 
1 15 401 400 5 8 8 
1 15 401 400 5 143 8 144 8 
1 15 401 400 5 8 8 
1 15 401 400 5 6 8 61 8 
1 15 401 400 5 8 165 8 
1 15 401 400 5 6 63 64 8 8 
1 15 401 400 5 196 197 176 162 8 8 
1 15 401 400 5 415 162 8 8 
1 15 401 400 5 232 8 233 8 
1 15 401 400 2 4 5 8 8 
1 15 401 400 5 169 162 170 8 8 
1 15 401 400 5 171 162 8 172 8 
1 15 401 400 5 8 8 
1 15 401 400 5 8 35 8 
1 15 401 400 5 101 8 8 
1 15 401 400 5 8 8 
1 15 401 400 5 8 8 
1 15 401 400 5 8 8 
1 15 401 400 5 8 8 
1 40 15 401 400 41 42 5 8 8 
1 15 401 400 5 8 8 
1 15 401 400 5 8 165 8 
1 15 401 400 5 6 63 8 8 
1 15 401 400 5 8 8 
1 15 401 400 5 85 8 70 86 8 
1 15 401 400 5 85 8 86 8 
1 442 15 401 400 5 85 8 86 8 
1 15 401 400 5 8 8 
1 15 401 400 5 8 8 
1 15 401 400 5 8 632 8 
1 15 401 400 5 6 63 64 8 8 
1 15 401 400 5 8 8 
1 15 401 400 5 344 162 8 8 
1 15 401 400 5 143 8 144 8 
1 15 401 400 5 8 35 8 
1 15 401 400 5 8 8 
1 15 401 400 5 6 63 64 8 8 
1 15 51 401 400 78 5 8 165 8 
1 15 401 400 5 8 8 
1 15 401 400 5 162 221 8 8 
1 15 401 400 5 8 8 
1 15 401 400 5 8 35 8 
1 15 401 400 5 8 8 
1 15 401 400 5 415 162 8 8 
1 15 401 400 5 169 162 170 8 8 
1 15 401 400 5 8 8 
1 15 401 400 5 196 197 524 8 200 8 
1 15 401 400 5 176 162 8 8 
1 15 401 400 5 8 8 
1 15 401 400 5 6 8 8 
1 15 401 400 5 101 373 8 8 
1 15 401 400 5 8 8 
1 15 401 400 5 8 8 
1 15 401 400 5 8 35 8 
1 15 401 400 5 143 8 144 8 
1 15 401 400 5 8 35 8 
1 15 401 400 5 344 162 8 8 
1 15 401 400 5 162 8 170 8 
1 15 401 400 5 8 165 8 
1 15 401 400 5 169 162 170 8 8 
1 15 401 400 5 239 162 8 8 
1 15 401 400 5 232 8 233 8 
1 15 401 400 5 8 8 
1 15 401 400 5 8 8 
1 15 401 400 5 8 35 8 
1 15 401 400 5 8 8 
1 15 401 400 5 459 8 8 
1 15 401 400 5 169 162 170 8 8 
1 15 401 400 5 8 8 
1 15 401 400 5 8 8 
1 15 401 400 5 8 8 
1 15 401 400 5 8 12 8 
1 15 401 400 5 8 8 
1 15 401 400 5 8 8 
1 442 15 401 400 5 8 8 
1 15 401 400 5 8 8 
1 15 401 400 5 8 8 
1 15 401 400 5 62 6 63 8 8 
1 15 401 400 5 8 8 
1 15 401 400 5 8 8 
1 15 401 400 5 8 8 
1 15 401 400 5 8 8 
1 15 401 400 5 8 8 
1 15 401 400 5 8 8 
1 15 401 400 5 8 8 
1 442 15 401 400 5 8 8 
1 15 401 400 5 8 8 
1 15 401 400 5 8 8 
1 15 401 400 5 8 8 
1 15 401 400 5 8 8 
1 15 401 400 5 8 8 
1 15 401 400 5 8 8 
1 15 401 400 5 8 8 