51 257 138 822 81 21 22 82 24 24 
51 257 822 81 21 22 82 24 24 
51 257 822 81 21 22 82 24 24 
51 257 822 81 21 22 82 24 24 
51 257 822 81 21 22 82 24 24 
51 257 822 81 21 22 82 24 24 
51 257 822 81 21 22 82 24 24 
51 257 822 81 21 22 82 24 24 
51 257 822 81 21 22 82 24 24 
51 257 822 81 21 22 82 24 24 
51 257 138 822 81 21 22 82 24 24 
51 257 822 81 21 22 82 24 24 
51 257 822 81 21 22 82 24 24 
51 257 822 81 21 22 82 24 24 
51 257 822 81 21 22 82 24 24 
51 257 822 81 21 22 82 24 24 
51 257 822 81 21 22 82 24 24 
51 257 822 81 21 22 82 24 24 
51 257 822 81 21 22 82 24 24 
51 257 138 822 81 21 22 82 24 24 
184 1 15 51 257 185 822 81 21 22 82 24 24 
51 257 822 81 21 22 82 24 24 
51 257 822 81 21 22 82 24 24 
51 257 822 81 21 22 82 24 24 
51 257 138 822 81 21 22 82 24 24 
53 54 51 257 822 81 21 22 82 24 24 
51 257 822 81 21 22 82 24 24 
51 257 138 822 81 21 22 82 24 24 
51 257 540 78 822 81 21 22 82 24 24 
51 257 822 81 21 22 82 24 24 
51 257 822 81 21 22 82 24 24 
51 257 822 81 21 22 82 24 24 
51 257 822 81 21 22 82 24 24 
51 257 822 81 21 22 82 24 24 
51 257 822 81 21 22 82 24 24 
51 257 138 822 81 21 22 82 24 24 
51 257 540 78 822 5 21 22 143 8 144 24 24 
51 257 822 81 21 22 82 24 24 
51 257 822 81 21 22 82 24 24 
51 257 822 81 21 22 82 24 24 
51 257 822 81 21 22 82 24 24 
51 257 822 81 21 22 82 24 24 
51 257 822 81 21 22 82 24 24 
51 257 822 81 21 22 82 24 24 
51 257 822 81 21 22 82 24 24 
51 257 822 81 21 22 82 24 24 
51 257 822 81 21 22 82 24 24 
51 257 822 81 21 22 82 24 24 
51 257 822 81 21 22 82 24 24 
51 257 822 81 21 22 82 24 24 
51 257 822 81 21 22 82 24 24 
51 257 822 81 21 22 82 24 24 
51 257 822 81 21 22 82 24 24 
51 257 822 81 21 22 82 24 24 
51 257 822 81 21 22 82 24 24 
51 257 822 81 21 22 82 24 24 
51 257 822 81 21 22 82 24 24 
51 257 822 81 21 22 82 24 24 
51 257 822 81 21 22 82 24 24 
51 257 822 81 21 22 82 24 24 
51 257 822 81 21 22 82 24 24 
51 257 822 81 21 22 82 24 24 
51 257 822 81 21 22 82 24 24 
51 257 822 81 21 22 82 24 24 
51 257 822 81 21 22 82 24 24 
51 257 822 81 21 22 82 24 24 
51 257 822 81 21 22 82 24 24 
51 257 822 81 21 22 82 24 24 
51 257 822 81 21 22 82 24 24 
51 257 822 81 21 22 82 24 24 
51 257 822 81 21 22 82 24 24 
51 257 822 81 21 22 82 24 24 
51 257 822 81 21 22 82 24 24 
51 257 822 81 21 22 82 24 24 
51 257 822 81 21 22 82 24 24 
51 257 822 81 21 22 82 24 24 
51 257 822 81 21 22 82 24 24 
51 257 822 81 21 22 82 24 24 
51 257 822 81 21 22 82 24 24 
51 257 822 81 21 22 82 24 24 
51 257 822 81 21 22 82 24 24 
51 257 822 81 21 22 82 24 24 
51 257 822 81 21 22 82 24 24 
51 257 822 81 21 22 82 24 24 
51 257 78 822 81 21 22 82 24 24 
51 257 822 81 21 22 82 24 24 
51 257 822 81 21 22 82 24 24 
51 257 349 363 822 81 21 22 82 24 24 
51 257 822 81 21 22 82 24 24 
51 257 313 78 822 81 21 22 82 24 24 
51 257 822 81 21 22 82 24 24 
51 257 138 822 81 21 22 82 24 24 
51 257 822 81 21 22 82 24 24 
51 257 822 81 21 22 82 24 24 
51 257 822 81 21 22 82 24 24 
51 257 822 81 21 22 82 24 24 
51 257 822 81 21 22 82 24 24 
51 257 822 81 21 22 82 24 24 
51 257 822 81 21 22 82 24 24 
51 257 822 81 21 22 82 24 24 
51 257 822 81 21 22 82 24 24 
51 257 822 81 21 22 82 24 24 
51 257 822 81 21 22 82 24 24 
51 257 822 81 21 22 82 24 24 
51 257 822 81 21 22 82 24 24 
51 257 822 81 21 22 82 24 24 
190 54 51 257 192 822 269 81 21 22 82 24 24 
190 54 51 257 192 822 269 81 21 22 82 24 24 
190 54 51 257 192 822 269 81 21 22 82 24 24 
190 54 51 257 192 822 269 81 21 22 82 24 24 
51 257 822 81 21 22 82 24 24 
51 257 822 81 21 22 82 24 24 
51 257 822 81 21 22 82 24 24 
51 257 822 81 21 22 82 24 24 
51 257 822 81 21 22 82 24 24 
51 257 822 81 21 22 82 24 24 
51 257 822 81 21 22 82 24 24 
51 257 822 81 21 22 82 24 24 
51 257 822 81 21 22 82 24 24 
51 257 822 81 21 22 82 24 24 
51 257 822 81 21 22 82 24 24 
51 257 822 81 21 22 82 24 24 
51 257 822 81 21 22 82 24 24 
51 257 822 81 21 22 82 24 24 
51 257 822 81 21 22 82 24 24 
51 257 822 81 21 22 82 24 24 
51 257 822 81 21 22 82 24 24 
51 257 822 81 21 22 82 24 24 
51 257 822 81 21 22 82 24 24 
51 257 822 81 21 22 82 24 24 
51 257 822 81 21 22 82 24 24 
51 257 822 81 21 22 82 24 24 
51 257 822 81 21 22 82 24 24 
51 257 138 822 81 21 22 82 24 24 
51 257 822 81 21 22 82 24 24 
51 257 822 81 21 22 82 24 24 
51 257 822 81 21 22 82 24 24 
51 257 822 81 21 22 82 24 24 
51 257 822 81 21 22 82 24 24 
51 257 822 81 21 22 82 24 24 
51 257 822 81 21 22 82 24 24 
51 257 822 81 21 22 82 24 24 
51 257 822 81 21 22 82 24 24 
51 257 822 81 21 22 82 24 24 
51 257 822 81 21 22 82 24 24 
51 257 822 81 21 22 82 24 24 
51 257 822 81 21 22 82 24 24 
51 257 822 81 21 22 82 24 24 
51 257 822 81 21 22 82 24 24 
51 257 822 81 21 22 82 24 24 
51 257 822 81 21 22 82 24 24 
51 257 138 822 81 21 22 82 24 24 
53 54 51 257 822 81 21 22 82 24 24 
51 257 822 81 21 22 82 24 24 
51 257 822 81 21 22 82 24 24 
51 257 822 81 21 22 82 24 24 
451 51 257 313 78 822 81 21 22 82 24 24 
51 257 822 81 21 22 82 24 24 
53 54 51 257 822 81 21 22 82 24 24 
51 257 822 81 21 22 82 24 24 
51 257 822 81 21 22 82 24 24 
51 257 822 81 21 22 82 24 24 
51 257 822 81 21 22 82 24 24 
51 257 822 81 21 22 82 24 24 
51 257 822 81 21 22 82 24 24 
51 257 822 81 21 22 82 24 24 
51 257 822 81 21 22 82 24 24 
51 257 822 81 21 22 82 24 24 
451 51 257 313 78 822 81 21 22 82 24 24 
51 257 822 81 21 22 82 24 24 
51 257 822 81 21 22 82 24 24 
51 257 822 81 21 22 82 24 24 
51 257 822 81 21 22 82 24 24 
51 257 822 81 21 22 82 24 24 
51 257 822 81 21 22 82 24 24 
51 257 822 81 21 22 82 24 24 
51 257 822 81 21 22 82 24 24 
51 257 822 81 21 22 82 24 24 
51 257 822 81 21 22 82 24 24 
51 257 822 81 21 22 82 24 24 
51 257 822 81 21 22 82 24 24 
51 257 822 81 21 22 82 24 24 
51 257 822 81 21 22 82 24 24 
51 257 822 81 21 22 82 24 24 
51 257 822 81 21 22 82 24 24 
51 257 822 81 21 22 82 24 24 
51 257 822 81 21 22 82 24 24 
51 257 822 81 21 22 82 24 24 
51 257 822 81 21 22 82 24 24 
51 257 822 81 21 22 82 24 24 
51 257 822 81 21 22 82 24 24 
51 257 822 81 21 22 82 24 24 
51 257 822 81 21 22 82 24 24 
51 257 822 81 21 22 82 24 24 
51 257 822 81 21 22 82 24 24 
51 257 822 81 21 22 82 24 24 
51 257 822 81 21 22 82 24 24 
51 257 822 81 21 22 82 24 24 
51 257 822 81 21 22 82 24 24 
51 257 822 81 21 22 82 24 24 
51 257 822 81 21 22 82 24 24 
51 257 822 81 21 22 82 24 24 
51 257 822 81 21 22 82 24 24 
51 257 822 81 21 22 82 24 24 
51 257 822 81 21 22 82 24 24 
51 257 822 81 21 22 82 24 24 
51 257 822 81 21 22 82 24 24 
51 257 822 81 21 22 82 24 24 
51 257 822 81 21 22 82 24 24 
51 257 822 81 21 22 82 24 24 
51 257 822 81 21 22 82 24 24 
51 257 822 81 21 22 82 24 24 
51 257 822 81 21 22 82 24 24 
51 257 822 81 21 22 82 24 24 
51 257 822 81 21 22 82 24 24 
51 257 822 81 21 22 82 24 24 
51 257 822 81 21 22 82 24 24 
51 257 822 81 21 22 82 24 24 
51 257 822 81 21 22 82 24 24 
51 257 822 81 21 22 82 24 24 
51 257 822 81 21 22 82 24 24 
51 257 822 81 21 22 82 24 24 
51 257 822 81 21 22 82 24 24 
51 257 822 81 21 22 82 24 24 
51 257 822 81 21 22 82 24 24 
51 257 822 81 21 22 82 24 24 
51 257 822 81 21 22 82 24 24 
51 257 822 81 21 22 82 24 24 
51 257 822 81 21 22 82 24 24 
51 257 822 81 21 22 82 24 24 
51 257 822 81 21 22 82 24 24 
51 257 822 81 21 22 82 24 24 
51 257 822 81 21 22 82 24 24 
51 257 822 81 21 22 82 24 24 
51 257 822 81 21 22 82 24 24 
51 257 822 81 21 22 82 24 24 
51 257 822 81 21 22 82 24 24 
51 257 822 81 21 22 82 24 24 
51 257 822 81 21 22 82 24 24 
51 257 822 81 21 22 82 24 24 
51 257 822 81 21 22 82 24 24 
51 257 822 81 21 22 82 24 24 
51 257 822 81 21 22 82 24 24 
51 257 822 81 21 22 82 24 24 
51 257 822 81 21 22 82 24 24 
51 257 822 81 21 22 82 24 24 
51 257 822 81 21 22 82 24 24 
51 257 822 81 21 22 82 24 24 
51 257 822 81 21 22 82 24 24 
51 257 822 81 21 22 82 24 24 
51 257 822 81 21 22 82 24 24 
51 257 822 81 21 22 82 24 24 
51 257 822 81 21 22 82 24 24 
51 257 822 81 21 22 82 24 24 
51 257 822 81 21 22 82 24 24 
51 257 822 81 21 22 82 24 24 
51 257 822 81 21 22 82 24 24 
51 257 822 81 21 22 82 24 24 
51 257 822 81 21 22 82 24 24 
51 257 822 81 21 22 82 24 24 
51 257 822 81 21 22 82 24 24 
51 257 822 81 21 22 82 24 24 
51 257 822 81 21 22 82 24 24 
51 257 822 21 22 24 24 
51 257 822 81 21 22 82 24 24 
51 257 822 81 21 22 82 24 24 
51 257 822 81 21 22 82 24 24 
51 257 822 81 21 22 82 24 24 
51 257 822 81 21 22 82 24 24 
51 257 822 81 21 22 82 24 24 
51 257 822 81 21 22 82 24 24 
51 257 822 81 21 22 82 24 24 
51 257 313 78 822 81 21 22 82 24 24 
51 257 822 81 21 22 82 24 24 
51 257 138 822 81 21 22 82 24 24 
51 257 822 81 21 22 82 24 24 
51 257 822 81 21 22 82 24 24 
51 257 822 81 21 22 82 24 24 
51 257 822 81 21 22 82 24 24 
51 257 822 81 21 22 82 24 24 
51 257 822 81 21 22 82 24 24 
51 257 822 81 21 22 82 24 24 
51 257 822 81 21 22 82 24 24 
51 257 822 81 21 22 82 24 24 
51 257 822 81 21 22 82 24 24 
53 54 51 257 822 81 21 22 82 24 24 
51 257 822 81 21 22 82 24 24 
51 257 822 81 21 22 82 24 24 
51 257 822 81 21 22 82 24 24 
51 257 822 81 21 22 82 24 24 
51 257 822 81 21 22 82 24 24 
51 257 313 78 822 81 21 22 82 24 24 
51 257 822 81 21 22 82 24 24 
51 257 822 81 21 22 82 24 24 
51 257 313 78 822 81 21 22 82 24 24 
51 257 822 81 21 22 82 24 24 
51 257 313 78 822 81 21 22 82 24 24 
51 257 822 81 21 22 82 24 24 
51 257 822 81 21 22 82 24 24 
51 257 822 81 21 22 82 24 24 
51 257 822 81 21 22 82 24 24 
51 257 822 81 21 22 82 24 24 
53 54 51 257 822 81 21 22 82 24 24 
53 54 51 257 822 81 21 22 82 24 24 
51 257 822 81 21 22 82 24 24 
51 257 822 81 21 22 82 24 24 
51 257 822 81 21 22 82 24 24 
51 257 822 81 21 22 82 24 24 
51 257 822 81 21 22 82 24 24 
51 257 822 81 21 22 82 24 24 
51 257 822 81 21 22 82 24 24 
51 257 822 81 21 22 82 24 24 
51 257 822 81 21 22 82 24 24 
51 257 822 81 21 22 82 24 24 
51 257 822 81 21 22 82 24 24 
51 257 822 81 21 22 82 24 24 
51 257 822 81 21 22 82 24 24 
51 257 822 81 21 22 82 24 24 
51 257 822 81 21 22 82 24 24 
51 257 822 81 21 22 82 24 24 
51 257 822 81 21 22 82 24 24 
51 257 822 81 21 22 82 24 24 
51 257 822 81 21 22 82 24 24 
51 257 822 81 21 22 82 24 24 
51 257 822 81 21 22 82 24 24 
51 257 822 81 21 22 82 24 24 
51 257 822 81 21 22 82 24 24 
51 257 822 81 21 22 82 24 24 
51 257 822 81 21 22 82 24 24 
51 257 822 81 21 22 82 24 24 
51 257 822 81 21 22 82 24 24 
51 257 822 81 21 22 82 24 24 
51 257 822 81 21 22 82 24 24 
51 257 822 81 21 22 82 24 24 
51 257 822 81 21 22 82 24 24 
51 257 822 81 21 22 82 24 24 
51 257 822 81 21 22 82 24 24 
51 257 822 81 21 22 82 24 24 
51 257 822 81 21 22 82 24 24 
51 257 822 81 21 22 82 24 24 
51 257 822 81 21 22 82 24 24 
51 257 822 81 21 22 82 24 24 
51 257 822 81 21 22 82 24 24 
51 257 822 81 21 22 82 24 24 
51 257 822 81 21 22 82 24 24 
51 257 822 81 21 22 82 24 24 
51 257 822 81 21 22 82 24 24 
51 257 822 81 21 22 82 24 24 
51 257 822 81 21 22 82 24 24 
51 257 138 822 81 21 22 82 24 24 
51 257 822 81 21 22 82 24 24 
51 257 822 81 21 22 82 24 24 
51 257 822 81 21 22 82 24 24 
51 257 822 81 21 22 82 24 24 
51 257 822 81 21 22 82 24 24 
51 257 822 81 21 22 82 24 24 
51 257 822 81 21 22 82 24 24 
51 257 822 81 21 22 82 24 24 
51 257 822 81 21 22 82 24 24 
51 257 822 81 21 22 82 24 24 
51 257 822 81 21 22 82 24 24 
51 257 822 81 21 22 82 24 24 
51 257 822 81 21 22 82 24 24 
51 257 822 81 21 22 82 24 24 
51 257 822 81 21 22 82 24 24 
51 257 822 81 21 22 82 24 24 
51 257 822 81 21 22 82 24 24 
51 257 822 81 21 22 82 24 24 
51 257 822 81 21 22 82 24 24 
51 257 822 81 21 22 82 24 24 
51 257 822 81 21 22 82 24 24 
51 257 822 81 21 22 82 24 24 
51 257 822 81 21 22 82 24 24 
51 257 822 81 21 22 82 24 24 
51 257 822 81 21 22 82 24 24 
51 257 822 81 21 22 82 24 24 
51 257 822 81 21 22 82 24 24 
51 257 822 81 21 22 82 24 24 
51 257 138 822 81 21 22 82 24 24 
51 257 822 81 21 22 82 24 24 
51 257 822 81 21 22 82 24 24 
51 257 822 81 21 22 82 24 24 
51 257 822 81 21 22 82 24 24 
51 257 822 81 21 22 82 24 24 
51 257 822 81 21 22 82 24 24 
51 257 822 81 21 22 82 24 24 
1 15 51 257 822 81 21 22 82 24 24 
51 257 822 81 21 22 82 24 24 
51 257 822 81 21 22 82 24 24 
51 257 822 81 21 22 82 24 24 
51 257 822 81 21 22 82 24 24 
51 257 822 81 21 22 82 24 24 
51 257 822 81 21 22 82 24 24 
51 257 822 81 21 22 82 24 24 
51 257 822 81 21 22 82 24 24 
51 257 822 81 21 22 82 24 24 
51 257 822 81 21 22 82 24 24 
51 257 822 81 21 22 82 24 24 
51 257 822 81 21 22 82 24 24 
51 257 822 81 21 22 82 24 24 
51 257 822 81 21 22 82 24 24 
51 257 822 81 21 22 82 24 24 
51 257 822 81 21 22 82 24 24 
51 257 822 81 21 22 82 24 24 
51 257 822 81 21 22 82 24 24 
51 257 822 81 21 22 82 24 24 
51 257 822 81 21 22 82 24 24 
54 51 257 441 192 822 81 21 22 82 24 24 
51 257 822 81 21 22 82 24 24 
51 257 822 81 21 22 82 24 24 
51 257 822 81 21 22 82 24 24 
51 257 822 81 21 22 82 24 24 
51 257 822 81 21 22 82 24 24 
51 257 822 81 21 22 82 24 24 
51 257 822 81 21 22 82 24 24 
51 257 822 81 21 22 82 24 24 
51 257 822 81 21 22 82 24 24 
51 257 822 81 21 22 82 24 24 
51 257 334 822 81 21 22 82 24 24 
51 257 822 81 21 22 82 24 24 
51 257 822 81 21 22 82 24 24 
51 257 822 81 21 22 82 24 24 
51 257 822 81 21 22 82 24 24 
51 257 822 81 21 22 82 24 24 
51 257 822 81 21 22 82 24 24 
51 257 822 81 21 22 82 24 24 
51 257 822 81 21 22 82 24 24 
51 257 822 81 21 22 82 24 24 
51 257 822 81 21 22 82 24 24 
51 257 822 81 21 22 82 24 24 
51 257 822 81 21 22 82 24 24 
51 257 822 81 21 22 82 24 24 
51 257 822 81 21 22 82 24 24 
51 257 822 81 21 22 82 24 24 
51 257 822 81 21 22 82 24 24 
51 257 138 822 81 21 22 82 24 24 
51 257 822 81 21 22 82 24 24 
51 257 822 81 21 22 82 24 24 
51 257 822 81 21 22 82 24 24 
51 257 822 81 21 22 82 24 24 
51 257 822 81 21 22 82 24 24 
51 257 822 81 21 22 82 24 24 
51 257 822 81 21 22 82 24 24 
51 257 822 81 21 22 82 24 24 
51 257 822 81 21 22 82 24 24 
51 257 822 81 21 22 82 24 24 
51 257 822 81 21 22 82 24 24 
51 257 822 81 21 22 82 24 24 
51 257 822 81 21 22 82 24 24 
51 257 822 81 21 22 82 24 24 
51 257 822 81 21 22 82 24 24 
51 257 822 81 21 22 82 24 24 
51 257 822 81 21 22 82 24 24 
51 257 822 81 21 22 82 24 24 
51 257 822 81 21 22 82 24 24 
51 257 822 81 21 22 82 24 24 
51 257 822 81 21 22 82 24 24 
51 257 822 81 21 22 82 24 24 
51 257 822 81 21 22 82 24 24 
51 257 822 81 21 22 82 24 24 
51 257 822 81 21 22 82 24 24 
51 257 822 81 21 22 82 24 24 
51 257 822 81 21 22 82 24 24 
51 257 822 81 21 22 82 24 24 
51 257 822 81 21 22 82 24 24 
51 257 822 81 21 22 82 24 24 
51 257 138 822 81 21 22 82 24 24 
51 257 822 81 21 22 82 24 24 
51 257 822 81 21 22 82 24 24 
51 257 822 81 21 22 82 24 24 
51 257 822 81 21 22 82 24 24 
51 257 822 81 21 22 82 24 24 
51 257 822 81 21 22 82 24 24 
51 257 822 81 21 22 82 24 24 
51 257 822 81 21 22 82 24 24 
51 257 822 81 21 22 82 24 24 
51 257 822 81 21 22 82 24 24 
51 257 822 81 21 22 82 24 24 
51 257 822 81 21 22 82 24 24 
51 257 822 81 21 22 82 24 24 
51 257 822 81 21 22 82 24 24 
51 257 822 81 21 22 82 24 24 
51 257 313 78 822 81 21 22 82 24 24 
51 257 822 81 21 22 82 24 24 
51 257 822 81 21 22 82 24 24 
51 257 822 81 21 22 82 24 24 
51 257 822 81 21 22 82 24 24 
51 257 822 81 21 22 82 24 24 
51 257 822 81 21 22 82 24 24 
51 257 822 81 21 22 82 24 24 
51 257 822 81 21 22 82 24 24 
51 257 822 81 21 22 82 24 24 
51 257 822 81 21 22 82 24 24 
53 54 51 257 822 81 21 22 82 24 24 
51 257 822 81 21 22 82 24 24 
51 257 822 81 21 22 82 24 24 
51 257 822 81 21 22 82 24 24 
51 257 822 81 21 22 82 24 24 
51 257 822 81 21 22 82 24 24 
51 257 822 81 21 22 82 24 24 
51 257 138 822 81 21 22 82 24 24 
51 257 822 81 21 22 82 24 24 
51 257 822 81 21 22 82 24 24 
51 257 822 81 21 22 82 24 24 
51 257 822 81 21 22 82 24 24 
51 257 822 81 21 22 82 24 24 
51 257 822 81 21 22 82 24 24 
51 257 822 81 21 22 82 24 24 
54 547 51 257 223 822 81 21 22 82 24 24 
53 54 51 257 822 21 22 82 24 24 
51 257 822 21 22 82 24 24 
51 257 822 21 22 82 24 24 
51 257 822 21 22 82 24 24 
51 257 822 81 21 22 82 24 24 
51 257 822 81 21 22 82 24 24 
51 257 822 81 21 22 82 24 24 
51 257 822 81 21 22 82 24 24 
51 257 822 81 21 22 82 24 24 
51 257 822 81 21 22 82 24 24 
51 257 822 81 21 22 82 24 24 
51 257 822 81 21 22 82 24 24 
51 257 822 81 21 22 82 24 24 
51 257 822 81 21 22 82 24 24 
51 257 822 81 21 22 82 24 24 
51 257 822 81 21 22 82 24 24 
51 257 822 81 21 22 82 24 24 
51 257 822 81 21 22 82 24 24 
51 257 822 81 21 22 82 24 24 
51 257 822 81 21 22 82 24 24 
51 257 822 81 21 22 82 24 24 
51 257 822 81 21 22 82 24 24 
51 257 822 81 21 22 82 24 24 
51 257 822 81 21 22 82 24 24 
51 257 822 81 21 22 82 24 24 
51 257 822 81 21 22 82 24 24 
51 257 822 81 21 22 82 24 24 
51 257 822 81 21 22 82 24 24 
51 257 822 81 21 22 82 24 24 
51 257 822 81 21 22 82 24 24 
51 257 822 81 21 22 82 24 24 
51 257 822 81 21 22 82 24 24 
51 257 822 81 21 22 82 24 24 
51 257 822 81 21 22 82 24 24 
51 257 822 81 21 22 82 24 24 
51 257 822 81 21 22 82 24 24 
51 257 822 81 21 22 82 24 24 
51 257 822 81 21 22 82 24 24 
51 257 822 81 21 22 82 24 24 
51 257 822 81 21 22 82 24 24 
51 257 349 363 822 81 21 22 82 24 24 
53 54 51 257 822 81 21 22 82 24 24 
51 257 822 81 21 22 82 24 24 
54 51 257 465 822 81 21 22 82 24 24 
51 257 822 81 21 22 82 24 24 
51 257 145 42 822 81 21 22 82 24 24 
51 257 822 81 21 22 82 24 24 
51 257 822 81 21 22 82 24 24 
51 257 822 81 21 22 82 24 24 
51 257 822 81 21 22 82 24 24 
51 257 138 822 81 21 22 82 24 24 
51 257 822 81 21 22 82 24 24 
51 257 822 81 21 22 82 24 24 
51 257 822 81 21 22 82 68 24 24 
51 257 822 81 21 22 82 68 24 24 
51 257 822 81 21 22 82 68 24 24 
51 257 822 81 21 22 82 68 24 24 
51 257 822 81 21 22 82 68 24 24 
51 257 822 81 21 22 82 68 24 24 
51 257 138 822 81 21 22 82 68 24 24 
51 257 822 81 21 22 82 68 24 24 
51 257 138 822 81 21 22 82 68 24 24 
51 257 822 104 21 22 82 68 24 24 
51 257 822 21 22 68 24 24 
51 257 822 81 21 22 82 24 24 
51 257 822 81 21 22 82 24 24 
51 257 822 81 21 22 82 68 24 24 
51 257 822 81 21 22 82 68 24 24 
51 257 138 822 81 21 22 82 68 24 24 
51 257 822 81 21 22 82 68 24 24 
51 257 822 81 21 22 82 68 24 24 
51 257 822 81 21 22 82 68 24 24 
51 257 822 81 21 22 82 68 24 24 
51 257 313 78 822 81 21 22 82 68 24 24 
51 257 822 81 21 22 82 68 24 24 
51 257 822 81 21 22 82 68 24 24 
51 257 822 81 21 22 82 68 24 24 
51 257 822 81 21 22 82 68 24 24 
51 257 822 81 21 22 82 68 24 24 
51 257 822 81 21 22 82 68 24 24 
51 257 822 81 21 22 82 68 24 24 
51 257 822 81 21 22 82 68 24 24 
51 257 822 81 21 22 82 68 24 24 
51 257 822 81 21 22 82 68 24 24 
51 257 822 81 21 22 82 68 24 24 
51 257 822 81 21 22 82 68 24 24 
51 257 822 81 21 22 82 68 24 24 
51 257 822 81 21 22 82 68 24 24 
51 257 822 81 21 22 82 68 24 24 
51 257 822 81 21 22 82 68 24 24 
51 257 138 822 81 21 22 82 68 24 24 
51 257 822 81 21 22 82 68 24 24 
51 257 822 81 21 22 82 68 24 24 
51 257 822 81 21 22 82 68 24 24 
51 257 822 81 21 22 82 68 24 24 
51 257 822 81 21 22 82 68 24 24 
51 257 822 81 21 22 82 68 24 24 
51 257 822 81 21 22 82 68 24 24 
355 51 257 349 822 351 81 21 22 82 68 24 24 
51 257 138 822 81 21 22 82 68 24 24 
51 257 822 81 21 22 82 68 24 24 
51 257 822 81 21 22 82 68 24 24 
51 257 822 81 21 22 82 68 24 24 
51 257 822 81 21 22 82 68 24 24 
51 257 822 81 21 22 82 68 24 24 
51 257 822 81 21 22 82 68 24 24 
51 257 822 81 21 22 82 68 24 24 
184 1 15 51 257 185 822 328 21 22 24 24 
51 257 822 81 21 22 82 24 24 
51 257 822 81 21 22 82 24 24 
51 257 822 81 21 22 82 24 24 
51 257 822 81 21 22 82 24 24 
51 257 822 81 21 22 82 24 24 
51 257 822 81 21 22 82 24 24 
51 257 822 81 21 22 82 24 24 
51 257 822 81 21 22 82 24 24 
51 257 138 822 81 21 22 82 24 24 
51 257 822 21 22 82 24 24 