1 303 2 94 5 189 8 144 144 
1 184 15 185 2 94 5 91 189 6 8 92 144 144 
1 303 2 94 5 91 189 6 8 92 144 144 
1 303 2 94 5 91 6 92 8 144 144 
1 303 2 94 5 91 6 92 8 144 144 
1 184 15 185 2 94 5 91 6 92 8 144 144 
1 303 2 94 5 91 6 92 8 144 144 
1 303 93 2 94 5 91 6 92 8 144 144 
1 184 15 185 2 94 5 189 8 144 144 
1 184 15 185 2 94 5 91 6 92 8 144 144 
1 303 2 94 5 91 6 92 8 144 144 
1 303 93 2 94 5 91 6 92 8 144 144 
1 303 2 94 5 6 8 61 144 144 
1 303 2 94 5 6 8 61 144 144 
1 303 2 94 5 6 8 61 144 144 
1 303 2 94 5 91 6 92 8 144 144 
1 303 2 94 5 91 6 92 8 144 144 
1 303 2 94 5 91 6 92 8 144 144 
1 303 2 94 5 91 6 92 8 144 144 
1 303 93 2 94 5 91 6 92 8 144 144 
1 303 93 2 94 5 91 6 92 8 144 144 
1 303 93 2 94 5 91 6 92 8 144 144 
1 303 93 2 94 5 91 6 92 8 144 144 
1 303 2 94 5 189 8 144 144 
1 93 2 94 5 91 6 92 8 144 144 
1 93 2 94 5 91 6 92 8 144 144 
1 303 93 2 94 5 91 6 92 8 144 144 
1 303 2 94 5 91 6 92 8 144 144 
1 303 2 94 5 91 6 92 8 144 144 
1 2 94 5 8 144 144 
1 303 2 94 5 91 6 92 8 144 144 
1 303 2 94 5 91 6 92 8 144 144 
1 303 2 94 5 91 6 92 8 144 144 
1 303 2 94 5 91 6 92 8 144 144 
1 93 2 94 5 91 6 8 144 144 
1 184 15 93 185 2 94 5 91 6 92 8 144 144 
1 303 2 94 5 91 6 92 8 144 144 
1 93 2 94 5 91 6 92 8 144 144 
1 303 2 94 5 91 6 92 8 144 144 
1 303 2 94 5 189 8 144 144 
1 93 2 94 5 91 6 92 8 144 144 
1 93 2 94 5 91 6 92 8 144 144 
1 303 93 2 94 5 91 6 92 8 144 144 
1 303 2 94 5 91 6 92 8 144 144 
1 303 93 2 94 5 91 6 92 8 144 144 
1 303 2 94 5 91 6 92 8 144 144 
1 303 93 2 94 5 91 6 92 8 144 144 
1 303 93 2 94 5 91 6 92 8 144 144 
1 303 2 94 5 91 6 143 8 92 144 144 
1 93 2 94 5 8 142 36 144 144 
1 93 2 94 5 8 142 36 144 144 
1 93 2 94 5 143 8 144 144 
1 303 93 2 94 5 91 6 8 92 144 144 
1 184 15 185 2 94 5 91 6 8 92 144 144 
1 303 2 94 5 8 36 144 122 123 144 
1 303 2 94 5 189 143 8 144 144 
1 303 93 2 94 5 91 6 92 8 144 144 
1 303 2 94 5 189 8 144 144 
1 303 93 2 94 5 91 6 92 8 144 144 
1 303 2 94 5 91 6 92 8 144 144 
1 93 2 94 5 91 6 92 8 144 144 
1 303 2 94 5 8 142 36 144 144 
1 303 2 94 5 8 142 36 144 144 
1 93 2 94 5 91 6 92 8 144 144 
1 93 2 94 5 91 6 92 8 144 144 
1 303 2 94 5 91 6 92 8 144 144 
1 303 2 94 5 91 6 92 8 144 144 
1 303 93 2 94 5 91 6 92 8 144 144 
1 303 2 94 5 91 6 92 8 144 144 
1 303 93 2 94 5 91 6 92 8 144 144 
1 303 2 94 5 91 6 92 8 144 144 
1 303 2 94 5 91 6 92 8 144 144 
1 303 2 94 5 91 6 92 8 144 144 
1 303 2 94 5 91 6 92 8 144 144 
1 303 2 94 5 91 6 92 8 144 144 
1 93 2 94 5 91 6 8 92 144 144 
1 93 2 94 5 91 6 8 92 144 144 
1 93 2 94 5 91 6 8 92 144 144 
1 93 2 94 5 91 6 8 92 144 144 
1 184 15 185 2 94 5 91 6 92 8 144 144 
1 303 2 94 5 91 6 92 8 144 144 
1 303 93 2 94 5 91 6 92 8 144 144 
1 303 93 2 94 5 91 6 92 8 144 144 
1 303 93 2 94 5 189 8 144 144 
1 303 93 2 94 5 91 6 92 8 144 144 
1 93 2 94 5 91 6 92 8 144 144 
1 93 2 94 5 91 6 92 8 144 144 
1 303 2 94 5 143 8 144 144 
1 303 2 94 5 6 8 61 144 144 
1 303 93 2 94 5 6 8 61 144 144 
1 303 93 2 94 5 91 6 92 8 144 144 
1 303 93 2 94 5 91 6 92 8 144 144 
1 303 93 2 94 5 143 8 144 144 
1 303 2 94 5 91 6 92 8 144 144 
1 303 2 94 5 8 142 36 144 144 
1 303 93 2 94 5 91 6 92 8 144 144 
1 303 93 2 94 5 91 6 92 8 144 144 
1 93 2 94 5 91 6 92 8 144 144 
1 93 2 94 5 91 6 92 8 144 144 
1 303 2 94 5 91 6 92 8 144 144 
1 303 2 94 5 91 6 92 8 144 144 
1 303 2 94 5 91 6 92 8 144 144 
1 303 2 94 5 143 8 144 144 
1 93 2 94 5 91 6 92 8 144 144 
1 303 2 94 5 91 6 92 8 144 144 
1 303 2 94 5 91 6 92 8 144 144 
1 93 2 94 5 91 6 92 8 144 144 
1 303 2 94 5 8 36 144 122 123 144 
1 303 93 2 94 5 91 6 92 8 144 144 
1 303 93 2 94 5 91 6 92 8 144 144 
1 303 2 94 5 91 6 92 8 144 144 
1 303 2 94 5 91 6 92 8 144 144 
1 93 2 94 5 91 6 92 8 144 144 
1 93 2 94 5 91 6 92 8 144 144 
1 93 2 94 5 91 6 92 8 144 144 
1 93 2 94 5 91 6 92 8 144 144 
1 303 93 2 94 5 91 6 92 8 144 144 
1 303 2 94 5 91 6 92 8 144 144 
1 303 84 2 56 57 94 5 91 6 92 8 144 144 
1 93 2 94 5 91 6 92 8 144 144 
1 93 2 94 5 91 6 92 8 144 144 
1 93 2 94 5 91 6 92 8 144 144 
1 303 93 2 94 5 91 6 92 8 144 144 
1 303 2 94 5 91 6 92 8 144 144 
1 93 2 94 5 91 6 92 8 144 144 
1 303 93 2 94 5 91 6 92 8 144 144 
1 303 93 2 94 5 91 6 92 8 144 144 
1 303 2 94 5 91 6 92 8 144 144 
1 93 2 94 5 91 6 92 8 144 144 
1 303 2 94 5 91 6 92 8 144 144 
1 303 93 2 94 5 91 6 92 8 144 144 
1 303 93 2 94 5 91 6 92 8 144 144 
1 303 93 2 94 5 91 6 92 8 144 144 
1 303 93 2 94 5 91 6 92 8 144 144 
1 303 2 94 5 91 6 92 8 144 144 
1 303 93 2 94 5 91 6 92 8 144 144 
1 303 2 94 5 91 6 92 8 144 144 
1 303 2 94 5 91 6 92 8 144 144 
1 303 93 2 94 5 91 6 92 8 144 144 
1 303 2 94 5 91 6 92 8 144 144 
1 303 93 2 94 5 91 6 92 8 144 144 
1 303 93 2 94 5 91 6 92 8 144 144 
1 93 2 94 5 91 6 92 8 144 144 
1 303 2 94 5 189 8 144 144 
1 303 2 94 5 91 6 92 8 144 144 
1 303 2 94 5 91 6 92 8 144 144 
1 303 2 94 5 91 6 92 8 144 144 
1 303 2 94 5 91 6 92 8 144 144 
1 303 2 94 5 91 6 92 8 144 144 
1 93 2 94 5 91 6 8 144 144 
1 93 2 94 5 91 6 92 8 144 144 
1 93 2 94 5 91 6 8 144 144 
1 2 94 5 8 144 144 
1 303 93 2 94 5 91 6 8 144 144 
1 303 2 94 5 91 6 8 144 144 
1 93 2 94 5 91 6 8 144 144 
1 303 2 94 5 91 6 8 144 144 
1 303 2 94 5 91 6 8 144 144 
1 93 2 94 5 91 6 8 144 144 