38 229 5 6 25 462 61 462 
38 229 5 358 6 25 462 61 462 
38 229 5 25 8 462 462 
38 229 5 25 8 462 462 
38 229 5 25 8 462 462 
38 229 5 25 8 462 462 
38 229 5 25 8 462 462 
38 229 5 25 8 462 462 
38 229 5 25 8 462 462 
38 229 5 25 8 462 462 
38 229 25 462 462 
38 229 5 6 25 462 61 462 
38 229 5 6 25 462 61 462 
38 229 499 25 462 36 130 462 
38 229 25 462 462 
38 229 25 26 462 462 
38 229 25 26 462 462 
38 229 25 26 462 462 
38 229 25 462 462 
38 229 436 25 462 462 
38 229 145 42 436 25 462 462 
38 229 436 25 462 462 
38 229 25 462 462 
38 229 25 462 462 
38 229 25 462 462 
38 229 25 462 462 
38 229 42 25 462 36 462 
38 229 25 462 462 
38 229 25 462 142 36 462 
38 229 25 462 462 
38 229 25 462 462 
38 229 25 462 462 
38 229 25 462 462 
38 229 25 462 462 
38 229 25 142 462 36 462 
38 229 25 142 462 36 462 
38 229 25 142 462 36 462 
38 229 25 142 462 36 462 
38 229 25 142 462 36 462 
38 229 25 142 462 36 462 
38 229 25 142 462 36 462 
38 229 25 142 462 36 462 
38 229 25 142 462 36 462 
38 229 25 142 462 36 462 
38 229 25 142 462 36 462 
38 229 25 142 462 36 462 
38 229 25 142 462 36 462 
38 229 25 142 462 36 462 
38 229 25 142 462 36 462 
38 229 25 142 462 36 462 
38 229 25 142 462 36 462 
38 229 25 142 462 36 462 
1 38 2 229 25 142 462 36 462 
38 229 25 142 462 36 462 
38 229 25 142 462 36 462 
38 229 25 142 462 36 462 
38 229 25 142 462 36 462 
38 229 25 142 462 36 462 
38 229 25 142 462 36 462 
38 229 25 142 462 36 462 
38 229 25 142 462 36 462 
38 229 25 142 462 36 462 
38 229 25 142 462 36 462 
38 229 25 142 462 36 462 
38 229 25 142 462 36 462 
38 229 25 142 462 36 462 
38 229 25 142 462 36 462 
38 229 25 142 462 36 462 
38 229 25 142 462 36 462 
38 229 25 142 462 36 462 
38 229 25 142 462 36 462 
38 229 25 142 462 36 462 
38 229 25 142 462 36 462 
38 229 25 142 462 36 462 
38 229 5 6 25 462 61 462 
38 229 5 6 25 462 61 462 
38 229 25 462 462 
38 229 25 462 462 
38 229 5 6 25 462 462 
38 229 5 6 25 462 462 
445 38 229 42 108 25 462 462 
38 229 25 462 462 
38 229 25 462 462 
38 229 25 462 462 
38 229 25 462 462 
38 229 25 462 462 
38 229 25 462 462 
38 229 145 42 25 462 462 
38 229 25 462 462 
38 229 25 462 462 
38 229 25 462 462 
38 229 25 462 462 
38 229 25 462 462 
38 229 25 462 462 
38 229 25 462 462 
38 229 25 462 462 
38 229 25 462 462 
38 229 25 462 462 
38 229 5 6 25 462 61 462 
38 229 5 6 25 462 61 462 
38 229 5 6 25 462 61 462 
38 229 25 462 462 
38 229 25 462 462 
38 229 25 462 462 
38 229 25 462 462 
38 229 5 6 25 462 61 462 
38 229 5 6 25 462 61 462 
38 229 5 6 25 462 61 462 
38 229 5 6 25 462 61 462 
38 229 25 462 462 
38 229 25 462 462 
38 229 25 462 462 
38 229 25 462 462 
38 229 5 6 25 462 61 462 
38 229 152 25 462 153 462 
38 229 25 462 462 
38 229 25 462 462 
38 229 5 6 25 462 61 462 
38 229 145 42 5 6 25 462 61 462 
38 229 25 462 462 
38 229 42 25 462 462 
38 229 25 462 462 
38 229 25 462 462 
38 229 25 462 462 
38 229 21 25 462 462 
38 229 25 462 462 
38 229 25 462 462 
38 229 5 6 25 462 61 462 
38 229 5 6 25 462 61 462 
38 229 145 42 5 6 25 462 61 462 
38 229 5 6 25 462 61 462 
38 229 5 6 25 462 61 462 
38 229 42 5 6 25 462 61 462 
38 229 5 6 25 462 61 462 
38 229 5 6 25 462 61 462 
38 229 25 462 462 
38 229 25 462 462 
38 229 25 462 462 
51 38 229 25 462 462 
38 229 25 462 462 
1 38 2 229 25 462 462 
38 229 25 462 462 
38 229 25 462 462 
38 229 25 462 462 
38 229 25 462 462 
38 229 42 25 462 462 
38 229 25 462 462 
38 229 25 462 462 
38 229 25 462 462 
38 229 25 462 462 
38 229 25 462 462 
38 229 25 462 462 
38 229 25 462 462 
38 229 25 462 462 
38 229 25 462 462 
38 229 25 462 462 
38 229 25 462 462 
38 229 25 462 462 
38 229 25 462 462 
38 229 13 25 462 512 513 462 
38 229 13 25 462 512 513 462 
38 229 13 25 462 512 513 462 
38 229 13 25 462 512 513 462 
38 229 13 25 462 512 513 462 
38 229 13 25 462 512 513 462 
38 229 13 25 462 512 513 462 
38 229 13 25 462 512 513 462 
38 229 13 25 462 512 513 462 
38 229 13 25 462 512 513 462 
38 229 13 25 462 512 513 462 
38 229 13 25 462 512 513 462 
38 229 13 25 462 512 513 462 
38 229 13 25 462 512 513 462 
38 229 13 25 462 512 513 462 
38 229 13 25 462 512 513 462 
38 229 13 25 462 512 513 462 
38 229 13 25 462 512 513 462 
38 229 13 25 462 512 513 462 
38 229 13 25 462 512 513 462 
38 229 13 25 462 512 513 462 
38 229 13 25 462 512 513 462 
38 229 5 25 8 462 462 
38 229 5 25 8 462 462 
38 229 5 25 8 462 462 
38 229 5 25 8 462 462 
38 229 5 25 8 462 462 
38 229 5 25 8 462 462 
38 229 5 25 8 462 462 
38 229 5 25 8 462 462 
38 229 5 25 8 462 462 
38 229 5 25 8 462 462 
38 229 5 25 8 462 462 
38 229 5 25 8 462 462 
38 229 5 25 8 462 462 
38 229 5 25 8 462 462 
38 229 5 25 8 462 462 
38 229 5 25 8 462 462 
38 229 5 25 8 462 462 
38 229 5 25 8 462 462 
38 229 5 25 8 462 462 
38 229 5 25 8 462 462 
38 229 5 25 8 462 462 
38 229 5 25 8 462 462 
38 229 5 25 8 462 462 
38 229 5 25 8 462 462 
38 229 5 25 8 462 462 
38 229 5 25 8 462 462 
38 229 25 462 462 
38 229 25 462 462 
38 229 25 462 462 
38 229 25 462 462 
38 229 25 462 462 
38 229 25 462 462 
38 229 25 462 462 
38 229 25 462 462 
38 229 25 462 462 
38 229 25 462 462 
38 229 25 462 462 
38 229 25 462 462 
38 229 25 462 462 
38 229 25 462 462 
38 229 25 462 462 
38 229 5 25 8 462 462 
38 229 5 25 8 462 462 
38 229 5 25 8 462 462 
38 229 5 13 25 8 462 512 513 462 
38 229 5 13 25 8 462 512 513 462 
38 229 5 13 25 8 462 512 513 462 
38 229 5 13 25 8 462 512 513 462 
38 229 5 13 25 8 462 512 513 462 
38 229 25 462 462 
38 229 25 462 462 
38 229 25 462 462 
38 229 25 462 462 
38 229 25 462 462 
38 229 25 462 462 
38 229 25 462 462 
38 229 25 462 462 
38 229 25 462 462 
38 229 25 462 462 
38 229 25 462 462 
38 229 25 462 462 
38 229 25 462 462 
38 229 25 462 462 
38 229 25 462 462 
38 229 25 462 462 
38 229 25 462 462 
38 229 25 462 462 
38 229 5 25 8 462 462 
38 229 5 25 8 462 462 
38 229 5 25 8 462 462 
38 229 5 25 8 462 462 
38 229 5 25 8 462 462 
38 229 5 25 8 462 462 
38 229 5 25 8 462 462 
38 229 5 25 8 462 462 
38 229 5 25 8 462 462 
38 229 5 25 8 462 462 
38 229 5 25 8 462 462 
38 229 5 25 8 462 462 
38 229 5 25 8 462 462 
38 229 5 6 25 8 462 61 462 
38 229 5 6 25 8 462 61 462 
38 229 5 6 25 8 462 61 462 
38 229 5 6 25 8 462 61 462 
38 229 5 6 25 8 462 61 462 
38 229 5 6 25 8 462 61 462 
38 229 5 6 25 8 462 61 462 
38 229 5 6 25 8 462 61 462 
38 229 5 6 25 8 462 61 462 
38 229 5 6 25 8 462 61 462 
38 229 5 6 25 8 462 61 462 
38 229 5 6 25 8 462 61 462 
38 229 5 6 25 8 462 61 462 
38 229 5 6 25 8 462 61 462 
38 229 5 6 25 8 462 61 462 
38 229 5 6 25 8 462 61 462 
38 229 5 6 25 8 462 61 462 
38 229 5 6 25 8 462 61 462 
38 229 5 6 25 8 462 61 462 
38 229 5 6 25 8 462 61 462 
38 229 5 6 25 8 462 61 462 
38 229 5 6 25 8 462 61 462 
38 229 5 6 25 462 61 462 
38 229 5 6 25 462 61 462 
38 229 5 6 25 462 61 462 
38 229 5 6 25 462 61 462 
38 229 5 6 25 462 61 462 
38 229 5 6 25 462 61 462 
38 229 5 6 25 462 61 462 
38 229 5 6 25 462 61 462 
38 229 5 6 25 462 61 462 
38 229 5 6 25 462 61 462 
38 229 5 25 8 462 462 
38 229 5 25 8 462 462 
38 229 5 25 8 462 462 
38 229 5 25 8 462 462 
38 229 5 25 8 462 462 
38 229 5 25 8 462 462 
38 229 5 25 8 462 462 
38 229 42 5 25 8 462 462 
38 229 5 25 8 462 462 
38 229 5 25 8 462 462 
38 229 5 25 8 462 462 
38 229 5 25 8 462 462 
38 229 5 25 8 462 462 
38 229 5 25 8 462 462 
38 229 5 25 8 462 462 
38 229 5 6 25 462 61 462 
38 229 42 5 6 25 462 61 462 
38 229 5 6 25 462 61 462 
38 229 5 6 25 462 61 462 
38 229 5 6 25 462 61 462 
38 229 5 6 25 462 61 462 
38 229 5 6 25 462 61 462 
38 229 5 6 25 462 61 462 
38 229 5 6 25 462 61 462 
38 229 5 25 8 462 462 
38 229 5 25 8 462 462 
38 229 5 25 8 462 462 
38 229 5 25 8 462 462 
38 229 5 25 8 462 462 
38 229 5 25 8 462 462 
38 229 5 25 8 462 462 
38 229 5 25 8 462 462 
38 229 5 25 8 462 462 
38 229 5 25 8 462 462 
38 229 5 25 8 462 462 
38 229 5 25 8 462 462 
38 229 5 25 8 462 462 
38 229 5 6 25 462 61 462 
38 229 5 6 25 462 61 462 
38 229 5 6 25 462 61 462 
38 229 5 6 25 462 61 462 
38 229 5 6 25 462 61 462 
38 229 5 6 25 462 61 462 
38 229 5 6 25 462 61 462 
38 229 5 6 25 462 61 462 
38 229 5 6 25 462 61 462 
38 229 5 6 25 462 61 462 
38 229 5 6 25 462 61 462 
38 229 5 6 25 462 61 462 
1 38 2 229 5 6 25 462 61 462 
38 229 5 6 25 462 61 462 
38 229 5 6 25 462 61 462 
38 229 25 462 462 
38 229 42 25 462 462 
38 229 25 462 462 
38 229 25 462 462 
38 229 25 462 462 
38 229 25 462 462 
38 229 25 462 462 
38 229 42 108 25 462 462 
38 229 25 462 462 
38 229 25 462 462 
38 229 25 462 462 
38 229 25 462 462 
38 229 25 462 462 
38 229 25 462 462 
38 229 25 462 462 
38 229 25 462 462 
38 229 25 462 462 
38 229 25 462 462 
38 229 25 462 462 
38 229 5 6 25 462 61 462 
38 229 5 6 25 462 61 462 
38 229 5 6 25 462 61 462 
38 229 5 6 25 462 61 462 
38 229 5 6 25 462 61 462 
38 229 5 6 25 462 61 462 
38 229 5 6 25 462 61 462 
38 229 5 6 25 462 61 462 
38 229 5 6 25 462 61 462 
38 229 5 6 25 462 61 462 
38 229 5 6 25 462 61 462 
38 229 5 6 25 462 61 462 
38 229 5 6 25 462 61 462 
38 229 5 6 25 462 61 462 
38 229 5 6 25 462 61 462 
38 229 5 6 25 462 61 462 
38 229 5 6 25 462 61 462 
38 229 5 6 25 462 61 462 
38 229 25 462 462 
38 229 25 462 462 
38 229 25 462 462 
38 229 25 462 462 
38 229 25 462 462 
38 229 25 462 462 
38 229 25 462 462 
38 229 21 25 462 462 
38 229 21 25 462 462 
38 229 21 25 462 462 
38 229 21 25 462 462 
38 229 21 25 462 462 
38 229 5 6 25 462 61 462 
38 229 5 6 25 462 61 462 
38 229 25 462 462 
38 229 25 462 462 
38 229 25 462 462 
38 229 25 462 462 
38 229 25 462 462 
179 38 229 56 57 180 181 25 462 462 
179 38 229 56 57 180 181 25 462 462 
38 229 25 462 462 
38 229 25 462 462 
38 39 229 25 462 462 
38 229 25 462 462 
38 229 25 462 462 
38 229 25 462 462 
38 229 145 42 25 462 462 
179 38 229 56 57 180 181 25 462 462 
38 229 25 462 462 
38 229 25 462 462 
38 229 25 462 462 
38 229 25 462 462 
38 229 25 462 462 
38 229 25 462 462 
38 229 5 6 25 462 61 462 
1 15 38 229 43 5 6 25 462 61 462 
38 229 5 6 25 462 61 462 
38 229 5 6 25 462 61 462 
38 229 5 6 25 462 61 462 
38 229 5 6 25 462 61 462 
38 229 5 6 25 462 61 462 
38 229 5 6 25 462 61 462 
38 229 5 6 25 462 61 462 
38 229 5 6 25 462 61 462 
38 229 5 6 25 462 61 462 
38 229 5 6 25 462 61 462 
38 229 5 6 25 462 61 462 
1 38 2 229 5 6 25 462 61 462 
38 229 5 6 25 462 61 462 
38 229 5 6 25 462 61 462 
38 229 5 6 25 462 61 462 
38 229 5 6 25 462 61 462 
38 229 5 6 25 462 61 462 
38 229 5 6 25 462 61 462 
38 229 42 5 25 8 462 462 
38 229 5 25 8 462 462 
38 229 5 25 8 462 462 
38 229 5 25 8 462 462 
38 229 5 25 8 462 462 
38 229 5 25 8 462 462 
38 229 5 25 8 462 462 
38 229 5 25 8 462 462 
38 229 5 25 8 462 462 
38 229 5 25 8 462 462 
38 229 5 25 8 462 462 
38 229 5 25 8 462 462 
38 229 5 25 8 462 462 
38 229 42 108 5 25 8 462 462 
38 229 5 25 8 462 462 
38 229 5 25 8 462 462 
38 229 5 25 8 462 462 
38 229 5 25 8 462 462 
38 229 5 25 8 462 462 
38 229 5 25 8 462 462 
38 229 5 25 8 462 462 
38 229 5 25 8 462 462 
38 229 5 25 8 462 462 
38 229 5 25 8 462 462 
38 229 5 25 8 462 462 
38 229 5 25 8 462 462 
38 229 5 25 8 462 462 
38 229 5 25 8 462 462 
38 229 5 25 8 462 462 
38 229 5 25 8 462 462 
38 229 5 25 8 462 462 
38 229 5 25 8 462 462 
38 229 5 25 8 462 462 
38 229 5 25 8 462 462 
38 229 5 25 8 462 462 
38 229 5 25 8 462 462 
38 229 5 25 8 462 462 
38 229 5 25 8 462 462 
38 229 5 25 8 462 462 
38 229 5 25 8 462 462 
38 229 5 25 8 462 462 
38 229 5 25 8 462 462 
38 229 5 25 8 462 462 
38 229 5 25 8 462 462 
38 229 5 25 8 462 462 
38 229 5 25 8 462 462 
38 229 5 25 8 462 462 
38 229 5 25 8 462 462 
38 229 5 25 8 462 462 
38 229 5 25 8 462 462 
38 229 5 25 8 462 462 
38 229 5 25 8 462 462 
38 229 25 462 462 
38 229 5 6 25 462 61 462 
38 229 5 6 25 462 61 462 
38 229 5 6 25 462 61 462 
38 229 5 6 25 462 61 462 
38 229 5 6 25 462 61 462 
38 229 5 6 25 462 61 462 
38 229 5 6 25 462 61 462 
38 229 5 6 25 462 61 462 
38 229 5 6 25 462 61 462 
38 229 5 6 25 462 61 462 
38 229 5 6 25 462 61 462 
38 229 5 25 8 462 462 
38 229 5 25 8 462 462 
38 229 5 25 8 462 462 
38 229 5 25 8 462 462 
38 229 5 25 8 462 462 
38 229 5 25 8 462 462 
38 229 5 25 8 462 462 
38 229 5 25 8 462 462 
38 229 5 25 8 462 462 
38 229 5 25 8 462 462 
38 229 5 25 8 462 462 
38 229 5 25 8 462 462 
38 229 5 25 8 462 462 
38 229 5 25 8 462 462 
38 229 5 25 8 462 462 
38 229 5 25 8 462 462 
38 229 5 25 8 462 462 
38 229 5 25 8 462 462 
38 229 5 25 8 462 462 
38 229 5 25 8 462 462 
38 229 5 25 8 462 462 
38 229 25 462 462 
38 229 25 462 462 
38 229 25 462 462 
38 229 25 462 462 
38 229 25 462 462 
38 229 25 462 462 
38 229 25 462 462 
38 229 25 462 462 
38 229 25 462 462 
38 229 25 462 462 
38 229 25 462 462 
38 229 25 462 462 
38 229 25 462 36 130 462 
38 229 25 462 36 130 462 
38 229 25 462 36 130 462 
38 229 42 25 462 36 130 462 
38 229 25 462 36 130 462 
38 229 25 462 36 130 462 
38 229 25 462 36 130 462 
38 229 25 462 36 130 462 
38 229 25 462 36 130 462 
38 229 25 462 36 130 462 
38 229 25 462 36 130 462 
38 229 25 462 36 130 462 
38 229 25 462 36 130 462 
38 229 25 462 36 130 462 
38 229 25 462 36 130 462 
38 229 25 462 36 130 462 
38 229 25 462 36 130 462 
38 229 25 462 462 
38 229 25 462 462 
38 229 5 6 25 462 61 462 
38 229 5 6 25 462 61 462 
38 229 5 6 25 462 61 462 
38 229 5 6 25 462 61 462 
38 229 42 5 6 25 462 61 462 
38 229 42 5 6 25 462 61 462 
38 229 5 6 25 462 61 462 
38 229 5 6 25 462 61 462 
38 229 5 6 25 462 61 462 
38 229 5 6 25 462 61 462 
38 229 5 6 25 462 61 462 
38 229 5 6 25 462 61 462 
38 229 5 6 25 462 61 462 
38 229 5 6 25 462 61 462 
38 229 5 6 25 462 61 462 
1 38 2 229 5 6 25 462 61 462 
38 229 5 6 25 462 61 462 
38 229 5 6 25 462 61 462 
38 229 5 6 25 462 61 462 
38 229 5 6 25 462 61 462 
38 229 5 6 25 462 61 462 
38 229 5 6 25 462 61 462 
38 229 5 6 25 462 61 462 
38 229 5 6 25 462 61 462 
38 229 5 6 25 462 61 462 
38 229 5 6 25 462 61 462 
38 229 5 6 25 462 61 462 
38 229 5 6 25 462 61 462 
38 229 5 6 25 462 61 462 
38 229 5 6 25 462 61 462 
38 229 5 6 25 462 61 462 
38 229 5 6 25 462 61 462 
38 229 5 6 25 462 61 462 
38 229 5 6 25 462 61 462 
38 229 5 6 25 462 61 462 
38 229 5 6 25 462 61 462 
38 229 5 6 25 462 61 462 
38 229 5 6 25 462 61 462 
38 229 5 6 25 462 61 462 
38 229 5 6 25 462 61 462 
38 229 5 6 25 462 61 462 
38 229 5 6 25 462 61 462 
38 229 5 6 25 462 61 462 
38 229 5 6 25 462 61 462 
38 229 5 6 25 462 61 462 
38 229 5 6 25 462 61 462 
38 229 5 6 25 462 61 462 
38 229 5 6 25 462 61 462 
38 229 5 6 25 462 61 462 
38 229 5 6 25 462 61 462 
38 229 5 6 25 462 61 462 
38 229 5 6 25 462 61 462 
38 229 5 6 25 462 61 462 
38 229 5 6 25 462 61 462 
38 229 5 6 25 462 61 462 
38 229 5 6 25 462 61 462 
38 229 5 6 25 462 61 462 
38 229 5 6 25 462 61 462 
38 229 5 21 25 8 462 462 
38 229 5 21 25 8 462 462 
38 229 5 21 25 8 462 462 
38 229 5 21 25 8 462 462 
38 229 25 462 462 
38 229 25 462 462 
38 229 25 462 462 
38 229 42 25 462 462 
38 229 25 462 462 
38 229 25 462 462 
38 229 5 25 8 462 462 
38 229 5 25 8 462 462 
38 229 5 25 8 462 462 
38 229 5 25 8 462 462 
38 229 5 25 8 462 462 
38 229 5 25 8 462 462 
38 229 5 25 8 462 462 
38 229 5 25 8 462 462 
38 229 5 25 8 462 462 
38 229 5 25 8 462 462 
38 229 5 25 8 462 462 
38 229 5 25 8 462 462 
38 229 5 25 8 462 462 
38 229 25 462 462 
38 229 5 6 25 462 61 462 
38 229 5 6 25 462 61 462 
38 229 5 6 25 462 61 462 
38 229 5 6 25 462 61 462 
38 229 5 6 25 462 61 462 
38 229 5 6 25 462 61 462 
38 229 5 6 25 462 61 462 
38 229 5 6 25 462 61 462 
38 229 5 6 25 462 61 462 
38 229 5 6 25 462 61 462 
38 229 5 6 25 462 61 462 
38 229 5 6 25 462 61 462 
38 229 5 6 25 462 61 462 
38 229 5 6 25 462 61 462 
38 229 5 6 25 462 61 462 
38 229 5 6 25 462 61 462 
38 229 5 6 25 462 61 462 
38 229 5 6 25 462 61 462 
38 229 5 6 25 462 61 462 
38 229 5 6 25 462 61 462 
38 229 5 6 25 462 61 462 
38 229 5 6 25 462 61 462 
38 229 5 6 25 462 61 462 
38 229 5 6 25 462 61 462 
38 229 5 6 25 462 61 462 
38 229 5 6 25 462 61 462 
38 229 5 6 25 462 61 462 
38 229 5 6 25 462 61 462 
38 229 5 6 25 462 61 462 
38 229 5 6 25 462 61 462 
38 229 5 6 25 462 61 462 
38 229 5 6 25 462 61 462 
38 229 5 6 25 462 61 462 
38 229 5 6 25 462 61 462 
38 229 5 6 25 462 61 462 
38 229 5 6 25 462 61 462 
38 229 5 6 25 462 61 462 
38 229 5 6 25 462 61 462 
38 229 5 6 25 462 61 462 
38 229 5 6 25 462 61 462 
38 229 5 6 25 462 61 462 
38 229 5 6 25 462 61 462 
38 229 5 6 25 462 61 462 
38 229 25 462 462 
38 229 25 462 462 
38 229 25 462 462 
38 229 25 462 462 
38 229 25 462 462 
38 229 25 462 462 
38 229 25 462 462 
38 229 25 462 462 
38 229 25 462 462 
38 229 25 462 462 
264 38 229 25 462 462 
38 229 5 6 25 462 61 462 
38 229 5 6 25 462 61 462 
38 229 5 6 25 462 61 462 
38 229 5 6 25 462 61 462 
38 229 25 462 462 
38 229 25 462 462 
38 229 5 6 25 462 61 462 
38 229 5 6 25 462 61 462 
38 229 5 6 25 462 61 462 
38 229 25 462 462 
38 229 25 462 462 
38 229 25 462 462 
38 229 25 462 462 
38 229 25 462 462 
38 229 42 25 462 142 36 462 
38 229 25 462 142 36 462 
38 229 25 462 462 
38 229 25 462 462 
38 229 25 462 462 
38 229 25 462 462 
38 229 42 25 462 462 
38 229 25 462 462 
38 229 25 462 462 
38 229 25 462 462 
38 229 25 462 462 
38 229 25 462 462 
38 229 25 462 462 
38 229 25 462 462 
38 229 25 462 462 
38 229 25 462 462 
38 229 25 462 462 
38 229 25 462 462 
38 229 25 462 462 
38 229 5 6 25 462 61 462 
38 229 5 6 25 462 61 462 
38 229 5 6 25 462 61 462 
38 229 5 6 25 462 61 462 
190 54 51 38 229 192 269 5 6 25 462 61 462 
38 229 5 6 25 462 61 462 
38 229 5 6 25 462 61 462 
38 229 42 5 6 25 462 61 462 
38 229 5 6 25 462 61 462 
1 653 15 38 229 554 5 6 25 462 61 462 
38 229 5 6 25 462 61 462 
38 229 5 6 25 462 61 462 
1 38 229 5 6 25 462 61 462 
38 229 5 6 25 462 61 462 
38 229 5 6 25 462 61 462 
179 38 229 56 57 180 181 5 6 25 462 61 462 
38 229 5 6 25 462 61 462 
1 38 2 229 5 6 25 462 61 462 
1 38 2 229 5 6 25 462 61 462 
38 229 5 6 25 462 61 462 
38 229 5 6 25 462 61 462 
38 229 5 6 25 462 61 462 
38 229 5 6 25 462 61 462 
38 229 5 6 25 462 61 462 
38 229 5 6 25 462 61 462 
38 229 5 6 25 462 61 462 
38 229 5 6 25 462 61 462 
38 229 5 6 25 462 61 462 
38 229 5 6 25 462 61 462 
38 229 5 6 25 462 61 462 
38 229 5 6 25 462 61 462 
38 229 5 6 25 462 61 462 
38 229 5 6 25 462 61 462 
38 229 5 6 25 462 61 462 
38 229 5 6 25 462 61 462 
38 229 5 6 25 462 61 462 
38 229 5 6 25 462 61 462 
38 229 5 6 25 462 61 462 
38 229 5 6 25 462 61 462 
1 382 38 2 229 167 25 462 462 
38 229 25 462 462 
38 229 5 6 25 462 61 462 
38 229 5 6 25 462 61 462 
38 229 25 462 462 
38 229 25 462 462 
38 229 25 462 462 
38 229 42 25 462 462 
38 229 25 462 462 
38 229 25 462 462 
38 229 5 6 25 462 61 462 
38 229 5 6 25 462 61 462 
38 229 5 6 25 462 61 462 
38 229 5 6 25 462 61 462 
38 229 5 6 25 462 61 462 
38 229 5 6 25 462 61 462 
38 229 5 6 25 462 61 462 
38 229 5 6 25 462 61 462 
38 229 5 6 25 462 61 462 
38 229 5 6 25 462 61 462 
38 229 5 6 25 462 61 462 
38 229 5 6 25 462 61 462 
38 229 5 6 25 462 61 462 
38 229 5 6 25 462 61 462 
38 229 5 6 25 462 61 462 
38 229 5 6 25 462 61 462 
38 229 5 6 25 462 61 462 
38 229 5 6 25 462 61 462 
38 229 5 6 25 462 61 462 
38 229 5 6 25 462 61 462 
38 229 5 6 25 462 61 462 
38 229 25 462 462 
38 229 25 462 462 
38 229 25 462 462 
38 229 25 462 462 
38 229 27 28 21 25 462 462 
38 229 27 28 21 25 462 462 
38 229 27 28 21 25 462 462 
38 229 27 28 21 25 462 462 
38 229 42 159 25 462 36 130 462 
38 229 159 25 462 36 130 462 
51 38 229 313 78 159 25 462 36 130 462 
38 229 159 25 462 36 130 462 
38 229 159 25 462 36 130 462 
38 229 159 25 462 36 130 462 
38 229 159 25 462 36 130 462 
38 229 159 25 462 36 130 462 
38 229 25 462 462 
38 229 25 462 462 
38 229 25 462 462 
38 229 25 462 462 
38 229 25 462 462 
38 229 25 462 462 
38 229 25 462 462 
38 229 25 462 462 
1 38 2 229 25 462 462 
38 229 25 462 462 
38 229 25 462 462 
38 229 25 462 462 
38 229 25 462 462 
38 229 5 6 25 462 462 
1 15 38 202 229 27 28 21 25 462 462 
38 229 25 462 462 
38 229 13 25 462 512 513 462 
38 229 13 25 462 512 513 462 
38 229 13 25 462 512 513 462 
38 229 13 25 462 512 513 462 
38 229 13 25 462 512 513 462 
38 229 13 25 462 512 513 462 
38 229 13 25 462 512 513 462 
38 229 13 25 462 512 513 462 
38 229 13 25 462 512 513 462 
38 229 13 25 462 512 513 462 
38 229 13 25 462 512 513 462 
38 229 572 413 25 462 462 
38 229 5 6 25 462 61 462 
38 229 5 6 25 462 61 462 
38 229 5 6 25 462 61 462 
38 229 5 6 25 462 61 462 
38 229 5 6 25 462 61 462 
38 229 5 6 25 462 61 462 
38 229 5 6 25 462 61 462 
38 229 5 6 25 462 61 462 
38 229 5 6 25 462 61 462 
38 229 5 6 25 462 61 462 
38 229 5 6 25 462 61 462 
38 229 5 6 25 462 61 462 
38 229 5 6 25 462 61 462 
38 229 5 6 25 462 61 462 
38 229 5 6 25 462 61 462 
38 229 5 6 25 462 61 462 
38 229 5 6 25 462 61 462 
38 229 25 462 36 462 
38 229 25 462 36 462 
38 229 25 462 462 
38 229 25 462 462 
38 229 25 462 462 
38 229 25 462 462 
38 229 5 6 25 462 61 462 
38 229 5 6 25 462 61 462 
38 229 5 6 25 462 61 462 
38 229 5 6 25 462 61 462 
38 229 5 6 25 462 61 462 
38 229 5 6 25 462 61 462 
38 229 5 6 25 462 61 462 
38 229 25 462 462 
38 229 25 462 462 
38 229 25 462 462 
38 229 25 462 462 
1 38 2 229 25 462 142 36 462 
38 229 5 6 25 462 61 462 
38 229 5 6 25 462 61 462 
38 229 5 6 25 462 61 462 
38 229 5 6 25 462 61 462 
38 229 25 462 462 
38 229 5 6 25 462 61 462 
38 229 5 6 25 462 61 462 
38 229 5 6 25 462 61 462 
38 229 5 6 25 462 61 462 
38 229 5 6 25 462 61 462 
38 229 5 6 25 462 61 462 
38 229 42 5 6 25 462 61 462 
38 229 5 6 25 462 61 462 
38 229 5 6 25 462 61 462 
38 229 5 6 25 462 61 462 
38 229 5 6 25 462 61 462 
38 229 5 6 25 462 61 462 
38 229 5 6 25 462 61 462 
38 229 5 6 25 462 61 462 
38 229 5 6 25 462 61 462 
38 229 5 6 25 462 61 462 
38 229 5 6 25 462 61 462 
38 229 5 6 25 462 61 462 
38 229 5 6 25 462 61 462 
38 229 25 462 462 
38 229 25 462 462 
38 229 13 25 462 14 462 
38 229 25 462 462 
38 229 25 462 462 
38 229 25 462 462 
38 229 25 462 462 
38 229 25 462 462 
38 229 5 6 25 462 61 462 
38 229 5 6 25 462 61 462 
38 229 25 462 462 
38 229 159 25 462 36 130 462 
38 229 25 462 142 36 462 
38 229 5 25 8 462 462 
38 229 5 25 8 462 462 
38 229 5 25 8 462 462 
38 229 5 25 8 462 462 
38 229 5 25 8 462 462 
38 229 5 25 8 462 462 
38 229 5 25 8 462 462 
38 229 5 25 8 462 462 
38 229 5 25 8 462 462 
38 229 145 42 5 25 8 462 462 
38 229 5 25 8 462 462 
1 38 2 229 5 25 8 462 462 
38 229 5 25 8 462 462 
38 229 5 25 8 462 462 
38 229 5 25 8 462 462 
38 229 5 25 8 462 462 
38 229 5 25 8 462 462 
38 229 5 25 8 462 462 
38 229 5 25 8 462 462 
38 229 5 25 8 462 462 
38 229 5 25 8 462 462 
38 229 5 25 8 462 462 
38 229 5 25 8 462 462 
38 229 5 25 8 462 462 
38 229 5 25 8 462 462 
38 229 5 25 8 462 462 
38 229 5 25 8 462 462 
38 229 5 25 8 462 462 
38 229 5 25 8 462 462 
38 229 5 25 8 462 462 
38 229 5 25 8 462 462 
38 229 5 25 8 462 462 
38 229 5 25 8 462 462 
38 229 5 25 8 462 462 
38 229 5 25 8 462 462 
38 229 5 25 8 462 462 
38 229 5 25 8 462 462 
38 229 5 25 8 462 462 
38 229 5 25 8 462 462 
38 229 5 25 8 462 462 
38 229 5 25 8 462 462 
38 229 5 25 8 462 462 
38 229 5 25 8 462 462 
38 229 5 25 8 462 462 
38 229 5 25 8 462 462 
38 229 5 25 8 462 462 
38 229 5 25 8 462 462 
38 229 5 25 8 462 462 
38 229 5 25 8 462 462 
38 229 5 25 8 462 462 
38 229 5 25 8 462 462 
38 229 5 25 8 462 462 
38 229 5 25 8 462 462 
38 229 5 25 8 462 462 
38 229 5 25 8 462 462 
38 229 5 25 8 462 462 
38 229 5 25 8 462 462 
38 229 5 25 8 462 462 
38 229 5 25 8 462 462 
38 229 5 25 8 462 462 
38 229 5 25 8 462 462 
38 229 5 25 8 462 462 
38 229 5 25 8 462 462 
38 229 5 25 8 462 462 
38 229 5 25 8 462 462 
38 229 5 25 8 462 462 
38 229 5 25 8 462 462 
38 229 5 25 8 462 462 
38 229 5 25 8 462 462 
38 229 5 25 8 462 462 
38 229 5 25 8 462 462 
38 229 5 25 8 462 462 
38 229 5 25 8 462 462 
38 229 5 25 8 462 462 
38 229 5 25 8 462 462 
38 229 5 25 8 462 462 
38 229 5 25 8 462 462 
38 229 5 25 8 462 462 
38 229 5 25 8 462 462 
38 229 5 25 8 462 462 
38 229 5 25 8 462 462 
38 229 5 25 8 462 462 
38 229 5 25 8 462 462 
38 229 5 25 8 462 462 
38 229 5 25 8 462 462 
38 229 21 25 462 462 
38 229 21 25 462 462 
38 229 21 25 462 462 
38 229 21 25 462 462 
38 229 21 25 462 462 
38 229 21 25 462 462 
38 229 21 25 462 462 
38 229 21 25 462 462 
38 229 21 25 462 462 
38 229 21 25 462 462 
38 229 21 25 462 462 
38 229 21 25 462 462 
38 229 21 25 462 462 
38 229 21 25 462 462 
38 229 21 25 462 462 
38 229 21 25 462 462 
38 229 21 25 462 462 
38 229 21 25 462 462 
38 229 21 25 462 462 
38 229 21 25 462 462 
38 229 21 25 462 462 
38 229 5 25 8 462 462 
51 38 229 313 78 5 25 8 462 462 
38 229 5 25 8 462 462 
38 229 5 25 8 462 462 
38 229 21 25 462 462 
38 229 25 462 462 
38 229 25 462 462 
53 54 51 38 229 25 462 462 
38 229 5 6 25 462 61 462 
38 229 25 462 462 
38 229 25 462 462 
38 229 25 462 462 
38 229 25 462 462 
38 229 25 462 462 
38 229 25 462 462 
38 229 25 462 462 
38 229 25 462 462 
38 229 25 462 142 36 462 
38 229 25 462 142 36 462 
38 229 25 462 462 
38 229 25 462 462 
38 229 25 462 36 130 462 
38 229 25 462 462 
38 229 25 462 462 
38 229 25 462 462 
38 229 25 462 462 
38 229 25 462 462 
38 229 25 462 462 
38 229 25 462 462 
38 229 25 462 462 
38 229 145 42 25 462 462 
38 229 25 462 462 
38 229 25 462 462 
38 229 5 6 25 462 61 462 
38 229 5 6 25 462 61 462 
38 229 25 462 462 
38 229 5 6 25 462 61 462 
38 229 5 6 25 462 61 462 
38 229 5 6 25 462 61 462 
38 229 5 6 25 462 61 462 
38 39 229 5 6 25 462 61 462 
38 229 5 6 25 462 61 462 
38 229 5 6 25 462 61 462 
38 229 5 6 25 462 61 462 
38 229 5 6 25 462 61 462 
38 229 5 6 25 462 61 462 
38 229 5 6 25 462 61 462 
38 229 5 6 25 462 61 462 
38 229 42 5 6 25 462 61 462 
38 229 5 6 25 462 61 462 
38 229 5 6 25 8 462 61 462 
38 229 5 6 25 8 462 61 462 
38 229 5 6 25 8 462 61 462 
38 229 5 6 25 8 462 61 462 
38 229 5 6 25 8 462 61 462 
38 229 5 6 25 8 462 61 462 
38 229 5 6 25 8 462 61 462 
38 229 42 5 6 25 8 462 61 462 
38 229 5 6 25 8 462 61 462 
38 229 5 6 25 8 462 61 462 
38 229 5 6 25 8 462 61 462 
38 229 5 6 25 8 462 61 462 
38 229 5 6 25 8 462 61 462 
38 229 25 462 462 
38 229 25 462 462 
38 229 25 462 462 
38 229 25 462 462 
38 229 25 462 462 
38 229 5 6 25 462 61 462 
38 229 5 6 25 462 61 462 
38 229 5 6 25 462 61 462 
38 229 5 6 25 462 61 462 
38 229 25 462 142 36 462 
38 229 25 462 142 36 462 
38 229 25 462 142 36 462 
38 229 5 6 25 462 61 462 
38 229 5 6 25 462 61 462 
38 229 5 6 25 462 61 462 
38 229 5 6 25 462 61 462 
38 229 42 25 462 462 
38 229 25 462 462 
38 229 25 462 462 
38 229 25 462 462 
38 229 25 462 462 
38 229 5 6 25 462 61 462 
38 229 5 6 25 462 61 462 
38 229 25 462 462 
38 229 21 25 462 462 
38 229 21 25 462 462 
38 229 21 25 462 462 
38 229 21 25 462 462 
38 229 21 25 462 462 
38 229 21 25 462 462 
38 229 21 25 462 462 
38 229 21 25 462 462 
38 229 21 25 462 462 
38 229 21 25 462 462 
38 229 21 25 462 462 
38 229 21 25 462 462 
38 229 21 25 462 462 
38 229 5 6 25 462 61 462 
38 229 5 6 25 462 61 462 
38 229 5 6 25 462 61 462 
38 229 5 6 25 462 61 462 
38 229 5 6 25 462 61 462 
38 229 5 6 25 462 61 462 
38 229 5 6 25 462 61 462 
38 229 5 6 25 462 61 462 
38 229 5 6 25 462 61 462 
38 229 5 6 25 462 61 462 
38 229 5 6 25 462 61 462 
38 229 5 6 25 462 61 462 
38 229 5 25 8 462 462 
38 229 5 25 8 462 462 
38 229 5 25 8 462 462 
38 229 5 25 8 462 462 
38 229 5 25 8 462 462 
38 229 5 25 8 462 462 
38 229 5 25 8 462 462 
38 229 5 25 8 462 462 
38 229 5 25 8 462 462 
38 229 5 25 8 462 462 
38 229 5 25 8 462 462 
38 229 5 25 8 462 462 
38 229 25 462 462 
38 229 5 25 8 462 462 
38 229 5 25 8 462 462 
38 229 5 25 8 462 462 
38 229 5 6 25 8 462 61 462 
38 229 5 6 25 8 462 61 462 
38 229 5 6 25 8 462 61 462 
38 229 5 6 25 8 462 61 462 
38 229 5 6 25 8 462 61 462 
38 229 5 6 25 8 462 61 462 
38 229 5 6 25 8 462 61 462 
38 229 5 6 25 8 462 61 462 
38 229 5 6 25 462 61 462 
38 229 5 6 25 462 61 462 
38 229 5 6 25 462 61 462 
38 229 5 6 25 462 61 462 
38 229 5 6 25 8 462 61 462 
38 229 5 6 25 8 462 61 462 
38 229 5 6 25 8 462 61 462 
38 229 5 6 25 8 462 61 462 
38 229 5 6 25 8 462 61 462 
38 229 5 6 25 8 462 61 462 
38 229 5 6 25 8 462 61 462 
38 229 5 6 25 8 462 61 462 
38 229 5 6 25 8 462 61 462 
38 229 5 6 25 8 462 61 462 
38 229 5 6 25 8 462 61 462 
38 229 5 6 25 8 462 61 462 
38 229 5 6 25 8 462 61 462 
38 229 5 6 25 8 462 61 462 
38 229 5 6 25 8 462 61 462 
38 229 5 6 25 8 462 61 462 
38 229 5 6 25 8 462 61 462 
38 229 5 6 25 462 61 462 
38 229 5 6 25 462 61 462 
38 229 5 6 25 462 61 462 
38 229 5 6 25 462 61 462 
38 229 5 6 25 462 61 462 
38 229 5 6 25 462 61 462 
38 229 5 6 25 462 61 462 
38 229 5 6 25 462 61 462 
38 229 5 6 25 462 61 462 
38 229 5 6 25 462 61 462 
38 229 5 6 25 462 61 462 
38 229 5 6 25 462 61 462 
38 229 5 6 25 462 61 462 
1 15 38 229 25 462 462 
38 229 25 462 462 
38 229 25 462 462 
38 229 25 462 462 
38 229 25 462 462 
184 1 15 38 185 229 25 462 462 
38 229 25 462 462 
38 229 25 462 462 
38 229 42 25 462 462 
38 229 25 462 462 
38 229 25 462 462 
38 229 25 462 462 
38 229 25 462 462 
38 229 25 462 462 
38 229 25 462 462 
38 229 25 462 462 
38 229 25 462 462 
38 229 25 462 462 
38 229 25 462 462 
38 229 25 462 462 
38 229 25 462 462 
38 229 5 6 25 462 61 462 
38 229 5 6 25 462 61 462 
38 229 5 6 25 462 61 462 
38 229 5 6 25 462 61 462 
38 229 5 6 25 462 61 462 
38 229 5 6 25 462 61 462 
38 229 5 6 25 462 61 462 
38 229 5 6 25 462 61 462 
38 229 5 6 25 462 61 462 
38 229 5 6 25 462 61 462 
38 229 5 6 25 462 61 462 
38 229 5 6 25 462 61 462 
38 229 5 6 25 462 61 462 
38 229 5 6 25 462 61 462 
38 229 5 6 25 462 61 462 
38 229 5 6 25 462 61 462 
38 229 5 6 25 462 61 462 
38 229 25 462 462 
38 229 5 6 25 462 61 462 
38 229 5 6 25 462 61 462 
38 229 5 6 25 462 61 462 
38 229 5 6 25 462 61 462 
38 229 5 6 25 462 61 462 
38 229 5 6 25 462 61 462 
38 229 5 6 25 8 462 61 462 
38 229 5 6 25 8 462 61 462 
38 229 5 6 25 8 462 61 462 
38 229 5 6 25 8 462 61 462 
38 229 25 462 462 
38 229 21 25 462 462 
38 229 25 462 462 
38 229 25 462 462 
38 229 5 6 25 462 61 462 
38 229 5 6 25 462 61 462 
38 229 25 462 462 
38 229 25 462 462 
38 229 25 462 462 
38 229 25 462 462 
38 229 25 462 462 
1 15 38 229 43 25 462 462 
38 229 25 462 36 462 
38 229 5 6 25 462 61 462 
38 229 5 6 25 462 61 462 
38 229 5 6 25 462 61 462 
38 229 5 6 25 462 61 462 
38 229 5 6 25 462 61 462 
38 229 5 6 25 462 61 462 
38 229 5 6 25 462 61 462 
38 229 5 6 25 462 61 462 
38 229 5 6 25 462 61 462 
38 229 5 6 25 462 61 462 
38 229 5 6 25 462 61 462 
38 229 25 462 462 
38 229 25 142 462 36 462 
38 229 25 142 462 36 462 
38 229 25 142 462 36 462 
38 229 25 142 462 36 462 
38 229 25 142 462 36 462 
38 229 25 142 462 36 462 
38 229 42 25 142 462 36 462 
38 229 25 142 462 36 462 
38 229 25 142 462 36 462 
38 229 25 142 462 36 462 
38 229 25 142 462 36 462 
38 229 25 142 462 36 462 
38 229 25 142 462 36 462 
38 229 25 142 462 36 462 
38 229 25 142 462 36 462 
38 229 25 142 462 36 462 
38 229 25 142 462 36 462 
38 229 25 142 462 36 462 
38 229 25 142 462 36 462 
38 229 25 142 462 36 462 
38 229 25 142 462 36 462 
38 229 25 142 462 36 462 
38 229 25 142 462 36 462 
38 229 25 142 462 36 462 
38 229 25 142 462 36 462 
38 229 25 142 462 36 462 
38 229 25 142 462 36 462 
38 229 25 142 462 36 462 
38 229 42 5 6 25 462 61 462 
38 229 5 6 25 462 61 462 
38 229 5 6 25 462 61 462 
38 229 25 462 462 
38 229 25 462 462 
38 229 42 25 462 462 
38 229 25 462 462 
1 15 38 229 25 462 462 
38 229 5 25 8 462 462 
38 229 5 25 8 462 462 
38 229 5 25 8 462 462 
38 229 5 25 8 462 462 
38 229 25 462 462 
38 229 5 6 25 462 61 462 
38 229 5 6 25 462 61 462 
38 229 5 6 25 462 61 462 
38 229 5 6 25 462 61 462 
38 229 5 6 25 462 61 462 
38 229 5 6 25 462 61 462 
38 229 5 6 25 462 61 462 
38 229 5 6 25 462 61 462 
38 229 5 6 25 462 61 462 
38 229 5 6 25 462 61 462 
38 229 5 6 25 462 61 462 
38 229 5 6 25 462 61 462 
38 229 159 25 462 36 130 462 
38 229 159 25 462 36 130 462 
38 229 159 25 462 36 130 462 
38 229 159 25 462 36 130 462 
38 229 159 25 462 36 130 462 
38 229 159 25 462 36 130 462 
38 229 159 25 462 36 130 462 
38 229 159 25 462 36 130 462 
38 229 159 25 462 36 130 462 
38 229 159 25 462 36 130 462 
38 229 159 25 462 36 130 462 
38 229 159 25 462 36 130 462 
38 229 5 6 25 462 61 462 
38 229 5 6 25 462 61 462 
38 229 5 6 25 462 61 462 
38 229 5 6 25 462 61 462 
38 229 5 6 25 462 61 462 
38 229 5 6 25 462 61 462 
38 229 25 462 462 
38 229 25 462 462 
38 229 25 462 462 
38 229 25 462 462 
38 229 25 462 462 
38 229 25 462 462 
38 229 25 462 462 
38 229 25 462 462 
38 229 25 462 462 
38 229 25 462 462 
38 229 25 462 462 
38 229 25 462 462 
38 229 25 462 462 
38 229 25 462 462 
38 229 25 462 462 
38 229 25 462 462 
38 229 25 462 462 
38 229 25 462 462 
38 229 25 462 462 
38 229 5 6 25 462 61 462 
38 229 42 5 6 25 462 61 462 
38 229 5 6 25 462 61 462 
38 229 5 6 25 462 61 462 
38 229 5 6 25 462 61 462 
38 229 5 6 25 462 61 462 
38 229 5 6 25 462 61 462 
38 229 25 462 462 
38 229 25 462 462 
38 229 25 462 462 
38 229 25 462 462 
38 229 25 462 462 
38 229 25 462 462 
38 229 25 462 462 
38 229 25 462 462 
38 229 25 462 462 
38 229 25 462 462 
38 229 25 462 462 
38 229 25 462 462 
38 229 25 462 462 
38 229 25 462 462 
38 229 25 462 462 
38 229 25 462 462 
38 229 25 462 462 
38 229 25 462 462 
38 229 25 462 462 
38 229 25 462 462 
38 229 25 462 462 
38 229 25 462 462 
38 229 25 462 462 
38 229 25 462 462 
38 229 25 462 462 
38 229 25 462 462 
38 229 25 462 462 
38 229 25 462 462 
38 229 25 462 462 
38 229 25 462 462 
38 229 25 462 462 
38 229 25 462 462 
38 229 25 462 462 
38 229 25 462 462 
38 229 25 462 462 
38 229 25 462 462 
38 229 25 462 462 
38 229 25 462 462 
38 229 25 462 462 
38 229 25 462 462 
38 229 25 462 462 
38 229 25 462 462 
38 229 25 462 462 
38 229 25 462 462 
38 229 25 462 462 
38 229 25 462 462 
38 229 25 462 462 
38 229 25 462 462 
38 229 25 462 462 
38 229 25 462 462 
38 229 25 462 462 
38 229 25 462 462 
38 229 25 462 462 
38 229 25 462 462 
38 229 25 462 462 
38 229 25 462 462 
38 229 25 462 462 
38 229 25 462 462 
38 229 25 462 462 
38 229 25 462 462 
38 229 25 462 462 
38 229 25 462 462 
38 229 25 462 462 
38 229 25 462 462 
38 229 25 462 462 
38 229 25 462 462 
38 229 25 462 462 
38 229 25 462 462 
38 229 25 462 462 
38 229 25 462 462 
38 229 25 462 462 
38 229 5 6 25 462 61 462 
38 229 5 6 25 462 61 462 
38 229 5 6 25 462 61 462 
38 229 5 6 25 462 61 462 
38 229 5 6 25 462 61 462 
38 229 5 6 25 462 61 462 
38 229 5 6 25 462 61 462 
38 229 5 6 25 462 61 462 
38 229 5 6 25 462 61 462 
38 229 5 6 25 462 61 462 
38 229 5 6 25 462 61 462 
38 229 5 6 25 462 61 462 
38 229 5 6 25 462 61 462 
38 229 5 6 25 462 61 462 
38 229 5 6 25 462 61 462 
38 229 5 6 25 462 61 462 
38 229 145 42 5 6 25 462 61 462 
38 229 5 6 25 462 61 462 
38 229 5 6 25 462 61 462 
38 229 5 6 25 462 61 462 
38 229 5 6 25 462 61 462 
38 229 5 6 25 462 61 462 
38 229 5 6 25 462 61 462 
38 229 5 6 25 462 61 462 
38 229 5 6 25 462 61 462 
38 229 5 6 25 462 61 462 
38 229 5 6 25 462 61 462 
38 229 5 6 25 462 61 462 
38 229 5 6 25 462 61 462 
38 229 5 6 25 462 61 462 
38 229 5 6 25 462 61 462 
38 229 25 462 462 
38 229 25 462 462 
38 229 25 462 462 
38 229 25 462 462 
38 229 25 462 462 
38 229 25 462 462 
38 229 25 462 462 
38 229 25 462 462 
38 229 25 462 462 
38 229 5 6 25 462 61 462 
38 229 25 462 462 
38 229 5 25 8 462 462 
38 229 5 25 8 462 462 
38 229 5 25 8 462 462 
38 229 5 25 8 462 462 
38 229 25 462 462 
38 229 25 462 462 
38 229 25 462 462 
38 229 25 462 462 
38 229 25 462 462 
38 229 25 462 462 
38 229 25 462 462 
38 229 25 462 462 
38 229 25 462 462 
38 229 25 462 462 
38 229 25 462 462 
38 229 25 462 462 
38 229 25 462 462 
38 229 25 462 462 
38 229 25 462 462 
38 229 25 462 462 
38 229 25 462 462 
38 229 25 462 462 
38 229 25 462 462 
38 229 25 462 462 
38 229 25 462 462 
38 229 25 462 462 
38 229 25 462 462 
38 229 25 462 462 
38 229 25 462 462 
38 229 25 462 462 
38 229 5 25 8 462 462 
38 229 25 462 462 
1 15 38 229 25 462 462 
38 229 25 462 462 
38 229 25 462 462 
38 229 25 462 462 
38 229 25 462 462 
38 229 5 6 25 462 61 462 
38 229 5 6 25 462 61 462 
38 229 5 6 25 462 61 462 
38 229 5 6 25 462 61 462 
184 1 15 38 185 229 5 6 25 462 61 462 
38 229 5 6 25 462 61 462 
38 229 21 25 462 462 
38 229 21 25 462 462 
38 229 21 25 462 462 
38 229 21 25 462 462 
38 229 21 25 462 462 
1 38 2 229 21 25 462 462 
1 38 2 229 21 25 462 462 
38 229 21 25 462 462 
38 229 21 25 462 462 
1 38 2 229 21 25 462 462 
38 229 21 25 462 462 
38 229 21 25 462 462 
38 229 21 25 462 462 
38 229 21 25 462 462 
38 229 21 25 462 462 
38 229 21 25 462 462 
38 229 21 25 462 462 
38 229 21 25 462 462 
38 229 21 25 462 462 
38 229 21 25 462 462 
38 229 21 25 462 462 
38 229 21 25 462 462 
38 229 21 25 462 462 
38 229 21 25 462 462 
38 229 21 25 462 462 
38 229 21 25 462 462 
38 229 21 25 462 462 
38 229 21 25 462 462 
38 229 21 25 462 462 
38 229 21 25 462 462 
38 229 21 25 462 462 
38 229 21 25 462 462 
38 229 21 25 462 462 
38 229 21 25 462 462 
38 229 21 25 462 462 
38 229 21 25 462 462 
38 229 21 25 462 462 
38 229 21 25 462 462 
38 229 21 25 462 462 
38 229 21 25 462 462 
38 229 21 25 462 462 
38 229 21 25 462 462 
38 229 21 25 462 462 
38 229 21 25 462 462 
38 229 21 25 462 462 
38 229 21 25 462 462 
38 229 21 25 462 462 
38 229 21 25 462 462 
38 229 21 25 462 462 
38 229 21 25 462 462 
38 229 21 25 462 462 
38 229 21 25 462 462 
38 229 21 25 462 462 
38 229 21 25 462 462 
38 229 21 25 462 462 
38 229 21 25 462 462 
38 229 21 25 462 462 
38 229 21 25 462 462 
38 229 21 25 462 462 
38 229 21 25 462 462 
38 229 21 25 462 462 
38 229 21 25 462 462 
38 229 21 25 462 462 
38 229 21 25 462 462 
38 229 21 25 462 462 
38 229 21 25 462 462 
38 229 21 25 462 462 
38 229 21 25 462 462 
38 229 21 25 462 462 
38 229 21 25 462 462 
38 229 21 25 462 462 
38 229 21 25 462 462 
38 229 21 25 462 462 
38 229 21 25 462 462 
38 229 21 25 462 462 
38 229 21 25 462 462 
38 229 25 462 462 
38 229 25 462 462 
38 229 25 462 462 
38 229 25 462 462 
38 229 25 462 462 
38 229 25 462 462 
38 229 25 462 462 
38 229 25 462 462 
38 229 25 462 462 
38 229 21 25 462 462 
38 229 21 25 462 462 
38 229 21 25 462 462 
38 229 21 25 462 462 
38 229 21 25 462 462 
38 229 21 25 462 462 
38 229 25 462 462 
38 229 25 462 462 
38 229 25 462 462 
38 229 25 462 462 
38 229 25 462 462 
38 229 21 25 462 462 
38 229 21 25 462 462 
38 229 21 25 462 462 
38 229 21 25 462 462 
38 229 21 25 462 462 
1 382 38 2 229 167 5 6 25 8 462 61 462 
38 229 5 6 25 8 462 61 462 
38 229 5 6 25 8 462 61 462 
38 229 5 6 25 8 462 61 462 
38 229 5 6 25 8 462 61 462 
38 229 5 6 25 8 462 61 462 
38 229 5 6 25 8 462 61 462 
38 229 145 42 5 6 25 8 462 61 462 
38 229 5 6 25 8 462 61 462 
38 229 5 6 25 8 462 61 462 
38 229 5 6 25 8 462 61 462 
38 229 5 6 25 8 462 61 462 
38 229 5 6 25 8 462 61 462 
38 229 5 6 25 8 462 61 462 
38 229 5 6 25 8 462 61 462 
38 229 5 6 25 8 462 61 462 
38 229 5 6 25 8 462 61 462 
38 229 5 6 25 8 462 61 462 
38 229 5 6 25 8 462 61 462 
38 229 5 6 25 8 462 61 462 
38 229 5 6 25 8 462 61 462 
38 229 5 6 25 8 462 61 462 
38 229 25 462 462 
38 229 5 6 25 462 61 462 
38 229 5 6 25 462 61 462 
38 229 5 6 25 462 61 462 
38 229 5 6 25 462 61 462 
38 229 5 6 25 462 61 462 
38 229 5 6 25 462 61 462 
38 229 5 6 25 462 61 462 
38 229 42 5 6 25 462 61 462 
38 229 5 6 25 462 61 462 
38 229 5 6 25 462 61 462 
38 229 5 6 25 462 61 462 
38 229 5 6 25 462 61 462 
38 229 5 6 25 462 61 462 
38 229 5 6 25 462 61 462 
38 229 5 6 25 462 61 462 
38 229 5 6 25 462 61 462 
38 229 5 6 25 462 61 462 
38 229 5 6 25 462 61 462 
38 229 5 6 25 462 61 462 
1 38 2 229 5 6 25 462 61 462 
38 229 25 462 142 36 462 
1 38 2 229 25 462 142 36 462 
38 229 25 462 462 
38 229 25 462 462 
38 229 25 462 462 
38 229 25 462 462 
38 229 25 462 462 
38 229 25 462 462 
38 229 25 462 462 
38 229 25 462 462 
38 229 25 462 462 
38 229 25 462 462 
38 229 25 462 462 
38 229 25 462 462 
38 229 25 462 462 
38 229 25 462 462 
38 229 25 462 462 
38 229 25 462 462 
38 229 5 6 25 462 61 462 
38 229 5 6 25 462 61 462 
38 229 25 462 462 
38 229 5 25 8 462 462 
38 229 25 462 36 462 
38 229 5 6 25 462 61 462 
38 229 5 6 25 462 61 462 
38 229 5 6 25 462 61 462 
38 229 25 462 462 
38 229 25 462 462 
38 229 25 462 462 
38 229 25 462 462 
38 229 25 462 462 
38 229 25 462 462 
38 229 5 6 25 462 61 462 
38 229 5 6 25 462 61 462 
38 229 5 6 25 462 61 462 
38 229 5 6 25 462 61 462 
38 229 5 6 25 462 61 462 
38 229 5 6 25 462 61 462 
38 229 5 6 25 462 61 462 
38 229 5 6 25 462 61 462 
38 229 5 6 25 462 61 462 
38 229 5 6 25 462 61 462 
38 229 5 6 25 462 61 462 
38 229 25 462 462 
38 229 25 462 462 
38 229 25 462 462 
38 229 25 462 462 
38 229 25 462 462 
38 229 25 462 462 
38 229 25 462 462 
38 229 25 462 462 
38 229 25 462 462 
38 229 25 462 462 
38 229 5 21 25 8 462 462 
38 229 5 21 25 8 462 462 
38 229 5 21 25 8 462 462 
38 229 5 21 25 8 462 462 
38 229 25 462 462 
38 229 25 462 462 
38 229 25 462 462 
38 229 25 462 462 
38 229 25 462 462 
38 229 25 462 462 
38 229 25 462 462 
38 229 25 462 462 
38 229 25 462 462 
38 229 25 462 462 
38 229 25 462 462 
38 229 25 462 462 
38 229 5 25 8 462 462 
38 229 5 25 8 462 462 
38 229 25 462 462 
38 229 25 462 462 
38 229 25 462 462 
38 229 25 462 462 
38 229 25 462 462 
1 38 2 229 25 462 462 
38 229 25 462 462 
38 229 25 462 462 
38 229 25 462 462 
38 229 25 462 462 
38 229 25 462 462 
38 229 25 462 462 
38 229 25 462 462 
38 229 25 462 462 
38 229 25 462 462 
38 229 25 462 462 
38 229 25 462 462 
38 229 25 462 462 
38 229 25 462 462 
38 229 25 462 462 
38 229 25 462 462 
38 229 25 462 462 
38 229 25 462 462 
38 229 25 462 462 
38 229 25 462 462 
38 229 25 462 462 
38 229 25 462 462 
38 229 25 462 462 
38 229 25 462 462 