42 73 368 5 8 36 165 36 
40 582 42 5 8 36 165 36 
40 582 42 5 8 36 120 36 
40 582 42 5 8 36 165 36 
42 73 368 5 8 36 165 36 
42 73 368 5 8 36 165 36 
40 582 42 5 8 36 165 36 
40 582 42 5 91 6 92 36 36 
40 582 42 5 8 36 35 36 
40 582 42 254 36 255 36 
42 73 368 5 8 36 165 36 
42 73 368 5 8 36 165 36 
42 73 368 5 8 36 165 36 
42 73 368 5 8 36 165 36 
42 73 368 5 8 36 165 36 
42 73 368 5 8 36 165 36 
42 73 368 5 8 36 36 
42 73 368 5 8 36 36 
42 73 368 5 8 36 36 
42 73 368 5 8 36 36 
40 582 42 5 8 36 36 
40 582 42 7 10 11 36 36 
42 73 368 5 8 36 165 36 
40 582 42 73 5 8 36 165 36 
42 73 368 5 8 36 165 36 
40 582 42 5 8 36 36 
40 582 42 133 21 22 36 68 24 36 
40 582 42 254 36 255 36 
42 73 368 254 36 255 36 
42 73 368 254 36 255 36 
40 582 42 5 143 8 36 144 36 
42 73 368 254 36 255 36 
1 2 42 73 368 5 254 36 255 36 
40 582 42 5 254 8 36 255 36 
42 73 368 5 254 8 36 255 36 
40 582 178 136 42 5 254 8 36 255 36 
42 73 368 5 36 36 
42 73 368 254 36 10 11 255 36 
42 73 368 5 254 36 255 36 
42 73 368 5 254 36 255 36 
42 73 368 5 254 36 255 36 
42 73 368 5 36 36 
42 73 368 5 36 36 
40 582 42 5 8 36 165 36 
40 582 42 5 48 6 583 36 36 
42 73 368 5 8 36 165 36 
42 73 368 5 8 36 165 36 
42 73 368 5 8 36 165 36 
40 582 42 73 5 8 36 165 36 
40 582 42 5 8 36 165 36 
42 73 368 5 8 36 165 36 
40 582 42 5 8 36 120 36 
40 582 42 254 36 255 36 
40 582 42 73 5 8 36 165 36 
42 73 368 254 36 255 36 
40 582 42 5 8 36 120 36 
40 582 42 5 8 36 165 36 
40 582 42 5 8 36 165 36 
42 73 368 5 8 36 165 36 
42 73 368 5 8 36 165 36 
40 582 42 5 8 36 165 36 
166 95 42 73 368 5 8 36 165 36 
40 582 42 5 8 36 165 36 
42 73 368 5 8 36 165 36 
42 73 368 5 8 36 165 36 
42 73 368 5 8 36 165 36 
42 73 368 5 8 36 165 36 
1 40 582 2 42 5 8 36 165 36 
42 73 368 5 8 36 165 36 
40 582 42 5 8 36 36 
42 73 368 5 8 36 165 36 
42 73 368 5 8 36 144 201 36 
42 73 368 5 8 36 144 201 36 
40 582 42 36 36 
42 73 368 5 8 36 165 36 
42 73 368 5 8 36 165 36 
40 582 42 5 8 36 165 36 
1 2 42 73 368 5 8 36 165 36 
40 582 42 142 36 36 
42 73 368 5 6 374 36 61 36 
40 582 42 5 8 36 165 36 
42 73 368 5 8 36 165 36 
40 582 42 5 8 36 573 36 
42 73 368 5 8 36 165 36 
42 73 368 5 8 36 165 36 
40 582 42 73 36 122 123 36 
40 582 42 152 36 122 153 36 
40 582 42 254 36 255 36 
40 582 42 254 481 370 36 36 
42 73 368 254 369 370 142 36 36 
42 73 368 254 369 370 142 36 36 
42 73 368 5 8 36 165 36 
42 73 368 5 8 36 165 36 
40 582 42 5 8 36 165 36 
42 73 368 5 8 36 165 36 
42 73 368 254 36 255 36 
40 582 42 254 36 255 36 
42 73 368 5 8 36 165 36 
42 73 368 5 8 36 165 36 
42 73 368 5 8 36 165 36 
42 73 368 5 8 36 165 36 
42 73 368 5 8 36 165 36 
42 73 368 5 8 36 165 36 
42 73 368 5 8 36 165 36 
42 73 368 5 8 36 35 36 
42 73 368 5 8 36 165 36 
42 73 368 5 8 36 36 
40 582 42 5 143 8 36 144 36 
1 15 42 43 73 368 5 8 36 165 36 
42 73 368 5 8 36 165 36 
42 73 368 5 8 36 165 36 
40 582 42 5 8 36 165 36 
42 73 368 48 5 6 36 36 
40 582 42 5 8 36 36 
40 582 42 5 8 36 36 
40 582 42 5 8 36 36 
42 73 368 5 8 36 36 
40 582 42 152 36 153 36 
40 582 42 5 8 36 36 
42 73 368 5 8 36 36 
42 73 368 5 8 36 165 36 
42 73 368 5 8 36 36 
42 73 368 5 8 36 36 
40 582 42 5 8 36 165 36 
42 73 368 5 8 36 165 36 
40 582 42 5 8 36 165 36 
42 73 368 5 8 36 36 
40 582 42 5 8 36 36 
42 73 368 5 8 36 36 
42 73 368 5 8 36 36 
40 582 42 5 8 36 36 
42 73 368 5 8 36 36 
40 582 42 36 283 36 
1 40 582 42 5 8 36 36 
40 582 42 73 5 36 36 
40 582 42 5 36 36 
40 582 42 73 5 36 36 
40 582 42 73 5 36 36 
40 582 42 5 36 36 
40 582 42 254 36 255 36 
40 582 145 42 254 152 36 255 153 36 
42 73 368 36 36 
40 582 42 36 36 
40 582 42 36 36 
42 73 368 5 8 36 165 36 
42 73 368 5 8 36 165 36 
42 73 368 5 8 36 165 36 
42 73 368 5 8 36 165 36 
40 582 42 5 8 36 165 36 
40 582 42 73 5 8 36 165 36 
42 73 368 5 8 36 165 36 
42 73 368 398 254 36 36 
42 73 368 5 8 36 165 36 
40 582 42 5 8 36 165 36 
42 73 368 5 8 36 165 36 
42 73 368 5 8 36 165 36 
40 582 42 5 8 36 165 36 
42 73 368 5 8 36 165 36 
42 73 368 254 36 255 36 
1 40 582 42 36 122 123 36 
42 73 368 5 8 36 165 36 
40 582 42 5 8 36 165 36 
42 73 368 5 8 36 165 36 
42 73 368 5 8 36 165 36 
42 73 368 5 8 36 165 36 
42 73 368 5 8 36 165 36 
40 582 42 5 372 8 36 36 
1 40 582 15 42 43 5 372 8 36 36 
42 73 368 5 21 22 143 8 37 36 144 24 36 
40 582 42 5 8 36 36 
40 582 42 73 5 8 36 165 36 
42 73 368 5 8 36 165 36 
42 73 368 5 8 36 165 36 
42 73 368 5 8 36 165 36 
40 582 42 5 8 36 165 36 
40 582 42 5 8 36 165 36 
40 582 42 5 8 36 165 36 
40 582 42 5 8 36 165 36 
40 582 42 5 8 36 165 36 
42 73 368 5 8 36 165 36 
40 582 42 493 254 36 36 
42 73 368 5 8 36 165 36 
42 73 368 5 8 36 144 201 36 
40 582 42 5 344 162 8 36 36 
40 582 42 5 8 36 165 36 
1 40 582 2 42 5 8 36 36 
42 73 368 5 8 36 165 36 
42 73 368 5 8 36 165 36 
40 582 42 5 8 36 165 36 
40 582 42 5 8 36 165 36 
1 40 582 2 42 5 8 36 165 36 
40 582 42 5 143 8 36 144 36 
42 73 368 5 8 36 36 
42 73 368 5 143 8 36 144 36 
40 582 42 5 143 8 36 144 36 
40 582 42 5 8 36 165 36 
40 582 42 5 8 36 165 36 
42 73 368 5 8 36 165 36 
42 73 368 5 8 36 165 36 
42 73 368 5 8 36 165 36 
40 582 42 5 8 36 36 
40 582 42 36 122 123 36 
40 582 42 5 8 36 165 36 
40 582 42 5 8 36 165 36 
42 73 368 5 8 36 165 36 
40 582 42 5 8 36 165 36 
40 582 178 136 42 5 8 36 165 36 
42 73 368 152 36 153 36 
42 73 368 133 21 22 36 68 24 36 
40 582 42 5 8 36 165 36 
42 73 368 5 8 36 165 36 
42 73 368 398 254 36 36 
40 582 42 383 384 254 36 36 
42 73 368 36 36 
42 73 368 5 8 36 36 
40 582 42 5 8 36 165 36 
40 582 42 5 8 36 36 
42 73 368 5 6 374 36 61 36 
40 582 42 5 91 379 6 92 36 36 
42 73 368 5 8 36 165 36 
42 73 368 5 8 36 165 36 
42 73 368 254 36 255 36 
42 73 368 254 36 255 36 
40 582 42 73 5 91 379 6 92 36 36 
40 582 42 73 36 122 123 36 
40 582 42 152 36 153 36 
40 582 145 42 5 8 36 144 201 36 
42 73 368 5 8 36 165 36 
42 73 368 5 8 36 165 36 
145 42 73 368 383 384 254 36 36 
40 582 42 5 8 36 36 
42 73 368 5 8 36 36 
42 73 368 36 36 
42 73 368 36 36 
42 73 368 5 6 36 61 36 
40 582 42 73 36 36 
42 73 368 5 8 36 36 
42 73 368 5 143 8 36 144 36 
42 73 368 5 143 8 36 144 36 
40 582 42 5 8 36 165 36 
42 73 368 5 8 36 165 36 
40 582 42 398 254 36 36 
40 582 42 5 8 36 144 201 36 
42 73 368 5 8 36 165 36 
42 73 368 5 8 36 36 
40 582 42 5 8 36 36 
40 582 42 254 36 255 36 
42 73 368 5 8 36 36 
42 73 368 5 8 36 36 
42 73 368 5 8 36 165 36 
40 582 42 73 5 8 36 165 36 
1 40 582 15 42 43 5 8 36 36 
42 73 368 36 36 
40 582 42 5 8 36 36 
42 73 368 5 398 254 36 36 
40 582 42 5 398 254 36 36 
40 582 42 5 398 254 36 36 
42 73 368 5 8 36 165 36 
42 73 368 5 8 36 165 36 
42 73 368 5 8 36 122 36 
40 582 145 42 254 369 370 142 36 36 
42 73 368 5 8 36 36 
42 73 368 5 8 36 165 36 
42 73 368 254 36 255 36 
40 582 42 5 8 36 219 36 
42 73 368 5 8 36 219 36 
40 582 42 254 36 255 36 
40 582 178 136 42 48 5 6 36 36 
40 582 42 256 21 22 36 584 36 
42 73 368 5 8 36 165 36 
42 73 368 5 8 36 165 36 
42 73 368 5 8 36 165 36 
42 73 368 5 8 36 165 36 
42 73 368 5 8 36 165 36 
42 73 368 5 8 36 165 36 
40 582 42 5 8 36 165 36 
42 73 368 5 143 8 36 144 36 
42 73 368 5 8 36 144 201 36 
40 582 42 5 456 8 36 219 36 
1 40 582 18 19 20 2 42 5 91 6 92 36 36 
40 582 42 254 36 255 36 
42 73 368 36 122 123 36 
42 73 368 254 36 255 36 
42 73 368 254 36 255 36 
42 73 368 254 36 255 36 
40 582 42 36 122 123 36 
42 73 368 254 36 255 36 
42 73 368 142 36 36 
40 582 42 5 8 36 35 36 
145 42 73 368 5 8 36 165 36 
40 582 42 36 36 
42 73 368 254 36 255 36 
42 73 368 5 8 36 36 
42 73 368 5 8 36 36 
42 73 368 5 8 36 36 
42 73 368 5 8 36 36 
40 582 42 5 8 36 36 
40 582 42 5 8 36 36 
42 73 368 5 8 36 36 
40 582 42 254 36 255 36 
42 73 368 36 122 123 36 
42 73 368 254 36 255 36 
42 73 368 5 8 36 165 36 
42 73 368 5 169 162 170 8 36 36 
42 73 368 5 36 36 
42 73 368 5 8 36 36 
40 582 42 36 36 
42 73 368 5 254 36 255 36 
42 73 368 36 122 123 36 
42 73 368 254 36 255 36 
42 73 368 398 254 36 36 
40 582 42 5 585 8 36 144 36 
42 73 368 5 8 36 36 
42 73 368 5 8 36 36 
42 73 368 5 8 36 165 36 
42 73 368 5 8 36 165 36 
42 73 368 5 8 36 122 36 
42 73 368 5 8 36 165 36 
42 73 368 5 398 254 36 36 
40 582 42 5 143 8 36 144 36 
42 73 368 36 122 123 36 
42 73 368 5 8 36 36 
42 73 368 5 8 36 36 
42 73 368 254 36 255 36 
42 73 368 36 122 123 36 
42 73 368 254 36 255 36 
42 73 368 5 8 36 36 
42 73 368 5 8 36 36 
42 73 368 5 8 36 36 
42 73 368 254 36 255 36 
42 73 368 5 254 36 36 
42 73 368 254 36 255 36 
42 73 368 5 8 36 36 
42 73 368 5 8 36 36 
42 73 368 36 122 123 36 
42 73 368 5 8 36 36 
42 73 368 5 8 36 36 
40 582 42 152 36 153 36 
42 73 368 5 8 36 36 
42 73 368 5 8 36 36 
42 73 368 5 8 36 36 
42 73 368 254 36 255 36 
42 73 368 5 8 36 165 36 
1 2 42 318 73 368 5 398 254 36 36 
40 582 42 5 398 254 36 36 
42 73 368 36 122 123 36 
42 73 368 5 8 36 36 
40 582 42 5 8 36 36 
42 73 368 5 8 36 165 36 
42 73 368 36 122 123 36 
42 73 368 5 8 36 36 
42 73 368 5 8 36 165 36 
42 73 368 254 36 255 36 
42 73 368 5 36 36 
40 582 42 73 398 254 36 36 
40 582 42 142 36 36 
42 73 368 5 8 36 165 36 
42 73 368 5 8 36 165 36 
42 73 368 5 8 36 219 220 36 
40 582 42 254 36 255 36 
40 582 42 254 36 255 36 
40 582 42 254 36 255 36 
42 73 368 254 36 255 36 
40 582 42 36 122 123 36 
40 582 42 5 8 36 36 
42 73 368 5 8 36 165 36 
40 582 42 254 36 255 36 
40 582 42 5 8 36 165 36 
42 73 368 5 8 36 165 36 
40 582 42 5 8 36 36 
40 582 42 5 8 36 36 
40 582 42 254 36 255 36 
42 73 368 254 36 255 36 
42 73 368 5 8 36 165 36 
40 582 42 5 8 36 165 36 
40 582 42 5 8 36 165 36 
42 73 368 5 8 36 165 36 
40 582 42 36 122 123 36 
40 582 42 5 8 36 36 
42 73 368 5 8 36 36 
40 582 42 5 8 36 165 36 
42 73 368 5 8 36 36 
42 73 368 5 8 36 36 
40 582 42 36 122 123 36 
42 73 368 5 8 36 36 
42 73 368 5 8 36 36 
42 73 368 5 8 36 36 
42 73 368 5 8 36 36 
42 73 368 5 8 36 36 
42 73 368 5 8 36 36 
42 73 368 5 8 36 36 
42 73 368 398 254 36 36 
42 73 368 5 8 36 144 36 
40 582 42 73 5 8 36 144 36 
42 73 368 5 8 36 144 36 
40 582 42 73 5 8 36 144 201 36 
40 582 42 73 5 8 36 144 201 36 
40 582 42 254 36 255 36 
40 582 42 159 36 586 70 130 36 
42 73 368 5 8 36 36 
42 73 368 5 8 36 36 
40 582 42 5 8 36 36 
42 73 368 5 6 64 63 36 36 
42 73 368 5 6 64 63 36 36 
42 73 368 5 8 36 165 36 
42 73 368 5 8 36 165 36 
42 73 368 5 8 36 165 36 
42 73 368 493 254 36 36 
42 73 368 493 254 36 36 
42 73 368 5 8 36 36 
40 582 42 5 8 36 36 
40 582 42 5 8 36 36 
40 582 42 5 8 36 36 
40 582 42 5 8 36 165 36 
40 582 42 5 8 36 165 36 
40 582 42 5 8 36 165 36 
42 73 368 5 8 36 165 36 
42 73 368 5 8 36 165 36 
40 582 42 5 8 36 165 36 
42 73 368 5 8 36 35 36 
40 582 42 73 254 36 36 
40 582 42 254 36 36 
40 582 42 36 122 123 36 
40 582 145 42 5 8 36 165 36 
42 73 368 36 122 123 36 
40 582 42 5 8 36 165 36 
40 582 42 5 8 36 144 36 
1 2 42 73 368 254 36 255 36 
40 582 42 36 122 123 36 
42 73 368 254 36 255 36 
40 582 42 73 142 36 36 
42 73 368 5 8 36 165 36 
42 73 368 5 8 36 165 36 
42 73 368 5 8 36 165 36 
42 73 368 5 8 36 165 36 
42 73 368 5 8 36 36 
42 73 368 5 8 36 36 
42 73 368 5 8 36 36 
42 73 368 5 8 36 36 
42 73 368 142 36 36 
42 73 368 5 8 36 165 36 
40 582 42 36 122 123 36 
42 73 368 36 122 123 36 
42 73 368 5 8 36 36 
42 73 368 5 8 36 36 
40 582 42 254 36 255 36 
40 582 42 5 143 8 36 144 36 
42 73 368 5 8 36 36 
55 42 56 57 73 368 5 8 36 36 
42 73 368 5 8 36 36 
42 73 368 5 8 36 165 36 
42 73 368 5 8 36 165 36 
42 73 368 5 8 36 36 
42 73 368 5 8 36 36 
42 73 368 5 456 8 36 219 36 
1 40 582 2 42 5 8 36 36 
40 582 42 5 8 36 36 
1 40 582 42 142 36 36 
42 73 368 5 8 36 165 36 
40 582 42 5 143 8 36 144 36 
42 73 368 254 36 255 36 
40 582 42 254 36 255 36 
42 73 368 254 36 255 36 
40 582 42 254 36 255 36 
1 2 42 73 368 5 8 36 165 36 
1 40 582 2 42 167 5 345 8 36 346 36 
40 582 42 254 36 255 36 
42 73 368 36 122 123 36 
40 582 42 5 8 36 165 36 
40 582 42 5 8 36 165 36 
42 73 368 5 8 36 36 
42 73 368 5 8 36 36 
42 73 368 5 8 36 36 
1 40 582 2 42 5 8 36 120 36 
40 582 42 36 36 
40 582 42 5 8 36 122 123 36 
42 73 368 5 8 36 165 36 
42 73 368 5 8 36 36 
42 73 368 5 8 36 36 
40 582 42 5 8 36 36 
42 73 368 5 8 36 165 36 
42 73 368 254 36 255 36 
40 582 42 5 8 36 165 36 
40 582 42 36 122 123 36 
42 73 368 5 8 36 165 36 
42 73 368 5 8 36 165 36 
42 73 368 5 8 36 165 36 
40 582 42 254 36 255 36 
42 73 368 254 36 255 36 
42 73 368 254 36 255 36 
42 73 368 254 36 255 36 
42 73 368 254 36 255 36 
42 73 368 254 36 255 36 
42 73 368 5 143 8 36 144 36 
42 73 368 5 8 36 36 
42 73 368 254 36 255 36 
40 582 42 5 8 36 120 36 
42 73 368 493 254 36 36 
42 73 368 493 254 36 36 
42 73 368 5 8 36 144 201 36 
40 582 42 5 8 36 36 
42 73 368 5 8 36 165 36 
42 73 368 5 8 36 165 36 
42 73 368 5 8 36 165 36 
40 582 42 36 122 123 36 
40 582 42 36 122 123 36 
42 73 368 5 8 36 36 
42 73 368 142 36 36 
40 582 42 36 122 123 36 
42 73 368 36 122 123 36 
42 73 368 5 372 8 36 36 
42 73 368 5 8 36 36 
42 73 368 5 8 36 36 
42 73 368 5 8 36 36 
40 582 145 42 21 22 36 68 24 36 
40 582 42 5 8 36 165 36 
42 73 368 5 8 36 36 
42 73 368 5 8 36 36 
42 73 368 5 8 36 36 
42 73 368 5 91 6 92 36 36 
42 73 368 5 91 6 92 36 36 
40 582 42 142 36 36 
40 582 42 142 36 36 
40 582 42 36 122 123 36 
42 73 368 254 36 36 
42 73 368 254 36 36 
42 73 368 254 36 36 
42 73 368 254 36 36 
40 582 42 254 36 255 36 
42 73 368 254 142 36 255 36 
40 582 42 254 36 255 36 
40 582 42 254 36 255 36 
40 582 42 398 254 36 36 
42 73 368 118 226 36 36 
40 582 42 142 36 36 
42 73 368 254 36 255 36 
1 2 42 73 368 398 254 36 36 
40 582 42 142 36 36 
42 73 368 254 36 255 36 
42 73 368 254 36 36 
42 73 368 254 36 36 
1 2 42 73 368 5 8 142 36 36 
42 73 368 254 36 255 36 
40 582 42 36 122 123 36 
42 73 368 493 254 36 36 
40 582 42 36 122 36 
40 582 42 5 254 36 36 
42 73 368 5 91 379 6 8 36 36 
40 582 42 5 6 36 61 36 
40 582 42 5 6 36 61 36 
40 582 42 5 6 36 61 36 
42 73 368 5 6 36 61 36 
40 582 42 5 6 36 61 36 
40 582 42 5 6 36 61 36 
42 73 368 5 91 6 92 36 36 
42 73 368 254 36 255 36 
42 73 368 254 36 255 36 
42 73 368 254 36 255 36 
40 582 42 254 36 255 36 
40 582 42 254 36 255 36 
42 73 368 254 36 255 36 
40 582 42 254 36 255 36 
40 582 42 254 36 255 36 
40 582 178 136 42 254 36 255 36 
40 582 42 5 8 36 36 
42 73 368 5 8 36 36 
42 73 368 5 8 36 36 
40 582 42 5 8 36 165 36 
40 582 42 5 8 36 165 36 
40 582 42 254 36 255 36 
40 582 42 254 36 255 36 
1 2 42 73 368 5 8 36 36 
40 582 42 36 122 123 36 
42 73 368 5 8 36 165 36 
107 42 73 368 108 5 8 36 165 36 
40 582 42 36 122 123 36 
42 73 368 254 36 255 36 
42 73 368 5 8 36 165 36 
42 73 368 5 8 36 165 36 
40 582 42 5 8 36 165 36 
42 73 368 5 8 36 165 36 
42 73 368 5 8 36 165 36 
40 582 42 5 8 36 36 
40 582 42 5 8 36 165 36 
42 73 368 115 116 21 22 117 36 36 
42 73 368 5 8 36 165 36 
40 582 42 5 6 36 61 36 
42 73 368 5 8 36 36 
42 73 368 5 8 36 36 
42 73 368 5 8 36 36 
42 73 368 5 8 36 36 
145 42 73 368 5 8 36 36 
42 73 368 5 8 36 36 
42 73 368 5 8 36 35 36 
42 73 368 5 8 36 165 36 
40 582 42 5 8 36 165 36 
1 2 42 73 368 5 137 101 8 36 36 
42 73 368 5 8 36 165 36 
40 582 42 5 8 36 165 36 
40 582 42 5 8 36 165 36 
40 582 42 5 8 36 165 36 
42 73 368 5 8 36 165 36 
40 582 42 5 8 36 165 36 
42 73 368 5 8 36 165 36 
40 582 42 5 8 36 165 36 
42 73 368 5 8 36 165 36 
40 582 42 73 5 8 36 165 36 
42 73 368 5 8 36 165 36 
42 73 368 5 8 36 165 36 
42 73 368 5 8 36 165 36 
40 582 42 5 8 36 165 36 
40 582 42 5 8 36 165 36 
42 73 368 5 8 36 165 36 
40 582 42 73 5 8 36 165 36 
40 582 42 5 8 36 165 36 
42 73 368 5 8 36 165 36 
145 42 73 368 5 8 36 165 36 
42 73 368 5 8 36 165 36 
42 73 368 5 8 36 165 36 
40 582 42 5 8 36 36 
40 582 42 5 8 36 36 
42 73 368 5 8 36 36 
40 582 42 5 8 36 36 
42 73 368 254 36 255 36 
42 73 368 152 36 153 36 
42 73 368 5 8 36 165 36 
40 582 42 5 8 36 165 36 
42 73 368 5 8 36 165 36 
42 73 368 36 122 123 36 
166 95 42 73 368 254 36 255 36 
42 73 368 254 36 255 36 
42 73 368 36 122 123 36 
40 582 42 5 8 36 122 123 36 
40 582 42 5 8 36 122 123 36 
40 582 42 5 8 36 36 
40 582 42 5 8 36 165 36 
40 582 42 5 8 36 120 36 
42 73 368 5 8 36 165 36 
40 582 42 5 8 36 36 
1 2 42 73 368 5 8 142 36 36 
40 582 42 254 36 255 36 
42 73 368 5 8 36 36 
40 582 42 5 8 36 36 
42 73 368 5 8 36 144 201 36 
42 73 368 5 8 36 165 36 
40 582 42 5 8 36 36 
42 73 368 142 36 36 
40 582 42 254 36 255 36 
42 73 368 398 254 36 36 
40 582 42 5 8 36 36 
42 73 368 5 8 36 165 36 
40 582 42 5 8 36 120 36 
42 73 368 5 8 36 36 
40 582 42 73 5 254 36 36 
42 73 368 5 254 36 36 
42 73 368 5 254 36 36 
42 73 368 5 8 36 36 
40 582 42 254 36 255 36 
42 73 368 5 8 36 165 36 
42 73 368 5 8 36 165 36 
42 73 368 5 8 36 165 36 
42 73 368 5 8 36 165 36 
42 73 368 5 8 36 165 36 
40 582 42 254 36 255 36 
40 582 42 5 8 36 165 36 
40 582 42 5 8 36 165 36 
40 582 42 5 8 36 165 36 
42 73 368 5 8 36 219 36 
42 73 368 5 8 36 219 36 
40 582 42 36 36 
42 73 368 254 36 255 36 
42 73 368 254 36 255 36 
42 73 368 254 36 255 36 
42 73 368 5 8 36 144 201 36 
1 40 582 2 42 5 21 8 36 82 24 36 
42 73 368 5 8 36 165 36 
42 73 368 5 8 36 165 36 
42 73 368 5 8 36 165 36 
42 73 368 5 6 36 61 36 
1 2 42 73 368 5 6 36 61 36 
42 73 368 254 36 255 36 
42 73 368 5 8 36 165 36 
40 582 42 5 8 36 165 36 
42 73 368 5 8 36 165 36 
40 582 42 5 8 36 165 36 
40 582 42 5 8 36 165 36 
40 582 42 5 8 36 165 36 
40 582 42 36 122 123 36 
42 73 368 5 8 36 165 36 
1 40 582 2 42 5 8 36 165 36 
42 73 368 5 8 36 36 
42 73 368 5 8 36 165 36 
42 73 368 5 8 36 36 
40 582 42 5 8 36 165 36 
42 73 368 5 8 36 144 201 36 
42 73 368 254 36 255 36 
42 73 368 254 36 255 36 
42 73 368 5 8 36 219 36 
42 73 368 5 27 28 21 36 36 
42 73 368 5 8 36 165 36 
42 73 368 5 8 36 165 36 
42 73 368 5 8 36 165 36 
40 582 42 36 122 123 36 
40 582 42 36 122 123 36 
42 73 368 36 122 123 36 
40 582 42 36 122 123 36 
1 2 42 73 368 254 36 255 36 
42 73 368 5 36 36 
40 582 42 36 584 36 
42 73 368 5 8 36 165 36 
145 42 73 368 5 493 254 36 36 
40 582 145 42 36 122 123 36 
42 73 368 5 8 36 36 
40 582 42 5 8 36 36 
42 73 368 5 8 36 165 36 
42 73 368 5 8 36 165 36 
42 73 368 5 8 36 165 36 
42 73 368 5 8 36 165 36 
40 582 42 5 8 36 165 36 
40 582 42 5 6 9 36 36 
42 73 368 5 398 254 36 36 
42 73 368 5 8 36 165 36 
42 73 368 5 8 36 165 36 
40 582 42 73 5 8 36 36 
42 73 368 5 8 36 165 36 
40 582 42 5 8 36 122 123 36 
40 582 42 36 122 123 36 
40 582 42 36 122 123 36 
40 582 42 5 8 36 36 
40 582 42 254 36 255 36 
42 73 368 254 36 255 36 
42 73 368 254 36 255 36 
40 582 42 254 36 255 36 
42 73 368 142 36 36 
40 582 42 36 122 123 36 
40 582 42 254 36 255 36 
42 73 368 254 36 255 36 
42 73 368 254 370 142 36 36 
166 95 42 73 368 254 36 36 
42 73 368 254 36 36 
42 73 368 254 36 36 
40 582 42 5 8 36 122 123 36 
40 582 42 254 36 255 36 
42 73 368 254 36 255 36 
40 582 42 254 36 255 36 
40 582 42 254 36 255 36 
40 582 42 36 122 123 36 
40 582 42 36 122 123 36 
40 582 42 398 254 36 255 36 
42 73 368 254 36 36 
42 73 368 254 36 36 
42 73 368 254 36 36 
40 582 42 5 398 254 8 36 36 
42 73 368 5 8 36 165 36 
42 73 368 5 8 36 165 36 
42 73 368 5 8 36 165 36 
40 582 42 5 36 36 
40 582 42 36 122 123 36 
42 73 368 5 8 36 165 36 
40 582 42 5 8 36 122 123 36 
40 582 42 5 8 36 36 
42 73 368 254 36 255 36 
40 582 42 5 8 36 36 
40 582 42 36 122 123 36 
40 582 42 73 5 8 36 165 36 
42 73 368 5 8 36 165 36 
40 582 42 5 8 36 165 36 
40 582 42 5 8 36 144 201 36 
42 73 368 5 456 8 36 219 36 
42 73 368 5 8 36 165 36 
42 73 368 5 8 36 165 36 
42 73 368 254 369 370 36 36 
40 582 42 5 8 142 36 36 
40 582 42 254 36 255 36 
42 73 368 345 142 36 396 36 
40 582 42 36 36 
40 582 42 118 36 36 
40 582 42 21 22 36 24 36 
1 40 582 2 42 5 36 36 
40 582 42 21 22 36 24 36 
40 582 42 5 21 22 36 36 
42 73 368 5 6 254 36 36 
40 582 42 5 6 254 36 36 
42 73 368 5 8 36 165 36 
42 73 368 5 8 36 165 36 
42 73 368 5 8 36 165 36 
42 73 368 5 8 36 165 36 
40 582 42 5 8 36 165 36 
40 582 42 5 8 36 36 
40 582 42 254 36 255 36 
40 582 42 398 254 36 36 
42 73 368 254 36 255 36 
40 582 42 73 5 8 36 36 
42 73 368 5 239 162 8 36 36 
1 2 42 73 368 5 8 142 36 36 
40 582 42 36 122 123 36 
42 73 368 36 122 123 36 
40 582 42 254 36 255 36 
40 582 42 5 8 36 165 36 
42 73 368 5 8 36 165 36 
40 582 42 5 143 8 36 144 36 
42 73 368 5 8 36 165 36 
42 73 368 5 8 36 36 
40 582 42 254 36 255 36 
42 73 368 254 36 255 36 
42 73 368 5 467 8 36 36 
42 73 368 383 384 254 36 36 
40 582 42 5 8 36 165 36 
42 73 368 5 8 36 165 36 
42 73 368 5 231 8 36 36 
42 73 368 5 456 8 36 219 36 
42 73 368 5 8 36 165 36 
42 73 368 5 8 36 165 36 
42 73 368 5 8 36 165 36 
42 73 368 5 8 36 165 36 
40 582 42 254 36 255 36 
1 40 582 2 42 5 8 36 120 36 
166 95 42 73 368 5 8 36 165 36 
42 73 368 5 8 36 165 36 
42 73 368 5 8 36 165 36 
1 2 42 73 368 5 8 36 165 36 
40 582 178 136 42 7 10 11 36 36 
40 582 42 73 36 122 123 36 
40 582 42 5 8 36 165 36 
40 582 42 5 8 36 165 36 
40 582 42 5 8 36 36 
42 73 368 5 8 36 36 
40 582 42 5 8 36 165 36 
42 73 368 254 36 255 36 
42 73 368 254 36 255 36 
40 582 42 73 36 122 123 36 
42 73 368 5 8 36 36 
40 582 42 5 254 36 255 36 
40 582 42 5 254 36 255 36 
40 582 42 5 254 36 255 36 
42 73 368 5 8 36 36 
42 73 368 5 8 36 36 
42 73 368 5 8 36 36 
42 73 368 5 8 36 36 
42 73 368 5 8 36 36 
40 582 42 254 36 255 36 
42 73 368 36 122 123 36 
42 73 368 5 8 36 165 36 
42 73 368 5 8 36 165 36 
42 73 368 5 8 36 165 36 
42 73 368 5 8 36 36 
42 73 368 5 8 36 144 201 36 
40 582 42 5 8 36 144 36 
42 73 368 5 8 36 165 36 
42 73 368 5 8 36 165 36 
42 73 368 5 8 36 165 36 
42 73 368 5 8 36 165 36 
42 73 368 5 8 36 165 36 
42 73 368 5 8 36 165 36 
42 73 368 398 254 36 36 
42 73 368 254 36 255 36 
42 73 368 254 36 255 36 
42 73 368 254 36 255 36 
40 582 42 5 8 36 371 36 
40 582 42 5 254 481 370 36 36 
40 582 42 5 254 481 370 36 36 
42 73 368 254 36 255 36 
42 73 368 254 36 255 36 
42 73 368 254 36 255 36 
42 73 368 5 8 36 36 
42 73 368 5 8 36 35 36 
40 582 145 42 5 8 36 165 36 
40 582 42 5 8 36 165 36 
40 582 42 5 8 36 165 36 
40 582 42 73 5 8 36 165 36 
42 73 368 5 8 36 165 36 
40 582 42 5 6 210 36 61 36 
42 73 368 5 6 36 36 
40 582 42 36 122 123 36 
42 73 368 5 254 36 255 36 
40 582 42 398 254 36 36 
40 582 42 5 8 36 35 36 
42 73 368 5 21 37 36 24 36 
42 73 368 5 8 36 165 36 
42 73 368 5 8 36 165 36 
42 73 368 5 8 36 165 36 
42 73 368 81 21 36 82 24 36 
42 73 368 5 8 36 165 36 
40 582 42 118 132 36 36 
42 73 368 5 8 36 36 
42 73 368 5 8 36 144 201 36 
42 73 368 5 254 36 255 36 
42 73 368 5 254 36 36 
42 73 368 5 254 36 36 
216 59 128 42 60 73 368 5 254 36 36 
42 73 368 5 254 36 36 
42 73 368 5 254 36 36 
42 73 368 5 8 36 36 
40 582 42 5 8 36 36 
42 73 368 254 36 255 36 
40 582 42 5 91 6 92 36 36 
40 582 42 36 122 123 36 
42 73 368 5 254 8 36 255 36 
42 73 368 254 36 36 
42 73 368 254 36 36 
42 73 368 254 36 36 
42 73 368 254 36 36 
42 73 368 254 36 36 
42 73 368 254 36 255 36 
40 582 42 254 36 255 36 
40 582 42 254 36 255 36 
42 73 368 254 36 255 36 
40 582 42 5 91 6 92 36 36 
42 73 368 254 36 255 36 
40 582 42 5 8 36 165 36 
42 73 368 118 132 36 36 
1 40 582 42 118 132 36 36 
40 582 42 5 8 36 165 36 
40 582 42 5 8 36 165 36 
42 73 368 5 8 36 36 
40 582 42 73 254 36 255 36 
42 73 368 5 8 36 36 
40 582 42 5 8 36 165 36 
42 73 368 36 122 123 36 
40 582 178 136 42 5 456 8 36 219 36 
42 73 368 254 36 255 36 
40 582 42 5 8 36 36 
40 582 42 118 226 36 36 
42 73 368 5 8 36 36 
42 73 368 5 8 36 36 
42 73 368 5 8 36 36 
40 582 42 151 152 36 153 36 
42 73 368 5 8 36 36 
42 73 368 254 36 255 36 
40 582 42 73 5 8 36 36 
42 73 368 5 8 36 165 36 
42 73 368 5 8 36 165 36 
42 73 368 5 8 36 165 36 
42 73 368 5 8 36 36 
42 73 368 254 36 255 36 
42 73 368 5 8 36 144 201 36 
42 73 368 5 8 36 165 36 
42 73 368 254 36 255 36 
42 73 368 254 36 255 36 
42 73 368 5 8 36 36 
42 73 368 5 8 36 165 36 
40 582 42 5 8 36 144 201 36 
40 582 42 5 8 36 36 
42 73 368 5 8 36 165 36 
42 73 368 5 8 36 165 36 
40 582 42 5 8 36 36 
40 582 42 5 143 8 36 144 36 
40 582 42 5 8 36 165 36 
40 582 42 5 143 8 36 144 36 
42 73 368 5 8 36 36 
42 73 368 5 8 36 36 
42 73 368 5 8 36 36 
42 73 368 5 8 36 165 36 
42 73 368 5 8 36 165 36 
42 73 368 5 8 36 144 36 
40 582 178 136 42 254 36 255 36 
42 73 368 5 8 36 36 
42 73 368 5 36 36 
40 582 42 5 6 101 8 36 102 36 
42 73 368 5 8 156 36 144 36 
40 582 42 5 36 36 
42 73 368 5 8 36 165 36 
42 73 368 5 8 36 165 36 
42 73 368 36 122 123 36 
40 582 42 5 254 36 255 36 
40 582 42 5 27 28 21 36 36 
40 582 42 5 27 28 21 36 36 
42 73 368 5 8 36 122 123 36 
42 73 368 254 36 36 
40 582 42 254 36 255 36 
40 582 42 73 36 122 123 36 
40 582 178 136 42 254 36 255 36 
40 582 42 254 36 255 36 
42 73 368 254 36 255 36 
40 582 42 159 36 130 36 
42 73 368 254 36 255 36 
42 73 368 398 254 36 36 
40 582 42 398 254 36 36 
1 2 42 73 368 142 36 36 
216 59 128 42 60 73 368 5 8 36 165 36 
40 582 42 5 8 36 36 
40 582 42 36 122 123 36 
42 73 368 142 36 36 
40 582 42 5 8 36 36 
40 582 42 5 8 36 36 
42 73 368 159 36 130 36 
1 40 582 2 42 5 8 36 36 
42 73 368 5 8 36 165 36 
42 73 368 5 8 36 165 36 
40 582 42 36 122 123 36 
42 73 368 5 8 36 36 
42 73 368 5 8 36 165 36 
42 73 368 5 8 36 165 36 
42 73 368 5 8 36 36 
42 73 368 254 36 36 
42 73 368 5 8 36 36 
42 73 368 5 8 36 165 36 
42 73 368 5 142 36 36 
40 582 42 5 8 36 165 36 
40 582 42 5 254 36 255 36 
40 582 42 5 254 36 255 36 
40 582 42 5 254 36 255 36 
42 73 368 5 8 36 36 
42 73 368 5 254 8 36 255 36 
42 73 368 5 8 36 165 36 
42 73 368 5 8 36 165 36 
42 73 368 5 8 36 165 36 
42 73 368 36 122 123 36 
42 73 368 254 36 255 36 
42 73 368 254 36 255 36 
42 73 368 254 36 255 36 
42 73 368 254 36 36 
40 582 42 36 122 123 36 
40 582 42 36 122 123 36 
40 582 42 36 122 123 36 
42 73 368 5 143 8 36 144 36 
42 73 368 5 8 36 165 36 
42 73 368 254 36 255 36 
42 73 368 5 8 36 165 36 
42 73 368 5 8 36 165 36 
42 73 368 5 8 36 165 36 
40 582 42 118 226 36 36 
42 73 368 5 8 36 36 
42 73 368 5 8 36 36 
42 73 368 254 36 255 36 
42 73 368 5 8 36 144 201 36 
1 15 42 43 73 368 36 36 
42 73 368 254 36 255 36 
42 73 368 36 36 
42 73 368 5 8 36 36 
42 73 368 5 8 36 36 
40 582 42 254 36 255 36 
42 73 368 5 8 36 165 36 
42 73 368 5 464 8 36 165 36 
42 73 368 5 8 36 165 36 
42 73 368 5 8 36 165 36 
40 582 42 36 122 123 36 
40 582 42 5 6 36 36 
42 73 368 254 36 255 36 
1 2 42 73 368 5 8 36 36 
40 582 42 5 8 36 36 
42 73 368 254 36 255 36 
42 73 368 5 8 36 36 
40 582 42 5 8 36 36 
40 582 42 36 122 123 36 
42 73 368 36 122 123 36 
42 73 368 36 122 123 36 
42 73 368 5 8 36 165 36 
42 73 368 5 254 36 255 36 
40 582 42 5 8 36 165 36 
42 73 368 159 36 130 36 
42 73 368 5 8 36 36 
42 73 368 5 8 36 36 
42 73 368 5 8 36 36 
42 73 368 5 8 36 36 
42 73 368 5 142 36 36 
42 73 368 5 187 8 36 165 36 
42 73 368 5 8 36 36 
42 73 368 5 8 36 36 
42 73 368 5 8 36 36 
1 40 582 2 42 36 122 123 36 
42 73 368 118 254 36 255 36 
42 73 368 36 122 123 36 
42 73 368 5 8 36 165 36 
42 73 368 5 8 36 165 36 
42 73 368 5 8 36 165 36 
42 73 368 5 8 36 165 36 
42 73 368 5 36 36 
42 73 368 254 36 255 36 
42 73 368 254 36 255 36 
42 73 368 5 8 36 36 
42 73 368 5 8 36 36 
42 73 368 254 36 255 36 
42 73 368 36 122 123 36 
40 582 42 36 122 123 36 
42 73 368 5 8 36 36 
42 73 368 5 8 36 36 
1 2 42 73 368 254 36 255 36 
40 582 42 5 8 36 35 36 
40 582 42 5 8 36 36 
42 73 368 5 8 36 36 
42 73 368 7 10 11 36 36 
42 73 368 5 8 36 165 36 
42 73 368 5 8 36 36 
42 73 368 36 122 123 36 
42 73 368 36 122 123 36 
42 73 368 5 8 36 36 
42 73 368 5 8 36 36 
40 582 42 5 7 11 10 36 36 
42 73 368 142 36 36 
42 73 368 5 254 36 255 36 
42 73 368 5 8 36 165 36 
40 582 42 5 8 36 36 
42 73 368 36 122 123 36 
42 73 368 5 254 36 36 
42 73 368 5 8 36 36 
42 73 368 254 36 255 36 
42 73 368 254 36 255 36 
40 582 42 254 36 255 36 
40 582 42 5 254 8 36 255 36 
40 582 42 254 36 255 36 
40 582 42 5 398 254 36 36 
42 73 368 36 122 123 36 
136 42 174 73 368 5 8 36 36 
42 73 368 5 8 36 36 
40 582 42 36 122 123 36 
42 73 368 254 36 255 36 
40 582 42 5 118 226 36 36 
42 73 368 5 187 8 36 165 36 
42 73 368 5 8 36 371 36 
42 73 368 5 8 36 36 
42 73 368 5 8 36 36 
42 73 368 5 8 36 36 
42 73 368 5 8 36 36 
42 73 368 5 8 36 36 
42 73 368 5 8 36 36 
42 73 368 5 8 36 36 
42 73 368 5 8 36 36 
42 73 368 5 8 36 36 
42 73 368 5 8 36 36 
42 73 368 36 122 123 36 
42 73 368 36 122 123 36 
42 73 368 5 8 36 165 36 
42 73 368 5 8 36 36 
40 582 42 36 122 123 36 
40 582 42 5 8 36 36 
42 73 368 5 254 36 36 
42 73 368 254 36 255 36 
42 73 368 5 8 36 36 
42 73 368 5 8 36 36 
42 73 368 5 8 36 36 
42 73 368 5 8 36 35 36 
42 73 368 398 254 36 36 
42 73 368 36 122 123 36 
42 73 368 5 6 36 61 36 
42 73 368 5 8 36 36 
42 73 368 36 122 123 36 
42 73 368 5 8 36 36 
42 73 368 5 8 36 36 
42 73 368 5 254 36 36 
42 73 368 5 8 36 36 
42 73 368 5 8 36 36 
40 582 42 73 5 8 36 219 36 
42 73 368 5 8 36 36 
42 73 368 5 254 369 8 370 36 36 
42 73 368 254 36 255 36 
42 73 368 5 254 36 255 36 
42 73 368 5 8 36 165 36 
42 73 368 5 8 36 36 
40 582 42 5 398 254 36 36 
42 73 368 5 8 36 36 
40 582 42 73 5 8 36 122 36 
40 582 42 73 36 122 123 36 
42 73 368 254 36 36 
42 73 368 5 8 36 165 36 
40 582 42 36 122 123 36 
42 73 368 36 122 123 36 
42 73 368 5 187 8 36 165 36 
42 73 368 254 370 142 36 36 
40 582 42 5 8 36 165 36 
42 73 368 5 8 36 36 
136 42 174 73 368 254 36 255 122 123 36 
42 73 368 5 8 36 165 36 
42 73 368 254 36 255 36 
42 73 368 5 8 36 165 36 
42 73 368 5 187 8 36 165 36 
40 582 42 5 398 254 36 36 
42 73 368 254 36 255 36 
40 582 42 230 142 11 10 36 253 125 36 
42 73 368 36 122 123 36 
42 73 368 5 8 36 36 
42 73 368 5 8 36 36 
42 73 368 5 8 36 36 
42 73 368 5 8 36 36 
42 73 368 254 36 255 36 
40 582 42 5 398 254 36 36 
42 73 368 36 122 123 36 
40 582 42 73 254 36 255 36 
42 73 368 36 122 123 36 
42 73 368 5 8 36 36 
42 73 368 5 187 8 36 165 36 
40 582 42 5 8 36 36 
42 73 368 36 122 123 36 
42 73 368 5 8 36 36 
42 73 368 5 8 36 165 36 
42 73 368 5 8 36 36 
42 73 368 5 398 254 36 36 
42 73 368 5 8 36 36 
40 582 42 36 122 123 36 
42 73 368 5 187 8 36 165 36 
42 73 368 5 187 8 36 165 36 
42 73 368 5 8 36 36 
40 582 42 5 8 36 36 
42 73 368 5 8 36 165 36 
42 73 368 5 8 36 36 
42 73 368 5 8 36 165 36 
42 73 368 398 254 36 36 
42 73 368 5 8 36 36 
42 73 368 5 8 36 36 
40 582 42 398 254 36 36 
42 73 368 36 122 123 36 
42 73 368 254 36 255 36 
42 73 368 142 36 36 
42 73 368 142 36 36 
42 73 368 142 36 36 
42 73 368 398 254 36 36 
42 73 368 5 8 36 36 
42 73 368 5 8 36 36 
40 582 42 254 36 255 36 
1 15 42 43 73 368 254 36 255 36 
42 73 368 5 8 36 36 
40 582 42 5 8 36 165 36 
42 73 368 5 8 36 36 
42 73 368 5 8 36 36 
42 73 368 5 8 36 36 
42 73 368 36 122 123 36 
42 73 368 5 6 36 61 36 
42 73 368 5 8 36 144 201 36 
40 582 42 5 143 8 36 144 36 
42 73 368 5 254 481 8 370 36 219 36 
42 73 368 36 122 123 36 
42 73 368 36 122 123 36 
42 73 368 36 122 123 36 
40 582 42 73 493 254 36 36 
42 73 368 254 36 255 36 
42 73 368 254 36 255 36 
40 582 42 254 36 255 36 
42 73 368 118 36 36 
107 42 73 368 108 5 254 8 36 255 219 36 
42 73 368 36 122 123 36 
42 73 368 36 122 123 36 
42 73 368 5 8 36 36 
40 582 42 254 36 255 36 
40 582 42 36 122 123 36 
42 73 368 254 36 255 36 
42 73 368 5 254 36 255 36 
40 582 42 5 8 36 165 36 
1 15 42 43 73 368 36 122 123 36 
42 73 368 254 36 255 36 
42 73 368 254 36 255 36 
145 42 73 368 5 8 36 219 36 
42 73 368 5 8 36 219 36 
42 73 368 5 8 36 219 36 
42 73 368 5 8 36 36 
42 73 368 5 8 36 36 
40 582 42 5 8 36 36 
42 73 368 5 8 36 36 
42 73 368 254 36 255 36 
42 73 368 36 122 123 36 
42 73 368 159 36 130 36 
42 73 368 36 122 123 36 
42 73 368 5 8 36 36 
42 73 368 5 8 36 36 
42 73 368 36 122 123 36 
42 73 368 398 254 36 36 
42 73 368 142 36 36 
42 73 368 5 8 36 36 
42 73 368 5 8 36 36 
42 73 368 5 8 36 36 
40 582 42 398 254 36 36 
1 2 42 73 368 159 254 369 370 36 130 36 
42 73 368 36 122 123 36 
42 73 368 254 36 255 36 
42 73 368 5 8 36 36 
42 73 368 5 8 36 36 
42 73 368 5 8 36 36 
42 73 368 142 36 36 
42 73 368 36 122 123 36 
42 73 368 5 8 36 36 
42 73 368 5 8 36 36 
42 73 368 7 36 11 10 122 123 36 
42 73 368 5 8 36 165 36 
42 73 368 5 8 36 165 36 
42 73 368 5 8 36 36 
42 73 368 5 187 8 36 165 36 
42 73 368 5 254 36 255 36 
42 73 368 460 36 36 
42 73 368 254 36 255 36 
42 73 368 5 8 36 36 
42 73 368 254 36 255 36 
42 73 368 5 8 36 165 36 
42 73 368 254 36 255 36 
42 73 368 254 36 255 36 
42 73 368 254 36 255 36 
42 73 368 254 36 255 36 
42 73 368 5 254 36 255 36 
42 73 368 254 36 255 36 
42 73 368 5 8 36 165 36 
42 73 368 5 8 36 165 36 
42 73 368 254 36 255 36 
42 73 368 254 36 255 36 
42 73 368 5 8 36 36 
42 73 368 254 36 255 36 
42 73 368 254 36 255 36 
42 73 368 5 8 36 165 36 
42 73 368 5 254 36 255 36 
42 73 368 5 8 36 165 36 
42 73 368 5 8 36 36 
42 73 368 254 36 255 36 
42 73 368 36 36 
42 73 368 5 36 36 
42 73 368 5 36 36 
42 73 368 5 36 36 
42 73 368 5 36 36 
42 73 368 5 36 36 
42 73 368 5 36 36 
42 73 368 5 36 36 
42 73 368 5 36 36 
42 73 368 5 36 36 
42 73 368 5 36 36 
42 73 368 28 21 22 36 203 36 
42 73 368 5 8 36 36 
40 582 42 5 8 36 36 
40 582 42 36 122 123 36 
40 582 42 5 8 36 36 
42 73 368 254 369 370 142 36 36 
40 582 42 5 6 23 36 139 36 
40 582 42 5 8 36 165 36 
40 582 42 36 122 123 36 
40 582 42 5 8 36 36 
42 73 368 5 8 36 36 
42 73 368 5 8 36 36 
42 73 368 5 8 36 36 
42 73 368 5 8 36 36 
42 73 368 5 8 36 36 
40 582 42 5 143 8 36 144 36 
42 73 368 5 8 36 165 36 
1 2 42 73 368 5 8 36 165 36 
42 73 368 5 8 12 36 36 
42 73 368 5 8 36 144 36 
42 73 368 398 254 36 36 
42 73 368 118 226 36 36 
42 73 368 254 36 255 36 
42 73 368 5 8 36 165 36 
42 73 368 5 8 36 165 36 
42 73 368 5 8 36 165 36 
42 73 368 5 8 36 165 36 
40 582 42 5 8 36 36 
42 73 368 5 8 36 165 36 
42 73 368 5 8 36 165 36 
42 73 368 398 254 36 36 
42 73 368 254 36 255 36 
42 73 368 254 36 255 36 
216 59 128 42 60 73 368 254 36 255 36 
42 73 368 254 36 255 36 
42 73 368 254 36 255 36 
42 73 368 254 36 255 36 
42 73 368 254 36 255 36 
145 42 73 368 254 36 255 36 
40 582 42 5 8 36 165 36 
40 582 42 5 6 23 36 139 36 
42 73 368 5 8 36 36 
42 73 368 5 8 36 165 36 
42 73 368 5 8 36 165 36 
40 582 42 5 8 36 165 36 
42 73 368 5 8 36 36 
40 582 42 5 8 36 36 
42 73 368 5 8 36 36 
42 73 368 5 8 36 165 36 
40 582 42 36 122 123 36 
42 73 368 5 8 36 165 36 
40 582 42 142 36 36 
42 73 368 398 254 36 122 36 
40 582 42 73 398 254 36 122 36 
42 73 368 5 8 36 165 36 
42 73 368 5 8 36 165 36 
42 73 368 5 8 36 165 36 
40 582 42 5 8 36 36 
42 73 368 5 8 36 165 36 
40 582 42 36 122 123 36 
40 582 42 5 8 36 36 
42 73 368 36 122 123 36 
42 73 368 118 254 36 36 
42 73 368 5 8 36 165 36 
42 73 368 36 122 123 36 
42 73 368 5 8 36 165 36 
42 73 368 254 369 370 142 36 36 
42 73 368 5 8 36 165 36 
40 582 42 5 8 36 165 36 
42 73 368 5 8 36 36 
145 42 73 368 254 36 255 36 
40 582 42 254 36 255 36 
1 2 42 73 368 254 36 36 
42 73 368 254 36 36 
42 73 368 254 36 255 36 
40 582 42 5 142 36 36 
40 582 42 118 226 36 36 
42 73 368 254 36 255 36 
1 2 42 73 368 254 36 255 36 
40 582 42 254 36 255 36 
40 582 42 5 493 254 36 36 
40 582 42 5 36 122 36 
42 73 368 254 36 255 36 
42 73 368 254 36 255 36 
42 73 368 254 36 36 
42 73 368 254 36 36 
42 73 368 254 36 36 
42 73 368 254 36 36 
166 95 42 73 368 254 36 255 36 
216 59 128 42 60 73 368 254 36 255 36 
42 73 368 254 36 255 36 
42 73 368 254 36 255 36 
42 73 368 5 8 36 36 
42 73 368 5 8 36 36 
42 73 368 5 8 36 165 36 
42 73 368 5 8 36 165 36 
42 73 368 5 8 36 165 36 
42 73 368 142 36 36 
42 73 368 5 8 36 165 36 
42 73 368 5 8 36 165 36 
42 73 368 5 8 142 36 36 
42 73 368 36 122 123 36 
40 582 42 254 36 255 36 
42 73 368 254 369 370 142 36 36 
42 73 368 254 369 370 142 36 36 
42 73 368 254 369 370 142 36 36 
42 73 368 254 369 370 142 36 36 
42 73 368 254 369 370 142 36 36 
42 73 368 254 369 370 142 36 36 
42 73 368 254 369 370 142 36 36 
42 73 368 254 369 370 142 36 36 
42 73 368 254 369 370 142 36 36 
42 73 368 254 369 370 142 36 36 
42 73 368 254 369 370 142 36 36 
42 73 368 254 369 370 142 36 36 
42 73 368 5 8 36 36 
1 40 582 2 42 254 36 255 36 
42 73 368 5 8 36 36 
42 73 368 5 6 36 61 36 
42 73 368 5 36 36 
42 73 368 5 8 36 36 
40 582 42 5 8 36 165 36 
42 73 368 392 5 8 36 165 36 
42 73 368 5 8 36 36 
42 73 368 5 8 36 165 36 
40 582 42 383 384 254 36 36 
42 73 368 383 384 254 36 36 
42 73 368 28 21 22 36 483 36 
42 73 368 5 398 254 36 36 
40 582 42 5 398 254 36 36 
42 73 368 5 254 36 36 
42 73 368 5 8 36 36 
42 73 368 5 8 36 36 
42 73 368 5 8 36 165 36 
42 73 368 5 48 6 36 36 
42 73 368 5 8 36 36 
42 73 368 5 254 36 36 
42 73 368 5 254 36 36 
216 59 128 42 60 73 368 5 254 36 36 
42 73 368 5 254 36 36 
42 73 368 5 254 36 36 
42 73 368 5 254 36 36 
42 73 368 5 254 36 36 
42 73 368 254 369 370 142 36 36 
42 73 368 5 8 36 36 
42 73 368 5 8 36 36 
42 73 368 5 8 36 36 
42 73 368 25 26 36 36 
42 73 368 5 6 36 61 36 
42 73 368 5 6 36 61 36 
40 582 42 587 10 11 36 125 36 
42 73 368 28 21 22 36 483 36 
42 73 368 28 21 22 36 483 36 
42 73 368 28 21 22 36 483 36 
42 73 368 28 21 22 36 483 36 
145 42 73 368 28 21 22 36 483 36 
42 73 368 28 21 22 36 483 36 
42 73 368 5 239 162 8 36 36 
42 73 368 5 8 36 165 36 
40 582 42 118 152 119 36 153 36 
1 2 42 73 368 5 8 36 36 
40 582 42 5 8 36 36 
42 73 368 5 36 36 
42 73 368 254 36 36 
42 73 368 398 254 36 36 
42 73 368 254 36 36 
40 582 42 254 36 36 
42 73 368 254 36 36 
216 59 128 42 60 73 368 254 36 36 
42 73 368 254 36 36 
40 582 42 5 8 36 122 123 36 
42 73 368 254 36 255 36 
166 95 42 73 368 118 36 36 
42 73 368 254 36 255 36 
42 73 368 254 36 255 36 
40 582 42 254 36 36 
42 73 368 254 36 255 36 
42 73 368 254 36 255 36 
42 73 368 254 36 255 36 
42 73 368 5 8 36 36 
40 582 42 73 36 122 123 36 
42 73 368 36 122 123 36 
42 73 368 36 122 123 36 
42 73 368 5 8 36 36 
40 582 42 36 122 123 36 
40 582 42 5 398 254 36 36 
42 73 368 5 118 226 8 36 36 
40 582 42 5 118 226 8 36 36 
42 73 368 5 8 36 165 36 
40 582 42 36 122 123 36 
42 73 368 5 8 36 36 
42 73 368 5 8 36 36 
42 73 368 5 8 36 36 
42 73 368 5 8 36 36 
42 73 368 5 8 36 36 
42 73 368 5 8 36 36 
42 73 368 5 8 36 36 
42 73 368 5 8 36 36 
42 73 368 5 8 36 36 
42 73 368 5 8 36 36 
42 73 368 5 8 36 36 
42 73 368 5 8 36 36 
42 73 368 5 8 36 36 
42 73 368 5 8 36 36 
42 73 368 5 8 36 36 
42 73 368 5 8 36 36 
42 73 368 5 8 36 36 
42 73 368 5 8 36 36 
42 73 368 5 8 36 36 
42 73 368 5 8 36 36 
42 73 368 5 8 36 165 36 
40 582 42 36 122 123 36 
42 73 368 118 36 36 
42 73 368 254 36 255 36 
42 73 368 254 36 255 36 
42 73 368 254 36 255 36 
42 73 368 5 8 36 165 36 
42 73 368 5 118 132 36 36 
40 582 42 36 122 123 36 
42 73 368 5 8 36 36 
42 73 368 254 369 370 36 36 
40 582 42 5 8 36 165 36 
42 73 368 5 8 36 165 36 
42 73 368 5 8 36 165 36 
42 73 368 5 8 36 165 36 
42 73 368 5 8 36 36 
42 73 368 254 36 255 36 
40 582 42 254 36 255 36 
42 73 368 5 493 254 36 36 
40 582 42 36 122 123 36 
40 582 42 36 122 123 36 
42 73 368 5 8 36 165 36 
42 73 368 7 10 11 36 36 
40 582 145 42 254 369 370 142 36 36 
40 582 42 152 36 153 36 
40 582 42 254 36 255 36 
42 73 368 5 528 8 36 36 
42 73 368 5 8 36 165 36 
42 73 368 5 8 12 36 36 
42 73 368 5 48 6 36 36 
42 73 368 5 8 36 36 
40 582 42 5 8 36 36 
42 73 368 5 8 36 144 201 36 
40 582 42 5 8 36 36 
42 73 368 5 8 36 165 36 
42 73 368 5 173 118 8 36 36 
42 73 368 5 8 36 165 36 
42 73 368 5 8 36 36 
42 73 368 5 8 36 165 36 
42 73 368 5 8 36 165 36 
40 582 42 383 384 254 36 36 
42 73 368 5 8 36 165 36 
145 42 73 368 142 36 36 
42 73 368 5 456 8 36 219 36 
42 73 368 5 8 36 36 
42 73 368 5 8 36 165 36 
40 582 42 36 122 123 36 
42 73 368 5 8 36 36 
42 73 368 254 36 255 122 36 
42 73 368 254 36 36 
42 73 368 254 36 255 36 
42 73 368 254 36 255 36 
42 73 368 28 21 22 7 11 10 36 483 36 
40 582 42 254 36 255 36 
40 582 42 36 122 123 36 
42 73 368 254 36 255 36 
42 73 368 5 162 8 36 36 
42 73 368 5 8 36 36 
42 73 368 5 8 36 36 
42 73 368 5 8 36 36 
40 582 42 36 122 123 36 
42 73 368 5 8 36 144 201 36 
42 73 368 5 8 36 36 
42 73 368 5 8 36 165 36 
42 73 368 5 8 36 165 36 
40 582 42 5 8 36 36 
40 582 42 118 226 36 36 
40 582 42 5 8 36 36 
42 73 368 254 36 255 36 
42 73 368 5 8 36 36 
42 73 368 5 8 36 36 
55 42 56 57 73 368 5 8 36 36 
42 73 368 5 8 36 36 
42 73 368 254 36 255 36 
42 73 368 5 231 8 36 36 
42 73 368 5 8 36 165 36 
42 73 368 36 122 123 36 
42 73 368 5 8 36 165 36 
42 73 368 5 8 36 36 
42 73 368 254 36 255 36 
42 73 368 254 36 255 36 
42 73 368 254 36 255 36 
42 73 368 254 36 255 36 
42 73 368 254 36 255 36 
42 73 368 5 493 254 36 36 
42 73 368 5 8 36 36 
154 42 73 155 368 5 8 36 36 
42 73 368 5 8 36 36 
42 73 368 5 8 36 36 
42 215 73 368 5 8 36 36 
42 73 368 5 8 36 36 
42 73 368 398 254 36 36 
42 73 368 5 8 36 122 165 36 
42 73 368 5 8 36 36 
42 73 368 5 254 36 255 36 
42 73 368 5 8 36 36 
42 73 368 5 8 36 36 
42 73 368 5 8 36 165 36 
42 73 368 5 456 8 36 219 36 
42 73 368 5 8 36 165 36 
42 73 368 5 8 36 165 36 
42 73 368 5 8 36 165 36 
40 582 42 5 8 36 36 
42 73 368 5 8 36 36 
42 73 368 5 8 36 165 36 
42 73 368 142 36 36 
42 73 368 5 8 36 165 36 
42 73 368 5 8 36 36 
42 73 368 254 36 255 36 
40 582 42 5 8 36 36 
42 73 368 5 8 36 165 36 
1 40 582 2 42 5 8 36 36 
42 73 368 254 36 255 36 
42 73 368 5 8 36 165 36 
42 73 368 5 8 36 165 36 
42 73 368 5 8 36 165 36 
42 73 368 5 8 36 165 36 
42 73 368 5 8 36 165 36 
42 73 368 5 8 36 165 36 
42 73 368 5 8 36 165 36 
40 582 42 254 36 255 36 
42 73 368 254 36 255 36 
42 73 368 254 36 36 
42 73 368 254 36 255 36 
42 73 368 5 493 254 36 36 
40 582 42 5 8 36 36 
42 73 368 118 226 36 36 
40 582 42 142 36 36 
42 73 368 5 8 36 36 
42 73 368 5 8 36 165 36 
42 73 368 5 8 36 36 
42 73 368 5 8 36 165 36 
42 73 368 5 8 36 165 36 
42 73 368 5 8 36 165 36 
40 582 42 5 8 36 165 36 
40 582 42 5 8 36 36 
42 73 368 142 36 36 
42 73 368 5 8 36 36 
216 59 128 42 60 73 368 36 36 
42 73 368 5 8 36 36 
40 582 42 5 8 36 36 
40 582 42 5 8 36 36 
42 73 368 5 8 36 165 36 
42 73 368 5 8 36 165 36 
40 582 42 254 36 255 36 
40 582 42 254 36 255 36 
40 582 42 398 254 36 36 
40 582 42 36 122 123 36 
42 73 368 5 8 36 165 36 
42 73 368 5 8 36 165 36 
40 582 42 254 36 255 36 
40 582 42 36 122 123 36 
40 582 42 398 254 36 36 
40 582 42 5 8 36 165 36 
42 73 368 5 8 36 165 36 
42 73 368 5 8 36 165 36 
42 73 368 5 8 36 36 
42 73 368 5 8 36 165 36 
42 73 368 5 8 36 122 36 
40 582 42 5 8 36 36 
42 73 368 5 8 36 36 
42 73 368 5 8 36 165 36 
40 582 42 5 8 36 36 
40 582 42 5 8 36 36 
40 582 42 398 254 36 36 
42 73 368 5 8 36 165 36 
42 73 368 5 8 36 36 
1 2 42 73 368 5 8 12 36 36 
145 42 73 368 5 8 36 36 
42 73 368 5 8 36 36 
42 73 368 5 8 36 36 
42 73 368 5 8 36 165 36 
42 73 368 5 8 36 165 36 
42 73 368 5 8 36 165 36 
42 73 368 5 8 36 36 
42 73 368 5 36 122 36 
40 582 42 5 8 36 36 
42 73 368 5 8 36 36 
42 73 368 5 8 36 36 
42 73 368 254 36 36 
42 73 368 5 8 36 36 
42 73 368 5 254 481 370 36 36 
42 73 368 5 8 36 165 36 
42 73 368 5 8 36 36 
42 73 368 5 378 232 8 36 36 
42 73 368 5 8 36 36 
40 582 42 36 122 123 36 
42 73 368 398 254 36 36 
40 582 42 36 122 123 36 
40 582 42 5 8 36 36 
42 73 368 118 226 36 122 36 
40 582 42 5 254 8 36 255 36 
42 73 368 5 254 36 36 
42 73 368 5 254 36 36 
42 73 368 142 36 36 
42 73 368 142 36 36 
42 73 368 254 36 255 36 
42 73 368 254 36 255 36 
42 73 368 5 8 36 36 
42 73 368 254 36 255 36 
42 73 368 5 8 36 36 
42 73 368 5 8 36 36 
40 582 42 5 8 36 36 
42 73 368 5 8 36 144 201 36 
42 73 368 5 8 36 165 36 
42 73 368 5 6 63 64 36 36 
42 73 368 5 8 36 36 
42 73 368 5 8 36 165 36 
40 582 42 5 8 36 36 
42 73 368 5 8 36 36 
42 73 368 36 122 123 36 
42 73 368 36 122 123 36 
42 73 368 5 8 36 165 36 
42 73 368 5 8 36 165 36 
42 73 368 5 8 36 36 
42 73 368 5 8 36 165 36 
42 73 368 5 8 36 36 
40 582 42 5 8 36 165 36 
42 73 368 5 8 36 165 36 
42 73 368 5 8 36 36 
42 73 368 36 122 123 36 
42 73 368 254 36 255 36 
42 73 368 5 8 36 165 36 
40 582 42 5 398 254 36 36 
42 73 368 398 254 36 36 
42 73 368 142 36 36 
42 73 368 5 8 36 219 36 
42 73 368 5 8 36 219 36 
42 73 368 5 8 36 219 36 
42 73 368 5 118 226 36 36 
42 73 368 5 254 8 36 255 36 
42 73 368 5 8 36 36 
145 42 73 368 142 36 36 
40 582 42 142 36 36 
42 73 368 5 8 36 36 
40 582 42 5 8 36 36 
42 73 368 5 8 36 36 
42 73 368 5 8 36 36 
40 582 42 5 8 36 36 
42 73 368 5 8 36 36 
42 73 368 5 8 36 36 
42 73 368 5 8 36 36 
42 73 368 5 8 36 144 36 
42 73 368 5 8 36 165 36 
42 73 368 5 8 36 165 36 
42 73 368 5 8 36 165 36 
40 582 42 254 36 255 36 
136 42 73 368 5 142 36 36 
40 582 42 384 254 36 407 36 
42 73 368 118 119 36 36 
40 582 42 254 36 255 36 
216 59 128 42 60 73 368 254 36 255 36 
42 73 368 118 226 36 36 
42 73 368 5 8 36 36 
42 73 368 5 8 36 165 36 
40 582 42 5 8 36 36 
42 73 368 5 8 36 36 
42 73 368 254 36 255 36 
42 73 368 5 8 36 36 
42 73 368 5 254 36 255 36 
42 73 368 5 8 36 36 
42 73 368 5 8 36 36 
42 73 368 254 36 255 36 
40 582 42 36 122 123 36 
42 73 368 254 36 255 36 
1 2 42 73 368 5 8 36 36 
1 2 42 73 368 5 8 36 36 
42 73 368 5 8 36 219 36 
42 73 368 5 8 36 219 36 
42 73 368 254 36 255 36 
42 73 368 5 8 36 122 36 
42 73 368 5 8 36 36 
42 73 368 254 36 255 36 
40 582 42 5 8 36 36 
42 73 368 5 8 36 36 
42 73 368 5 8 36 36 
42 73 368 5 8 36 36 
42 73 368 5 8 36 36 
42 73 368 5 8 36 36 
42 73 368 5 8 36 36 
42 73 368 5 8 36 36 
42 73 368 5 36 36 
42 73 368 5 7 8 11 10 12 36 36 
40 582 42 36 122 123 36 
42 73 368 5 8 36 36 
42 73 368 5 8 36 36 
42 73 368 5 8 36 219 36 
1 19 2 42 73 368 588 112 248 142 113 36 36 
42 73 368 5 8 532 36 144 36 
42 73 368 5 8 36 36 
40 582 42 5 398 254 8 36 36 
42 73 368 5 8 36 36 
42 73 368 36 122 123 36 
42 73 368 5 8 36 36 
42 73 368 5 8 36 36 
42 73 368 5 8 36 36 
42 73 368 254 36 255 36 
42 73 368 254 36 255 36 
42 73 368 5 254 36 255 36 
42 73 368 5 8 36 36 
40 582 42 36 122 123 36 
42 73 368 5 36 36 
42 73 368 5 254 8 36 255 36 
42 73 368 36 122 123 36 
42 73 368 254 36 255 36 
42 73 368 254 36 255 36 
42 73 368 5 8 36 36 
42 73 368 398 254 36 36 
42 73 368 5 8 36 36 
42 73 368 5 8 36 36 
42 73 368 5 8 36 165 36 
42 73 368 254 36 255 36 
42 73 368 254 36 255 36 
40 582 42 5 8 36 36 
42 73 368 36 122 123 36 
40 582 42 5 398 254 36 36 
42 73 368 5 8 36 165 36 
40 582 42 5 254 36 255 36 
42 73 368 5 8 36 36 
42 73 368 5 8 36 36 
40 582 42 5 8 36 165 36 
42 73 368 345 142 36 396 36 
40 582 42 254 36 255 36 
42 73 368 254 36 255 36 
42 73 368 5 8 36 36 
42 73 368 5 8 12 36 36 
42 73 368 5 8 36 165 36 
42 73 368 5 8 36 36 
42 73 368 5 8 36 165 36 
42 73 368 5 8 36 36 
42 73 368 5 8 36 36 
42 73 368 5 8 36 36 
42 73 368 36 122 123 36 
42 73 368 5 8 36 36 
42 73 368 5 8 36 36 
42 73 368 254 369 370 36 36 
40 582 42 36 122 123 36 
42 73 368 398 254 36 122 36 
40 582 42 254 36 255 36 
42 73 368 5 8 36 36 
42 73 368 5 8 36 36 
40 582 42 5 8 36 36 
40 582 42 5 398 254 36 36 
42 73 368 5 8 36 36 
42 73 368 398 254 36 36 
42 73 368 254 36 255 36 
42 73 368 398 254 36 36 
40 582 42 36 122 123 36 
42 73 368 5 398 254 36 36 
42 73 368 5 8 36 36 
42 73 368 5 8 36 165 36 
42 73 368 5 8 36 219 36 
42 73 368 5 8 36 219 36 
42 73 368 5 8 36 219 36 
42 73 368 254 36 36 
42 73 368 5 8 36 36 
42 73 368 5 8 36 165 36 
42 73 368 5 8 36 36 
42 73 368 5 8 36 36 
42 73 368 5 8 36 165 36 
42 73 368 5 8 36 36 
42 73 368 254 36 255 36 
42 73 368 5 8 36 36 
42 73 368 5 8 36 36 
42 73 368 5 8 36 165 36 
42 73 368 5 8 36 36 
42 73 368 5 8 36 165 36 
42 73 368 5 8 36 36 
1 2 42 73 368 5 8 36 165 36 
42 73 368 5 254 36 255 36 
42 73 368 118 254 36 255 36 
42 73 368 5 8 36 36 
42 73 368 5 8 36 36 
42 73 368 5 8 36 36 
42 73 368 5 8 36 165 36 
42 73 368 142 36 36 
40 582 42 36 122 123 36 
40 582 42 5 8 36 36 
42 73 368 5 36 36 
1 40 582 2 42 5 8 36 36 
42 73 368 5 8 36 36 
42 73 368 5 8 36 36 
1 2 42 73 368 5 8 36 165 36 
42 73 368 5 8 36 36 
40 582 42 5 254 8 36 255 36 
42 73 368 5 8 36 36 
40 582 42 5 6 36 61 36 
42 73 368 254 36 255 36 
42 73 368 254 36 255 36 
42 73 368 36 122 123 36 
42 73 368 36 122 123 36 
42 73 368 5 8 36 165 36 
40 582 42 5 8 36 165 36 
42 73 368 5 8 36 36 
42 73 368 5 8 36 36 
42 73 368 5 254 481 370 36 36 
42 73 368 5 8 36 36 
42 73 368 5 254 36 255 36 
42 73 368 36 122 123 36 
40 582 42 398 254 36 36 
42 73 368 5 8 36 165 36 
42 73 368 5 8 36 165 36 
42 73 368 254 36 255 36 
42 73 368 254 36 255 36 
42 73 368 5 8 36 165 36 
42 73 368 5 8 36 36 
42 73 368 36 122 123 36 
42 73 368 5 8 36 36 
42 73 368 5 8 36 36 
42 73 368 5 8 36 36 
42 73 368 5 8 36 36 
42 73 368 5 8 36 36 
42 73 368 5 8 36 36 
42 73 368 5 8 36 36 
42 73 368 36 122 123 36 
40 582 42 36 122 123 36 
40 582 42 398 254 36 36 
40 582 42 254 36 255 36 
40 582 42 398 254 36 36 
42 73 368 5 8 36 36 
42 73 368 5 8 36 36 
42 73 368 5 8 36 36 
42 73 368 5 8 36 36 
42 73 368 5 372 8 36 36 
42 73 368 5 8 36 165 36 
42 73 368 254 36 255 36 
40 582 42 254 36 255 36 
42 73 368 5 8 36 36 
42 73 368 5 8 36 165 36 
42 73 368 36 122 123 36 
42 73 368 5 8 36 165 36 
42 73 368 5 8 36 36 
42 73 368 36 122 123 36 
42 73 368 254 36 255 36 
42 73 368 5 8 36 36 
107 42 73 368 108 5 8 36 36 
1 2 42 73 368 5 8 36 36 
40 582 42 5 8 36 36 
42 73 368 254 36 255 36 
42 73 368 36 122 123 36 
42 73 368 5 8 36 122 36 
42 73 368 36 36 
42 73 368 36 122 123 36 
42 73 368 5 8 36 122 36 
42 73 368 254 36 255 36 
42 73 368 5 254 36 255 36 
40 582 42 73 398 254 36 36 
42 73 368 142 36 36 
42 73 368 5 8 36 36 
42 73 368 5 8 36 36 
42 73 368 5 8 36 36 
42 73 368 36 122 123 36 
42 73 368 5 8 36 36 
40 582 42 254 36 255 36 
42 73 368 5 8 36 36 
42 73 368 5 8 36 36 
1 2 42 73 368 5 8 36 36 
40 582 42 36 122 123 36 
40 582 42 5 237 238 36 36 
42 73 368 5 101 373 8 36 36 
42 73 368 5 254 36 36 
1 2 42 73 368 5 254 36 36 
40 582 42 36 122 123 36 
40 582 42 5 8 12 36 36 
42 73 368 36 122 123 36 
40 582 42 5 143 8 36 144 36 
42 73 368 5 8 36 36 
42 73 368 5 8 36 36 
42 73 368 254 36 255 36 
42 73 368 5 8 36 165 36 
42 73 368 5 8 36 165 36 
42 73 368 5 8 36 165 36 
40 582 42 5 8 36 36 
42 73 368 5 8 36 165 36 
40 582 42 5 8 36 165 36 
40 582 42 5 8 36 36 
42 73 368 254 36 255 36 
1 2 42 73 368 36 122 123 36 
42 73 368 118 226 36 122 36 
42 73 368 5 8 36 36 
42 73 368 5 8 36 36 
42 73 368 36 122 123 36 
40 582 42 5 254 36 255 36 
40 582 42 254 36 255 36 
40 582 42 254 36 255 36 
42 73 368 5 8 36 36 
40 582 42 73 36 122 123 36 
40 582 42 5 8 36 165 36 
42 73 368 5 8 36 165 36 
42 73 368 5 8 36 165 36 
42 73 368 5 8 36 36 
107 42 73 368 108 254 36 255 36 
40 582 42 73 254 36 255 36 
42 73 368 5 8 36 36 
40 582 42 36 122 123 36 
42 73 368 142 36 36 
40 582 42 5 254 481 370 36 36 
42 73 368 5 8 36 36 
42 73 368 36 122 123 36 
42 73 368 254 36 255 36 
42 73 368 5 6 36 36 
42 73 368 5 8 36 36 
40 582 42 36 122 123 36 
42 73 368 5 8 36 165 36 
40 582 42 5 8 36 36 
42 73 368 5 8 36 36 
42 73 368 36 122 123 36 
42 73 368 5 6 23 36 139 36 
42 73 368 48 5 6 36 36 
42 73 368 48 5 6 36 36 
42 73 368 254 36 255 36 
42 73 368 254 36 255 36 
40 582 42 36 122 123 36 
42 73 368 142 36 36 
42 73 368 142 36 36 
42 73 368 142 36 36 
40 582 42 36 122 123 36 
40 582 42 383 384 254 36 36 
40 582 42 36 584 36 
42 73 368 5 8 36 165 36 
42 73 368 36 122 123 36 
42 73 368 5 8 36 393 36 
42 73 368 5 8 36 165 36 
42 73 368 5 8 36 165 36 
40 582 42 5 143 8 36 144 36 
40 582 42 5 143 8 36 144 36 
40 582 42 5 8 36 36 
42 73 368 254 36 255 36 
42 73 368 5 118 226 36 36 
40 582 42 5 8 36 122 36 
42 73 368 5 8 36 165 36 
42 73 368 254 36 255 36 
40 582 42 254 36 255 36 
42 73 368 398 254 36 36 
42 73 368 5 8 36 36 
42 73 368 36 122 123 36 
1 2 42 73 368 48 5 6 159 36 130 36 
1 2 42 73 368 48 5 6 159 36 130 36 
40 582 42 48 5 6 159 36 130 36 
42 73 368 48 5 6 159 36 130 36 
1 2 42 73 368 48 5 6 159 36 130 36 
42 73 368 5 8 36 36 
42 73 368 5 8 36 36 
42 73 368 5 8 36 36 
42 73 368 5 8 36 165 36 
1 2 42 73 368 254 142 36 255 36 
42 73 368 254 36 255 36 
42 73 368 5 8 36 36 
42 73 368 5 8 36 36 
42 73 368 5 8 36 144 201 36 
42 73 368 5 8 36 165 36 
42 73 368 48 5 6 345 36 396 36 
40 582 42 36 122 123 36 
42 73 368 254 36 255 36 
42 73 368 254 36 36 
42 73 368 254 36 255 36 
42 73 368 398 254 36 36 
42 73 368 383 384 254 36 36 
40 582 42 142 36 36 
40 582 42 5 254 36 255 36 
42 73 368 5 254 36 255 36 
40 582 42 5 8 36 36 
40 582 42 36 122 123 36 
40 582 42 5 8 36 219 36 
42 73 368 5 8 36 219 36 
40 582 42 73 118 132 36 36 
42 73 368 5 8 36 36 
40 582 42 254 36 255 36 
42 73 368 254 36 255 36 
42 73 368 254 36 255 36 
40 41 42 73 368 5 6 63 23 36 36 
42 73 368 36 122 123 36 
40 582 42 118 226 36 36 
42 73 368 5 8 36 165 36 
42 73 368 5 8 36 165 36 
42 73 368 5 8 36 36 
42 73 368 5 8 36 36 
40 582 42 5 36 36 
40 582 42 73 254 36 255 36 
1 40 582 2 42 118 226 36 36 
42 73 368 5 8 36 36 
42 73 368 5 8 36 144 201 36 
40 582 42 36 122 123 36 
40 582 42 5 8 36 122 123 36 
42 73 368 5 36 36 
42 73 368 398 254 36 36 
42 73 368 254 36 255 36 
42 73 368 5 8 36 36 
40 582 42 5 8 36 36 
42 73 368 5 8 36 36 
42 73 368 5 8 36 36 
42 73 368 5 8 36 36 
42 73 368 5 8 36 36 
42 73 368 5 8 36 36 
42 73 368 5 8 36 36 
42 73 368 5 8 36 36 
42 73 368 5 36 36 
40 582 42 254 36 255 36 
42 73 368 36 122 123 36 
40 582 42 5 8 36 36 
42 73 368 5 8 36 144 201 36 
42 73 368 5 8 36 165 36 
42 73 368 254 36 255 36 
42 73 368 254 36 255 36 
42 73 368 5 8 36 36 
42 73 368 5 8 36 36 
40 582 42 5 36 36 
40 582 42 5 8 36 36 
42 73 368 5 8 36 165 36 
40 582 42 5 8 36 165 36 
42 73 368 5 8 36 36 
42 73 368 5 8 36 165 36 
42 73 368 142 36 36 
42 73 368 5 8 36 36 
42 73 368 5 8 36 36 
42 73 368 5 8 36 165 36 
42 73 368 5 8 36 165 36 
40 582 42 118 226 36 36 
1 40 582 2 42 254 36 36 
40 582 42 36 122 123 36 
42 73 368 5 36 36 
40 582 42 5 254 36 36 
42 73 368 254 36 255 36 
40 582 42 398 254 36 255 36 
40 582 42 36 122 123 36 
42 73 368 254 36 255 36 
42 73 368 5 8 36 36 
42 73 368 5 8 36 36 
42 73 368 5 8 36 36 
42 73 368 5 8 36 36 
42 73 368 5 8 36 36 
42 73 368 5 8 36 36 
42 73 368 5 8 36 36 
42 73 368 5 8 36 36 
42 73 368 5 493 254 36 36 
42 73 368 5 8 36 36 
42 73 368 5 8 36 36 
42 73 368 5 8 36 36 
42 73 368 254 36 255 36 
42 73 368 5 36 36 
42 73 368 398 254 36 36 
42 73 368 398 254 36 36 
42 73 368 5 8 36 36 
40 582 42 5 8 36 36 
42 73 368 398 254 36 36 
40 582 42 5 398 254 36 36 
42 73 368 398 254 36 36 
42 73 368 398 254 36 36 
42 73 368 254 36 255 36 
42 73 368 254 369 370 142 36 36 
42 73 368 5 8 36 36 
40 582 42 5 8 36 36 
42 73 368 5 36 36 
42 73 368 5 8 36 165 36 
42 73 368 5 8 36 36 
42 73 368 5 8 36 36 
42 73 368 5 8 36 36 
42 73 368 5 187 8 36 165 36 
42 73 368 5 187 8 36 165 36 
42 73 368 254 36 36 
40 582 42 5 8 36 36 
42 73 368 5 8 36 36 
42 73 368 5 8 36 36 
42 73 368 5 8 36 36 
42 73 368 5 8 36 36 
42 73 368 5 8 36 36 
40 582 42 5 91 6 92 36 36 
42 73 368 398 254 36 36 
40 582 42 254 36 255 36 
40 582 42 36 122 123 36 
42 73 368 5 8 36 36 
42 73 368 5 161 8 36 36 
42 73 368 36 122 123 36 
42 73 368 5 8 36 36 
42 73 368 5 8 36 165 36 
42 73 368 5 8 36 36 
42 73 368 254 36 255 36 
42 73 368 5 8 36 36 
40 582 42 5 8 36 219 36 
42 73 368 5 8 36 165 36 
42 73 368 5 8 36 36 
42 73 368 5 8 36 36 
42 73 368 254 36 255 36 
40 582 42 254 36 255 36 
42 73 368 254 36 36 
40 582 42 36 122 123 36 
42 73 368 5 8 36 144 201 36 
40 582 42 254 36 255 36 
42 73 368 5 8 36 122 36 
42 73 368 5 8 36 122 36 
40 582 178 136 42 48 5 6 36 122 123 36 
42 73 368 254 36 36 
42 73 368 5 8 36 36 
42 73 368 36 122 123 36 
40 582 42 5 8 36 36 
42 73 368 5 8 36 36 
42 73 368 5 8 36 36 
42 73 368 5 8 36 36 
1 2 42 73 368 5 8 36 36 
1 40 582 2 42 254 36 255 36 
42 73 368 254 36 255 36 
42 73 368 5 8 36 36 
42 73 368 5 8 36 36 
42 73 368 5 254 36 255 36 
42 73 368 5 8 36 36 
42 73 368 5 36 36 
42 73 368 5 36 36 
42 73 368 5 36 36 
42 73 368 5 36 36 
42 73 368 5 8 36 165 36 
42 73 368 5 8 36 36 
42 73 368 5 8 36 36 
145 42 73 368 254 36 255 36 
42 73 368 118 119 36 36 
40 582 42 254 36 255 36 
40 582 178 136 42 36 122 123 36 
42 73 368 5 8 36 36 
42 73 368 5 187 8 36 165 36 
42 73 368 5 8 36 165 36 
40 582 42 5 8 36 36 
40 582 42 5 8 36 36 
40 582 42 5 8 36 165 36 
42 73 368 5 8 36 36 
40 582 42 36 122 123 36 
42 73 368 5 8 36 36 
40 582 42 398 254 36 255 36 
40 582 178 136 42 5 254 36 36 
42 73 368 36 122 123 36 
42 73 368 5 8 36 144 201 36 
40 582 42 5 8 36 36 
145 42 73 368 254 36 255 36 
42 73 368 5 8 36 36 
42 73 368 5 8 36 36 
40 582 42 5 36 122 36 
42 73 368 5 8 36 165 36 
42 73 368 36 122 123 36 
42 73 368 5 8 36 36 
42 73 368 5 8 36 36 
42 73 368 5 8 36 165 36 
42 73 368 5 8 36 165 36 
42 73 368 5 8 36 165 36 
40 582 42 5 8 36 36 
42 73 368 5 8 36 36 
40 582 42 5 8 36 165 36 
40 582 42 5 8 36 36 
42 73 368 254 36 255 36 
42 73 368 118 226 36 36 
40 582 42 118 226 36 36 
40 582 42 254 36 255 36 
40 582 42 36 122 123 36 
40 582 42 254 36 255 36 
1 40 582 15 42 5 8 36 36 
42 73 368 5 8 36 36 
42 73 368 254 36 255 36 
42 73 368 254 36 36 
42 73 368 36 122 123 36 
40 582 42 5 8 36 36 
42 73 368 254 36 255 36 
1 40 582 2 42 5 8 36 165 36 
42 73 368 5 254 36 255 36 
42 73 368 36 122 123 36 
42 73 368 254 36 36 
42 73 368 5 398 254 36 36 
42 73 368 36 122 123 36 
42 73 368 5 8 36 165 36 
40 582 178 136 42 5 8 36 144 201 36 
42 73 368 5 8 36 36 
42 73 368 5 6 36 61 36 
42 73 368 5 187 8 36 165 36 
42 73 368 254 36 255 36 
42 73 368 5 254 36 36 
42 73 368 5 8 36 36 
42 73 368 5 8 36 165 36 
42 73 368 5 36 36 
42 73 368 142 36 36 
42 73 368 142 36 36 
42 73 368 142 36 36 
42 73 368 254 36 255 36 
42 73 368 5 8 36 36 
42 73 368 5 187 8 36 165 36 
40 582 42 5 8 36 165 36 
42 73 368 5 8 36 165 36 
145 42 73 368 5 8 36 165 36 
42 73 368 5 187 8 36 165 36 
1 40 582 2 42 5 8 36 36 
40 582 42 5 254 36 255 36 
42 73 368 254 36 255 36 
42 73 368 5 8 36 36 
40 582 42 5 8 36 36 
40 582 42 36 122 123 36 
42 73 368 5 8 36 36 
42 73 368 5 8 36 36 
42 73 368 5 8 36 165 36 
42 73 368 5 8 36 36 
55 42 56 57 73 368 5 8 36 36 
42 73 368 5 8 36 36 
42 73 368 5 254 36 255 36 
42 73 368 5 142 36 36 
42 73 368 5 6 8 36 61 36 
40 582 42 5 8 36 36 
42 73 368 5 8 36 165 36 
42 73 368 5 8 36 36 
42 73 368 5 398 254 36 36 
1 2 42 73 368 5 8 36 36 
42 73 368 36 122 123 36 
42 73 368 254 36 255 36 
42 73 368 5 187 8 36 165 36 
42 73 368 5 112 248 8 113 36 249 219 36 
42 73 368 5 8 36 36 
40 582 42 36 36 
42 73 368 36 122 123 36 
42 73 368 5 8 36 36 
42 73 368 5 8 36 122 123 36 
107 42 73 368 108 5 8 36 122 123 36 
40 582 42 36 122 123 36 
40 582 42 5 8 36 165 36 
40 582 42 36 122 123 36 
42 73 368 5 254 36 255 36 
42 73 368 5 8 36 165 36 
42 73 368 36 122 123 36 
42 73 368 36 122 123 36 
42 73 368 5 8 36 36 
42 73 368 5 8 36 165 36 
40 582 42 36 122 123 36 
42 73 368 36 122 123 36 
42 73 368 5 8 36 36 
42 73 368 5 8 36 36 
42 73 368 36 122 123 36 
42 73 368 254 36 255 36 
40 582 42 398 254 36 36 
42 73 368 5 8 36 165 36 
42 73 368 5 8 36 165 36 
42 73 368 5 8 36 165 36 
42 73 368 5 8 36 36 
42 73 368 254 36 255 36 
40 582 42 73 254 36 255 36 
42 73 368 254 36 255 36 
42 73 368 254 36 255 36 
42 73 368 5 8 36 36 
42 73 368 5 8 36 36 
42 73 368 5 8 36 36 
42 73 368 36 122 123 36 
42 73 368 5 8 36 36 
42 73 368 254 36 255 36 
40 582 42 254 36 255 36 
40 582 42 5 101 395 8 36 36 
40 582 42 5 101 8 36 36 
42 73 368 254 36 255 36 
42 73 368 5 8 36 122 123 36 
136 42 174 73 368 5 8 36 165 36 
42 73 368 5 8 36 165 36 
42 73 368 5 8 36 36 
42 73 368 5 8 36 35 36 
42 73 368 5 8 36 165 36 
42 73 368 5 8 36 165 36 
42 73 368 5 8 36 165 36 
42 73 368 5 8 36 36 
42 73 368 5 187 8 36 165 36 
42 73 368 254 36 255 36 
42 73 368 5 8 36 36 
42 73 368 5 8 36 36 
42 73 368 383 384 254 36 36 
42 73 368 5 8 36 36 
42 73 368 5 8 36 36 
42 73 368 5 8 36 165 36 
42 73 368 254 36 255 36 
42 73 368 5 8 36 165 36 
1 2 42 73 368 5 8 36 36 
40 582 145 42 5 8 36 144 201 36 
42 73 368 5 8 36 165 36 
42 73 368 254 36 255 36 
40 582 42 5 8 36 36 
42 73 368 254 36 255 36 
42 73 368 5 8 36 165 36 
1 40 582 42 152 36 153 36 
42 73 368 36 122 123 36 
42 73 368 5 8 36 36 
40 582 42 5 8 36 36 
42 73 368 5 8 36 165 36 
40 582 42 5 8 36 165 36 
42 73 368 5 8 36 165 36 
1 40 582 2 42 5 8 36 165 36 
40 582 42 5 91 6 92 36 36 
42 73 368 5 6 36 61 36 
40 582 42 36 122 123 36 
42 73 368 254 36 255 36 
40 582 42 254 36 255 36 
40 582 42 254 36 255 36 
42 73 368 254 36 255 36 
42 73 368 118 226 36 36 
42 73 368 7 10 11 36 36 
40 582 178 136 42 5 8 36 36 
42 73 368 5 8 36 36 
42 73 368 5 8 36 144 201 36 
42 73 368 5 8 36 144 201 36 
40 582 42 5 231 8 36 36 
40 582 42 5 8 36 36 
42 73 368 5 8 36 36 
42 73 368 254 36 255 36 
42 73 368 383 384 254 36 36 
40 582 42 5 143 8 36 144 36 
42 73 368 5 8 36 36 
1 40 582 42 5 8 36 36 
42 73 368 5 8 36 36 
40 582 42 5 8 36 36 
42 73 368 5 8 36 144 201 36 
42 73 368 5 8 36 36 
42 73 368 5 8 36 36 
42 73 368 5 8 36 165 36 
42 73 368 5 8 36 36 
42 73 368 5 8 36 36 
40 582 42 5 8 36 36 
42 73 368 5 8 36 144 201 36 
42 73 368 5 8 36 36 
42 73 368 5 8 36 36 
42 73 368 254 36 255 36 
40 582 42 133 21 22 36 68 24 36 
42 73 368 5 6 8 36 36 
42 73 368 254 36 36 
42 73 368 5 8 36 165 36 
42 73 368 5 8 36 165 36 
42 73 368 5 8 36 36 
42 73 368 398 254 36 36 
42 73 368 5 142 36 36 
42 73 368 254 36 255 36 
42 73 368 254 36 36 
42 73 368 254 36 36 
40 582 42 254 36 255 36 
42 73 368 254 36 36 
42 73 368 5 137 101 8 36 36 
42 73 368 36 122 36 
40 582 42 36 122 36 
40 582 42 36 122 36 
42 73 368 36 122 36 
42 73 368 254 36 255 36 
40 582 42 254 36 255 36 
42 73 368 5 8 36 165 36 
178 136 42 73 368 5 187 8 36 165 36 
40 582 42 5 143 8 36 144 36 
42 73 368 254 36 255 36 
42 73 368 5 8 36 36 
42 73 368 5 8 36 165 36 
42 73 368 5 8 36 36 
40 582 42 73 5 8 36 36 
42 73 368 5 8 36 36 
42 73 368 5 8 36 36 
42 73 368 5 8 36 144 201 36 
42 73 368 5 8 36 36 
40 582 42 254 36 255 36 
42 73 368 5 8 36 36 
42 73 368 5 8 36 36 
42 73 368 5 8 36 36 
42 73 368 5 8 36 36 
42 73 368 5 8 36 36 
42 73 368 5 8 36 36 
42 73 368 5 8 36 165 36 
42 73 368 5 8 36 35 36 
40 582 42 36 122 123 36 
42 73 368 5 8 36 36 
40 582 42 5 8 36 36 
42 73 368 5 8 36 36 
42 73 368 254 36 255 36 
42 73 368 5 8 36 36 
40 582 42 73 5 398 254 36 36 
1 2 42 73 368 254 36 255 36 
42 73 368 36 122 123 36 
1 2 42 73 368 254 36 36 
42 73 368 5 8 36 36 
42 73 368 142 36 36 
40 582 42 36 122 123 36 
1 2 42 73 368 5 142 36 36 
40 582 42 254 36 255 36 
42 73 368 5 187 8 36 165 36 
42 73 368 5 8 36 36 
42 73 368 5 8 36 36 
42 73 368 142 36 36 
42 73 368 392 5 8 36 165 36 
42 73 368 5 8 36 36 
42 73 368 5 8 36 36 
42 73 368 254 36 255 36 
42 73 368 5 8 36 36 
40 582 42 36 122 123 36 
42 73 368 5 8 36 36 
40 582 42 5 8 36 36 
42 73 368 398 254 36 36 
42 73 368 5 8 36 165 36 
42 73 368 142 36 36 
42 73 368 5 8 36 36 
42 73 368 398 254 36 36 
42 73 368 254 36 255 36 
42 73 368 5 8 36 36 
42 73 368 5 8 36 36 
42 73 368 5 8 36 36 
40 582 42 5 8 36 165 36 
42 73 368 5 8 36 165 36 
40 582 42 5 8 36 165 36 
42 73 368 5 8 36 165 36 
42 73 368 5 8 36 36 
42 73 368 36 122 123 36 
42 73 368 5 8 36 36 
42 73 368 5 8 36 36 
42 73 368 36 122 123 36 
42 73 368 254 36 255 36 
42 73 368 5 8 36 36 
42 73 368 5 8 36 36 
42 73 368 254 369 370 142 36 36 
42 73 368 5 8 36 36 
95 42 73 96 368 5 7 8 10 11 36 36 
42 73 368 254 36 255 36 
42 73 368 5 187 8 36 165 36 
42 73 368 5 187 8 36 165 36 
42 73 368 5 187 8 36 165 36 
42 73 368 5 187 8 36 165 36 
42 73 368 5 8 36 36 
42 73 368 5 8 36 36 
42 73 368 5 8 36 36 
42 73 368 5 8 36 36 
42 73 368 5 8 36 36 
42 73 368 5 254 370 36 36 
42 73 368 254 36 255 36 
42 73 368 5 254 36 255 36 
42 73 368 5 8 36 36 
40 582 42 118 36 36 
42 73 368 118 36 36 
42 73 368 5 8 36 165 36 
42 73 368 5 8 36 36 
42 73 368 5 8 36 36 
1 40 582 42 398 254 36 36 
42 73 368 254 36 255 36 
1 15 42 43 73 368 398 254 36 36 
42 73 368 5 8 36 165 36 
42 73 368 5 8 36 36 
42 73 368 5 8 36 36 
40 582 42 5 8 36 36 
40 582 42 5 8 36 36 
42 73 368 493 254 36 36 
42 73 368 36 122 123 36 
42 73 368 5 8 36 36 
42 73 368 5 8 36 36 
42 73 368 5 8 36 36 
42 73 368 493 254 36 36 
42 73 368 36 122 123 36 
42 73 368 5 8 36 165 36 
42 73 368 254 36 255 36 
42 73 368 254 36 255 36 
40 582 42 5 8 36 36 
42 73 368 254 36 255 36 
42 73 368 254 36 255 36 
42 73 368 5 36 36 
42 73 368 36 122 123 36 
42 73 368 5 8 36 165 36 
42 73 368 5 8 36 165 36 
42 73 368 398 254 36 36 
1 2 42 73 368 398 254 36 36 
42 73 368 5 8 36 36 
1 2 42 73 368 5 8 36 36 
42 73 368 254 36 255 36 
40 582 42 398 254 36 36 
42 73 368 5 8 36 122 123 36 
42 73 368 254 36 255 36 
42 73 368 5 8 36 36 
42 73 368 5 8 36 36 
42 73 368 5 8 36 36 
42 73 368 254 36 255 36 
42 73 368 5 8 36 165 36 
40 582 42 254 36 255 36 
42 73 368 5 8 36 36 
42 73 368 5 254 36 255 36 
42 73 368 5 8 36 36 
42 73 368 5 6 36 61 36 
40 582 42 254 36 255 36 
40 582 42 5 8 36 36 
42 73 368 36 122 123 36 
42 73 368 5 8 36 165 36 
42 73 368 36 122 123 36 
42 73 368 254 36 255 36 
42 73 368 5 8 36 36 
42 73 368 5 109 28 21 36 80 110 36 
42 73 368 5 402 8 36 36 
42 73 368 5 398 254 36 36 
40 582 42 5 8 36 165 36 
40 582 42 5 8 36 165 36 
42 73 368 5 8 36 36 
42 73 368 254 36 255 36 
42 73 368 36 122 123 36 
42 73 368 5 8 36 36 
42 73 368 5 8 36 36 
42 73 368 5 8 36 36 
42 73 368 5 8 36 36 
42 73 368 5 254 36 255 36 
42 73 368 5 8 36 36 
42 73 368 5 8 36 36 
42 73 368 159 36 130 36 
42 73 368 5 8 36 36 
42 73 368 5 8 36 36 
42 73 368 36 122 123 36 
40 582 42 73 5 398 254 36 36 
42 73 368 5 8 36 36 
42 73 368 5 8 36 36 
42 73 368 5 8 36 36 
42 73 368 5 8 36 36 
42 73 368 254 36 255 36 
42 73 368 5 8 36 165 36 
42 73 368 5 8 36 36 
42 73 368 5 8 36 165 36 
42 73 368 5 8 36 165 36 
42 73 368 36 122 123 36 
42 73 368 36 122 123 36 
42 73 368 36 122 123 36 
42 73 368 5 8 36 36 
40 582 42 254 36 255 36 
42 73 368 36 122 123 36 
42 73 368 5 8 36 36 
42 73 368 5 8 36 36 
42 73 368 36 122 123 36 
42 73 368 398 254 36 36 
107 42 73 368 108 5 91 6 92 8 36 36 
42 73 368 36 122 123 36 
42 73 368 36 122 123 36 
40 582 42 36 122 123 36 
42 73 368 5 254 36 36 
42 73 368 5 8 36 36 
42 73 368 5 8 36 122 36 
42 73 368 36 122 123 36 
42 73 368 5 8 36 36 
42 73 368 5 8 36 36 
42 73 368 142 36 36 
42 73 368 254 36 255 36 
40 582 42 254 36 255 36 
42 73 368 254 36 255 36 
42 73 368 5 8 36 36 
42 73 368 254 36 255 36 
42 73 368 5 8 36 36 
42 73 368 254 36 255 36 
40 582 42 73 254 36 255 36 
42 73 368 254 36 255 36 
42 73 368 254 36 255 36 
42 73 368 5 8 36 165 36 
42 73 368 5 8 36 36 
40 582 42 254 36 255 36 
1 2 42 73 368 254 36 255 36 
42 73 368 254 36 255 36 
42 73 368 5 254 36 255 36 
42 73 368 118 142 132 36 36 
42 73 368 5 8 36 36 
42 73 368 159 36 130 36 
42 73 368 5 8 36 165 36 
40 582 42 5 8 36 36 
42 73 368 5 231 8 36 36 
178 136 42 73 368 5 8 36 36 
40 582 42 36 122 123 36 
40 582 42 5 8 36 36 
40 582 42 5 21 8 36 36 
42 73 368 5 8 36 165 36 
42 73 368 5 8 36 165 36 
42 73 368 5 8 36 165 36 
42 73 368 5 8 36 165 36 
42 73 368 5 8 36 165 36 
42 73 368 36 36 
42 73 368 345 142 36 396 36 
42 73 368 254 369 370 142 36 36 
40 582 42 254 36 255 36 
42 73 368 254 36 255 36 
40 582 42 5 8 36 36 
42 73 368 5 8 36 165 36 
42 73 368 5 8 36 165 36 
42 73 368 5 8 36 165 36 
42 73 368 5 8 36 165 36 
40 582 42 5 8 36 36 
42 73 368 5 8 36 165 36 
42 73 368 5 8 36 36 
40 582 42 5 8 36 36 
40 582 42 5 8 36 36 
40 582 42 5 8 36 36 
42 73 368 36 122 123 36 
42 73 368 5 254 8 36 255 36 
40 582 42 5 8 36 122 36 
42 73 368 5 8 36 36 
42 73 368 5 8 36 165 36 
42 73 368 383 384 254 36 36 
40 582 42 36 122 123 36 
40 582 42 36 122 123 36 
40 582 42 36 122 123 36 
40 582 42 36 122 123 36 
42 73 368 5 143 8 36 144 36 
42 73 368 5 8 36 36 
42 73 368 142 36 36 
40 582 42 36 122 123 36 
40 582 42 254 36 255 36 
42 73 368 398 254 36 36 
40 582 42 254 36 255 36 
42 73 368 254 36 255 36 
42 73 368 254 36 255 36 
42 73 368 5 36 36 
42 73 368 5 36 36 
42 73 368 5 398 254 36 36 
42 73 368 5 8 36 35 36 
40 582 42 5 36 36 
42 73 368 5 8 36 165 36 
42 73 368 254 36 255 36 
42 73 368 254 36 255 36 
42 73 368 254 36 255 36 
42 73 368 5 8 36 36 
40 582 42 36 122 123 36 
1 2 42 73 368 5 8 36 36 
42 73 368 5 8 36 36 
42 73 368 5 8 36 36 
40 582 42 5 8 36 36 
42 73 368 383 384 254 36 36 
42 73 368 118 119 36 36 
40 582 42 5 8 36 165 36 
42 73 368 5 8 36 36 
40 582 42 5 8 36 165 36 
1 2 42 73 368 5 8 36 36 
42 73 368 5 8 36 36 
42 73 368 5 8 36 36 
1 40 582 2 42 36 122 123 36 
42 73 368 254 36 255 36 
42 73 368 254 36 36 
42 73 368 5 8 36 165 36 
42 73 368 5 8 10 11 36 371 36 
42 73 368 254 36 255 36 
42 73 368 254 36 255 36 
42 73 368 5 8 36 165 36 
42 73 368 5 8 36 36 
42 73 368 5 143 8 36 144 36 
42 73 368 5 143 8 36 144 36 
40 582 42 5 8 36 144 201 36 
42 73 368 254 36 36 
40 41 42 73 368 5 8 36 36 
40 582 42 5 8 36 165 36 
42 73 368 5 118 119 36 36 
42 73 368 5 8 36 36 
42 73 368 5 8 36 36 
42 73 368 5 8 36 36 
42 73 368 5 8 36 36 
42 73 368 5 8 36 36 
40 582 42 254 36 255 36 
42 73 368 5 8 36 36 
40 582 42 36 122 123 36 
42 73 368 254 369 370 36 36 
42 73 368 254 36 255 36 
42 73 368 254 36 255 36 
40 582 42 5 8 36 36 
42 73 368 5 8 36 36 
42 73 368 5 254 36 255 36 
1 2 42 73 368 5 6 36 61 36 
42 73 368 5 6 36 61 36 
42 73 368 254 36 255 36 
40 582 42 5 8 36 36 
42 73 368 5 8 36 165 36 
42 73 368 5 8 36 165 36 
42 73 368 5 8 36 165 36 
42 73 368 5 8 36 36 
42 73 368 5 8 36 165 36 
40 582 42 5 8 36 165 36 
42 73 368 254 36 255 36 
42 73 368 5 8 36 36 
42 73 368 5 8 36 165 36 
42 73 368 5 8 36 36 
42 73 368 5 8 36 165 36 
42 73 368 254 36 255 36 
42 73 368 5 8 36 165 36 
42 73 368 254 36 255 36 
42 73 368 5 8 36 36 
1 15 42 73 368 36 122 123 36 
42 73 368 36 122 123 36 
42 73 368 254 36 255 36 
40 582 42 36 122 123 36 
42 73 368 5 8 36 36 
42 73 368 5 8 36 36 
42 73 368 5 8 142 36 371 36 
42 73 368 5 8 36 165 36 
40 582 42 5 8 36 144 201 36 
42 73 368 5 8 36 36 
42 73 368 5 8 36 36 
42 73 368 5 8 36 36 
42 73 368 5 8 36 36 
42 73 368 5 143 8 36 144 36 
42 73 368 5 8 36 36 
42 73 368 5 8 36 36 
42 73 368 5 8 36 36 
42 73 368 254 36 255 36 
42 73 368 254 36 255 36 
40 582 42 36 122 123 36 
42 73 368 5 8 12 36 36 
42 73 368 5 36 36 
42 73 368 254 36 255 36 
40 582 42 36 122 123 36 
42 73 368 254 36 255 36 
40 582 42 36 122 36 
42 73 368 36 122 36 
42 73 368 345 36 396 122 123 36 
40 582 42 254 36 255 36 
40 582 42 254 36 255 36 
42 73 368 142 36 36 
42 73 368 5 398 254 36 36 
40 582 42 5 8 36 122 36 
42 73 368 5 8 36 36 
42 73 368 254 36 255 36 
40 582 42 5 8 36 36 
40 582 42 5 8 36 36 
42 73 368 254 36 255 36 
42 73 368 5 8 36 36 
42 73 368 5 8 36 36 
40 582 42 5 8 36 36 
40 582 178 136 42 5 36 36 
40 582 42 254 36 36 
42 73 368 254 36 36 
42 73 368 118 226 36 36 
42 73 368 254 36 255 36 
166 95 42 73 368 5 254 36 36 
42 73 368 5 8 12 36 36 
42 73 368 104 21 22 36 68 24 36 
42 73 368 5 8 36 36 
40 582 42 36 122 123 36 
42 73 368 5 8 36 36 
40 582 42 254 36 255 36 
42 73 368 5 8 12 36 36 
42 73 368 5 8 36 165 36 
42 73 368 5 8 36 165 36 
42 73 368 5 8 36 165 36 
42 73 368 5 398 254 36 36 
42 73 368 5 8 36 165 36 
42 73 368 5 8 36 36 
42 73 368 5 8 36 165 36 
42 73 368 5 187 8 36 165 36 
42 73 368 5 8 36 165 36 
42 73 368 5 8 36 165 36 
42 73 368 5 8 36 36 
42 73 368 5 8 36 36 
40 582 42 73 5 8 36 36 
42 73 368 5 8 36 165 36 
42 73 368 5 8 36 165 36 
42 73 368 5 8 36 165 36 
42 73 368 5 254 36 255 36 
42 73 368 254 36 255 36 
42 73 368 254 36 255 36 
42 73 368 36 122 123 36 
42 73 368 5 254 36 255 36 
42 73 368 5 8 36 36 
42 73 368 5 8 36 36 
42 73 368 5 8 36 36 
42 73 368 5 8 36 36 
42 73 368 5 8 36 36 
42 73 368 254 36 255 36 
42 73 368 5 8 36 219 36 
42 73 368 5 8 36 219 36 
42 73 368 254 36 255 36 
42 73 368 5 398 254 36 36 
42 73 368 5 8 36 165 36 
42 73 368 5 8 36 165 36 
42 73 368 254 36 255 36 
42 73 368 5 8 36 36 
42 73 368 5 8 36 36 
42 73 368 254 36 255 36 
42 73 368 5 8 36 36 
42 73 368 5 8 36 36 
42 73 368 5 8 36 36 
42 73 368 5 8 36 36 
42 73 368 5 8 36 36 
42 73 368 5 8 36 36 
42 73 368 5 8 36 36 
42 73 368 5 8 36 36 
42 73 368 5 8 36 36 
42 73 368 5 8 36 36 
154 42 73 155 368 398 254 36 36 
42 73 368 36 122 123 36 
42 73 368 5 8 36 36 
42 73 368 5 8 36 36 
42 73 368 5 8 36 165 36 
42 73 368 5 8 36 36 
42 73 368 5 8 36 36 
42 73 368 5 8 36 36 
42 73 368 36 122 123 36 
42 73 368 5 254 8 36 255 36 
42 73 368 5 254 36 255 36 
42 73 368 398 254 36 36 
42 73 368 389 390 36 589 36 
42 73 368 36 122 123 36 
42 73 368 5 8 36 36 
42 73 368 142 36 36 
42 73 368 5 8 36 36 
42 73 368 5 8 36 36 
40 582 42 254 36 255 36 
42 73 368 5 8 36 36 
42 73 368 36 122 123 36 
42 73 368 5 254 36 255 36 
42 73 368 142 36 122 123 36 
42 73 368 142 36 122 123 36 
42 73 368 5 187 8 36 165 36 
42 73 368 5 8 36 165 36 
42 73 368 5 36 36 
42 73 368 254 36 255 36 
42 73 368 5 8 36 36 
42 73 368 5 8 36 165 36 
42 73 368 5 8 36 36 
40 582 42 73 5 8 36 219 36 
42 73 368 5 143 8 36 144 36 
40 582 42 254 36 255 36 
42 73 368 5 254 36 255 36 
42 73 368 142 36 36 
42 73 368 5 8 36 36 
42 73 368 254 36 36 
40 582 42 5 143 8 36 144 36 
42 73 368 254 36 255 122 123 36 
42 73 368 36 122 123 36 
40 582 42 254 36 255 36 
42 73 368 5 8 36 36 
42 73 368 5 8 36 165 36 
42 73 368 5 36 36 
42 73 368 254 36 255 36 
42 73 368 254 36 255 36 
42 73 368 5 8 36 165 36 
42 73 368 5 254 36 255 36 
42 73 368 5 8 36 36 
42 73 368 5 8 36 36 
42 73 368 5 8 36 36 
40 582 42 142 36 36 
42 73 368 5 8 36 36 
40 582 42 5 8 36 165 36 
42 73 368 5 8 36 36 
42 73 368 254 36 255 36 
42 73 368 5 8 36 165 36 
42 73 368 5 187 8 36 165 36 
40 582 42 73 5 162 8 36 198 36 
42 73 368 398 254 36 36 
42 73 368 5 254 36 255 36 
42 73 368 5 6 36 61 36 
42 73 368 5 36 36 
42 73 368 5 8 36 165 36 
40 582 42 254 36 255 36 
1 2 42 73 368 5 6 36 36 
42 73 368 5 8 36 165 36 
42 73 368 5 187 8 36 165 36 
40 582 42 73 5 36 122 36 
42 73 368 5 8 36 36 
42 73 368 5 6 36 36 
40 582 42 73 5 8 36 36 
40 582 42 5 91 6 92 36 36 
42 73 368 254 36 255 36 
42 73 368 5 8 36 36 
42 73 368 5 8 36 36 
42 73 368 254 36 255 36 
42 73 368 398 254 36 36 
42 73 368 5 8 36 36 
42 73 368 5 8 36 36 
42 73 368 36 122 123 36 
40 582 42 5 8 36 165 36 
42 73 368 5 8 36 36 
42 73 368 5 8 36 165 36 
42 73 368 254 36 255 36 
42 73 368 254 36 255 36 
42 73 368 36 122 123 36 
40 582 42 398 254 36 36 
1 2 42 73 368 5 8 36 36 
42 73 368 142 36 36 
42 73 368 142 36 36 
42 73 368 36 122 123 36 
40 582 42 5 36 36 
42 73 368 254 36 255 36 
42 73 368 5 8 36 36 
40 582 42 5 8 36 36 
42 73 368 5 8 36 165 36 
42 73 368 5 8 36 165 36 
42 73 368 36 36 
40 582 42 5 8 36 36 
1 2 42 73 368 5 456 8 36 219 36 
42 73 368 7 10 11 36 36 
42 73 368 7 10 11 36 36 
42 73 368 5 231 8 36 36 
1 2 42 73 368 36 122 123 36 
42 73 368 5 254 36 255 36 
42 73 368 5 8 36 36 
42 73 368 5 8 36 36 
42 73 368 5 8 36 36 
42 73 368 5 398 254 36 36 
42 73 368 5 254 36 255 36 
42 73 368 5 254 36 255 36 
42 73 368 5 254 36 255 36 
42 73 368 5 8 36 165 36 
42 73 368 5 36 122 36 
42 73 368 5 8 36 36 
42 73 368 5 8 36 36 
42 73 368 254 36 255 36 
42 73 368 5 8 36 36 
42 73 368 5 8 36 36 
42 73 368 5 8 36 122 36 
42 73 368 5 8 36 36 
42 73 368 398 254 36 36 
42 73 368 5 8 36 36 
42 73 368 398 254 36 36 
42 73 368 398 254 36 36 
42 73 368 254 36 255 36 
42 73 368 5 8 36 36 
42 73 368 5 8 36 36 
42 73 368 5 8 36 36 
42 73 368 5 8 36 36 
42 73 368 5 8 36 36 
40 582 42 5 6 36 61 36 
42 73 368 5 8 36 36 
42 73 368 5 254 36 255 36 
42 73 368 398 254 36 36 
42 73 368 398 254 36 36 
42 73 368 398 254 36 36 
42 73 368 142 36 36 
42 73 368 36 122 123 36 
42 73 368 36 122 123 36 
42 73 368 159 36 130 36 
42 73 368 36 122 123 36 
42 73 368 36 122 123 36 
42 73 368 36 122 123 36 
42 73 368 5 8 36 36 
42 73 368 5 8 36 36 
42 73 368 36 122 123 36 
42 73 368 36 122 123 36 
42 73 368 36 122 123 36 
42 73 368 5 187 8 36 165 36 
42 73 368 398 254 36 36 
42 73 368 254 36 255 36 
42 73 368 142 36 36 
42 73 368 5 8 36 36 
42 73 368 254 36 255 36 
42 73 368 254 36 255 36 
42 73 368 5 8 36 36 
42 73 368 5 8 36 35 36 
42 73 368 254 36 255 36 
42 73 368 5 8 36 165 36 
42 73 368 5 8 36 36 
42 73 368 36 122 123 36 
42 73 368 5 36 36 
42 73 368 36 36 
42 73 368 5 8 36 165 36 
42 73 368 5 8 36 36 
42 73 368 5 8 36 36 
42 73 368 36 122 123 36 
42 73 368 36 122 123 36 
42 73 368 5 398 254 36 36 
40 582 42 73 36 122 123 36 
42 73 368 36 122 123 36 
42 73 368 5 8 36 36 
42 73 368 5 7 11 10 36 36 
42 73 368 254 36 255 36 
42 73 368 5 8 36 165 36 
42 73 368 5 8 36 165 36 
42 73 368 5 8 36 36 
42 73 368 5 8 36 36 
42 73 368 254 36 255 36 
42 73 368 254 36 255 36 
42 73 368 5 8 36 122 36 
42 73 368 254 36 255 36 
42 73 368 142 36 36 
42 73 368 36 122 123 36 
42 73 368 254 36 255 36 
42 73 368 36 122 123 36 
42 73 368 142 36 36 
42 73 368 159 36 130 36 
42 73 368 254 369 370 142 36 36 
42 73 368 5 8 36 122 123 36 
1 2 42 73 368 36 122 123 36 
42 73 368 254 36 255 36 
42 73 368 5 8 36 36 
42 73 368 5 8 36 36 
42 73 368 142 36 36 
42 73 368 254 36 255 36 
42 73 368 36 122 123 36 
42 73 368 254 36 255 36 
42 73 368 5 36 36 
42 73 368 5 8 36 36 
42 73 368 5 8 36 36 
42 73 368 5 8 36 36 
42 73 368 142 36 36 
40 582 42 5 142 36 36 
42 73 368 5 8 36 36 
42 73 368 254 36 255 36 
40 582 42 254 36 255 36 
42 73 368 142 36 36 
42 73 368 142 36 36 
42 73 368 142 36 36 
42 73 368 5 8 36 36 
40 582 42 36 122 123 36 
42 73 368 5 398 254 8 36 36 
42 73 368 5 8 36 36 
42 73 368 5 8 36 36 
42 73 368 5 8 36 36 
42 73 368 5 8 36 165 36 
42 73 368 5 8 36 165 36 
42 73 368 5 8 36 165 36 
42 73 368 5 8 36 165 36 
42 73 368 254 36 255 36 
42 73 368 254 36 36 
42 73 368 254 36 36 
42 73 368 254 36 36 
42 73 368 254 36 255 36 
42 73 368 5 8 36 36 
40 582 42 5 398 254 36 36 
42 73 368 5 101 8 36 102 36 
42 73 368 5 8 36 36 
42 73 368 5 8 36 165 36 
42 73 368 5 8 36 165 36 
42 73 368 5 8 36 165 36 
42 73 368 5 8 36 36 
42 73 368 5 8 36 36 
42 73 368 36 122 123 36 
42 73 368 5 8 36 36 
42 73 368 5 8 36 36 
42 73 368 5 8 36 36 
42 73 368 5 8 36 36 
42 73 368 5 8 36 165 36 
42 73 368 5 8 36 165 36 
42 73 368 254 36 36 
1 2 42 73 368 5 118 8 36 36 
42 73 368 5 8 36 36 
42 73 368 5 8 36 36 
42 73 368 5 8 36 36 
42 73 368 36 122 123 36 
42 73 368 5 8 36 36 
42 73 368 5 8 36 36 
42 73 368 5 8 36 36 
42 73 368 5 8 36 36 
40 582 42 36 122 123 36 
40 582 42 36 122 123 36 
42 73 368 5 8 36 165 36 
42 73 368 5 8 36 165 36 
42 73 368 5 8 36 36 
42 73 368 5 8 36 36 
42 73 368 5 8 36 36 
42 73 368 5 8 36 36 
42 73 368 5 8 36 36 
42 73 368 5 8 36 36 
42 73 368 5 8 36 36 
40 582 42 254 36 255 36 
136 42 174 73 368 5 254 36 255 36 
42 73 368 254 36 36 
42 73 368 254 36 36 
40 582 42 5 8 36 36 
42 73 368 5 8 36 165 36 
40 582 42 36 122 123 36 
42 73 368 5 8 36 165 36 
178 136 42 73 368 5 8 36 36 
40 582 42 5 8 36 219 36 
40 582 42 254 36 255 36 
42 73 368 5 8 36 36 
40 582 42 5 8 36 165 36 
42 73 368 5 8 36 165 36 
42 73 368 5 8 36 122 36 
40 582 42 5 8 36 36 
42 73 368 254 36 36 
42 73 368 254 36 36 
42 73 368 254 36 36 
42 73 368 5 8 36 36 
42 73 368 254 370 142 36 36 
42 73 368 5 8 36 144 201 36 
40 582 42 5 398 254 36 36 
42 73 368 5 8 36 165 36 
42 73 368 5 8 36 165 36 
42 73 368 5 8 36 122 36 
42 73 368 5 8 36 36 
42 73 368 5 8 36 165 36 
40 582 42 5 8 36 165 36 
40 582 42 254 36 255 36 
40 582 42 398 254 36 36 
42 73 368 5 8 36 144 201 36 
42 73 368 5 8 36 165 36 
42 73 368 254 369 370 142 36 36 
42 73 368 5 8 36 36 
42 73 368 5 8 36 165 36 
42 73 368 5 8 36 165 36 
42 73 368 5 187 8 36 165 36 
42 73 368 36 36 
40 582 42 5 8 36 36 
42 73 368 142 36 36 
40 582 42 118 119 132 36 36 
42 73 368 36 122 123 36 
40 582 42 254 36 255 36 
42 73 368 36 122 123 36 
42 73 368 5 8 36 165 36 
40 582 42 5 143 8 36 144 36 
1 2 42 73 368 5 8 36 36 
42 73 368 5 8 36 36 
40 582 42 142 36 122 36 
42 73 368 5 8 36 165 36 
42 73 368 5 8 36 165 36 
42 73 368 5 8 36 36 
42 73 368 5 8 36 36 
55 42 56 57 73 368 5 8 36 36 
42 73 368 5 8 36 165 36 
42 73 368 5 8 36 36 
42 73 368 5 8 36 165 36 
42 73 368 254 36 255 36 
42 73 368 254 36 255 36 
40 582 42 36 122 123 36 
42 73 368 398 254 36 36 
42 73 368 5 8 36 36 
42 73 368 5 8 36 36 
42 73 368 5 8 36 36 
42 73 368 5 8 36 36 
42 73 368 5 8 36 36 
42 73 368 5 8 36 36 
42 73 368 5 8 36 36 
42 73 368 5 8 36 36 
1 2 42 73 368 148 13 36 122 123 36 
42 73 368 5 8 36 36 
42 73 368 254 36 255 36 
42 73 368 5 91 6 36 36 
42 73 368 5 8 36 165 36 
42 73 368 5 8 36 36 
42 73 368 5 8 36 36 
42 73 368 5 8 36 36 
40 582 42 5 398 254 36 36 
42 73 368 5 254 36 255 36 
42 73 368 254 36 255 36 
42 73 368 5 8 36 36 
42 73 368 36 122 123 36 
42 73 368 36 122 123 36 
42 73 368 36 122 123 36 
42 73 368 254 36 255 36 
42 73 368 254 36 255 36 
42 73 368 5 8 36 36 
42 73 368 5 8 36 36 
42 73 368 5 254 36 255 36 
42 73 368 254 36 255 36 
42 73 368 254 36 255 36 
42 73 368 254 36 255 36 
42 73 368 254 36 255 36 
42 73 368 36 122 123 36 
42 73 368 5 8 36 36 
42 73 368 254 36 255 36 
42 73 368 5 254 36 255 36 
42 73 368 5 8 36 36 
42 73 368 5 8 36 36 
42 73 368 36 122 123 36 
42 73 368 118 254 36 255 36 
42 73 368 5 254 36 255 36 
42 73 368 5 8 36 36 
42 73 368 5 8 36 36 
42 73 368 5 8 36 36 
42 73 368 5 187 8 36 165 36 
42 73 368 5 8 36 165 36 
42 73 368 5 8 36 36 
42 73 368 5 8 36 36 
42 73 368 5 8 36 165 36 
42 73 368 5 8 36 36 
42 73 368 5 8 36 36 
42 73 368 5 8 36 165 36 
42 73 368 5 142 36 36 
42 73 368 254 36 255 36 
42 73 368 254 36 36 
42 73 368 5 8 36 36 
42 73 368 5 8 36 36 
42 73 368 5 8 36 36 
42 73 368 5 8 36 36 
42 73 368 5 8 36 36 
42 73 368 5 36 36 
42 73 368 142 36 36 
42 73 368 36 122 123 36 
42 73 368 5 254 36 255 36 
42 73 368 254 36 255 36 
40 582 42 5 8 36 36 
42 73 368 5 8 36 36 
42 73 368 5 8 36 36 
40 582 42 142 36 36 
40 582 42 398 254 36 122 36 
42 73 368 5 8 36 36 
42 73 368 5 8 36 36 
42 73 368 5 8 36 165 36 
42 73 368 36 122 123 36 
42 73 368 254 369 370 142 36 36 
42 73 368 254 369 370 142 36 36 
42 73 368 5 169 162 170 8 36 36 
40 582 42 5 8 36 36 
42 73 368 5 398 254 36 36 
42 73 368 36 122 123 36 
42 73 368 398 254 36 122 36 
42 73 368 5 8 36 36 
42 73 368 5 8 36 36 
42 73 368 5 8 36 165 36 
42 73 368 5 8 36 165 36 
42 73 368 36 122 123 36 
42 73 368 5 8 36 36 
42 73 368 5 8 36 165 36 
42 73 368 5 8 36 36 
40 582 42 5 8 36 36 
42 73 368 5 493 254 36 36 
42 73 368 36 122 123 36 
42 73 368 381 36 122 123 36 
40 582 42 5 8 36 371 36 
42 73 368 5 8 36 36 
42 73 368 5 8 36 36 
42 73 368 5 8 36 36 
42 73 368 36 122 123 36 
42 73 368 5 8 36 36 
42 73 368 5 101 8 36 208 36 
42 73 368 142 36 36 
40 582 42 5 8 36 36 
42 73 368 5 8 36 36 
40 582 42 36 122 123 36 
42 73 368 254 36 255 36 
40 582 42 254 36 255 36 
40 582 42 5 398 254 36 36 
42 73 368 254 36 255 36 
42 73 368 254 36 255 36 
42 73 368 5 8 36 36 
42 73 368 5 187 8 36 165 36 
42 73 368 254 36 255 36 
42 73 368 5 8 36 36 
42 73 368 5 8 36 165 36 
42 73 368 5 8 36 165 36 
42 73 368 48 5 6 36 36 
42 73 368 48 5 6 36 36 
42 73 368 48 5 6 36 36 
42 73 368 48 5 6 36 36 
42 73 368 5 8 36 36 
42 73 368 5 8 36 36 
42 73 368 118 226 36 36 
40 582 42 398 254 36 36 
42 73 368 36 122 123 36 
42 73 368 5 8 36 165 36 
42 73 368 254 36 255 36 
42 73 368 254 36 255 36 
42 73 368 254 36 255 36 
42 73 368 254 36 255 36 
40 582 42 5 8 36 165 36 
42 73 368 5 8 36 165 36 
42 73 368 5 8 36 165 36 
42 73 368 5 8 36 165 36 
42 73 368 5 8 36 165 36 
42 73 368 5 8 36 165 36 
42 73 368 5 8 36 165 36 
42 73 368 5 8 36 165 36 
42 73 368 5 8 36 165 36 
42 73 368 5 8 36 165 36 
42 73 368 5 8 36 165 36 
42 73 368 5 8 36 165 36 
42 73 368 5 8 36 165 36 
42 73 368 5 8 36 165 36 
184 1 40 582 15 185 42 5 8 36 36 
42 73 368 5 8 36 36 
42 73 368 5 8 36 36 
42 73 368 5 8 36 36 
42 73 368 5 8 36 36 
42 73 368 5 8 36 36 
42 73 368 5 8 36 36 
40 582 42 5 254 36 255 36 
40 582 42 152 36 153 36 
42 73 368 5 8 36 122 36 
42 73 368 5 142 36 36 
42 73 368 5 254 36 255 36 
42 73 368 5 187 8 36 165 36 
40 582 42 151 152 36 153 36 
42 73 368 5 398 254 36 36 
42 73 368 5 8 36 165 36 
1 40 582 2 42 5 254 36 255 36 
40 582 42 254 36 255 36 
40 582 178 136 42 5 8 36 36 
42 73 368 5 8 36 165 36 
1 2 42 73 368 142 36 36 
42 73 368 5 8 36 36 
42 73 368 5 8 36 36 
42 73 368 5 8 36 36 
42 73 368 5 254 36 255 36 
42 73 368 5 36 36 
42 73 368 36 122 123 36 
42 73 368 5 8 36 36 
42 73 368 5 8 36 36 
42 73 368 254 36 255 36 
42 73 368 254 36 255 36 
42 73 368 5 8 36 36 
42 73 368 5 8 36 36 
42 73 368 254 36 255 36 
42 73 368 254 36 255 36 
42 73 368 254 36 255 36 
42 73 368 254 36 255 36 
42 73 368 254 36 255 36 
42 73 368 36 122 123 36 
42 73 368 5 8 36 36 
42 73 368 5 8 36 36 
42 73 368 36 122 123 36 
42 73 368 5 8 36 165 36 
42 73 368 254 36 255 36 
42 73 368 254 36 255 36 
42 73 368 254 36 255 36 
42 73 368 254 36 255 36 
42 73 368 254 36 255 36 
42 73 368 5 8 36 165 36 
42 73 368 5 8 36 165 36 
42 73 368 142 36 36 
42 73 368 5 8 36 36 
42 73 368 254 36 255 36 
42 73 368 142 36 36 
40 582 42 5 8 36 36 
42 73 368 5 231 8 36 36 
42 73 368 5 8 36 36 
42 73 368 5 8 36 36 
42 73 368 5 8 36 36 
1 40 582 2 42 5 254 36 255 36 
40 582 42 5 8 36 36 
42 73 368 254 36 255 36 
42 73 368 5 8 36 36 
42 73 368 5 8 36 36 
42 73 368 5 8 36 36 
42 73 368 5 8 36 36 
42 73 368 398 254 36 36 
42 73 368 5 8 36 165 36 
42 73 368 5 36 122 36 
42 73 368 36 122 123 36 
42 73 368 5 8 36 36 
42 73 368 5 8 36 36 
42 73 368 5 8 36 165 36 
42 73 368 254 36 255 36 
42 73 368 254 36 255 36 
42 73 368 254 36 255 36 
42 73 368 254 36 255 36 
40 582 42 5 36 36 
42 73 368 5 36 36 
42 73 368 36 36 
40 582 42 36 36 
42 73 368 5 36 36 
42 73 368 254 36 255 36 
42 73 368 5 8 36 36 
42 73 368 5 8 36 36 
42 73 368 5 8 36 36 
42 73 368 5 36 36 
42 73 368 36 122 123 36 
42 73 368 36 122 123 36 
42 73 368 5 8 36 165 36 
178 136 42 73 368 254 36 255 36 
42 73 368 254 36 255 36 
42 73 368 254 36 255 36 
42 73 368 5 8 36 36 
42 73 368 5 398 254 36 36 
42 73 368 5 398 254 36 36 
42 73 368 142 36 36 
42 73 368 5 8 36 36 
42 73 368 5 8 36 36 
42 73 368 5 8 36 36 
42 73 368 5 8 36 36 
42 73 368 5 8 36 36 
40 582 42 254 36 255 36 
42 73 368 118 254 36 255 36 
42 73 368 5 8 36 36 
42 73 368 142 36 36 
42 73 368 5 8 36 165 36 
42 73 368 254 36 255 36 
42 73 368 36 36 
40 582 42 5 8 36 36 
42 73 368 5 36 36 
42 73 368 5 36 36 
42 73 368 5 36 36 
42 73 368 5 36 36 
40 582 42 5 36 36 
42 73 368 5 36 36 
42 73 368 5 8 36 165 36 
42 73 368 5 8 36 36 
42 73 368 5 8 36 36 
42 73 368 36 122 123 36 
42 73 368 5 8 36 165 36 
42 73 368 5 8 36 36 
42 73 368 398 254 36 36 
42 73 368 398 254 36 36 
42 73 368 398 254 36 36 
42 73 368 115 116 21 117 36 36 
42 73 368 5 7 11 10 36 36 
40 582 42 5 8 36 36 
42 73 368 5 36 36 
42 73 368 5 36 36 
42 73 368 5 36 36 
42 73 368 5 36 36 
40 582 178 136 42 5 36 36 
40 582 42 73 5 36 36 
40 582 42 5 36 36 
42 73 368 5 36 36 
42 73 368 5 36 36 
42 73 368 5 36 36 
42 73 368 5 36 36 
42 73 368 5 36 36 
40 582 42 5 36 36 
42 73 368 5 36 36 
40 582 42 5 36 36 
42 73 368 5 36 36 
40 582 42 73 5 36 36 
42 73 368 5 489 36 36 
42 73 368 254 36 255 36 
42 73 368 254 36 255 36 
42 73 368 5 36 36 
42 73 368 5 36 36 
42 73 368 5 36 36 
42 73 368 5 36 36 
42 73 368 5 36 36 
42 73 368 5 36 36 
40 582 42 5 36 36 
42 73 368 5 36 36 
42 73 368 5 36 36 
42 73 368 5 36 36 
42 73 368 5 36 36 
42 73 368 5 36 36 
42 73 368 5 36 36 
42 73 368 5 36 36 
42 73 368 5 36 36 
40 582 42 5 36 36 
42 73 368 5 36 36 
42 73 368 5 36 36 
42 73 368 5 36 36 
42 73 368 5 36 36 
40 582 42 5 36 36 
42 73 368 5 36 36 
40 582 42 5 36 36 
42 73 368 5 36 36 
40 582 42 5 36 36 
40 582 178 136 42 5 36 36 
42 73 368 5 36 36 
42 73 368 5 36 36 
42 73 368 5 36 36 
42 73 368 5 36 36 
42 73 368 5 36 36 
42 73 368 5 36 36 
42 73 368 5 36 36 
42 73 368 5 36 36 
40 582 42 5 36 36 
175 42 73 368 5 36 36 
40 582 42 5 36 36 
42 73 368 5 36 36 
1 40 582 2 42 5 36 36 
42 73 368 5 36 36 
42 73 368 5 36 36 
42 73 368 5 36 36 
42 73 368 5 36 36 
40 582 145 42 5 36 36 
42 73 368 5 36 36 
42 73 368 5 36 36 
40 582 42 5 36 36 
42 73 368 5 8 36 36 
42 73 368 5 36 36 
42 73 368 5 36 36 
42 73 368 5 36 36 
42 73 368 5 8 36 36 
42 73 368 5 36 36 
42 73 368 5 36 36 
42 73 368 5 36 36 
40 582 42 73 5 36 36 
40 582 42 5 36 36 
42 73 368 5 36 36 
42 73 368 5 36 36 
42 73 368 5 36 36 
42 73 368 5 36 36 
42 73 368 5 36 36 
42 73 368 5 36 36 
42 73 368 5 36 36 
42 73 368 5 36 36 
42 73 368 5 36 36 
42 73 368 5 36 36 
42 73 368 5 36 36 
42 73 368 5 36 36 
40 582 42 5 36 36 
40 582 42 5 36 36 
40 582 42 5 36 36 
40 582 42 5 36 36 
42 73 368 5 36 36 
42 73 368 5 36 36 
1 40 582 2 42 5 36 36 
42 73 368 5 36 36 
40 582 42 5 36 36 
42 73 368 5 36 36 
42 73 368 5 36 36 
42 73 368 36 36 
42 73 368 5 36 36 
42 73 368 5 36 36 
42 73 368 5 36 36 
42 73 368 5 36 36 
42 73 368 5 36 36 
42 73 368 5 36 36 