54 190 51 257 192 269 133 21 22 68 24 133 
54 190 51 257 192 269 133 21 22 68 24 133 
54 190 51 257 192 269 5 133 21 22 143 8 37 144 68 24 133 
54 190 51 257 192 269 5 133 21 22 143 8 37 144 68 24 133 
54 190 51 257 192 269 133 21 22 68 24 133 
54 190 51 257 192 269 133 21 22 68 24 133 
54 190 51 257 192 269 133 21 22 68 24 133 
54 190 51 257 192 269 133 21 22 68 24 133 
54 190 51 257 192 269 133 21 22 68 24 133 
54 190 51 257 192 269 133 21 22 68 24 133 
54 190 51 257 192 269 133 21 22 68 24 133 
54 190 51 257 192 269 133 21 22 68 24 133 
54 190 51 257 192 269 81 133 21 22 82 68 24 133 
54 190 51 257 192 269 133 21 22 68 24 133 
54 190 51 257 192 269 133 21 22 68 24 133 
54 190 51 257 192 269 28 133 21 22 68 111 24 80 133 
54 190 51 257 192 269 133 21 22 68 24 133 
54 190 51 257 192 269 133 21 22 68 24 133 
54 190 51 257 192 269 133 21 22 68 24 133 
54 190 51 257 192 269 133 21 22 68 24 133 
54 190 51 257 192 269 133 21 22 68 24 133 
54 190 51 257 192 269 133 21 22 68 24 133 
54 190 51 257 192 269 133 21 22 68 24 133 
54 190 51 257 192 269 133 21 22 68 24 133 
54 190 51 257 192 269 133 21 22 68 24 133 
54 190 51 257 192 269 133 21 22 68 24 133 
54 190 51 257 192 269 133 21 22 68 24 133 
54 190 51 257 192 269 133 21 22 68 24 133 
54 190 51 257 192 269 133 21 22 68 24 133 
54 190 51 257 192 269 133 21 22 68 24 133 
54 190 51 257 192 269 133 21 22 68 24 133 
54 190 51 257 192 269 133 21 22 68 24 133 
54 190 51 257 192 269 133 21 22 68 24 133 
54 190 51 257 192 269 133 21 22 68 24 133 
54 190 51 257 192 269 133 21 22 68 24 133 
54 190 51 257 192 269 133 21 22 68 24 133 
54 190 51 257 192 269 133 21 22 68 24 133 
54 190 51 257 192 269 133 21 22 68 24 133 
54 190 51 257 192 269 133 21 22 68 24 133 
1 54 190 15 51 257 202 192 269 133 21 22 68 24 133 
54 190 51 257 192 269 133 21 22 68 24 133 
54 190 51 257 192 269 133 21 22 68 24 133 
54 190 51 257 192 269 133 21 22 68 24 133 
54 190 51 257 192 269 133 21 22 68 24 133 
54 190 51 257 192 269 133 21 22 68 24 133 
54 190 51 257 192 269 133 21 22 68 24 133 
54 190 51 257 192 269 133 21 22 68 24 133 
54 190 51 257 192 269 133 21 22 68 24 133 
54 190 51 257 192 269 133 21 22 68 24 133 
54 190 51 257 192 269 133 21 22 68 24 133 
54 190 51 257 192 269 133 21 22 68 24 133 
54 190 51 257 192 269 133 21 22 68 24 133 
54 190 51 257 192 269 133 21 22 68 24 133 
54 190 51 257 192 269 133 21 22 68 24 133 
54 190 51 257 192 269 133 21 22 68 24 133 
54 190 51 257 192 269 133 21 22 68 24 133 
54 190 51 257 192 269 133 21 22 68 24 133 
54 190 51 257 192 269 133 21 22 68 24 133 
54 190 51 257 192 269 133 21 22 68 24 133 
54 190 51 257 192 269 133 21 22 68 24 133 
54 190 51 257 192 269 133 21 22 68 24 133 
54 190 51 257 192 269 133 21 22 68 24 133 
54 190 51 257 192 269 133 21 22 68 24 133 
54 190 51 257 192 269 133 21 22 68 24 133 
54 190 51 257 192 269 133 21 22 68 24 133 
54 190 51 257 192 269 133 21 22 263 68 24 133 
54 190 51 257 192 269 133 21 22 68 24 133 
54 190 51 257 192 269 133 21 22 68 24 133 
54 190 51 257 192 269 133 21 22 68 24 133 
54 190 51 257 192 269 133 21 22 263 68 24 133 
54 190 51 257 192 269 133 21 22 68 24 133 
54 190 51 257 192 269 133 21 22 68 24 133 
54 190 51 257 192 269 133 21 22 68 24 133 
54 190 51 257 192 269 133 21 22 68 24 133 
54 190 51 257 192 269 133 21 22 68 24 133 
54 190 51 257 192 269 133 21 22 68 24 133 
54 190 51 257 192 269 133 21 22 68 24 133 
54 190 51 257 192 269 133 21 22 68 24 133 
54 190 51 257 192 269 133 21 22 68 24 133 
54 190 51 257 192 269 133 21 22 68 24 133 