1 259 19 2 133 21 22 68 24 24 
1 259 19 2 133 21 22 68 24 24 
1 259 19 2 133 21 22 68 24 24 
1 259 19 2 133 21 22 68 24 24 
1 259 19 2 81 21 22 82 24 24 
1 259 19 2 81 21 22 82 24 24 
1 259 19 2 21 22 68 24 24 
1 259 19 2 21 22 68 24 24 
1 259 19 2 21 22 68 24 24 
1 259 19 2 21 22 68 24 24 
1 259 19 2 21 22 68 24 24 
1 259 19 2 21 22 68 24 24 
1 259 19 2 21 22 68 24 24 
1 259 19 2 21 22 68 24 24 
1 259 19 2 21 22 68 24 24 
1 259 19 2 21 22 68 24 24 
1 259 19 2 21 22 68 24 24 
1 259 19 2 21 22 68 24 24 
1 259 19 2 21 22 24 24 
1 259 19 2 81 21 22 82 24 24 
1 259 19 2 81 21 22 82 24 24 
1 259 19 2 133 21 22 68 24 24 
1 259 19 2 133 21 22 68 24 24 
1 259 19 2 133 21 22 68 24 24 
1 259 19 2 133 21 22 68 24 24 
1 259 19 2 133 21 22 68 24 24 
1 259 19 2 133 21 22 68 24 24 
1 259 19 2 133 21 22 68 24 24 
1 259 19 2 133 21 22 68 24 24 
1 259 19 2 133 21 22 68 24 24 
1 259 19 2 133 21 22 68 24 24 
1 259 19 2 133 21 22 68 24 24 
1 259 19 2 133 21 22 68 24 24 
1 259 19 2 133 21 22 68 24 24 
1 259 19 2 133 21 22 68 24 24 
1 259 19 2 133 21 22 68 24 24 
1 259 19 2 133 21 22 68 24 24 
1 259 19 2 133 21 22 68 24 24 
1 259 19 2 133 21 22 68 24 24 
1 259 19 2 133 21 22 68 24 24 
1 259 19 2 133 21 22 68 24 24 
1 259 19 2 133 21 22 68 24 24 
1 259 19 2 133 21 22 68 24 24 
1 259 19 2 133 21 22 68 24 24 
1 259 19 2 133 21 22 68 24 24 
1 259 19 2 133 21 22 68 24 24 
1 259 140 297 19 2 291 133 21 22 68 24 24 
1 259 19 2 133 21 22 68 24 24 
1 259 19 2 133 21 22 68 24 24 
1 259 19 2 133 21 22 68 24 24 
1 259 19 2 133 21 22 68 24 24 
1 259 19 2 133 21 22 68 24 24 
1 259 19 2 133 21 22 68 24 24 
1 259 19 2 133 21 22 68 24 24 
1 259 19 2 133 21 22 68 24 24 
1 259 19 2 133 21 22 68 24 24 
1 259 19 2 21 22 68 24 24 
1 259 19 2 81 21 22 82 68 24 24 
1 259 19 2 81 21 22 82 68 24 24 
1 259 19 2 21 22 99 24 100 24 
1 259 19 2 5 21 152 8 24 153 24 
1 259 19 2 660 21 22 68 24 24 
1 259 19 2 21 22 68 24 24 
1 259 19 2 21 22 68 24 24 
1 259 19 2 21 22 68 24 24 
1 259 19 2 21 22 68 24 24 
1 259 19 2 21 22 68 24 24 
1 259 19 2 21 22 68 24 24 
1 259 19 2 21 22 68 24 24 
1 259 19 2 21 22 68 24 24 
1 259 19 2 133 21 22 68 24 24 
1 259 19 2 133 21 22 68 24 24 
1 259 19 2 133 21 22 68 24 24 
1 259 19 2 5 21 22 143 8 37 144 24 24 
1 259 19 2 133 21 22 68 24 24 
1 259 19 2 81 21 22 82 24 24 
1 259 19 2 81 21 22 82 24 24 
1 259 19 2 81 21 22 82 24 24 
1 259 19 2 81 21 22 82 24 24 
1 259 19 2 81 21 22 82 24 24 
1 259 19 2 81 21 22 82 24 24 
1 259 19 2 81 21 22 82 24 24 
1 259 19 2 81 21 22 82 24 24 
1 259 19 2 81 21 22 82 24 24 
1 259 19 2 81 21 22 82 24 24 
1 259 19 2 81 21 22 82 24 24 
1 259 19 2 81 21 22 82 24 24 
1 259 19 2 81 21 22 82 24 24 
1 259 19 2 81 21 22 82 24 24 
1 259 19 2 81 21 22 82 24 24 
1 259 19 2 81 21 22 82 24 24 
1 259 19 2 81 21 22 82 24 24 
1 259 19 2 81 21 22 82 24 24 
1 259 19 2 81 21 22 82 24 24 
1 259 19 2 81 21 22 82 24 24 
1 259 19 2 81 21 22 82 24 24 
1 259 19 2 81 21 22 82 24 24 
1 259 19 2 81 21 22 82 24 24 
1 259 19 2 81 21 22 82 24 24 
1 259 19 2 81 21 22 82 24 24 
1 259 19 2 81 21 22 82 24 24 
1 259 19 2 81 21 22 82 24 24 
1 259 19 2 81 21 22 82 24 24 
1 259 19 2 81 21 22 82 24 24 
1 259 19 2 81 21 22 82 24 24 
1 259 19 2 81 21 22 82 24 24 
1 259 19 2 81 21 22 82 24 24 
1 259 19 2 81 21 22 82 24 24 
1 259 19 2 81 21 22 82 24 24 
1 259 19 2 81 21 22 82 24 24 
1 259 19 2 133 21 22 68 24 24 
1 259 19 2 21 22 68 24 24 
1 259 19 2 21 22 68 24 24 
1 259 19 2 133 21 22 68 24 24 
1 259 19 2 133 21 22 68 24 24 
1 259 19 2 133 21 22 68 24 24 
1 259 19 2 133 21 22 68 24 24 
1 259 19 2 133 21 22 68 24 24 
1 259 19 2 133 21 22 68 24 24 
1 259 19 2 133 21 22 68 24 24 
1 259 19 2 133 21 22 68 24 24 
1 259 19 2 133 21 22 68 24 24 
1 259 19 2 133 21 22 68 24 24 
1 259 19 2 133 21 22 68 24 24 
1 259 19 2 133 21 22 68 24 24 
1 259 19 2 133 21 22 68 24 24 
1 259 19 2 133 21 22 68 24 24 
1 259 19 2 133 21 22 68 24 24 
1 259 19 2 133 21 22 68 24 24 
1 259 19 2 133 21 22 68 24 24 
1 259 19 2 133 21 22 68 24 24 
1 259 19 2 133 21 22 68 24 24 
1 259 19 2 133 21 22 68 24 24 
1 259 19 2 133 21 22 68 24 24 
1 259 19 2 133 21 22 68 24 24 
1 259 19 2 133 21 22 68 24 24 
1 259 19 2 133 21 22 68 24 24 
1 259 19 2 133 21 22 68 24 24 
1 259 19 2 133 21 22 68 24 24 
1 259 19 2 133 21 22 68 24 24 
1 259 19 2 133 21 22 68 24 24 
1 259 19 2 133 21 22 68 24 24 
1 259 19 2 5 21 22 143 8 37 144 24 24 
1 259 19 2 21 22 37 24 24 
1 259 19 2 133 21 22 68 24 24 
1 259 19 2 133 21 22 68 24 24 
1 259 19 2 133 21 22 68 24 24 
1 259 19 2 133 21 22 68 24 24 
1 259 19 2 133 21 22 68 24 24 
1 259 19 2 133 21 22 68 24 24 
1 259 19 2 133 21 22 68 24 24 
1 259 19 2 133 21 22 68 24 24 
1 259 19 2 133 21 22 68 24 24 
1 259 19 2 133 21 22 68 24 24 
1 259 19 2 81 21 22 82 24 24 
1 259 19 2 81 21 22 82 24 24 
1 259 19 2 21 22 68 24 24 
1 259 19 2 133 21 22 68 24 24 
1 259 19 2 133 21 22 68 24 24 
1 259 19 2 133 21 22 68 24 24 
1 259 19 2 81 21 22 82 24 24 
1 259 19 2 81 21 22 82 24 24 
1 259 19 2 21 22 263 24 24 
1 259 19 2 21 22 37 24 24 
1 259 19 2 21 22 68 24 24 
1 259 19 2 21 22 68 24 24 
1 259 19 2 133 21 22 68 24 24 
1 259 19 2 133 21 22 68 24 24 
1 259 19 2 133 21 22 68 24 24 
1 259 19 2 133 21 22 68 24 24 
1 259 19 2 133 21 22 68 24 24 
1 259 19 2 133 21 22 68 24 24 
1 259 19 2 133 21 22 68 24 24 
1 259 19 2 133 21 22 68 24 24 
1 259 19 2 133 21 22 68 24 24 
1 259 19 2 133 21 22 68 24 24 
1 259 19 2 133 21 22 68 24 24 
1 259 19 2 133 21 22 68 24 24 
1 259 19 2 133 21 22 68 24 24 
1 259 19 2 133 21 22 68 24 24 
1 259 19 2 133 21 22 68 24 24 
1 259 19 2 133 21 22 68 24 24 
1 259 19 2 133 21 22 68 24 24 
1 259 19 2 133 21 22 68 24 24 
1 259 19 2 133 21 22 68 24 24 
1 259 19 2 81 21 22 82 24 24 
1 259 19 2 133 21 22 68 24 24 
1 259 19 2 133 21 22 68 24 24 
1 259 19 2 133 21 22 68 24 24 
1 259 19 2 5 21 22 143 8 144 24 24 
1 259 19 2 5 21 22 143 8 144 24 24 
1 259 19 2 5 21 22 143 8 144 24 24 
1 259 19 2 5 21 22 143 8 144 24 24 
1 259 19 2 5 21 22 143 8 144 24 24 
1 259 19 2 5 21 22 143 8 144 24 24 
1 259 19 2 5 21 22 143 8 144 24 24 
1 259 19 2 5 21 22 143 8 144 24 24 
1 259 19 2 5 21 22 143 8 144 24 24 
1 259 19 2 5 21 22 143 8 144 24 24 
1 259 19 2 5 21 22 143 8 144 24 24 
1 259 19 2 5 21 22 143 8 144 24 24 
1 259 19 2 5 21 22 143 8 144 24 24 
1 259 19 2 5 21 22 143 8 144 24 24 
1 259 19 2 5 21 22 143 8 144 24 24 
1 259 19 2 5 21 22 143 8 144 24 24 
1 259 19 2 328 21 22 24 24 
1 259 19 2 5 21 22 143 8 37 144 24 24 
1 259 19 2 5 21 22 143 8 37 144 24 24 
1 259 19 2 21 22 37 24 24 
1 259 19 2 21 22 37 24 24 
1 259 19 2 21 22 37 24 24 
1 259 19 2 21 22 37 24 24 
1 259 19 2 21 22 37 24 24 
1 259 19 2 21 22 37 24 24 
1 259 19 2 21 22 37 24 24 
1 259 19 2 21 22 37 24 24 
1 259 19 2 5 21 22 8 37 24 24 
1 259 19 2 5 21 22 8 37 24 24 
1 259 19 2 5 21 22 8 37 24 24 
1 259 19 2 133 21 22 68 24 24 
1 259 19 2 5 21 22 143 8 37 144 24 24 
1 259 19 2 133 21 22 68 24 24 
1 259 19 2 133 21 22 68 24 24 
1 259 19 2 133 21 22 68 24 24 
1 259 19 2 133 21 22 68 24 24 
1 259 19 2 81 21 22 82 24 24 
1 259 19 2 81 21 22 82 24 24 
1 259 19 2 81 21 22 82 24 24 
1 259 19 2 133 21 22 68 24 24 
1 259 19 2 81 21 22 82 24 24 
1 259 19 2 81 21 22 82 24 24 
1 259 19 2 21 22 68 24 24 
1 259 19 2 21 22 37 68 24 24 
1 259 19 2 21 22 37 68 24 24 
1 259 19 2 21 22 37 68 24 24 
1 259 19 2 133 21 22 68 24 24 
1 259 19 2 133 21 22 68 24 24 
1 259 19 2 133 21 22 68 24 24 
1 259 19 2 133 21 22 68 24 24 
1 259 19 2 133 21 22 68 24 24 
1 259 19 2 133 21 22 68 24 24 
1 259 19 2 133 21 22 68 24 24 
1 259 19 2 133 21 22 68 24 24 
1 259 19 2 133 21 22 68 24 24 
1 259 19 2 133 21 22 68 24 24 
1 259 19 2 133 21 22 68 24 24 
1 259 19 2 133 21 22 68 24 24 
1 259 19 2 133 21 22 68 24 24 
1 259 19 2 5 21 22 143 8 37 144 24 24 
1 259 19 2 81 21 22 82 24 24 
1 259 19 2 81 21 22 82 24 24 
1 259 19 2 81 21 22 82 24 24 
1 259 19 2 81 21 22 82 24 24 
1 259 19 2 81 21 22 82 24 24 
1 259 19 2 81 21 22 82 24 24 
1 259 19 2 81 21 22 82 24 24 
1 259 19 2 81 21 22 82 24 24 
1 259 19 2 81 21 22 82 24 24 
1 259 19 2 81 21 22 82 24 24 
1 259 19 2 81 21 22 82 24 24 
1 259 19 2 81 21 22 82 24 24 
1 259 19 2 81 21 22 82 24 24 
1 259 19 2 81 21 22 82 24 24 
1 259 19 2 81 21 22 82 24 24 
1 259 19 2 81 21 22 82 24 24 
1 259 19 2 5 21 22 143 8 37 144 24 24 
1 259 19 2 5 21 22 143 8 37 144 24 24 
1 259 19 2 5 21 22 143 8 37 144 24 24 
1 259 19 2 5 21 22 143 8 37 144 24 24 
1 259 19 2 5 21 22 143 8 37 144 24 24 
1 259 19 2 5 21 22 143 8 37 144 24 24 
1 259 19 2 5 21 22 143 8 37 144 24 24 
1 259 19 2 21 22 37 24 24 
1 259 19 2 21 22 37 24 24 
1 259 19 2 21 22 37 24 24 
1 259 19 2 21 22 37 24 24 
1 259 19 2 21 22 37 24 24 
1 259 19 2 21 22 37 24 24 
1 259 19 2 21 22 37 24 24 
1 259 19 2 21 22 37 24 24 
1 259 19 2 133 21 22 68 24 24 
1 259 19 2 5 21 22 143 8 37 144 24 24 
1 259 19 2 5 21 22 143 8 37 144 24 24 
1 259 19 2 5 21 22 143 8 37 144 24 24 
1 259 19 2 5 21 22 143 8 37 144 24 24 
1 259 19 2 5 21 22 143 8 37 144 24 24 
1 259 19 2 5 21 22 143 8 37 144 24 24 
1 259 19 2 5 21 22 143 8 37 144 24 24 
1 259 19 2 5 21 22 143 8 37 144 24 24 
1 259 19 2 5 21 22 143 8 37 144 24 24 
1 259 19 2 5 21 22 143 8 37 144 24 24 
1 259 19 2 5 21 22 143 8 37 144 24 24 
1 259 19 2 5 21 22 143 8 37 144 24 24 
1 259 19 2 5 21 22 143 8 37 144 24 24 
1 259 19 2 5 21 22 143 8 37 144 24 24 
1 259 19 2 5 21 22 143 8 37 144 24 24 
1 259 19 2 5 21 22 143 8 37 144 24 24 
1 259 19 2 5 21 22 143 8 37 144 24 24 
1 259 19 2 5 21 22 143 8 37 144 24 24 
1 259 19 2 5 21 22 143 8 37 144 24 24 
1 259 19 2 5 21 22 143 8 37 144 24 24 
1 259 19 2 5 21 22 143 8 37 144 24 24 
1 259 19 2 5 21 22 143 8 37 144 24 24 
1 259 19 2 5 21 22 143 8 37 144 24 24 
1 259 19 2 5 21 22 143 8 37 144 24 24 
1 259 19 2 5 21 22 143 8 37 144 24 24 
1 259 19 2 5 21 22 143 8 37 144 24 24 
1 259 19 2 5 21 22 143 8 37 144 24 24 
1 259 19 2 5 21 22 143 8 37 144 24 24 
1 259 19 2 81 21 22 82 24 24 
1 259 19 2 133 21 22 68 24 24 
1 259 19 2 133 21 22 68 24 24 
1 259 19 2 133 21 22 68 24 24 
1 259 19 2 133 21 22 68 24 24 
1 259 19 2 81 21 22 82 24 24 
1 97 259 19 2 98 81 21 22 82 24 24 
1 259 19 2 21 22 68 24 24 
1 259 19 2 328 21 22 68 24 24 
1 259 19 2 133 21 22 68 24 24 
1 259 19 2 5 21 22 143 8 37 144 24 24 
1 259 19 2 5 21 22 143 8 37 144 24 24 
1 259 19 2 133 21 22 68 24 24 
1 259 19 2 21 22 68 24 24 
1 259 19 2 21 22 68 24 24 
1 259 19 2 21 22 68 24 24 
1 259 19 2 21 22 68 24 24 
1 259 19 2 21 22 68 24 24 
1 259 19 2 21 22 68 24 24 
1 259 19 2 21 22 263 24 24 
1 259 19 2 21 22 263 24 24 
1 259 19 2 21 22 263 24 24 
1 259 19 2 21 22 263 24 24 
1 259 19 2 21 22 263 24 24 
1 259 19 2 133 21 22 68 24 24 
1 259 19 2 133 21 22 68 24 24 
1 259 19 2 133 21 22 68 24 24 
1 259 19 2 133 21 22 68 24 24 
1 259 19 2 133 21 22 68 24 24 
1 259 19 2 133 21 22 68 24 24 
1 259 19 2 133 21 22 68 24 24 
1 259 19 2 133 21 22 68 24 24 
1 259 19 2 133 21 22 68 24 24 
1 259 19 2 133 21 22 68 24 24 
1 259 19 2 133 21 22 68 24 24 
1 259 19 2 133 21 22 68 24 24 
1 259 19 2 133 21 22 68 24 24 
1 259 19 2 133 21 22 68 24 24 
1 259 19 2 133 21 22 68 24 24 
1 259 19 2 133 21 22 68 24 24 
1 259 19 2 133 21 22 68 24 24 
1 259 19 2 133 21 22 68 24 24 
1 259 19 2 133 21 22 68 24 24 
1 259 19 2 133 21 22 68 24 24 
1 259 19 2 133 21 22 68 24 24 
1 259 19 2 133 21 22 68 24 24 
1 259 19 2 133 21 22 68 24 24 
1 259 19 2 133 21 22 68 24 24 
1 259 19 2 133 21 22 68 24 24 
1 259 19 2 133 21 22 68 24 24 
1 259 19 2 81 21 22 82 24 24 
1 259 19 2 81 21 22 82 24 24 
1 259 19 2 81 21 22 82 24 24 
1 259 19 2 81 21 22 82 24 24 
1 259 19 2 81 21 22 82 24 24 
1 259 19 2 81 21 22 82 24 24 
1 97 259 19 2 98 81 21 22 82 24 24 
1 259 19 2 21 22 37 68 24 24 
1 259 19 2 133 21 22 68 24 24 
1 259 19 2 133 21 22 68 24 24 
1 259 19 2 133 21 22 68 24 24 
1 259 19 2 133 21 22 68 24 24 
1 259 19 2 133 21 22 68 24 24 
1 259 19 2 21 22 68 24 24 
1 259 19 2 21 22 68 24 24 
1 259 19 2 21 22 68 24 24 
1 259 19 2 81 21 22 82 24 24 
1 259 19 2 81 21 22 82 24 24 
1 259 19 2 21 22 68 24 24 
1 259 19 2 21 22 68 24 24 
1 259 19 2 21 22 68 24 24 
1 259 19 2 21 22 68 24 24 
1 259 19 2 21 22 68 24 24 
1 259 19 2 21 22 68 24 24 
1 259 19 2 21 22 68 24 24 
1 259 19 2 21 22 68 24 24 
1 259 19 2 21 22 68 24 24 
1 259 19 2 21 22 68 24 24 
1 259 19 2 21 22 68 24 24 
1 259 19 2 21 22 68 24 24 
1 259 19 2 21 22 68 24 24 
1 259 19 2 21 22 68 24 24 
1 259 19 2 21 22 68 24 24 
1 259 19 2 21 22 68 24 24 
1 259 19 2 21 22 68 24 24 
1 259 19 2 167 21 22 68 24 24 
1 259 19 2 21 22 68 24 24 
1 259 19 2 21 22 68 24 24 
1 259 19 2 21 22 68 24 24 
1 259 19 2 21 22 68 24 24 
1 259 19 2 81 21 22 82 24 24 
1 259 19 2 81 21 22 82 24 24 
1 259 19 2 81 21 22 82 24 24 
1 259 19 2 81 21 22 82 24 24 
1 259 19 2 81 21 22 82 24 24 
1 259 19 2 81 21 22 82 24 24 
1 259 19 2 81 21 22 82 24 24 
1 259 19 2 81 21 22 82 24 24 
1 259 19 2 81 21 22 82 24 24 
1 259 19 2 81 21 22 82 24 24 
1 259 19 2 81 21 22 82 24 24 
1 259 19 2 81 21 22 82 24 24 
1 259 19 2 81 21 22 82 24 24 
1 259 19 2 81 21 22 82 24 24 
1 259 19 2 81 21 22 82 24 24 
1 259 19 2 81 21 22 82 24 24 
1 259 19 2 81 21 22 82 24 24 
1 259 19 2 81 21 22 82 24 24 
1 259 19 2 133 21 22 68 24 24 
1 259 19 2 133 21 22 68 24 24 
1 259 19 2 133 21 22 68 24 24 
1 259 19 2 5 21 22 143 8 37 144 24 24 
1 259 19 2 5 21 22 143 8 37 144 24 24 
1 259 19 2 5 21 22 143 8 37 144 24 24 
1 259 19 2 5 21 22 143 8 37 144 24 24 
1 259 19 2 81 21 22 82 68 24 24 
1 259 19 2 81 21 22 82 68 24 24 
1 259 19 2 81 21 22 82 68 24 24 
1 259 19 2 81 21 22 82 68 24 24 
1 259 19 2 81 21 22 82 68 24 24 
1 259 19 2 81 21 22 82 68 24 24 
1 259 19 2 133 21 22 68 24 24 
1 259 19 2 133 21 22 68 24 24 
1 259 19 2 133 21 22 68 24 24 
1 259 19 2 133 21 22 68 24 24 
1 259 19 2 660 133 21 22 68 24 24 
1 259 19 2 133 21 22 68 24 24 
1 259 19 2 133 21 22 68 24 24 
1 259 19 2 133 21 22 68 24 24 
1 259 19 2 133 21 22 68 24 24 
1 259 19 2 133 21 22 68 24 24 
1 259 19 2 133 21 22 68 24 24 
1 259 19 2 133 21 22 68 24 24 
1 259 19 2 133 21 22 68 24 24 
1 46 259 47 19 2 133 21 22 68 24 24 
1 259 19 2 133 21 22 68 24 24 
1 259 19 2 21 22 37 24 24 
1 259 19 2 5 21 22 143 8 37 144 24 24 
1 259 19 2 81 21 22 82 24 24 
1 259 19 2 81 21 22 82 24 24 
1 259 19 2 81 21 22 82 24 24 
1 259 19 2 81 21 22 82 24 24 
1 259 19 2 81 21 22 82 24 24 
1 259 19 2 81 21 22 82 24 24 
1 259 19 2 81 21 22 82 24 24 
1 259 19 2 81 21 22 82 24 24 
1 259 19 2 81 21 22 82 24 24 
1 259 19 2 81 21 22 82 24 24 
1 259 19 2 81 21 22 82 24 24 
1 259 19 2 21 22 352 99 353 24 100 24 
1 259 19 2 21 22 352 99 353 24 100 24 
1 259 19 2 81 21 22 82 24 24 
1 259 19 2 81 21 22 82 24 24 
1 259 19 2 81 21 22 82 24 24 
1 259 19 2 81 21 22 82 24 24 
1 259 19 2 21 22 24 24 
1 259 19 2 21 22 68 24 24 
1 259 19 2 133 21 22 68 24 24 
1 259 19 2 133 21 22 68 24 24 
1 259 19 2 81 21 22 82 24 24 
1 259 19 2 81 21 22 82 24 24 
1 259 19 2 81 21 22 82 24 24 
1 259 19 2 81 21 22 82 24 24 
1 259 19 2 81 21 22 82 24 24 
1 259 19 2 81 21 22 82 24 24 
1 259 19 2 81 21 22 82 24 24 
1 259 19 2 81 21 22 82 24 24 
1 259 19 2 21 22 68 24 24 
1 259 19 2 21 22 68 24 24 
1 259 19 2 21 22 68 24 24 
1 259 19 2 21 22 68 24 24 
1 259 19 2 21 22 68 24 24 
1 259 19 2 21 22 68 24 24 
1 259 19 2 21 22 68 24 24 
1 259 19 2 21 22 68 24 24 
1 259 19 2 21 22 68 24 24 
1 259 19 2 21 22 68 24 24 
1 259 19 2 21 22 68 24 24 
1 259 19 2 21 22 68 24 24 
1 259 19 2 21 22 68 24 24 
1 259 19 2 21 22 68 24 24 
1 259 19 2 21 22 68 24 24 
1 259 19 2 21 22 68 24 24 
1 259 19 2 21 22 68 24 24 
1 259 19 2 21 22 68 24 24 
1 259 19 2 21 22 68 24 24 
1 259 19 2 21 22 68 24 24 
1 259 19 2 133 21 22 68 24 24 
1 259 19 2 21 22 37 24 24 
1 259 19 2 5 21 22 143 8 37 144 24 24 
1 259 19 2 21 22 68 24 24 
1 259 19 2 21 22 68 24 24 
1 259 19 2 81 21 22 82 24 24 
1 259 19 2 81 21 22 82 24 24 
1 259 19 2 81 21 22 82 24 24 
1 259 19 2 81 21 22 82 24 24 
1 259 19 2 81 21 22 82 24 24 
1 259 19 2 81 21 22 82 24 24 
1 259 19 2 81 21 22 82 24 24 
1 259 19 2 81 21 22 82 24 24 
1 259 19 2 81 21 22 82 24 24 
1 259 19 2 81 21 22 82 24 24 
1 259 19 2 81 21 22 82 24 24 
1 259 19 2 81 21 22 82 24 24 
1 259 19 2 81 21 22 82 24 24 
1 259 19 2 5 21 22 143 8 37 144 24 24 
1 259 19 2 5 21 22 143 8 37 144 24 24 
1 259 19 2 133 21 22 68 24 24 
1 259 19 2 133 21 22 68 24 24 
1 259 19 2 133 21 22 68 24 24 
1 259 19 2 133 21 22 68 24 24 
1 259 19 2 133 21 22 68 24 24 
1 259 19 2 133 21 22 68 24 24 
1 259 19 2 133 21 22 68 24 24 
1 259 19 2 133 21 22 68 24 24 
1 259 19 2 133 21 22 68 24 24 
1 259 19 2 133 21 22 68 24 24 
1 259 19 2 133 21 22 68 24 24 
1 259 19 2 133 21 22 68 24 24 
1 259 19 2 133 21 22 68 24 24 
1 259 19 2 133 21 22 68 24 24 
1 259 19 2 5 21 22 143 8 37 144 24 24 
1 259 19 2 5 21 22 143 8 37 144 24 24 
1 259 19 2 133 21 22 68 24 24 
1 259 19 2 133 21 22 68 24 24 
1 259 19 2 133 21 22 68 24 24 
1 259 19 2 133 21 22 68 24 24 
1 259 19 2 133 21 22 68 24 24 
1 259 19 2 133 21 22 68 24 24 
1 259 19 2 133 21 22 68 24 24 
1 259 19 2 133 21 22 68 24 24 
1 259 19 2 21 22 37 24 24 
1 259 19 2 21 22 37 24 24 
1 259 19 2 21 22 37 24 24 
1 259 19 2 21 22 37 24 24 
1 259 19 2 21 22 37 24 24 
1 259 19 2 21 22 37 24 24 
1 259 19 2 21 22 68 24 24 
1 259 19 2 133 21 22 68 24 24 
1 259 19 2 133 21 22 68 24 24 
1 259 19 2 133 21 22 68 24 24 
1 259 19 2 133 21 22 68 24 24 
1 259 19 2 133 21 22 68 24 24 
1 259 19 2 133 21 22 68 24 24 
1 259 19 2 21 22 37 24 24 
1 259 19 2 21 22 37 24 24 
1 259 19 2 81 21 22 82 24 24 
1 259 19 2 500 21 22 99 24 24 
1 259 19 2 21 22 37 24 24 
1 259 19 2 5 21 22 143 8 37 144 24 24 
1 259 19 2 5 21 22 143 8 37 144 24 24 
1 259 19 2 5 21 22 143 8 37 144 24 24 
1 259 19 2 5 21 22 143 8 37 144 24 24 
1 259 19 2 133 21 22 68 24 24 
1 259 19 2 133 21 22 68 24 24 
1 259 19 2 133 21 22 68 24 24 
1 259 19 2 5 21 22 143 8 37 144 24 24 
1 259 19 2 5 21 22 143 8 37 144 24 24 
1 259 19 2 5 21 22 143 8 37 144 24 24 
1 259 19 2 5 21 22 143 8 37 144 24 24 
1 259 19 2 5 21 22 143 8 37 144 24 24 
1 259 19 2 5 21 22 143 8 37 144 24 24 
1 259 19 2 5 21 22 143 8 37 144 24 24 
1 259 19 2 133 21 22 68 24 24 
1 259 19 2 133 21 22 68 24 24 
1 259 19 2 133 21 22 68 24 24 
1 259 19 2 133 21 22 68 24 24 
1 259 19 2 133 21 22 68 24 24 
1 259 19 2 133 21 22 68 24 24 
1 259 19 2 133 21 22 68 24 24 
1 259 19 2 133 21 22 68 24 24 
1 259 19 2 5 21 22 143 8 144 24 24 
1 259 19 2 5 21 22 143 8 144 24 24 
1 259 19 2 5 21 22 143 8 144 24 24 
1 259 19 2 21 22 68 24 24 
1 259 19 2 21 22 68 24 24 
1 259 19 2 81 21 22 263 82 24 24 
1 259 19 2 5 21 22 8 24 24 
1 259 19 2 21 22 37 24 24 
1 259 19 2 21 22 37 24 24 
1 259 19 2 21 22 37 24 24 
1 259 19 2 21 22 37 24 24 
1 259 19 2 328 21 22 24 24 
1 259 19 2 81 21 22 82 24 24 
1 259 19 2 81 21 22 82 24 24 
1 259 19 2 21 22 68 24 24 
1 259 19 2 21 22 37 24 24 
1 259 19 2 21 22 37 24 24 
1 259 19 2 21 22 37 24 24 
1 259 19 2 21 22 37 24 24 
1 259 19 2 21 22 37 24 24 
1 259 19 2 21 22 37 24 24 
1 259 19 2 21 22 37 24 24 
1 259 19 2 21 22 37 24 24 
1 259 19 2 133 21 22 68 24 24 
1 259 19 2 133 21 22 68 24 24 
1 259 19 2 133 21 22 68 24 24 
1 259 19 2 133 21 22 68 24 24 
1 259 19 2 133 21 22 68 24 24 
1 259 19 2 133 21 22 68 24 24 
1 259 19 2 5 21 22 143 8 37 144 24 24 
1 259 19 2 5 21 22 143 8 37 144 24 24 
1 259 19 2 133 21 22 68 24 24 
1 259 19 2 133 21 22 68 24 24 
1 259 19 2 133 21 22 68 24 24 
1 259 19 2 133 21 22 68 24 24 
1 259 19 2 133 21 22 68 24 24 
1 259 19 2 133 21 22 68 24 24 
1 259 19 2 81 21 22 82 24 24 
1 259 19 2 81 21 22 82 24 24 
1 259 19 2 81 21 22 82 24 24 
1 259 19 2 81 21 22 82 24 24 
1 259 19 2 81 21 22 82 24 24 
1 259 19 2 81 21 22 82 24 24 
1 259 19 2 81 21 22 82 24 24 
1 259 19 2 81 21 22 82 24 24 
1 259 19 2 81 21 22 82 24 24 
1 259 19 2 81 21 22 82 24 24 
1 259 19 2 81 21 22 82 24 24 
1 259 19 2 81 21 22 82 24 24 
1 259 19 2 81 21 22 82 24 24 
1 259 19 2 81 21 22 82 24 24 
1 259 19 2 81 21 22 82 24 24 
1 259 19 2 81 21 22 82 24 24 
1 259 19 2 81 21 22 82 24 24 
1 259 19 2 81 21 22 82 24 24 
1 259 19 2 81 21 22 82 24 24 
1 46 259 47 19 2 81 21 22 82 24 24 
1 259 19 2 5 21 22 143 8 37 144 24 24 
1 259 19 2 133 21 22 68 24 24 
1 259 19 2 133 21 22 68 24 24 
1 259 19 2 133 21 22 68 24 24 
1 259 19 2 133 21 22 68 24 24 
1 259 19 2 133 21 22 68 24 24 
1 259 19 2 133 21 22 68 24 24 
1 259 19 2 133 21 22 68 24 24 
1 259 19 2 133 21 22 68 24 24 
1 259 19 2 133 21 22 68 24 24 
1 259 19 2 133 21 22 68 24 24 
1 259 19 2 133 21 22 68 24 24 
1 259 19 2 133 21 22 68 24 24 
1 259 19 2 133 21 22 68 24 24 
1 259 19 2 133 21 22 68 24 24 
1 259 19 2 133 21 22 68 24 24 
1 259 19 2 133 21 22 68 24 24 
1 259 19 2 133 21 22 68 24 24 
1 259 19 2 133 21 22 68 24 24 
1 259 19 2 133 21 22 68 24 24 
1 259 19 2 133 21 22 68 24 24 
1 259 19 2 133 21 22 68 24 24 
1 259 19 2 133 21 22 68 24 24 
1 259 19 2 133 21 22 68 24 24 
1 259 19 2 133 21 22 68 24 24 
1 259 19 2 133 21 22 68 24 24 
1 259 19 2 133 21 22 68 24 24 
1 259 19 2 21 22 37 24 24 
1 259 19 2 21 22 37 24 24 
1 259 19 2 21 22 37 24 24 
1 259 19 2 21 22 37 24 24 
1 259 19 2 81 21 22 82 24 24 
1 259 19 2 81 21 22 82 24 24 
1 259 19 2 21 22 24 24 
1 259 19 2 133 21 22 68 24 24 
1 259 19 2 21 24 24 
1 259 19 2 21 22 68 24 24 
1 259 19 2 21 22 68 24 24 
1 259 19 2 133 21 22 68 24 24 
1 259 19 2 81 21 22 82 68 24 24 
1 259 19 2 133 21 22 68 24 24 
1 259 19 2 133 21 22 68 24 24 
1 259 19 2 133 21 22 68 24 24 
1 259 19 2 133 21 22 68 24 24 
1 259 19 2 133 21 22 68 24 24 
1 259 19 2 133 21 22 68 24 24 
1 259 19 2 133 21 22 68 24 24 
1 259 19 2 133 21 22 68 24 24 
1 259 19 2 133 21 22 68 24 24 
1 259 19 2 133 21 22 68 24 24 
1 46 259 47 19 2 133 21 22 68 24 24 
1 259 19 2 133 21 22 68 24 24 
1 259 19 2 81 21 22 82 68 24 24 
1 259 19 2 81 21 22 82 68 24 24 
1 259 19 2 133 21 22 68 24 24 
1 46 259 47 19 2 500 21 22 99 24 24 
1 259 19 2 133 21 22 68 24 24 
1 259 19 2 133 21 22 68 24 24 
1 259 19 2 133 21 22 68 24 24 
1 259 19 2 133 21 22 68 24 24 
1 259 19 2 133 21 22 68 24 24 
1 259 19 2 133 21 22 68 24 24 
1 259 19 2 133 21 22 68 24 24 
1 259 19 2 133 21 22 68 24 24 
1 259 19 2 133 21 22 68 24 24 
1 259 19 2 133 21 22 68 24 24 
1 259 19 2 21 22 68 24 24 
1 259 19 2 21 22 68 24 24 
1 259 19 2 5 21 22 8 24 24 
1 259 19 2 81 21 22 82 68 24 24 
1 259 19 2 133 21 22 68 24 24 
1 259 19 2 133 21 22 68 24 24 
1 259 19 2 133 21 22 68 24 24 
1 259 19 2 133 21 22 68 24 24 
1 259 19 2 133 21 22 68 24 24 
1 259 19 2 133 21 22 68 24 24 
1 259 19 2 133 21 22 68 24 24 
1 259 19 2 21 22 24 24 
1 259 19 2 133 21 22 68 24 24 
1 46 259 47 19 2 133 21 22 68 24 24 
1 259 19 2 133 21 22 68 24 24 
1 259 19 2 133 21 22 68 24 24 
1 259 19 2 81 21 22 82 24 24 
1 259 19 2 81 21 22 82 24 24 
1 259 19 2 81 21 22 82 24 24 
1 259 19 2 81 21 22 82 24 24 
1 259 19 2 81 21 22 82 24 24 
1 259 19 2 81 21 22 82 24 24 
1 259 19 2 81 21 22 82 24 24 
1 259 19 2 81 21 22 82 24 24 
1 259 19 2 81 21 22 82 24 24 
1 259 19 2 81 21 22 82 24 24 
1 259 19 2 81 21 22 82 24 24 
1 259 19 2 81 21 22 82 24 24 
1 259 19 2 81 21 22 82 24 24 
1 259 19 2 81 21 22 82 24 24 
1 259 19 2 81 21 22 82 24 24 
1 259 19 2 81 21 22 82 24 24 
1 259 19 2 81 21 22 82 24 24 
1 259 19 2 81 21 22 82 24 24 
1 259 19 2 81 21 22 82 24 24 
1 259 19 2 81 21 22 82 24 24 
1 259 19 2 21 22 68 24 24 
1 259 19 2 133 21 22 68 24 24 
1 259 19 2 21 22 68 24 24 
1 259 19 2 21 22 68 24 24 
1 259 19 2 21 22 68 24 24 
1 259 19 2 21 22 68 24 24 
1 259 19 2 559 21 22 68 24 24 
1 259 19 2 21 22 68 24 24 
1 259 19 2 21 22 68 24 24 
1 259 19 2 21 22 68 24 24 
1 259 19 2 21 22 68 24 24 
1 259 19 2 21 22 68 24 24 
1 259 19 2 21 22 68 24 24 
1 259 19 2 133 21 22 68 24 24 
1 259 19 2 133 21 22 68 24 24 
1 259 19 2 5 81 6 21 22 82 61 24 24 
1 259 19 2 21 22 68 24 24 
1 259 19 2 21 22 68 24 24 
1 259 19 2 21 22 68 24 24 
1 259 19 2 21 22 68 24 24 
1 259 19 2 21 22 68 24 24 
1 259 19 2 21 22 68 24 24 
1 259 19 2 21 22 68 24 24 
1 259 19 2 21 22 68 24 24 
1 259 19 2 21 22 68 24 24 
1 259 19 2 21 22 68 24 24 
1 259 19 2 21 22 68 24 24 
1 259 19 2 21 22 68 24 24 
1 259 19 2 21 22 68 24 24 
1 259 19 2 133 21 22 68 24 24 
1 259 19 2 133 21 22 68 24 24 
1 259 19 2 133 21 22 68 24 24 
1 259 19 2 133 21 22 68 24 24 
1 259 19 2 133 21 22 68 24 24 
1 259 19 2 133 21 22 68 24 24 
1 259 19 2 133 21 22 68 24 24 
1 259 19 2 133 21 22 68 24 24 
1 259 19 2 133 21 22 68 24 24 
1 259 19 2 133 21 22 68 24 24 
1 259 19 2 81 21 22 82 24 24 
1 259 19 2 133 21 22 68 24 24 
1 259 19 2 133 21 22 68 24 24 
1 259 19 2 133 21 22 68 24 24 
1 259 19 2 81 21 22 82 24 24 
1 259 19 2 133 21 22 68 24 24 
1 259 19 2 133 21 22 68 24 24 
1 259 19 2 133 21 22 68 24 24 
1 259 19 2 133 21 22 68 24 24 
1 259 19 2 133 21 22 68 24 24 
1 259 19 2 133 21 22 68 24 24 
1 259 19 2 133 21 22 68 24 24 
1 46 259 47 19 2 133 21 22 68 24 24 
1 259 19 2 21 22 24 24 
1 259 19 2 133 21 22 68 24 24 
1 259 19 2 133 21 22 68 24 24 
1 259 19 2 133 21 22 68 24 24 
1 259 19 2 133 21 22 68 24 24 
1 259 19 2 133 21 22 68 24 24 
1 259 19 2 133 21 22 68 24 24 
1 259 19 2 133 21 22 68 24 24 
1 259 19 2 133 21 22 68 24 24 
1 259 19 2 133 21 22 68 24 24 
1 259 19 2 133 21 22 68 24 24 
1 259 19 2 133 21 22 68 24 24 
1 259 19 2 133 21 22 68 24 24 
1 259 19 2 133 21 22 68 24 24 
1 259 19 2 133 21 22 68 24 24 
1 259 19 2 133 21 22 68 24 24 
1 259 19 2 21 22 68 24 24 
1 259 19 2 21 22 68 24 24 
1 259 19 2 133 21 22 68 24 24 
1 259 19 2 133 21 22 68 24 24 
1 259 19 2 133 21 22 68 24 24 
1 259 19 2 133 21 22 68 24 24 
1 259 19 2 133 21 22 68 24 24 
1 259 19 2 133 21 22 68 24 24 
1 259 19 2 133 21 22 68 24 24 
1 259 19 2 133 21 22 68 24 24 
1 259 19 2 133 21 22 68 24 24 
1 259 19 2 133 21 22 68 24 24 
1 259 19 2 133 21 22 68 24 24 
1 259 19 2 133 21 22 68 24 24 
1 259 19 2 133 21 22 68 24 24 
1 259 19 2 133 21 22 68 24 24 
1 259 19 2 133 21 22 68 24 24 
1 259 19 2 133 21 22 68 24 24 
1 259 19 2 133 21 22 68 24 24 
1 259 19 2 133 21 22 68 24 24 
1 97 259 19 2 98 133 21 22 68 24 24 
1 259 19 2 133 21 22 68 24 24 
1 259 19 2 133 21 22 68 24 24 
1 259 19 2 21 22 68 24 24 
1 259 19 2 21 22 68 24 24 
1 259 19 2 133 21 22 68 24 24 
1 259 19 2 21 22 68 24 24 
1 259 19 2 21 22 68 24 24 
1 259 19 2 133 21 22 68 24 24 
1 259 19 2 133 21 22 68 24 24 
1 259 19 2 133 21 22 68 24 24 
1 259 19 2 133 21 22 68 24 24 
1 259 19 2 133 21 22 68 24 24 
1 259 19 2 21 22 68 24 24 
1 259 19 2 133 21 22 68 24 24 
1 259 19 2 133 21 22 68 24 24 
1 259 19 2 133 21 22 68 24 24 
1 259 19 2 133 21 22 68 24 24 
1 259 19 2 133 21 22 68 24 24 
1 259 19 2 133 21 22 68 24 24 
1 259 19 2 133 21 22 68 24 24 
1 259 19 2 133 21 22 68 24 24 
1 259 19 2 133 21 22 68 24 24 
1 259 19 2 133 21 22 68 24 24 
1 259 19 2 133 21 22 68 24 24 
1 259 19 2 133 21 22 68 24 24 
1 259 19 2 133 21 22 68 24 24 
1 259 19 2 133 21 22 68 24 24 
1 259 19 2 133 21 22 68 24 24 
1 259 19 2 133 21 22 68 24 24 
1 259 19 2 133 21 22 68 24 24 
1 259 19 2 21 22 68 24 24 
1 259 19 2 21 22 68 24 24 
1 259 19 2 21 22 68 24 24 
1 259 19 2 133 21 22 68 24 24 
1 259 19 2 133 21 22 68 24 24 
1 259 19 2 133 21 22 68 24 24 
1 259 19 2 133 21 22 68 24 24 
1 259 19 2 133 21 22 68 24 24 
1 259 19 2 133 21 22 68 24 24 
1 259 19 2 133 21 22 68 24 24 
1 259 19 2 21 22 68 24 24 
1 259 19 2 21 22 68 24 24 
1 259 19 2 21 22 68 24 24 
1 259 19 2 21 22 68 24 24 
1 259 19 2 21 7 11 10 36 24 24 
1 259 19 2 21 22 68 24 24 
1 259 19 2 21 22 68 24 24 
1 259 19 2 81 21 22 82 24 24 
1 259 19 2 21 22 68 24 24 
1 259 19 2 21 22 68 24 24 
1 259 19 2 133 21 22 68 24 24 
1 259 19 2 133 21 22 68 24 24 
1 259 19 2 133 21 22 68 24 24 
1 259 19 2 133 21 22 68 24 24 
1 259 19 2 133 21 22 68 24 24 
1 259 19 2 133 21 22 68 24 24 
1 259 19 2 133 21 22 68 24 24 
1 259 19 2 133 21 22 68 24 24 
1 259 19 2 27 28 133 21 22 68 24 24 
1 259 19 2 27 28 133 21 22 68 24 24 
1 259 19 2 27 28 133 21 22 68 24 24 
1 259 19 2 27 28 133 21 22 68 24 24 
1 259 19 2 27 28 133 21 22 68 24 24 
1 259 19 2 27 28 133 21 22 68 24 24 
1 259 19 2 27 28 133 21 22 68 24 24 
1 259 19 2 27 28 133 21 22 68 24 24 
1 259 19 2 133 21 22 68 24 24 
1 259 19 2 133 21 22 68 24 24 
1 259 19 2 21 22 68 24 24 
1 259 19 2 21 22 68 24 24 
1 259 19 2 21 22 68 24 24 
1 259 19 2 21 22 68 24 24 
1 259 19 2 104 21 22 68 24 24 
1 259 19 2 104 21 22 68 24 24 
1 259 19 2 21 22 68 24 24 
1 259 19 2 21 22 37 24 24 
1 259 19 2 81 21 22 82 24 24 
1 259 19 2 133 21 22 68 24 24 
1 259 19 2 133 21 22 68 24 24 
1 259 19 2 21 22 68 24 24 
1 259 19 2 21 22 68 24 24 
1 259 19 2 133 21 22 68 24 24 
1 259 19 2 133 21 22 68 24 24 
1 259 19 2 133 21 22 68 24 24 
1 259 19 2 21 22 68 24 24 
1 46 259 47 19 2 21 22 68 24 24 
1 259 19 2 133 21 22 68 24 24 
1 259 19 2 21 254 36 255 24 24 
1 259 19 2 5 21 22 143 8 144 24 24 
1 259 19 2 81 21 22 82 24 24 
1 259 19 2 660 133 21 22 68 24 24 
1 259 19 2 133 21 22 68 24 24 
1 259 19 2 133 21 22 68 24 24 
1 259 19 2 133 21 22 68 24 24 
1 259 19 2 133 21 22 68 24 24 
1 259 19 2 133 21 22 68 24 24 
1 259 19 2 21 22 68 24 24 
1 259 19 2 21 22 68 24 24 
1 259 19 2 21 22 68 24 24 
1 259 19 2 21 22 68 24 24 
1 259 19 2 21 22 68 24 24 
1 259 19 2 21 22 68 24 24 
1 259 19 2 21 22 68 24 24 
1 259 19 2 21 22 68 24 24 
1 259 19 2 81 21 22 82 24 24 
1 259 19 2 21 22 68 24 24 
1 259 19 2 28 109 21 22 24 80 110 24 
1 259 19 2 28 109 21 22 24 80 110 24 
1 259 19 2 133 21 22 68 24 24 
1 259 19 2 133 21 22 68 24 24 
1 259 19 2 133 21 22 68 24 24 
1 259 19 2 133 21 22 68 24 24 
1 259 19 2 133 21 22 68 24 24 
1 259 19 2 81 21 22 82 24 24 
1 259 19 2 133 21 22 68 24 24 
1 259 19 2 81 21 22 82 24 24 
1 259 19 2 81 21 22 82 24 24 
1 259 19 2 81 21 22 82 24 24 
1 259 19 2 133 21 22 68 24 24 
1 259 19 2 81 21 22 82 68 24 24 
1 259 19 2 133 21 22 68 24 24 
1 259 19 2 133 21 22 68 24 24 
1 259 19 2 21 22 68 24 24 
1 259 19 2 81 21 22 82 24 24 
1 259 19 2 21 22 68 24 24 
1 259 19 2 21 22 68 24 24 
1 259 19 2 21 22 68 24 24 
1 259 19 2 133 21 22 68 24 24 
1 259 19 2 133 21 22 68 24 24 
1 46 259 47 19 2 133 21 22 68 24 24 
1 259 19 2 21 68 24 24 
1 259 19 2 133 21 22 68 24 24 
1 259 19 2 133 21 22 68 24 24 
1 259 19 2 133 21 22 68 24 24 
1 259 19 2 133 21 22 68 24 24 
1 259 19 2 133 21 22 68 24 24 
1 259 19 2 81 21 22 82 24 24 
1 259 19 2 81 21 22 82 24 24 
1 259 19 2 81 21 22 82 68 24 24 
1 259 19 2 5 21 22 143 8 37 144 24 24 
1 259 19 2 133 21 22 68 24 24 
1 259 19 2 133 21 22 68 24 24 
1 259 19 2 21 22 68 24 24 
1 259 19 2 133 21 22 68 24 24 
1 259 19 2 81 21 22 82 24 24 
1 259 19 2 133 21 22 68 24 24 
1 259 19 2 133 21 22 68 24 24 
1 259 19 2 133 21 22 68 24 24 
1 259 19 2 133 21 22 68 24 24 
1 259 19 2 133 21 22 68 24 24 
1 259 19 2 660 5 21 22 475 24 24 
1 259 19 2 133 21 22 68 24 24 
1 259 19 2 133 21 22 68 24 24 
1 259 19 2 133 21 22 68 24 24 
1 259 19 2 133 21 22 68 24 24 
1 259 19 2 133 21 22 68 24 24 
1 259 19 2 133 21 22 68 24 24 
1 259 19 2 133 21 22 68 24 24 
1 259 19 2 133 21 22 68 24 24 
1 259 19 2 133 21 22 68 24 24 
1 259 19 2 133 21 22 68 24 24 
1 259 19 2 21 22 68 24 24 
1 259 19 2 133 21 22 68 24 24 
1 259 19 2 133 21 22 68 24 24 
1 259 19 2 21 22 263 24 24 
1 259 19 2 21 22 68 24 24 
1 259 19 2 21 22 68 24 24 
1 259 19 2 133 21 22 68 24 24 
1 259 19 2 21 22 68 24 24 
1 259 19 2 133 21 22 68 24 24 
1 259 19 2 133 21 22 68 24 24 
1 259 19 2 133 21 22 68 24 24 
1 259 19 2 133 21 22 68 24 24 
1 259 19 2 133 21 22 68 24 24 
1 259 19 2 133 21 22 68 24 24 
1 259 19 2 133 21 22 68 24 24 
1 259 19 2 133 21 22 68 24 24 
1 259 19 2 133 21 22 68 24 24 
1 259 93 19 2 94 133 21 22 68 24 24 
1 259 19 2 133 21 22 68 24 24 
1 259 19 2 21 22 24 24 
1 259 19 2 133 21 22 68 24 24 
1 259 19 2 133 21 22 68 24 24 
1 259 19 2 21 22 68 24 24 
1 97 259 19 2 98 21 22 68 24 24 
1 259 19 2 21 22 68 24 24 
1 259 19 2 21 22 68 24 24 
1 259 19 2 133 21 22 68 24 24 
1 259 19 2 133 21 22 68 24 24 
1 259 19 2 21 24 24 
1 259 19 2 21 22 68 24 24 
1 259 19 2 133 21 22 68 24 24 
1 259 19 2 133 21 22 68 24 24 
1 259 19 2 133 21 22 68 24 24 
1 259 19 2 133 21 22 68 24 24 
1 259 19 2 133 21 22 68 24 24 
1 259 19 2 133 21 22 68 24 24 
1 259 19 2 133 21 22 68 24 24 
1 259 19 2 133 21 22 68 24 24 
1 259 19 2 133 21 22 68 24 24 
1 259 19 2 133 21 22 68 24 24 
1 259 19 2 133 21 22 68 24 24 
1 259 19 2 133 21 22 68 24 24 
1 259 19 2 133 21 22 68 24 24 
1 259 19 2 133 21 22 68 24 24 
1 259 19 2 133 21 22 68 24 24 
1 259 19 2 133 21 22 68 24 24 
1 259 19 2 133 21 22 68 24 24 
1 259 19 2 133 21 22 68 24 24 
1 259 19 2 133 21 22 68 24 24 
1 259 19 2 133 21 22 68 24 24 
1 259 19 2 133 21 22 68 24 24 
1 259 19 2 133 21 22 68 24 24 
1 259 19 2 133 21 22 68 24 24 
1 259 19 2 133 21 22 68 24 24 
1 259 19 2 133 21 22 68 24 24 
1 259 19 2 133 21 22 68 24 24 
1 259 19 2 133 21 22 68 24 24 
1 259 19 2 133 21 22 68 24 24 
1 259 19 2 133 21 22 68 24 24 
1 259 19 2 133 21 22 68 24 24 
1 259 19 2 133 21 22 68 24 24 
1 259 19 2 133 21 22 68 24 24 
1 259 19 2 5 21 22 143 8 144 24 24 
1 259 19 2 5 21 22 143 8 144 24 24 
1 259 19 2 21 22 24 24 
1 259 19 2 21 22 24 24 
1 259 19 2 21 22 24 24 
1 259 19 2 21 22 68 24 24 
1 259 19 2 21 22 68 24 24 
1 259 19 2 21 22 68 24 24 
1 259 19 2 21 22 68 24 24 
1 259 19 2 21 22 68 24 24 
1 259 19 2 21 22 68 24 24 
1 259 19 2 21 22 68 24 24 
1 259 19 2 21 22 68 24 24 
1 259 19 2 21 22 68 24 24 
1 259 19 2 133 21 22 68 24 24 
1 259 19 2 5 21 22 8 68 24 24 
1 259 19 2 133 21 22 68 24 24 
1 259 19 2 133 21 22 68 24 24 
1 259 15 400 401 19 2 133 21 22 68 24 24 
1 259 19 2 133 21 22 68 24 24 
1 259 19 2 133 21 22 68 24 24 
1 259 19 2 133 21 22 68 24 24 
1 259 19 2 133 21 22 68 24 24 
1 259 19 2 133 21 22 68 24 24 
1 259 19 2 133 21 22 68 24 24 
1 259 19 2 133 21 22 68 24 24 
1 259 19 2 133 21 22 68 24 24 
1 259 19 2 133 21 22 68 24 24 
1 259 19 2 133 21 22 68 24 24 
1 259 19 2 133 21 22 68 24 24 
1 259 19 2 133 21 22 68 24 24 
1 259 19 2 133 21 22 68 24 24 
1 259 19 2 354 21 22 68 24 24 
1 259 19 2 133 21 22 68 24 24 
1 259 19 2 133 21 22 68 24 24 
1 259 19 2 133 21 22 68 24 24 
1 259 19 2 354 21 22 68 24 24 
1 259 19 2 133 21 22 68 24 24 
1 259 19 2 133 21 22 68 24 24 
1 259 19 2 21 22 68 24 24 
1 259 19 2 354 21 22 68 24 24 
1 259 19 2 21 22 68 24 24 
1 259 19 2 354 21 22 68 24 24 
1 259 19 2 133 21 22 68 24 24 
1 259 19 2 354 21 22 68 24 24 
1 259 19 2 21 22 68 24 24 
1 259 19 2 133 21 22 68 24 24 
1 259 19 2 133 21 22 68 24 24 
1 259 19 2 133 21 22 68 24 24 
1 259 19 2 133 21 22 68 24 24 
1 259 19 2 133 21 22 68 24 24 
1 259 19 2 104 21 22 68 24 24 
1 259 19 2 133 21 22 68 24 24 
1 259 19 2 133 21 22 68 24 24 
1 259 19 2 133 21 22 68 24 24 
1 259 19 2 133 21 22 68 24 24 
1 259 19 2 133 21 22 68 24 24 
1 259 19 2 133 21 22 68 24 24 
1 259 19 2 133 21 22 68 24 24 
1 259 19 2 133 21 22 68 24 24 
1 259 19 2 133 21 22 68 24 24 
1 259 19 2 104 21 22 68 24 24 
1 259 19 2 21 22 68 24 24 
1 259 19 2 21 22 68 24 24 
1 259 19 2 354 21 22 68 24 24 
1 259 19 2 21 22 68 24 24 
1 259 19 2 133 21 22 68 24 24 
1 259 19 2 133 21 22 68 24 24 
1 259 93 19 2 94 133 21 22 68 24 24 
1 259 19 2 133 21 22 68 24 24 
1 259 19 2 133 21 22 68 24 24 
1 259 19 2 559 133 21 22 68 24 24 
1 259 19 2 133 21 22 68 24 24 
1 259 19 2 133 21 22 68 24 24 
1 259 19 2 27 28 21 22 68 24 24 
1 259 19 2 133 21 22 68 24 24 
1 259 19 2 133 21 22 68 24 24 
1 259 19 2 133 21 22 68 24 24 
1 259 19 2 133 21 22 68 24 24 
1 97 259 19 2 98 133 21 22 68 24 24 
1 259 19 2 133 21 22 68 24 24 
1 259 19 2 354 21 22 68 24 24 
1 259 19 2 354 21 22 68 24 24 
1 259 19 2 354 21 22 68 24 24 
1 259 19 2 354 21 22 68 24 24 
1 259 19 2 133 21 22 68 24 24 
1 259 19 2 133 21 22 68 24 24 
1 259 19 2 133 21 22 68 24 24 
1 259 19 2 354 21 22 68 24 24 
1 259 19 2 354 21 22 68 24 24 
1 259 19 2 133 21 22 68 24 24 
1 259 19 2 354 21 22 68 24 24 
1 259 19 2 133 21 22 68 24 24 
1 259 19 2 133 21 22 68 24 24 
1 259 19 2 133 21 22 68 24 24 
1 259 19 2 133 21 22 68 24 24 
1 259 19 2 133 21 22 68 24 24 
1 259 19 2 133 21 22 68 24 24 
1 259 19 2 133 21 22 68 24 24 
1 259 19 2 21 22 68 24 24 
1 259 19 2 133 21 22 68 24 24 
1 259 19 2 133 21 22 68 24 24 
1 259 19 2 133 21 22 68 24 24 
1 259 19 2 133 21 22 68 24 24 
1 259 19 2 133 21 22 68 24 24 
1 259 19 2 133 21 22 68 24 24 
1 259 19 2 354 21 22 68 24 24 
1 259 19 2 133 21 22 68 24 24 
1 259 19 2 133 21 22 68 24 24 
1 259 19 2 133 21 22 68 24 24 
1 259 19 2 133 21 22 68 24 24 
1 259 19 2 133 21 22 68 24 24 
1 259 19 2 21 22 68 24 24 
1 259 19 2 133 21 22 68 24 24 
1 259 19 2 133 21 22 68 24 24 
1 259 19 2 133 21 22 68 24 24 
1 259 19 2 133 21 22 68 24 24 
1 259 19 2 133 21 22 68 24 24 
1 259 19 2 133 21 22 68 24 24 
1 259 19 2 133 21 22 68 24 24 
1 259 19 2 133 21 22 68 24 24 
1 259 19 2 133 21 22 68 24 24 
1 259 19 2 133 21 22 68 24 24 
1 259 19 2 133 21 22 68 24 24 
1 259 19 2 133 21 22 68 24 24 
1 259 19 2 133 21 22 68 24 24 
1 259 19 2 133 21 22 68 24 24 
1 259 19 2 133 21 22 68 24 24 
1 259 19 2 133 21 22 68 24 24 
1 259 19 2 133 21 22 68 24 24 
1 259 19 2 133 21 22 68 24 24 
1 259 19 2 133 21 22 68 24 24 
1 259 19 2 354 21 22 68 24 24 
1 259 19 2 133 21 22 68 24 24 
1 259 19 2 354 21 22 68 24 24 
1 259 19 2 133 21 22 68 24 24 
1 46 259 47 19 2 133 21 22 68 24 24 
1 259 19 2 354 21 22 68 24 24 
1 259 19 2 354 21 22 68 24 24 
1 259 19 2 133 21 22 68 24 24 
1 259 19 2 133 21 22 68 24 24 
1 259 19 2 133 21 22 68 24 24 
1 259 19 2 133 21 22 68 24 24 
1 259 19 2 354 21 22 68 24 24 
1 259 19 2 354 21 22 68 24 24 
1 259 19 2 21 22 68 24 24 
1 259 19 2 354 21 22 68 24 24 
1 259 19 2 133 21 22 68 24 24 
1 259 19 2 21 22 68 24 24 
1 259 19 2 133 21 22 68 24 24 
1 259 19 2 21 22 68 24 24 
1 259 19 2 133 21 22 68 24 24 
1 259 19 2 133 21 22 68 24 24 
1 259 19 2 133 21 22 68 24 24 
1 259 19 2 354 21 22 68 24 24 
1 259 19 2 133 21 22 68 24 24 
1 259 19 2 354 21 22 68 24 24 
1 259 19 2 133 21 22 68 24 24 
1 259 19 2 133 21 22 68 24 24 
1 259 19 2 133 21 22 68 24 24 
1 259 19 2 133 21 22 68 24 24 
1 259 19 2 133 21 22 68 24 24 
1 259 19 2 133 21 22 68 24 24 
1 259 19 2 133 21 22 68 24 24 
1 259 19 2 133 21 22 68 24 24 
1 259 19 2 133 21 22 68 24 24 
1 259 19 2 133 21 22 68 24 24 
1 259 19 2 133 21 22 68 24 24 
1 259 19 2 133 21 22 68 24 24 
1 259 19 2 133 21 22 68 24 24 
1 259 19 2 133 21 22 68 24 24 
1 259 19 2 133 21 22 68 24 24 
1 259 19 2 28 133 21 22 68 111 24 80 24 
1 259 19 2 133 21 22 68 24 24 
1 259 19 2 133 21 22 68 24 24 
1 259 19 2 133 21 22 68 24 24 
1 259 19 2 133 21 22 68 24 24 
1 259 19 2 133 21 22 68 24 24 
1 259 19 2 21 22 68 24 24 
1 259 19 2 21 22 68 24 24 
1 259 19 2 21 22 68 24 24 
1 259 19 2 133 21 22 68 24 24 
1 259 19 2 133 21 22 68 24 24 
1 259 19 2 133 21 22 68 24 24 
1 259 19 2 133 21 22 68 24 24 
1 259 19 2 133 21 22 68 24 24 
1 259 19 2 21 22 68 24 24 
1 259 19 2 133 21 22 68 24 24 
1 259 19 2 133 21 22 68 24 24 
1 259 19 2 133 21 22 68 24 24 
1 259 19 2 133 21 22 68 24 24 
1 259 19 2 133 21 22 68 24 24 
1 259 19 2 133 21 22 68 24 24 
1 259 19 2 133 21 22 68 24 24 
1 259 19 2 133 21 22 68 24 24 
1 259 19 2 133 21 22 68 24 24 
1 259 19 2 133 21 22 68 24 24 
1 259 19 2 133 21 22 68 24 24 
1 259 19 2 133 21 22 68 24 24 
1 259 19 2 133 21 22 68 24 24 
1 259 19 2 133 21 22 68 24 24 
1 259 19 2 21 22 68 24 24 
1 259 19 2 21 22 68 24 24 
1 259 19 2 21 22 68 24 24 
1 259 19 2 21 22 68 24 24 
1 259 19 2 21 22 68 24 24 
1 259 19 2 21 22 68 24 24 
1 259 19 2 21 22 68 24 24 
1 259 19 2 133 21 22 68 24 24 
1 259 19 2 133 21 22 68 24 24 
1 259 19 2 133 21 22 68 24 24 
1 259 19 2 133 21 22 68 24 24 
1 259 19 2 133 21 22 68 24 24 
1 259 19 2 133 21 22 68 24 24 
1 259 19 2 133 21 22 68 24 24 
1 259 19 2 133 21 22 68 24 24 
1 259 19 2 104 21 22 68 24 24 
1 259 19 2 21 22 68 24 24 
1 259 19 2 133 21 22 68 24 24 
1 259 19 2 133 21 22 68 24 24 
1 259 19 2 354 21 22 68 24 24 
1 259 19 2 133 21 22 68 24 24 
1 259 19 2 354 21 22 68 24 24 
1 259 19 2 133 21 22 68 24 24 
1 259 19 2 133 21 22 68 24 24 
1 259 19 2 133 21 22 68 24 24 
1 259 19 2 133 21 22 68 24 24 
1 259 19 2 133 21 22 68 24 24 
1 259 19 2 133 21 22 68 24 24 
1 259 19 2 133 21 22 68 24 24 
1 259 19 2 21 22 68 24 24 
1 259 19 2 81 21 22 82 68 24 24 
1 259 19 2 354 21 22 68 24 24 
1 259 19 2 21 22 68 24 24 
1 259 19 2 21 22 68 24 24 
1 259 19 2 21 22 68 24 24 
1 259 19 2 21 22 68 24 24 
1 259 19 2 21 22 68 24 24 
1 259 19 2 21 22 68 24 24 
1 259 19 2 21 22 68 24 24 
1 259 19 2 133 21 22 68 24 24 
1 46 259 47 19 2 133 21 22 68 24 24 
1 259 19 2 21 152 24 24 
1 259 19 2 28 27 21 549 22 24 24 
1 259 19 2 21 22 68 24 24 
1 259 93 19 2 94 21 22 68 24 24 
1 259 19 2 21 22 68 24 24 
1 259 19 2 21 22 68 24 24 
1 259 19 2 21 22 68 24 24 
1 259 19 2 21 22 68 24 24 
1 259 19 2 81 21 22 82 68 24 24 
1 259 19 2 21 22 68 24 24 
1 259 19 2 21 22 263 24 24 
1 259 19 2 21 22 263 24 24 
1 259 19 2 133 21 22 68 24 24 
1 259 19 2 133 21 22 68 24 24 
1 259 19 2 21 22 68 24 24 
1 259 19 2 21 22 90 68 24 24 
1 259 19 2 21 22 68 24 24 
1 259 19 2 133 21 22 68 24 24 
1 259 19 2 133 21 22 68 24 24 
1 259 19 2 118 21 22 36 24 24 
1 259 19 2 383 384 21 254 36 24 24 
1 259 19 2 133 21 22 68 24 24 
1 259 19 2 21 22 68 24 24 
1 259 19 2 133 21 22 68 24 24 
1 259 19 2 133 21 22 68 24 24 
1 259 19 2 133 21 22 68 24 24 
1 259 93 19 2 94 118 21 132 36 24 24 
1 259 19 2 133 21 22 68 24 24 
1 259 19 2 21 22 68 24 24 
1 259 19 2 133 21 22 68 24 24 
1 259 19 2 133 21 22 68 24 24 
1 259 19 2 81 21 22 82 24 24 
1 259 19 2 133 21 22 68 24 24 
1 259 19 2 133 21 22 68 24 24 
1 259 19 2 500 21 22 99 24 24 
1 259 19 2 133 21 22 68 24 24 
1 259 19 2 354 21 22 68 24 24 
1 259 19 2 133 21 22 68 24 24 
1 259 19 2 288 133 21 22 68 24 24 
1 259 19 2 21 22 152 24 153 24 
1 259 19 2 133 21 22 68 24 24 
1 259 19 2 21 22 37 24 24 
1 259 19 2 21 22 68 24 24 
1 259 19 2 133 21 22 68 24 24 
1 259 19 2 21 22 68 24 24 
1 259 19 2 21 22 68 24 24 
1 259 19 2 21 22 24 24 
1 259 19 2 21 22 68 24 24 
1 259 19 2 21 22 263 24 24 
1 259 19 2 21 22 263 24 24 
1 259 19 2 21 22 68 24 24 
1 259 19 2 21 22 68 24 24 
1 259 19 2 21 22 68 24 24 
1 259 19 2 21 22 68 24 24 
1 259 19 2 354 21 22 68 24 24 
1 259 19 2 21 22 68 24 24 
1 259 19 2 109 28 21 22 68 24 80 110 24 
1 259 19 2 5 328 21 22 24 24 
1 259 19 2 21 142 36 24 24 
1 259 19 2 133 21 22 68 24 24 
1 259 19 2 133 21 22 68 24 24 
1 259 19 2 5 21 22 143 8 37 144 24 24 
1 259 19 2 5 21 22 143 8 37 144 24 24 
1 259 19 2 5 21 22 143 8 37 144 24 24 
1 259 19 2 5 21 22 143 8 37 144 24 24 
1 259 19 2 5 21 22 143 8 37 144 24 24 
1 259 19 2 21 22 68 24 24 
1 259 19 2 133 21 22 68 24 24 
1 259 19 2 133 21 22 68 24 24 
1 259 19 2 133 21 22 68 24 24 
1 259 19 2 133 21 22 68 24 24 
1 259 19 2 133 21 22 68 24 24 
1 259 19 2 133 21 22 68 24 24 
1 259 19 2 133 21 22 68 24 24 
1 259 19 2 133 21 22 68 24 24 
1 259 19 2 133 21 22 68 24 24 
1 259 19 2 133 21 22 68 24 24 
1 259 19 2 133 21 22 68 24 24 
1 259 19 2 133 21 22 68 24 24 
1 259 19 2 133 21 22 68 24 24 
1 259 19 2 133 21 22 68 24 24 
1 259 19 2 133 21 22 68 24 24 
1 259 19 2 133 21 22 68 24 24 
1 259 19 2 133 21 22 68 24 24 
1 259 19 2 133 21 22 68 24 24 
1 259 19 2 133 21 22 68 24 24 
1 259 19 2 133 21 22 68 24 24 
1 259 19 2 133 21 22 68 24 24 
1 259 19 2 5 21 22 143 8 37 144 24 24 
1 259 19 2 5 21 22 143 8 37 144 24 24 
1 259 19 2 5 21 22 143 8 37 144 24 24 
1 259 19 2 5 21 22 143 8 37 144 24 24 
1 259 19 2 5 21 22 143 8 37 144 24 24 
1 259 19 2 5 21 22 143 8 37 144 24 24 
1 259 19 2 5 21 22 143 8 37 144 24 24 
1 259 19 2 5 21 22 143 8 37 144 24 24 
1 259 19 2 5 21 22 143 8 37 144 24 24 
1 259 19 2 5 21 22 143 8 37 144 24 24 
1 259 19 2 21 22 68 24 24 
1 259 19 2 133 21 22 68 24 24 
1 259 19 2 133 21 22 68 24 24 
1 259 19 2 133 21 22 68 24 24 
1 259 19 2 133 21 22 68 24 24 
1 259 19 2 133 21 22 68 24 24 
1 259 19 2 133 21 22 68 24 24 
1 259 19 2 21 22 68 24 24 
1 259 19 2 21 22 68 24 24 
1 259 19 2 21 22 68 24 24 
1 259 19 2 21 22 68 24 24 
1 259 19 2 21 22 99 24 362 24 
1 259 19 2 133 21 22 68 24 24 
1 259 19 2 21 22 68 24 24 
1 259 19 2 21 22 68 24 24 
1 259 19 2 21 22 68 24 24 
1 259 19 2 21 22 68 24 24 
1 259 19 2 5 21 22 143 8 37 144 24 24 
1 259 19 2 133 21 22 68 24 24 
1 259 19 2 21 22 68 24 24 
1 259 19 2 21 22 68 24 24 
1 259 19 2 81 21 22 82 24 24 
1 259 19 2 81 21 22 82 24 24 
1 259 19 2 133 21 22 68 24 24 
1 259 19 2 21 22 68 24 24 
1 259 19 2 133 21 22 68 24 24 
1 259 19 2 133 21 22 68 24 24 
1 259 19 2 133 21 22 68 24 24 
1 259 19 2 133 21 22 68 24 24 
1 259 19 2 133 21 22 68 24 24 
1 259 19 2 21 22 24 24 
1 259 19 2 81 21 22 82 24 24 
1 259 19 2 133 21 22 68 24 24 
1 259 19 2 133 21 22 68 24 24 
1 259 19 2 21 22 68 24 24 
1 259 19 2 133 21 22 68 24 24 
1 259 19 2 133 21 22 68 24 24 
1 259 19 2 133 21 22 68 24 24 
1 259 19 2 21 22 68 24 24 
1 259 19 2 21 22 68 24 24 
1 259 19 2 21 22 68 24 24 
1 259 19 2 133 21 22 68 24 24 
1 259 19 2 21 22 68 24 24 
1 259 19 2 21 22 68 24 24 
1 259 19 2 21 22 37 24 24 
1 259 19 2 21 22 68 24 24 
1 259 19 2 21 22 68 24 24 
1 259 19 2 21 22 68 24 24 
1 259 19 2 21 22 24 24 
1 259 19 2 21 22 68 24 24 
1 259 19 2 21 22 68 24 24 
1 259 19 2 21 22 68 24 24 
1 259 19 2 21 22 68 24 24 
1 259 19 2 354 21 22 68 24 24 
1 259 19 2 21 22 24 24 
1 259 19 2 21 22 68 24 24 
1 259 19 2 133 21 22 68 24 24 
1 259 19 2 21 22 68 24 24 
1 259 19 2 21 22 68 24 24 
1 259 19 2 21 22 68 24 24 
1 259 19 2 159 21 36 24 130 24 
1 259 19 2 21 22 263 24 24 
1 259 19 2 21 36 24 122 123 24 
1 259 19 2 21 22 68 24 24 
1 259 19 2 133 21 22 68 24 24 
1 259 19 2 354 21 22 68 24 24 
1 259 19 2 21 22 68 24 24 
1 259 19 2 21 22 68 24 24 
1 259 19 2 21 22 68 24 24 
1 259 19 2 21 22 68 24 24 
1 259 19 2 21 22 68 24 24 
1 259 19 2 133 21 22 68 24 24 
1 259 19 2 133 21 22 68 24 24 
1 259 19 2 133 21 22 68 24 24 
1 259 19 2 133 21 22 68 24 24 
1 259 19 2 21 22 24 24 
1 259 19 2 28 21 22 24 203 24 
1 259 19 2 21 68 24 24 
1 259 19 2 21 68 24 24 
1 259 19 2 81 21 22 82 24 24 
1 259 19 2 109 28 21 22 24 80 110 24 
1 259 19 2 500 21 22 99 24 24 
1 259 19 2 133 21 22 68 24 24 
1 259 19 2 133 21 22 68 24 24 
1 259 19 2 21 22 263 24 24 
1 259 19 2 81 21 22 82 24 24 
1 259 19 2 81 21 22 82 24 24 
1 259 19 2 81 21 22 82 24 24 
1 259 19 2 81 21 22 82 24 24 
1 259 19 2 81 21 22 82 24 24 
1 259 19 2 81 21 22 82 24 24 
1 259 19 2 81 21 22 82 24 24 
1 259 19 2 81 21 22 82 24 24 
1 259 19 2 81 21 22 82 24 24 
1 259 19 2 81 21 22 82 24 24 
1 259 19 2 21 22 68 24 24 
1 259 19 2 21 22 68 24 24 
1 259 19 2 28 27 21 603 22 24 24 
1 259 19 2 21 22 68 24 24 
1 259 19 2 21 22 68 24 24 
1 259 19 2 21 22 68 24 24 
1 259 19 2 21 22 68 24 24 
1 259 19 2 21 22 68 24 24 
1 259 19 2 21 22 68 24 24 
1 259 19 2 104 21 22 68 24 24 
1 259 19 2 21 36 24 122 123 24 
1 259 19 2 21 22 37 24 24 
1 259 19 2 21 22 37 24 24 
1 259 19 2 21 22 37 24 24 
1 46 259 47 19 2 21 22 37 24 24 
1 259 19 2 21 22 37 24 24 
1 259 19 2 21 22 37 24 24 
1 259 19 2 21 22 37 24 24 
1 259 19 2 21 22 37 24 24 
1 259 19 2 21 22 37 24 24 
1 259 19 2 21 22 37 24 24 
1 259 19 2 21 22 37 24 24 
1 259 19 2 21 22 37 24 24 
1 259 19 2 21 22 37 24 24 
1 259 19 2 21 22 37 24 24 
1 259 19 2 21 22 37 24 24 
1 259 19 2 5 21 22 143 8 37 144 24 24 
1 259 19 2 5 21 22 143 8 37 144 24 24 
1 259 19 2 5 21 22 143 8 37 144 24 24 
1 259 19 2 5 21 22 143 8 37 144 24 24 
1 259 19 2 133 21 22 68 24 24 
1 259 19 2 133 21 22 68 24 24 
1 259 19 2 133 21 22 68 24 24 
1 259 19 2 133 21 22 68 24 24 
1 259 19 2 133 21 22 68 24 24 
1 259 19 2 133 21 22 68 24 24 
1 259 19 2 133 21 22 68 24 24 
1 259 19 2 133 21 22 68 24 24 
1 259 19 2 133 21 22 68 24 24 
1 259 19 2 133 21 22 68 24 24 
1 259 19 2 133 21 22 68 24 24 
1 259 19 2 133 21 22 68 24 24 
1 259 19 2 133 21 22 68 24 24 
1 259 19 2 133 21 22 68 24 24 
1 259 19 2 133 21 22 68 24 24 
1 259 19 2 133 21 22 68 24 24 
1 259 19 2 133 21 22 68 24 24 
1 259 19 2 133 21 22 68 24 24 
1 259 19 2 133 21 22 68 24 24 
1 259 19 2 133 21 22 68 24 24 
1 259 19 2 21 22 68 24 24 
1 259 19 2 21 22 68 24 24 
1 259 19 2 21 22 68 24 24 
1 259 19 2 21 22 68 24 24 
1 259 19 2 21 22 68 24 24 
1 259 19 2 21 22 68 24 24 
1 259 19 2 21 22 68 24 24 
1 259 19 2 21 22 68 24 24 
1 97 259 19 2 98 21 22 68 24 24 
1 259 19 2 21 22 68 24 24 
1 259 19 2 21 22 68 24 24 
1 259 19 2 21 22 68 24 24 
1 259 19 2 21 22 68 24 24 
1 259 19 2 133 21 22 68 24 24 
1 259 19 2 48 5 6 21 22 68 24 24 
1 259 19 2 133 21 22 68 24 24 
1 259 19 2 133 21 22 68 24 24 
1 259 19 2 21 22 99 24 362 24 
1 259 19 2 660 21 22 99 24 362 24 
1 259 19 2 256 104 21 22 68 24 24 
1 259 19 2 133 21 22 68 24 24 
1 259 19 2 133 21 22 68 24 24 
1 259 19 2 21 22 37 24 24 
1 259 19 2 21 22 37 24 24 
1 259 19 2 354 21 22 68 24 24 
1 259 19 2 133 21 22 68 24 24 
1 259 19 2 354 21 22 68 24 24 
1 259 19 2 28 21 22 548 106 68 24 24 
1 259 19 2 28 21 22 548 106 68 24 24 
1 259 19 2 21 22 68 24 24 
1 259 19 2 133 21 22 68 24 24 
1 259 19 2 133 21 22 68 24 24 
1 259 19 2 21 22 68 24 24 
1 259 19 2 21 22 68 24 24 
1 259 19 2 133 21 22 68 24 24 
1 259 19 2 21 22 68 24 24 
1 259 19 2 354 21 22 68 24 24 
1 259 19 2 133 21 22 68 24 24 
1 259 19 2 133 21 22 68 24 24 
1 259 19 2 21 22 68 24 24 
1 259 19 2 21 22 68 24 24 
1 259 19 2 133 21 22 68 24 24 
1 259 19 2 354 21 22 68 24 24 
1 259 19 2 354 21 22 68 24 24 
1 259 19 2 21 22 68 24 24 
1 259 19 2 21 22 68 24 24 
1 259 19 2 21 22 68 24 24 
1 259 19 2 21 22 68 24 24 
1 259 19 2 21 152 24 153 24 
1 259 19 2 21 22 68 24 24 
1 259 19 2 133 21 22 68 24 24 
1 259 19 2 133 21 22 68 24 24 
1 259 19 2 21 22 68 24 24 
1 259 19 2 133 21 22 68 24 24 
1 259 19 2 133 21 22 68 24 24 
1 259 19 2 133 21 22 68 24 24 
1 259 19 2 133 21 22 68 24 24 
1 259 19 2 21 22 68 24 24 
1 259 19 2 21 22 68 24 24 
1 259 19 2 133 21 22 68 24 24 
1 46 259 47 19 2 28 109 21 22 24 80 110 24 
1 259 19 2 28 109 21 22 24 80 110 24 
1 259 19 2 21 22 263 24 24 
1 259 19 2 21 22 263 68 24 24 
1 259 19 2 21 22 68 24 24 
1 259 19 2 21 22 68 24 24 
1 259 19 2 21 22 68 24 24 
1 259 19 2 21 22 24 24 
1 259 19 2 133 21 22 68 24 24 
1 259 19 2 28 21 22 483 24 24 
1 259 19 2 21 22 436 24 24 
1 259 19 2 21 22 24 24 
1 259 19 2 21 22 24 24 
1 259 19 2 21 22 24 24 
1 259 19 2 21 22 24 24 
1 259 19 2 21 22 24 24 
1 259 19 2 21 22 24 24 
1 259 19 2 21 22 24 24 
1 259 19 2 21 22 24 24 
1 259 19 2 21 22 24 24 
1 259 19 2 21 22 24 24 
1 259 19 2 21 22 24 24 
1 259 19 2 21 22 24 24 
1 259 19 2 21 22 24 24 
1 259 19 2 21 22 24 24 
1 259 19 2 21 22 24 24 
1 259 19 2 21 22 24 24 
1 259 19 2 21 22 24 24 
1 259 19 2 21 22 24 24 
1 259 19 2 21 22 24 24 
1 259 19 2 21 22 24 24 
1 259 19 2 21 22 24 24 
1 259 19 2 21 22 24 24 
1 259 19 2 21 22 24 24 
1 259 19 2 21 22 24 24 
1 259 19 2 21 22 24 24 
1 259 19 2 21 22 24 24 
1 259 19 2 21 22 24 24 
1 259 19 2 21 22 24 24 
1 259 19 2 109 28 21 22 24 80 110 24 
1 259 19 2 109 28 21 22 24 80 110 24 
1 259 19 2 109 28 21 22 24 80 110 24 
1 259 19 2 21 22 24 24 
1 259 19 2 21 22 37 24 24 
1 259 19 2 21 22 37 24 24 
1 259 19 2 21 22 37 24 24 
1 259 19 2 21 22 37 24 24 
1 259 19 2 21 22 37 24 24 
1 259 19 2 354 21 22 68 24 24 
1 259 19 2 5 21 22 143 8 37 144 24 24 
1 259 19 2 133 21 22 68 24 24 
1 259 19 2 133 21 22 68 24 24 
1 259 19 2 81 21 22 82 24 24 
1 259 19 2 81 21 22 82 24 24 
1 259 19 2 81 21 22 82 24 24 
1 259 19 2 81 21 22 82 24 24 
1 259 19 2 81 21 22 82 24 24 
1 259 19 2 81 21 22 82 24 24 
1 259 19 2 81 21 22 82 24 24 
1 259 19 2 81 21 22 82 24 24 
1 259 19 2 81 21 22 82 24 24 
1 259 19 2 81 21 22 82 24 24 
1 259 19 2 81 21 22 82 24 24 
1 259 19 2 81 21 22 82 24 24 
1 259 19 2 81 21 22 82 24 24 
1 259 19 2 81 21 22 82 24 24 
1 259 19 2 81 21 22 82 24 24 
1 259 19 2 81 21 22 82 24 24 
1 259 19 2 81 21 22 82 24 24 
1 259 19 2 81 21 22 82 24 24 
1 259 19 2 81 21 22 82 24 24 
1 259 19 2 81 21 22 82 24 24 
1 259 19 2 81 21 22 82 24 24 
1 259 93 19 2 94 81 21 22 82 24 24 
1 259 19 2 81 21 22 82 24 24 
1 259 19 2 81 21 22 82 24 24 
1 259 19 2 81 21 22 82 24 24 
1 259 19 2 81 21 22 82 24 24 
1 259 19 2 81 21 22 82 24 24 
1 259 19 2 81 21 22 82 24 24 
1 259 19 2 81 21 22 82 24 24 
1 259 19 2 81 21 22 82 24 24 
1 259 19 2 81 21 22 82 24 24 
1 259 19 2 81 21 22 82 24 24 
1 259 19 2 81 21 22 82 24 24 
1 259 19 2 133 21 22 68 24 24 
1 259 19 2 21 22 68 24 24 
1 259 19 2 133 21 22 68 24 24 
1 259 19 2 133 104 21 22 68 24 24 
1 259 19 2 21 22 68 24 24 
1 259 19 2 21 22 68 24 24 
1 259 19 2 21 22 68 24 24 
1 259 19 2 21 22 68 24 24 
1 259 19 2 21 22 68 24 24 
1 259 19 2 21 22 68 24 24 
1 259 19 2 21 22 68 24 24 
1 259 19 2 21 22 68 24 24 
1 259 19 2 21 22 68 24 24 
1 259 19 2 21 22 68 24 24 
1 259 19 2 21 22 68 24 24 
1 259 19 2 21 22 68 24 24 
1 259 19 2 21 22 68 24 24 
1 259 19 2 21 22 68 24 24 
1 259 19 2 21 22 68 24 24 
1 259 19 2 21 22 68 24 24 
1 259 19 2 21 22 68 24 24 
1 259 19 2 21 22 68 24 24 
1 259 19 2 21 22 68 24 24 
1 259 19 2 354 21 22 68 24 24 
1 259 19 2 21 22 68 24 24 
1 259 19 2 21 22 68 24 24 
1 259 19 2 21 22 68 24 24 
1 259 19 2 21 22 37 24 24 
1 259 19 2 104 21 22 68 24 24 
1 259 19 2 21 22 68 24 24 
1 259 19 2 21 22 68 24 24 
1 259 19 2 21 24 24 
1 259 19 2 21 22 263 24 24 
1 259 19 2 133 21 22 68 24 24 
1 259 19 2 133 21 22 68 24 24 
1 259 19 2 133 21 22 68 24 24 
1 259 19 2 133 21 22 68 24 24 
1 259 19 2 133 21 22 68 24 24 
1 259 19 2 133 21 22 68 24 24 
1 259 19 2 133 21 22 68 24 24 
1 259 19 2 133 21 22 68 24 24 
1 259 19 2 133 21 22 68 24 24 
1 259 19 2 133 21 22 68 24 24 
1 259 19 2 133 21 22 68 24 24 
1 259 19 2 133 21 22 68 24 24 
1 259 93 19 2 94 133 21 22 68 24 24 
1 259 19 2 133 21 22 68 24 24 
1 259 19 2 133 21 22 68 24 24 
1 259 19 2 133 21 22 68 24 24 
1 259 19 2 133 21 22 68 24 24 
1 259 19 2 133 21 22 68 24 24 
1 259 19 2 133 21 22 68 24 24 
1 259 19 2 133 21 22 68 24 24 
1 259 19 2 133 21 22 68 24 24 
1 259 19 2 21 22 68 24 24 
1 259 19 2 21 22 68 24 24 
1 259 19 2 21 22 68 24 24 
1 259 19 2 21 22 68 24 24 
1 259 19 2 21 22 68 24 24 
1 259 19 2 21 22 68 24 24 
1 259 19 2 21 22 68 24 24 
1 259 19 2 21 22 68 24 24 
1 259 19 2 118 21 22 36 68 24 24 
1 259 19 2 413 21 487 22 24 24 
1 259 19 2 28 109 21 22 24 80 110 24 
1 259 19 2 21 22 117 826 24 24 
1 259 19 2 133 21 22 68 24 24 
1 259 19 2 133 21 22 68 24 24 
1 259 19 2 133 21 22 68 24 24 
1 259 19 2 133 21 22 68 24 24 
1 259 19 2 133 21 22 68 24 24 
1 259 19 2 133 21 22 68 24 24 
1 259 19 2 133 21 22 68 24 24 
1 259 19 2 133 21 22 68 24 24 
1 259 19 2 133 21 22 68 24 24 
1 259 19 2 133 21 22 68 24 24 
1 259 19 2 21 22 24 24 
1 259 19 2 5 6 21 22 37 24 24 
1 259 19 2 21 22 37 24 24 
1 259 19 2 133 21 22 68 24 24 
1 259 19 2 133 21 22 68 24 24 
1 259 19 2 133 21 22 68 24 24 
1 259 19 2 133 21 22 68 24 24 
1 259 19 2 133 21 22 68 24 24 
1 259 19 2 354 21 22 68 24 24 
1 259 19 2 133 21 22 68 24 24 
1 259 19 2 5 6 21 22 61 68 24 24 
1 259 19 2 5 6 21 24 24 
1 259 19 2 118 21 119 36 24 24 
1 259 19 2 21 22 68 24 24 
1 259 19 2 133 21 22 68 24 24 
1 259 19 2 21 22 68 24 24 
1 259 19 2 177 28 112 21 22 688 113 24 80 24 
1 259 19 2 28 21 22 106 24 508 24 
1 259 19 2 28 21 22 106 24 508 24 
1 259 19 2 21 22 37 24 24 
1 259 19 2 21 22 37 24 24 
1 259 19 2 21 22 37 24 24 
1 259 19 2 21 22 37 24 24 
1 259 19 2 21 22 37 24 24 
1 259 19 2 21 22 37 24 24 
1 259 19 2 21 22 37 24 24 
1 259 19 2 21 22 37 24 24 
1 259 19 2 21 22 37 24 24 
1 259 19 2 21 22 37 24 24 
1 259 19 2 21 22 37 24 24 
1 259 19 2 21 22 37 24 24 
1 259 19 2 21 22 37 24 24 
1 259 19 2 21 22 37 24 24 
1 259 19 2 21 22 37 24 24 
1 259 19 2 21 22 37 24 24 
1 259 19 2 21 22 37 24 24 
1 259 19 2 21 22 37 24 24 
1 259 19 2 21 22 37 24 24 
1 259 19 2 21 22 37 24 24 
1 259 19 2 21 22 37 24 24 
1 259 19 2 21 22 37 24 24 
1 259 19 2 21 22 37 24 24 
1 259 19 2 21 22 37 24 24 
1 259 19 2 21 22 37 24 24 
1 259 19 2 21 22 37 24 24 
1 259 19 2 21 22 37 24 24 
1 259 19 2 21 22 37 24 24 
1 259 19 2 21 22 37 24 24 
1 259 19 2 21 22 37 24 24 
1 259 19 2 21 22 37 24 24 
1 259 19 2 21 22 37 24 24 
1 259 19 2 21 22 37 24 24 
1 259 19 2 21 22 37 24 24 
1 259 19 2 21 22 37 24 24 
1 259 19 2 21 22 37 24 24 
1 259 19 2 21 22 37 24 24 
1 259 19 2 21 22 37 24 24 
1 259 19 2 21 22 37 24 24 
1 259 19 2 21 22 37 24 24 
1 259 19 2 21 22 37 24 24 
1 259 19 2 21 22 37 24 24 
1 259 19 2 21 22 37 24 24 
1 259 19 2 21 22 37 24 24 
1 259 19 2 21 22 37 24 24 
1 259 19 2 21 22 37 24 24 
1 259 19 2 21 22 37 24 24 
1 259 19 2 21 22 37 24 24 
1 259 19 2 21 22 37 24 24 
1 259 19 2 21 22 37 24 24 
1 259 19 2 21 22 37 24 24 
1 259 19 2 21 22 37 24 24 
1 259 19 2 21 22 37 24 24 
1 259 19 2 21 22 37 24 24 
1 259 19 2 21 22 37 24 24 
1 259 19 2 21 22 37 24 24 
1 259 19 2 21 22 37 24 24 
1 259 19 2 21 22 37 24 24 
1 259 19 2 21 22 37 24 24 
1 259 19 2 21 22 37 24 24 
1 259 19 2 21 22 37 24 24 
1 259 19 2 21 22 37 24 24 
1 259 19 2 21 22 37 24 24 
1 259 19 2 636 21 10 11 24 125 24 
1 259 19 2 5 21 22 143 8 37 144 24 24 
1 259 19 2 5 21 22 143 8 37 144 24 24 
1 259 19 2 5 21 22 143 8 37 144 24 24 
1 259 19 2 5 21 22 143 8 37 144 24 24 
1 259 19 2 5 21 22 143 8 37 144 24 24 
1 259 19 2 5 21 22 143 8 37 144 24 24 
1 259 19 2 5 21 22 143 8 37 144 24 24 
1 259 19 2 5 21 22 143 8 37 144 24 24 
1 259 19 2 5 21 22 143 8 37 144 24 24 
1 259 19 2 21 22 68 24 24 
1 46 259 47 19 2 21 22 68 24 24 
1 259 19 2 21 22 68 24 24 
1 259 19 2 81 21 22 82 24 24 
1 259 19 2 660 81 21 22 82 24 24 
1 259 19 2 81 21 22 82 24 24 
1 259 19 2 21 22 68 24 24 
1 259 19 2 21 22 68 24 24 
1 259 19 2 133 21 22 68 24 24 
1 259 19 2 81 133 21 22 82 68 24 24 
1 259 19 2 81 133 21 22 82 68 24 24 
1 259 19 2 354 21 22 68 24 24 
1 259 19 2 21 22 68 24 24 
1 259 19 2 133 21 22 68 24 24 
1 259 19 2 21 22 68 24 24 
1 259 19 2 21 22 68 24 24 
1 259 19 2 21 22 68 24 24 
1 259 19 2 256 21 22 24 24 
1 259 19 2 21 22 436 68 24 24 
1 259 19 2 5 21 22 143 8 37 144 24 24 
1 259 19 2 5 21 22 143 8 37 144 24 24 
1 259 19 2 5 21 22 143 8 37 144 24 24 
1 259 19 2 5 21 22 143 8 37 144 24 24 
1 259 19 2 5 21 22 143 8 37 144 24 24 
1 259 19 2 5 21 22 143 8 37 144 24 24 
1 259 19 2 5 21 22 143 8 37 144 24 24 
1 259 19 2 5 21 22 143 8 37 144 24 24 
1 259 19 2 5 21 22 143 8 37 144 24 24 
1 259 19 2 5 21 22 143 8 37 144 24 24 
1 259 19 2 5 21 22 143 8 37 144 24 24 
1 259 19 2 5 21 22 143 8 37 144 24 24 
1 259 19 2 5 21 22 143 8 37 144 24 24 
1 259 19 2 5 21 22 143 8 37 144 24 24 
1 259 19 2 5 21 22 143 8 37 144 24 24 
1 259 19 2 5 21 22 143 8 37 144 24 24 
1 259 19 2 5 21 22 143 8 37 144 24 24 
1 259 19 2 5 21 22 143 8 37 144 24 24 
1 259 19 2 5 21 22 143 8 37 144 24 24 
1 259 19 2 5 21 22 143 8 37 144 24 24 
1 259 19 2 5 21 22 143 8 37 144 24 24 
1 259 19 2 5 21 22 143 8 37 144 24 24 
1 259 19 2 5 21 22 143 8 37 144 24 24 
1 259 19 2 5 21 22 143 8 37 144 24 24 
1 259 19 2 5 21 22 143 8 37 144 24 24 
1 259 19 2 5 21 22 143 8 37 144 24 24 
1 259 19 2 5 21 22 143 8 37 144 24 24 
1 259 19 2 5 21 22 143 8 37 144 24 24 
1 259 19 2 5 21 22 143 8 37 144 24 24 
1 259 19 2 5 21 22 143 8 37 144 24 24 
1 259 19 2 5 21 22 143 8 37 144 24 24 
1 259 19 2 5 21 22 143 8 37 144 24 24 
1 259 19 2 5 21 22 143 8 37 144 24 24 
1 259 19 2 5 21 22 143 8 37 144 24 24 
1 259 19 2 5 21 22 143 8 37 144 24 24 
1 259 19 2 5 21 22 143 8 37 144 24 24 
1 259 19 2 5 21 22 143 8 37 144 24 24 
1 259 19 2 5 21 22 143 8 37 144 24 24 
1 259 19 2 5 21 22 143 8 37 144 24 24 
1 259 19 2 5 21 22 143 8 37 144 24 24 
1 259 19 2 5 21 22 143 8 37 144 24 24 
1 259 19 2 5 21 22 143 8 37 144 24 24 
1 259 19 2 5 21 22 143 8 37 144 24 24 
1 259 19 2 5 21 22 143 8 37 144 24 24 
1 259 19 2 5 21 22 143 8 37 144 24 24 
1 259 19 2 5 21 22 143 8 37 144 24 24 
1 259 19 2 5 21 22 143 8 37 144 24 24 
1 259 19 2 5 21 22 143 8 37 144 24 24 
1 259 19 2 5 21 22 143 8 37 144 24 24 
1 259 19 2 5 21 22 143 8 37 144 24 24 
1 259 19 2 5 21 22 143 8 37 144 24 24 
1 259 19 2 5 21 22 143 8 37 144 24 24 
1 259 19 2 5 21 22 143 8 37 144 24 24 
1 259 19 2 118 21 119 36 24 24 
1 259 19 2 118 21 119 36 24 24 
1 259 19 2 21 22 68 24 24 
1 259 19 2 21 22 68 24 24 
1 259 19 2 21 22 68 24 24 
1 259 19 2 5 21 22 143 8 37 144 24 24 
1 259 19 2 81 21 22 263 82 24 24 
1 259 19 2 354 21 22 68 24 24 
1 259 19 2 21 24 24 
1 259 19 2 21 22 68 24 24 
1 259 19 2 21 22 68 24 24 
1 259 19 2 21 22 68 24 24 
1 259 19 2 21 22 68 24 24 
1 259 19 2 21 22 68 24 24 
1 259 19 2 21 22 68 24 24 
1 259 19 2 21 22 68 24 24 
1 259 19 2 21 22 68 24 24 
1 259 19 2 21 22 68 24 24 
1 259 19 2 21 22 68 24 24 
1 259 19 2 21 22 68 24 24 
1 259 19 2 21 22 37 24 24 
1 259 19 2 133 21 22 68 24 24 
1 259 19 2 133 21 22 68 24 24 
1 259 19 2 133 21 22 68 24 24 
1 259 19 2 21 22 37 24 24 
1 259 19 2 21 22 37 24 24 
1 259 19 2 21 22 68 24 24 
1 259 19 2 81 21 22 82 24 24 
1 259 19 2 81 21 22 82 24 24 
1 259 19 2 81 21 22 82 24 24 
1 259 19 2 81 21 22 82 24 24 
1 259 19 2 81 21 22 82 24 24 
1 259 19 2 81 21 22 82 24 24 
1 259 19 2 81 21 22 82 24 24 
1 259 19 2 81 21 22 82 24 24 
1 259 19 2 81 21 22 82 24 24 
1 259 19 2 81 21 22 82 24 24 
1 259 19 2 81 21 22 82 24 24 
1 259 19 2 81 21 22 82 24 24 
1 259 19 2 81 21 22 82 24 24 
1 259 19 2 81 21 22 82 24 24 
1 259 19 2 81 21 22 82 24 24 
1 259 19 2 81 21 22 82 24 24 
1 259 19 2 81 21 22 82 24 24 
1 259 19 2 21 22 68 24 24 
1 259 19 2 81 21 22 82 24 24 
1 259 19 2 81 21 22 82 24 24 
1 259 19 2 354 21 22 68 24 24 
1 259 19 2 21 24 24 
1 259 19 2 21 22 68 24 24 
1 259 19 2 21 22 68 24 24 
1 259 19 2 559 21 22 68 24 24 
1 259 19 2 21 22 68 24 24 
1 259 19 2 21 22 68 24 24 
1 259 19 2 21 22 68 24 24 
1 259 19 2 21 22 68 24 24 