51 257 313 78 133 21 22 68 24 24 
51 257 313 78 133 21 22 68 24 24 
51 257 313 78 133 21 22 68 24 24 
51 257 313 78 133 21 22 68 24 24 
190 54 51 257 313 78 192 269 133 21 22 68 24 24 
51 257 313 78 133 21 22 68 24 24 
51 257 313 78 133 21 22 68 24 24 
51 257 313 78 133 21 22 68 24 24 
51 257 313 78 133 21 22 68 24 24 
51 257 313 78 133 21 22 68 24 24 
51 257 313 78 133 21 22 68 24 24 
51 257 313 78 133 21 22 68 24 24 
51 257 313 78 133 21 22 68 24 24 
51 257 313 78 133 21 22 68 24 24 
54 51 257 313 78 133 21 22 68 24 24 
51 257 313 78 133 21 22 68 24 24 
51 257 313 78 133 21 22 68 24 24 
51 257 313 78 133 21 22 68 24 24 
51 257 313 78 133 21 22 68 24 24 
51 257 313 78 133 21 22 68 24 24 
51 257 313 78 133 21 22 68 24 24 
53 54 51 257 313 78 133 21 22 68 24 24 
51 257 313 78 133 21 22 68 24 24 
51 257 313 78 133 21 22 68 24 24 
53 54 51 257 313 78 133 21 22 68 24 24 
51 257 348 350 349 313 78 351 133 21 22 68 24 24 
51 257 313 78 133 21 22 68 24 24 
51 257 313 78 133 21 22 68 24 24 
51 257 313 78 133 21 22 68 24 24 
51 257 313 78 21 22 68 24 24 
51 257 313 78 21 22 68 24 24 
51 257 313 78 21 22 68 24 24 
51 257 313 78 21 22 68 24 24 
51 257 313 78 21 22 68 24 24 
51 257 313 78 21 22 68 24 24 
51 257 313 78 21 22 68 24 24 
51 257 313 78 21 22 68 24 24 
51 257 313 78 21 22 68 24 24 
51 257 313 78 21 22 68 24 24 
51 257 313 78 21 22 68 24 24 
51 257 313 78 21 22 68 24 24 
51 257 313 78 21 22 68 24 24 
51 257 313 78 21 22 68 24 24 
51 257 313 78 21 22 68 24 24 
51 257 313 78 21 22 68 24 24 
51 257 313 78 21 22 68 24 24 
51 257 313 78 21 22 68 24 24 
51 257 313 78 21 22 68 24 24 
51 257 313 78 21 22 68 24 24 
51 257 313 78 21 22 68 24 24 
51 257 313 78 21 22 68 24 24 
51 257 313 78 21 22 68 24 24 
51 257 313 78 21 22 68 24 24 
51 257 313 78 21 22 68 24 24 
51 257 313 78 21 22 68 24 24 
51 257 313 78 21 22 68 24 24 
51 257 313 78 21 22 68 24 24 
51 257 313 78 21 22 68 24 24 
51 257 313 78 21 22 68 24 24 
51 257 313 78 21 22 68 24 24 
51 257 313 78 21 22 68 24 24 
51 257 313 78 21 22 68 24 24 
51 257 313 78 21 22 68 24 24 
51 257 313 78 21 22 68 24 24 
51 257 313 78 21 22 68 24 24 
51 257 313 78 21 22 68 24 24 
51 257 313 78 21 22 68 24 24 
51 257 313 78 21 22 68 24 24 
51 257 313 78 21 22 68 24 24 
51 257 313 78 21 22 68 24 24 
51 257 313 78 21 22 68 24 24 
51 257 313 78 21 22 68 24 24 
51 257 313 78 21 22 68 24 24 
51 257 313 78 21 22 68 24 24 
51 257 313 78 21 22 68 24 24 
51 257 42 313 78 21 22 68 24 24 
51 257 313 78 21 22 68 24 24 
51 257 313 78 21 22 68 24 24 
51 257 313 78 21 22 68 24 24 
51 257 313 78 21 22 68 24 24 
51 257 313 78 21 22 68 24 24 
51 257 313 78 21 22 68 24 24 
51 257 313 78 21 22 68 24 24 
51 257 313 78 21 22 68 24 24 
51 257 313 78 21 22 68 24 24 
51 257 313 78 21 22 68 24 24 
51 257 313 78 21 22 68 24 24 
51 257 313 78 21 22 68 24 24 
51 257 313 78 21 22 68 24 24 
51 257 313 78 21 22 68 24 24 
51 257 313 78 21 22 68 24 24 
51 257 313 78 21 22 68 24 24 
51 257 313 78 21 22 68 24 24 
51 257 313 78 21 22 68 24 24 
51 257 313 78 21 22 68 24 24 
51 257 313 78 21 22 68 24 24 
51 257 313 78 21 22 68 24 24 
51 257 313 78 21 22 68 24 24 
51 257 313 78 21 22 68 24 24 
51 257 313 78 21 22 68 24 24 
51 257 313 78 21 22 68 24 24 
51 257 313 78 21 22 68 24 24 
51 257 313 78 21 22 68 24 24 
51 257 313 78 21 22 68 24 24 
51 257 313 78 21 22 24 24 
51 257 313 78 21 22 24 24 
51 257 313 78 21 22 24 24 
51 257 313 78 21 22 24 24 
51 257 313 78 21 22 68 24 24 
51 257 313 78 21 22 68 24 24 
51 257 313 78 21 22 68 24 24 
51 257 313 78 21 22 68 24 24 
51 257 313 78 21 22 68 24 24 
51 257 313 78 21 22 68 24 24 
51 257 313 78 21 22 68 24 24 
51 257 313 78 21 22 68 24 24 
51 257 313 78 21 22 68 24 24 
51 257 313 78 21 22 68 24 24 
51 257 313 78 21 22 68 24 24 
51 257 313 78 21 22 68 24 24 
51 257 313 78 21 22 68 24 24 
51 257 313 78 21 22 68 24 24 
51 257 313 78 21 22 68 24 24 
51 257 313 78 21 22 68 24 24 
51 257 313 78 21 22 68 24 24 
51 257 313 78 21 22 68 24 24 
51 257 313 78 21 22 68 24 24 
51 257 313 78 21 22 68 24 24 
51 257 313 78 21 22 68 24 24 
51 257 313 78 21 22 68 24 24 
51 257 313 78 21 22 68 24 24 
51 257 313 78 21 22 68 24 24 
51 257 313 78 21 22 68 24 24 
51 257 313 78 21 22 68 24 24 
51 257 313 78 21 22 68 24 24 
51 257 313 78 21 22 68 24 24 
51 257 313 78 21 22 68 24 24 
51 257 313 78 21 22 68 24 24 
51 257 313 78 21 22 68 24 24 
51 257 313 78 21 22 68 24 24 
51 257 313 78 21 22 68 24 24 
51 257 313 78 21 22 68 24 24 
53 54 51 257 313 78 21 22 68 24 24 
51 257 313 78 21 22 68 24 24 
51 257 313 78 21 22 68 24 24 
51 257 313 78 21 22 24 24 
51 257 313 78 21 22 24 24 
51 257 313 78 21 22 24 24 
51 257 313 78 21 22 24 24 
51 257 313 78 21 22 24 24 
51 257 313 78 21 22 24 24 
51 257 42 313 78 21 22 24 24 
51 257 313 78 21 22 24 24 
51 257 313 78 21 22 24 24 
51 257 313 78 21 22 68 24 24 
51 257 313 78 21 22 68 24 24 
51 257 313 78 21 22 68 24 24 
51 257 313 78 21 22 68 24 24 
51 257 313 78 21 22 68 24 24 
51 257 313 78 21 22 68 24 24 
51 257 313 78 21 22 68 24 24 
51 257 313 78 21 22 68 24 24 
51 257 313 78 21 22 68 24 24 
51 257 313 78 21 22 68 24 24 
51 257 313 78 21 22 68 24 24 
51 257 313 78 21 22 68 24 24 
51 257 313 78 21 22 68 24 24 
51 257 313 78 21 22 68 24 24 
51 257 313 78 21 22 68 24 24 
51 257 313 78 21 22 68 24 24 
51 257 313 78 21 22 68 24 24 
51 257 313 78 21 22 68 24 24 
51 257 313 78 21 22 68 24 24 
190 54 51 257 313 78 192 269 21 22 68 24 24 
51 257 313 78 21 22 68 24 24 
51 257 313 78 21 22 68 24 24 
51 257 313 78 21 22 68 24 24 
51 257 313 78 21 22 68 24 24 
51 257 313 78 21 22 68 24 24 
51 257 313 78 21 22 68 24 24 
51 257 313 78 21 22 68 24 24 
51 257 313 78 21 22 68 24 24 
51 257 313 78 21 22 68 24 24 
51 257 313 78 21 22 68 24 24 
51 257 313 78 21 22 68 24 24 
51 257 313 78 21 22 68 24 24 
51 257 313 78 21 22 68 24 24 
51 257 313 78 21 22 68 24 24 
51 257 313 78 21 22 68 24 24 
51 257 313 78 21 22 68 24 24 
51 257 313 78 21 22 68 24 24 
51 257 313 78 21 22 68 24 24 
51 257 313 78 21 22 68 24 24 
51 257 313 78 21 22 68 24 24 
51 257 313 78 21 22 68 24 24 
51 257 313 78 21 22 68 24 24 
51 257 313 78 21 22 68 24 24 
51 257 313 78 21 22 68 24 24 
51 257 313 78 21 22 68 24 24 
51 257 313 78 21 22 68 24 24 
51 257 313 78 21 22 68 24 24 
51 257 313 78 21 22 68 24 24 
51 257 313 78 171 5 21 22 162 8 172 68 24 24 
51 257 313 78 171 5 21 22 162 8 172 68 24 24 
51 257 313 78 171 5 21 22 162 8 172 68 24 24 
51 257 313 78 171 5 21 22 162 8 172 68 24 24 
51 257 313 78 171 5 21 22 162 8 172 68 24 24 
51 257 313 78 28 21 22 24 80 79 24 
51 257 313 78 28 21 22 24 80 79 24 
51 257 313 78 21 22 68 24 24 
51 257 313 78 21 22 68 24 24 
51 257 313 78 21 22 68 24 24 
51 257 313 78 21 22 68 24 24 
51 257 313 78 21 22 68 24 24 
51 257 313 78 21 22 68 24 24 
51 257 313 78 21 22 68 24 24 
51 257 313 78 21 22 68 24 24 
51 257 313 78 21 22 68 24 24 
51 257 313 78 21 22 68 24 24 
51 257 313 78 21 22 68 24 24 
51 257 313 78 21 22 68 24 24 
51 257 313 78 21 22 68 24 24 
51 257 313 78 21 22 68 24 24 
51 257 313 78 21 22 68 24 24 
51 257 313 78 21 22 68 24 24 
51 257 313 78 21 22 68 24 24 
51 257 313 78 21 22 68 24 24 
190 54 51 257 313 78 192 269 21 22 68 24 24 
51 257 313 78 28 21 22 24 80 79 24 
51 257 313 78 21 22 68 24 24 
51 257 313 78 21 22 68 24 24 
51 257 313 78 21 22 68 24 24 
51 257 313 78 21 22 68 24 24 
51 257 313 78 21 22 68 24 24 
51 257 313 78 21 22 68 24 24 
51 257 313 78 21 22 68 24 24 
51 257 313 78 21 22 68 24 24 
51 257 313 78 21 22 68 24 24 
51 257 313 78 21 22 68 24 24 
51 257 313 78 21 22 68 24 24 
51 257 313 78 21 22 68 24 24 
51 257 313 78 28 21 22 24 24 
51 257 313 78 28 21 22 24 24 
51 257 313 78 28 21 22 24 80 79 24 
51 257 313 78 21 22 82 68 24 24 
51 257 313 78 21 22 82 68 24 24 
51 257 313 78 21 22 82 68 24 24 
51 257 313 78 21 22 82 68 24 24 
51 257 313 78 21 22 82 68 24 24 
51 257 313 78 21 22 82 68 24 24 
51 257 313 78 21 22 82 68 24 24 
51 257 313 78 21 22 82 68 24 24 
51 257 313 78 21 22 68 24 24 
51 257 313 78 21 22 68 24 24 
51 257 313 78 21 22 68 24 24 
51 257 313 78 21 22 68 24 24 
51 257 313 78 21 22 24 24 
51 257 313 78 21 22 68 24 24 
51 257 313 78 21 22 68 24 24 
51 257 313 78 21 22 68 24 24 
51 257 313 78 21 22 68 24 24 
51 257 313 78 21 22 68 24 24 
51 257 313 78 21 22 68 24 24 
51 257 313 78 21 22 68 24 24 
51 257 313 78 21 22 68 24 24 
51 257 313 78 21 22 68 24 24 
51 257 313 78 21 22 68 24 24 
51 257 313 78 21 22 68 24 24 
51 257 313 78 21 22 68 24 24 
51 257 313 78 21 22 68 24 24 
51 257 313 78 21 22 68 24 24 
51 257 313 78 21 22 68 24 24 
51 257 313 78 21 22 68 24 24 
51 257 313 78 21 22 68 24 24 
51 257 313 78 21 22 68 24 24 
51 257 313 78 21 22 68 24 24 
451 51 257 313 78 21 22 68 24 24 
51 257 313 78 21 22 68 24 24 
51 257 313 78 21 22 68 24 24 
51 257 313 78 21 22 68 24 24 
51 257 313 78 21 22 68 24 24 
51 257 313 78 21 22 68 24 24 
51 257 313 78 21 22 68 24 24 
51 257 313 78 21 22 68 24 24 
451 51 257 313 78 21 22 68 24 24 
51 257 313 78 21 22 68 24 24 
451 51 257 313 78 21 22 68 24 24 
51 257 313 78 21 22 68 24 24 
51 257 313 78 21 22 68 24 24 
51 257 313 78 21 22 68 24 24 
51 257 313 78 21 22 68 24 24 
51 257 313 78 21 22 68 24 24 
51 257 313 78 21 22 68 24 24 
51 257 313 78 21 22 68 24 24 
51 257 313 78 21 22 68 24 24 
51 257 313 78 21 22 82 68 24 24 
51 257 313 78 21 22 68 24 24 
51 257 313 78 21 22 68 24 24 
51 257 313 78 21 22 68 24 24 
51 257 313 78 21 22 68 24 24 
51 257 313 78 21 22 68 24 24 
51 257 313 78 21 22 68 24 24 
51 257 313 78 21 22 68 24 24 
51 257 313 78 21 22 68 24 24 
51 257 313 78 21 22 68 24 24 
51 257 313 78 21 22 68 24 24 
51 257 313 78 21 22 68 24 24 
51 257 313 78 21 22 68 24 24 
51 257 313 78 21 22 68 24 24 
51 257 313 78 21 22 68 24 24 
51 257 313 78 21 22 68 24 24 
451 51 257 313 78 21 22 68 24 24 
51 257 313 78 21 22 68 24 24 
451 51 257 313 78 21 22 68 24 24 
51 257 313 78 21 22 68 24 24 
51 257 313 78 21 22 68 24 24 
51 257 313 78 21 22 68 24 24 
51 257 313 78 21 22 68 24 24 
51 257 313 78 21 22 68 24 24 
51 257 313 78 21 22 68 24 24 
451 51 257 313 78 21 22 68 24 24 
51 257 313 78 21 22 68 24 24 
51 257 313 78 21 22 68 24 24 
51 257 313 78 21 22 68 24 24 
51 257 313 78 21 22 68 24 24 
451 51 257 313 78 21 22 68 24 24 
51 257 313 78 21 22 68 24 24 
51 257 313 78 21 22 68 24 24 
451 51 257 313 78 21 22 68 24 24 
51 257 313 78 21 22 68 24 24 
51 257 313 78 21 22 68 24 24 
51 257 313 78 21 22 68 24 24 
51 257 313 78 21 22 68 24 24 
51 257 313 78 21 22 68 24 24 
51 257 313 78 21 22 68 24 24 
451 51 257 313 78 21 22 68 24 24 
51 257 313 78 21 22 68 24 24 
51 257 313 78 28 21 22 24 80 79 24 
51 257 313 78 21 22 68 24 24 
51 257 313 78 21 22 68 24 24 
51 257 313 78 21 22 68 24 24 
51 257 313 78 21 22 68 24 24 
51 257 313 78 21 22 68 24 24 
51 257 313 78 21 22 68 24 24 
51 257 313 78 21 22 68 24 24 
51 257 313 78 21 22 68 24 24 
51 257 313 78 21 22 68 24 24 
51 257 313 78 21 22 68 24 24 
190 54 51 257 313 78 192 269 21 22 68 24 24 
51 257 313 78 21 22 68 24 24 
51 257 313 78 21 22 68 24 24 
51 257 313 78 21 22 68 24 24 
51 257 313 78 21 22 68 24 24 
51 257 313 78 21 22 68 24 24 
51 257 313 78 21 22 68 24 24 
451 51 257 313 78 21 22 68 24 24 
51 257 313 78 21 22 68 24 24 
51 257 313 78 21 22 68 24 24 
51 257 313 78 21 22 68 24 24 
51 257 313 78 28 21 22 24 80 79 24 
51 257 313 78 21 22 68 24 24 
51 257 313 78 21 22 68 24 24 
51 257 313 78 21 22 68 24 24 
51 257 313 78 21 22 68 24 24 
51 257 313 78 21 22 68 24 24 
51 257 313 78 21 22 68 24 24 