334 514 436 731 436 
334 514 436 731 436 
1 376 15 334 5 671 6 436 436 
1 376 15 334 5 671 6 436 436 
334 514 436 731 436 
334 514 436 731 436 
334 514 436 731 436 
334 514 436 731 436 
334 514 436 731 436 
334 514 436 731 436 
334 514 436 731 436 
334 514 5 6 436 731 436 
1 15 334 514 5 6 436 731 436 
334 514 5 6 436 731 436 
334 514 436 731 436 
1 15 334 16 514 436 731 436 
334 514 436 731 436 
334 514 436 731 436 
334 514 436 731 436 
376 334 5 671 6 436 436 
376 334 671 436 436 
376 334 671 436 436 
1 376 15 334 671 436 436 
376 334 671 436 436 
376 334 671 436 436 
376 334 671 436 436 
376 334 671 436 436 
1 376 15 334 671 436 436 
1 376 15 334 671 436 436 
376 334 671 436 436 
376 334 436 770 436 
334 514 436 731 436 
334 514 436 731 436 
334 38 39 514 436 731 436 
334 514 436 731 436 
334 514 436 731 436 
334 38 39 514 436 25 26 731 436 
334 514 436 25 26 731 436 
334 514 436 25 26 731 436 
334 38 39 514 436 25 26 731 436 
334 514 436 25 26 731 436 
334 514 436 25 26 731 436 
334 514 436 25 26 731 436 
334 38 39 514 436 25 26 731 436 
334 514 436 25 26 731 436 
334 514 436 25 26 731 436 
334 514 436 25 26 731 436 
1 15 334 514 436 25 26 731 436 
334 514 436 25 26 731 436 
334 514 5 6 436 731 436 
334 38 39 514 5 6 436 731 436 
1 15 334 514 5 6 436 731 436 
334 514 436 731 436 
334 514 436 731 436 
334 514 436 731 436 
1 15 334 514 436 731 436 
334 514 436 731 436 
334 514 436 731 436 
1 15 334 514 436 731 436 
1 15 334 514 436 25 26 731 436 
334 38 39 514 436 25 26 731 436 
1 15 334 514 436 25 26 731 436 
334 514 436 25 26 731 436 
334 514 436 25 26 731 436 
334 514 436 25 26 731 436 
334 514 436 25 26 731 436 
334 514 436 25 26 731 436 
334 514 436 25 26 731 436 
334 514 436 25 26 731 436 
334 38 39 514 436 25 26 731 436 
334 514 436 25 26 731 436 
334 514 436 25 26 731 436 
334 514 436 25 26 731 436 
1 15 334 514 436 731 436 
334 514 436 731 436 
334 514 436 731 436 
334 514 436 731 436 
334 514 436 731 436 
1 15 334 514 436 731 436 
1 15 334 514 436 731 436 
334 514 436 731 436 
334 514 436 731 436 
334 514 436 731 436 
334 514 436 731 436 
334 514 436 731 436 
334 514 436 731 436 
334 514 436 731 436 
334 514 436 731 436 
334 514 436 731 436 
334 514 436 731 436 
267 457 334 514 5 6 436 731 436 
376 334 671 436 436 
376 334 671 436 436 
1 376 15 334 202 671 436 436 
1 376 15 334 202 671 436 436 
1 376 15 334 202 671 436 436 
1 376 15 334 202 671 436 436 
376 334 671 436 436 
376 334 671 436 436 
334 514 436 731 436 
1 376 15 334 202 671 436 436 
376 334 671 436 436 
376 334 671 436 436 
376 334 671 436 436 
1 376 15 334 671 436 436 
376 334 671 436 436 
376 334 671 436 436 
376 334 671 436 436 
376 334 671 436 436 
376 334 671 436 436 
376 334 671 436 436 
376 334 671 436 436 
1 376 15 334 671 436 436 
376 334 671 436 436 
376 334 671 436 436 
1 376 15 334 671 436 436 
1 376 15 334 671 436 436 
1 376 15 334 671 436 436 
376 334 671 436 436 
1 376 15 334 671 436 436 
376 334 671 436 436 
1 15 334 514 436 731 436 
334 38 39 514 436 731 436 
334 514 436 731 436 
334 514 436 731 436 
334 514 436 731 436 
376 334 671 436 436 
376 334 671 436 436 
376 334 447 436 436 
334 514 436 731 436 
1 15 334 514 436 731 436 
334 514 436 731 436 
1 15 334 202 514 436 731 436 
334 38 39 514 436 731 436 
334 514 436 731 436 
1 15 334 514 436 731 436 
334 514 436 731 436 
1 15 334 514 436 731 436 
334 514 436 731 436 
334 514 436 731 436 
334 514 436 731 436 
334 514 436 731 436 
1 15 334 514 436 731 436 
51 334 514 436 731 436 
334 38 39 514 436 731 436 
334 514 436 731 436 
334 38 39 514 436 731 436 
334 38 39 514 436 731 436 
334 514 436 731 436 
334 514 436 731 436 
334 514 436 731 436 
334 514 436 731 436 
376 334 436 770 436 
334 38 39 514 5 6 436 731 436 
334 38 39 514 5 6 436 731 436 
334 514 5 6 436 731 436 
1 15 334 514 436 731 436 
334 514 5 6 436 731 436 
334 514 5 6 436 731 436 
334 514 5 6 436 731 436 
1 15 334 514 5 6 436 731 436 
334 514 5 6 436 731 436 
334 514 5 6 436 731 436 
334 514 5 6 436 731 436 
334 514 5 6 436 731 436 
334 514 5 6 436 731 436 
334 514 5 6 436 731 436 
334 514 5 6 436 731 436 
1 376 15 334 671 436 436 
1 376 15 334 671 436 436 
376 334 671 436 436 
376 334 671 436 436 
334 514 436 731 436 
334 514 436 731 436 
334 514 436 25 26 731 436 
334 514 436 25 26 731 436 
334 514 436 25 26 731 436 
1 15 334 514 436 25 26 731 436 
334 514 436 731 436 
334 514 436 731 436 
334 514 436 731 436 
1 15 334 514 436 731 436 
1 15 334 514 436 731 436 
1 376 15 334 671 436 436 
376 334 671 436 436 
334 38 39 514 436 25 26 731 436 
334 145 42 514 436 25 26 731 436 
376 334 671 436 436 
1 376 15 334 671 436 436 
376 334 671 436 436 
376 334 671 436 436 
376 334 671 436 436 
376 334 671 436 436 
376 334 671 436 436 
376 334 671 436 436 
376 334 5 671 6 436 436 
376 334 5 671 6 436 436 
334 514 436 731 436 
334 38 39 514 5 6 436 731 436 
376 334 42 671 436 436 
334 38 39 514 436 25 26 731 436 
334 514 436 25 26 731 436 
334 38 39 514 436 25 26 731 436 
334 514 436 25 26 731 436 
334 514 436 25 26 731 436 
376 334 5 671 6 436 23 436 
376 334 5 671 6 436 23 436 
1 376 15 334 5 671 6 436 23 436 
376 334 5 671 6 436 23 436 
376 334 5 671 6 436 23 436 
1 376 15 334 5 671 6 436 23 436 
376 334 5 671 6 436 23 436 
334 514 436 731 436 
334 514 436 731 436 
334 514 436 731 436 
334 514 5 6 436 731 436 
334 514 5 6 436 731 436 
334 514 5 6 436 731 436 
1 15 334 514 436 731 436 
334 514 436 731 436 
334 514 436 731 436 
334 514 436 731 436 
334 514 436 731 436 
334 514 436 731 436 
334 514 436 731 436 
334 514 436 731 436 
376 334 671 436 436 
376 334 671 436 436 
376 334 671 436 436 
376 334 671 436 436 
376 334 671 436 436 
376 334 671 436 436 
1 376 15 334 671 436 436 
1 376 15 334 671 436 436 
376 334 671 436 436 
1 376 15 334 671 436 436 
1 376 15 334 671 436 436 
1 376 15 334 671 436 436 
376 334 671 436 436 
376 334 671 436 436 
376 334 671 436 436 
376 334 671 436 436 
1 376 15 334 671 436 436 
376 334 671 436 436 
376 334 671 436 436 
376 334 671 436 436 
376 334 671 436 436 
376 334 671 436 436 
376 334 671 436 436 
376 334 671 436 436 
376 334 671 436 436 
376 334 671 436 436 
376 334 671 436 436 
376 334 671 436 436 
376 334 671 436 436 
376 334 671 436 436 
376 334 671 436 436 
376 334 671 436 436 
376 334 671 436 436 
1 376 15 334 671 436 436 
1 376 15 334 671 436 436 
376 334 671 436 436 
376 334 671 436 436 
376 334 671 436 436 
1 376 15 334 671 436 436 
334 514 5 6 436 518 436 
334 514 5 6 436 518 436 
334 514 5 6 436 518 436 
376 51 334 671 436 436 
1 376 15 334 671 436 436 
1 15 334 514 436 731 436 
334 514 436 731 436 
51 334 514 436 731 436 
334 514 436 731 436 
334 514 436 731 436 
334 514 436 731 436 
334 38 39 514 436 731 436 
334 514 436 731 436 
334 514 436 731 436 
376 334 671 436 436 
376 334 671 436 436 
376 334 671 436 436 
376 334 671 436 436 
376 334 671 436 436 
334 514 436 731 436 
334 514 436 731 436 
1 15 334 514 436 731 436 
334 514 436 731 436 
376 334 671 436 436 
376 334 671 436 436 
376 334 671 436 436 
376 334 671 436 436 
1 376 15 334 671 436 436 
1 376 15 334 671 436 436 
1 376 15 334 5 671 6 436 436 
376 334 5 671 6 436 436 
376 334 5 671 6 436 436 
376 334 5 671 6 436 436 
376 334 5 671 6 436 436 
376 334 5 671 6 436 436 
376 334 5 671 6 436 436 
376 334 5 671 6 436 436 
376 334 5 671 6 436 436 
376 334 5 671 6 436 436 
376 334 5 671 6 436 436 
376 334 5 671 6 436 436 
376 334 5 671 6 436 436 
376 334 5 671 6 436 436 
376 334 5 671 6 436 436 
376 334 5 671 6 436 436 
376 334 5 671 6 436 436 
1 376 15 334 5 671 6 436 436 
1 376 15 334 5 671 6 436 436 
376 334 5 671 6 436 436 
1 376 15 334 5 671 6 436 436 
1 376 15 334 5 671 6 436 436 
1 376 15 334 5 671 6 436 436 
376 334 671 436 436 
376 334 671 436 436 
376 334 671 436 436 
376 334 671 436 436 
376 334 671 436 436 
334 514 436 731 436 
376 334 671 436 436 
376 334 671 436 436 
376 334 671 436 436 
376 334 671 436 436 
376 334 671 436 436 
376 334 671 436 436 
376 334 671 436 436 
376 334 671 436 436 
376 334 671 436 436 
1 376 15 334 671 436 436 
1 15 334 514 436 731 436 
1 15 334 514 436 731 436 
376 334 671 436 436 
376 334 671 436 436 
376 334 5 671 6 436 436 
376 334 5 671 6 436 436 
1 376 15 334 5 671 6 436 436 
1 376 15 334 5 671 6 436 436 
376 334 671 436 436 
1 376 15 334 5 671 6 436 436 
334 38 39 514 436 25 26 731 436 
334 145 42 514 436 25 26 731 436 
334 38 39 514 436 25 26 731 436 
1 376 15 334 16 671 436 436 
334 514 436 731 436 
334 514 436 731 436 
1 15 334 514 436 731 436 
334 514 436 731 436 
334 514 436 731 436 
334 514 436 731 436 
334 514 436 731 436 
334 514 436 731 436 
376 334 5 671 6 436 23 436 
376 334 42 5 671 6 436 23 436 
334 38 39 514 5 6 436 23 436 
334 514 436 731 436 
334 514 436 731 436 
334 38 39 514 436 731 436 
334 514 436 731 436 
1 15 334 514 436 731 436 
1 15 334 514 436 731 436 
334 514 436 731 436 
1 15 334 514 436 731 436 
334 514 436 731 436 
376 334 447 436 436 
334 514 436 731 436 
334 514 436 731 436 
334 514 5 6 436 731 436 
1 15 334 514 5 6 436 731 436 
334 514 5 6 436 731 436 
334 514 5 6 436 731 436 
334 514 5 6 436 731 436 
334 514 5 6 436 731 436 
334 514 5 6 436 731 436 
334 514 5 6 436 731 436 
334 514 436 731 436 
334 514 436 731 436 
1 15 334 514 436 731 436 
334 514 436 731 436 
334 514 436 731 436 
376 334 671 436 436 
1 376 15 334 671 436 436 
376 54 51 334 222 192 671 436 436 
334 514 436 731 436 
334 514 436 731 436 
334 514 436 731 436 
334 514 436 731 436 
1 15 334 514 436 731 436 
1 15 334 514 436 731 436 
1 15 334 514 436 731 436 
1 15 334 514 436 731 436 
1 15 334 514 436 731 436 
1 15 334 514 436 731 436 
334 514 436 731 436 
334 514 436 731 436 
376 334 671 436 436 
334 514 436 731 436 
334 514 436 731 436 
51 334 514 436 731 436 
97 1 19 334 2 305 514 436 731 436 
334 514 436 731 436 
334 514 436 731 436 
334 514 436 731 436 
334 38 39 514 436 731 436 
334 514 436 731 436 
376 334 447 436 436 
376 334 447 436 436 
376 334 671 436 436 
376 334 5 671 6 436 436 
376 334 5 671 6 436 436 
1 376 15 334 5 671 6 436 436 
1 376 15 334 5 671 6 436 436 
376 334 171 5 671 162 436 8 416 436 
376 334 171 5 671 162 436 8 416 436 
376 334 171 5 671 162 436 8 416 436 
376 334 671 436 436 
376 334 671 436 436 
1 376 15 334 671 436 436 
1 376 15 334 671 436 436 
376 334 671 436 436 
376 334 671 436 436 
1 376 15 334 671 436 436 
376 334 671 436 436 
334 514 436 731 436 
334 514 436 731 436 
1 15 334 514 436 731 436 
1 15 334 514 436 731 436 
376 334 671 436 436 
376 334 671 436 436 
334 38 39 514 436 731 436 
1 15 334 514 436 731 436 
334 514 436 731 436 
334 514 5 6 436 23 731 436 
1 15 334 514 5 6 436 23 731 436 
1 15 334 514 436 731 436 
334 514 436 731 436 
1 15 334 514 5 6 436 731 436 
1 15 334 514 5 6 436 731 436 
1 15 334 514 5 6 436 731 436 
334 514 5 6 436 731 436 
1 15 334 514 5 6 436 731 436 
334 514 436 731 436 
334 514 436 731 436 
1 15 334 514 436 25 26 731 436 
334 514 436 25 26 731 436 
376 334 671 436 436 
376 334 671 436 436 
184 1 376 15 334 185 671 436 436 
334 514 436 731 436 
334 514 436 731 436 
334 514 436 731 436 
334 514 436 731 436 
334 514 436 731 436 
334 514 436 731 436 
1 15 334 514 436 731 436 
334 514 436 731 436 
334 514 436 731 436 
334 514 436 731 436 
334 514 436 731 436 
334 514 436 731 436 
334 514 436 731 436 
334 514 436 731 436 
334 514 436 731 436 
334 514 436 731 436 
334 514 436 731 436 
334 514 436 731 436 
334 514 436 731 436 
376 334 671 436 436 
376 334 671 436 436 
334 514 436 731 436 
334 514 436 731 436 
334 514 436 731 436 
334 514 436 731 436 
376 334 671 436 436 
376 334 671 436 436 
376 334 671 436 436 
334 514 436 731 436 
334 514 436 731 436 
334 514 436 731 436 
376 334 671 436 436 
376 334 5 671 6 436 436 
1 376 15 334 5 671 6 436 436 
376 334 436 436 
376 334 671 436 436 
1 15 334 514 436 731 436 
376 334 5 671 6 436 436 
376 334 5 671 6 436 436 
376 334 5 671 6 436 436 
376 334 671 436 436 
376 334 671 436 436 
376 334 5 671 6 436 436 
376 334 671 436 436 
334 514 436 731 436 
1 15 334 514 436 731 436 
334 514 436 731 436 
334 514 436 731 436 
376 334 671 436 436 
1 376 15 334 671 436 436 
334 514 91 5 6 436 92 731 436 
334 514 436 731 436 
334 514 436 25 26 731 436 
267 457 334 514 436 25 26 731 436 
376 334 671 436 436 
334 514 436 731 436 
334 514 489 436 36 731 436 
376 334 671 436 436 
376 334 671 436 436 
376 334 671 436 436 
376 334 671 436 436 
1 376 15 334 5 671 6 436 436 
376 334 671 436 436 
1 376 15 334 202 5 671 6 436 436 
1 376 15 334 5 671 6 436 436 
334 514 436 436 
376 334 5 671 6 436 436 
376 334 5 671 6 436 436 
376 334 5 671 6 436 436 
334 514 436 731 436 
1 15 334 514 436 731 436 
1 15 334 514 436 731 436 
334 514 436 731 436 
334 38 39 514 436 731 436 
184 1 15 334 185 514 436 731 436 
376 334 5 671 6 436 436 
1 376 15 334 5 671 6 436 436 
376 334 5 671 6 436 436 
376 334 5 671 6 436 436 
1 15 334 514 436 731 436 
376 334 671 436 436 
376 334 5 671 6 436 436 
376 334 5 671 6 436 436 
376 334 5 671 6 436 436 
334 514 21 436 731 436 
1 15 334 514 21 436 731 436 
186 334 514 21 436 731 436 
334 514 436 731 436 
334 514 436 731 436 
334 514 436 731 436 
334 514 436 731 436 
334 514 436 731 436 
334 514 436 731 436 
334 514 436 731 436 
334 514 436 731 436 
334 38 39 514 436 731 436 
334 514 436 731 436 
334 514 171 5 162 436 8 416 731 436 
334 514 436 731 436 
334 514 436 731 436 
334 514 436 731 436 
334 514 436 731 436 
334 514 436 731 436 
334 514 436 731 436 
334 514 436 731 436 
376 334 671 436 436 
376 334 671 436 436 
1 15 334 514 436 25 26 731 436 
1 15 334 514 436 25 26 731 436 
376 334 671 436 436 
334 514 436 731 436 
334 514 436 731 436 
334 514 5 6 436 731 436 
376 51 334 5 671 6 436 9 436 
376 334 5 671 6 436 436 
376 334 671 436 436 
1 376 15 334 671 436 436 
376 334 671 436 36 436 
376 334 671 436 436 
334 514 436 436 
334 514 436 731 436 
334 514 436 731 436 
334 514 436 731 436 
334 514 436 731 436 
334 514 436 731 436 
376 334 5 671 6 436 436 
1 15 334 202 514 436 731 436 
376 334 671 436 436 
376 334 5 671 6 436 436 
376 334 436 436 