74 51 257 540 77 78 690 
74 51 257 540 77 313 78 690 
74 51 257 540 77 313 78 690 
74 51 257 540 77 313 78 690 
74 51 257 540 77 313 78 690 
74 51 257 540 77 313 78 690 
74 51 257 540 77 313 78 690 
74 51 257 540 77 313 78 690 
74 51 257 540 77 313 78 690 
74 51 257 540 77 313 78 690 
74 51 257 540 77 313 78 690 
74 51 257 540 77 313 78 690 
74 51 257 540 77 313 78 690 
74 51 257 540 77 313 78 690 
74 51 257 540 77 313 78 690 
74 51 257 540 77 313 78 690 
74 51 257 540 77 313 78 690 
74 51 257 540 77 313 78 690 
74 51 257 540 77 313 78 690 
74 51 257 540 77 313 78 690 
74 51 257 540 77 313 78 690 
74 51 257 540 77 313 78 690 
74 51 257 540 77 313 78 690 
74 51 257 540 77 313 78 690 
74 51 257 540 77 313 78 690 
74 51 257 540 77 313 78 690 
74 51 257 540 77 313 78 690 
74 51 257 540 77 313 78 690 
74 51 257 540 77 313 78 690 
74 51 257 540 77 313 78 690 
74 51 257 540 77 313 78 690 
74 51 257 540 77 313 78 690 
51 257 540 313 78 690 
74 51 257 540 77 313 78 690 
74 51 257 540 77 78 690 
51 257 540 313 78 690 
184 1 74 15 51 257 185 540 77 78 690 
74 51 257 540 77 313 78 690 
51 257 540 313 78 690 
1 74 15 51 257 540 77 78 690 
74 51 257 540 77 313 78 690 
74 51 257 540 77 313 78 690 
51 257 540 313 78 690 
74 51 257 540 77 313 78 690 
74 51 257 540 77 313 78 690 
51 257 540 313 78 690 
51 257 540 313 78 690 
74 51 257 540 77 313 78 690 
51 257 540 313 78 690 
74 53 54 51 257 540 77 78 690 
51 257 540 313 78 690 
51 257 540 313 78 690 
74 51 257 540 77 78 690 
74 51 257 540 77 78 690 
74 51 257 540 77 78 690 
74 51 257 540 77 78 690 
74 51 257 540 77 78 690 
74 51 257 540 77 78 690 
74 51 257 540 77 78 690 
74 51 257 540 77 78 690 
74 51 257 540 77 78 690 
51 257 540 313 78 690 
74 51 257 540 77 78 690 
51 257 540 313 78 690 
74 51 257 540 77 313 78 690 
74 51 257 540 77 313 78 690 