1 15 401 400 5 8 8 
1 15 114 5 8 35 8 
1 442 15 401 400 5 8 8 
1 15 401 400 5 8 8 
1 15 401 400 5 8 120 8 
1 15 401 400 5 177 112 8 113 8 
1 15 401 400 5 8 120 8 
1 15 401 400 5 8 120 8 
1 15 401 400 5 112 8 113 8 
1 15 401 400 5 8 35 8 
1 15 114 5 8 35 8 
1 15 401 400 5 101 8 208 8 
1 15 401 400 5 6 63 8 8 
1 15 114 5 8 35 8 
1 15 401 400 5 6 8 61 8 
1 15 401 400 5 8 8 
1 15 401 400 5 8 8 
1 15 114 5 8 35 8 
1 15 401 400 5 8 8 
1 15 401 400 5 8 8 
1 15 401 400 5 8 8 
1 15 401 400 5 6 63 64 8 8 
1 15 401 400 5 8 8 
1 15 401 400 5 8 8 
1 15 401 400 5 27 28 21 232 8 233 8 
1 442 15 401 400 5 8 8 
1 15 401 400 5 101 8 208 8 
1 15 401 400 5 8 8 
1 15 401 400 5 8 8 
1 15 401 400 5 8 8 
1 15 401 400 5 8 35 8 
1 15 401 400 5 6 8 8 
1 15 401 400 5 6 8 8 
1 15 401 400 5 6 8 8 
1 15 401 400 5 6 8 8 
1 15 401 400 2 5 6 8 8 
1 15 401 400 5 6 8 8 
1 15 401 400 5 6 8 8 
1 15 401 400 5 6 8 8 
1 15 401 400 5 6 8 8 
1 15 401 400 5 6 8 8 
1 15 401 400 5 6 8 8 
1 15 401 400 5 6 8 8 
1 15 401 400 5 6 8 8 
1 15 401 400 5 6 8 8 
1 15 401 400 5 6 8 8 
1 15 401 400 5 6 8 8 
1 15 401 400 5 6 8 8 
1 15 401 400 5 6 8 8 
1 442 15 401 400 5 6 8 8 
1 15 401 400 5 6 8 8 
1 15 401 400 5 6 8 8 
1 442 15 401 400 5 6 8 8 
1 442 15 401 400 5 6 8 8 
1 15 401 400 5 6 8 8 
1 442 15 401 400 5 6 8 8 
1 15 401 400 5 6 8 8 
1 15 401 400 5 8 8 
1 15 401 400 5 8 8 
1 15 401 400 5 8 8 
1 15 401 400 5 8 8 
1 15 401 400 5 8 8 
1 15 114 5 8 8 
1 15 114 5 8 8 
1 15 114 5 8 8 
1 15 401 400 5 177 112 8 113 8 
1 15 401 400 5 8 8 
1 15 401 400 5 8 8 
1 15 401 400 5 8 8 
1 184 15 185 114 5 8 8 
1 15 401 400 5 8 8 
1 15 114 5 101 8 8 
1 15 401 400 5 232 8 233 8 
1 15 202 114 234 5 8 8 
1 15 401 400 5 8 8 
1 15 401 400 5 232 8 233 8 
1 15 401 400 5 8 8 
1 15 401 400 5 8 8 
1 15 401 400 5 8 8 
1 15 401 400 5 232 8 233 8 
1 15 114 5 8 8 
1 15 114 5 8 35 8 
1 15 401 400 5 162 221 8 8 
1 15 401 400 5 8 8 
1 15 114 5 101 8 8 
1 15 114 5 8 8 
1 15 114 5 6 8 8 
1 15 114 5 8 8 
1 15 2 114 5 8 35 8 
1 15 401 400 5 8 8 
1 15 401 400 5 231 8 8 
1 15 401 400 5 8 8 
1 15 401 400 5 8 8 
1 15 401 400 5 8 8 
1 15 114 5 101 8 102 8 
1 15 401 400 5 6 8 61 8 
1 15 114 5 189 8 144 8 
1 15 114 5 101 8 8 
1 15 401 400 5 8 8 
1 15 401 400 5 8 8 
1 15 401 400 5 8 35 8 
1 15 401 400 5 8 35 8 
1 15 401 400 5 62 6 63 8 8 
1 15 401 400 5 27 28 21 232 8 8 
1 15 114 5 8 35 8 
1 15 114 5 101 8 8 
1 15 401 400 5 8 8 
1 442 15 401 400 177 5 112 8 113 8 
1 15 401 400 5 8 8 
1 15 401 400 43 5 8 8 
1 15 401 400 5 8 8 
1 15 401 400 5 528 8 8 
1 15 401 400 5 528 8 8 
1 15 401 400 5 8 8 
1 15 114 5 101 8 8 
1 15 401 400 5 8 8 
1 15 51 114 78 5 8 35 8 
1 15 114 5 8 8 
1 15 401 400 5 8 8 
1 15 114 5 101 8 102 8 
1 15 401 400 5 8 8 
1 15 114 5 8 35 8 
1 15 114 5 8 35 8 
1 15 401 400 5 112 8 113 8 
1 15 114 5 8 35 8 
1 15 401 400 5 28 6 21 8 61 8 
1 15 401 400 5 28 6 21 8 61 8 
1 15 401 400 5 8 35 8 
1 15 401 400 5 6 21 22 8 24 8 
1 15 401 400 5 8 8 
1 15 114 5 8 35 8 
1 15 114 5 8 35 8 
1 15 401 400 5 6 8 61 8 
1 15 114 5 8 35 8 
1 15 401 400 5 8 8 
1 15 114 5 8 8 
1 15 401 400 5 8 8 
1 15 401 400 5 8 8 
1 15 401 400 5 8 8 
1 15 401 400 5 8 8 
1 442 15 401 400 5 8 8 
1 15 114 5 8 8 
1 15 114 5 8 8 
1 15 202 114 234 5 8 35 8 
1 15 114 5 8 35 8 
1 15 114 5 8 8 
1 15 401 400 5 6 21 8 68 24 8 
1 184 15 185 114 5 8 8 
1 15 401 400 5 6 63 8 8 
1 15 401 400 5 6 63 8 8 
1 15 401 400 5 8 10 8 
1 15 114 5 8 35 8 
1 15 114 5 8 35 8 
1 15 401 400 5 62 6 63 64 8 8 
1 15 401 400 5 525 8 526 120 8 
1 15 401 400 5 8 8 
1 15 401 400 5 232 8 8 
1 15 401 400 5 8 8 
1 15 401 400 5 62 6 63 8 8 
1 15 401 400 5 6 63 8 35 8 
1 15 401 400 5 8 8 
1 15 401 400 5 8 35 8 
1 15 401 400 5 8 8 
1 15 114 5 8 35 8 
1 15 401 400 5 232 8 233 8 
1 15 401 400 5 8 8 
1 15 202 114 234 5 8 35 8 
1 15 401 400 5 8 12 8 
1 15 114 5 101 8 8 
1 15 401 400 5 8 8 
1 15 401 400 5 6 8 61 8 
1 15 114 5 6 101 8 87 8 
1 15 114 5 8 8 
1 15 114 5 8 35 8 
1 15 114 5 6 8 87 8 
1 15 114 5 101 8 8 
1 15 401 400 5 6 63 64 8 8 
1 15 401 400 5 8 8 
1 15 401 400 5 8 8 
1 15 401 400 5 8 120 8 
1 15 114 5 8 8 
1 15 401 400 5 231 8 8 
1 15 114 5 8 8 
1 15 401 400 5 62 6 63 8 8 
1 15 401 400 5 8 8 
1 15 401 400 5 8 8 
1 15 401 400 5 8 8 
1 15 401 400 5 8 8 
1 15 401 400 5 8 8 
1 15 401 400 5 8 8 
1 15 401 400 5 101 8 8 
1 15 114 5 8 8 
1 15 401 400 5 8 8 
1 15 114 5 8 8 
1 15 401 400 5 232 8 233 8 
1 15 401 400 5 232 8 233 8 
1 15 401 400 5 8 8 
1 15 202 114 234 5 8 8 
1 15 114 5 8 35 8 
1 15 401 400 5 8 8 
1 53 54 15 51 401 400 5 8 8 
1 15 401 400 5 8 8 
1 15 114 5 8 8 
1 15 114 5 8 8 
1 15 401 400 5 8 8 
1 15 401 400 5 8 35 8 
1 15 401 400 5 162 8 198 8 
1 15 114 5 8 8 
1 15 114 5 8 8 
1 15 114 5 8 8 
1 15 114 5 8 8 
1 15 114 5 8 8 
1 15 401 400 5 8 8 
1 15 401 400 5 8 8 
1 15 401 400 5 8 8 
1 15 401 400 5 8 8 
1 15 114 5 8 8 
1 442 15 401 400 5 8 8 
1 15 401 400 2 5 8 8 
1 15 114 5 8 8 
1 15 401 400 5 8 8 
1 15 401 400 5 8 8 
1 15 401 400 5 8 8 
1 15 401 400 5 8 8 
1 15 401 400 5 8 8 
1 15 114 5 8 8 
1 15 401 400 5 8 8 
1 15 114 5 8 8 
1 15 114 5 8 8 
1 15 114 5 8 8 
1 15 401 400 5 8 8 
1 15 401 400 5 8 8 
1 15 401 400 5 8 8 
1 15 114 5 8 8 
1 15 114 5 8 8 
1 15 401 400 5 8 8 
1 15 401 400 5 8 8 
1 15 114 5 8 8 
1 15 401 400 5 8 8 
1 15 114 5 8 8 
1 15 401 400 5 8 8 
1 15 114 5 8 8 
1 15 401 400 5 8 8 
1 15 114 5 8 8 
1 15 114 5 8 8 
1 15 401 400 5 8 8 
1 15 401 400 5 8 8 
1 15 114 5 8 8 
1 15 114 5 8 8 
1 15 401 400 5 8 8 