179 343 57 56 181 5 162 8 188 162 
179 343 57 56 181 5 162 8 188 162 
179 343 57 56 181 5 162 8 188 162 
179 343 57 56 181 5 162 8 188 162 
179 343 57 56 181 5 162 8 188 162 
179 343 57 56 181 5 162 8 188 162 
179 343 57 56 181 5 162 8 188 162 
179 343 57 56 181 5 162 8 188 162 
179 343 57 56 181 5 162 8 188 162 
179 343 57 56 181 5 162 8 188 162 
179 343 57 56 181 5 162 8 188 162 
179 343 57 56 181 5 162 8 188 162 
1 179 15 343 57 56 181 5 162 8 188 162 
179 343 57 56 181 5 162 8 188 162 
179 343 57 56 181 5 162 8 188 162 
179 343 57 56 181 5 162 8 188 162 
1 179 15 343 57 56 181 5 162 8 188 162 
179 343 57 56 181 5 162 8 188 162 
1 179 15 343 57 56 181 5 162 8 188 162 
179 343 57 56 181 5 162 8 188 162 
179 343 57 56 181 5 162 8 188 162 
1 179 15 343 57 56 181 5 162 8 188 162 
179 343 57 56 181 5 162 8 188 162 
179 343 57 56 181 5 162 8 188 162 
179 343 57 56 181 5 162 8 188 162 
179 343 57 56 181 5 162 8 188 162 
179 343 57 56 181 5 162 8 188 162 
179 343 57 56 181 5 162 8 188 162 
179 343 57 56 181 5 162 8 188 162 
1 179 15 343 57 56 181 5 162 8 188 162 
179 343 57 56 181 5 162 8 188 162 
179 343 57 56 181 5 162 8 188 162 
179 343 57 56 181 5 162 8 188 162 
179 343 57 56 181 5 162 8 188 162 
179 343 57 56 181 5 162 8 188 162 
179 343 57 56 181 5 162 8 188 162 
179 343 57 56 181 5 162 8 188 162 
179 343 57 56 181 5 162 8 188 162 
179 343 57 56 181 5 162 8 188 162 
179 343 57 56 181 5 162 8 188 162 
179 343 57 56 181 5 162 8 188 162 
179 343 57 56 648 181 5 162 8 188 162 
179 343 57 56 181 5 162 8 188 162 
179 343 57 56 181 5 162 8 188 162 
179 343 57 56 181 5 162 8 188 162 
179 343 57 56 181 5 162 8 188 162 
179 343 57 56 181 5 162 8 188 162 
179 343 57 56 181 5 162 8 188 162 
179 343 57 56 181 5 162 8 188 162 
179 343 57 56 181 5 162 8 188 162 
179 343 57 56 181 5 162 8 188 162 
179 343 57 56 181 5 162 8 188 162 
179 343 57 56 181 5 162 8 188 162 
179 343 57 56 181 5 162 8 188 162 
179 343 57 56 181 5 162 8 188 162 
179 343 57 56 181 5 162 8 188 162 
179 343 57 56 181 5 162 8 188 162 
179 343 57 56 181 5 162 8 188 162 
179 343 57 56 181 5 162 8 188 162 
179 343 57 56 181 5 162 8 188 162 
179 343 57 56 181 5 162 8 188 162 
179 343 57 56 181 5 162 8 188 162 
179 343 57 56 181 5 162 8 188 162 
179 343 57 56 181 5 162 8 188 162 
179 343 57 56 181 5 162 8 188 162 
179 343 57 56 181 5 162 8 188 162 
179 343 57 56 181 5 162 8 188 162 
179 343 57 56 648 181 5 162 8 188 162 
179 343 57 56 181 5 162 8 188 162 
1 179 15 343 57 56 181 5 162 8 188 162 
179 343 57 56 181 5 162 8 188 162 
179 343 57 56 181 5 162 8 188 162 
179 343 57 56 181 5 162 8 188 162 
179 343 57 56 648 181 5 162 8 188 162 
179 343 57 56 181 5 162 8 188 162 
179 343 57 56 181 5 162 8 188 162 
179 343 57 56 181 5 162 8 188 162 
179 343 57 56 181 5 162 8 188 162 
179 343 57 56 181 5 162 8 188 162 
179 343 57 56 181 5 162 8 188 162 
179 343 57 56 181 5 162 8 188 162 
179 343 57 56 181 5 162 8 188 162 
179 343 57 56 181 5 162 8 188 162 
179 343 57 56 181 5 162 8 188 162 
179 343 57 56 181 5 162 8 188 162 
179 343 57 56 181 5 162 8 188 162 
179 343 57 56 181 5 162 8 188 162 
179 343 57 56 181 5 162 8 188 162 
179 343 57 56 181 5 162 8 188 162 
179 343 57 56 181 5 162 8 188 162 
179 343 57 56 181 5 162 8 188 162 
179 343 57 56 181 5 162 8 188 162 
179 343 57 56 648 181 5 162 8 188 162 
179 343 57 56 181 5 162 8 188 162 
179 343 57 56 648 181 5 162 8 188 162 
179 343 57 56 181 5 162 8 188 162 
179 343 57 56 181 5 162 8 188 162 
179 343 57 56 181 5 162 8 188 162 
179 343 57 56 181 5 162 8 188 162 
179 343 57 56 181 5 162 8 188 162 
179 343 57 56 181 5 162 8 188 162 
179 343 57 56 181 5 162 8 188 162 
179 343 57 56 181 5 162 8 188 162 
179 343 57 56 181 5 162 8 188 162 
179 343 57 56 181 5 162 8 188 162 
179 343 57 56 181 5 162 8 188 162 
179 343 57 56 181 5 162 8 188 162 
179 343 57 56 181 5 162 8 188 162 
179 343 57 56 648 181 5 162 8 188 162 
179 343 57 56 181 5 162 8 188 162 
179 343 57 56 181 5 162 8 188 162 
179 343 57 56 181 5 162 8 188 162 
179 343 57 56 181 5 162 8 188 162 
179 343 57 56 181 5 162 8 188 162 
179 343 57 56 181 5 162 8 188 162 
179 343 57 56 181 5 162 8 188 162 
179 343 57 56 181 5 162 8 188 162 
179 343 57 56 181 5 162 8 188 162 
179 343 57 56 181 5 162 8 188 162 
179 343 57 56 181 5 162 8 188 162 
179 343 57 56 181 5 162 8 188 162 
179 343 57 56 181 5 162 8 188 162 
179 343 57 56 181 5 162 8 188 162 
179 343 57 56 181 5 162 8 188 162 
179 343 57 56 181 5 162 8 188 162 
179 343 57 56 181 5 162 8 188 162 
179 343 57 56 181 5 162 8 188 162 
179 343 57 56 181 5 162 8 188 162 
179 343 57 56 181 5 162 8 188 162 
179 343 57 56 181 5 162 8 188 162 
179 343 57 56 181 5 162 8 188 162 
179 343 57 56 181 5 162 8 188 162 
179 343 57 56 181 5 162 8 188 162 
179 343 57 56 181 5 162 8 188 162 
179 343 57 56 181 5 162 8 188 162 
179 343 57 56 181 5 162 8 188 162 
179 343 57 56 181 5 162 8 188 162 
179 343 57 56 181 5 162 8 188 162 
179 343 57 56 648 181 5 162 8 188 162 
179 343 57 56 181 5 162 8 188 162 
179 343 57 56 181 5 162 8 188 162 
1 179 15 343 57 56 181 5 162 8 188 162 
179 343 57 56 181 5 162 8 188 162 
179 343 57 56 181 5 162 8 188 162 
1 179 15 343 57 56 181 5 162 8 188 162 
1 179 15 343 57 56 181 5 162 8 188 162 
179 343 57 56 181 5 162 8 188 162 
179 343 57 56 181 5 162 8 188 162 
179 343 57 56 181 5 162 8 188 162 
179 343 57 56 181 5 162 8 188 162 
179 343 57 56 181 5 162 8 188 162 
179 343 57 56 181 5 162 8 188 162 
179 343 57 56 181 5 162 8 188 162 
179 343 57 56 181 5 162 8 188 162 
179 343 57 56 181 5 162 8 188 162 
179 343 57 56 181 5 162 8 188 162 
179 343 57 56 181 5 162 8 188 162 
179 343 57 56 181 5 162 8 188 162 
179 343 57 56 181 5 162 8 188 162 
179 343 57 56 181 5 162 8 188 162 
179 343 57 56 181 5 162 8 188 162 
179 343 57 56 181 5 162 8 188 162 
179 343 57 56 181 5 162 8 188 162 
179 343 57 56 181 5 162 8 162 
179 343 57 56 181 5 162 8 162 