54 53 51 257 258 5 8 168 8 
1 54 53 51 257 258 2 5 8 168 8 
54 53 51 257 258 5 8 168 8 
54 53 51 257 258 5 8 8 
54 53 51 257 258 5 8 168 8 
54 53 51 257 258 5 8 168 8 
54 53 51 257 258 5 8 168 8 
54 53 51 257 258 5 8 168 8 
54 53 51 257 258 5 8 168 8 
54 53 51 257 258 5 8 168 8 
54 53 51 257 258 5 8 168 8 
54 53 51 257 258 5 8 168 8 
1 259 54 53 51 257 258 19 2 5 8 168 8 
54 53 51 257 258 5 8 168 8 
54 53 51 257 258 5 8 168 8 
54 53 51 257 258 5 8 168 8 
54 53 51 257 258 5 8 168 8 
54 53 51 257 258 5 8 168 8 
54 53 51 257 258 5 8 168 8 
54 53 51 257 258 5 8 168 8 
54 53 51 257 258 5 8 168 8 
54 53 51 257 258 5 8 168 8 
54 53 51 257 258 5 8 168 8 
54 53 51 257 258 5 8 168 8 
54 53 51 257 258 5 8 168 8 
54 53 51 257 258 5 8 168 8 
54 53 51 257 258 5 8 168 8 
54 53 51 257 258 5 8 168 8 
54 53 51 257 258 5 8 168 8 
54 53 51 257 258 5 8 168 8 
54 53 51 257 258 5 8 168 8 
54 53 51 257 258 5 8 168 8 
54 53 51 257 258 5 8 168 8 
54 53 51 257 258 5 8 8 
54 53 51 257 258 5 8 8 
54 53 51 257 258 5 8 168 8 
54 53 51 257 258 5 8 168 8 
54 53 51 257 258 5 8 168 8 
54 53 51 257 258 5 8 8 
54 53 51 257 258 5 8 8 
54 53 51 257 258 5 8 8 
1 54 53 15 51 257 258 43 5 8 168 8 
54 53 51 257 258 5 6 8 8 
54 53 51 257 258 5 8 8 
54 53 51 257 258 5 6 8 8 
54 53 51 257 258 5 8 8 
54 53 51 257 258 5 8 8 
54 53 51 257 258 5 8 8 
54 53 51 257 258 5 8 8 
54 53 51 257 258 5 8 8 
54 53 51 257 258 5 8 8 
54 53 51 257 258 5 8 8 
54 53 51 257 258 5 8 8 
54 53 51 257 258 5 8 8 