57 56 403 5 21 22 143 8 37 36 144 24 122 122 
57 56 403 5 21 22 143 8 37 36 144 24 122 122 
57 56 403 36 122 123 122 
57 56 403 5 8 36 122 123 122 
57 56 403 36 122 123 122 
57 56 403 36 122 123 122 
57 56 403 36 122 123 122 
57 56 403 36 122 123 122 
57 56 403 36 122 123 122 
57 56 403 142 36 122 122 
57 56 403 36 122 123 122 
57 56 403 36 122 123 122 
57 56 403 36 122 123 122 
57 56 403 36 122 123 122 
57 56 403 36 122 123 122 
57 56 403 36 122 123 122 
57 56 403 36 122 123 122 
57 56 403 36 122 123 122 
57 56 403 36 122 123 122 
57 56 403 36 122 123 122 
57 56 403 36 122 123 122 
57 56 403 36 122 123 122 
57 56 403 36 122 123 122 
57 56 403 5 8 36 122 123 122 
57 56 403 36 122 123 122 
57 56 403 36 122 123 122 
57 56 403 36 122 123 122 
57 56 403 36 122 123 122 
179 57 56 180 403 181 36 122 123 122 
57 56 403 36 122 123 122 
57 56 403 36 122 123 122 
57 56 403 10 11 36 122 819 122 
57 56 403 36 122 123 122 
57 56 403 36 122 123 122 
57 56 403 36 122 123 122 
57 56 403 36 122 123 122 
57 56 403 148 13 36 122 123 122 
57 56 403 254 36 255 122 122 
57 56 403 36 122 123 122 
57 56 403 36 122 123 122 
57 56 403 36 122 123 122 
57 56 403 36 122 123 122 
57 56 403 36 122 123 122 
57 56 403 36 122 123 122 
57 56 403 36 122 123 122 
57 56 403 36 122 123 122 
57 56 403 36 122 123 122 
57 56 403 36 122 123 122 
57 56 403 36 122 123 122 
57 56 403 36 122 123 122 
57 56 403 36 122 123 122 
57 56 403 36 122 123 122 
57 56 403 36 122 123 122 
57 56 403 36 122 123 122 
57 56 403 36 122 123 122 
57 56 403 36 122 123 122 
57 56 403 36 122 123 122 
57 56 403 36 122 123 122 
57 56 403 5 8 36 122 122 
57 56 403 36 122 123 122 
57 56 403 36 122 123 122 
57 56 403 36 122 123 122 
57 56 403 36 122 123 122 
57 56 403 36 122 123 122 
57 56 403 36 122 123 122 
57 56 403 36 122 123 122 
57 56 403 36 122 123 122 
57 56 403 36 122 123 122 
57 56 403 36 122 123 122 
57 56 403 36 122 123 122 
57 56 403 36 122 123 122 
57 56 403 36 122 123 122 
57 56 403 36 122 123 122 
57 56 403 36 122 123 122 
57 56 403 36 122 123 122 
57 56 403 36 122 123 122 
57 56 403 36 122 123 122 
57 56 403 36 122 123 122 
57 56 403 36 122 123 122 
57 56 403 36 122 123 122 
57 56 403 36 122 123 122 
57 56 403 36 122 123 122 
57 56 403 36 122 123 122 
57 56 403 36 122 123 122 
57 56 403 36 122 123 122 
57 56 403 36 122 123 122 
57 56 403 36 122 123 122 
57 56 403 36 122 123 122 
57 56 403 36 122 123 122 
57 56 403 36 122 123 122 
57 56 403 36 122 123 122 
57 56 403 36 122 123 122 
57 56 403 36 122 123 122 
57 56 403 36 122 123 122 
57 56 403 142 36 122 122 
57 56 403 36 122 123 122 
57 56 403 36 122 123 122 
57 56 215 403 36 122 123 122 
57 56 403 36 122 123 122 
57 56 403 36 122 123 122 
57 56 403 36 122 123 122 
57 56 403 36 122 123 122 
57 56 403 36 122 123 122 
57 56 403 36 122 123 122 
57 56 403 36 122 123 122 
57 56 403 36 122 123 122 
57 56 403 36 122 123 122 
57 56 403 36 122 123 122 
57 56 403 36 122 123 122 
57 56 403 5 8 36 122 123 122 
57 56 403 36 122 123 122 
57 56 403 36 122 123 122 
57 56 403 36 122 123 122 
57 56 403 36 122 123 122 
57 56 403 36 122 123 122 
1 2 57 56 403 36 122 123 122 
57 56 403 36 122 123 122 
57 56 403 36 122 123 122 
57 56 403 36 122 123 122 
57 56 403 36 122 123 122 
179 57 56 180 403 181 36 122 123 122 
57 56 403 36 122 123 122 
57 56 403 36 122 123 122 
57 56 403 36 122 123 122 
57 56 403 36 122 123 122 
57 56 403 36 122 123 122 
57 56 403 36 123 122 122 
57 56 403 36 123 122 122 