410 411 5 21 22 143 8 37 144 24 37 
410 411 21 22 37 24 37 
410 411 5 21 22 143 8 37 144 24 37 
410 411 5 21 22 143 8 37 144 24 37 
410 411 21 22 37 24 37 
410 411 5 21 22 143 8 37 144 24 37 
410 411 5 21 22 143 8 37 144 24 37 
410 411 5 21 22 143 8 37 144 24 37 
410 411 21 22 37 24 37 
410 411 5 21 22 143 8 37 144 24 37 
410 411 5 21 22 143 8 37 144 24 37 
410 411 5 21 22 143 8 37 144 24 37 
410 411 5 21 22 143 8 37 144 24 37 
410 411 21 22 37 24 37 
410 411 21 22 37 24 37 
410 411 21 22 37 24 37 
410 411 21 22 37 24 37 
410 411 5 21 22 143 8 37 144 24 37 
410 411 412 21 22 37 24 37 
410 411 5 21 22 143 8 37 144 24 37 
410 411 21 22 37 24 37 
410 411 5 21 22 143 8 37 144 24 37 
410 411 5 21 22 143 8 37 144 24 37 
410 411 5 21 22 143 8 37 144 24 37 
410 411 5 21 22 143 8 37 144 24 37 
410 411 21 22 37 24 37 
410 411 21 22 37 24 37 
410 411 21 22 37 24 37 
410 411 412 21 22 37 24 37 
410 411 21 22 37 24 37 
410 411 5 21 22 143 8 37 144 24 37 
410 411 5 21 22 143 8 37 144 24 37 
410 411 5 21 22 143 8 37 144 24 37 