43 21 5 6 7 8 
1 18 43 21 5 7 
1 18 69 5 7 
1 18 69 5 7 
1 18 69 5 7 55 
1 18 69 5 7 55 
1 18 69 5 7 55 
1 18 69 5 7 55 
1 18 69 5 7 55 
1 18 69 5 7 55 
1 48 49 18 50 138 69 5 7 55 
43 21 5 7 55 
43 21 5 7 55 
1 18 43 21 5 12 13 
43 21 5 7 
43 21 5 7 
43 21 5 7 
139 21 5 7 
1 18 69 5 7 55 
1 18 69 5 7 55 
1 18 69 5 7 55 
1 18 69 5 7 55 
1 18 69 5 7 55 
1 18 69 5 7 55 
1 18 69 5 7 55 
1 18 69 5 7 55 
1 140 141 18 69 5 142 143 7 144 17 
1 140 141 18 69 5 142 143 7 144 17 
1 140 141 18 69 5 142 143 7 144 17 
1 140 141 18 69 5 142 143 7 144 17 
1 140 141 18 69 5 142 143 7 144 17 
1 140 141 18 69 5 142 143 7 144 17 
1 140 141 18 69 5 142 143 7 144 17 
1 140 141 18 69 5 142 143 7 144 17 
1 140 141 18 69 5 142 143 7 144 17 
1 140 141 18 69 5 142 143 7 144 17 
1 140 141 18 69 5 142 143 7 144 17 
1 140 141 18 69 5 142 143 7 144 17 
1 140 141 18 69 5 142 143 7 144 17 
43 21 5 7 
43 21 5 7 
43 21 5 7 
1 18 69 5 7 55 
43 21 5 7 
1 18 69 5 7 55 
1 18 69 5 7 55 
1 18 69 5 7 55 
1 18 69 5 7 55 
1 140 18 69 5 145 7 146 
1 140 18 69 5 145 7 146 
1 140 18 21 69 5 145 7 146 
1 18 69 5 7 55 
1 18 69 5 7 55 
1 48 49 18 50 138 69 5 7 55 
1 140 18 69 5 7 
43 21 5 7 
43 21 5 7 
1 45 147 18 148 21 69 5 7 
1 18 69 5 7 
1 18 69 5 7 
1 18 69 5 7 
1 18 69 5 7 55 
1 18 69 5 7 55 
1 18 69 5 7 55 
1 18 69 5 7 55 
1 18 69 5 7 55 
1 18 69 5 7 55 
1 18 69 5 7 55 
1 18 69 5 7 55 
1 18 69 5 7 55 
1 18 69 5 7 55 
1 18 69 5 7 55 
1 18 69 5 7 55 
43 21 5 7 55 
43 21 5 12 13 
1 140 18 69 5 145 7 146 
1 18 69 5 7 8 82 
1 18 69 5 7 8 82 
1 24 2 25 18 69 5 7 8 82 
1 18 69 5 7 8 82 
1 18 69 5 7 8 82 
1 18 69 5 7 8 82 
1 18 69 5 7 8 82 
43 21 5 7 8 82 
43 21 5 62 7 
1 18 69 5 7 55 
1 18 69 5 7 55 
1 18 69 5 7 55 
1 18 69 5 7 55 
1 18 69 5 7 55 
1 28 18 69 5 7 55 
1 18 69 5 7 55 
1 18 69 5 7 55 
1 18 69 5 7 55 
1 18 69 5 7 55 
43 21 5 12 129 7 130 
43 21 131 5 12 129 7 130 
43 21 5 12 129 7 130 
1 18 69 5 7 55 
1 18 69 5 7 55 
