1 2 145 42 5 8 144 201 8 
145 42 5 8 8 
145 42 5 8 8 
145 42 5 8 8 
145 42 5 8 8 
145 42 5 8 144 8 
145 42 5 143 8 144 8 
145 42 5 8 144 8 
145 42 5 8 8 
1 2 145 42 5 8 8 
145 42 5 8 8 
145 42 5 8 8 
145 42 5 8 8 
145 42 5 8 8 
145 42 5 8 8 
145 42 5 8 8 
145 42 5 8 8 
145 42 5 8 8 
145 42 5 8 8 
145 42 5 8 8 
1 2 145 42 5 8 8 
1 2 145 42 5 8 8 
145 42 5 8 8 
145 42 5 8 8 
1 2 145 42 5 8 8 
1 2 145 42 5 8 144 8 
1 2 145 42 5 8 144 8 
145 42 5 8 8 
145 42 5 8 8 
179 145 56 57 42 180 181 5 143 8 144 8 
145 42 5 8 8 
145 42 5 8 8 
145 42 5 8 8 
145 42 5 8 8 
145 42 5 8 8 
145 42 5 8 8 
145 42 5 8 8 
145 42 5 8 8 
145 42 5 8 8 
145 42 5 8 8 
145 42 5 8 8 
145 42 5 8 8 
145 42 5 8 8 
145 42 5 8 8 
145 42 5 8 8 
145 42 5 8 8 
145 42 5 8 8 
145 42 5 8 8 
145 42 5 8 8 
145 42 5 8 8 
145 42 5 8 8 
145 42 5 8 8 
145 42 5 8 8 
145 42 5 8 8 
145 42 5 8 8 
145 42 73 5 8 8 
145 42 5 8 8 
145 42 5 8 8 
145 42 5 8 8 
145 42 5 8 8 
145 42 5 28 21 8 203 8 
145 42 5 8 8 
145 42 5 8 8 
145 42 5 8 8 
145 42 5 8 8 
145 42 5 8 8 
145 42 5 8 8 
145 42 5 8 8 
145 42 5 8 8 
145 42 5 8 8 
145 42 5 8 8 
145 42 5 8 8 
145 42 5 8 8 
145 42 5 8 8 
145 42 5 8 8 
145 42 5 8 144 8 
145 42 5 143 8 144 8 
145 42 5 8 8 
145 42 5 8 36 122 8 
145 42 5 171 162 8 416 8 
145 42 5 171 162 8 416 8 
145 42 5 8 8 
145 42 5 8 8 
145 42 5 8 8 
145 42 5 169 162 170 8 8 
145 42 5 8 8 
145 42 5 8 8 
145 42 5 8 8 
145 42 5 8 144 8 
145 42 5 8 8 
145 42 5 8 8 
145 42 5 8 8 
145 42 5 8 8 
145 42 5 8 8 
1 2 145 42 5 8 8 
1 2 145 42 5 8 8 
1 2 145 42 5 8 8 
1 2 145 42 5 8 8 
1 2 145 42 5 8 8 
145 42 5 8 8 
145 42 5 8 8 
1 2 145 42 5 8 8 
1 236 15 202 145 42 5 8 8 
145 42 5 8 8 
145 42 5 8 8 
145 42 5 8 8 
145 42 5 8 8 
145 42 5 8 8 
145 42 5 8 8 
145 42 5 8 8 
145 42 5 8 8 
145 42 5 8 8 
145 42 5 8 8 
145 42 5 8 8 
145 42 5 8 8 
145 42 5 8 8 
1 2 145 42 5 8 8 
145 42 5 6 23 8 139 8 
145 42 5 8 144 8 
145 42 5 8 8 
145 42 5 8 8 
145 42 5 8 8 
145 42 5 8 8 
145 42 5 8 8 
145 42 5 8 8 
145 42 5 8 8 
145 42 5 8 8 
145 42 5 8 8 
145 42 5 8 8 
145 42 5 8 8 
145 42 5 8 8 
145 42 5 8 8 
145 42 73 5 8 8 
145 42 5 8 8 
145 42 5 189 8 144 8 
145 42 5 8 8 
145 42 5 8 8 
145 42 5 8 8 
145 42 5 8 8 
145 42 5 8 8 
145 42 5 6 23 8 139 8 
145 42 5 8 8 
136 145 42 174 5 6 23 8 139 8 
145 42 5 8 8 
145 42 5 8 35 8 
145 42 5 8 8 
145 42 5 8 8 
145 42 5 8 8 
145 42 5 8 8 
145 42 5 8 8 
1 2 145 42 5 8 8 
145 42 5 8 8 
145 42 5 8 168 8 
145 42 5 143 8 144 8 
1 2 145 42 5 8 8 
145 42 5 8 8 
145 42 5 8 8 
145 42 5 8 8 
145 42 5 8 8 
145 42 5 8 8 
145 42 5 8 8 
145 42 5 8 8 
145 42 5 8 8 
145 42 5 8 8 
145 42 5 8 8 
145 42 5 8 8 
145 42 5 8 35 8 
145 42 5 8 8 
145 42 5 8 8 
179 145 56 57 42 180 181 5 143 8 144 8 
179 145 56 57 42 180 181 5 8 8 
145 42 5 8 8 
145 42 5 8 8 
145 42 5 8 8 
145 42 5 8 8 
179 145 56 57 42 180 181 5 8 8 
145 42 5 8 8 
145 42 5 8 8 
145 42 5 8 165 8 
145 42 5 8 8 
145 42 5 8 8 
145 42 5 8 8 
145 42 5 8 8 
145 42 5 8 8 
145 42 5 8 8 
145 42 5 8 36 122 8 
145 42 5 8 8 
145 42 5 8 8 
145 42 5 8 8 
145 42 5 8 8 
145 42 5 8 8 
145 42 83 5 237 238 8 8 
145 42 5 8 8 
145 42 5 8 8 
145 42 5 8 8 
145 42 5 8 142 36 8 
145 42 5 8 8 
145 42 5 8 8 
145 42 5 8 8 
145 42 5 8 8 
145 42 5 8 8 
145 42 5 8 36 122 8 
145 42 5 8 8 
145 42 5 8 8 
145 42 5 8 8 
145 42 5 8 8 
145 42 5 8 8 
145 42 5 8 8 
145 42 5 8 8 
145 42 5 8 8 
145 42 5 8 8 
145 42 5 8 8 
145 42 5 8 8 
145 42 5 8 8 
145 42 5 8 8 
145 42 5 8 8 
145 42 5 8 8 
145 42 5 8 8 
145 42 5 8 8 
145 42 5 8 142 36 8 
145 42 5 8 8 
145 42 5 8 8 
1 2 145 42 5 8 8 
145 42 5 8 8 
145 42 5 8 8 
145 42 5 8 8 
145 42 5 8 8 
145 42 5 8 8 
145 42 5 8 8 
145 42 5 8 8 
145 42 5 8 144 8 
145 42 5 8 8 
1 2 145 42 5 8 8 
1 2 145 42 5 8 8 
164 1 15 145 42 5 8 8 
145 42 5 8 8 
145 42 5 8 8 
1 2 145 42 5 8 8 
145 42 5 8 165 8 
145 42 5 8 8 
145 42 5 8 8 
145 42 5 8 8 
145 42 5 8 8 
145 42 5 8 8 
145 42 5 8 8 
145 42 5 8 8 
145 42 5 8 8 
145 42 5 8 8 
145 42 5 176 162 8 8 
145 42 5 8 8 
145 42 5 8 8 
145 42 5 8 8 
145 42 5 8 8 
145 42 5 8 8 
145 42 5 8 8 
145 42 5 8 8 
145 42 5 8 8 
145 42 5 8 8 
1 2 145 42 5 8 8 
145 42 5 8 8 
145 42 5 8 8 
145 42 5 8 8 
145 42 5 8 8 
145 42 5 8 8 
145 42 5 8 8 
145 42 5 8 8 
145 42 5 8 8 
145 42 5 8 8 
145 42 5 8 8 
145 42 5 8 8 
145 42 5 8 8 
145 42 5 8 8 
145 42 5 8 8 
145 42 5 8 8 
145 42 5 8 8 
145 42 5 8 8 
1 2 145 42 5 8 8 
145 42 5 8 8 
145 42 5 8 8 
145 42 5 8 144 8 
145 42 5 8 8 
145 42 5 8 8 
145 42 5 8 8 
145 42 5 6 23 8 139 8 
145 42 5 8 8 
145 42 5 8 8 
299 59 128 145 60 42 5 8 142 36 8 
145 42 5 8 8 
1 2 145 42 5 8 8 
145 42 5 8 8 
145 42 5 8 8 
145 42 5 8 8 
145 42 5 162 8 8 
145 42 5 8 8 
145 42 5 8 8 