38 229 5 6 8 61 61 
38 229 5 6 8 61 61 
38 229 42 5 6 8 61 61 
38 229 5 6 8 61 61 
38 229 5 6 8 61 61 
38 229 5 6 8 61 61 
38 229 5 6 8 61 61 
38 229 5 6 8 61 61 
38 229 5 6 8 61 61 
38 229 5 6 8 61 61 
38 229 5 6 8 61 61 
38 229 5 6 61 61 
38 229 5 6 444 8 61 61 
38 229 5 358 6 61 61 
38 229 5 6 61 61 
38 229 5 6 8 61 61 
38 229 5 6 8 61 61 
38 229 5 6 8 61 61 
38 229 5 6 8 61 61 
38 229 5 6 8 61 61 
38 229 5 6 231 8 61 61 
1 38 2 229 5 6 8 61 61 
38 229 5 6 8 61 61 
38 229 145 42 5 6 8 61 61 
38 229 5 6 8 61 61 
38 229 5 6 8 61 61 
38 229 5 6 8 61 61 
38 229 5 6 8 61 61 
38 229 5 6 8 61 61 
38 229 5 6 8 61 61 
38 229 5 6 8 61 61 
38 229 5 6 8 61 61 
38 229 5 6 8 61 61 
38 229 5 6 8 61 61 
38 229 5 6 8 61 61 
38 229 5 6 8 61 61 
38 229 5 6 8 61 61 
38 229 5 6 21 8 68 61 24 61 
38 229 5 6 21 8 68 61 24 61 
38 229 5 6 21 8 68 61 24 61 
38 229 5 6 8 61 61 
264 38 229 5 6 8 61 61 
38 229 5 6 8 61 61 
1 15 38 229 43 5 6 25 462 61 61 
51 38 229 313 78 5 6 25 462 61 61 
38 229 5 6 25 462 61 61 
38 229 5 6 25 8 462 61 61 
38 229 5 6 25 8 462 61 61 
38 229 5 6 25 8 462 61 61 
38 229 5 6 444 8 61 61 
38 229 5 6 444 8 61 61 
38 229 5 6 444 8 61 61 
38 229 5 6 444 8 61 61 
38 229 5 6 444 8 61 61 
38 229 5 6 444 8 61 61 
38 229 5 6 444 8 61 61 
38 229 5 6 444 8 61 61 
38 229 5 6 444 8 61 61 
38 229 5 6 444 8 61 61 
38 229 5 6 444 8 61 61 
38 229 5 6 444 8 61 61 
38 229 5 6 444 8 61 61 
38 229 5 6 444 8 61 61 
38 229 5 6 444 8 61 61 
38 229 5 6 444 8 61 61 
38 229 5 6 8 61 35 61 
38 229 5 6 8 61 61 
38 229 5 6 8 61 61 
38 229 5 6 8 61 61 
38 229 5 6 8 61 61 
51 38 229 5 6 8 61 61 
38 229 5 6 8 61 61 
38 229 5 6 8 61 61 
38 229 5 6 8 61 61 
38 229 5 6 61 61 
38 229 5 6 61 61 
38 229 5 6 61 61 
264 38 229 5 6 61 61 
38 229 5 6 61 61 
38 229 5 6 61 61 
38 229 5 48 6 695 8 61 61 
38 229 5 6 61 61 
38 229 5 6 8 61 61 
38 229 5 6 444 8 61 61 
38 229 5 6 444 8 61 61 
38 229 5 6 444 8 61 61 
38 229 5 6 8 61 61 
38 229 5 6 8 61 61 
38 229 5 6 8 61 61 
38 229 5 6 8 61 61 
38 229 5 6 444 8 61 61 
1 38 2 229 5 6 444 8 61 61 
38 229 5 6 444 8 61 61 
38 229 5 6 444 8 61 61 
38 229 5 6 444 8 61 61 
38 229 5 6 444 8 61 61 
38 229 5 6 61 61 
38 229 5 48 6 695 61 61 
38 229 5 6 61 61 
38 229 5 6 8 61 61 
38 229 5 6 8 61 61 
38 229 5 6 8 61 61 
38 229 5 6 8 61 61 
38 229 5 6 8 61 61 
38 229 5 6 8 61 61 
38 229 5 6 8 61 61 
38 229 5 6 8 61 61 
38 229 5 6 8 61 61 
38 229 5 6 8 61 61 
38 229 5 6 8 61 61 
38 229 5 6 8 61 61 
38 229 5 6 8 61 61 
38 229 5 6 8 61 61 
38 229 5 6 8 61 61 
38 229 5 6 8 61 61 
38 229 5 6 8 61 61 
38 229 5 6 8 61 61 
38 229 5 6 8 61 61 
38 229 5 6 8 61 61 
38 229 5 6 8 61 61 
38 229 5 6 8 61 61 
38 229 5 6 8 61 61 
38 229 5 6 8 61 61 
38 229 5 6 8 61 61 
38 229 5 6 8 61 61 
38 229 5 6 8 61 61 
38 229 5 6 8 61 61 
38 229 5 6 8 61 61 
38 229 5 6 8 61 61 
38 229 5 6 8 61 61 
38 229 5 6 8 61 61 
38 229 5 6 8 61 61 
38 229 5 6 8 61 61 
38 229 5 6 8 61 61 
38 229 5 6 8 61 61 
38 229 5 6 8 61 61 
38 229 5 6 8 61 61 
38 229 5 6 8 61 61 
38 229 5 6 8 61 61 
38 229 5 6 8 61 61 
38 229 5 6 8 61 61 
38 229 5 6 8 61 61 
38 229 5 6 8 61 61 
38 229 5 6 8 61 61 
38 229 5 6 8 61 61 
38 229 5 6 61 61 
38 229 5 6 61 61 
38 229 5 6 8 61 61 
38 229 5 6 8 61 61 
38 229 5 6 8 61 61 
38 229 5 6 8 61 61 
38 229 5 6 8 61 61 
38 229 5 6 8 61 61 
38 229 5 6 8 61 61 
38 229 5 6 8 61 61 
38 206 229 625 5 6 8 61 61 
38 229 5 6 8 61 61 
38 229 5 6 8 61 61 
38 229 5 6 8 61 61 
38 229 5 6 8 61 61 
38 229 5 6 8 61 61 
38 229 5 6 8 61 61 
38 229 5 6 8 61 61 
38 229 5 6 8 61 61 
38 229 5 6 8 61 61 
38 229 5 6 8 61 61 
38 229 5 6 8 61 61 
38 229 5 6 8 61 61 
38 229 5 6 8 61 61 
38 229 5 6 8 61 61 
38 229 5 6 8 61 61 
38 229 5 6 8 61 61 
1 38 2 229 5 6 8 61 61 
38 229 5 6 8 61 61 
38 229 5 6 8 61 61 
38 229 5 6 8 61 61 
38 229 5 6 8 61 61 
38 229 42 5 6 8 61 61 
38 229 5 6 8 61 61 
38 229 5 6 8 61 61 
38 229 5 6 8 61 61 
38 229 5 6 8 61 61 
38 229 5 6 8 61 61 
38 229 5 6 8 61 61 
38 229 5 6 8 61 61 
38 229 5 6 8 61 61 
38 229 5 6 8 61 61 
38 229 5 6 8 61 61 
38 229 5 6 8 61 61 
38 229 5 6 8 61 61 
38 229 5 6 8 61 61 
38 229 5 6 8 61 61 
38 229 5 6 8 61 61 
38 229 5 6 8 61 61 
38 229 5 6 8 61 61 
38 229 5 6 8 61 61 
38 229 5 6 8 61 61 
38 229 5 6 8 61 61 
38 229 5 6 8 61 61 
38 229 5 6 8 61 61 
38 229 5 6 8 61 61 
38 229 5 6 8 61 61 
38 229 5 6 8 61 61 
38 229 5 6 8 61 61 
38 229 5 6 8 61 61 
38 229 5 6 8 61 61 
38 229 5 6 8 61 61 
38 229 5 6 8 61 61 
38 229 5 6 8 61 61 
38 229 5 6 8 61 61 
38 229 5 6 8 61 61 
38 229 5 6 8 61 61 
38 229 5 6 8 61 61 
38 229 5 6 8 61 61 
38 229 5 6 8 61 61 
38 229 5 6 8 61 61 
38 229 5 6 8 61 61 
38 229 5 6 8 61 61 
38 229 5 6 8 61 61 
38 229 5 6 8 61 61 
38 229 5 6 8 61 61 
38 229 5 6 8 61 61 
1 38 2 229 5 6 8 61 61 
1 38 2 229 5 6 8 61 61 
38 229 5 6 8 61 61 
38 229 145 42 5 6 8 61 61 
38 229 5 6 8 61 61 
38 229 5 6 8 61 61 
38 229 5 6 8 61 61 
38 229 5 6 8 61 61 
51 38 229 5 6 8 144 61 61 
38 229 5 6 8 144 61 61 
38 229 5 6 8 144 61 61 
38 229 5 6 8 144 61 61 
38 229 5 6 8 144 61 61 
38 229 5 6 8 144 61 61 
38 229 5 6 8 144 61 61 
38 229 145 42 5 6 8 144 61 61 
38 229 5 6 8 144 61 61 
38 229 5 6 8 61 61 
38 229 5 6 8 61 61 
38 229 5 6 8 61 61 
38 229 5 6 8 61 61 
38 229 5 6 8 61 61 
38 229 5 6 8 61 61 
38 229 5 6 8 61 61 
38 229 5 6 8 61 61 
38 229 5 6 8 61 61 
38 229 5 6 8 61 61 
38 229 5 6 8 61 61 
38 229 5 62 6 63 64 61 61 
38 229 5 6 61 61 
38 229 5 6 61 61 
38 229 5 6 36 61 130 61 
38 229 5 6 8 61 61 
38 229 5 6 8 61 61 
38 229 5 6 8 61 61 
38 229 5 6 8 61 61 
38 229 5 6 8 61 61 
38 229 5 6 8 61 61 
38 229 5 6 8 61 61 
38 229 5 6 8 61 61 
38 229 5 6 8 61 61 
38 229 5 6 8 61 61 
38 229 5 6 8 61 61 
38 229 5 6 8 61 61 
38 229 5 6 8 61 61 
38 229 5 6 8 61 61 
38 229 5 6 8 61 61 
38 229 5 6 8 61 61 
38 229 5 6 8 61 61 
38 229 5 6 8 61 61 
38 229 336 5 6 8 61 61 
38 229 5 6 25 462 61 61 
38 229 5 6 8 61 61 
38 229 5 6 8 61 61 
38 229 5 6 8 61 61 
38 229 5 6 8 61 61 
38 229 5 6 8 61 61 
38 229 5 6 8 61 61 
38 229 5 6 8 61 61 
38 229 5 6 8 61 61 
38 229 5 6 8 61 61 
38 229 145 42 5 6 8 61 61 
38 229 5 6 8 61 61 
38 229 5 6 8 61 61 
38 229 5 6 8 61 61 
38 229 5 6 8 61 61 
38 229 5 6 8 61 61 
38 229 5 6 61 61 
38 229 5 6 61 61 
38 229 5 6 61 61 
38 229 5 6 61 61 
38 229 5 6 61 61 
1 15 38 229 43 5 6 61 61 
38 229 5 6 61 61 
38 229 5 6 61 61 
38 229 5 6 152 61 153 61 
38 229 5 6 8 61 35 61 
38 229 5 6 61 61 
38 229 5 6 61 61 
38 229 5 6 61 61 
38 229 5 6 61 61 
1 38 2 229 5 6 61 61 
38 229 5 6 61 61 
38 229 145 42 5 6 61 61 
38 229 5 6 61 61 
264 38 229 5 6 61 61 
38 229 5 6 8 144 61 61 
38 229 5 48 6 695 8 61 61 
38 229 5 377 6 162 8 61 61 
38 229 5 377 6 162 8 61 61 
38 229 5 466 240 6 162 8 242 61 61 
1 38 2 229 5 6 444 8 61 61 
38 229 5 6 444 8 61 61 
38 229 5 6 8 61 61 
38 229 5 6 8 61 61 
38 229 5 6 8 61 61 
38 229 5 6 8 61 61 
38 229 5 6 61 61 
38 229 5 6 61 61 
38 229 5 6 8 61 61 
1 38 2 229 5 6 61 61 
1 38 2 229 5 6 61 61 
38 229 5 6 61 61 
38 229 5 6 61 61 
38 229 5 6 61 61 
38 229 5 6 8 61 61 
38 229 5 6 8 61 61 
38 229 5 6 8 61 61 
38 229 5 6 8 61 61 
1 15 38 202 229 5 6 8 61 61 
38 229 5 6 61 61 
38 229 5 6 61 61 
38 229 5 6 8 144 61 61 
38 229 5 6 8 61 61 
38 229 5 6 8 61 61 
38 229 5 6 8 61 61 
1 15 38 229 43 5 6 8 61 61 
38 229 5 6 8 61 61 
38 229 5 6 8 61 61 
38 229 5 6 8 61 61 
38 229 5 6 8 61 61 
38 229 5 6 8 61 61 
38 229 5 6 8 61 61 
38 229 5 6 8 61 61 
38 229 5 6 8 61 61 
38 229 5 6 8 61 61 
38 229 5 6 8 61 61 
38 229 5 6 8 61 61 
38 229 5 6 8 61 61 
38 229 5 6 8 61 61 
38 229 5 6 8 61 61 
38 229 5 6 8 61 61 
38 229 5 6 8 61 61 
38 229 5 6 8 61 61 
38 229 5 6 8 61 61 
38 229 5 6 8 61 61 
38 229 5 6 8 61 61 
38 229 5 6 8 61 61 
38 229 5 6 8 61 61 
38 229 5 6 8 61 61 
38 229 5 6 8 61 61 
38 229 5 6 8 61 61 
38 229 5 6 8 61 61 
38 229 5 6 8 61 61 
38 229 5 6 8 61 61 
38 229 5 6 8 61 61 
38 229 5 6 8 61 61 
38 229 5 6 8 61 61 
38 229 5 6 8 61 61 
38 229 5 6 8 61 61 
38 229 5 6 8 61 61 
38 229 5 6 8 61 61 
38 229 5 6 8 61 61 
38 229 5 6 8 61 61 
38 229 5 6 8 61 61 
38 229 5 6 8 61 61 
38 229 5 6 61 61 
38 229 5 6 61 61 
38 229 5 6 61 61 
38 229 42 5 118 6 8 132 36 61 61 
38 229 5 118 6 8 132 36 61 61 
38 229 5 118 6 8 132 36 61 61 
38 229 5 118 6 8 132 36 61 61 
38 229 5 118 6 8 132 36 61 61 
38 229 5 6 25 8 462 61 61 
38 229 5 6 61 61 
1 38 2 229 5 6 61 61 
38 229 5 6 61 61 
38 229 5 6 61 61 
38 229 5 6 61 61 
38 229 5 6 61 61 
38 229 5 6 61 61 
38 229 5 6 61 61 
38 229 145 42 5 6 61 61 
40 38 229 41 42 5 6 61 61 
38 229 5 6 61 61 
38 229 5 6 61 61 
38 229 5 6 61 61 
38 229 5 6 61 61 
38 229 5 466 240 6 162 8 242 61 61 
38 229 5 6 8 61 61 
38 229 5 6 8 61 61 
38 229 5 6 8 61 61 
38 229 145 42 5 6 8 61 61 
38 229 5 466 240 6 162 8 242 61 61 
38 229 5 6 8 61 61 
38 229 5 6 8 61 61 
38 229 5 6 8 61 61 
38 229 5 6 8 61 61 
38 229 5 6 8 61 61 
38 229 5 6 8 61 61 
38 229 5 6 8 61 61 
38 229 5 240 6 162 8 242 61 61 
38 229 5 6 8 61 61 
38 229 5 6 8 61 61 
38 229 5 6 8 61 61 
38 229 5 6 8 61 61 
38 229 5 6 8 61 61 
38 229 5 6 8 61 61 
38 229 5 6 8 61 61 
38 229 5 6 8 61 61 
38 229 5 6 8 61 61 
38 229 5 6 8 61 61 
38 229 5 49 6 25 8 61 61 
38 229 5 6 8 61 61 
38 229 5 6 25 8 462 61 61 
38 229 5 6 25 8 462 61 61 
38 229 5 6 25 8 462 61 61 
38 229 5 6 25 8 462 61 61 
38 229 5 6 25 8 462 61 61 
38 229 5 6 25 8 462 61 61 
38 229 5 6 25 8 462 61 61 
38 229 5 6 8 61 61 
38 229 5 6 8 61 61 
190 54 51 38 229 192 269 5 6 8 61 61 
38 229 5 6 8 61 61 
38 229 5 6 8 61 61 
38 229 5 6 8 61 61 
38 229 5 6 8 61 61 
38 229 5 6 8 61 61 
38 229 5 6 8 61 61 
38 229 5 6 8 61 61 
38 229 5 6 8 61 61 
38 229 5 6 8 61 61 
38 229 5 6 8 61 61 
38 229 5 6 8 61 61 
38 229 5 6 8 61 61 
38 229 5 6 8 61 61 
38 229 5 6 8 61 61 
38 229 5 6 8 61 61 
38 229 5 6 8 61 61 
38 229 5 6 8 61 61 
38 229 5 6 8 61 61 
38 229 5 6 8 61 61 
38 229 5 6 8 61 61 
38 229 5 6 8 61 61 
38 229 5 6 61 61 
38 229 5 6 61 61 
38 229 5 6 61 61 
38 229 5 6 61 61 
38 229 5 6 61 61 
38 229 5 6 8 61 61 
38 229 5 6 8 61 61 
38 229 5 6 8 61 61 
38 229 5 6 8 61 61 
38 229 5 6 8 61 61 
38 229 5 6 8 61 61 
38 229 5 6 8 61 61 
38 229 5 6 8 61 61 
1 38 2 229 5 6 8 61 61 
38 229 5 6 8 61 61 
38 229 5 6 8 61 61 
38 229 5 6 8 61 61 
38 229 5 6 8 61 61 
38 229 5 6 8 61 61 
38 229 5 6 8 61 61 
38 229 5 6 8 61 61 
38 229 5 6 8 61 61 
38 229 5 6 8 61 61 
38 229 5 6 8 61 61 
38 229 5 6 8 61 61 
38 229 5 6 8 61 61 
38 229 5 6 8 61 61 
38 229 5 6 8 61 61 
38 229 5 6 8 61 61 
38 229 5 6 8 61 61 
38 229 5 6 8 61 61 
38 229 5 6 8 61 61 
38 229 5 6 8 61 61 
38 229 5 6 8 61 61 
38 229 5 6 8 61 61 
38 229 5 6 8 61 61 
38 229 5 6 8 61 61 
38 229 5 6 8 61 61 
38 229 5 6 8 61 61 
38 229 5 6 8 61 61 
38 229 5 6 8 61 61 
38 229 5 6 8 61 61 
38 229 5 6 8 61 61 
38 229 5 6 8 61 61 
38 229 5 6 8 61 61 
38 229 5 6 8 61 61 
38 229 5 6 8 61 61 
1 15 38 202 229 5 6 25 8 462 61 61 
38 229 5 6 8 61 61 
38 229 5 6 8 61 61 
38 229 5 6 8 61 61 
51 38 229 5 6 8 61 61 
38 229 5 6 8 61 61 
38 229 5 6 8 61 61 
38 229 5 6 8 61 61 
38 229 5 6 8 61 61 
38 229 5 6 8 61 61 
38 229 5 6 8 61 61 
38 229 5 6 8 61 61 
38 229 5 6 8 61 61 
38 229 5 6 8 61 61 
38 229 5 6 8 61 61 
38 229 5 6 8 61 61 
38 229 5 6 8 61 35 61 
38 229 5 6 8 61 61 
38 229 5 6 8 61 61 
38 229 5 6 8 61 61 
38 229 5 6 8 61 61 
38 229 5 6 8 61 61 
38 229 5 6 8 61 61 
38 229 5 6 8 61 61 
38 229 5 6 8 61 61 
38 229 5 6 8 61 61 
38 229 5 6 8 61 61 
38 229 5 6 8 61 61 
38 229 5 6 8 61 61 
38 229 5 6 8 61 61 
38 229 42 5 6 8 61 61 
38 229 5 6 8 61 61 
51 38 229 5 6 8 61 61 
51 38 229 5 6 8 61 61 
38 229 5 6 8 61 61 
38 229 5 6 444 8 61 61 
38 55 229 56 57 5 6 444 8 61 61 
38 229 5 6 231 8 61 61 
38 229 5 6 231 8 61 61 
38 229 5 6 231 8 61 61 
38 229 5 6 8 61 61 
38 229 5 6 8 61 61 
38 229 5 6 8 61 61 
38 229 5 6 8 61 61 
38 229 5 6 8 61 61 
38 229 5 6 8 61 61 
38 229 5 6 8 61 61 
38 229 5 6 8 61 61 
38 229 42 5 6 8 61 61 
38 229 5 6 8 61 61 
38 229 5 6 8 61 61 
38 229 42 5 6 8 61 61 
38 229 5 6 8 61 61 
38 229 5 6 8 61 61 
38 229 5 6 8 61 61 
38 229 5 6 8 61 61 
38 229 5 6 8 61 61 
38 229 5 466 240 6 162 8 242 61 61 
38 229 5 466 240 6 162 8 242 61 61 
1 15 38 202 229 5 466 240 6 162 8 242 61 61 
38 229 5 466 240 6 162 8 242 61 61 
1 15 38 202 229 5 466 240 6 162 8 242 61 61 
38 229 5 466 240 6 162 8 242 61 61 
38 229 5 6 8 61 61 
38 229 5 6 8 61 61 
38 229 5 6 8 61 61 
38 229 5 6 8 61 61 
38 229 5 6 8 61 61 
38 229 5 6 8 61 61 
38 229 5 6 8 61 61 
38 229 5 6 8 61 61 
38 229 5 6 8 61 61 
38 229 5 6 8 61 61 
38 229 5 6 8 61 61 
38 229 5 6 8 61 61 
38 229 5 6 8 61 61 
38 229 5 6 8 61 61 
38 229 5 6 8 61 61 
38 229 5 6 8 61 61 
38 229 5 6 8 61 61 
38 229 5 6 8 61 61 
38 229 5 6 8 61 61 
38 229 5 6 8 61 61 
38 229 5 6 8 61 61 
38 229 5 6 8 61 61 
38 229 5 6 8 61 61 
38 229 5 6 8 61 61 
38 229 5 6 8 61 61 
38 229 5 6 8 61 61 
38 229 5 6 8 61 61 
38 229 5 6 8 61 61 
38 229 5 6 8 61 61 
38 229 5 6 8 61 61 
38 229 5 6 8 61 61 
38 229 5 6 8 61 61 
38 229 5 6 8 61 61 
38 229 5 6 8 61 61 
38 229 5 6 8 61 61 
38 229 5 6 8 61 61 
38 229 5 6 8 61 61 
38 229 5 6 8 61 61 
38 229 5 6 8 61 61 
40 38 229 41 42 5 6 8 61 61 
38 229 5 6 8 61 61 
38 229 5 6 8 61 61 
38 229 5 6 8 61 61 
38 229 5 6 8 61 61 
38 229 5 6 8 61 61 
1 15 38 229 43 5 6 8 61 61 
38 229 5 6 8 61 61 
38 55 229 56 57 5 6 8 61 61 
38 229 5 6 8 61 61 
38 229 5 6 8 61 61 
38 229 5 6 8 61 61 
38 229 5 6 8 61 61 
38 229 5 6 8 61 61 
38 229 5 6 8 61 61 
38 229 5 6 8 61 61 
38 229 5 6 8 61 61 
38 229 5 6 8 61 61 
38 229 5 6 8 61 61 
38 229 5 6 8 61 61 
38 229 5 6 8 61 61 
38 229 5 6 8 61 61 
38 229 5 6 8 61 61 
38 229 5 6 8 61 61 
38 229 5 6 8 61 61 
38 229 5 6 8 61 61 
38 229 5 6 8 61 61 
38 229 5 6 8 61 61 
38 229 5 6 8 61 61 
38 229 5 6 8 61 61 
38 229 5 6 8 61 61 
38 229 5 6 8 61 61 
38 229 5 6 8 61 61 
38 229 5 6 8 61 61 
38 229 5 6 8 61 61 
38 229 5 6 8 61 61 
38 229 5 6 8 61 61 
38 229 5 6 8 61 61 
38 229 5 6 8 61 61 
38 229 5 6 8 61 61 
38 229 5 6 8 61 61 
38 229 5 6 8 61 61 
38 229 5 6 8 61 61 
38 229 5 6 8 61 61 
38 229 5 6 8 61 61 
38 229 5 6 8 61 61 
38 229 5 6 8 61 61 
38 229 5 6 8 61 61 
38 229 5 6 8 61 61 
38 229 5 6 8 61 61 
38 229 5 6 8 61 61 
38 229 5 6 8 61 61 
38 229 5 6 8 61 61 
38 229 5 6 8 61 61 
38 229 5 6 8 61 61 
38 229 5 6 8 61 61 
1 38 2 229 5 6 8 61 61 
38 229 5 6 8 61 61 
38 229 145 42 5 6 8 61 61 
38 229 5 6 8 61 61 
38 229 5 6 8 61 61 
38 229 5 6 8 61 61 
38 229 5 6 8 61 61 
38 229 5 6 8 61 61 
38 229 5 6 8 61 61 
38 229 5 6 8 61 61 
40 38 229 41 42 5 6 8 61 61 
38 229 5 6 8 61 61 
38 229 5 6 8 61 61 
38 229 5 6 8 61 61 
38 229 5 6 8 61 61 
38 229 5 6 8 61 61 
264 38 229 5 6 8 61 61 
38 229 5 6 8 61 61 
38 229 5 6 8 61 61 
38 229 5 6 8 61 61 
38 229 5 6 8 61 61 
38 229 5 6 8 61 61 
38 229 5 6 61 61 
38 229 5 6 585 8 144 61 61 
38 229 5 6 585 8 144 61 61 
38 229 5 6 585 8 144 61 61 
38 229 5 6 585 8 144 61 61 
38 229 5 6 585 8 144 61 61 
38 229 5 6 585 8 144 61 61 
38 229 5 6 585 8 144 61 61 
38 229 5 6 585 8 144 61 61 
38 229 5 6 585 8 144 61 61 
38 229 5 6 585 8 144 61 61 
38 229 5 6 585 8 144 61 61 
38 229 5 6 585 8 144 61 61 
38 229 5 6 585 8 144 61 61 
38 229 5 6 585 8 144 61 61 
38 229 5 6 585 8 144 61 61 
38 229 5 6 585 8 144 61 61 
38 229 5 6 585 8 144 61 61 
38 229 5 6 585 8 144 61 61 
38 229 5 6 585 8 144 61 61 
38 229 5 6 585 8 144 61 61 
38 229 5 6 585 8 144 61 61 
38 229 5 6 585 8 144 61 61 
38 229 5 6 585 8 144 61 61 
38 229 5 6 585 8 144 61 61 
38 229 5 6 585 8 144 61 61 
38 229 5 6 585 8 144 61 61 
38 229 5 6 585 8 144 61 61 
38 229 5 6 8 61 61 
1 38 2 229 5 6 8 61 61 
38 229 5 6 8 61 61 
38 229 5 6 8 61 61 
38 229 5 6 8 61 61 
38 229 5 6 8 61 61 
38 229 5 6 8 61 61 
38 229 5 6 8 61 61 
38 229 5 6 8 61 61 
53 54 51 38 229 5 6 8 61 61 
38 229 5 6 8 61 61 
38 229 5 6 8 61 61 
38 229 5 6 13 512 36 61 513 130 61 
38 229 5 6 8 61 61 
38 229 5 6 8 61 61 
38 229 5 6 8 61 61 
38 229 5 6 8 61 61 
38 229 5 6 8 61 61 
38 229 5 6 8 61 61 
38 229 5 6 8 61 61 
38 229 5 6 8 61 61 
38 229 5 6 8 61 61 
38 229 5 6 8 61 61 
38 229 5 6 61 61 
38 229 5 6 61 61 
38 229 5 6 61 61 
38 229 5 6 61 61 
38 229 5 6 61 61 
38 229 5 6 61 61 
38 229 5 6 61 61 
38 229 5 6 61 61 
38 229 5 6 61 61 
38 229 5 6 61 61 
38 229 5 6 61 61 
38 229 5 6 61 61 
38 229 5 6 61 61 
38 229 5 6 61 61 
38 229 5 6 61 61 
38 229 5 6 61 61 
38 229 5 6 61 61 
38 229 5 6 61 61 
38 229 5 6 61 61 
38 229 5 6 8 61 61 
38 229 5 6 8 61 61 
38 229 5 6 8 61 61 
38 229 5 6 8 61 61 
38 229 5 6 8 61 61 
38 229 5 6 8 61 61 
38 229 5 6 8 61 61 
38 229 5 6 8 61 61 
38 229 5 6 8 61 61 
184 1 15 38 185 229 5 6 8 61 61 
1 38 2 229 5 6 8 61 61 
38 229 5 6 8 61 61 
38 229 5 6 8 61 61 
38 229 5 6 8 61 61 
38 229 5 6 8 61 61 
38 229 5 6 8 61 61 
38 229 5 6 8 61 61 
38 229 5 6 8 61 61 
38 229 5 6 8 61 61 
38 229 5 6 8 61 61 
1 382 38 2 229 167 5 6 61 61 
38 229 5 6 61 61 
38 229 42 5 6 8 61 61 
38 229 5 6 8 61 61 
38 229 5 6 8 61 61 
38 229 5 6 8 61 61 
38 229 5 6 8 61 61 
38 229 5 6 8 61 61 
38 229 5 6 8 61 61 
38 229 5 6 8 61 61 
38 229 5 6 8 61 61 
38 229 5 6 8 61 61 
38 229 5 6 8 61 61 
38 229 5 6 8 61 61 
38 229 5 6 8 61 61 
38 229 5 6 8 61 61 
38 229 5 6 8 61 61 
40 38 229 41 42 5 6 8 61 61 
38 229 5 6 8 61 61 
38 229 5 6 8 61 61 
38 229 5 6 8 61 61 
38 229 5 6 8 61 61 
38 229 5 6 8 61 61 
38 229 5 6 8 61 61 
38 229 5 6 8 61 61 
38 229 5 6 8 61 61 
38 229 5 6 8 61 61 
38 229 5 6 8 61 35 61 
38 229 5 6 8 61 61 
38 229 5 6 8 61 61 
38 229 5 6 8 61 61 
38 229 5 6 8 61 61 
38 229 5 6 8 61 61 
38 229 5 6 8 61 61 
38 229 5 6 444 13 8 61 14 61 
38 229 5 6 61 61 
38 229 5 6 61 61 
38 229 5 6 61 61 
38 229 5 6 61 61 
38 229 5 6 61 61 
38 229 5 6 61 61 
38 229 5 6 61 61 
38 229 145 42 5 6 8 61 61 
38 229 5 6 8 61 61 
38 229 5 6 8 61 61 
38 229 5 6 8 61 61 
38 229 5 6 8 61 61 
1 15 38 202 229 5 240 6 162 8 242 61 61 
1 38 229 5 240 6 162 8 242 61 61 
1 38 229 5 240 6 162 8 242 61 61 
1 38 229 5 240 6 162 8 242 61 61 
38 229 5 240 6 162 8 242 61 61 
38 229 5 6 8 61 61 
38 229 5 6 8 61 61 
38 229 5 6 8 61 61 
38 229 5 6 8 61 61 
1 38 2 229 5 6 8 61 61 
38 229 5 6 8 61 61 
38 229 5 6 8 61 61 
38 229 5 6 8 61 61 
38 229 42 5 6 8 61 61 
38 229 5 6 8 61 61 
38 229 5 6 8 61 61 
38 229 5 6 8 61 61 
38 229 5 6 8 61 61 
38 229 5 6 8 61 61 
38 229 5 6 8 61 61 
38 229 5 6 61 61 
38 229 5 6 61 61 
38 229 5 6 61 61 
38 229 5 6 61 61 
1 15 38 202 229 5 6 61 61 
38 229 5 6 61 61 
38 229 5 6 61 61 
38 229 5 6 61 61 
38 229 5 6 61 61 
1 38 2 229 5 6 61 61 
38 229 5 6 61 61 
38 229 5 6 61 61 
38 229 5 6 61 61 
38 229 5 6 61 61 
38 229 5 6 61 61 
38 229 5 6 61 61 
38 229 5 6 61 61 
38 229 5 6 61 61 
38 229 5 6 444 8 61 61 
38 229 5 6 8 61 61 
38 229 5 6 8 61 485 61 
38 229 5 6 8 61 61 
38 229 5 6 8 61 61 
38 229 5 6 8 61 61 
38 229 5 6 8 61 61 
1 15 38 229 43 5 6 8 61 61 
38 229 5 6 61 61 
38 229 5 6 61 61 
38 229 5 6 61 61 
38 229 5 6 61 61 
38 229 5 6 61 61 
38 229 5 6 61 61 
38 229 5 6 61 61 
38 229 5 6 61 61 
38 229 5 6 61 61 
38 229 5 6 61 61 
38 229 5 6 61 61 
38 229 5 6 61 61 
38 229 145 42 5 6 61 61 
38 229 5 6 61 61 
38 229 5 6 61 61 
38 229 5 6 61 61 
38 229 5 6 61 61 
38 229 5 6 61 61 
38 229 5 6 61 61 
38 229 5 6 61 61 
38 229 5 6 61 61 
38 229 5 6 61 61 
38 229 5 6 61 61 
38 229 5 6 61 61 
267 38 229 5 6 61 61 
38 229 5 6 61 61 
38 229 5 6 61 61 
38 229 5 6 61 61 
38 229 5 6 61 61 
38 229 5 6 61 61 
38 229 5 6 61 61 
38 229 5 6 61 61 
38 229 5 6 61 61 
38 229 5 6 61 61 
38 229 5 6 61 61 
38 229 5 6 61 61 
38 229 5 6 61 61 
38 229 5 6 61 61 
38 229 5 6 61 61 
38 229 5 6 61 61 
38 229 5 6 61 61 
38 229 5 6 61 61 
38 229 5 6 61 61 
38 229 5 6 61 61 
38 229 5 6 61 61 
38 229 5 6 61 61 
38 229 5 6 61 61 
38 229 5 6 61 61 
38 229 5 6 61 61 
38 229 5 6 61 61 
38 229 5 6 61 61 
38 229 5 6 61 61 
38 229 5 6 61 61 
38 229 5 6 61 61 
38 229 5 6 61 61 
38 229 5 6 61 61 
95 38 229 96 5 6 61 61 
38 229 5 6 61 61 
38 229 5 6 61 61 
38 229 5 6 61 61 
38 229 5 6 61 61 
38 229 5 6 61 61 
38 229 5 6 61 61 
38 229 5 6 61 61 
38 229 5 6 61 61 
38 229 5 6 61 61 
38 229 5 6 61 61 
38 229 5 6 61 61 
38 229 5 6 61 61 
38 229 5 6 61 61 
38 229 5 6 61 61 
38 229 5 6 61 61 
38 229 5 6 61 61 
38 229 5 6 61 61 
38 229 5 6 61 61 
38 229 5 6 61 61 
38 229 5 6 61 61 
38 229 5 6 61 61 
38 229 5 6 61 61 
38 229 5 6 61 61 
38 229 5 6 61 61 
38 229 5 6 444 8 61 61 
38 229 5 6 444 8 61 61 
38 229 5 6 444 8 61 61 
38 229 5 6 444 8 61 61 
38 229 5 6 444 8 61 61 
38 229 5 6 444 8 61 61 
38 229 5 6 444 8 61 61 
38 229 5 6 444 8 61 61 
38 229 145 42 5 6 444 8 61 61 
38 229 145 42 5 6 444 8 61 61 
38 229 5 6 444 8 61 61 
38 229 5 6 444 8 61 61 
38 229 5 6 8 61 61 
38 229 5 6 8 61 61 
38 229 5 6 8 61 61 
38 229 5 6 8 61 61 
38 229 5 6 8 61 61 
38 229 5 6 8 61 61 
38 229 5 6 8 61 61 
38 229 42 5 6 8 61 61 
38 229 5 240 6 162 8 242 61 61 
38 229 5 6 61 61 
408 409 51 38 229 52 5 6 31 61 61 
38 229 5 6 8 61 61 
38 229 5 6 8 61 61 
38 229 5 6 8 61 61 
38 229 5 6 8 61 61 
38 229 5 6 176 162 8 61 61 
38 229 5 6 8 61 61 
38 229 5 6 8 61 61 
38 229 5 6 8 61 61 
38 229 5 6 8 61 61 
38 229 5 6 8 61 61 
38 229 5 6 8 61 61 
38 229 5 6 8 61 61 
38 229 5 6 8 61 61 
38 229 5 6 8 61 61 
38 229 5 6 8 61 61 
38 229 5 6 444 8 61 61 
38 229 5 6 444 8 61 61 
38 229 5 6 444 8 61 61 
38 229 5 6 444 8 61 61 
38 229 5 6 444 8 61 61 
38 229 5 6 444 8 61 61 
1 38 2 229 5 6 444 8 61 61 
38 229 5 6 444 8 61 61 
38 229 5 6 444 8 61 61 
38 229 5 6 444 8 61 61 
38 229 5 6 8 61 61 
38 229 5 6 8 61 61 
38 229 5 6 8 61 61 
38 229 5 6 8 61 61 
38 229 5 6 8 61 61 
38 229 5 6 8 61 61 
38 229 5 6 61 61 
38 229 5 6 61 61 
38 229 5 6 61 61 
38 229 5 6 61 61 
38 229 5 6 61 61 
38 229 5 6 61 61 
38 229 5 6 61 61 
38 229 5 6 61 61 
38 229 5 6 61 61 
38 229 5 6 61 61 
38 229 5 6 61 61 
38 229 5 6 61 61 
38 229 5 6 8 61 61 
38 229 42 5 6 8 61 61 
38 229 5 6 8 61 61 
38 229 5 6 8 61 61 
38 229 5 6 8 61 61 
38 229 5 6 8 61 61 
38 229 5 6 8 61 61 
38 229 5 6 8 61 61 
38 229 5 6 8 61 61 
38 229 5 6 8 61 61 
38 229 5 6 8 61 61 
38 229 5 6 8 61 61 
38 229 5 6 8 61 61 
38 229 5 6 8 61 61 
38 229 5 6 8 61 61 
38 229 5 6 8 61 61 
38 229 5 6 8 61 61 
38 229 5 6 8 61 61 
38 229 5 6 8 61 61 
38 229 5 6 8 61 61 
38 229 5 6 8 61 61 
38 229 5 6 8 61 61 
38 229 5 6 8 61 61 
38 229 5 6 61 61 
38 229 5 6 8 61 61 
38 229 145 42 5 6 8 61 61 
1 38 2 229 5 6 8 61 61 
38 229 42 5 6 8 61 61 
38 229 5 6 8 61 61 
38 229 5 6 8 61 61 
38 229 5 6 8 61 61 
38 229 5 6 8 61 61 
38 229 5 6 8 61 61 
38 229 5 6 8 61 61 
38 229 5 6 8 61 61 
38 229 42 108 5 6 8 61 61 
38 229 5 6 8 61 61 
38 229 5 6 8 61 61 
38 229 5 6 8 61 61 
38 229 5 6 8 61 61 
38 229 5 6 8 61 61 
38 229 5 6 8 61 61 
38 229 5 6 61 61 
38 229 5 6 8 61 61 
38 229 5 6 8 61 61 
38 229 5 6 8 61 61 
38 229 5 6 8 61 61 
38 229 5 6 8 61 61 
38 229 5 6 585 8 144 61 61 
38 229 5 6 8 61 61 
38 229 5 6 8 61 61 
38 229 5 6 8 61 61 
38 229 5 6 8 61 61 
38 229 5 6 8 61 61 
38 229 5 6 8 61 61 
38 229 5 6 8 61 61 
38 229 5 6 8 61 61 
38 229 5 6 8 61 61 
1 38 2 229 5 6 8 61 61 
38 229 5 6 8 61 61 
38 229 5 6 8 61 61 
38 229 5 6 8 61 61 
38 229 5 6 8 61 61 
38 229 5 6 8 61 61 
38 229 5 6 8 61 61 
38 229 5 6 8 61 61 
38 229 5 6 8 61 61 
38 229 5 6 8 61 61 
38 229 5 6 8 61 61 
38 229 5 6 8 61 61 
38 229 5 6 8 61 61 
38 229 5 6 8 61 61 
38 229 5 6 8 61 61 
38 229 5 6 61 61 
38 229 5 6 61 61 
38 229 5 6 8 61 61 
38 229 5 6 8 61 61 
58 59 38 229 60 5 6 8 61 61 
38 229 145 42 5 6 8 61 61 
38 229 5 6 8 61 61 
38 229 5 6 8 61 61 
38 229 5 6 8 61 61 
38 229 5 6 21 68 61 24 61 
38 229 5 6 21 68 61 24 61 
38 229 5 6 21 68 61 24 61 
38 229 5 6 21 68 61 24 61 
38 229 5 6 8 61 61 
38 229 5 6 8 61 61 
38 229 5 6 8 61 61 
38 229 5 6 61 61 
38 229 5 6 8 61 61 
38 229 5 6 8 61 61 
38 229 5 6 8 61 61 
38 229 5 6 8 61 61 
38 229 5 6 8 61 61 
38 229 5 6 8 61 61 
38 229 5 6 8 61 61 
38 229 5 6 21 61 61 
38 229 5 6 21 61 61 
38 229 5 6 21 61 61 
38 229 5 6 21 61 61 
38 229 5 6 8 61 61 
38 229 5 6 8 61 61 
38 229 5 6 8 61 61 
38 229 5 6 8 61 61 
38 229 5 6 8 61 61 
38 229 5 6 8 61 61 
38 229 5 6 61 61 
38 229 5 6 8 61 61 
38 229 5 6 8 61 61 
38 229 5 6 8 61 61 
38 229 5 6 8 61 61 
38 229 5 6 8 61 61 
38 229 5 6 8 61 61 
38 229 5 6 8 61 61 
38 229 5 6 8 61 61 
38 229 5 6 8 61 61 
38 229 5 6 8 61 61 
1 38 2 229 5 6 8 61 61 
38 229 42 5 6 8 61 61 
38 229 5 6 8 61 61 
38 229 5 6 8 61 61 
184 1 15 38 185 229 5 6 8 61 61 
1 38 2 229 5 6 8 61 61 
38 229 5 6 8 61 61 
38 229 5 6 8 61 61 
38 229 5 6 8 61 61 
38 229 5 6 8 61 61 
38 229 5 6 8 61 61 
1 15 38 229 43 5 6 8 61 61 
38 229 5 6 8 61 61 
38 229 5 6 176 162 8 61 61 
38 229 5 6 8 61 61 
38 229 5 6 8 61 61 
38 229 5 6 8 61 61 
38 229 5 6 8 61 61 
38 229 5 6 8 61 61 
38 229 5 6 8 61 61 
38 229 5 6 8 61 61 
38 229 5 6 8 61 61 
38 229 5 6 8 61 61 
38 229 5 49 6 25 61 61 
38 229 5 6 444 8 61 61 
38 229 5 6 444 8 61 61 
38 229 5 6 444 8 61 61 
38 229 5 6 444 8 61 61 
38 229 5 6 8 61 61 
38 229 5 6 8 61 61 
190 54 51 38 229 192 269 5 6 8 61 61 
38 229 5 6 8 61 61 
38 229 5 6 8 61 61 
38 229 5 6 8 61 61 
38 229 5 6 8 61 61 
1 38 2 229 5 6 8 61 61 
38 229 5 6 25 61 61 
38 229 5 6 162 8 61 61 
38 229 5 6 8 61 61 
38 229 5 6 8 61 61 
38 229 5 6 8 61 61 
1 38 2 229 5 6 8 61 61 
38 229 5 6 8 61 61 
38 229 5 6 8 61 61 
38 229 5 6 8 61 61 
38 229 145 42 5 6 8 61 61 
38 229 5 6 8 61 61 
38 229 5 6 8 61 61 
38 229 5 6 8 61 61 
38 229 5 6 8 61 61 
38 229 5 6 8 61 61 
38 229 5 6 8 61 61 
38 229 5 6 8 61 61 
38 229 5 6 8 61 61 
38 229 5 6 8 61 61 
38 229 42 5 6 8 61 61 
38 229 5 6 8 61 61 
38 229 5 6 8 61 61 
1 15 38 202 229 5 6 8 61 61 
38 229 5 6 8 61 61 
38 229 5 6 8 61 61 
38 229 5 6 8 61 61 
38 229 5 6 61 61 
38 229 5 6 8 61 61 
38 229 5 6 8 61 61 
38 229 5 6 8 61 61 
38 229 5 6 8 61 61 
38 229 5 6 8 61 61 
38 229 5 6 8 61 61 
38 229 5 6 8 61 61 
38 229 5 6 8 61 61 
38 229 5 6 8 61 61 
38 229 5 6 8 61 61 
1 38 2 229 5 6 8 61 61 
38 229 5 6 8 61 61 
38 229 5 6 8 61 61 
38 229 5 6 8 61 61 
38 229 5 6 8 61 61 
38 229 5 6 8 61 61 
38 229 5 6 8 61 61 
38 229 5 6 8 61 61 
38 229 5 6 8 61 61 
38 229 5 6 8 61 61 
38 229 5 6 8 61 61 
38 229 5 6 8 61 61 
38 229 5 6 8 61 61 
38 229 5 6 8 61 61 
38 229 42 5 6 8 61 61 
38 229 5 6 8 61 61 
38 229 42 108 5 6 8 61 61 
51 38 229 5 6 8 61 61 
38 229 5 6 8 61 61 
38 229 5 6 8 61 61 
38 229 5 6 8 61 61 
38 229 5 6 8 61 61 
38 229 5 6 8 61 61 
38 229 5 6 8 61 61 
38 229 5 6 8 61 61 
38 229 5 6 8 61 61 
38 229 5 6 8 61 61 
38 229 5 6 8 61 61 
38 229 5 6 8 61 61 
38 229 5 6 8 61 61 
38 229 5 6 8 61 61 
38 229 5 6 8 61 61 
38 229 5 6 8 61 61 
38 229 5 6 8 61 61 
38 229 5 6 8 61 61 
38 229 5 6 8 61 61 
38 229 5 6 8 61 61 
38 229 5 6 8 61 61 
38 229 5 6 8 61 61 
38 229 5 6 8 61 61 
38 229 5 6 8 61 61 
38 229 5 6 444 8 61 61 
1 15 38 229 43 5 6 444 8 61 61 
38 229 5 6 444 8 61 61 
38 229 5 6 444 8 61 61 
38 229 5 6 8 61 61 
1 15 38 229 43 5 6 61 61 
38 229 5 6 8 61 61 
38 229 5 6 8 61 61 
38 229 5 6 8 61 61 
38 229 5 6 8 61 61 
38 229 5 6 8 61 61 
38 229 5 6 444 8 61 61 
38 229 5 6 444 8 61 61 
38 229 5 6 444 8 61 61 
38 229 5 6 444 8 61 61 
38 229 5 6 444 8 61 61 
38 229 5 6 444 8 61 61 
38 229 5 6 444 8 61 61 
38 229 5 6 444 8 61 61 
38 229 5 6 444 8 61 61 
38 229 5 6 444 8 61 61 
38 229 5 6 444 8 61 61 
38 229 5 6 444 8 61 61 
38 229 5 6 444 8 61 61 
38 229 5 6 444 8 61 61 
38 229 5 6 8 61 61 
38 229 5 6 8 61 61 
38 229 5 6 8 61 61 
38 229 5 6 8 61 61 
38 229 5 6 8 12 61 61 
38 229 5 6 8 61 61 
38 229 5 6 8 61 61 
38 229 5 6 8 61 61 
38 229 5 6 8 61 61 
38 229 5 6 8 61 61 
38 229 5 6 8 61 61 
38 229 5 6 8 61 61 
38 229 5 6 61 61 
38 229 5 6 25 8 462 61 61 
38 229 5 6 25 8 462 61 61 
38 229 5 6 25 8 462 61 61 
38 229 5 6 25 8 462 61 61 
38 229 5 6 25 8 462 61 61 
38 229 5 6 25 8 462 61 61 
38 229 5 6 8 61 61 
38 229 5 6 8 61 61 
38 229 5 6 8 61 61 
38 229 5 6 8 61 61 
59 128 38 229 717 60 5 6 8 61 61 
38 229 5 6 8 61 61 
38 229 5 6 8 61 61 
38 229 5 6 8 61 61 
38 229 5 6 8 61 61 
38 229 5 6 8 61 61 
38 229 5 6 444 8 61 61 
38 229 5 6 444 8 61 61 
38 229 5 6 444 8 61 61 
38 229 5 6 444 8 61 61 
38 229 5 6 444 8 61 61 
38 229 5 6 444 8 61 61 
38 229 5 6 444 8 61 61 
38 229 5 6 444 8 61 61 
38 229 5 6 444 8 61 61 
38 229 5 6 444 8 61 61 
38 229 5 6 444 8 61 61 
38 229 5 6 444 8 61 61 
38 229 5 6 444 8 61 61 
38 229 5 6 8 61 61 
38 229 5 6 8 61 61 
38 229 5 6 61 61 
38 229 5 6 61 61 
38 229 5 6 61 61 
38 229 5 6 8 61 61 
38 229 5 6 8 61 61 
38 229 5 6 8 61 61 
38 229 5 6 8 61 61 
38 229 5 6 8 61 61 
38 229 5 6 8 61 61 
38 229 5 6 61 61 
38 229 5 6 61 61 
38 229 5 6 8 61 61 
38 229 5 6 61 61 
38 229 5 6 61 61 
38 229 5 6 8 61 61 
38 229 5 6 8 61 61 
38 229 5 6 8 61 61 
38 229 5 6 61 61 
38 229 5 6 61 61 
38 229 5 6 61 61 
38 229 5 6 61 61 
38 229 5 6 61 61 
38 229 5 6 61 61 
38 229 5 6 61 61 
38 229 5 6 61 61 
38 229 5 6 61 61 
38 229 5 6 61 61 
38 229 5 6 61 61 
38 229 5 6 61 61 
38 229 5 6 61 61 
38 229 5 6 8 61 61 
38 229 5 6 8 61 61 
38 229 5 6 8 61 61 
38 229 5 6 61 61 
38 229 5 6 61 61 
38 229 5 6 61 61 
38 229 5 6 61 61 
38 229 5 6 61 61 
38 229 5 6 61 61 
38 229 5 6 61 61 
38 229 5 6 61 61 
38 229 5 6 61 61 
38 229 5 6 61 61 
38 229 5 6 61 61 
38 229 5 6 61 61 
38 229 5 6 61 61 
38 229 5 6 61 61 
38 229 5 6 61 61 
38 229 5 6 61 61 
38 229 5 6 61 61 
38 229 5 6 61 61 
38 229 5 6 61 61 
38 229 5 6 61 61 
38 229 5 6 61 61 
38 229 5 6 61 61 
38 229 5 6 61 61 
38 229 5 6 61 61 
38 229 5 6 61 61 
38 229 5 6 61 61 
38 229 5 6 61 61 
38 229 5 6 61 61 
38 229 5 6 61 61 
38 229 5 6 61 61 
38 229 5 6 61 61 
38 229 5 6 61 61 
38 229 5 6 61 61 
38 229 5 6 61 61 
38 229 5 6 61 61 
38 229 5 6 61 61 
38 229 5 6 61 61 
38 229 5 6 61 61 
38 229 5 6 61 61 
38 229 5 6 61 61 
38 229 5 6 61 61 
38 229 5 6 61 61 
38 229 5 6 61 61 
38 229 5 6 61 61 
1 19 38 2 229 5 6 61 61 
38 229 5 6 61 61 
38 229 42 5 6 61 61 
38 229 5 6 61 61 
38 229 5 6 61 61 
38 229 5 6 61 61 
38 229 5 6 61 61 
38 229 5 6 61 61 
38 229 5 6 61 61 
38 229 5 6 61 61 
38 229 5 6 61 61 
38 229 5 6 61 61 
38 229 5 6 61 61 
38 229 5 6 61 61 
38 229 5 6 61 61 
38 229 5 6 61 61 
38 229 5 6 61 61 
38 229 5 6 61 61 
38 229 5 6 61 61 
38 229 5 6 61 61 
38 229 5 6 61 61 
38 229 5 6 61 61 
53 54 51 38 229 5 6 61 61 
38 229 5 6 61 61 
38 229 5 6 61 61 
38 229 5 6 61 61 
38 229 5 6 61 61 
38 229 5 6 61 61 
38 229 5 6 61 61 
38 229 5 6 61 61 
38 229 5 6 61 61 
38 229 5 6 61 61 
264 38 229 5 6 61 61 
38 229 5 6 61 61 
38 229 5 6 61 61 
1 15 38 229 43 5 6 61 61 
38 229 5 6 61 61 
38 229 5 6 61 61 
38 229 5 6 61 61 
38 229 5 6 61 61 
38 229 5 6 61 61 
38 229 5 6 61 61 
38 229 5 6 61 61 
38 229 5 6 61 61 
38 229 5 6 61 61 
38 229 5 6 61 61 
38 229 5 6 61 61 
38 229 5 6 61 61 
38 229 5 6 61 61 
38 229 5 6 61 61 
38 229 5 6 61 61 
38 229 5 6 61 61 