36 21 37 22 17 23 
1 18 21 22 5 12 13 
21 22 5 12 13 
21 22 5 12 13 
29 30 21 22 5 12 13 
21 22 5 12 13 
21 22 5 12 13 
21 22 5 12 13 
21 22 5 12 13 
21 22 5 12 13 
21 22 5 12 13 
21 22 5 12 13 
1 18 21 22 5 12 13 
21 22 5 12 13 
38 21 22 39 40 41 42 
43 21 5 7 
1 18 21 22 5 12 13 
21 22 5 12 13 
36 21 37 22 5 12 13 
21 22 5 12 13 
1 18 21 22 5 12 13 
21 22 5 12 13 
21 22 5 12 13 
21 22 5 12 13 
1 18 21 22 5 12 13 
21 22 5 12 13 
21 22 5 12 13 
21 22 5 12 13 
29 21 22 5 12 13 
1 2 21 4 22 5 12 13 
21 22 5 12 13 
21 22 5 12 13 
1 44 18 21 22 5 12 13 
21 22 5 12 13 
21 22 5 12 13 
21 22 5 12 13 
21 22 5 12 13 
21 22 5 12 13 
45 21 46 22 5 12 13 
21 22 5 12 13 
1 18 21 22 5 12 13 
1 2 21 22 5 12 13 
21 22 5 12 13 
21 22 5 12 13 
21 22 5 12 13 
1 2 14 21 22 5 12 13 
1 21 22 5 12 13 
36 21 37 22 5 12 13 
21 22 5 12 13 
21 22 5 12 13 
21 22 5 12 13 
21 22 5 12 13 
21 22 5 12 13 
21 22 5 12 13 
21 22 5 12 13 
47 48 49 50 21 22 5 12 13 
21 22 5 12 13 
19 20 21 22 5 12 13 
21 22 5 12 13 
26 27 28 21 22 5 12 13 
1 18 21 22 5 12 13 
45 21 46 22 5 12 13 
21 22 5 12 13 
1 2 21 4 22 5 12 13 
1 2 21 4 22 5 12 13 
21 22 5 12 13 
21 22 5 12 13 
45 21 46 22 5 12 13 
21 22 5 12 13 
21 22 5 12 13 
21 22 5 12 13 
21 22 5 12 13 
1 18 21 22 5 12 13 
21 22 5 12 13 
1 18 21 22 5 12 13 
21 22 5 12 13 
21 22 5 12 13 
21 22 5 12 13 
21 22 5 12 13 
1 18 21 22 5 12 13 
21 22 5 12 13 
21 22 5 12 13 
45 21 46 22 5 12 13 
1 18 21 22 5 12 13 
1 2 21 22 5 12 13 
21 22 5 12 13 
21 22 5 12 13 
21 22 5 12 13 
21 22 5 12 13 
21 22 5 12 13 
29 30 21 22 5 12 13 
21 22 5 12 13 
21 22 5 12 13 
1 2 21 4 22 5 12 13 
21 22 5 12 13 
36 21 37 22 5 12 13 
21 22 5 12 13 
21 22 5 12 13 
36 21 37 22 5 12 13 
21 22 5 12 13 
