1 15 571 43 5 6 210 61 210 
1 15 571 43 5 6 210 61 210 
1 15 571 43 5 6 210 36 61 130 210 
1 15 571 43 5 6 210 36 61 130 210 
1 15 571 43 5 6 210 61 210 
1 15 571 646 43 5 6 210 61 210 
1 15 571 43 5 6 210 61 210 
1 15 571 43 5 6 210 61 210 
1 15 571 43 5 6 210 61 210 
1 15 571 43 5 6 210 61 210 
1 15 571 43 5 6 210 61 210 
1 15 571 43 5 6 210 61 210 
1 15 571 43 5 6 210 61 210 
1 15 571 43 5 6 210 61 210 
1 15 571 43 5 6 210 61 210 
1 15 571 43 5 6 210 61 210 
1 15 571 43 5 6 210 61 210 
1 15 571 43 5 6 210 8 61 210 
1 15 571 43 5 6 210 61 210 
1 15 571 43 5 6 210 61 210 
1 15 571 43 5 6 210 61 210 
1 15 571 43 5 6 210 61 210 
1 15 571 43 5 6 210 61 210 
1 15 571 43 5 6 210 61 210 
1 15 571 43 5 6 210 61 210 
1 15 571 43 5 6 210 61 210 
1 15 571 43 5 6 210 61 210 
1 15 571 43 5 6 210 61 210 
1 15 571 43 5 6 210 61 210 
1 15 571 43 5 91 6 210 92 61 210 
1 15 571 43 5 6 210 61 210 
1 15 571 43 5 6 210 61 210 
1 15 571 43 5 6 210 61 210 
1 15 571 43 5 6 210 36 61 130 210 
1 15 571 43 5 6 210 36 61 130 210 
1 15 571 43 5 6 210 61 210 
1 15 571 43 5 6 210 61 210 
1 15 571 43 5 6 210 61 210 
1 184 15 571 185 43 5 6 210 61 210 
1 15 571 43 5 6 210 61 210 
1 15 571 43 5 6 210 61 210 
1 15 571 43 5 6 210 61 210 
1 15 571 43 5 6 210 61 210 
1 15 571 43 5 6 210 61 210 
1 15 571 43 5 6 210 61 210 
1 15 571 43 5 6 210 61 210 
1 15 571 43 5 6 210 61 210 
1 15 571 43 5 6 210 61 210 
1 15 571 43 5 6 210 61 210 
1 15 571 43 5 6 210 23 158 61 210 
1 15 571 43 5 6 210 61 210 
1 15 571 43 5 6 210 61 210 
1 15 571 43 5 6 210 61 210 
1 15 571 43 5 6 210 61 210 
1 15 571 43 5 6 210 61 210 
1 15 571 43 5 6 210 61 210 
1 15 571 43 5 6 210 61 210 
1 15 571 43 5 6 210 61 210 
1 15 571 43 5 6 210 61 210 
1 15 571 43 5 6 210 61 210 
1 15 571 43 5 6 210 61 210 
1 15 571 43 5 6 210 61 210 
1 15 571 43 5 6 210 61 210 
1 15 571 43 5 6 210 61 210 
1 15 571 43 5 6 210 61 210 
1 15 571 43 5 6 210 61 210 
1 15 571 43 5 6 210 61 210 
1 15 571 43 5 6 210 61 210 
1 15 571 43 5 6 210 61 210 
1 15 571 43 5 6 210 61 210 
1 15 571 646 43 5 6 210 61 210 
1 15 571 43 5 6 210 61 210 
1 15 571 43 5 6 210 61 210 
1 15 571 43 5 6 210 61 210 
1 15 571 43 5 6 210 61 210 
1 15 571 43 5 6 210 61 210 
1 15 571 43 5 6 210 61 210 
1 15 571 43 5 6 210 61 210 
1 15 571 43 5 6 210 61 210 
1 15 571 43 5 6 210 61 210 
1 15 571 43 5 6 210 61 210 
1 15 571 43 5 6 210 61 210 
1 15 571 43 5 6 210 61 210 
1 15 571 43 5 6 210 61 210 
1 15 571 2 43 5 6 210 61 210 
1 15 571 43 5 6 210 61 210 
1 15 571 43 5 6 31 210 61 210 
1 15 571 43 5 81 6 21 210 82 61 24 210 
1 15 571 43 5 6 21 22 210 61 24 210 
1 54 15 51 571 43 5 6 21 22 210 61 24 210 
1 15 571 2 43 5 6 210 61 210 
1 15 571 43 5 6 210 61 210 
1 15 571 43 5 6 210 61 210 
1 15 571 43 5 6 210 61 210 
1 15 571 43 5 6 210 61 210 
1 15 571 43 5 6 210 61 210 
1 15 571 43 5 6 210 61 210 
1 15 571 43 5 6 210 61 210 
1 15 571 43 5 6 210 61 210 
1 15 571 43 5 6 210 61 210 
1 15 571 43 5 6 210 61 210 
1 15 571 43 5 6 210 61 210 
1 184 15 571 185 43 5 6 210 61 210 
1 15 571 43 5 6 210 61 210 
1 15 571 43 5 6 210 61 210 
1 15 571 43 5 6 210 61 210 
1 15 571 43 5 6 210 61 210 
1 15 571 43 5 6 210 61 210 
1 15 571 43 5 6 210 61 210 
1 15 571 43 5 6 210 61 210 
1 15 571 43 5 6 210 61 210 
1 15 571 43 5 6 210 61 210 
1 15 571 43 5 6 210 61 210 
1 15 571 43 5 6 210 61 210 
1 15 571 43 5 6 210 61 210 
1 15 571 43 5 6 210 61 210 
1 15 571 43 5 6 210 61 210 
1 15 571 43 5 6 210 61 210 
1 15 571 43 5 6 210 61 210 
1 15 571 2 43 5 6 210 61 210 
1 15 571 43 5 6 210 61 210 
1 15 571 43 5 6 210 61 210 
1 15 571 43 5 6 210 61 210 
1 15 571 43 5 6 210 61 210 
1 15 571 43 5 6 210 61 210 
1 15 571 43 5 6 210 61 210 
1 15 571 43 5 6 210 61 210 
1 15 571 43 5 6 210 61 210 
1 15 571 43 5 118 6 210 132 36 61 210 
1 15 571 43 5 118 6 210 132 36 61 210 
1 15 571 43 5 118 6 210 132 36 61 210 
1 15 571 43 5 118 6 210 132 36 61 210 
1 15 571 43 5 118 6 210 132 36 61 210 
1 15 571 43 5 118 6 210 132 36 61 210 
1 15 571 43 5 118 6 210 132 36 61 210 
1 15 571 43 5 118 6 210 132 36 61 210 
1 15 571 43 5 118 6 210 132 36 61 210 
1 15 571 43 5 118 6 210 132 36 61 210 
1 15 571 43 5 118 6 210 132 36 61 210 
1 15 571 43 5 118 6 210 132 36 61 210 
1 15 571 43 5 118 6 210 132 36 61 210 
1 15 571 43 5 118 6 210 132 36 61 210 
1 15 571 43 5 118 6 210 132 36 61 210 
1 15 571 43 5 118 6 210 132 36 61 210 
1 15 571 43 5 118 6 210 132 36 61 210 
1 15 571 43 5 118 6 210 132 36 61 210 
1 15 571 43 5 118 6 210 132 36 61 210 
1 15 571 43 5 6 210 61 210 
1 15 571 43 5 6 210 61 210 
1 15 571 43 5 6 210 61 210 
1 15 571 43 5 6 210 61 210 
1 15 571 43 5 6 210 61 210 
1 15 571 43 5 6 210 61 210 
1 15 571 43 5 6 210 61 210 
1 15 571 43 5 6 210 61 210 
1 15 571 43 5 6 210 61 210 
1 15 571 43 5 6 210 61 210 
1 15 571 43 5 6 210 61 210 
1 15 571 43 5 6 210 61 210 
1 15 571 43 5 6 210 61 210 
1 15 571 43 5 6 210 61 210 
1 15 571 43 5 6 210 61 210 
1 15 571 43 5 6 210 61 210 
1 15 571 43 5 6 210 61 210 
1 15 571 43 5 6 210 61 210 
1 15 571 43 5 6 210 61 210 
1 15 571 43 5 6 210 61 210 
1 15 571 43 5 6 210 61 210 
1 15 571 43 5 6 210 61 210 
1 15 571 43 5 6 210 61 210 
1 15 571 43 5 6 210 61 210 
1 15 571 43 5 6 210 61 210 
1 15 571 43 5 6 210 61 210 
1 15 571 43 5 6 210 61 210 
1 15 571 43 5 6 210 8 61 210 
1 15 571 43 5 6 210 61 210 
1 15 571 43 5 6 210 61 210 
1 15 571 43 5 6 210 61 210 
1 15 571 43 5 6 210 61 210 
1 15 571 43 5 6 210 61 210 
1 15 571 43 5 6 210 61 210 
1 15 571 43 5 6 210 61 210 
1 15 571 43 5 6 210 61 210 
1 15 571 43 5 27 28 6 21 210 61 210 
1 15 571 43 5 6 210 61 210 
1 15 571 43 5 6 210 61 210 
1 15 571 43 5 6 210 61 210 
1 15 571 43 5 6 210 61 210 
1 15 571 43 5 6 210 61 210 
1 15 571 43 5 6 210 61 210 
1 15 571 43 5 6 210 61 210 
1 15 571 43 5 6 210 61 210 
1 15 571 43 5 6 210 61 210 
1 15 571 43 5 6 210 61 210 
1 15 571 43 5 6 210 61 210 
1 15 571 43 5 6 210 61 210 
1 15 571 43 5 6 210 61 210 
1 15 571 43 5 6 210 61 210 
1 15 571 43 5 6 210 61 210 
1 15 571 43 5 6 210 61 210 
1 15 571 43 5 6 210 61 210 
1 15 571 43 5 6 210 61 210 
1 15 571 43 5 6 210 61 210 
1 15 571 43 5 6 210 61 210 
1 15 571 43 5 6 210 61 210 
1 15 571 43 5 6 210 61 210 
1 15 571 43 5 6 210 61 210 
1 15 571 43 5 6 210 61 210 
1 15 571 43 5 6 210 61 210 
1 15 571 43 5 6 210 61 210 
1 15 571 43 5 6 210 61 210 
1 15 571 43 5 6 210 61 210 
1 15 571 43 5 6 210 61 210 
1 15 571 43 5 6 210 61 210 
1 15 571 43 5 6 210 61 210 
1 15 571 43 5 6 210 61 210 
1 15 571 43 5 6 210 61 210 
1 15 571 43 5 6 210 61 210 
1 15 571 43 5 6 210 61 210 
1 15 571 43 5 6 210 61 210 
1 15 571 43 5 6 210 61 210 
1 15 571 43 5 6 210 61 210 
1 15 571 43 5 6 210 61 210 
1 15 571 43 5 6 210 61 210 
1 15 571 2 43 5 6 210 61 210 
1 15 571 43 5 6 210 61 210 
1 15 571 43 5 6 210 61 210 
1 15 571 43 5 6 210 61 210 
1 15 571 43 5 6 210 61 210 
1 15 571 43 5 6 210 61 210 
1 15 571 43 5 6 210 61 210 
1 15 571 43 5 6 210 61 210 
1 15 571 43 5 6 210 61 210 
1 15 571 43 5 6 210 61 210 
1 15 571 43 5 6 210 61 210 
1 15 571 43 5 6 210 61 210 
1 15 571 43 5 6 210 8 61 210 
1 15 571 43 5 6 210 8 61 210 
1 15 571 43 5 6 210 8 61 210 
1 15 571 42 43 5 6 210 8 61 210 
1 15 571 43 5 91 6 210 92 61 210 
1 15 571 43 5 6 210 61 210 
1 15 571 43 5 6 210 61 210 
1 15 571 43 5 6 210 61 210 
1 15 571 43 5 6 210 61 210 
1 15 571 43 5 6 210 61 210 
1 15 571 43 5 6 210 61 210 
1 15 571 43 5 6 210 61 210 
1 15 571 43 5 6 210 61 210 
1 15 571 43 5 6 210 61 210 
1 15 571 43 5 6 210 61 210 
1 15 571 43 5 6 210 61 210 
1 15 571 43 5 6 210 61 210 
1 15 571 43 5 6 210 61 210 
1 15 571 646 43 5 6 210 61 210 
1 15 571 43 5 6 210 61 210 
1 15 571 43 5 6 210 61 210 
1 15 571 43 5 6 210 61 210 
1 15 571 43 5 6 210 61 210 
1 15 571 43 5 6 210 61 210 
1 15 571 43 5 6 210 61 210 
1 15 571 43 5 6 210 61 210 
1 15 571 43 5 6 210 61 210 
1 15 571 43 5 6 210 61 210 
1 15 571 43 5 6 210 61 210 
1 15 571 43 5 6 210 61 210 
1 15 571 43 5 6 210 61 210 
1 15 571 43 5 6 210 61 210 
1 15 571 43 5 6 210 61 210 
1 15 571 43 5 6 210 61 210 
1 15 51 571 43 313 78 5 6 210 61 210 
1 15 571 43 5 6 210 61 210 
1 15 571 43 5 6 210 61 210 
1 15 571 43 5 6 210 61 210 
1 15 571 43 5 6 210 61 210 
1 15 571 43 5 91 6 210 92 61 210 
1 15 571 43 5 6 210 61 210 
1 15 571 43 5 6 210 61 210 
1 15 571 43 5 6 210 61 210 
1 15 571 43 5 6 210 61 210 
1 15 571 43 5 6 210 61 210 
1 15 571 43 5 6 210 61 210 
1 15 571 43 5 6 210 61 210 
1 15 571 43 5 6 210 61 210 
1 15 571 43 5 6 210 61 210 
1 15 571 43 5 6 210 61 210 
1 15 571 43 5 6 210 61 210 
1 15 571 43 5 6 210 61 210 
1 15 571 43 5 6 210 61 210 
1 15 571 43 5 6 210 61 210 
1 15 571 43 5 6 210 61 210 
1 15 571 43 5 6 210 61 210 
1 15 571 43 5 6 210 61 210 
1 15 571 43 5 6 210 61 210 
1 15 571 43 5 6 210 61 210 
1 15 571 43 5 6 210 61 210 
1 15 571 646 43 5 6 210 61 210 
1 15 571 43 5 6 210 61 210 
1 15 571 43 5 6 210 61 210 
1 15 571 43 5 6 210 61 210 
1 15 571 43 5 6 210 61 210 
1 15 571 43 5 6 210 61 210 
1 15 571 43 5 6 210 61 210 
1 15 571 43 5 6 210 61 210 
1 15 571 43 5 6 210 61 210 
1 15 571 43 5 6 210 61 210 
1 15 571 43 5 6 210 61 210 
1 15 571 43 5 6 210 61 210 
1 15 571 43 5 6 210 61 210 
1 15 571 43 5 6 210 61 210 
1 15 571 43 5 6 210 61 210 
1 15 571 43 5 6 210 61 210 
1 15 571 43 5 6 210 61 210 
1 15 571 43 5 6 210 61 210 
1 15 571 43 5 6 210 61 210 
1 15 571 43 5 6 210 61 210 
1 15 571 43 5 6 210 61 210 
1 15 571 43 5 6 210 61 210 
1 15 571 43 5 6 210 61 210 
1 15 571 43 5 6 210 61 210 
1 15 571 43 5 6 210 61 210 
1 15 571 43 5 6 210 61 210 
1 15 571 43 5 6 210 61 210 
1 15 571 43 5 6 210 61 210 
1 314 15 51 571 313 43 78 5 6 210 61 210 
1 15 571 43 5 6 210 61 210 
1 15 571 43 5 6 210 61 210 
1 15 571 43 5 6 210 61 210 
1 15 571 43 5 6 210 61 210 
1 15 571 43 5 6 210 61 210 
1 15 571 43 5 6 210 61 210 
1 15 571 43 5 6 210 61 210 
1 15 571 43 5 6 210 61 210 
1 15 571 43 5 6 210 61 210 
1 15 571 43 5 6 210 61 210 
1 15 571 43 5 6 210 61 210 
1 15 571 2 43 5 6 210 61 210 
1 15 571 43 5 6 210 61 210 
1 15 571 43 5 6 210 61 210 
1 15 571 43 5 6 210 61 210 
1 15 571 43 5 6 210 61 210 
1 15 571 43 5 6 210 61 210 
1 15 571 43 5 6 210 61 210 
1 15 571 43 5 6 210 61 210 
1 15 571 43 5 6 210 61 210 
1 15 571 43 5 6 210 61 210 
1 15 571 43 5 6 210 61 210 
1 15 571 43 5 6 210 61 210 
1 15 571 43 5 6 210 61 210 
1 15 571 43 5 6 210 61 210 
1 15 571 43 5 6 210 61 210 
1 15 571 43 5 6 210 61 210 
1 15 571 43 5 6 210 61 210 
1 15 571 43 5 6 210 61 210 
1 15 571 43 5 6 210 61 210 
1 15 571 43 5 6 210 61 210 
1 15 571 43 5 6 210 61 210 
1 15 571 43 5 6 210 61 210 
1 15 571 43 5 6 210 61 210 
1 15 571 43 5 6 210 61 210 
1 15 571 43 5 6 210 61 210 
1 15 571 43 5 91 6 210 92 61 210 
1 15 571 43 5 6 210 8 61 210 
1 15 571 43 5 6 210 8 61 210 
1 15 571 43 5 6 210 61 210 
1 15 571 43 5 6 210 61 210 
1 15 571 43 5 6 210 8 61 210 
1 15 571 43 5 6 210 61 210 
1 15 571 43 5 6 210 61 210 
1 15 571 43 5 6 210 61 210 
1 15 571 43 5 6 210 61 210 
1 15 571 43 5 6 210 61 210 
1 15 571 43 5 6 210 61 210 
1 15 571 43 5 6 210 61 210 
1 15 571 43 5 6 210 61 210 
1 15 571 43 5 6 210 61 210 
1 15 571 43 5 6 210 61 210 
1 15 571 43 5 6 210 61 210 
1 15 571 43 5 6 210 61 210 
1 15 571 43 5 6 210 61 210 
1 15 571 43 5 6 210 61 210 
1 15 571 43 5 6 210 61 210 
1 53 54 15 51 571 43 5 6 210 61 210 
1 15 571 43 5 6 210 61 210 
1 15 571 43 5 6 210 61 210 
1 15 571 43 5 6 210 61 210 
1 15 571 43 5 91 6 210 92 61 210 
1 15 571 43 5 6 210 61 210 
1 15 571 43 5 6 210 61 210 
1 15 571 43 5 6 210 61 210 
1 15 571 43 5 6 210 61 210 
1 15 571 43 5 6 210 61 210 
1 15 571 43 5 6 210 61 210 
1 15 571 43 5 91 6 210 92 61 210 
1 15 571 43 5 91 6 210 92 61 210 
1 15 571 43 5 91 6 210 92 61 210 
1 15 571 43 5 6 210 61 210 
1 15 571 43 5 6 210 61 210 
1 15 571 43 5 6 210 61 210 
1 15 571 43 5 6 210 61 210 
1 15 571 43 5 6 210 61 210 
1 15 571 43 5 6 210 61 210 
1 15 571 43 5 6 210 61 210 
1 15 571 43 5 6 210 61 210 
1 15 571 43 5 6 210 61 210 
1 15 571 43 5 6 210 61 210 
1 15 571 43 5 6 210 61 210 
1 15 571 43 5 6 210 61 210 
1 15 571 43 5 6 210 61 210 
1 15 571 43 5 6 210 61 210 
1 15 571 43 5 6 210 61 210 
1 15 571 43 5 6 210 61 210 
1 15 571 43 5 6 210 61 210 
1 15 571 43 5 6 210 61 210 
1 15 571 43 5 6 210 61 210 
1 15 571 43 5 6 210 61 210 
1 314 15 51 571 313 43 78 5 6 210 61 210 
1 15 571 43 5 6 210 61 210 
1 15 571 43 5 6 210 374 61 210 
1 15 571 646 43 5 6 210 374 61 210 
1 15 571 43 5 6 210 61 210 
1 15 571 43 5 6 210 61 210 
1 15 571 43 5 6 210 61 210 
1 15 571 43 5 6 210 61 210 
1 15 571 43 5 6 210 61 210 
1 15 571 43 5 6 210 61 210 
1 15 571 43 5 6 210 61 210 
1 15 571 646 43 5 6 210 61 210 
1 15 51 571 43 5 6 210 61 210 
1 15 571 43 5 6 210 61 210 
1 15 571 43 5 6 210 61 210 
1 15 571 43 5 6 210 61 210 
1 15 571 43 5 6 210 61 210 
1 15 571 43 5 6 210 61 210 
1 15 571 43 5 6 210 61 210 
1 15 571 43 5 6 210 61 210 
1 15 571 43 5 6 210 61 210 
1 15 571 43 5 6 210 61 210 
1 15 571 2 43 5 6 210 162 8 36 61 130 210 
1 15 571 43 5 6 210 162 8 36 61 130 210 
1 15 571 43 5 6 210 162 8 36 61 130 210 
1 15 571 43 5 6 210 162 8 36 61 130 210 
1 15 571 43 5 6 210 61 210 
1 15 571 43 5 6 210 61 210 
1 15 571 43 5 6 210 61 210 
1 15 571 43 5 6 210 61 210 
1 15 571 43 5 6 210 61 210 
1 15 571 43 5 6 210 61 210 
1 15 571 43 5 6 210 61 210 
1 15 571 43 5 6 210 61 210 
1 15 571 43 5 6 210 61 210 
1 15 571 43 5 6 210 61 210 
1 15 571 43 5 6 210 61 210 
1 15 571 43 5 6 210 61 210 
1 15 571 43 5 6 210 61 210 
1 15 571 43 5 6 210 61 210 
1 15 571 43 5 6 210 61 210 
1 15 571 43 5 6 210 61 210 
1 15 571 43 5 6 210 61 210 
1 15 571 43 5 6 210 61 210 
1 15 571 43 5 6 210 61 210 
1 15 571 43 5 6 210 61 210 
1 15 571 43 5 6 210 61 210 
1 15 571 43 5 6 210 61 210 
1 15 571 43 5 6 210 61 210 
1 15 571 43 5 6 210 61 210 
1 15 571 43 5 6 210 61 210 
1 15 571 43 5 6 210 61 210 
1 15 571 43 5 6 210 61 210 
1 15 571 43 5 6 210 61 210 
1 15 571 43 5 6 210 61 210 
1 15 571 43 5 6 210 61 210 
1 15 571 43 5 6 210 61 210 
1 15 571 43 5 6 210 61 210 
1 15 571 43 5 6 210 61 210 
1 15 571 43 5 6 210 61 210 
1 15 571 43 5 6 210 61 210 
1 15 571 43 5 6 210 61 210 
1 15 571 43 5 6 210 61 210 
1 15 571 43 5 6 210 61 210 
1 15 571 43 5 6 210 61 210 
1 15 571 43 5 6 210 61 210 
1 15 571 43 5 6 210 61 210 
1 15 571 43 5 6 210 61 210 
1 15 571 43 5 6 210 61 210 
1 15 571 43 5 6 210 61 210 
1 15 571 43 5 6 210 61 210 
1 15 571 43 5 6 210 61 210 
1 15 571 43 5 6 210 61 210 
1 15 571 43 5 6 210 61 210 
1 15 571 43 5 6 210 61 210 
1 15 571 43 5 6 210 61 210 
1 15 571 43 5 6 210 61 210 
1 15 571 43 5 6 210 61 210 
1 15 571 43 5 6 210 61 210 
1 15 571 43 5 6 210 61 210 
1 15 571 646 43 5 6 210 61 210 
1 15 571 43 5 6 210 61 210 
1 15 571 43 5 6 210 61 210 
1 15 571 43 5 6 210 61 210 
1 15 571 43 5 6 210 61 210 
1 15 571 43 5 6 210 61 210 
1 15 571 43 5 6 210 61 210 
1 15 571 43 5 6 210 61 210 
1 15 571 43 5 6 210 61 210 
1 15 571 43 5 6 210 61 210 
1 15 571 43 5 6 210 61 210 
1 15 571 43 5 6 210 61 210 
1 15 571 43 5 6 210 61 210 
1 15 571 43 5 6 210 61 210 
1 15 571 43 5 6 210 61 210 
1 15 571 646 43 5 6 210 61 210 
1 15 571 43 5 6 210 61 210 
1 15 571 43 5 6 210 61 210 
1 15 571 43 5 6 210 61 210 
1 15 571 43 5 6 210 61 210 
1 15 571 43 5 6 210 61 210 
1 15 571 43 5 6 210 61 210 
1 15 571 43 5 6 210 61 210 
1 15 571 43 5 6 210 61 210 
1 15 571 2 43 5 6 210 61 210 
1 15 571 43 5 6 210 61 210 
1 15 571 43 5 6 210 61 210 
1 15 571 43 5 6 210 61 210 
1 15 571 43 5 6 210 61 210 
1 15 571 43 5 6 210 61 210 
1 15 571 43 5 6 210 61 210 
1 15 571 43 5 6 210 61 210 
1 15 571 43 5 6 210 61 210 
1 15 571 43 5 6 210 61 210 
1 15 571 43 5 6 210 61 210 
1 15 571 43 5 6 210 61 210 
1 15 571 43 5 6 210 61 210 
1 184 15 571 185 43 5 6 210 61 210 
1 15 571 43 5 6 210 61 210 
1 15 571 43 5 6 210 61 210 
1 15 571 43 5 6 210 61 210 
1 15 571 43 5 6 210 61 210 
1 15 571 43 5 6 210 61 210 
1 15 571 43 5 6 210 61 210 
1 15 571 43 5 6 210 61 210 
1 15 571 43 5 6 210 61 210 
1 15 571 43 5 6 210 61 210 
1 15 571 43 5 6 210 61 210 
1 15 571 43 5 6 210 61 210 
1 15 571 43 5 6 210 61 210 
1 15 571 43 5 6 210 61 210 
1 15 571 43 5 6 210 61 210 
1 15 571 43 5 6 210 61 210 
1 15 571 43 5 6 210 61 210 
1 15 571 43 5 6 210 61 210 
1 15 571 43 5 6 210 61 210 
1 15 571 43 5 6 210 61 210 
1 15 571 43 5 6 210 61 210 
1 15 571 43 5 6 210 61 210 
1 15 571 43 5 6 210 61 210 
1 15 571 43 5 6 210 61 210 
1 15 571 43 5 6 210 61 210 
1 15 571 43 5 6 210 61 210 
1 15 571 43 5 6 210 61 210 
1 15 571 43 5 6 210 61 210 
1 15 571 43 5 6 210 61 210 
1 15 571 43 5 6 210 61 210 
1 15 571 43 5 6 210 61 210 
1 15 571 43 5 6 210 61 210 
1 15 571 43 5 6 210 61 210 
1 15 571 43 5 6 210 61 210 
1 15 571 43 5 6 210 61 210 
1 15 571 43 5 6 210 61 210 
1 15 571 43 5 6 210 61 210 
1 15 571 43 5 6 210 61 210 
1 15 571 43 5 6 210 61 210 
1 15 571 43 5 6 210 61 210 
1 15 571 43 5 6 210 61 210 
1 15 571 43 5 6 210 61 210 
1 15 571 43 5 6 210 61 210 
1 15 571 43 5 6 210 61 210 
1 15 51 571 43 5 6 210 61 210 
1 15 571 43 5 6 210 61 210 
1 15 571 43 5 6 210 61 210 
1 15 571 43 5 6 210 61 210 
1 15 571 43 5 6 210 61 210 
1 15 571 43 5 6 210 61 210 
1 15 571 43 5 6 210 61 210 
1 15 571 43 5 6 210 61 210 
1 15 571 43 5 6 210 61 210 
1 15 571 43 5 6 210 61 210 
1 15 571 43 5 6 210 61 210 
1 15 571 43 5 6 210 61 210 
1 15 571 43 5 6 210 61 210 
1 15 571 43 5 6 210 61 210 
1 15 571 43 5 6 210 61 210 
1 15 571 43 5 6 210 61 210 
1 15 571 43 5 6 210 61 210 
1 15 571 43 5 6 210 61 210 
1 15 571 43 5 6 210 61 210 
1 15 571 43 5 6 210 61 210 
1 15 571 43 5 6 210 61 210 
1 15 571 43 5 6 210 61 210 
1 15 571 43 5 6 210 61 210 
1 15 571 43 5 6 210 61 210 
1 15 571 43 5 6 210 61 210 
1 15 571 43 5 6 210 61 210 
1 15 571 43 5 6 210 61 210 
1 15 571 43 5 6 210 61 210 
1 15 571 43 5 6 210 61 210 
1 15 571 43 5 6 210 61 210 
1 15 571 43 5 6 210 61 210 
1 15 571 43 5 6 210 61 210 
1 15 571 42 43 5 6 210 61 210 
1 15 571 43 5 6 210 61 210 
1 15 571 43 5 6 210 61 210 
1 15 571 43 5 6 210 61 210 
1 15 571 43 5 6 210 61 210 
1 15 571 43 5 6 210 61 210 
1 15 571 43 5 6 210 61 210 
1 15 571 43 5 6 210 61 210 
1 15 571 43 5 6 210 61 210 
1 15 571 43 5 6 210 61 210 
1 15 571 43 5 6 210 61 210 
1 15 571 43 5 6 210 61 210 
1 15 571 43 5 6 210 61 210 
1 15 571 43 5 6 210 61 210 
1 15 571 43 5 6 210 61 210 
1 15 571 43 5 6 210 61 210 
1 15 571 43 5 6 210 61 210 
1 15 571 43 5 6 210 61 210 
1 15 571 43 5 6 210 61 210 
1 15 571 43 5 6 210 61 210 
1 15 571 43 5 6 210 61 210 
1 15 571 43 5 6 210 61 210 
1 15 571 43 5 6 210 61 210 
1 15 571 43 5 6 210 61 210 
1 15 571 43 5 6 210 61 210 
1 15 571 43 5 6 210 61 210 
1 15 571 43 5 6 210 61 210 
1 15 571 43 5 6 210 61 210 
1 15 571 43 5 6 210 61 210 
1 15 571 43 5 6 210 61 210 
1 15 571 43 5 6 210 61 210 
1 15 571 43 5 6 210 61 210 
1 15 571 43 5 6 210 61 210 
1 15 571 43 5 6 210 61 210 
1 15 571 43 5 6 210 61 210 
1 15 571 43 5 6 210 61 210 
1 15 571 43 5 6 210 61 210 
1 15 571 43 5 6 210 61 210 
1 15 571 43 5 6 210 61 210 
1 15 571 43 5 6 210 61 210 
1 15 571 43 5 6 210 61 210 
1 15 571 43 5 6 210 61 210 
1 15 571 43 5 6 210 61 210 
1 15 571 43 5 6 210 61 210 
1 15 571 43 5 6 210 61 210 
1 15 571 43 5 6 210 61 210 
1 15 571 43 5 6 210 61 210 
1 15 571 43 5 6 210 61 210 
1 15 571 43 5 6 210 61 210 
1 15 571 43 5 6 210 61 210 
1 15 571 2 43 5 6 210 61 210 
1 15 571 43 5 6 210 61 210 
1 15 571 43 5 6 210 61 210 
1 15 571 43 5 6 210 61 210 
1 15 571 43 5 6 210 61 210 
1 15 571 43 5 6 210 61 210 
1 15 571 43 5 6 210 61 210 
1 15 571 43 5 6 210 61 210 
1 15 571 43 5 6 210 61 210 
1 184 15 571 185 43 5 6 210 374 61 210 
1 15 571 43 5 6 210 61 210 
1 15 571 43 5 6 210 61 210 
1 15 571 43 5 6 210 61 210 
1 15 571 43 5 6 210 61 210 
1 15 571 43 5 6 210 61 210 
1 15 571 43 5 6 210 61 210 
1 15 571 43 5 6 210 61 210 
1 15 571 43 5 6 210 61 210 
1 15 571 43 5 6 210 61 210 
1 15 571 43 5 6 210 61 210 
1 15 571 43 5 91 6 210 92 61 210 
1 15 571 43 5 91 6 210 92 61 210 
1 15 571 43 5 6 210 61 210 
1 15 571 43 5 6 210 61 210 
1 15 571 43 5 6 210 61 210 
1 15 571 43 5 6 210 61 210 
1 15 571 43 5 6 210 61 210 
1 15 571 43 5 6 210 61 210 
1 15 571 43 5 6 210 61 210 
1 15 571 43 5 6 210 61 210 
1 15 571 43 5 6 210 61 210 
1 15 571 43 5 6 210 61 210 
1 15 571 43 5 6 210 61 210 
1 15 571 43 5 6 210 61 210 
1 15 571 43 5 6 210 61 210 
1 15 571 43 5 6 210 61 210 
1 15 571 43 5 6 210 61 210 
1 15 571 43 5 6 210 61 210 
1 15 571 43 5 6 210 61 210 
1 15 571 43 5 91 6 210 92 61 210 
1 15 571 43 5 91 6 210 92 61 210 
1 15 571 43 5 91 6 210 92 61 210 
1 15 571 43 5 91 6 210 92 61 210 
1 15 571 43 5 91 6 210 92 61 210 
1 15 571 43 5 91 6 210 92 61 210 
1 15 571 43 5 91 6 210 92 61 210 
1 15 571 43 5 91 6 210 92 61 210 
1 15 571 43 5 6 210 61 210 
1 15 571 43 5 6 210 61 210 
1 15 571 43 5 6 210 61 210 
1 15 571 43 5 6 210 61 210 
1 15 571 43 5 6 210 61 210 
1 15 571 43 5 6 210 61 210 
1 15 571 43 5 6 210 61 210 
1 15 571 43 5 6 210 61 210 
1 15 571 43 5 6 210 61 210 
1 15 571 43 5 6 210 61 210 
1 15 571 43 5 6 210 61 210 
1 184 15 571 185 43 5 6 210 61 210 
1 15 571 43 5 6 210 61 210 
1 15 571 43 5 6 210 61 210 
1 15 571 43 5 6 210 61 210 
1 15 571 43 5 91 6 210 92 61 210 
1 15 571 43 5 91 6 210 92 61 210 
1 15 571 43 5 6 210 61 210 
1 15 571 43 5 6 210 61 210 
1 15 571 43 5 6 210 61 210 
1 15 571 43 5 6 210 61 210 
1 15 571 43 5 6 210 61 210 
1 15 571 43 5 6 210 61 210 
1 15 571 2 43 5 118 6 210 132 36 61 210 
1 15 571 43 5 118 6 210 132 36 61 210 
1 15 571 43 5 118 6 210 132 36 61 210 
1 15 571 43 5 118 6 210 132 36 61 210 
1 15 571 43 5 118 6 210 132 36 61 210 
1 15 571 2 43 5 118 6 210 132 36 61 210 
1 15 571 43 5 6 210 61 210 
1 15 571 43 5 6 210 61 210 
1 15 571 43 5 6 210 61 210 
1 15 571 43 5 6 210 61 210 
1 15 571 43 5 6 210 61 210 
1 15 571 43 5 6 210 61 210 
1 15 571 43 5 6 210 61 210 
1 15 571 43 5 6 210 61 210 
1 15 571 43 5 6 210 61 210 
1 15 571 43 5 6 210 61 210 
1 15 571 43 5 6 210 61 210 
1 15 571 43 5 6 210 61 210 
1 15 571 43 5 6 210 61 210 
1 15 571 43 5 6 210 61 210 
1 15 571 43 5 6 210 61 210 
1 15 571 43 5 6 210 61 210 
1 15 571 43 5 6 210 61 210 
1 15 571 43 5 6 210 61 210 
1 15 571 43 5 6 210 61 210 
1 15 571 43 5 6 210 61 210 
1 15 571 43 5 6 210 61 210 
1 15 571 43 5 6 210 61 210 
1 15 571 43 5 6 210 61 210 
1 15 571 43 5 6 21 210 61 210 
1 15 571 43 5 6 21 210 61 210 
1 15 571 43 5 6 21 210 61 210 
1 15 571 43 5 6 21 210 61 210 
1 15 571 43 5 6 21 210 61 210 
1 15 571 43 5 6 21 210 61 210 
1 15 571 43 5 6 21 210 61 210 
1 15 571 43 5 6 21 210 61 210 
1 15 571 43 5 6 210 61 210 
1 15 571 43 5 6 210 61 210 
1 15 571 43 5 6 210 61 210 
1 15 571 43 5 6 210 61 210 
1 15 571 43 5 6 210 61 210 
1 15 571 43 5 6 210 61 210 
1 15 571 43 5 6 210 61 210 
1 15 571 43 5 6 210 61 210 
1 40 15 571 41 42 43 5 6 210 61 210 
1 15 571 43 5 6 210 61 210 
1 15 571 43 5 6 210 61 210 
1 15 571 43 5 6 210 61 210 
1 15 571 43 5 6 210 61 210 
1 15 571 43 5 6 210 61 210 
1 15 571 43 5 6 210 61 210 
1 15 571 43 5 6 210 61 210 
1 15 571 43 5 6 210 61 210 
1 15 571 43 5 6 210 61 210 
1 15 571 43 5 6 210 61 210 
1 15 571 43 5 6 210 61 210 
1 15 571 43 5 6 210 61 210 
1 15 571 43 5 6 210 61 210 
1 15 571 43 5 6 210 61 210 
1 15 571 43 5 6 210 61 210 
1 15 571 43 5 6 210 61 210 
1 15 571 2 43 5 6 210 61 210 
1 15 571 43 5 6 210 61 210 
1 15 571 43 5 6 210 61 210 
1 15 571 43 5 6 210 61 210 
1 15 571 2 43 5 6 210 61 210 
1 15 571 43 5 6 210 61 210 
1 15 571 43 5 6 210 61 210 
1 15 571 43 5 6 210 61 210 
1 15 571 43 5 6 210 61 210 
1 15 571 43 5 6 210 61 210 
1 15 571 43 5 6 210 61 210 
1 15 571 43 5 6 210 61 210 
1 15 571 43 5 6 210 61 210 
1 15 571 43 5 6 210 61 210 
1 15 571 43 5 6 210 61 210 
1 15 571 43 5 6 210 61 210 
1 15 571 43 5 6 210 61 210 
1 15 571 43 5 6 210 61 210 
1 15 571 43 5 6 210 61 210 
1 15 571 43 5 6 210 61 210 
1 15 571 43 5 6 210 61 210 
1 15 571 43 5 6 210 61 210 
1 15 571 43 5 6 210 61 210 
1 15 571 400 401 43 5 6 210 61 210 
1 15 571 43 5 6 210 61 210 
1 15 571 43 5 6 210 61 210 
1 15 571 43 5 6 210 61 210 
1 15 571 43 5 6 210 61 210 
1 15 571 43 5 6 210 61 210 
1 15 571 43 5 6 210 61 210 
1 15 571 43 5 6 210 61 210 
1 15 571 43 5 6 210 61 210 
1 15 571 43 5 6 210 61 210 
1 15 571 43 5 6 210 61 210 
1 15 571 43 5 6 210 61 210 
1 15 571 43 5 6 210 61 210 
1 15 571 43 5 6 210 61 210 
1 15 571 43 5 6 210 61 210 
1 15 571 43 5 6 210 61 210 
1 15 571 43 5 6 210 61 210 
1 15 571 43 5 6 210 61 210 
1 15 571 43 5 6 210 61 210 
1 15 571 43 5 6 210 61 210 
1 15 571 43 5 6 210 61 210 
1 15 571 43 5 6 210 61 210 
1 15 571 43 5 6 210 61 210 
1 15 571 43 5 6 210 61 210 
1 15 571 43 5 6 210 61 210 
1 15 571 43 5 6 210 61 210 
1 15 571 43 5 6 210 61 210 
1 15 571 43 5 6 210 61 210 
1 15 571 2 43 5 6 210 61 210 
1 15 571 43 5 6 210 61 210 
1 15 571 2 43 5 6 210 61 210 
1 15 571 43 5 6 210 61 210 
1 15 571 43 5 6 210 61 210 
1 15 571 43 5 6 210 61 210 
1 15 571 43 5 6 210 61 210 
1 15 571 43 5 6 210 61 210 
1 15 571 43 5 6 210 61 210 
1 15 571 43 5 6 210 61 210 
1 15 571 43 5 6 210 61 210 
1 15 571 43 5 6 210 61 210 
1 15 571 43 5 6 210 61 210 
1 15 571 43 5 6 210 61 210 
1 15 571 43 5 6 210 61 210 
1 15 571 43 5 6 210 61 210 
1 15 571 2 43 5 6 210 61 210 
1 325 40 15 571 42 43 5 6 210 61 210 
1 15 571 646 43 5 6 210 61 210 
1 15 571 43 5 6 210 61 210 
1 15 571 43 5 6 210 61 210 
1 15 571 43 5 6 210 61 210 
1 15 571 43 5 6 210 61 210 
1 15 571 43 5 6 210 61 210 
1 15 571 43 5 6 210 61 210 
1 15 571 43 5 6 210 61 210 
1 15 571 43 5 6 210 61 210 
1 15 571 43 5 6 210 61 210 
1 15 571 43 5 6 210 61 210 
1 15 571 43 5 6 210 61 210 
1 15 571 43 5 6 210 61 210 
1 15 571 43 5 6 210 61 210 
1 15 571 43 5 6 210 61 210 
1 15 571 43 5 6 210 61 210 
1 15 51 571 43 5 6 210 61 210 
1 15 571 43 5 6 210 61 210 
1 15 571 43 5 6 210 61 210 
1 15 571 43 5 6 210 61 210 
1 15 571 43 5 6 210 61 210 
1 15 571 43 5 6 210 61 210 
1 15 571 43 5 6 210 61 210 
1 15 571 43 5 6 210 61 210 
1 15 571 43 5 6 210 61 210 
1 15 571 43 5 6 210 36 61 122 210 
1 15 571 43 5 6 210 61 210 
1 15 571 43 5 6 210 61 210 
1 15 571 43 5 6 210 61 210 
1 15 571 43 5 6 210 61 210 
1 15 571 43 5 91 6 210 92 61 210 
1 15 571 43 5 91 6 210 92 61 210 
1 15 571 43 5 91 6 210 92 61 210 
1 15 571 43 5 6 210 61 210 
1 15 571 43 5 6 210 61 210 
1 15 571 43 5 6 210 61 210 
1 15 571 43 5 6 210 61 210 
1 15 571 43 5 6 210 61 210 
1 15 571 43 5 6 210 61 210 
1 15 571 43 5 6 210 61 210 
1 15 571 43 5 6 210 61 210 
1 15 571 43 5 6 210 61 210 
1 15 571 43 5 6 210 61 210 
1 15 571 43 5 6 210 61 210 
1 15 571 43 5 6 210 61 210 
1 15 571 43 5 6 210 61 210 
1 15 571 43 5 6 210 61 210 
1 15 571 43 5 6 210 61 210 
1 15 571 43 5 6 210 61 210 
1 15 571 43 5 6 210 61 210 
1 15 571 43 5 6 210 61 210 
1 15 571 646 43 5 6 210 61 210 
1 15 571 43 5 6 210 61 210 
1 15 571 43 5 6 210 61 210 
1 15 571 43 5 6 210 61 210 
1 15 571 43 5 6 210 61 210 
1 15 571 43 5 6 210 61 210 
1 15 571 43 5 6 210 61 210 
1 15 571 43 5 6 210 61 210 
1 15 571 43 5 6 210 61 210 
1 15 571 43 5 6 210 61 210 
1 15 571 43 5 6 210 61 210 
1 15 571 43 5 6 210 61 210 
1 15 571 43 5 6 210 61 210 
1 15 571 43 5 6 210 61 210 
1 15 571 43 5 6 210 61 210 
1 15 571 43 5 6 210 61 210 
1 15 571 43 5 6 210 61 210 
1 15 571 43 5 6 210 61 210 
1 15 571 43 5 6 210 61 210 
1 15 571 43 5 6 210 61 210 
1 15 571 43 5 6 210 61 210 
1 15 571 43 5 6 210 61 210 
1 15 571 43 5 6 210 23 61 139 210 
1 15 571 43 5 6 210 61 210 
1 15 571 43 5 6 210 61 210 
1 15 571 43 5 6 210 23 61 139 210 
1 15 571 2 43 5 6 210 61 210 
1 15 571 43 5 6 210 61 210 
1 15 571 43 5 6 210 61 210 
1 184 15 571 185 43 5 6 210 61 210 
1 15 571 43 5 6 210 61 210 
1 15 571 43 5 6 210 61 210 
1 15 571 43 5 6 210 61 210 
1 15 571 43 5 6 210 61 210 
1 15 571 43 5 6 210 61 210 
1 15 571 43 5 6 210 61 210 
1 15 571 43 5 6 210 61 210 
1 15 571 43 5 6 210 61 210 
1 15 571 43 5 6 210 61 210 
1 15 571 43 5 6 210 61 210 
1 15 571 43 5 6 210 61 210 
1 15 571 43 5 6 210 61 210 
1 15 571 43 5 6 210 61 210 
1 40 15 571 41 42 43 5 6 210 61 210 
1 15 571 43 5 6 210 61 210 
1 15 571 43 5 6 210 61 210 
1 15 571 43 5 6 210 61 210 
1 15 571 43 5 6 210 61 210 
1 15 571 43 5 6 210 61 210 
1 15 571 43 5 6 210 61 210 
1 15 571 43 5 6 210 61 210 
1 15 571 43 5 6 210 61 210 
1 15 571 43 5 6 210 61 210 
1 15 571 43 5 6 210 61 210 
1 15 571 43 5 6 210 61 210 
1 15 571 43 5 6 210 61 210 
1 15 571 646 43 5 6 210 61 210 
1 15 571 43 5 6 210 61 210 
1 15 571 43 5 6 210 61 210 
1 15 571 43 5 6 210 61 210 
1 15 571 43 5 6 210 61 210 
1 15 571 43 5 6 210 61 210 
1 15 571 43 5 6 210 61 210 
1 15 571 43 5 6 210 61 210 
1 15 571 43 5 6 210 61 210 
1 15 571 43 5 6 210 61 210 
1 15 571 43 5 6 210 61 210 
1 15 571 43 5 6 210 61 210 
1 15 571 43 5 6 210 61 210 
1 15 571 43 5 6 210 61 210 
1 15 571 43 5 6 210 61 210 
1 15 571 43 5 6 210 61 210 
1 15 571 43 5 6 210 61 210 
1 15 571 43 5 6 210 61 210 
1 15 571 43 5 6 210 61 210 
1 15 51 571 540 43 78 5 6 210 61 210 
1 15 571 43 5 6 210 61 210 
1 15 571 43 5 6 210 61 210 
1 15 571 43 5 6 210 61 210 
1 15 571 43 5 6 210 61 210 
1 15 571 43 5 6 210 61 210 
1 15 571 43 5 6 210 61 210 
1 15 571 43 5 6 210 61 210 
1 15 571 43 5 6 210 61 210 
1 15 571 43 5 6 210 61 210 
1 15 571 43 5 6 210 61 210 
1 15 571 43 5 6 210 61 210 
1 15 571 43 5 6 210 61 210 
1 15 571 43 5 6 210 61 210 
1 15 571 43 5 6 210 61 210 
1 15 571 43 5 6 210 61 210 
1 15 571 2 43 5 6 210 61 210 
1 15 571 43 5 6 210 61 210 
1 15 571 43 5 6 210 61 210 
1 15 571 43 5 6 210 61 210 
1 15 571 43 5 6 210 61 210 
1 15 571 43 5 6 210 61 210 
1 15 571 43 5 6 210 61 210 
1 15 571 2 43 5 6 210 61 210 
1 15 571 43 5 6 210 61 210 
1 15 571 43 5 6 210 61 210 
1 15 571 43 5 6 210 61 210 
1 15 571 43 5 6 210 61 210 
1 15 571 43 5 6 210 61 210 
1 15 571 43 5 6 210 61 210 
1 15 571 43 5 6 210 8 61 210 
1 15 571 43 5 6 210 61 210 
1 15 571 43 5 6 210 61 210 
1 15 571 43 5 6 210 61 210 
1 15 571 43 5 6 210 61 210 
1 15 571 43 5 6 210 61 210 
1 15 571 43 5 6 210 61 210 
1 15 571 43 5 6 210 61 210 
1 15 571 43 5 6 210 61 210 
1 15 571 43 5 6 210 61 210 
1 15 571 43 5 6 210 61 210 
1 15 571 43 5 6 210 61 210 
1 15 571 43 5 6 210 61 210 
1 15 571 43 5 6 210 61 210 
1 15 571 43 5 6 210 61 210 
1 15 571 43 5 6 210 61 210 
1 15 571 43 5 6 210 61 210 
1 15 571 43 5 6 210 61 210 
1 15 571 43 5 6 210 61 210 
1 15 571 43 5 6 210 61 210 
1 15 571 43 5 6 210 61 210 
1 15 571 43 5 6 210 61 210 
1 15 571 43 5 6 210 61 210 
1 15 571 43 5 6 210 61 210 
1 15 571 43 5 6 210 61 210 
1 15 571 43 5 6 210 61 210 
1 15 571 43 5 6 210 61 210 
1 15 571 43 5 6 210 61 210 
1 15 571 43 5 6 210 61 210 
1 15 571 43 5 6 210 61 210 
1 15 571 43 5 6 210 61 210 
1 15 571 43 5 6 210 61 210 
1 15 571 43 5 6 210 61 210 
1 15 571 43 5 6 210 61 210 
1 15 571 43 5 6 210 61 210 
1 15 571 43 5 6 210 61 210 
1 15 571 43 5 6 210 61 210 
1 15 571 43 5 6 210 61 210 
1 15 571 43 5 6 210 61 210 
1 15 571 43 5 6 210 61 210 
1 15 571 43 5 6 210 61 210 
1 15 571 43 5 6 210 61 210 
1 15 571 43 5 6 210 61 210 
1 15 571 43 5 6 210 61 210 
1 15 571 43 5 6 210 61 210 
1 15 571 43 5 6 210 61 210 
1 15 571 43 5 6 210 61 210 
1 15 571 43 5 6 210 61 210 
1 15 571 43 5 6 210 61 210 
1 15 571 43 5 6 210 61 210 
1 15 571 43 5 6 210 61 210 
1 15 571 43 5 6 210 61 210 
1 15 571 43 5 6 210 61 210 
1 15 571 43 5 6 210 61 210 
1 15 571 43 5 6 210 61 210 
1 15 571 43 5 6 210 61 210 
1 15 571 43 5 6 210 61 210 
1 15 571 43 5 6 210 61 210 
1 15 571 43 5 6 210 61 210 
1 15 51 571 43 5 6 210 61 210 
1 15 571 43 5 6 210 61 210 
1 15 571 43 5 6 210 61 210 
1 15 571 43 5 6 210 61 210 
1 15 571 43 5 6 210 61 210 
1 15 571 43 5 6 210 61 210 
1 15 571 43 5 6 210 61 210 
1 15 571 43 5 6 210 61 210 
1 15 571 43 5 6 210 61 210 
1 15 571 43 5 6 210 61 210 
1 15 571 43 5 6 210 61 210 
1 15 571 43 5 6 210 61 210 
1 15 571 43 5 6 210 61 210 
1 15 571 43 5 6 210 61 210 
1 15 571 43 5 133 6 21 210 68 61 24 210 
1 15 571 43 5 6 210 61 210 
1 15 571 43 5 148 6 13 210 61 210 
1 15 571 43 5 6 210 61 210 
1 15 571 43 5 6 210 61 210 
1 15 571 43 5 6 210 61 210 
1 15 571 43 5 6 210 61 210 
1 15 571 43 5 6 210 61 210 
1 15 571 43 5 6 210 61 210 
1 15 571 43 5 6 210 61 210 
1 15 571 43 5 6 210 61 210 
1 15 571 43 5 6 210 61 210 
1 15 571 43 5 6 210 61 210 
1 15 571 43 5 6 210 61 210 
1 15 571 43 5 6 210 61 210 
1 15 571 43 5 6 210 61 210 
1 15 571 43 5 6 210 61 210 
1 314 15 51 571 313 43 78 5 6 210 61 210 
1 15 571 43 5 6 210 61 210 
1 15 571 43 5 6 210 61 210 
1 15 571 43 5 6 210 61 210 
1 15 571 43 5 6 210 61 210 
1 15 571 43 5 6 210 61 210 
1 15 571 43 5 6 210 36 61 130 210 
1 15 571 43 5 6 210 61 210 
1 15 571 43 5 6 210 61 210 
1 15 571 43 5 6 210 61 210 
1 40 15 571 41 42 43 5 6 210 61 210 
1 15 571 43 5 6 210 61 210 
1 15 571 43 5 6 210 61 210 
1 15 571 2 43 5 6 210 61 210 
1 15 571 43 5 6 210 61 210 
1 15 571 43 5 6 210 61 210 
1 15 571 43 5 6 210 61 210 
1 15 571 43 5 6 210 61 210 
1 15 571 43 5 6 210 61 210 
1 15 571 43 5 6 210 61 210 
1 15 571 43 5 6 210 61 210 
1 15 571 43 5 6 210 61 210 
1 15 571 43 5 6 210 61 210 
1 15 571 43 5 6 210 61 210 
1 15 571 43 5 6 210 61 210 
1 15 571 43 5 6 210 61 210 
1 15 571 43 5 6 210 61 210 
1 15 571 43 5 6 210 61 210 
1 15 571 43 5 6 210 61 210 
1 15 571 43 5 6 210 61 210 
1 15 571 43 5 6 210 61 210 
1 15 571 43 5 91 6 210 92 61 210 
1 15 571 43 5 91 6 210 92 61 210 
1 15 571 43 5 91 6 210 92 61 210 
1 15 571 43 5 91 6 210 92 61 210 
1 15 571 43 5 91 6 210 92 61 210 
1 15 571 43 5 91 6 210 92 61 210 
1 15 571 43 5 91 6 210 92 61 210 
1 15 571 43 5 91 6 210 92 61 210 
1 40 15 571 41 42 43 5 6 210 61 210 
1 15 571 43 5 91 6 210 92 61 210 
1 15 571 43 5 6 210 61 210 
1 15 571 43 5 6 210 61 210 
1 15 571 43 5 6 210 61 210 
1 15 571 43 5 6 210 61 210 
1 15 571 43 5 6 210 61 210 
1 15 571 43 5 6 210 61 210 
1 15 571 43 5 6 210 61 210 
1 15 571 43 5 6 210 61 210 
1 40 15 571 41 42 43 5 6 210 61 210 
1 15 571 43 5 6 210 61 210 
1 15 571 43 5 6 210 61 210 
1 15 571 43 5 6 210 61 210 
1 15 571 43 5 6 210 61 210 
1 15 571 43 5 6 210 61 210 
1 15 571 43 5 6 210 61 210 
1 15 571 43 5 6 210 61 210 
1 15 571 43 5 6 210 61 210 
1 15 571 43 5 6 210 61 210 
1 15 571 43 5 6 210 61 210 
1 15 571 43 5 6 210 61 210 
1 15 571 43 5 6 210 61 210 
1 15 571 43 5 6 210 61 210 
1 15 571 43 5 6 210 61 210 
1 15 571 43 5 6 210 61 210 
1 15 571 43 5 91 6 210 92 61 210 
1 15 571 43 5 91 6 210 92 61 210 
1 15 571 43 5 91 6 210 92 61 210 
1 15 571 43 5 91 6 210 92 61 210 
1 15 571 43 5 6 210 61 210 
1 15 571 43 5 6 210 61 210 
1 15 571 43 5 6 210 61 210 
1 15 571 43 5 6 210 61 210 
1 15 571 43 5 6 210 61 210 
1 15 571 43 5 6 210 61 210 
1 15 571 43 5 6 210 61 210 
1 15 571 43 5 6 210 61 210 
1 15 571 43 5 6 210 61 210 
1 15 571 43 5 6 210 61 210 
1 15 571 43 5 6 210 61 210 
1 15 571 43 5 6 210 61 210 
1 15 571 43 5 6 210 61 210 
1 15 571 43 5 6 210 61 210 
1 15 93 571 2 43 94 5 6 210 61 210 
1 15 571 43 5 6 210 61 210 
1 15 571 43 5 6 210 61 210 
1 15 571 43 5 6 210 61 210 
1 15 571 43 5 6 210 61 210 
1 15 571 43 5 6 210 61 210 
1 15 571 43 5 171 6 210 162 8 172 61 210 
1 15 571 43 5 6 210 61 210 
1 15 571 43 5 6 210 61 210 
1 15 571 43 5 6 210 61 210 
1 15 571 43 5 6 210 61 210 
1 15 571 43 5 6 210 61 210 
1 15 571 43 5 6 210 61 210 
1 15 571 43 5 6 210 61 210 
1 15 571 43 5 6 210 61 210 
1 15 571 43 5 6 210 61 210 
1 15 571 43 5 6 210 61 210 
1 15 571 43 5 6 210 61 210 
1 15 571 43 5 6 210 61 210 
1 184 15 571 185 43 5 6 210 61 210 
1 15 571 43 5 6 210 61 210 
1 15 571 43 5 6 210 61 210 
1 15 571 2 43 5 6 210 61 210 
1 15 571 43 5 6 210 61 210 
1 15 571 43 5 6 210 61 210 
1 15 571 43 5 6 210 61 210 
1 15 571 43 5 6 210 61 210 
1 15 571 43 5 6 210 61 210 
1 15 571 43 5 6 210 61 210 
1 15 571 43 5 6 210 61 210 
1 15 571 43 5 6 210 61 210 
1 15 571 43 5 6 210 61 210 
1 15 571 43 5 6 210 61 210 
1 15 571 43 5 6 210 61 210 
1 15 571 43 5 6 210 61 210 
1 15 571 43 5 6 210 61 210 
1 15 571 43 5 6 210 61 210 
1 15 571 43 5 6 210 61 210 
1 15 571 43 5 6 210 61 210 
1 15 571 43 5 6 210 61 210 
1 15 571 43 5 6 210 61 210 
1 15 571 43 5 6 210 61 210 
1 15 571 43 5 6 210 61 210 
1 15 571 43 5 6 210 61 210 
1 15 571 43 5 6 210 61 210 
1 15 571 43 5 6 210 61 210 
1 15 571 43 5 6 210 61 210 
1 15 571 43 5 6 210 61 210 
1 15 571 43 5 6 210 61 210 
1 15 571 2 43 5 118 6 210 132 36 61 210 
1 15 571 43 5 118 6 210 132 36 61 210 
1 15 571 43 5 118 6 210 132 36 61 210 
1 15 571 43 5 118 6 210 132 36 61 210 
1 15 571 43 5 118 6 210 132 36 61 210 
1 15 571 43 5 118 6 210 132 36 61 210 
1 15 571 43 5 118 6 210 132 36 61 210 
1 15 571 43 5 118 6 210 132 36 61 210 
1 15 571 43 5 118 6 210 132 36 61 210 
1 15 571 43 5 118 6 210 132 36 61 210 
1 15 571 43 5 118 6 210 132 36 61 210 
1 15 571 43 5 118 6 210 132 36 61 210 
1 15 571 43 5 118 6 210 132 36 61 210 
1 15 571 43 5 118 6 210 132 36 61 210 
1 15 571 43 5 118 6 210 132 36 61 210 
1 15 571 43 5 118 6 210 132 36 61 210 
1 15 571 43 5 118 6 210 132 36 61 210 
1 15 571 43 5 6 210 61 210 
1 15 571 43 5 6 210 61 210 
1 15 571 43 5 6 210 61 210 
1 15 571 43 5 6 210 61 210 
1 15 571 43 5 6 210 61 210 
1 15 571 43 5 6 210 61 210 
1 15 571 43 5 6 210 61 210 
1 15 571 43 5 6 210 61 210 
1 15 571 43 5 6 210 61 210 
1 15 571 43 5 6 210 61 210 
1 15 571 43 5 6 210 61 210 
1 15 571 43 5 6 210 61 210 
1 15 571 43 5 6 210 61 210 
1 15 571 43 5 6 210 374 61 210 
1 15 571 43 5 6 210 61 210 
1 15 571 43 5 6 210 61 210 
1 15 571 43 5 6 210 61 210 
1 15 571 43 5 6 210 61 210 
1 15 571 43 5 6 210 61 210 
1 15 571 43 5 6 210 61 210 
1 15 571 43 5 6 210 61 210 
1 15 571 43 5 6 210 61 210 
1 15 571 43 5 6 210 61 210 
1 15 571 43 5 6 210 61 210 
1 15 571 43 5 6 210 61 210 
1 15 571 43 5 6 210 61 210 
1 15 571 43 5 6 210 61 210 
1 15 571 43 5 6 210 61 210 
1 15 571 43 5 6 210 61 210 
1 15 571 43 5 6 210 61 210 
1 15 571 43 5 6 210 61 210 
1 15 571 43 5 6 210 61 210 
1 15 571 43 5 6 210 61 210 
1 15 571 43 5 6 210 61 210 
1 15 571 43 5 6 210 61 210 
1 15 571 43 5 6 210 61 210 
1 15 571 43 5 6 210 61 210 
1 15 571 43 5 6 210 61 210 
1 15 571 43 5 6 210 61 210 
1 184 15 571 185 43 5 6 210 61 210 
1 15 571 43 5 6 210 61 210 
1 15 571 43 5 6 210 61 210 
1 15 571 43 5 6 210 61 210 
1 15 571 43 5 6 210 61 210 
1 15 571 43 5 6 210 61 210 
1 15 571 43 5 6 210 61 210 
1 15 571 43 5 6 210 61 210 
1 15 571 43 5 6 210 61 210 
1 15 571 43 5 6 210 61 210 
1 15 571 43 5 6 210 61 210 
1 15 571 43 5 6 210 61 210 
1 15 571 43 5 6 210 61 210 
1 15 571 43 5 6 210 61 210 
1 15 571 43 5 6 210 61 210 
1 15 571 43 5 6 210 61 210 
1 184 15 571 185 43 5 6 210 61 210 
1 184 15 571 185 43 5 6 210 61 210 
1 15 571 43 5 6 210 61 210 
1 15 571 43 5 6 210 61 210 
1 15 571 43 5 6 210 61 210 
1 15 571 43 5 6 210 61 210 
1 15 571 43 5 6 210 61 210 
1 15 571 43 5 6 210 61 210 
1 15 571 43 5 6 210 61 210 
1 15 571 43 5 6 210 61 210 
1 15 571 43 5 6 210 61 210 
1 184 15 571 185 43 5 6 210 61 210 
1 15 571 43 5 6 210 61 210 
1 15 571 43 5 6 210 61 210 
1 15 571 43 5 6 210 61 210 
1 15 571 43 5 6 210 61 210 
1 15 571 43 5 6 210 61 210 
1 15 571 43 5 6 210 61 210 
1 15 571 43 5 6 210 61 210 
1 15 571 43 5 6 210 61 210 
1 15 571 43 5 6 210 61 210 
1 15 571 43 5 6 210 61 210 
1 15 571 43 5 6 210 61 210 
1 15 571 43 5 6 210 61 210 
1 15 571 43 5 6 210 61 210 
1 15 571 43 5 6 210 61 210 
1 15 571 43 5 6 210 61 210 
1 15 571 43 5 6 210 61 210 
1 15 571 43 5 6 210 61 210 
1 15 571 43 5 6 210 61 210 
1 15 571 43 5 6 210 61 210 
1 15 571 43 5 6 210 61 210 
1 15 571 43 5 6 210 61 210 
1 15 571 43 5 6 210 61 210 
1 15 571 43 5 6 210 61 210 
1 15 571 43 5 6 210 61 210 
1 15 571 43 5 6 210 61 210 
1 15 571 43 5 6 210 61 210 
1 15 571 43 5 6 210 61 210 
1 15 571 145 42 43 5 6 210 61 210 
1 15 571 43 5 6 210 61 210 
1 15 571 43 5 6 210 61 210 
1 15 571 43 5 6 210 61 210 
1 15 571 43 5 6 210 61 210 
1 15 571 43 5 6 210 61 210 
1 15 571 43 5 6 210 61 210 
1 15 571 43 5 6 210 61 210 
1 15 571 43 5 6 210 61 210 
1 15 571 43 5 6 210 61 210 
1 15 571 43 5 6 210 61 210 
1 15 571 43 5 6 210 61 210 
1 15 571 43 5 6 210 61 210 
1 15 571 43 5 6 210 61 210 
1 15 571 43 5 6 210 61 210 
1 15 571 43 5 6 210 61 210 
1 15 571 43 5 6 210 61 210 
1 15 571 43 5 6 210 61 210 
1 15 571 43 5 6 210 61 210 
1 15 571 43 5 6 210 61 210 
1 15 571 43 5 118 6 210 132 36 61 210 
1 15 571 43 5 6 210 61 210 
1 15 571 43 5 6 210 61 210 
1 15 571 43 5 6 210 61 210 
1 15 571 2 43 5 6 210 61 210 
1 15 571 43 5 6 210 61 210 
1 15 571 43 5 6 210 61 210 
1 15 571 43 5 6 210 61 210 
1 15 571 43 5 6 210 61 210 
1 15 571 43 5 6 210 61 210 
1 15 571 43 5 6 210 61 210 
1 15 571 43 5 6 210 61 210 
1 15 571 43 5 6 210 61 210 
1 15 571 43 5 6 210 61 210 
1 15 571 43 5 6 210 61 210 
1 15 571 43 5 6 210 61 210 
1 15 571 43 5 6 210 61 210 
1 15 571 43 5 6 210 61 210 
1 15 571 646 43 5 6 210 61 210 
1 15 571 43 5 6 210 61 210 
1 15 571 43 5 6 210 61 210 
1 15 571 43 5 6 210 61 210 
1 15 571 43 5 6 210 61 210 
1 15 571 2 43 5 133 6 21 210 68 61 24 210 
1 15 571 43 5 6 210 61 210 
1 15 571 43 5 6 210 61 210 
1 15 571 43 5 6 210 61 210 
1 15 571 43 5 6 210 61 210 
1 15 571 43 5 6 210 61 210 
1 15 571 43 5 6 210 61 210 
1 15 571 43 5 6 210 61 210 
1 15 571 43 5 6 210 61 210 
1 15 571 43 5 6 210 61 210 
1 15 571 43 5 6 210 61 210 
1 15 571 43 5 6 210 61 210 
1 15 571 43 5 6 210 61 210 
1 15 571 43 5 6 210 61 210 
1 15 571 43 5 6 210 61 210 
1 15 571 43 5 6 210 61 210 
1 15 571 43 5 6 210 61 210 
1 15 571 43 5 6 210 61 210 
1 15 571 43 5 6 210 61 210 
1 15 571 43 5 6 210 61 210 
1 15 571 43 5 6 210 61 210 
1 15 571 43 5 6 210 61 210 
1 15 571 43 5 6 210 61 210 
1 15 571 43 5 6 210 61 210 
1 15 571 43 5 6 210 61 210 
1 15 571 43 5 6 210 61 210 
1 15 571 43 5 6 210 61 210 
1 15 571 43 5 6 210 61 210 
1 15 571 43 5 6 210 61 210 
1 15 571 43 5 6 210 61 210 
1 15 571 43 5 6 210 61 210 
1 15 571 43 5 6 210 61 210 
1 15 571 43 5 6 210 61 210 
1 15 571 43 5 6 210 61 210 
1 15 571 43 5 6 210 61 210 
1 15 571 43 5 6 210 61 210 
1 15 571 43 5 6 210 61 210 
1 15 571 43 5 6 210 61 210 
1 15 571 43 5 6 210 61 210 
1 15 571 43 5 6 210 61 210 
1 15 571 43 5 6 210 61 210 
1 15 571 43 5 6 210 61 210 
1 15 571 43 5 6 210 61 210 
1 15 571 43 5 6 210 61 210 
1 15 571 43 5 6 210 61 210 
1 15 571 43 5 6 210 61 210 
1 15 571 43 5 6 210 61 210 
1 15 571 43 5 6 210 61 210 
1 15 571 43 5 6 210 61 210 
1 15 571 43 5 6 210 61 210 
1 15 571 43 5 6 210 61 210 
1 15 571 43 5 6 210 61 210 
1 15 571 43 5 6 210 61 210 
1 15 571 43 5 6 210 61 210 
1 15 571 43 5 6 210 61 210 
1 15 571 43 5 6 210 61 210 
1 15 571 43 5 6 210 61 210 
1 15 571 43 5 6 210 61 210 
1 15 571 43 5 6 210 61 210 
1 15 571 43 5 6 210 61 210 
1 15 571 43 5 91 6 210 92 61 210 
1 15 571 43 5 6 210 61 210 
1 15 571 43 5 6 210 61 210 
1 15 571 43 5 6 210 61 210 
1 15 571 43 5 6 210 61 210 
1 15 571 43 5 6 210 61 210 
1 15 571 43 5 6 210 61 210 
1 184 15 571 185 43 5 6 210 61 210 
1 15 571 43 5 6 210 61 210 
1 15 571 43 5 6 210 61 210 
1 184 15 571 185 43 5 6 210 61 210 
1 15 571 43 5 6 210 61 210 
1 15 571 43 5 6 210 61 210 
1 15 571 2 43 5 6 210 61 210 
1 15 571 43 5 6 210 61 210 
1 15 571 43 5 6 210 61 210 
1 15 571 43 5 6 210 61 210 
1 15 571 43 5 6 210 61 210 
1 15 571 43 5 6 210 61 210 
1 15 571 43 5 6 210 61 210 
1 15 571 43 5 6 210 61 210 
1 15 571 43 5 6 210 61 210 
1 15 571 43 5 6 210 61 210 
1 15 571 43 5 6 210 61 210 
1 15 571 43 5 6 210 61 210 
1 15 571 43 5 6 210 61 210 
1 15 571 43 5 6 210 61 210 
1 15 571 43 5 6 210 61 210 
1 15 571 43 5 6 383 384 254 210 36 61 210 
1 15 571 43 5 6 383 384 254 210 36 61 210 
1 15 571 43 5 6 383 384 254 210 36 61 210 
1 15 571 43 5 6 210 61 210 
1 15 571 43 5 6 210 61 210 
1 15 571 43 5 6 210 374 61 210 
1 15 571 43 5 91 6 210 92 61 210 
1 15 571 43 5 6 210 61 210 
1 15 571 43 5 6 210 61 210 
1 15 571 43 5 6 210 61 210 
1 15 571 43 5 6 210 61 210 
1 15 571 43 5 6 210 61 210 
1 15 571 43 5 6 210 61 210 
1 15 571 43 5 6 210 61 210 
1 15 571 43 5 6 21 22 210 61 24 210 
1 15 571 43 5 6 210 61 210 
1 15 571 43 5 6 210 61 210 
1 15 571 43 5 6 210 61 210 
1 15 571 43 5 6 210 61 210 
1 15 571 43 5 6 210 61 210 
1 15 571 43 5 6 210 61 210 
1 15 571 43 5 6 210 61 210 
1 15 571 43 5 6 210 61 210 
1 15 571 43 5 6 210 61 210 
1 15 571 43 5 6 210 61 210 
1 15 571 43 5 6 210 61 210 
1 15 571 43 5 6 210 61 210 
1 15 571 43 5 6 210 61 210 
1 15 571 43 5 6 210 61 210 
1 15 571 43 5 6 210 61 210 
1 15 571 43 5 6 210 61 210 
1 15 571 43 5 6 210 61 210 
1 15 571 43 5 6 210 61 210 
1 40 15 571 41 42 43 5 6 210 61 210 
1 15 571 43 5 6 210 61 210 
1 15 571 43 5 6 210 61 210 
1 15 571 43 5 6 210 61 210 
1 15 571 43 5 6 210 61 210 
1 15 571 43 5 6 210 61 210 
1 15 571 43 5 6 210 61 210 
1 15 571 43 5 6 210 61 210 
1 15 571 43 5 6 210 61 210 
1 15 571 43 5 6 210 8 61 210 
1 15 571 43 5 6 210 61 210 
1 15 571 43 5 6 210 61 210 
1 15 571 43 5 6 210 61 210 
1 15 571 43 5 6 210 25 26 61 210 
1 15 571 43 5 6 210 61 210 
1 15 571 43 5 6 210 61 210 
1 15 571 43 5 6 210 61 210 
1 15 571 43 5 6 210 61 210 
1 15 571 43 5 6 210 61 210 
1 15 571 43 5 6 210 61 210 
1 15 571 43 5 6 210 61 210 
1 15 571 43 5 6 210 61 210 
1 15 571 43 5 6 210 36 61 130 210 
1 15 571 43 5 6 210 36 61 130 210 
1 15 571 43 5 6 210 36 61 130 210 
1 15 571 43 5 6 210 36 61 130 210 
1 15 571 43 5 6 210 36 61 130 210 
1 15 571 43 5 6 210 36 61 130 210 
1 15 571 43 5 6 210 36 61 130 210 
1 15 571 43 5 6 210 36 61 130 210 
1 15 571 43 5 6 210 36 61 130 210 
1 15 571 43 5 6 210 36 61 130 210 
1 15 571 43 5 6 210 36 61 130 210 
1 15 571 43 5 6 210 36 61 130 210 
1 15 571 2 43 5 6 210 36 61 130 210 
1 15 571 43 5 6 210 36 61 130 210 
1 15 571 43 5 6 210 61 210 
1 15 571 43 5 6 210 61 210 
1 15 571 43 5 6 210 61 210 
1 15 571 43 5 6 210 61 210 
1 15 571 43 5 6 210 61 210 
1 15 571 43 5 6 210 61 210 
1 15 571 43 5 6 210 61 210 
1 15 571 43 5 6 210 36 61 210 
1 15 571 43 5 6 210 36 61 210 
1 15 571 43 5 6 210 61 210 
1 15 571 43 5 6 210 61 210 
1 15 571 43 5 6 210 61 210 
1 15 571 43 5 6 210 61 210 
1 15 571 43 5 6 210 61 210 
1 15 571 43 5 6 210 61 210 
1 15 571 43 5 6 210 61 210 
1 15 571 43 5 6 210 61 210 
1 15 571 43 5 6 210 61 210 
1 15 571 43 5 6 210 61 210 
1 15 571 43 5 6 210 61 210 
1 15 571 43 5 6 210 61 210 
1 15 571 43 5 6 210 61 210 
1 15 571 43 5 6 210 61 210 
1 15 571 43 5 6 210 61 210 
1 15 571 43 5 6 210 61 210 
1 15 571 43 5 6 210 61 210 
1 15 571 43 5 6 210 61 210 
1 15 571 43 5 6 210 61 210 
1 15 571 43 5 6 210 61 210 
1 15 571 43 5 6 210 61 210 
1 15 571 43 5 6 210 61 210 
1 15 571 43 5 6 210 61 210 
1 15 571 43 5 6 210 61 210 
1 15 571 43 5 6 210 61 210 
1 15 571 43 5 6 210 61 210 
1 15 571 43 5 6 210 61 210 
1 15 571 43 5 6 210 61 210 
1 15 571 43 5 6 210 61 210 
1 15 571 43 5 6 210 61 210 
1 15 571 43 5 6 210 61 210 
1 15 571 43 5 6 210 61 210 
1 15 571 43 5 6 210 61 210 
1 15 571 43 5 6 210 61 210 
1 15 571 43 5 6 210 61 210 
1 15 571 43 5 6 210 61 210 
1 15 571 43 5 6 210 61 210 
1 15 571 43 5 6 210 61 210 
1 15 571 43 5 6 210 61 210 
1 15 571 43 5 6 210 61 210 
1 15 571 43 5 6 210 61 210 
1 15 571 43 5 6 210 61 210 
1 15 571 43 5 6 210 61 210 
1 15 571 43 5 6 210 61 210 
1 15 571 43 5 6 210 61 210 
1 15 571 43 5 6 210 61 210 
1 15 571 43 5 6 210 61 210 
1 15 571 43 5 6 210 61 210 
1 15 571 43 5 6 210 61 210 
1 15 571 43 5 6 210 61 210 
1 15 571 43 5 6 210 61 210 
1 15 571 43 5 6 210 61 210 
1 15 571 43 5 6 210 61 210 
1 15 571 43 5 6 210 61 210 
1 15 571 43 5 6 210 61 210 
1 15 571 43 5 6 210 61 210 
1 15 571 43 5 6 210 61 210 
1 15 571 43 5 6 210 61 210 
1 15 571 43 5 6 210 61 210 
1 15 571 43 5 6 210 61 210 
1 15 571 43 5 6 210 61 210 
1 15 571 43 5 6 210 61 210 
1 15 571 43 5 6 210 61 210 
1 15 571 43 5 6 210 61 210 
1 15 571 43 5 6 210 61 210 
1 15 571 43 5 6 210 61 210 
1 15 571 2 43 5 6 210 61 210 
1 15 571 43 5 6 210 61 210 
1 15 571 43 5 6 210 61 210 
1 15 571 43 5 6 210 61 210 
1 15 571 43 5 6 210 61 210 
1 15 571 43 5 6 210 61 210 
1 15 571 43 5 6 210 61 210 
1 15 571 43 5 6 210 61 210 
1 15 571 43 5 6 210 61 210 
1 15 571 43 5 6 210 61 210 
1 15 571 43 5 6 210 61 210 
1 15 571 43 5 6 210 61 210 
1 15 571 43 5 6 210 61 210 
1 15 51 571 43 5 6 210 61 210 
1 15 571 43 5 6 210 61 210 
1 15 571 43 5 6 210 61 210 
1 15 571 43 5 6 210 61 210 
1 15 571 43 5 6 210 61 210 
1 15 571 43 5 6 210 61 210 
1 15 571 43 5 6 210 61 210 
1 15 571 43 5 6 210 61 210 
1 15 571 43 5 6 210 61 210 
1 15 571 43 5 6 210 61 210 
1 15 571 43 5 6 210 61 210 
1 15 93 571 2 43 94 5 6 210 61 210 
1 15 571 43 5 6 210 61 210 
1 15 571 43 5 6 210 61 210 
1 15 571 43 5 6 210 61 210 
1 15 571 43 5 6 210 61 210 
1 15 571 43 5 6 210 61 210 
1 15 571 43 5 6 210 61 210 
1 15 571 43 5 6 210 61 210 
1 15 571 43 5 6 210 61 210 
1 15 571 43 5 6 210 61 210 
1 15 571 43 5 6 210 61 210 
1 15 571 43 5 6 210 61 210 
1 15 571 43 5 6 210 61 210 
1 15 571 43 5 6 210 61 210 
1 15 571 43 5 6 210 61 210 
1 15 571 43 5 6 210 61 210 
1 15 571 43 5 6 210 61 210 
1 15 571 43 5 6 210 61 210 
1 15 571 43 5 6 210 61 210 
1 15 571 43 5 6 210 61 210 