184 1 619 15 334 185 436 436 
778 334 436 436 
778 334 436 436 
778 334 436 436 
778 334 436 436 
778 334 436 436 
778 334 436 436 
778 334 436 436 
778 334 447 21 436 68 24 436 
778 334 447 21 436 68 24 436 
778 334 447 21 436 68 24 436 
778 334 436 436 
778 334 436 436 
778 334 436 436 
778 334 38 39 436 436 
778 334 38 39 436 436 
778 334 436 436 
778 334 436 436 
778 334 436 436 
778 334 38 39 436 436 
778 334 38 39 436 436 
778 334 436 436 
778 334 436 436 
778 334 436 436 
778 334 436 436 
778 51 348 350 349 334 351 436 436 
778 334 436 436 
778 334 21 436 68 24 436 
778 51 348 350 349 334 351 21 436 68 24 436 
778 51 348 350 349 334 351 436 436 
1 778 15 334 202 436 436 
778 334 38 39 5 6 436 436 
619 334 436 436 
778 334 436 436 
778 334 436 436 
778 334 436 436 
184 1 619 15 334 185 21 436 436 
619 334 21 436 436 
778 334 21 436 436 
778 334 21 436 436 
778 334 21 436 436 
778 334 42 515 436 436 
778 334 42 515 436 436 
778 334 436 436 
778 334 436 436 
778 334 436 436 
778 334 436 436 
778 334 436 436 
778 334 436 25 26 731 436 
778 334 436 436 
778 334 515 436 436 
778 334 436 436 
778 334 436 436 
778 334 436 25 26 436 
778 334 436 770 436 
778 334 5 6 436 518 436 
778 334 38 39 447 436 436 
778 334 447 436 436 
184 1 778 15 334 185 730 436 10 436 
778 334 436 25 26 731 436 
778 334 38 39 515 436 436 
778 334 436 436 
1 778 15 334 202 436 436 
1 778 15 334 202 436 436 
778 334 21 436 436 
778 334 436 436 
778 334 27 28 21 436 436 
778 334 27 28 21 436 436 
619 334 21 436 436 
778 334 38 39 21 436 436 
778 334 38 39 5 6 436 518 436 
778 334 436 436 
778 334 436 436 
778 334 38 39 27 28 21 436 436 
778 334 436 436 
778 334 436 436 
778 334 436 436 
778 334 436 436 
619 334 436 436 
778 334 436 436 
1 778 15 334 202 436 25 26 436 
778 334 515 436 436 
184 1 778 15 334 185 436 436 
778 334 436 436 
778 334 436 436 