778 334 38 39 515 436 436 
778 334 515 436 436 
778 334 515 436 436 
778 334 515 436 436 
778 334 5 6 436 731 436 
778 334 436 436 
778 334 515 436 436 
1 778 15 334 202 515 436 436 
778 334 515 436 436 
778 334 515 436 436 
778 334 515 436 436 
778 334 515 436 436 
778 334 515 436 436 
778 334 515 436 436 
778 334 515 436 436 
778 334 38 39 515 436 436 
778 334 515 436 436 
778 334 515 436 436 
778 334 515 436 436 
778 334 515 436 436 
778 334 42 515 436 436 
778 334 515 436 25 26 436 
778 334 38 39 515 436 25 26 436 
778 334 515 436 25 26 436 
778 334 515 436 25 26 436 
778 334 515 436 25 26 436 
778 51 348 350 349 334 351 515 436 25 26 436 
778 51 348 350 349 334 351 515 436 25 26 436 
778 334 515 436 436 
778 334 515 436 436 
778 334 515 436 436 
778 334 515 436 436 
778 334 515 436 436 
778 334 515 436 436 
778 51 348 350 349 334 351 515 436 436 
778 334 515 436 436 
778 334 515 436 436 
778 334 515 436 436 
778 334 515 436 436 
778 51 334 5 515 6 436 23 436 
778 334 515 436 436 
778 334 515 436 436 
619 334 743 436 25 26 436 
619 334 743 436 25 26 436 
619 334 743 436 25 26 436 
619 334 743 436 25 26 436 
778 334 515 436 436 
778 334 38 39 515 436 436 
778 334 515 436 436 
778 334 515 436 436 
778 334 515 436 436 
778 334 515 436 436 
778 334 515 436 25 26 436 
619 334 38 39 515 436 436 
778 334 38 39 515 436 436 
619 334 38 39 515 436 436 
778 334 515 436 436 
778 334 515 436 436 
778 334 515 436 436 
778 334 515 436 25 26 436 
778 334 515 436 25 26 436 
778 334 515 436 25 26 436 
778 334 515 436 25 26 436 
778 334 515 436 436 
778 334 515 436 25 26 436 
778 334 515 436 25 26 436 
778 334 515 436 436 
778 334 38 39 515 436 25 26 436 
778 334 515 436 25 26 436 
778 334 515 436 25 26 436 
778 334 515 436 25 26 436 
778 334 515 436 25 26 436 
778 334 515 436 436 
778 334 515 436 25 26 436 
778 334 515 436 25 26 436 
619 334 743 436 436 
619 334 743 436 436 
619 334 743 436 436 
778 334 515 436 436 
619 334 743 436 436 
619 334 743 436 436 
619 334 743 436 436 
619 334 743 436 436 
619 334 743 436 436 
778 334 515 436 436 
778 334 515 436 436 
778 334 515 436 436 
778 334 515 436 436 
778 334 515 436 436 
778 334 38 39 436 25 26 436 
619 334 743 436 436 
619 334 743 436 25 26 436 
619 334 743 436 25 26 436 
184 1 619 15 334 185 743 436 25 26 436 
619 334 743 436 436 
184 1 619 15 334 185 743 436 436 
619 334 743 436 436 
619 334 743 436 436 
619 334 743 436 436 
619 334 743 436 436 
778 334 515 436 436 
778 334 515 436 436 
778 334 515 436 436 
778 334 515 436 436 
778 334 515 436 436 
778 334 515 436 436 
778 334 515 436 436 
778 334 515 436 436 
778 334 515 436 436 
778 334 38 39 515 436 436 
778 334 515 436 436 
778 334 515 436 436 
778 334 515 436 436 
778 334 515 436 436 
778 334 515 436 436 
778 334 515 436 436 
778 334 515 436 436 
778 334 515 436 436 
778 334 515 436 436 
778 334 515 436 436 
778 334 515 436 436 
778 334 42 515 436 436 
778 334 38 39 515 436 25 26 436 
778 334 38 39 515 436 25 26 436 
778 334 515 436 25 26 436 
778 334 515 436 25 26 436 
778 334 515 436 25 26 436 
778 334 515 436 25 26 436 
778 334 515 436 436 
778 334 515 436 436 
778 334 515 436 436 
778 334 515 436 436 
778 334 515 436 436 
778 334 515 436 436 
778 334 515 436 436 
778 334 515 436 436 
778 334 515 112 436 113 516 436 
778 334 515 112 436 113 516 436 
778 334 515 112 436 113 516 436 
778 334 515 436 436 
778 334 515 436 436 
778 334 515 436 436 
778 334 515 254 436 36 255 436 
778 334 515 254 436 36 255 436 
778 334 515 254 436 36 255 436 
778 334 515 254 436 36 255 436 
778 334 515 254 436 36 255 436 
778 334 515 254 436 36 255 436 
778 334 515 254 436 36 255 436 
778 334 515 254 436 36 255 436 
778 334 515 254 436 36 255 436 
778 334 38 39 515 254 436 36 255 436 
778 334 515 436 436 
778 334 515 436 436 
778 334 515 436 436 
619 334 57 743 436 436 
778 334 515 436 25 26 436 
1 778 15 334 515 436 25 26 436 
619 334 743 436 436 
619 334 743 436 436 
619 334 743 436 436 
619 334 743 436 436 
619 334 743 436 436 
778 334 38 39 515 436 436 
778 334 515 436 436 
619 334 743 436 436 
619 334 743 436 436 
619 334 743 436 436 
778 334 515 436 436 
619 334 743 436 436 
619 334 743 436 436 
619 334 91 5 6 436 92 436 
619 334 743 436 436 
619 334 743 436 436 
619 51 334 313 78 743 436 436 
619 51 334 313 78 743 436 436 
778 334 515 436 436 
778 334 38 39 515 436 25 26 436 
1 778 15 334 202 515 436 436 
778 334 515 436 436 
778 334 515 436 25 26 436 
778 334 515 436 25 26 436 
778 334 515 436 25 26 436 
778 334 515 436 25 26 436 
778 334 515 436 25 26 436 
778 334 515 436 436 
1 778 15 334 202 515 436 436 
619 334 743 436 436 
619 334 743 436 436 
619 334 743 436 436 
778 334 515 21 352 353 99 436 100 436 
778 334 5 6 436 518 436 
778 136 334 42 174 5 6 436 518 436 
778 334 38 39 5 6 436 518 436 
778 334 5 6 436 518 436 
778 334 515 436 436 
778 334 515 436 436 
778 334 515 436 436 
778 334 515 436 436 
778 334 515 21 436 436 
778 51 334 515 21 436 436 
778 51 334 515 21 436 436 
778 334 5 515 6 436 23 139 436 
778 334 5 515 6 436 23 139 436 
778 334 5 515 6 436 23 139 436 
778 334 515 436 436 
778 136 334 42 174 515 436 436 
778 334 38 39 515 21 436 436 
778 51 334 515 21 436 436 
778 136 334 42 174 515 27 28 21 436 436 
778 334 515 21 436 436 
778 334 515 436 436 
778 334 515 436 436 
778 334 515 436 436 
778 334 515 436 436 
778 334 515 436 436 
778 334 515 436 436 
778 334 515 436 436 
778 334 515 436 436 
778 334 515 436 436 
778 334 515 436 436 
778 334 515 436 436 
778 334 515 436 436 
778 53 54 51 334 515 436 436 
778 51 334 313 78 515 436 436 
778 334 515 436 436 
778 334 515 21 436 68 24 436 
778 51 334 515 21 436 68 24 436 
778 334 515 436 436 
778 334 515 436 436 
778 334 515 436 436 
619 334 743 436 436 
778 334 515 436 436 
778 334 515 436 436 
778 334 515 436 436 
778 334 515 436 436 
778 334 515 436 436 
619 334 38 39 515 436 436 
619 334 515 436 436 
778 334 515 436 436 
778 334 515 436 436 
778 334 515 436 436 
778 334 515 436 436 
778 334 515 436 436 
778 334 515 436 436 
778 334 515 436 436 
619 334 743 436 436 
619 334 743 436 436 
619 334 743 436 436 
778 334 515 436 436 
778 334 515 436 436 
778 334 515 436 436 
778 334 515 436 436 
778 334 515 436 436 
778 334 515 436 436 
778 334 515 436 436 
778 334 515 436 436 
778 334 515 436 436 
778 334 515 436 436 
778 334 515 436 436 
778 334 515 436 436 
619 334 743 436 436 
1 778 15 334 202 436 436 