145 42 5 8 36 144 36 
145 42 142 36 36 
145 42 5 8 36 36 
1 2 145 42 5 8 36 36 
145 42 118 152 36 153 36 
145 42 5 8 36 36 
145 42 118 36 36 
184 1 15 185 145 42 5 8 36 36 
145 42 5 36 36 
145 42 5 91 6 143 92 8 36 144 36 
145 42 5 189 8 36 144 36 
145 42 73 5 189 8 36 144 36 
145 42 5 91 6 92 36 36 
145 42 118 119 36 36 
145 42 5 143 8 36 144 36 
145 42 5 143 8 36 144 36 
145 42 5 91 6 92 36 36 
145 42 5 91 6 92 36 36 
145 42 5 91 6 92 36 36 
145 42 5 189 8 36 144 36 
145 42 5 8 36 36 
145 42 5 91 6 92 36 36 
1 15 145 42 43 5 143 8 36 144 36 
145 42 5 143 8 36 144 36 
145 42 5 143 8 36 144 36 
145 42 5 143 8 36 144 36 
145 42 5 8 36 144 36 
145 42 5 143 8 36 144 36 
145 42 5 143 8 36 144 36 
1 15 145 42 43 5 143 8 36 144 36 
1 15 145 42 43 5 143 8 36 144 36 
145 42 5 8 36 36 
145 42 5 143 8 36 144 36 
145 42 5 91 6 92 36 36 
145 42 5 189 8 36 144 36 
145 42 118 119 36 36 
145 42 5 143 8 36 144 36 
145 42 5 143 8 36 144 36 
145 42 5 8 36 122 36 
145 42 5 91 6 92 36 36 
145 42 5 91 6 92 36 36 
145 42 5 143 8 36 144 36 
145 42 5 143 8 36 144 36 
145 42 5 434 162 8 36 36 
145 42 5 143 8 36 144 36 
145 42 5 143 8 36 144 36 
145 42 5 143 8 36 144 36 
145 42 5 143 8 36 144 36 
145 42 5 143 8 36 144 36 
145 42 36 36 
145 42 5 143 8 36 144 36 
145 42 142 36 36 
145 42 5 143 8 36 144 36 
145 42 5 143 8 36 144 36 
145 42 5 143 8 36 144 36 
145 42 5 143 8 36 144 36 
1 145 42 83 118 36 36 
145 42 5 143 8 36 144 36 
145 42 159 251 11 10 36 252 125 130 36 
145 42 5 189 143 8 36 144 36 
145 42 5 143 8 36 144 36 
145 42 5 143 8 36 144 36 
1 2 145 42 5 143 8 36 144 36 
145 42 5 143 8 36 144 36 
145 42 5 143 8 36 144 36 
145 42 118 173 119 36 36 
145 42 5 91 6 92 36 36 
67 145 42 5 143 8 36 144 36 
1 145 42 5 143 8 36 144 36 
145 42 5 143 8 36 144 36 
145 42 5 91 6 92 36 36 
145 42 5 91 6 92 36 36 
145 42 5 91 6 92 36 36 
145 42 5 189 8 36 144 36 
145 42 5 189 8 36 144 36 
145 42 5 143 8 36 144 36 
145 42 5 143 8 36 144 36 
145 42 5 143 8 36 144 36 
145 42 5 143 8 36 144 36 
145 42 5 143 8 36 144 36 
145 42 5 189 143 8 36 144 36 
145 42 5 189 143 8 36 144 36 
145 42 5 189 143 8 36 144 36 
145 42 5 91 6 92 36 36 
145 42 5 143 8 36 144 36 
145 42 5 91 6 92 36 36 
145 42 118 119 36 36 
1 2 145 42 5 91 6 92 36 36 
145 42 5 189 8 36 144 36 
145 42 73 5 143 8 36 144 36 
145 42 5 143 8 36 144 36 
145 42 5 143 8 36 144 36 
145 42 5 91 6 92 36 36 
145 42 5 8 36 36 
145 42 5 143 8 36 144 36 
145 42 5 143 8 36 144 36 
145 42 5 143 8 36 144 36 
145 42 5 143 8 36 144 36 
145 42 5 143 8 36 144 36 
145 42 118 119 36 36 
145 42 5 91 6 92 36 36 
145 42 5 91 6 92 36 36 
145 42 5 91 6 92 36 36 
145 42 5 189 8 36 144 36 
145 42 5 189 8 36 144 36 
1 15 202 145 42 234 5 189 8 36 144 36 
145 42 5 8 36 144 36 
145 42 5 8 36 144 36 
1 2 145 42 159 36 122 130 36 
136 647 312 145 42 5 143 8 36 144 36 
145 42 5 189 143 8 36 144 36 
145 42 5 189 143 8 36 144 36 
145 42 5 189 143 8 36 144 36 
145 42 5 189 8 36 144 36 
145 42 5 189 8 36 144 36 
145 42 5 189 8 36 144 36 
145 42 5 143 8 36 144 36 
145 42 5 189 8 36 144 36 
145 42 5 189 8 36 144 36 
145 42 5 8 36 36 
145 42 73 118 119 36 36 
145 42 5 8 36 36 
55 145 56 57 42 5 91 6 143 92 8 36 144 36 
145 42 5 143 8 36 144 36 
145 42 5 143 8 36 144 36 
145 42 5 143 8 36 144 36 
145 42 5 8 36 144 36 
145 42 5 143 8 36 144 36 
145 42 5 143 8 36 144 36 
1 15 145 42 43 5 143 8 36 144 36 
145 42 5 8 36 144 36 
1 15 202 145 42 234 5 8 36 144 36 
145 42 5 8 36 144 36 
145 42 5 8 36 144 36 
145 42 5 189 143 8 36 144 36 
145 42 5 189 143 8 36 144 36 
145 42 5 143 8 36 144 36 
145 42 5 189 8 36 144 36 
145 42 5 189 8 36 144 36 
145 42 5 143 8 36 144 36 
145 42 118 119 36 36 
145 42 5 91 6 143 8 92 36 144 36 
145 42 5 91 6 143 8 92 36 144 36 
145 42 5 143 8 36 144 36 
145 42 118 119 36 36 
145 42 118 119 36 36 
145 42 5 143 8 36 144 36 
145 42 5 143 8 36 144 36 
145 42 73 5 143 8 36 144 36 
145 42 5 143 8 36 144 36 
145 42 5 189 143 8 36 144 36 
1 2 145 42 167 5 143 8 36 144 36 
145 42 5 143 8 36 144 36 
145 42 5 143 8 36 144 36 
145 42 5 143 8 36 144 36 
145 42 5 143 8 36 144 36 
145 42 5 143 8 36 144 36 
145 42 118 119 36 36 
145 42 5 8 36 36 
145 42 5 143 8 36 144 36 
145 42 5 143 8 36 144 36 
145 42 5 189 8 36 144 36 
145 42 118 119 36 36 
1 15 145 42 43 5 91 6 92 36 36 
1 15 145 42 43 5 91 6 92 36 36 
145 42 5 91 6 92 36 36 
145 42 5 91 6 92 36 36 
145 42 5 91 6 92 36 36 
145 42 36 122 123 36 
145 42 5 189 8 36 144 36 
145 42 5 91 6 92 36 36 
145 42 5 91 6 92 36 36 
145 42 5 143 8 36 144 36 
145 42 5 143 8 36 144 36 
145 42 5 143 8 36 144 36 
145 42 5 143 8 36 144 36 
145 42 5 189 143 8 36 144 36 
145 42 5 143 8 36 144 36 
145 42 5 143 8 36 144 36 
145 42 118 132 36 36 
145 42 73 5 189 8 36 144 36 
145 42 5 189 8 36 144 36 
145 42 118 119 36 36 
145 42 5 143 8 36 144 36 
145 42 5 8 36 36 
145 42 5 91 6 92 36 36 
145 42 5 143 8 36 144 36 
145 42 5 143 8 36 144 36 
145 42 118 119 36 36 
145 42 5 143 8 36 144 36 
145 42 5 143 8 36 144 36 
145 42 5 8 36 36 
145 42 118 119 36 36 
145 42 118 119 36 36 
145 42 5 91 6 92 36 36 
145 42 118 119 36 36 
145 42 5 189 143 8 36 144 36 
145 42 5 169 162 170 8 36 36 
145 42 5 36 36 
145 42 5 8 36 144 36 
145 42 5 143 8 36 144 36 
145 42 5 91 6 92 36 36 
145 42 5 143 8 36 144 36 
145 42 5 189 8 36 144 36 
145 42 5 189 8 36 144 36 
145 42 5 143 8 36 144 36 
145 42 5 91 6 92 36 36 
145 42 5 189 8 36 144 36 
145 42 5 189 8 36 144 36 
145 42 5 189 8 36 144 36 
145 42 5 143 8 36 144 36 
145 42 5 143 8 36 144 36 
145 42 5 143 8 36 144 36 
145 42 118 132 36 36 
145 42 118 173 36 36 
145 42 5 189 8 36 144 36 
145 42 5 189 8 36 144 36 
145 42 5 143 8 36 144 36 
145 42 5 143 8 36 144 36 
145 42 5 143 8 36 144 36 
145 42 5 143 8 36 144 36 
145 42 5 91 6 92 36 36 
145 42 5 91 6 92 36 36 
145 42 5 91 6 92 36 36 
145 42 5 91 6 92 36 36 
145 42 5 143 8 36 144 36 
145 42 5 91 6 92 36 36 
175 145 42 118 36 36 
145 42 5 189 8 461 36 144 36 
145 42 5 143 8 36 144 36 
145 42 5 189 8 36 144 36 
145 42 5 143 8 36 144 36 
145 42 5 143 8 36 144 36 
145 42 5 143 8 36 144 36 
145 42 5 143 8 36 144 36 
145 42 5 143 162 8 36 144 36 
145 42 5 143 8 36 144 36 
145 42 5 91 6 92 36 36 
145 42 5 189 143 8 36 144 36 
145 42 5 189 143 8 36 144 36 
145 42 5 143 8 36 144 36 
145 42 5 143 8 36 144 36 
145 42 5 8 36 36 
145 42 5 143 8 36 144 36 
145 42 5 189 8 36 144 36 
145 42 5 143 8 36 144 36 
145 42 5 143 8 36 144 36 
145 42 118 132 36 36 
145 42 5 8 36 144 36 
145 42 118 132 36 36 
145 42 118 119 36 36 
145 42 5 8 36 36 
145 42 5 8 36 36 
145 42 73 5 8 36 36 
145 42 5 8 36 36 
145 42 5 8 36 36 
145 42 5 8 36 36 
145 42 5 8 36 36 
145 42 5 143 8 36 144 36 
145 42 5 143 8 36 144 36 
145 42 5 143 8 36 144 36 
145 42 5 143 8 36 144 36 
145 42 5 189 143 8 36 144 36 
145 42 5 189 143 8 36 144 36 
145 42 5 189 143 8 36 144 36 
145 42 5 189 143 8 36 144 36 
145 42 5 189 143 8 36 144 36 
145 42 5 189 143 8 36 144 36 
145 42 5 143 8 36 144 36 
145 42 118 119 36 36 
145 42 5 8 36 36 
145 42 5 189 143 8 36 144 36 
145 42 73 5 162 8 36 419 36 
145 42 5 143 8 36 144 36 
145 42 5 189 143 8 36 144 36 
145 42 5 189 143 8 36 144 36 
145 42 5 189 143 8 36 144 36 
145 42 118 119 36 36 
145 42 5 189 8 36 144 36 
145 42 118 119 36 36 
145 42 5 8 36 36 
145 42 5 143 8 36 144 36 
145 42 73 5 91 6 92 36 36 
145 42 5 91 6 92 36 36 
145 42 5 118 8 119 36 144 36 
145 42 5 6 8 36 36 
145 42 5 189 143 8 36 144 36 
145 42 5 143 8 36 144 36 
145 42 5 189 143 8 36 144 36 
145 42 5 189 143 8 36 144 36 
145 42 5 143 8 36 144 36 
145 42 5 91 6 92 36 36 
145 42 5 143 8 36 144 36 
145 42 5 143 8 36 144 36 
145 42 5 189 8 36 144 36 
145 42 5 189 8 36 144 36 
1 145 42 5 189 8 36 144 36 
145 42 5 189 8 36 144 36 
145 42 5 189 8 36 144 36 
145 42 5 143 8 36 144 36 
145 42 5 143 8 36 144 36 
145 42 5 8 36 36 
145 42 5 143 8 36 144 36 
145 42 5 189 8 36 144 36 
145 42 5 189 8 36 144 36 
145 42 5 36 36 
145 42 118 119 36 36 
145 42 5 189 8 36 144 36 
145 42 5 189 8 36 144 36 
145 42 5 189 8 36 144 36 
145 42 5 189 8 36 144 36 
145 42 5 91 6 92 36 36 
145 42 118 173 36 36 
145 42 5 8 36 36 
145 42 5 8 36 36 
145 42 5 143 8 36 144 36 
145 42 5 143 8 36 144 36 
145 42 5 143 8 36 144 36 
145 42 5 143 8 36 144 36 
145 42 5 143 8 36 144 36 
145 42 73 5 143 8 36 144 36 
145 42 73 5 143 8 36 144 36 
145 42 5 189 8 36 144 36 
145 42 5 189 8 36 144 36 
145 42 5 189 8 36 144 36 
145 42 5 143 8 36 144 36 
145 42 5 143 8 36 144 36 
145 42 5 143 8 36 144 36 
145 42 5 189 8 36 144 36 
145 42 5 189 8 36 144 36 
145 42 5 189 8 36 144 36 
145 42 5 8 36 36 
145 42 5 189 8 36 144 36 
145 42 5 143 8 36 144 36 
145 42 5 143 8 36 144 36 
145 42 5 8 36 36 
145 42 5 8 36 36 
145 42 5 8 36 36 
145 42 118 119 36 36 
145 42 5 143 8 36 144 36 
145 42 5 91 6 92 36 36 
145 42 5 91 6 92 36 36 
145 42 5 143 8 36 144 36 
145 42 5 143 8 36 144 36 
145 42 5 91 6 92 36 36 
145 42 5 91 6 92 36 36 
145 42 5 189 8 36 144 36 
145 42 5 143 8 36 144 36 
145 42 5 143 8 36 144 36 
145 42 5 8 36 36 
145 42 5 189 8 36 144 36 
145 42 5 91 6 92 36 36 
145 42 5 91 6 92 36 36 
145 42 5 8 36 36 
145 42 5 8 36 36 
145 42 5 143 101 8 36 144 36 
1 145 42 5 143 8 36 144 36 
145 42 5 143 8 36 144 36 
145 42 5 91 6 92 36 36 
145 42 5 230 11 10 36 253 125 36 
145 42 5 143 8 36 144 36 
145 42 5 143 8 36 144 36 
145 42 21 22 36 68 24 36 
145 42 5 189 8 36 144 36 
145 42 5 143 8 36 144 36 
145 42 5 143 8 36 144 36 
1 2 145 42 118 119 36 36 
1 15 202 145 42 234 5 189 8 36 144 36 
145 42 5 143 8 36 144 36 
145 42 5 143 8 36 144 36 
145 42 5 189 143 8 36 144 36 
145 42 5 8 36 36 
1 15 202 145 42 234 118 173 119 36 36 
145 42 5 189 8 36 144 36 
145 42 5 189 8 36 144 36 
145 42 5 91 6 92 36 36 
145 42 118 119 36 36 
145 42 5 143 8 36 144 36 
145 42 5 91 6 92 36 36 
145 42 5 143 8 36 144 36 
145 42 5 8 36 36 
145 42 5 8 36 36 
145 42 5 189 143 8 36 144 36 
179 145 56 57 42 180 181 5 173 118 8 36 144 36 
1 2 145 42 5 143 8 36 144 36 
145 42 5 8 36 36 
145 42 5 143 8 36 144 36 
145 42 5 91 6 92 36 36 
145 42 5 143 8 36 144 36 
145 42 5 143 8 36 144 36 
145 42 5 143 8 36 144 36 
145 42 118 119 36 36 
145 42 5 143 8 36 144 36 
145 42 5 143 8 36 144 36 
182 136 145 42 183 118 132 36 36 
145 42 5 143 8 36 144 36 
145 42 5 8 36 36 
145 42 5 8 36 144 36 
145 42 5 8 36 144 36 
145 42 5 189 8 36 144 36 
145 42 5 91 6 92 36 36 
145 42 142 36 36 
145 42 142 36 36 
145 42 142 36 36 
145 42 5 143 8 36 144 36 
145 42 5 8 36 36 
145 42 5 91 6 92 36 36 
145 42 5 91 6 92 36 36 
145 42 5 189 143 8 36 144 36 
145 42 5 143 8 36 144 36 
145 42 5 189 8 36 144 36 
145 42 5 143 8 36 144 36 
145 42 5 143 8 36 144 36 
145 42 5 143 8 36 144 36 
145 42 5 8 36 36 
145 42 5 189 8 36 144 36 
145 42 5 189 8 36 144 36 
1 2 145 42 5 8 156 36 144 36 
145 42 5 189 8 36 144 36 
145 42 5 118 8 119 36 36 
145 42 5 143 8 36 144 36 
145 42 5 143 8 36 144 36 
145 42 5 8 36 36 
145 42 5 8 36 36 
145 42 73 5 189 8 36 144 36 
145 42 5 91 6 92 36 36 
145 42 5 91 6 92 36 36 
145 42 5 189 143 8 36 144 36 
145 42 5 189 143 8 36 144 36 
145 42 5 143 8 36 144 36 
145 42 5 143 8 36 144 36 
145 42 5 143 8 36 144 36 
145 42 5 189 8 36 144 36 
145 42 5 8 36 36 
145 42 5 8 36 36 
145 42 5 8 36 36 
145 42 5 143 8 36 144 36 
145 42 118 119 36 36 
145 42 5 189 8 36 144 36 
145 42 5 189 8 36 144 36 
145 42 5 143 8 36 144 36 
145 42 5 143 8 36 144 36 
145 42 5 143 8 36 144 36 
145 42 5 143 8 36 144 36 
145 42 5 143 8 36 144 36 
145 42 5 143 8 36 144 36 
145 42 5 91 6 92 36 36 
145 42 5 91 6 92 36 36 
145 42 118 119 36 36 
145 42 5 143 8 36 144 36 
145 42 5 189 143 8 36 144 36 
145 42 5 143 8 36 144 36 
145 42 5 162 8 36 419 36 
145 42 5 8 36 36 
145 42 118 132 36 36 
145 42 118 132 36 36 
145 42 5 189 8 36 144 36 
145 42 5 189 8 36 144 36 
145 42 5 143 8 36 144 36 
1 2 145 42 5 8 36 144 36 
145 42 5 143 8 36 144 36 
145 42 5 91 6 92 36 36 
175 145 42 5 143 8 36 144 36 
145 42 5 118 8 119 36 144 36 
145 42 5 118 8 119 36 144 36 
145 42 5 189 8 36 144 36 
145 42 5 143 8 36 144 36 
145 42 5 143 8 36 144 36 
145 42 5 189 8 36 144 36 
145 42 5 189 8 36 144 36 
145 42 73 5 189 8 36 144 36 
145 42 493 254 36 36 
145 42 5 143 8 36 144 36 
1 2 145 42 5 91 6 92 36 36 
145 42 5 143 8 36 144 36 
145 42 5 8 36 36 
145 42 5 143 8 36 144 36 
145 42 5 143 8 36 144 36 
145 42 5 143 8 36 144 36 
145 42 118 119 132 36 36 
145 42 5 143 8 36 144 36 
145 42 5 189 143 8 36 144 36 
145 42 5 189 143 8 36 144 36 
145 42 5 189 8 36 144 36 
145 42 5 189 8 36 144 36 
145 42 5 600 230 6 243 11 10 36 253 125 36 
145 42 5 143 8 36 144 36 
145 42 118 119 36 36 
145 42 5 143 8 36 144 36 
145 42 5 143 8 36 144 36 
145 42 5 143 8 36 144 36 
145 42 118 132 36 36 
145 42 5 189 8 36 144 36 
58 59 145 60 42 149 150 118 173 119 36 36 
145 42 5 143 8 36 144 36 
145 42 118 119 36 36 
145 42 73 118 132 36 36 
145 42 5 91 6 92 36 36 
145 42 5 91 6 92 36 36 
145 42 5 8 36 36 
145 42 5 143 8 36 144 36 
1 2 145 42 5 189 8 36 144 36 
145 42 5 91 6 8 92 36 144 36 
145 42 5 143 8 36 144 36 
145 42 5 143 8 36 144 36 
145 42 5 143 8 36 144 36 
145 42 5 143 8 36 144 36 
205 206 145 207 42 118 119 36 36 
145 42 5 143 8 36 144 36 
145 42 5 8 36 36 
145 42 5 143 8 36 144 36 
145 42 5 143 8 36 144 35 36 
145 42 5 143 8 36 144 36 
145 42 5 143 8 36 144 36 
145 42 5 91 6 8 92 36 144 36 
145 42 5 8 36 36 
145 42 5 189 8 36 144 36 
145 42 5 143 8 36 144 36 
145 42 5 91 6 8 92 36 144 36 
145 42 5 91 6 8 92 36 144 36 
145 42 5 143 8 36 144 36 
145 42 5 143 8 36 144 36 
145 42 118 119 36 36 
145 42 5 143 8 36 144 36 
145 42 5 143 8 36 144 36 
145 42 5 143 8 36 144 36 
145 42 5 189 8 36 144 36 
205 206 145 207 42 5 189 8 36 144 36 
145 42 5 189 8 36 144 36 
145 42 5 8 36 36 
145 42 118 119 36 36 
145 42 5 143 8 36 144 36 
145 42 5 143 8 36 144 36 
145 42 5 8 156 36 144 36 
145 42 5 143 8 36 144 36 
145 42 5 143 8 36 144 36 
145 42 5 91 6 92 36 36 
145 42 5 91 6 92 36 36 
145 42 5 91 6 92 36 36 
145 42 5 8 36 36 
145 42 5 143 8 36 144 36 
145 42 5 143 8 36 144 36 
145 42 5 8 36 36 
145 42 118 132 36 36 
145 42 5 189 8 36 144 36 
145 42 118 119 36 36 
145 42 118 119 36 36 
145 42 5 36 36 
145 42 5 8 36 36 
145 42 5 423 162 8 36 36 
145 42 5 189 143 8 36 144 36 
145 42 5 143 8 36 144 36 
145 42 5 143 8 36 144 36 
145 42 5 8 36 144 36 
145 42 5 8 36 36 
145 42 5 8 36 36 
145 42 5 143 8 36 144 36 
145 42 5 8 36 36 
145 42 5 91 6 92 36 36 
145 42 5 143 8 36 144 36 
145 42 5 143 8 36 144 36 
145 42 5 91 6 92 36 36 
145 42 5 189 8 36 144 36 
145 42 5 189 143 8 36 144 36 
145 42 5 189 143 8 36 144 36 
145 42 5 91 6 92 36 36 
145 42 5 91 6 92 36 36 
54 51 145 42 5 189 143 8 36 144 36 
145 42 5 189 143 8 36 144 36 
145 42 5 91 6 92 36 61 36 
145 42 5 143 8 36 144 36 
145 42 5 143 8 36 144 36 
145 42 5 189 143 8 36 144 36 
145 42 5 91 6 92 36 36 
145 42 5 8 36 36 
145 42 5 189 8 36 144 36 
145 42 5 189 8 36 144 36 
145 42 5 189 8 36 144 36 
145 42 5 143 8 36 144 36 
145 42 5 143 8 36 144 36 
145 42 5 143 8 36 144 36 
145 42 5 189 143 8 36 144 36 
145 42 5 189 8 36 144 36 
145 42 5 8 36 36 
145 42 5 189 8 36 144 36 
145 42 5 143 8 36 144 36 
145 42 5 143 8 36 144 36 
145 42 5 143 8 36 144 36 
145 42 5 143 8 36 144 36 
145 42 5 118 8 119 36 144 36 
145 42 118 132 36 36 
145 42 5 143 8 36 144 36 
145 42 5 91 6 92 36 36 
145 42 5 143 8 36 144 36 
145 42 5 143 8 36 144 36 
145 42 5 143 8 36 144 36 
145 42 73 5 143 8 36 144 36 
145 42 5 143 8 36 144 36 
145 42 5 143 8 36 144 36 
145 42 118 119 36 36 
145 42 5 143 8 36 144 36 
145 42 5 189 8 36 144 36 
145 42 5 189 8 36 144 36 
145 42 5 189 8 36 144 36 
145 42 5 189 8 36 144 36 
145 42 5 189 8 36 144 36 
145 42 5 143 8 36 144 36 
145 42 5 91 6 92 36 36 
145 42 5 143 8 36 144 36 
145 42 118 132 36 36 
145 42 5 21 8 36 144 68 24 36 
145 42 5 91 6 92 36 36 
145 42 5 91 6 92 36 36 
145 42 5 91 6 92 36 36 
145 42 5 91 6 92 36 36 
145 42 5 143 8 36 144 36 
145 42 118 119 36 36 
145 42 5 189 8 36 144 36 
145 42 5 143 8 36 144 36 
145 42 5 189 143 8 36 144 36 
145 42 5 143 8 36 144 36 
145 42 5 143 8 36 144 36 
145 42 5 91 6 92 36 36 
1 2 145 42 5 8 36 36 
145 42 5 143 8 36 144 36 
145 42 5 8 36 36 
145 42 118 119 36 36 
145 42 5 8 36 36 
145 42 5 161 459 8 36 36 
145 42 5 161 459 8 36 36 
145 42 5 91 6 8 92 36 144 36 
145 42 5 143 8 36 144 36 
145 42 5 143 8 36 144 36 
145 42 5 189 8 389 461 390 36 144 672 36 
145 42 5 8 36 36 
145 42 5 91 6 92 36 36 
145 42 5 91 6 92 36 36 
145 42 5 189 8 36 144 36 
145 42 5 91 6 92 36 36 
145 42 5 91 6 92 36 36 
145 42 5 143 8 674 36 144 36 
145 42 5 91 6 92 36 36 
145 42 5 189 143 8 36 144 36 
145 42 118 119 36 36 
145 42 5 143 8 36 144 36 
145 42 5 91 6 92 36 36 
145 42 5 91 6 92 36 36 
145 42 5 91 6 92 36 36 
145 42 5 8 36 36 
145 42 5 143 8 36 144 36 
145 42 5 8 36 36 
145 42 118 119 36 36 
145 42 118 119 36 36 
145 42 118 119 36 36 
145 42 118 119 36 36 
145 42 118 119 36 36 
145 42 5 143 8 36 144 36 
145 42 5 143 8 36 144 36 
145 42 5 91 6 8 92 36 144 36 
145 42 5 189 8 36 144 36 
145 42 5 143 8 36 144 36 
145 42 5 143 8 36 144 36 
145 42 5 143 8 36 144 36 
145 42 118 119 36 36 
145 42 118 119 36 36 
145 42 5 189 143 8 36 144 36 
145 42 5 143 8 36 144 36 
145 42 5 8 36 36 
145 42 5 8 36 36 
145 42 5 8 36 36 
145 42 5 8 36 36 
1 2 145 42 5 189 143 8 36 144 36 
145 42 5 189 143 8 36 144 36 
145 42 5 143 8 36 144 36 
145 42 5 143 8 36 144 36 
145 42 5 143 8 36 144 36 
145 42 5 143 8 36 144 36 
145 42 5 143 8 36 144 36 
145 42 5 189 8 36 144 36 
145 42 5 8 36 36 
145 42 73 5 189 8 36 144 36 
145 42 5 6 36 61 36 
145 42 5 143 8 36 144 36 
145 42 5 91 6 92 8 36 36 
145 42 5 143 8 36 144 36 
145 42 5 143 8 36 144 36 
145 42 5 189 8 36 144 36 
145 42 5 8 36 36 
145 42 5 143 8 36 144 36 
145 42 118 119 36 36 
145 42 5 91 6 92 36 36 
145 42 5 143 8 36 144 36 
145 42 118 119 36 36 
145 42 5 143 8 36 144 36 
1 145 42 5 143 8 36 144 36 
145 42 5 189 8 36 144 36 
145 42 5 189 8 36 144 36 
145 42 5 143 8 36 144 36 
145 42 5 189 8 36 144 36 
145 42 5 189 143 8 36 144 36 
145 42 118 119 36 36 
145 42 5 143 8 36 144 36 
145 42 5 143 8 36 144 36 
145 42 5 143 8 36 144 36 
145 42 5 143 8 36 144 36 
145 42 118 119 36 36 
145 42 5 143 8 36 144 36 
145 42 5 8 36 36 
145 42 5 189 8 36 144 36 
145 42 5 189 8 36 144 36 
145 42 5 189 8 36 144 36 
1 236 15 202 145 42 5 189 8 36 144 36 
145 42 5 189 8 36 144 36 
145 42 5 189 8 36 144 36 
145 42 5 143 8 36 144 36 
145 42 5 91 6 92 36 36 
145 42 5 91 6 92 36 36 
145 42 5 189 143 8 36 144 36 
145 42 5 189 143 8 36 144 36 
145 42 5 189 8 36 144 36 
145 42 5 189 8 36 144 36 
145 42 73 118 119 36 36 
145 42 5 91 6 92 36 36 
1 15 202 145 42 234 5 189 8 36 144 36 
145 42 5 143 8 36 144 36 
1 2 145 42 5 143 8 36 144 36 
145 42 5 8 36 36 
145 42 5 8 36 36 
205 206 145 207 42 5 91 6 92 36 36 
145 42 5 8 36 36 
145 42 5 8 36 36 
145 42 5 143 8 36 144 36 
145 42 73 5 189 8 36 144 36 
145 42 5 189 8 36 144 36 
145 42 5 189 8 36 144 36 
145 42 5 189 8 36 144 36 
145 42 5 189 8 36 144 36 
145 42 5 189 8 36 144 36 
145 42 5 189 8 36 144 36 
145 42 5 143 8 36 144 36 
145 42 5 143 8 36 144 36 
145 42 118 119 36 36 
145 42 118 119 36 36 
145 42 5 8 36 36 
145 42 5 143 8 36 144 36 
145 42 5 91 6 92 36 36 
145 42 5 189 8 36 144 36 
145 42 5 143 8 36 144 36 
145 42 5 189 8 36 144 36 
145 42 5 143 8 36 144 36 
145 42 5 91 6 92 36 36 
145 42 5 143 8 36 144 36 
145 42 5 8 36 36 
145 42 5 143 8 36 144 36 
145 42 5 189 8 36 144 36 
1 15 145 42 43 5 189 8 36 144 36 
145 42 5 189 8 36 144 36 
145 42 5 189 8 36 144 36 
145 42 73 5 189 8 36 144 36 
145 42 5 189 143 8 36 144 36 
145 42 5 91 6 92 36 36 
1 2 145 42 118 119 36 36 
145 42 5 8 36 122 36 
145 42 5 143 8 36 144 36 
184 1 15 185 145 42 118 119 36 36 
1 236 15 202 145 42 5 189 8 36 144 36 
145 42 118 119 36 36 
145 42 5 91 6 92 36 36 
145 42 5 8 36 36 
145 42 118 119 36 36 
145 42 5 8 36 36 
145 42 5 189 8 36 144 36 
145 42 5 189 143 8 36 144 36 
145 42 118 119 36 36 
145 42 5 143 8 36 144 36 
145 42 5 8 36 36 
145 42 5 91 6 92 36 36 
145 42 118 119 36 36 
145 42 5 8 36 36 
145 42 5 143 8 36 144 36 
145 42 118 119 36 36 
145 42 5 91 6 92 36 36 
145 42 118 132 36 36 
145 42 5 189 8 36 144 36 
145 42 5 189 8 36 144 36 
145 42 5 189 8 36 144 122 36 
145 42 5 143 8 36 144 36 
145 42 5 91 6 92 36 36 
145 42 118 119 36 36 
145 42 5 143 8 36 144 36 
145 42 5 143 8 36 144 36 
145 42 5 143 8 36 144 36 
145 42 5 8 36 36 
145 42 5 91 6 92 36 36 
145 42 5 143 8 36 144 36 
145 42 118 119 36 36 
145 42 5 189 8 36 144 36 
145 42 118 119 36 36 
145 42 5 143 8 36 144 36 
145 42 142 36 36 
145 42 5 91 6 92 36 36 
145 42 5 189 8 36 144 36 
1 2 145 42 5 143 8 36 144 36 
145 42 118 119 36 122 36 
145 42 5 91 6 92 36 36 
145 42 5 91 6 92 36 36 
145 42 5 91 6 92 36 36 
145 42 5 91 6 92 36 36 
145 42 5 189 8 36 144 36 
145 42 5 189 8 36 144 36 
145 42 5 6 8 36 144 36 
145 42 118 119 36 36 
145 42 5 143 8 36 144 36 
145 42 5 8 36 36 
1 2 145 42 5 91 6 92 36 36 
145 42 5 91 6 92 36 36 
145 42 5 189 8 36 144 36 
145 42 5 143 8 36 144 36 
145 42 5 36 36 
145 42 5 36 36 
145 42 5 8 36 144 36 
145 42 5 8 36 144 36 
145 42 5 8 36 144 36 
145 42 5 8 36 144 36 
145 42 5 143 8 36 144 36 
145 42 5 8 36 36 
145 42 5 8 36 144 36 
145 42 5 8 36 144 36 
145 42 5 8 36 144 36 
145 42 5 8 36 144 36 
145 42 5 8 36 144 36 
145 42 5 8 36 144 36 
145 42 5 8 36 36 
145 42 5 8 36 144 36 
145 42 5 8 36 144 36 
145 42 5 8 36 144 36 
145 42 5 8 36 144 36 
145 42 5 8 36 144 36 
145 42 5 36 36 
145 42 5 8 36 144 36 
145 42 5 8 36 144 36 
145 42 5 8 36 144 36 
145 42 5 36 36 
145 42 5 8 36 144 36 
145 42 5 8 36 144 36 
145 42 5 8 36 144 36 
145 42 5 8 36 144 36 
145 42 5 8 36 144 36 
145 42 5 8 36 144 36 
145 42 5 8 36 144 36 
145 42 5 8 36 144 36 
145 42 5 8 36 144 36 
145 42 5 8 36 144 36 
145 42 5 8 36 144 36 
145 42 5 8 36 144 36 
145 42 5 8 36 144 36 
145 42 5 8 36 144 36 
145 42 5 8 36 144 36 
145 42 5 8 36 144 36 
145 42 5 8 36 144 36 
145 42 5 8 36 144 36 
145 42 5 8 36 144 36 
145 42 5 8 36 144 36 
145 42 5 8 36 144 36 
205 206 145 207 42 5 8 36 144 36 
145 42 5 8 36 36 
145 42 5 36 36 
145 42 5 8 36 144 36 
145 42 5 8 36 144 36 
145 42 5 8 36 144 36 
145 42 5 8 36 144 36 
145 42 5 8 36 144 36 
145 42 5 8 36 144 36 
145 42 5 8 36 144 36 