51 348 257 349 359 351 365 21 22 99 68 24 100 21 
51 348 257 349 359 351 5 21 22 143 8 37 144 24 21 
51 348 257 349 359 351 5 21 22 143 8 37 144 24 21 
51 348 257 349 359 351 5 21 22 143 8 37 144 24 21 
51 348 257 349 359 351 133 21 22 68 24 21 
51 348 257 349 359 351 133 21 22 68 24 21 
51 348 257 349 359 351 133 21 22 68 24 21 
51 348 257 349 359 351 21 22 68 24 21 
51 348 257 349 359 351 365 21 22 99 100 21 
51 348 257 349 359 351 5 21 22 143 8 37 144 24 21 
51 348 257 349 359 351 133 21 22 68 24 21 
51 348 257 349 359 351 21 22 37 24 21 
51 348 257 349 359 351 21 22 24 21 
1 15 51 348 257 349 359 443 351 133 21 22 68 24 21 
51 348 257 349 359 351 5 21 22 143 8 37 144 24 21 
264 51 348 257 349 38 359 351 133 21 22 68 24 21 
51 348 257 349 359 351 21 22 468 99 100 21 
1 15 51 348 257 349 202 359 351 21 22 68 24 21 
51 348 257 349 359 351 133 21 22 68 24 21 
51 348 257 349 359 351 21 22 352 99 353 100 21 
51 348 257 349 359 351 133 21 22 68 24 21 
51 348 257 349 359 351 133 21 22 68 24 21 
51 348 257 349 359 351 133 21 22 68 24 21 
51 348 257 349 359 351 354 21 22 68 24 21 
51 348 257 349 359 351 21 22 352 99 353 100 21 
51 348 257 349 359 351 21 22 352 99 353 100 21 
1 15 51 348 257 349 359 443 351 133 21 22 68 24 21 
51 348 257 349 350 359 351 354 21 22 68 24 21 
51 348 257 349 359 351 21 22 68 24 21 
51 348 257 349 359 351 21 22 352 99 353 100 21 
51 348 257 349 359 351 21 22 352 99 353 100 21 
51 348 257 349 359 351 21 22 68 24 21 
51 348 257 349 359 351 133 21 22 68 24 21 
51 348 257 349 359 351 21 22 68 24 21 
1 15 51 348 257 349 359 43 351 21 22 68 24 21 
51 348 257 349 359 351 104 21 22 68 24 21 
51 348 257 349 359 351 133 21 22 68 24 21 
51 348 257 349 359 351 133 21 22 68 24 21 
51 348 257 349 359 351 21 22 68 24 21 
51 348 257 349 359 351 21 22 68 24 21 
51 348 257 349 359 351 21 22 68 24 21 
51 348 257 349 359 351 354 21 22 68 24 21 
51 348 257 349 359 351 133 21 22 68 24 21 
51 348 257 349 359 351 21 22 68 24 21 
51 348 257 349 359 351 133 21 22 68 24 21 
51 348 257 349 359 351 133 21 22 68 24 21 
51 348 257 349 359 351 133 21 22 68 24 21 
51 348 257 349 359 351 21 22 68 24 21 
51 348 257 349 42 359 351 21 22 352 99 353 100 21 
51 348 257 349 359 351 21 352 22 99 357 100 21 
51 348 257 349 359 351 21 22 352 99 353 100 21 
51 348 257 349 359 351 21 22 352 99 353 100 21 
51 348 257 349 359 351 21 22 352 99 353 100 21 
51 348 257 349 359 351 21 22 352 99 353 100 21 
51 348 257 349 359 351 21 22 352 99 353 100 21 
51 348 257 349 359 351 133 21 22 68 24 21 
51 348 257 349 359 351 81 21 22 82 24 21 
51 348 257 349 359 351 21 22 68 24 21 
51 348 257 349 359 351 21 22 68 24 21 
51 348 257 349 359 351 21 22 68 24 21 
51 348 257 349 359 351 21 22 68 24 21 
51 348 257 349 359 351 21 22 68 24 21 
51 348 257 349 359 351 21 22 68 24 21 
51 348 257 349 359 351 21 22 352 99 353 100 21 
51 348 257 349 359 351 21 22 352 99 353 100 21 
51 348 257 349 359 351 21 22 68 24 21 
51 348 257 349 359 351 365 21 22 99 100 21 
51 348 257 349 359 351 21 22 352 99 100 21 
51 348 257 349 359 351 104 21 22 68 24 21 
51 348 257 349 359 351 21 22 68 24 21 
51 348 257 349 359 351 21 22 68 24 21 
51 348 257 349 359 351 21 22 468 99 24 100 21 
51 348 257 349 359 351 21 22 68 24 21 
51 348 257 349 359 351 104 21 22 68 24 21 
51 348 257 349 359 351 133 21 22 68 24 21 
51 348 257 349 359 351 21 22 68 24 21 
51 348 257 349 42 359 351 108 21 22 68 24 21 
51 348 257 349 359 351 21 22 68 24 21 
51 348 257 349 359 351 21 22 68 24 21 
51 348 257 349 359 351 21 22 352 99 353 100 21 
51 348 257 349 359 351 133 21 22 68 24 21 
1 15 51 348 257 349 359 351 21 22 68 24 21 
51 348 257 349 359 351 21 22 68 24 21 
51 348 257 349 359 351 21 22 68 24 21 
1 15 51 348 257 349 202 359 234 351 104 21 22 68 24 21 
190 54 51 348 257 349 359 192 351 269 21 22 352 99 353 24 100 21 
51 348 257 349 359 351 21 22 24 21 
51 348 257 349 359 351 365 21 22 99 100 21 
51 348 257 349 359 351 91 5 6 21 22 92 24 21 
51 348 257 349 359 351 21 22 68 24 21 
51 348 257 349 359 351 21 22 68 24 21 
51 348 257 349 359 313 78 351 21 22 352 99 353 100 21 
51 348 257 349 359 351 21 22 352 99 353 100 21 
51 348 257 349 359 351 21 22 352 353 99 24 100 21 
51 348 257 349 359 351 21 22 352 99 353 100 21 
51 348 257 349 359 351 21 22 68 24 21 
51 348 257 349 359 351 21 22 24 21 
51 348 257 349 359 351 21 22 68 24 21 
51 348 257 349 359 351 21 22 68 24 21 
51 348 257 349 359 351 21 22 24 21 
51 348 257 349 359 351 104 21 22 68 24 21 
51 348 257 349 359 351 104 21 22 68 24 21 
51 348 257 349 359 351 21 22 68 24 21 
51 348 257 349 359 351 21 22 352 99 353 100 21 
51 348 257 349 359 351 104 21 22 68 24 21 
51 348 257 349 359 351 21 22 24 21 
51 348 257 349 359 351 28 109 21 22 364 80 21 
51 348 257 349 359 351 21 22 477 21 
51 348 257 349 359 351 133 21 22 68 24 21 
51 348 257 349 359 351 133 21 22 68 24 21 
51 348 257 349 359 351 21 22 352 353 99 24 100 21 
1 15 51 348 257 349 359 351 21 22 24 21 
51 348 257 349 359 351 21 22 68 24 21 
51 348 257 349 359 351 104 21 22 68 24 21 
51 348 257 349 359 351 21 22 352 99 353 100 21 
51 348 257 349 359 351 21 22 352 99 353 100 21 
1 15 51 348 257 349 359 351 21 22 68 24 21 
51 348 257 349 359 351 133 21 22 68 24 21 
51 348 257 349 359 351 21 22 352 99 353 100 21 
51 348 257 349 359 351 365 21 22 99 100 21 
51 348 257 349 145 42 359 351 21 22 68 24 21 
51 348 257 349 359 351 21 22 68 24 21 
51 348 257 349 359 351 21 22 352 99 100 21 
1 15 51 348 257 349 359 351 21 22 68 24 21 
51 348 257 349 359 351 21 22 68 24 21 
51 348 257 349 359 351 21 22 68 24 21 
51 348 257 349 359 351 21 22 24 21 
51 348 257 349 359 351 21 22 24 21 
51 348 257 349 359 351 21 22 68 24 21 
1 15 51 348 257 349 359 43 351 81 21 22 82 24 21 
51 348 257 349 359 351 21 22 68 24 21 
445 51 348 257 349 42 359 351 108 104 21 22 68 24 21 
51 348 257 349 359 351 21 352 22 99 357 24 100 21 
51 348 257 349 359 351 28 21 352 22 99 357 79 80 100 21 
51 348 257 349 359 351 21 22 24 21 
1 15 51 348 257 349 202 359 234 351 21 22 68 24 21 
51 348 257 349 359 351 133 21 22 68 24 21 
51 348 257 349 359 351 21 22 68 24 21 
51 348 257 349 359 351 21 22 68 24 21 
51 348 257 349 359 351 21 22 68 24 21 
51 348 257 349 359 351 21 22 352 99 353 100 21 
51 348 257 349 359 351 21 22 352 99 353 100 21 
51 348 257 349 359 351 21 22 352 99 353 100 21 
1 15 51 348 257 349 359 351 21 22 68 24 21 
51 348 257 349 359 351 21 22 24 21 
51 348 257 349 359 351 21 22 24 21 
51 348 257 349 359 351 21 22 352 99 353 100 21 
1 15 51 348 257 349 359 351 104 21 22 68 24 21 
51 348 257 349 359 351 21 22 477 21 
51 348 257 349 359 351 21 22 68 24 21 
1 15 51 348 257 349 359 351 21 22 99 24 21 
51 348 257 349 359 351 354 104 21 22 68 24 21 
51 348 257 349 350 359 351 104 21 22 68 24 21 
51 348 257 349 359 351 21 22 24 21 
51 348 257 349 359 351 21 22 24 21 
51 348 257 349 359 351 21 22 352 99 353 100 21 
51 348 257 349 359 351 21 22 68 24 21 
51 348 257 349 359 351 21 22 68 24 21 
51 348 257 349 359 351 365 21 22 99 100 21 
51 348 257 349 359 351 21 22 68 24 21 
190 54 51 348 257 349 359 192 351 269 21 22 68 24 21 
51 348 257 349 359 351 104 21 22 68 24 21 
51 348 257 349 359 351 104 21 22 68 24 21 
1 15 51 348 257 349 202 359 234 351 21 22 68 24 21 
51 348 257 349 359 351 104 21 22 68 24 21 
51 348 257 349 359 351 104 21 22 68 24 21 
51 348 257 349 359 351 21 22 68 24 21 
51 348 257 349 359 351 104 21 22 68 24 21 
51 348 257 349 359 351 21 22 352 99 353 100 21 
51 348 257 349 359 351 21 22 68 24 21 
51 348 257 349 359 351 21 22 352 99 353 100 21 
1 15 51 348 257 349 359 351 21 22 21 
51 348 257 349 359 351 21 22 68 24 21 
51 348 257 349 359 351 354 21 22 68 24 21 
51 348 257 349 359 351 21 22 68 24 21 
51 348 257 349 359 351 104 21 22 68 24 21 
51 348 257 349 359 351 21 22 68 24 21 
51 348 257 349 359 351 21 22 68 24 21 
51 348 257 349 359 351 21 22 352 353 99 24 100 21 
51 348 257 349 359 351 21 22 352 99 353 100 21 
51 348 257 349 359 351 21 22 68 24 21 
51 348 257 349 359 351 104 21 22 68 24 21 
51 348 257 349 359 351 21 22 24 21 
51 348 257 349 359 351 365 21 22 99 100 21 
51 348 257 349 359 351 104 21 22 68 24 21 
51 348 257 349 359 351 365 21 22 99 100 21 
51 348 257 349 359 351 21 22 68 24 21 
51 348 257 349 359 351 21 22 68 24 21 
51 348 257 349 359 351 21 22 68 24 21 
51 348 257 349 359 351 104 21 22 68 24 21 
1 15 51 348 257 349 359 43 351 133 21 22 68 24 21 
51 348 257 349 359 351 365 21 22 99 100 21 
51 348 257 349 359 351 21 22 24 21 
51 348 257 349 359 351 354 104 21 22 68 24 21 
51 348 257 349 359 351 21 22 24 21 
51 348 257 349 359 351 21 22 24 21 
51 348 257 349 359 351 21 22 24 21 
51 348 257 349 359 351 21 22 24 21 
51 348 257 349 359 351 21 22 24 21 