535 57 56 181 5 21 22 143 8 37 144 24 37 
535 57 56 181 5 21 22 143 8 37 144 24 37 
535 57 56 181 5 21 22 143 8 37 144 24 37 
535 57 56 181 5 21 22 143 8 37 144 24 37 
535 57 56 181 5 21 22 143 8 37 144 24 37 
535 57 56 181 21 22 37 24 37 
535 57 56 181 21 22 37 24 37 
535 57 56 181 21 22 37 24 37 
535 57 56 181 21 22 37 24 37 
535 57 56 181 21 22 37 24 37 
535 57 56 181 21 22 37 24 37 
535 57 56 181 21 22 37 24 37 
535 57 56 181 21 22 37 24 37 
535 57 56 181 21 22 37 24 37 
535 57 56 181 21 22 37 24 37 
535 57 56 181 21 22 37 24 37 
535 57 56 181 21 22 37 24 37 
535 57 56 181 21 22 37 24 37 
535 57 56 181 21 22 37 24 37 
535 57 56 181 21 22 37 24 37 
535 57 56 181 21 22 37 24 37 
535 57 56 181 21 22 37 24 37 
535 57 56 181 21 22 37 24 37 
535 57 56 181 21 22 37 24 37 
535 57 56 181 21 22 37 24 37 
535 57 56 181 21 22 37 24 37 
535 57 56 181 21 22 37 24 37 
535 57 56 181 21 22 37 24 37 
535 57 56 181 21 22 37 24 37 
535 57 56 181 21 22 37 24 37 
535 57 56 181 21 22 37 24 37 
535 57 56 181 21 22 37 24 37 
535 57 56 181 21 22 37 24 37 
535 57 56 181 21 22 37 24 37 
535 57 56 181 21 22 37 24 37 
535 57 56 181 21 22 37 24 37 
535 57 56 181 21 22 37 24 37 
212 535 57 56 213 181 21 22 37 24 37 
535 57 56 181 21 22 37 24 37 
535 57 56 181 21 22 37 24 37 
535 57 56 181 21 22 37 24 37 
535 57 56 181 21 22 37 24 37 
535 57 56 181 21 22 37 24 37 
535 57 56 181 21 22 37 24 37 
535 57 56 181 21 22 37 24 37 
535 57 56 181 21 22 37 24 37 
535 57 56 181 21 22 37 24 37 
535 57 56 181 21 22 37 24 37 
535 57 56 181 21 22 37 24 37 
535 57 56 181 21 22 37 24 37 
535 57 56 181 21 22 37 24 37 
535 57 56 181 21 22 37 24 37 
535 57 56 181 5 21 22 143 8 37 144 24 37 
535 57 56 181 21 22 37 24 37 
535 57 56 181 21 22 37 24 37 
535 57 56 181 21 22 37 24 37 
535 57 56 181 21 22 37 24 37 
535 57 56 181 21 22 37 24 37 
535 57 56 181 21 22 37 24 37 
535 57 56 181 21 22 37 24 37 
535 57 56 181 21 22 37 24 37 
535 57 56 181 21 22 37 24 37 
535 57 56 181 21 22 37 24 37 
535 57 56 181 21 22 37 24 37 
535 57 56 181 21 22 37 24 37 
535 57 56 181 21 22 37 24 37 
535 57 56 181 21 22 37 24 37 
535 57 56 181 21 536 10 11 37 24 125 37 
535 57 56 181 21 536 10 11 37 24 125 37 
535 57 56 181 21 22 37 24 37 
535 57 56 181 21 22 37 24 37 
535 57 56 181 5 21 22 143 8 37 144 24 37 
535 57 56 181 5 21 22 143 8 37 144 24 37 
535 57 56 181 21 536 10 11 37 24 125 37 
535 57 56 181 21 22 37 24 37 
535 57 56 181 21 22 37 24 37 
535 57 56 181 21 22 37 24 37 
535 57 56 181 21 22 37 24 37 
535 57 56 181 21 22 37 24 37 