51 257 349 42 363 5 21 8 37 24 8 
51 257 349 363 5 6 8 8 
51 257 349 363 5 8 69 70 8 
51 257 349 363 5 8 165 8 
51 257 349 363 5 8 8 
51 257 349 363 5 8 8 
51 257 349 363 5 8 8 
51 257 349 363 5 8 8 
51 257 349 363 5 8 8 
184 1 15 51 257 349 185 363 5 8 8 
184 1 15 51 257 349 185 363 5 8 8 
51 257 349 363 5 8 8 
51 257 349 363 5 8 8 
567 51 257 349 363 5 8 8 
51 257 349 363 5 8 8 
51 257 349 363 5 8 8 
51 257 349 363 5 8 8 
51 257 349 363 5 8 8 
51 257 349 363 5 8 8 
51 257 349 363 5 8 8 
51 257 349 363 5 231 8 8 
51 257 349 363 5 231 8 8 
51 257 349 363 5 8 8 
51 257 349 363 5 8 8 
51 257 349 363 5 8 8 
51 257 349 363 5 8 8 
51 257 349 363 5 8 8 
567 51 257 349 363 5 8 8 
567 51 257 349 363 5 8 12 8 
51 257 349 363 5 8 8 
51 257 349 363 5 8 8 
51 257 349 363 5 8 8 
51 257 349 363 5 8 8 
567 51 257 349 363 5 8 8 
51 257 349 363 5 8 8 
51 257 349 363 5 8 36 130 8 
51 257 349 363 5 8 8 
51 257 349 363 5 8 8 
51 257 349 363 5 8 35 8 
51 257 349 363 5 8 35 8 
51 257 349 363 5 8 8 
51 257 349 363 5 137 101 8 8 
51 257 349 363 5 8 120 8 
567 51 257 349 363 5 8 8 
567 51 257 349 363 5 8 8 
567 51 257 349 363 5 8 8 
51 257 349 363 5 8 8 
567 51 257 349 363 5 8 8 
51 257 349 363 5 8 8 
567 51 257 349 363 5 8 8 
567 51 257 349 363 5 8 8 
51 257 349 363 5 8 8 
51 257 349 363 5 254 8 36 255 8 
51 257 349 363 5 254 8 36 255 8 
51 257 349 363 5 254 8 36 255 8 
51 257 349 363 5 254 8 36 255 8 
51 257 349 363 5 254 8 36 255 8 
51 257 349 363 5 254 8 36 255 8 
51 257 349 363 5 254 8 36 255 8 
51 257 349 363 5 254 8 36 255 8 
51 257 349 363 5 254 8 36 255 8 
51 257 349 363 5 254 8 36 255 8 
184 1 15 51 257 349 185 363 5 254 8 36 255 8 
1 15 51 257 349 43 363 5 254 8 36 255 8 
51 257 349 363 5 254 8 36 255 8 
51 257 349 363 5 254 8 36 255 8 
51 257 349 363 5 254 8 36 255 8 
51 257 349 363 5 254 8 36 255 8 
51 257 349 363 5 254 8 36 255 8 
51 257 349 363 5 8 8 
51 257 349 363 5 8 8 
51 257 349 363 5 8 8 
51 257 349 363 5 8 8 
51 257 349 363 5 8 8 
51 257 349 363 5 8 8 
51 257 349 363 5 8 8 
51 257 349 363 5 8 8 
51 257 349 363 5 8 8 
51 257 349 363 5 8 8 
51 257 349 363 5 8 8 
51 257 349 363 5 8 8 
51 257 349 363 5 8 8 
51 257 349 363 5 8 8 
51 257 349 363 5 8 8 
51 257 349 363 5 8 8 
51 257 349 363 5 8 8 
51 257 349 363 5 6 8 9 8 
51 257 349 363 5 8 8 
51 257 349 363 5 8 8 
1 15 51 257 349 16 363 5 8 8 
51 257 349 363 5 8 8 
51 257 349 363 5 8 8 
51 257 349 363 5 8 8 
51 257 349 363 5 8 8 
51 257 349 363 5 8 12 8 
51 257 349 363 5 8 8 
51 257 349 363 5 8 8 
51 257 349 363 5 8 8 
51 257 349 363 5 8 8 
51 257 349 363 5 8 8 
51 257 349 363 5 8 8 
51 257 349 363 5 8 8 
51 257 349 363 5 8 8 
51 257 349 363 5 8 8 
51 257 349 363 5 8 8 
51 257 349 363 5 8 8 
51 257 349 363 5 8 8 
51 257 349 363 5 8 8 
51 257 349 363 5 8 8 
51 257 349 363 5 101 8 102 8 
51 257 349 363 5 8 8 
51 257 349 363 5 8 8 
1 567 51 257 349 2 363 5 6 8 9 8 
567 51 257 349 363 5 231 8 8 
567 51 257 349 363 5 528 8 8 
1 259 51 257 349 19 2 363 5 528 8 8 
51 257 349 363 5 8 8 
51 257 349 363 5 8 8 
51 257 349 363 5 8 8 
51 257 349 363 5 162 8 8 
51 257 349 363 5 162 8 8 
51 257 349 363 5 162 8 8 
51 257 349 363 5 162 8 8 
51 257 349 363 5 162 8 8 
51 257 349 363 5 162 8 8 
51 257 349 363 5 232 8 527 8 
51 257 349 363 5 8 8 
51 257 349 363 5 8 8 
51 257 349 363 5 6 8 8 
51 257 349 363 5 6 8 8 
51 257 349 363 5 6 8 8 
51 257 349 363 5 6 8 8 
51 257 349 363 5 6 8 8 
51 257 349 363 5 104 21 22 8 68 24 8 
51 257 349 363 5 8 8 
51 257 349 363 5 8 8 
51 257 349 363 5 8 8 
51 257 349 363 5 8 8 
51 257 349 363 5 8 8 
51 257 349 363 5 8 8 
51 257 349 363 5 8 8 
51 257 349 363 5 8 8 
51 257 349 363 5 8 8 
51 257 349 363 5 8 8 
51 257 349 363 5 8 8 
567 51 257 349 363 5 8 8 
51 257 349 363 5 8 8 
51 257 349 363 5 8 8 
51 257 349 363 5 8 8 
51 257 349 363 5 8 8 
51 257 349 363 5 8 8 
51 257 349 363 5 8 8 
51 257 349 363 5 8 8 
51 257 349 363 5 8 8 
51 257 349 363 5 8 8 
51 257 349 363 5 8 8 
51 257 349 363 5 118 8 119 36 8 
51 257 349 363 5 8 8 
51 257 349 363 5 8 8 
51 257 349 363 5 8 8 
51 257 349 363 5 8 8 
51 257 349 363 5 8 8 
51 257 349 363 5 8 8 
51 257 349 363 5 8 8 
51 257 349 363 5 162 8 198 8 
567 51 257 349 363 5 8 8 
51 257 349 363 5 8 8 
51 257 349 363 5 8 8 
51 257 349 363 5 8 8 
51 257 349 363 5 8 8 
51 257 349 363 5 8 8 
51 257 349 363 5 8 8 
51 257 349 363 5 8 8 
51 257 349 363 5 8 8 
51 257 349 363 5 8 8 
51 257 349 363 5 8 8 
51 257 349 363 5 8 8 
51 257 349 363 5 8 8 
51 257 349 363 5 8 8 
51 257 349 363 5 8 8 
51 257 349 363 5 8 8 
51 257 349 363 5 8 8 
51 257 349 363 5 8 8 
51 257 349 363 5 8 8 
51 257 349 363 5 8 8 
51 257 349 363 5 8 8 
51 257 349 363 5 8 8 
51 257 349 363 5 8 8 
51 257 349 363 5 8 8 
51 257 349 363 5 8 8 
51 257 349 363 5 231 8 8 
51 257 349 363 5 8 165 8 
51 257 349 363 5 8 165 8 
51 257 349 363 5 8 165 8 
51 257 349 363 5 8 165 8 
51 257 349 363 5 8 165 8 
51 257 349 363 5 8 165 8 
51 257 349 363 5 8 165 8 
51 257 349 363 5 8 35 8 
51 257 349 363 5 8 144 8 
51 257 349 363 5 8 144 8 
51 257 349 363 5 231 8 8 
51 257 349 363 5 231 8 8 
51 257 349 363 5 8 12 8 
51 257 349 363 5 8 8 
184 1 15 51 257 349 185 363 5 8 8 
51 257 349 363 5 8 8 
51 257 349 363 5 8 8 
51 257 349 363 5 8 8 
51 257 349 363 5 91 6 92 8 8 
51 257 349 363 5 8 8 
51 257 349 363 5 8 8 
51 257 349 363 5 8 8 
51 257 349 363 5 8 8 
51 257 349 363 5 8 35 8 
51 257 349 363 5 171 162 418 8 8 
51 257 349 363 5 8 8 
51 257 349 363 5 8 8 
51 257 349 363 5 8 8 
51 257 349 363 5 8 8 
51 257 349 363 5 8 8 
51 257 349 363 5 8 8 
51 257 349 363 5 8 8 
51 257 349 363 5 8 8 
51 257 349 363 5 231 8 8 
51 257 349 363 5 231 8 8 
567 51 257 349 363 5 8 8 
51 257 349 363 5 8 8 
567 51 257 349 363 5 8 8 
51 257 349 363 5 8 8 
51 257 349 363 5 8 8 
51 257 349 363 5 8 8 
51 257 349 363 5 6 8 8 
51 257 349 363 5 8 8 
51 257 349 363 5 8 8 
51 257 349 363 5 8 8 
51 257 349 363 5 8 8 
51 257 349 363 5 8 8 
51 257 349 363 5 231 8 8 
51 257 349 363 5 231 8 8 
567 51 257 349 363 5 8 8 
51 257 349 363 5 8 8 
51 257 349 363 5 8 8 
51 257 349 363 5 8 8 
51 257 349 363 5 8 8 
51 257 349 363 5 8 8 
51 257 349 363 5 8 8 
51 257 349 363 5 8 8 
51 257 349 363 5 8 8 
51 257 349 363 5 6 8 8 
567 51 257 349 363 5 6 8 8 
51 257 349 363 5 6 8 8 
51 257 349 363 5 8 8 
51 257 349 363 5 8 8 
567 51 257 349 363 5 8 8 
567 51 257 349 363 5 8 8 
51 257 349 363 5 8 8 
567 51 257 349 363 5 8 8 
567 51 257 349 363 5 8 8 
51 257 349 363 5 231 529 8 8 
51 257 349 363 5 8 165 8 
51 257 349 363 5 8 165 8 
51 257 349 363 5 8 8 
51 257 349 363 5 8 8 
51 257 349 363 5 8 8 
51 257 349 363 5 8 8 
51 257 349 363 5 8 8 
51 257 349 363 5 8 8 
51 257 349 363 5 8 8 
51 257 349 363 5 8 8 
51 257 349 363 5 8 8 
51 257 349 363 5 8 8 
51 257 349 363 5 8 8 
51 257 349 363 5 8 8 
51 257 349 363 5 231 8 8 
51 257 349 363 5 231 8 8 
51 257 349 363 5 8 8 
51 257 349 363 5 8 8 
51 257 349 363 5 231 8 8 
567 51 257 349 363 5 131 8 8 
51 257 349 363 5 8 8 
51 257 349 363 5 231 8 8 
51 257 349 363 5 231 8 8 
51 257 349 363 5 8 8 
51 257 349 363 5 8 8 
51 257 349 363 5 8 8 
51 257 349 363 5 8 8 
51 257 349 363 5 8 8 
51 257 349 363 5 8 8 
51 257 349 363 5 8 8 
51 257 349 363 5 8 8 
51 257 349 363 5 8 35 8 
51 257 349 363 5 231 8 8 
51 257 349 363 5 231 8 8 
51 257 349 363 5 231 8 8 
51 257 349 363 5 231 8 8 
51 257 349 363 5 231 8 8 
567 51 257 349 363 5 8 8 
51 257 349 363 5 8 8 
51 257 349 363 5 8 8 
51 257 349 363 5 8 8 
51 257 349 363 5 8 8 
51 257 349 363 5 8 8 
51 257 349 363 5 8 8 
51 257 349 363 5 8 8 
51 257 349 363 5 8 8 
51 257 349 363 5 8 8 
51 257 349 363 5 8 8 
51 257 349 363 5 8 8 
51 257 349 363 5 8 8 
51 257 349 363 5 8 8 
51 257 349 363 5 8 8 
51 257 349 363 5 8 8 
51 257 349 363 5 8 8 
51 257 349 363 5 8 8 
51 257 349 363 5 8 8 
51 257 349 363 5 8 8 
51 257 349 363 5 8 8 
51 257 349 363 5 8 8 
51 257 349 363 5 8 8 
567 51 257 349 363 5 8 8 
190 54 567 51 257 349 192 363 269 5 8 8 
567 51 257 349 363 5 8 8 
51 257 349 363 5 8 8 
51 257 349 363 5 8 8 
51 257 349 363 5 8 8 
51 257 349 363 5 8 8 
51 257 349 363 5 8 8 
51 257 349 363 5 8 8 
51 257 349 363 5 254 8 36 255 8 
51 257 349 363 5 254 8 36 255 8 
51 257 349 363 5 254 8 36 255 8 
51 257 349 363 5 254 8 36 255 8 
51 257 349 363 5 254 8 36 255 8 
51 257 349 363 5 254 8 36 255 8 
51 257 349 363 5 254 8 36 255 8 
51 257 349 363 5 254 8 36 255 8 
51 257 349 363 5 8 8 
51 257 349 363 5 8 8 
51 257 349 363 5 8 8 
51 257 349 363 5 254 8 36 255 8 
51 257 349 363 5 254 8 36 255 8 
51 257 349 363 5 254 8 36 255 8 
51 257 349 363 5 254 8 36 255 8 
51 257 349 363 5 254 8 36 255 8 
51 257 349 363 5 254 8 36 255 8 
51 257 349 363 5 254 8 36 255 8 
51 257 349 363 5 254 8 36 255 8 
51 257 349 363 5 254 8 36 255 8 
51 257 349 363 5 254 8 36 255 8 
51 257 349 363 5 8 8 
51 257 349 363 5 8 8 
51 257 349 363 5 8 8 
51 257 349 363 5 8 8 
51 257 349 363 5 8 8 
51 257 349 363 5 8 8 
51 257 349 363 5 8 8 
51 257 349 363 5 8 8 
51 257 349 363 5 8 35 8 
51 257 349 363 5 8 8 
51 257 349 363 5 8 8 
51 257 349 363 5 231 8 8 
51 257 349 363 5 8 8 
51 257 349 363 5 8 8 
51 257 349 363 5 8 8 
51 257 349 363 5 8 8 
51 257 349 363 5 8 8 
567 51 257 349 363 5 8 8 
51 257 349 363 5 8 8 
51 257 349 363 5 8 8 
51 257 349 363 5 231 8 8 
51 257 349 363 5 8 8 
51 257 349 363 5 8 8 
51 257 349 363 5 8 8 
51 257 349 363 5 8 8 
51 257 349 363 5 8 8 
51 257 349 363 5 8 8 
51 257 349 363 5 8 8 
51 257 349 363 5 8 8 
51 257 349 363 5 8 8 
51 257 349 363 5 231 8 8 
51 257 349 363 5 8 8 
51 257 349 363 5 6 31 8 8 
567 51 257 349 363 5 231 8 8 
51 257 349 363 5 101 373 8 8 
51 257 349 363 5 8 120 8 
51 257 349 363 5 8 120 8 
51 257 349 363 5 8 120 8 
51 257 349 363 5 8 120 8 
51 257 349 363 5 8 8 
51 257 349 363 5 8 8 
51 257 349 363 5 8 8 
51 257 349 363 5 8 8 
51 257 349 363 5 231 8 8 
51 257 349 363 5 8 8 
51 257 349 363 5 231 8 8 
51 257 349 363 5 231 8 8 
51 257 349 363 5 231 8 8 
51 257 349 363 5 231 8 8 
51 257 349 363 5 231 8 8 
51 257 349 363 5 231 8 8 
51 257 349 363 5 8 8 
51 257 349 363 5 8 8 
51 257 349 363 5 8 8 
51 257 349 363 5 8 8 
51 257 349 363 5 8 8 
51 257 349 363 5 8 8 
51 257 349 363 5 8 8 
51 257 349 363 5 8 8 
51 257 349 363 5 8 8 
51 257 349 363 5 8 8 
51 257 349 363 5 8 8 
51 257 349 363 5 8 8 
51 257 349 363 5 8 8 
51 257 349 145 42 363 5 8 8 
51 257 349 363 5 8 8 
51 257 349 363 5 8 8 
51 257 349 363 5 8 8 
51 257 349 363 5 8 8 
51 257 349 363 5 8 8 
51 257 349 363 5 8 8 
51 257 349 363 5 8 8 
51 257 349 363 5 8 8 
51 257 349 363 5 8 8 
51 257 349 363 5 8 8 
51 257 349 363 5 8 8 
51 257 349 363 5 8 8 
51 257 349 363 5 8 8 
51 257 349 363 5 8 35 8 
567 51 257 349 363 5 8 8 
190 54 567 51 257 349 192 363 269 5 8 8 
51 257 349 363 5 8 8 
51 257 349 363 5 8 8 
51 257 349 363 5 8 8 
51 257 349 363 5 8 8 
51 257 349 363 5 8 8 
51 257 349 363 5 8 8 
51 257 349 363 5 8 8 
51 257 349 363 5 8 8 
1 15 51 257 349 16 363 5 8 8 
51 257 349 363 5 162 8 8 
51 257 349 363 5 162 8 8 
51 257 349 363 5 162 8 8 
51 257 349 363 5 162 8 8 
51 257 349 363 5 101 8 523 8 
567 51 257 349 363 5 8 8 
51 257 349 363 5 8 8 
51 257 349 363 5 8 8 
567 51 257 349 363 5 8 12 8 
51 257 349 363 5 254 8 36 255 8 
51 257 349 363 5 254 8 36 255 8 
51 257 349 363 5 254 8 36 255 8 
51 257 349 363 5 254 8 36 255 8 
51 257 349 363 5 254 8 36 255 8 
51 257 349 363 5 254 8 36 255 8 
51 257 349 363 5 254 8 36 255 8 
51 257 349 363 5 254 8 36 255 8 
51 257 349 363 5 254 8 36 255 8 
51 257 349 363 5 254 8 36 255 8 
51 257 349 363 5 254 8 36 255 8 
51 257 349 363 5 8 8 
51 257 349 363 5 8 8 
51 257 349 363 5 8 8 
51 257 349 363 5 8 8 
51 257 349 363 5 8 8 
51 257 349 363 5 8 8 
51 257 349 363 5 8 8 
51 257 349 363 5 8 8 
51 257 349 363 5 8 8 
51 257 349 363 5 8 8 
1 15 51 257 349 16 363 5 8 8 
51 257 349 363 5 8 8 
51 257 349 363 5 8 8 
51 257 349 363 5 8 8 
51 257 349 363 5 231 8 8 
51 257 349 363 5 8 8 
51 257 349 363 5 8 8 
51 257 349 363 5 8 8 
51 257 349 363 5 8 8 
51 257 349 363 5 8 8 
51 257 349 363 5 8 8 
51 257 349 363 5 8 8 
51 257 349 363 5 8 8 
51 257 349 363 5 8 8 
51 257 349 363 5 8 8 
51 257 349 363 5 8 8 
51 257 349 363 5 8 8 
51 257 349 363 5 8 8 
51 257 349 363 5 8 8 
51 257 349 363 5 8 8 
51 257 349 363 5 8 8 
51 257 349 363 5 8 8 
51 257 349 363 5 8 8 
51 257 349 363 5 8 8 
51 257 349 363 5 8 8 
51 257 349 363 5 254 8 36 255 8 
51 257 349 363 5 254 8 36 255 8 
51 257 349 363 5 254 8 36 255 8 
51 257 349 363 5 254 8 36 255 8 
51 257 349 363 5 254 8 36 255 8 
51 257 349 363 5 8 8 
51 257 349 363 5 8 8 
51 257 349 363 5 8 8 
51 257 349 363 5 8 8 
51 257 349 363 5 8 8 
51 257 349 363 5 8 8 
51 257 349 363 5 8 8 
51 257 349 363 5 8 8 
51 257 349 363 5 6 8 61 35 8 
51 257 349 363 5 8 8 
51 257 349 363 5 8 8 
51 257 349 363 5 8 8 
51 257 349 363 5 8 8 
51 257 349 363 5 8 8 
51 257 349 363 5 6 8 61 8 
51 257 349 363 5 8 8 
51 257 349 363 5 231 8 8 
567 51 257 349 363 5 21 8 8 
51 257 349 363 5 8 8 
51 257 349 363 5 8 8 
51 257 349 363 5 8 8 
51 257 349 363 5 8 8 
51 257 349 363 5 8 8 
51 257 349 363 5 8 8 
51 257 349 363 5 8 8 
51 257 349 363 5 8 8 
51 257 349 363 5 8 8 
51 257 349 363 5 8 8 
51 257 349 363 5 8 8 
51 257 349 363 5 8 8 
51 257 349 363 5 8 8 
567 51 257 349 363 5 101 8 8 
51 257 349 363 5 8 8 
51 257 349 363 5 254 8 36 255 8 
51 257 349 363 5 254 8 36 255 8 
51 257 349 363 5 254 8 36 255 8 
51 257 349 363 5 254 8 36 255 8 
51 257 349 363 5 8 8 
51 257 349 363 5 8 8 
51 257 349 363 5 8 8 
51 257 349 363 5 8 8 
51 257 349 363 5 8 8 
51 257 349 363 5 8 8 
51 257 349 363 5 6 8 8 
51 257 349 363 5 6 8 8 
51 257 349 363 5 8 8 
1 51 257 349 2 363 5 8 8 
51 257 349 363 5 8 8 
567 51 257 349 363 5 8 8 
51 257 349 363 5 8 8 
51 257 349 363 5 8 8 
51 257 349 363 5 8 8 
51 257 349 363 5 8 8 
184 1 15 51 257 349 185 363 5 8 8 
567 51 257 349 363 5 8 12 8 
51 257 349 363 5 8 8 
567 51 257 349 363 5 8 8 
567 51 257 349 363 5 8 8 
51 257 349 363 5 8 8 
51 257 349 363 5 8 8 
51 257 349 363 5 8 8 
51 257 349 363 5 8 8 
51 257 349 363 5 8 8 
51 257 349 363 5 8 8 
51 257 349 363 5 8 8 
51 257 349 363 5 8 8 
51 257 349 363 5 8 8 
51 257 349 363 5 8 8 
51 257 349 363 5 8 8 
51 257 349 363 5 8 8 
51 257 349 363 5 8 8 
51 257 349 363 5 8 8 
51 257 349 363 5 8 8 
51 257 349 363 5 8 8 
51 257 349 363 5 8 8 
51 257 349 363 5 8 8 
51 257 349 363 5 8 8 
51 257 349 363 5 8 8 
51 257 349 363 5 8 8 
51 257 349 363 5 8 8 
51 257 349 363 5 8 8 
51 257 349 363 5 8 8 
51 257 349 363 5 8 8 
567 51 257 349 363 5 8 8 
51 257 349 363 5 8 8 
51 257 349 363 5 8 8 
567 51 257 349 363 5 231 8 8 
51 257 349 363 5 8 8 
51 257 349 363 5 8 8 
51 257 349 363 5 8 8 
567 51 257 349 363 5 8 8 
51 257 349 363 5 8 8 
51 257 349 363 5 8 8 
51 257 349 363 5 8 8 
51 257 349 363 5 8 8 
51 257 349 363 5 8 8 
51 257 349 363 5 8 8 
51 257 349 363 5 8 8 
51 257 349 363 5 8 8 
567 51 257 349 363 5 8 8 
51 257 349 363 5 8 8 
51 257 349 363 5 8 8 
51 257 349 363 5 62 6 63 8 8 
51 257 349 363 5 162 8 8 
51 257 349 363 5 162 8 8 
51 257 349 363 5 162 8 8 
51 257 349 363 5 162 8 8 
51 257 349 363 5 162 8 8 
51 257 349 363 5 162 8 8 
51 257 349 363 5 162 8 8 
51 257 349 363 5 162 8 8 
51 257 349 363 5 8 8 
51 257 349 363 5 8 8 
51 257 349 363 5 8 8 
51 257 349 363 5 8 8 
51 257 349 363 5 8 8 
51 257 349 363 5 8 8 
51 257 349 363 5 8 8 
51 257 349 363 5 8 8 
51 257 349 363 5 8 8 
51 257 349 363 5 8 8 
51 257 349 363 5 8 8 
51 257 349 363 5 8 8 
51 257 349 363 5 8 8 
51 257 349 363 5 8 8 
51 257 349 363 5 8 8 
51 257 349 363 5 8 8 
51 257 349 363 5 8 8 
51 257 349 363 5 8 8 
51 257 349 363 5 8 8 
51 257 349 363 5 8 8 
184 1 15 51 257 349 185 363 5 8 8 
51 257 349 363 5 8 8 
51 257 349 363 5 8 8 
51 257 349 363 5 8 8 
51 257 349 363 5 8 8 
51 257 349 363 5 8 8 
51 257 349 363 5 8 8 
567 51 257 349 363 5 254 8 36 255 8 
51 257 349 363 5 254 8 36 255 8 
51 257 349 363 5 254 8 36 255 8 
51 257 349 363 5 8 8 
51 257 349 363 5 8 8 
51 257 349 363 5 8 8 
51 257 349 363 5 8 8 
51 257 349 363 5 8 8 
51 257 349 363 5 8 8 
51 257 349 363 5 8 8 
51 257 349 363 5 8 8 
51 257 349 363 5 8 8 
51 257 349 363 5 8 8 
51 257 349 363 5 8 8 
51 257 349 363 5 8 8 
51 257 349 363 5 8 8 
51 257 349 363 5 8 8 
51 257 349 363 5 8 8 
51 257 349 363 5 8 8 
51 257 349 363 5 8 8 
51 257 349 363 5 8 8 
1 51 257 349 2 363 5 8 8 
51 257 349 363 5 8 8 
51 257 349 363 5 8 8 
51 257 349 363 5 162 8 8 
51 257 349 363 5 8 8 
51 257 349 363 5 8 8 
51 257 349 363 5 162 8 198 8 
51 257 349 363 5 8 8 
51 257 349 363 5 8 8 
51 257 349 363 5 8 8 
51 257 349 363 5 8 8 
51 257 349 363 5 8 8 
51 257 349 363 5 8 8 
51 257 349 363 5 8 8 
51 257 349 363 5 8 8 
51 257 349 363 5 8 8 
40 51 257 349 42 363 5 8 8 
51 257 349 363 5 8 8 
567 51 257 349 363 5 8 8 
51 257 349 363 5 8 8 
51 257 349 363 5 8 8 
51 257 349 363 5 231 8 8 
51 257 349 363 5 8 8 
51 257 349 363 5 8 8 
51 257 349 363 5 8 8 
51 257 349 363 5 8 8 
51 257 349 363 5 8 8 
51 257 349 363 5 62 6 63 8 8 
1 259 51 257 349 19 2 363 5 232 8 233 8 
51 257 349 363 5 8 35 8 
567 51 257 349 363 5 8 165 8 
51 257 349 363 5 8 8 
51 257 349 363 5 8 144 8 
51 257 349 363 5 8 144 8 
51 257 349 363 5 8 144 8 
51 257 349 363 5 8 144 8 
51 257 349 363 5 8 144 8 
51 257 349 363 5 8 144 8 
51 257 349 363 5 8 144 8 
51 257 349 363 5 8 8 
51 257 349 363 5 8 165 8 
51 257 349 363 5 8 8 
51 257 349 363 5 8 8 
51 257 349 363 5 8 8 
51 257 349 363 5 8 8 
51 257 349 363 5 8 8 
51 257 349 363 5 8 8 
51 257 349 363 5 8 8 
51 257 349 363 5 8 8 
51 257 349 363 5 131 8 8 
51 257 349 363 5 231 8 8 
51 257 349 363 5 8 165 8 
51 257 349 363 5 8 8 
51 257 349 363 5 8 8 
51 257 349 363 5 8 8 
51 257 349 363 5 8 8 
51 257 349 363 5 8 8 
1 15 51 257 349 16 363 5 8 8 
1 51 568 257 349 2 363 5 231 8 8 
51 257 349 363 5 8 8 
51 257 349 363 5 8 8 
567 51 257 349 363 5 21 131 8 24 8 
51 257 349 363 5 21 8 8 
51 257 349 363 5 8 8 
51 257 349 363 5 8 8 
51 257 349 363 5 8 8 
51 257 349 363 5 8 8 
51 257 349 363 5 8 8 
51 257 349 363 5 8 165 8 
51 257 349 363 5 8 8 
51 257 349 363 5 8 8 
51 257 349 363 5 8 8 
51 257 349 363 5 8 8 
51 257 349 363 5 8 8 
51 257 349 363 5 8 8 
51 257 349 363 5 8 8 
567 51 257 349 363 5 8 8 
51 257 349 363 5 8 8 
51 257 349 363 5 8 8 
51 257 349 363 5 8 8 
51 257 349 363 5 8 8 
51 257 349 363 5 8 8 
51 257 349 363 5 8 8 
51 257 349 569 363 5 8 8 
51 257 349 363 5 8 8 
51 257 349 363 5 8 8 
51 257 349 363 5 8 8 
51 257 349 363 5 8 8 
51 257 349 363 5 8 8 
51 257 349 363 5 8 8 
51 257 349 363 5 8 8 
51 257 349 363 5 8 8 
51 257 349 363 5 8 8 
51 257 349 363 5 8 8 
51 257 349 363 5 8 8 
51 257 349 363 5 8 8 
567 51 257 349 363 5 8 8 
51 257 349 363 5 8 8 
51 257 349 363 5 8 8 
51 257 349 363 5 8 8 
51 257 349 363 5 8 8 
51 257 349 363 5 8 8 
51 257 349 363 5 8 8 
51 257 349 363 5 8 8 
51 257 349 363 5 8 8 
51 257 349 363 5 8 8 
51 257 349 363 5 8 8 
51 257 349 363 5 8 8 
51 257 349 363 5 8 8 
567 51 257 349 363 5 8 8 
51 257 349 363 5 8 8 
51 257 349 363 5 8 8 
51 257 349 363 5 8 8 
51 257 349 363 5 8 8 
51 257 349 363 5 8 8 
51 257 349 363 5 8 8 
51 257 349 363 5 8 8 
51 257 349 363 5 8 8 
51 257 349 363 5 8 8 
51 257 349 363 5 8 8 
51 257 349 363 5 8 8 
51 257 349 363 5 8 8 
51 257 349 363 5 8 8 
51 257 349 363 5 8 8 
51 257 349 363 5 8 8 
51 257 349 363 5 8 8 
51 257 349 363 5 8 8 
51 257 349 363 5 8 8 
51 257 349 363 5 8 8 
567 51 257 349 363 5 8 8 
51 257 349 363 5 8 8 
51 257 349 363 5 8 8 
51 257 349 363 5 8 8 
51 257 349 363 5 8 8 
51 257 349 363 5 8 8 
51 257 349 363 5 8 8 
51 257 349 363 5 8 8 
51 257 349 363 5 8 8 
51 257 349 363 5 8 8 
51 257 349 363 5 8 8 
51 257 349 363 5 8 8 
51 257 349 363 5 8 8 
51 257 349 363 5 8 8 
51 257 349 363 5 8 8 
51 257 349 363 5 8 8 
51 257 349 363 5 8 8 
51 257 349 363 5 8 8 
567 51 257 349 363 5 8 8 
51 257 349 363 5 8 8 
51 257 349 363 5 8 8 
51 257 349 363 5 8 8 
51 257 349 363 5 8 8 
51 257 349 363 5 8 8 
51 257 349 363 5 8 8 
51 257 349 363 5 8 8 
51 257 349 363 5 8 8 
567 51 257 349 363 5 8 8 
51 257 349 363 5 8 8 
51 257 349 363 5 8 8 
51 257 349 363 5 8 8 
51 257 349 363 5 8 8 
51 257 349 363 5 8 8 
51 257 349 363 5 8 8 
51 257 349 363 5 8 8 
51 257 349 363 5 8 8 
51 257 349 363 5 8 8 
51 257 349 363 5 8 8 
51 257 349 363 5 8 8 
51 257 349 363 5 8 8 
51 257 349 363 5 8 8 
51 257 349 363 5 8 8 
51 257 349 363 5 8 8 
51 257 349 363 5 8 8 
567 51 257 349 363 5 8 8 
51 257 349 363 5 8 8 
51 257 349 363 5 8 8 
51 257 349 363 5 8 8 
51 257 349 363 5 8 8 
51 257 349 363 5 8 8 
51 257 349 363 5 8 8 
51 257 349 363 5 8 8 
51 257 349 363 5 8 8 
51 257 349 363 5 8 8 
51 257 349 363 5 8 8 
51 257 349 363 5 8 8 
51 257 349 363 5 8 8 