1 2 115 116 5 64 7 117 
1 2 3 4 5 6 7 8 
1 2 4 5 7 65 
1 2 115 116 5 7 65 
1 2 115 116 5 7 65 
1 118 2 115 4 5 7 65 
1 2 115 116 5 7 65 
1 2 4 5 119 7 8 
1 2 115 116 5 7 65 
1 2 4 5 7 65 
1 2 4 5 7 65 
1 2 4 5 7 
1 24 2 25 4 5 12 13 
1 2 4 5 7 
1 2 4 5 7 
1 2 4 5 7 
1 2 4 5 7 
1 2 4 5 7 
1 2 4 5 7 
1 19 2 20 4 5 7 
1 2 4 5 7 
1 2 3 4 5 6 7 8 
1 2 115 116 5 7 
1 2 4 5 7 
1 27 2 28 4 5 12 120 121 13 
1 2 4 5 12 13 
1 2 115 116 5 7 65 
1 2 115 116 5 7 122 
1 123 2 5 53 7 124 
1 2 18 4 5 7 
1 2 4 5 7 
1 2 115 116 
1 2 115 116 
1 2 115 116 
1 2 4 5 7 
1 2 4 5 7 
1 2 4 5 7 
1 11 2 4 5 7 
1 2 115 116 5 7 
1 2 4 125 5 12 13 126 
1 2 4 5 12 13 
1 123 2 21 5 127 12 128 
1 2 4 5 12 129 7 130 
1 2 21 4 131 5 7 
1 123 2 89 90 66 
1 2 132 4 5 7 55 
1 2 3 4 5 33 12 35 
1 2 15 133 5 12 7 134 
1 2 4 5 12 13 
1 2 135 15 133 89 90 66 
1 2 135 15 133 89 90 66 
1 2 4 5 62 7 
1 2 21 4 131 5 7 
1 2 4 5 7 
1 2 4 5 7 
1 123 2 5 7 
1 2 4 5 12 7 13 
1 2 4 5 7 136 8 
1 2 4 5 7 
1 2 4 5 7 
1 2 115 116 5 
1 2 115 116 5 39 12 42 
1 2 115 116 5 39 12 42 
1 2 115 116 5 39 12 42 
1 2 28 115 116 5 39 12 42 
1 2 115 116 5 39 12 42 
1 2 4 5 62 7 
1 2 4 5 6 7 8 
1 2 3 4 5 6 7 8 
1 2 3 4 5 6 7 8 
1 2 115 116 5 7 
1 2 115 116 5 7 65 
1 2 115 116 5 7 65 
1 2 115 116 5 7 65 
1 2 115 116 5 7 65 
1 2 115 116 5 7 65 
1 2 115 116 5 7 65 
1 118 2 115 116 5 7 65 
1 2 115 116 5 7 65 
1 118 2 115 116 5 7 65 
1 2 115 116 5 7 65 
1 2 115 116 5 7 65 
1 2 115 116 5 7 65 
1 2 115 116 5 7 65 
1 2 115 116 5 7 65 
1 2 115 116 5 7 65 
1 2 115 116 5 7 65 
1 26 27 2 28 115 116 5 7 65 
1 2 115 116 5 7 65 
1 2 4 5 66 67 6 7 8 68 
1 2 115 116 5 12 137 
1 2 115 116 5 7 60 
1 2 115 116 5 7 60 
1 2 4 5 7 
1 2 3 4 5 6 7 8 
1 2 4 5 12 13 
1 2 4 5 7 60 
1 2 3 4 5 6 7 8 
1 2 4 5 6 7 8 
1 2 4 5 6 7 8 
