51 257 313 78 21 24 24 
51 257 313 78 21 68 24 24 
51 257 313 78 27 28 21 22 24 496 24 
314 51 257 313 78 21 68 24 24 
51 257 313 78 104 21 68 24 24 
51 257 313 78 21 22 68 24 24 
51 257 313 78 21 68 24 24 
51 257 313 78 21 68 24 24 
51 257 313 78 21 22 68 24 24 
51 257 313 78 21 22 68 24 24 
51 257 313 78 104 21 68 24 24 
51 257 313 78 365 21 22 99 24 100 24 
51 257 313 78 104 21 68 24 24 
51 257 313 78 21 68 24 24 
51 257 313 78 21 68 24 24 
51 257 313 78 27 28 21 24 24 
51 257 313 78 104 21 68 24 24 
51 257 313 78 21 22 68 24 24 
51 257 313 78 21 22 352 99 353 24 100 24 
51 257 313 78 21 68 24 24 
51 257 313 78 21 68 24 24 
51 257 313 78 413 21 24 24 
51 257 313 78 413 21 24 24 
51 257 313 78 104 21 68 24 24 
51 257 313 78 104 21 68 24 24 
51 257 313 78 21 24 24 
51 257 313 78 21 22 68 24 24 
51 257 313 78 21 68 24 24 
51 257 313 78 21 68 24 24 
51 257 313 78 21 22 68 24 24 
51 257 313 78 104 21 68 24 24 
51 257 313 78 104 21 22 68 24 24 
51 257 313 78 104 21 68 24 24 
51 257 313 78 104 21 68 24 24 
51 257 313 78 21 22 68 24 24 
51 257 313 78 21 24 24 
51 257 313 78 21 24 24 
51 257 313 78 21 24 24 
314 51 257 313 78 21 24 24 
51 257 313 78 21 24 24 
51 257 313 78 21 24 24 
51 257 313 78 21 24 24 
51 257 313 78 21 24 24 
51 257 313 78 21 24 24 
51 257 313 78 21 24 24 
51 257 313 78 104 21 68 24 24 
314 51 257 313 78 133 21 22 68 24 24 
51 257 313 78 21 22 68 24 24 
51 257 313 78 21 22 68 24 24 
314 51 257 313 78 133 21 22 68 24 24 
314 51 257 313 78 133 21 22 68 24 24 
51 257 313 78 133 21 22 68 24 24 
314 51 257 313 78 133 21 22 68 24 24 
314 51 257 313 78 21 22 24 24 
51 257 540 313 78 21 22 263 24 24 
51 257 313 78 28 21 548 106 24 24 
51 257 313 78 133 21 22 68 24 24 
51 257 313 78 552 21 22 99 263 24 24 
51 257 313 78 21 68 24 24 
51 257 313 78 28 21 22 111 24 80 24 
51 257 313 78 21 68 24 24 
51 257 313 78 21 24 24 
51 257 313 78 21 22 68 24 24 
51 257 313 78 21 22 475 68 24 24 
51 257 313 78 21 68 24 24 
51 257 313 78 104 21 68 24 24 
51 257 313 78 5 118 21 232 8 119 36 24 24 
51 257 313 78 21 22 24 24 
314 51 257 313 78 28 21 22 266 24 24 
51 257 313 78 27 28 21 24 496 24 
51 257 313 78 21 22 68 24 24 
51 257 313 78 413 21 24 24 
51 257 313 78 21 22 68 24 24 
51 257 313 78 21 22 68 24 24 
51 257 313 78 21 22 68 24 24 
51 257 313 78 21 22 68 24 24 
51 257 313 78 21 22 68 24 24 
51 257 313 78 21 22 68 24 24 
51 257 313 78 21 22 68 24 24 
51 257 313 78 21 22 68 24 24 
51 257 313 78 21 22 68 24 24 
51 257 313 78 21 22 68 24 24 
51 257 313 78 21 22 68 24 24 
51 257 313 78 21 22 68 24 24 
51 257 313 78 21 22 68 24 24 
51 257 313 78 21 22 68 24 24 
314 51 257 313 78 21 22 68 24 24 
51 257 313 78 21 22 68 24 24 
51 257 313 78 21 22 68 24 24 
51 257 313 78 21 22 68 24 24 
51 257 313 78 21 22 68 24 24 
51 257 313 78 21 68 24 24 
51 257 313 78 21 22 68 24 24 
51 257 313 78 21 22 68 24 24 
51 257 313 78 21 22 68 24 24 
51 257 313 78 21 22 68 24 24 
51 257 313 78 21 22 68 24 24 
51 257 313 78 21 22 68 24 24 
51 257 313 78 21 22 68 24 24 
51 257 313 78 21 22 68 24 24 
51 257 313 78 21 22 68 24 24 
51 257 313 78 21 22 68 24 24 
51 257 313 78 21 68 24 24 
51 257 313 78 21 22 68 24 24 
51 257 313 78 21 22 68 24 24 
51 257 313 78 21 68 24 24 
51 257 313 78 21 22 68 24 24 
51 257 313 78 21 22 68 24 24 
51 257 313 78 21 22 68 24 24 
51 257 313 78 21 22 68 24 24 
51 257 313 78 21 22 68 24 24 
51 257 313 78 21 22 68 24 24 
51 257 313 78 21 22 68 24 24 
51 257 313 78 21 22 68 24 24 
51 257 313 78 21 22 68 24 24 
51 257 313 78 21 22 68 24 24 
51 257 313 78 21 22 68 24 24 
51 257 313 78 21 22 68 24 24 
51 257 313 78 21 22 68 24 24 
51 257 313 78 104 21 22 68 24 24 
51 257 313 78 21 22 68 24 24 
51 257 313 78 21 22 68 24 24 
51 257 313 78 21 22 68 24 24 
51 257 313 78 21 22 68 24 24 
51 257 313 78 21 22 68 24 24 
51 257 313 78 21 22 68 24 24 
51 257 313 78 21 22 68 24 24 
51 257 313 78 21 22 68 24 24 
51 257 313 78 21 22 68 24 24 
51 257 313 78 21 22 68 24 24 
51 257 313 78 21 22 68 24 24 
51 257 313 78 21 22 68 24 24 
51 257 313 78 21 22 68 24 24 
51 257 313 78 21 22 68 24 24 
51 257 313 78 21 22 68 24 24 
51 257 313 78 21 22 68 24 24 
51 257 313 78 21 22 68 24 24 
51 257 313 78 21 22 68 24 24 
51 257 313 78 21 22 68 24 24 
51 257 313 78 104 21 22 68 24 24 
51 257 313 78 21 68 24 24 
51 257 313 78 21 22 68 24 24 
51 257 313 78 21 22 68 24 24 
51 257 313 78 5 21 8 24 24 
51 257 313 78 21 22 68 24 24 
51 257 313 78 21 24 24 
51 257 313 78 21 22 475 68 24 24 
51 257 313 78 21 22 68 24 24 
51 257 313 78 21 68 24 24 
51 257 313 78 21 68 24 24 
51 257 313 78 21 22 68 24 24 
51 257 313 78 21 68 24 24 
51 257 313 78 21 22 68 24 24 
51 257 313 78 21 24 24 
51 257 313 78 21 24 24 
51 257 313 78 104 21 68 24 24 
51 257 313 78 21 24 24 
51 257 313 78 104 21 68 24 24 
51 257 313 78 21 22 68 24 24 
51 257 313 78 21 24 24 
51 257 313 78 5 21 8 24 24 
51 257 313 78 21 68 24 24 
51 257 313 78 104 21 68 24 24 
51 257 313 78 104 21 68 24 24 
51 257 313 78 21 22 68 24 24 
51 257 313 78 21 68 24 24 
51 257 313 78 21 68 24 24 
51 257 313 78 104 21 68 24 24 
51 257 313 78 21 24 24 
51 257 313 78 21 24 24 
51 257 313 78 21 68 24 24 
51 257 313 78 21 68 24 24 
51 257 313 78 104 21 68 24 24 
51 257 313 78 28 109 21 22 24 364 80 24 
51 257 313 78 104 21 68 24 24 
51 257 313 78 104 21 68 24 24 
51 257 313 78 21 22 68 24 24 
51 257 313 78 104 21 22 68 24 24 
51 257 313 78 21 68 24 24 
51 257 313 78 431 112 21 248 113 24 24 
51 257 313 78 21 68 24 24 
51 257 313 78 21 22 68 24 24 
51 257 313 78 21 22 68 24 24 
51 257 313 78 21 22 68 24 24 
51 257 313 78 21 22 68 24 24 
51 257 313 78 21 22 68 24 24 
51 257 313 78 21 22 68 24 24 
51 257 313 78 28 27 21 22 24 24 
314 51 257 313 78 104 21 68 24 24 
51 257 313 78 21 22 68 24 24 
51 257 313 78 21 22 68 24 24 
51 257 313 78 21 22 68 24 24 
51 257 313 78 21 22 68 24 24 
51 257 313 78 21 22 68 24 24 
51 257 313 78 21 68 24 24 
51 257 313 78 21 22 68 24 24 
51 257 313 78 21 22 68 24 24 
51 257 313 78 21 22 68 24 24 
51 257 313 78 21 22 68 24 24 
51 257 313 78 21 22 68 24 24 
51 257 313 78 21 22 68 24 24 
51 257 313 78 21 22 68 24 24 
51 257 313 78 21 68 24 24 
51 257 313 78 21 22 68 24 24 
51 257 313 78 104 21 22 68 24 24 
51 257 313 78 21 68 24 24 
51 257 313 78 104 21 22 68 24 24 
51 257 313 78 21 68 24 24 
51 257 313 78 104 21 68 24 24 
51 257 313 78 104 21 68 24 24 
51 257 313 78 104 21 68 24 24 
51 257 313 78 21 68 24 24 
51 257 313 78 104 21 68 24 24 
51 257 313 78 104 21 68 24 24 
51 257 313 78 104 21 68 24 24 
51 257 313 78 104 21 68 24 24 
51 257 313 78 104 21 68 24 24 
51 257 313 78 104 21 68 24 24 
51 257 313 78 104 21 68 24 24 
51 257 313 78 104 21 68 24 24 
51 257 313 78 104 21 68 24 24 
51 257 313 78 104 21 68 24 24 
51 257 313 78 104 21 68 24 24 
51 257 313 78 104 21 68 24 24 
51 257 313 78 104 21 68 24 24 
51 257 313 78 104 21 68 24 24 
51 257 313 78 104 21 68 24 24 
51 257 313 78 104 21 68 24 24 
51 257 313 78 21 24 24 
51 257 313 78 104 21 68 24 24 
51 257 313 78 104 21 68 24 24 
51 257 313 78 104 21 68 24 24 
51 257 313 78 104 21 68 24 24 
51 257 313 78 104 21 68 24 24 
51 257 313 78 104 21 68 24 24 
51 257 313 78 104 21 68 24 24 
51 257 313 78 104 21 68 24 24 
51 257 313 78 104 21 68 24 24 
51 257 313 78 104 21 68 24 24 
51 257 313 78 104 21 68 24 24 
51 257 313 78 104 21 68 24 24 
51 257 313 78 104 21 68 24 24 
51 257 313 78 104 21 68 24 24 
51 257 313 78 104 21 68 24 24 
51 257 313 78 104 21 68 24 24 
51 257 313 78 104 21 68 24 24 
51 257 313 78 104 21 68 24 24 
51 257 313 78 104 21 68 24 24 
51 257 313 78 104 21 68 24 24 
51 257 313 78 104 21 68 24 24 
51 257 313 78 104 21 68 24 24 
51 257 313 78 104 21 68 24 24 
51 257 313 78 104 21 68 24 24 
51 257 313 78 104 21 68 24 24 
51 257 313 78 104 21 68 24 24 
51 257 313 78 104 21 68 24 24 
51 257 313 78 21 22 352 99 353 24 100 24 
51 257 313 78 21 22 68 24 24 
51 257 313 78 104 21 68 24 24 
51 257 313 78 104 21 68 24 24 
51 257 313 78 104 21 68 24 24 
51 257 313 78 21 22 68 24 24 
51 257 313 78 21 22 68 24 24 
314 51 257 313 78 133 21 22 68 24 24 
51 257 313 78 21 22 68 24 24 
51 257 313 78 21 22 263 24 24 
51 257 313 78 21 22 68 24 24 
51 257 313 78 21 22 263 24 24 
314 51 257 313 78 133 21 22 68 24 24 
51 257 313 78 552 21 22 99 263 24 24 
314 51 257 313 78 133 21 22 68 24 24 
314 51 257 313 78 133 21 22 68 24 24 
51 257 313 78 5 6 21 22 24 24 
51 257 313 78 21 22 352 99 353 24 100 24 
51 257 313 78 21 22 37 24 24 
51 257 313 78 21 22 68 24 24 
51 257 313 78 104 21 68 24 24 
314 51 257 313 78 21 68 24 24 
51 257 313 78 21 22 68 24 24 
51 257 313 78 21 22 68 24 24 
51 257 313 78 21 22 68 24 24 
51 257 313 78 21 68 24 24 
51 257 313 78 118 21 132 36 24 24 
314 51 257 313 78 133 21 22 68 24 24 
51 257 313 78 21 22 68 24 24 
51 257 313 78 104 21 68 24 24 
51 257 313 78 21 22 263 24 24 
314 51 257 313 78 21 68 24 24 
51 257 313 78 21 68 24 24 
51 257 313 78 21 22 68 24 24 
51 257 313 78 21 22 68 24 24 
314 51 257 313 78 28 21 22 548 106 24 24 
51 257 313 78 21 22 68 24 24 
314 51 257 313 78 21 22 68 24 24 
51 257 313 78 28 21 22 548 106 24 24 
451 51 257 313 78 104 21 68 24 24 
51 257 313 78 21 24 24 
51 257 313 78 104 21 68 24 24 
51 257 313 78 21 68 24 24 
314 51 257 313 78 27 28 21 22 24 24 
51 257 313 78 5 6 21 61 24 24 
451 51 257 313 78 28 21 22 548 106 24 24 
51 257 540 313 78 21 22 263 24 24 
51 257 313 78 104 21 68 24 24 
51 257 313 78 21 22 68 24 24 
51 257 313 78 21 68 24 24 
51 257 313 78 104 21 68 24 24 
51 257 313 78 104 21 68 24 24 
51 257 313 78 5 177 112 6 21 113 61 309 24 310 24 
51 257 313 78 27 28 21 24 496 24 
314 51 257 313 78 21 68 24 24 
314 51 257 313 78 21 22 24 24 
51 257 313 78 21 68 24 24 
51 257 313 78 21 68 24 24 
51 257 313 78 21 22 68 24 24 
51 257 313 78 21 68 24 24 
51 257 313 78 21 68 24 24 
51 257 313 78 104 21 68 24 24 
314 51 257 313 78 21 22 68 24 24 
51 257 313 78 21 68 24 24 
451 51 257 313 78 104 21 68 24 24 
51 257 313 78 21 22 352 99 353 24 100 24 
314 51 257 313 78 21 68 24 24 
51 257 313 78 21 68 24 24 
51 257 313 78 21 68 24 24 
51 257 313 78 21 24 24 
314 51 257 313 78 21 22 263 24 24 
51 257 313 78 28 21 22 111 24 80 24 
314 51 257 313 78 27 28 21 22 263 24 24 
314 51 257 313 78 21 22 263 142 36 24 24 
314 51 257 313 78 133 21 22 68 24 24 
314 51 257 313 78 133 21 22 68 24 24 
314 51 257 313 78 133 21 22 68 24 24 
51 257 313 78 21 22 68 24 24 
314 51 257 313 78 21 22 263 24 24 
51 257 313 78 21 22 68 24 24 
51 257 313 78 5 21 232 8 24 24 
51 257 313 78 5 21 232 8 24 24 
314 51 257 313 78 133 21 22 68 24 24 
51 257 313 78 21 22 68 24 24 
51 257 313 78 21 68 24 24 
51 257 313 78 21 68 24 24 
51 257 313 78 21 22 68 24 24 
51 257 313 78 21 22 68 24 24 
51 257 313 78 21 22 263 68 24 24 
314 51 257 313 78 104 21 68 24 24 
51 257 313 78 21 22 68 24 24 
51 257 313 78 21 22 68 24 24 
51 257 313 78 21 22 68 24 24 
51 257 313 78 21 22 68 24 24 
51 257 313 78 21 22 68 24 24 
51 257 313 78 21 22 68 24 24 
51 257 313 78 21 22 68 24 24 
51 257 313 78 21 22 68 24 24 
51 257 313 78 21 22 68 24 24 
51 257 313 78 21 22 68 24 24 
51 257 313 78 21 22 68 24 24 
51 257 313 78 21 22 68 24 24 
51 257 313 78 21 22 68 24 24 
51 257 313 78 21 22 68 24 24 
51 257 313 78 21 22 68 24 24 
51 257 313 78 21 22 68 24 24 
51 257 313 78 21 22 68 24 24 
51 257 313 78 21 22 68 24 24 
51 257 313 78 21 22 68 24 24 
51 257 313 78 21 22 68 24 24 
314 51 257 313 78 133 21 22 68 24 24 
51 257 313 78 21 22 68 24 24 
51 257 313 78 21 22 68 24 24 
51 257 313 78 21 22 68 24 24 
51 257 313 78 104 21 68 24 24 
51 257 313 78 21 22 68 24 24 
51 257 313 78 21 22 68 24 24 
51 257 313 78 21 22 68 24 24 
51 257 313 78 21 22 68 24 24 
51 257 313 78 21 22 68 24 24 
51 257 313 78 21 22 68 24 24 
51 257 313 78 21 22 68 24 24 
51 257 313 78 21 22 68 24 24 
51 257 313 78 21 22 68 24 24 
51 257 313 78 21 22 68 24 24 
51 257 313 78 21 22 68 24 24 
51 257 313 78 21 22 68 24 24 
51 257 313 78 21 22 68 24 24 
51 257 313 78 21 68 24 24 
51 257 313 78 28 21 22 99 548 106 24 471 24 
51 257 313 78 21 22 68 24 24 
51 257 313 78 21 22 68 24 24 
51 257 313 78 21 22 68 24 24 
51 257 313 78 21 22 68 24 24 
51 257 313 78 21 68 24 24 
51 257 313 78 21 68 24 24 
51 257 313 78 21 68 24 24 
51 257 313 78 21 24 24 
51 257 313 78 104 21 68 24 24 
51 257 313 78 21 68 24 24 
51 257 313 78 21 68 24 24 
51 257 313 78 21 22 68 24 24 
51 257 313 78 21 22 68 24 24 
51 257 313 78 21 68 24 24 
51 257 313 78 21 24 24 
51 257 313 78 21 68 24 24 
51 257 313 78 21 68 24 24 
51 257 313 78 104 21 68 24 24 
51 257 313 78 21 68 24 24 
51 257 313 78 21 68 24 24 
51 257 313 78 21 22 99 24 362 24 
51 257 313 78 28 21 22 266 24 24 
51 257 313 78 21 68 24 24 
51 257 313 78 21 22 68 24 24 
51 257 313 78 21 68 24 24 
51 257 313 78 21 22 68 24 24 
51 257 313 78 21 22 68 24 24 
51 257 313 78 21 68 24 24 
51 257 313 78 21 68 24 24 
51 257 313 78 21 68 24 24 
51 257 313 78 21 22 68 24 24 
51 257 313 78 21 68 24 24 
51 257 313 78 21 68 24 24 
51 257 313 78 21 22 68 24 24 
51 257 313 78 21 68 24 24 
51 257 313 78 21 68 24 24 
51 257 313 78 21 68 24 24 
51 257 313 78 21 68 24 24 
51 257 313 78 21 22 68 24 24 
51 257 313 78 21 68 24 24 
51 257 313 78 21 68 24 24 
51 257 313 78 21 68 24 24 
51 257 313 78 21 68 24 24 
51 257 313 78 21 68 24 24 
51 257 313 78 21 68 24 24 
51 257 313 78 21 68 24 24 
51 257 313 78 21 68 24 24 
51 257 313 78 104 21 22 68 24 24 
51 257 313 78 133 21 22 68 24 24 
51 257 313 78 21 22 68 24 24 
51 257 313 78 104 21 68 24 24 
51 257 313 78 21 22 68 24 24 
51 257 313 78 112 21 714 248 113 24 24 
51 257 313 78 21 68 24 24 
51 257 313 78 21 22 68 24 24 
51 257 313 78 21 68 24 24 
51 257 313 78 21 22 68 24 24 
51 257 313 78 21 22 68 24 24 
51 257 313 78 133 21 22 68 24 24 
51 257 313 78 104 21 68 24 24 
51 257 313 78 104 21 68 24 24 
51 257 313 78 21 22 68 24 24 
51 257 313 78 104 21 68 24 24 
51 257 313 78 104 21 22 37 68 24 24 
51 257 313 78 104 21 68 24 24 
51 257 313 78 27 28 21 22 99 24 100 24 
51 257 313 78 21 90 24 24 
51 257 313 78 21 90 24 24 
51 257 313 78 21 90 24 24 
314 51 257 313 78 27 28 21 24 496 24 
51 257 313 78 21 68 24 24 
314 51 257 313 78 21 22 68 24 24 
51 257 313 78 81 21 22 82 24 24 
51 257 313 78 21 22 68 24 24 
51 257 313 78 104 21 68 24 24 
51 257 313 78 104 21 68 24 24 
51 257 313 78 21 68 24 24 
51 257 313 78 104 21 68 24 24 
314 51 257 313 78 21 68 24 24 
314 51 257 313 78 21 68 24 24 
314 51 257 313 78 21 68 24 24 
51 257 313 78 21 22 99 24 362 24 
314 51 257 313 78 21 68 24 24 
314 51 257 313 78 28 21 548 106 24 24 
314 51 257 313 78 21 68 24 24 
51 257 313 78 104 21 68 24 24 
51 257 313 78 21 68 24 24 
51 257 313 78 104 21 68 24 24 
314 51 257 313 78 21 68 24 24 
51 257 313 78 104 21 68 24 24 
314 51 257 313 78 21 68 24 24 
314 51 257 313 78 21 68 24 24 
51 257 313 78 21 68 24 24 
51 257 313 78 21 68 24 24 
314 51 257 313 78 21 68 24 24 
51 257 313 78 21 68 24 24 
314 51 257 313 78 21 68 24 24 
51 257 313 78 28 21 548 106 24 24 
51 257 313 78 21 68 24 24 
51 257 313 78 354 21 22 68 24 24 
51 257 313 78 104 21 68 24 24 
51 257 313 78 21 68 24 24 
51 257 313 78 21 68 24 24 
51 257 313 78 21 68 24 24 
51 257 313 78 104 21 68 24 24 
51 257 313 78 104 21 68 24 24 
51 257 313 78 104 21 68 24 24 
51 257 313 78 28 21 22 548 106 68 24 24 
51 257 313 78 104 21 22 68 24 24 
51 257 313 78 21 68 24 24 
51 257 313 78 104 21 68 24 24 
51 257 313 78 21 24 24 
51 257 313 78 21 22 68 24 24 
51 257 313 78 91 5 6 21 92 24 283 24 
51 257 313 78 104 21 68 24 24 
51 257 313 78 104 21 68 24 24 
51 257 313 78 21 22 68 24 24 
51 257 313 78 104 21 22 68 24 24 
51 257 313 78 104 21 68 24 24 
51 257 313 78 21 22 68 24 24 
51 257 313 78 104 21 68 24 24 
51 257 313 78 21 22 68 24 24 
314 51 257 313 78 21 22 68 24 24 
51 257 313 78 104 21 68 24 24 
51 257 313 78 104 21 68 24 24 
314 51 257 313 78 133 21 22 68 24 24 
51 257 313 78 21 22 68 24 24 
51 257 313 78 21 22 68 24 24 
51 257 313 78 21 68 24 24 
451 51 257 313 78 21 22 68 24 24 
51 257 313 78 104 21 68 24 24 
51 257 313 78 104 21 68 24 24 
314 51 257 313 78 21 68 24 24 
51 257 313 78 133 21 22 68 24 24 
51 257 313 78 28 21 22 548 106 24 24 
51 257 313 78 21 68 24 24 
51 257 313 78 21 68 24 24 
314 51 257 313 78 21 22 68 24 24 
51 257 313 78 21 22 68 24 24 
51 257 313 78 21 68 24 24 
51 257 313 78 21 22 68 24 24 
51 257 313 78 21 24 24 
51 257 313 78 21 22 68 24 24 
51 257 313 78 21 22 99 24 471 24 
51 257 313 78 21 22 99 24 471 24 
51 257 313 78 21 22 68 24 24 
51 257 313 78 21 22 68 24 24 
51 257 313 78 21 68 24 24 
51 257 313 78 21 22 68 24 24 
51 257 313 78 21 68 24 24 
51 257 313 78 21 68 24 24 
314 51 257 313 78 133 21 22 68 24 24 
51 257 313 78 21 68 24 24 
51 257 313 78 21 22 68 24 24 
51 257 313 78 21 22 68 24 24 
51 257 313 78 21 68 24 24 
51 257 313 78 21 22 68 24 24 
51 257 313 78 21 68 24 24 
51 257 313 78 21 22 68 24 24 
51 257 313 78 21 22 68 24 24 
51 257 313 78 21 22 68 24 24 
51 257 313 78 21 68 24 24 
51 257 313 78 21 22 68 24 24 
51 257 313 78 21 22 263 24 24 
51 257 313 78 21 22 263 24 24 
51 257 313 78 21 68 24 24 
51 257 313 78 21 22 68 24 24 
51 257 313 78 21 22 68 24 24 
51 257 313 78 21 68 24 24 
51 257 313 78 21 68 24 24 
51 257 313 78 21 24 24 
314 51 257 313 78 21 68 24 24 
51 257 313 78 21 131 24 24 
51 257 313 78 104 21 68 24 24 
51 257 313 78 21 68 24 24 
51 257 313 78 104 21 68 24 24 
51 257 313 78 21 68 24 24 
51 257 313 78 21 68 24 24 
51 257 313 78 21 22 68 24 24 
51 257 313 78 133 21 22 68 24 24 
314 51 257 313 78 21 24 24 
51 257 313 78 21 68 24 24 
51 257 313 78 21 68 24 24 
51 257 313 78 21 68 24 24 
51 257 313 78 112 21 113 24 24 
314 51 257 313 78 104 21 22 68 24 24 
314 51 257 313 78 21 22 68 24 24 
51 257 313 78 21 68 24 24 
51 257 313 78 21 22 68 24 24 
51 257 313 78 21 68 24 24 
51 257 313 78 21 68 24 24 
51 257 313 78 21 68 24 24 
51 257 313 78 21 24 24 
51 257 313 78 21 68 24 24 
51 257 313 78 21 68 24 24 
51 257 313 78 104 21 68 24 24 
51 257 313 78 21 22 68 24 24 
51 257 313 78 21 22 68 24 24 
51 257 313 78 21 22 68 24 24 
51 257 313 78 21 22 68 24 24 
51 257 313 78 21 22 68 24 24 
51 257 313 78 21 22 68 24 24 
51 257 313 78 21 22 68 24 24 
51 257 313 78 21 22 68 24 24 
51 257 313 78 104 21 68 24 24 
51 257 313 78 21 22 68 24 24 
51 257 313 78 27 28 21 509 22 68 24 24 
51 257 313 78 21 22 68 24 24 
51 257 313 78 21 22 68 24 24 
51 257 313 78 21 22 68 24 24 
51 257 313 78 21 22 68 24 24 
51 257 313 78 21 22 68 24 24 
51 257 313 78 21 22 68 24 24 
51 257 313 78 21 22 68 24 24 
51 257 313 78 21 22 68 24 24 
51 257 313 78 21 22 68 24 24 
51 257 313 78 21 22 68 24 24 
51 257 313 78 21 22 68 24 24 
51 257 313 78 21 22 68 24 24 
51 257 313 78 21 22 68 24 24 
51 257 313 78 21 22 68 24 24 
51 257 313 78 21 22 68 24 24 
51 257 313 78 21 22 68 24 24 
51 257 313 78 21 22 68 24 24 
51 257 313 78 21 22 68 24 24 
51 257 313 78 21 22 68 24 24 
51 257 313 78 21 22 68 24 24 
51 257 313 78 21 22 68 24 24 
51 257 313 78 21 22 68 24 24 
51 257 313 78 21 22 68 24 24 
51 257 313 78 21 22 68 24 24 
51 257 313 78 21 22 68 24 24 
51 257 313 78 21 22 68 24 24 
51 257 313 78 21 22 68 24 24 
51 257 313 78 21 22 68 24 24 
51 257 313 78 21 22 68 24 24 
51 257 313 78 21 22 68 24 24 
51 257 313 78 21 22 68 24 24 
51 257 313 78 21 22 68 24 24 
51 257 313 78 21 22 68 24 24 
51 257 313 78 21 22 68 24 24 
51 257 313 78 21 22 68 24 24 
51 257 313 78 21 22 68 24 24 
51 257 313 78 21 22 68 24 24 
51 257 313 78 21 22 68 24 24 
51 257 313 78 21 22 68 24 24 
51 257 313 78 21 22 68 24 24 
51 257 313 78 21 22 68 24 24 
51 257 313 78 21 22 68 24 24 
51 257 313 78 21 22 68 24 24 
51 257 313 78 21 22 68 24 24 
51 257 313 78 21 22 68 24 24 
51 257 313 78 21 22 68 24 24 
51 257 313 78 21 22 68 24 24 
51 257 313 78 21 22 68 24 24 
51 257 313 78 21 22 68 24 24 
51 257 313 78 21 22 68 24 24 
51 257 313 78 21 22 68 24 24 
51 257 313 78 21 22 68 24 24 
51 257 313 78 21 22 68 24 24 
314 51 257 313 78 104 21 22 68 24 24 
51 257 313 78 21 24 24 
51 257 313 78 21 24 24 
51 257 313 78 21 68 24 24 
51 257 313 78 104 21 68 24 24 
51 257 313 78 104 21 68 24 24 
51 257 313 78 27 28 21 509 24 24 
51 257 313 78 104 21 22 68 24 24 
51 257 313 78 21 22 68 24 24 
51 257 313 78 21 68 24 24 
51 257 313 78 104 21 68 24 24 
51 257 313 78 104 21 68 24 24 
51 257 313 78 21 68 24 24 
51 257 313 78 21 68 24 24 
51 257 313 78 28 27 21 22 24 496 24 
51 257 313 78 21 68 24 24 
51 257 313 78 21 68 24 24 
314 51 257 313 78 21 22 24 24 
51 257 313 78 104 21 68 24 24 
51 257 313 78 104 21 68 24 24 
51 257 313 78 104 21 68 24 24 
51 257 313 78 104 21 68 24 24 
51 257 313 78 104 21 68 24 24 
51 257 313 78 104 21 68 24 24 
51 257 313 78 21 68 24 24 
51 257 313 78 21 68 24 24 
51 257 313 78 104 21 68 24 24 
51 257 313 78 104 21 68 24 24 
51 257 313 78 21 68 24 24 
51 257 313 78 104 21 68 24 24 
51 257 313 78 104 21 68 24 24 
51 257 313 78 21 68 24 24 
314 51 257 313 78 21 68 24 24 
51 257 313 78 104 21 68 24 24 
51 257 313 78 104 21 68 24 24 
51 257 313 78 104 21 68 24 24 
51 257 313 78 104 21 68 24 24 
51 257 313 78 104 21 22 68 24 24 
51 257 313 78 104 21 68 24 24 
51 257 313 78 104 21 68 24 24 
51 257 313 78 104 21 68 24 24 
51 257 313 78 104 21 68 24 24 
51 257 313 78 104 21 68 24 24 
51 257 313 78 104 21 68 24 24 
51 257 313 78 104 21 68 24 24 
51 257 313 78 104 21 68 24 24 
51 257 313 78 104 21 68 24 24 
51 257 313 78 104 21 68 24 24 
51 257 313 78 104 21 68 24 24 
51 257 313 78 104 21 68 24 24 
51 257 313 78 104 21 68 24 24 
51 257 313 78 104 21 68 24 24 
51 257 313 78 104 21 68 24 24 
51 257 313 78 104 21 68 24 24 
51 257 313 78 104 21 68 24 24 
51 257 313 78 104 21 68 24 24 
51 257 313 78 104 21 68 24 24 
51 257 313 78 104 21 68 24 24 
51 257 313 78 104 21 68 24 24 
51 257 313 78 104 21 68 24 24 
51 257 313 78 104 21 68 24 24 
51 257 313 78 104 21 68 24 24 
51 257 313 78 104 21 68 24 24 
51 257 313 78 104 21 68 24 24 
51 257 313 78 104 21 68 24 24 
51 257 313 78 104 21 68 24 24 
51 257 313 78 104 21 68 24 24 
51 257 313 78 21 68 24 24 
51 257 313 78 104 21 68 24 24 
51 257 313 78 104 21 68 24 24 
51 257 313 78 104 21 68 24 24 
51 257 313 78 104 21 68 24 24 
51 257 313 78 104 21 68 24 24 
51 257 313 78 21 68 24 24 
51 257 313 78 5 21 24 24 
51 257 313 78 104 21 68 24 24 
51 257 313 78 21 68 24 24 
314 51 257 313 78 104 21 68 24 24 
51 257 313 78 21 68 24 24 
51 257 313 78 21 24 24 
51 257 313 78 21 68 24 24 
51 257 313 78 104 21 68 24 24 
51 257 313 78 104 21 68 24 24 
51 257 313 78 104 21 68 24 24 
51 257 313 78 104 21 68 24 24 
51 257 313 78 104 21 68 24 24 
51 257 313 78 104 21 68 24 24 
51 257 313 78 104 21 68 24 24 
51 257 313 78 104 21 68 24 24 
51 257 313 78 104 21 68 24 24 
51 257 313 78 21 68 24 24 
51 257 313 78 21 24 24 
51 257 313 78 104 21 68 24 24 
314 51 257 313 78 21 22 68 24 24 
51 257 313 78 21 24 24 
51 257 313 78 104 21 68 24 24 
51 257 313 78 21 68 24 24 
51 257 313 78 21 22 68 24 24 
51 257 313 78 21 22 68 24 24 
51 257 313 78 21 22 68 24 24 
51 257 313 78 104 21 22 68 24 24 
51 257 313 78 21 68 24 24 
314 51 257 313 78 21 22 68 24 24 
51 257 313 78 21 22 68 24 24 
51 257 313 78 21 263 24 24 
51 257 313 78 21 68 24 24 
51 257 313 78 21 22 68 24 24 
51 257 313 78 21 22 68 24 24 
314 51 257 313 78 21 68 24 24 
51 257 313 78 21 68 24 24 
51 257 313 78 21 68 24 24 
51 257 313 78 104 21 68 24 24 
51 257 313 78 21 22 68 24 24 
314 51 257 313 78 21 22 263 24 24 
51 257 313 78 21 22 68 24 24 
51 257 313 78 104 21 68 24 24 
51 257 313 78 21 24 24 
51 257 313 78 21 22 68 24 24 
314 51 257 313 78 133 21 22 68 24 24 
51 257 313 78 28 104 21 22 548 106 68 24 24 
51 257 313 78 28 104 21 22 548 106 68 24 24 
51 257 313 78 104 21 68 24 24 
51 257 313 78 21 22 68 24 24 
51 257 313 78 21 22 68 24 24 
51 257 313 78 21 68 24 24 
51 257 313 78 21 22 68 24 24 
51 257 313 78 21 22 68 24 24 
51 257 313 78 104 21 68 24 24 
51 257 313 78 104 21 68 24 24 
51 257 313 78 21 24 24 
51 257 313 78 21 22 68 24 24 
51 257 313 78 104 21 68 24 24 
51 257 313 78 21 22 68 24 24 
51 257 313 78 21 68 24 24 
51 257 313 78 21 68 24 24 
51 257 313 78 104 21 68 24 24 
51 257 313 78 21 68 24 24 
51 257 313 78 21 68 24 24 
51 257 313 78 21 22 68 24 24 
51 257 313 78 21 68 24 24 
51 257 313 78 21 68 24 24 
51 257 313 78 21 68 24 24 
51 257 313 78 21 68 24 24 
51 257 313 78 21 68 24 24 
314 51 257 313 78 21 22 99 24 362 24 
51 257 313 78 104 21 68 24 24 
51 257 313 78 21 68 24 24 
51 257 313 78 28 21 548 106 24 24 
51 257 313 78 28 21 548 106 24 24 
51 257 313 78 104 21 68 24 24 
51 257 313 78 21 22 68 24 24 
51 257 540 313 78 104 21 68 24 24 
51 257 540 313 78 104 21 68 24 24 
51 257 540 313 78 104 21 68 24 24 
51 257 313 78 21 68 24 24 
51 257 313 78 21 22 68 24 24 
51 257 313 78 104 21 68 24 24 
51 257 313 78 104 21 68 24 24 
51 257 313 78 104 21 68 24 24 
51 257 313 78 104 21 68 24 24 
51 257 313 78 28 21 22 24 80 79 24 
51 257 313 78 21 68 24 24 
314 51 257 313 78 104 21 68 24 24 
51 257 313 78 104 21 68 24 24 
51 257 313 78 21 68 24 24 
51 257 313 78 21 68 24 24 
51 257 313 78 104 21 68 24 24 
51 257 313 78 104 21 68 24 24 
51 257 313 78 104 21 22 68 24 24 
51 257 313 78 104 21 68 24 24 
51 257 313 78 104 21 68 24 24 
51 257 313 78 104 21 68 24 24 
51 257 313 78 104 21 68 24 24 
51 257 313 78 104 21 22 68 24 24 
51 257 313 78 21 68 24 24 
51 257 313 78 21 13 24 14 24 
314 51 257 313 78 21 22 68 24 24 
51 257 313 78 21 68 24 24 
314 51 257 313 78 21 68 24 24 
51 257 313 78 21 68 24 24 
51 257 313 78 21 68 24 24 
51 257 313 78 21 24 24 
51 257 313 78 21 24 24 
51 257 313 78 21 24 24 
51 257 313 78 21 24 24 
51 257 313 78 21 24 24 
51 257 313 78 21 24 24 
51 257 313 78 21 24 24 
51 257 313 78 21 24 24 
51 257 313 78 21 24 24 
51 257 313 78 21 24 24 
51 257 313 78 21 24 24 
51 257 313 78 21 24 24 
51 257 313 78 21 24 24 
314 51 257 313 78 21 24 24 
314 51 257 313 78 21 24 24 
51 257 313 78 21 68 24 24 
51 257 313 78 104 21 68 24 24 
51 257 313 78 21 24 24 
51 257 313 78 104 21 68 24 24 
51 257 313 78 104 21 68 24 24 
51 257 313 78 28 21 548 106 24 24 
51 257 313 78 28 21 548 106 24 24 
51 257 313 78 104 21 68 24 24 
51 257 313 78 104 21 68 24 24 
51 257 313 78 104 21 22 68 24 24 
51 257 313 78 21 68 24 24 
51 257 313 78 21 68 24 24 
51 257 313 78 104 21 22 68 24 24 
51 257 313 78 21 24 24 
51 257 313 78 21 24 24 
51 257 313 78 21 24 24 
51 257 313 78 21 24 24 
51 257 313 78 21 24 24 
51 257 313 78 21 24 24 
51 257 313 78 21 24 24 
51 257 313 78 21 24 24 
51 257 313 78 21 24 24 
51 257 313 78 21 24 24 
51 257 313 78 21 24 24 
51 257 313 78 21 24 24 
51 257 313 78 21 24 24 
51 257 313 78 21 22 24 24 
51 257 313 78 21 24 24 
51 257 313 78 21 24 24 
51 257 313 78 21 24 24 
51 257 313 78 21 24 24 
51 257 313 78 21 24 24 
51 257 313 78 21 24 24 
51 257 313 78 21 24 24 
51 257 313 78 21 24 24 
51 257 313 78 21 24 24 
51 257 313 78 21 24 24 
51 257 313 78 21 24 24 
51 257 313 78 21 24 24 
51 257 313 78 21 24 24 
51 257 313 78 21 24 24 
51 257 313 78 21 68 24 24 
51 257 313 78 104 21 22 68 24 24 
51 257 313 78 21 68 24 24 
51 257 313 78 21 24 24 
51 257 313 78 21 24 24 
51 257 313 78 21 24 24 
51 257 313 78 21 24 24 
51 257 313 78 21 24 24 
51 257 313 78 21 24 24 
51 257 313 78 21 24 24 
51 257 313 78 21 24 24 
51 257 313 78 21 24 24 
51 257 313 78 21 24 24 
51 257 313 78 21 24 24 
51 257 313 78 21 24 24 
51 257 313 78 21 24 24 
51 257 313 78 21 24 24 
51 257 313 78 21 24 24 
51 257 313 78 21 24 24 
51 257 313 78 21 24 24 
51 257 313 78 21 24 24 
51 257 313 78 21 24 24 
51 257 313 78 21 24 24 
51 257 313 78 21 24 24 
51 257 313 78 21 24 24 
51 257 313 78 21 24 24 
51 257 313 78 21 24 24 
51 257 313 78 21 24 24 
51 257 313 78 21 24 24 
51 257 313 78 21 24 24 
51 257 313 78 21 24 24 
51 257 313 78 21 24 24 
51 257 313 78 21 24 24 
51 257 313 78 21 24 24 
51 257 313 78 21 24 24 
51 257 313 78 21 24 24 
51 257 313 78 21 24 24 
51 257 313 78 5 21 232 8 24 24 
51 257 313 78 5 21 232 8 24 24 
51 257 313 78 21 24 24 
51 257 313 78 21 22 68 24 24 
51 257 313 78 21 68 24 24 
51 257 313 78 21 24 24 
51 257 313 78 21 24 24 
51 257 313 78 21 24 24 
51 257 313 78 21 24 24 
51 257 313 78 21 24 24 
51 257 313 78 21 24 24 
51 257 313 78 21 24 24 
51 257 313 78 21 24 24 
51 257 313 78 21 24 24 
51 257 313 78 21 24 24 
51 257 313 78 21 24 24 
51 257 313 78 21 24 24 
51 257 313 78 21 24 24 
51 257 313 78 21 24 24 
51 257 313 78 21 24 24 
51 257 313 78 21 24 24 
51 257 313 78 21 24 24 
51 257 313 78 21 24 24 
51 257 313 78 21 24 24 
51 257 313 78 21 24 24 
51 257 313 78 21 24 24 
51 257 313 78 21 24 24 
51 257 313 78 21 24 24 
51 257 313 78 21 24 24 
51 257 313 78 21 24 24 
51 257 313 78 21 24 24 
51 257 313 78 21 24 24 
51 257 313 78 21 24 24 
51 257 313 78 21 24 24 
51 257 313 78 21 24 24 
51 257 313 78 21 24 24 
51 257 313 78 21 24 24 
51 257 313 78 21 24 24 
51 257 313 78 21 24 24 
51 257 313 78 21 24 24 
51 257 313 78 21 24 24 
51 257 313 78 21 24 24 
51 257 313 78 21 24 24 
51 257 313 78 21 24 24 
51 257 313 78 21 24 24 
51 257 313 78 21 24 24 
51 257 313 78 21 24 24 
51 257 313 78 21 24 24 
51 257 313 78 21 24 24 
51 257 313 78 21 24 24 
51 257 313 78 21 24 24 
51 257 313 78 21 24 24 
51 257 313 78 21 24 24 
51 257 313 78 21 24 24 
51 257 313 78 21 24 24 
51 257 313 78 21 24 24 
51 257 313 78 21 24 24 
51 257 313 78 21 24 24 
51 257 313 78 21 24 24 
51 257 313 78 21 24 24 
51 257 313 78 21 24 24 
51 257 313 78 21 24 24 
51 257 313 78 21 24 24 
51 257 313 78 21 24 24 
51 257 313 78 21 24 24 
51 257 313 78 21 24 24 
51 257 313 78 21 24 24 
51 257 313 78 21 24 24 
51 257 313 78 21 24 24 
51 257 313 78 21 24 24 
51 257 313 78 21 24 24 
51 257 313 78 21 24 24 
51 257 313 78 21 24 24 
51 257 313 78 21 24 24 
451 51 257 313 78 21 24 24 
51 257 313 78 21 24 24 
51 257 313 78 21 24 24 
451 51 257 313 78 21 24 24 
51 257 313 78 21 24 24 
51 257 313 78 21 24 24 
451 51 257 313 78 21 24 24 
51 257 313 78 21 24 24 
51 257 313 78 21 24 24 
51 257 313 78 21 24 24 
51 257 313 78 21 24 24 
51 257 313 78 21 24 24 
451 51 257 313 78 21 24 24 
451 51 257 313 78 21 24 24 
51 257 313 78 21 24 24 
51 257 313 78 21 24 24 
51 257 313 78 21 24 24 
51 257 313 78 21 24 24 
51 257 313 78 21 24 24 
51 257 313 78 21 24 24 
51 257 313 78 21 24 24 
51 257 313 78 21 24 24 
51 257 313 78 21 24 24 
51 257 313 78 21 24 24 
51 257 313 78 21 24 24 
51 257 313 78 21 24 24 
51 257 313 78 21 24 24 
51 257 313 78 21 24 24 
51 257 313 78 21 22 24 24 
51 257 313 78 21 24 24 
51 257 313 78 21 24 24 
51 257 313 78 21 24 24 
314 51 257 313 78 21 24 24 
51 257 313 78 21 24 24 
51 257 313 78 21 24 24 
51 257 313 78 21 24 24 
51 257 313 78 21 24 24 
314 51 257 313 78 21 24 24 
314 51 257 313 78 21 24 24 
314 51 257 313 78 21 24 24 
51 257 313 78 21 24 24 
51 257 313 78 21 24 24 
51 257 313 78 21 24 24 
314 51 257 313 78 21 24 24 
51 257 313 78 21 24 24 
51 257 313 78 21 24 24 
51 257 313 78 21 24 24 
51 257 313 78 21 24 24 
51 257 313 78 21 24 24 
51 257 313 78 21 24 24 
51 257 313 78 21 24 24 
51 257 313 78 21 24 24 
51 257 313 78 21 24 24 
51 257 313 78 21 24 24 
51 257 313 78 21 24 24 
51 257 313 78 21 24 24 
51 257 313 78 21 24 24 
51 257 313 78 21 24 24 
51 257 313 78 21 24 24 
51 257 313 78 21 24 24 
51 257 313 78 21 24 24 
51 257 313 78 21 24 24 
51 257 313 78 21 24 24 
314 51 257 313 78 21 24 24 
314 51 257 313 78 21 24 24 
314 51 257 313 78 21 24 24 
314 51 257 313 78 21 24 24 
314 51 257 313 78 21 24 24 
314 51 257 313 78 21 24 24 
51 257 313 78 21 24 24 
51 257 313 78 21 24 24 
314 51 257 313 78 21 24 24 
51 257 313 78 21 24 24 
51 257 313 78 21 24 24 
51 257 313 78 21 24 24 
51 257 313 78 21 24 24 
51 257 313 78 21 24 24 
51 257 313 78 21 24 24 
51 257 313 78 21 24 24 
51 257 313 78 21 24 24 
51 257 313 78 21 24 24 
51 257 313 78 21 24 24 
51 257 313 78 21 24 24 
51 257 313 78 21 24 24 
51 257 313 78 21 24 24 
51 257 313 78 21 24 24 
51 257 313 78 21 24 24 
51 257 313 78 21 24 24 
51 257 313 78 21 24 24 
51 257 313 78 21 24 24 
51 257 313 78 21 24 24 
51 257 313 78 21 24 24 
51 257 313 78 21 24 24 
51 257 313 78 21 24 24 
51 257 313 78 21 24 24 
51 257 313 78 21 24 24 
51 257 313 78 21 24 24 
51 257 313 78 21 24 24 
51 257 313 78 21 24 24 
51 257 313 78 21 24 24 
51 257 313 78 21 24 24 
51 257 313 78 21 24 24 
51 257 313 78 21 24 24 
51 257 313 78 21 24 24 
51 257 313 78 21 24 24 
51 257 313 78 21 24 24 
51 257 313 78 21 24 24 
51 257 313 78 21 24 24 
51 257 313 78 21 24 24 
51 257 313 78 21 24 24 
51 257 313 78 21 24 24 
314 51 257 313 78 21 24 24 
314 51 257 313 78 21 24 24 
51 257 313 78 21 24 24 
314 51 257 313 78 21 24 24 
314 51 257 313 78 21 24 24 
51 257 313 78 21 24 24 
51 257 313 78 21 24 24 
314 51 257 313 78 21 24 24 
51 257 313 78 21 24 24 
51 257 313 78 21 24 24 
51 257 313 78 21 24 24 
51 257 313 78 21 24 24 
51 257 313 78 21 24 24 
451 51 257 313 78 21 24 24 
51 257 313 78 21 24 24 
51 257 313 78 21 24 24 
51 257 313 78 21 24 24 
51 257 313 78 21 24 24 
51 257 313 78 21 24 24 
51 257 313 78 21 24 24 
51 257 313 78 21 24 24 
51 257 313 78 21 24 24 
51 257 313 78 21 24 24 
51 257 313 78 21 24 24 
51 257 313 78 21 24 24 
51 257 313 78 21 24 24 
51 257 313 78 21 24 24 
51 257 313 78 21 24 24 
51 257 313 78 21 24 24 
51 257 313 78 21 24 24 
51 257 313 78 21 24 24 
51 257 313 78 21 24 24 
51 257 313 78 21 24 24 
51 257 313 78 21 24 24 
51 257 313 78 21 24 24 
51 257 313 78 21 24 24 
51 257 313 78 21 24 24 
314 51 257 313 78 21 24 24 
51 257 313 78 21 24 24 
51 257 313 78 21 24 24 
51 257 313 78 21 24 24 
51 257 313 78 21 24 24 
51 257 313 78 21 24 24 
51 257 313 78 21 24 24 
51 257 313 78 21 24 24 
51 257 313 78 21 24 24 
51 257 313 78 21 24 24 
51 257 313 78 21 24 24 
51 257 313 78 21 24 24 
51 257 313 78 21 24 24 
51 257 313 78 21 24 24 
51 257 313 78 21 24 24 
51 257 313 78 21 24 24 
51 257 313 78 21 24 24 
51 257 313 78 21 24 24 
51 257 313 78 21 24 24 
51 257 313 78 21 24 24 
51 257 313 78 21 24 24 
51 257 313 78 21 24 24 
51 257 313 78 21 24 24 
51 257 313 78 21 24 24 
51 257 313 78 21 24 24 
51 257 313 78 21 24 24 
51 257 313 78 21 24 24 
51 257 313 78 21 24 24 
51 257 313 78 21 24 24 
51 257 313 78 21 24 24 
51 257 313 78 21 24 24 
51 257 313 78 21 24 24 
51 257 313 78 21 24 24 
51 257 313 78 21 24 24 
51 257 313 78 21 24 24 
51 257 313 78 21 24 24 
51 257 313 78 21 24 24 
51 257 313 78 21 24 24 
51 257 313 78 21 24 24 
51 257 313 78 21 24 24 
51 257 313 78 21 24 24 
51 257 313 78 21 24 24 
51 257 313 78 21 24 24 
51 257 313 78 21 24 24 
51 257 313 78 21 24 24 
51 257 313 78 21 24 24 
51 257 313 78 21 24 24 
51 257 313 78 21 24 24 
51 257 313 78 21 24 24 
51 257 313 78 21 24 24 
51 257 313 78 21 24 24 
51 257 313 78 21 24 24 
51 257 313 78 21 24 24 
51 257 313 78 21 24 24 
51 257 313 78 21 24 24 
51 257 313 78 21 24 24 
51 257 313 78 21 24 24 
51 257 313 78 21 24 24 
51 257 313 78 21 24 24 
51 257 313 78 21 24 24 
51 257 313 78 21 24 24 
51 257 313 78 21 24 24 
51 257 313 78 21 24 24 
51 257 313 78 21 24 24 
51 257 313 78 21 24 24 
51 257 313 78 21 24 24 
51 257 313 78 21 24 24 
51 257 313 78 21 24 24 
51 257 313 78 21 24 24 
51 257 313 78 21 24 24 
51 257 313 78 21 24 24 
51 257 313 78 21 24 24 
51 257 313 78 21 24 24 
51 257 313 78 21 24 24 
51 257 313 78 21 24 24 
51 257 313 78 21 24 24 
51 257 313 78 21 24 24 
51 257 313 78 21 24 24 
51 257 313 78 21 24 24 
51 257 313 78 21 24 24 
51 257 313 78 21 24 24 
51 257 313 78 21 24 24 
51 257 313 78 21 24 24 
51 257 313 78 21 24 24 
51 257 313 78 21 24 24 
51 257 313 78 21 24 24 
51 257 313 78 21 24 24 
51 257 313 78 21 24 24 
51 257 313 78 21 24 24 
51 257 313 78 21 24 24 
51 257 313 78 21 24 24 
51 257 313 78 21 24 24 
51 257 313 78 21 24 24 
51 257 313 78 21 24 24 
51 257 313 78 21 24 24 
51 257 313 78 21 24 24 
51 257 313 78 21 24 24 
51 257 313 78 21 24 24 
51 257 313 78 21 24 24 
51 257 313 78 21 24 24 
51 257 313 78 21 24 24 
51 257 313 78 21 24 24 
51 257 313 78 21 24 24 
51 257 313 78 21 24 24 
51 257 313 78 21 24 24 
51 257 313 78 21 24 24 
51 257 313 78 21 24 24 
51 257 313 78 21 24 24 
51 257 313 78 21 24 24 
51 257 313 78 21 24 24 
51 257 313 78 21 24 24 
451 51 257 313 78 21 24 24 
451 51 257 313 78 21 24 24 
51 257 313 78 21 24 24 
451 51 257 313 78 21 24 24 
51 257 313 78 21 24 24 
51 257 313 78 21 24 24 
51 257 313 78 21 24 24 
51 257 313 78 21 24 24 
51 257 313 78 21 24 24 
51 257 313 78 21 24 24 
51 257 313 78 21 24 24 
51 257 313 78 21 24 24 
51 257 313 78 21 24 24 
51 257 313 78 21 24 24 
51 257 313 78 21 24 24 
51 257 313 78 21 24 24 
51 257 313 78 21 24 24 
51 257 313 78 21 24 24 
51 257 313 78 21 24 24 
51 257 313 78 21 24 24 
51 257 313 78 21 24 24 
51 257 313 78 21 24 24 
51 257 313 78 21 24 24 
51 257 313 78 21 24 24 
51 257 313 78 21 24 24 
51 257 313 78 21 24 24 
51 257 313 78 21 24 24 
51 257 313 78 21 24 24 
51 257 313 78 21 24 24 
51 257 313 78 21 24 24 
51 257 313 78 21 24 24 
51 257 313 78 21 24 24 
51 257 313 78 21 24 24 
51 257 313 78 21 24 24 
51 257 313 78 21 24 24 
51 257 313 78 21 24 24 
51 257 313 78 21 24 24 
51 257 313 78 21 24 24 
51 257 313 78 21 24 24 
51 257 313 78 21 24 24 
51 257 313 78 21 24 24 
51 257 313 78 21 24 24 
51 257 313 78 21 24 24 
51 257 313 78 21 24 24 
51 257 313 78 21 24 24 
51 257 313 78 21 24 24 
51 257 313 78 21 24 24 
51 257 313 78 21 24 24 
51 257 313 78 21 24 24 
51 257 313 78 21 24 24 
51 257 313 78 21 24 24 
51 257 313 78 21 24 24 
51 257 313 78 21 24 24 
51 257 313 78 21 24 24 
51 257 313 78 21 24 24 
51 257 313 78 21 24 24 
451 51 257 313 78 21 24 24 
51 257 313 78 21 24 24 
314 51 257 313 78 21 24 24 
51 257 313 78 21 24 24 
51 257 313 78 21 24 24 
314 51 257 313 78 21 24 24 
314 51 257 313 78 21 24 24 
51 257 313 78 21 24 24 
314 51 257 313 78 21 24 24 
51 257 313 78 21 24 24 
51 257 313 78 21 24 24 
51 257 313 78 21 24 24 
51 257 313 78 21 24 24 
51 257 313 78 21 24 24 
51 257 313 78 21 24 24 
314 51 257 313 78 21 24 24 
51 257 313 78 21 24 24 
51 257 313 78 21 24 24 
51 257 313 78 21 24 24 
51 257 313 78 21 24 24 
51 257 313 78 21 24 24 
51 257 313 78 21 24 24 
51 257 313 78 21 24 24 
51 257 313 78 21 24 24 
314 51 257 313 78 21 24 24 
314 51 257 313 78 21 24 24 
51 257 313 78 21 24 24 
51 257 313 78 21 24 24 
451 51 257 313 78 21 24 24 
51 257 313 78 21 24 24 
51 257 313 78 21 24 24 
51 257 313 78 21 24 24 
51 257 313 78 21 24 24 
51 257 313 78 21 24 24 
51 257 313 78 21 24 24 
51 257 313 78 21 24 24 
51 257 313 78 21 24 24 