1 164 15 670 5 196 197 8 8 
1 164 15 670 5 171 162 8 172 8 
1 164 15 670 5 171 162 8 172 8 
1 164 15 670 5 8 8 
1 164 15 670 5 171 196 197 162 8 172 8 
1 164 15 670 5 171 162 8 172 8 
1 164 15 670 5 171 162 8 172 8 
1 164 15 670 5 171 162 8 172 8 
1 164 15 670 5 8 8 
1 164 15 670 5 171 162 8 172 8 
1 164 15 670 5 171 162 8 172 8 
1 164 15 670 5 171 162 8 172 8 
1 164 15 670 5 196 197 8 8 
1 164 15 670 5 171 196 197 162 8 172 8 
1 164 15 670 5 171 162 8 172 8 
1 164 15 670 5 171 162 8 172 8 
1 164 15 670 5 8 8 
1 164 15 670 5 171 162 8 172 8 
1 164 15 670 5 171 162 8 172 8 
1 164 15 670 5 8 8 
1 164 15 670 5 171 162 8 172 8 
1 164 15 670 5 8 8 
1 164 15 670 5 171 162 8 172 8 
1 164 15 670 5 171 162 8 172 8 
1 164 15 670 5 171 162 8 172 8 
1 164 15 670 5 171 162 8 172 8 
1 164 15 670 5 171 162 8 172 8 
1 164 15 670 5 171 162 8 172 8 
1 164 15 670 5 171 196 197 162 8 172 8 
1 164 15 670 5 196 197 8 8 