54 53 51 257 5 62 6 63 6 
54 53 51 257 5 62 6 63 6 
54 53 51 257 5 62 6 63 6 
54 53 51 257 5 62 6 63 6 
478 51 257 5 62 6 63 6 
314 51 257 313 78 5 6 6 
452 51 257 313 78 5 6 6 
452 51 257 313 78 5 6 6 
314 51 257 313 78 5 6 6 
314 51 257 313 78 5 6 6 
452 51 257 313 78 5 6 6 
314 51 257 313 78 5 6 6 
452 51 257 313 78 5 6 6 
97 1 452 51 257 19 2 98 313 78 5 6 6 
452 51 257 313 78 5 6 6 
314 51 257 313 78 5 6 6 
314 51 257 313 78 5 6 6 
314 51 257 313 78 5 6 6 
51 257 313 78 5 6 6 
314 51 257 313 78 5 6 6 
452 51 257 313 78 5 6 6 
314 51 257 313 78 5 6 6 
314 51 257 313 78 5 6 6 
54 53 51 257 5 6 6 
54 53 51 257 5 6 6 
54 53 51 257 5 6 6 
478 53 54 51 257 5 62 6 63 6 
54 53 51 257 5 62 6 63 6 
54 53 190 51 257 192 269 5 62 6 63 6 
478 1 442 15 51 257 401 5 62 6 63 6 
54 53 51 257 5 62 6 63 6 
54 53 51 257 5 62 6 63 6 
54 53 51 257 5 27 28 6 21 6 
478 51 257 5 27 28 6 21 6 
54 53 51 257 5 27 28 6 21 6 
54 53 51 257 5 27 28 6 21 6 
54 53 51 257 5 27 28 6 21 6 
54 53 51 257 5 27 28 6 21 6 
54 53 51 257 5 27 28 6 21 6 
54 53 51 257 5 27 28 6 21 6 
54 53 51 257 5 27 28 6 21 6 
54 53 51 257 5 27 28 6 21 6 
54 53 51 257 5 6 254 36 255 6 
314 51 257 313 78 5 6 6 
51 257 313 78 5 6 518 6 
51 257 313 78 5 6 518 6 
51 257 313 78 5 6 518 6 
51 257 313 78 5 6 518 6 
51 257 313 78 5 6 518 6 
51 257 313 78 5 6 518 6 
51 257 313 78 5 6 518 6 
478 51 257 5 6 6 
54 53 51 257 5 6 31 6 
54 53 51 439 257 5 6 6 
54 53 51 257 5 62 6 63 6 
54 53 51 257 5 115 116 6 21 117 6 
54 53 51 257 5 6 6 
51 257 313 78 5 6 21 68 24 518 6 
314 51 257 313 78 5 6 6 
314 51 257 313 78 5 6 61 6 
452 51 257 313 78 5 6 101 8 6 
51 257 313 78 5 6 101 8 6 
74 51 257 77 78 5 6 31 518 6 
51 257 313 78 5 6 518 6 
478 51 257 313 78 5 6 6 
54 53 51 257 5 6 6 
478 1 15 51 257 16 5 6 6 
478 51 257 5 6 6 
478 51 257 5 6 6 
478 51 257 5 6 6 
54 53 51 257 313 78 5 6 6 
54 53 51 257 5 6 6 
54 53 51 257 5 6 6 
54 53 51 257 5 6 6 
54 53 51 257 5 6 6 
54 53 51 257 5 6 6 
54 53 51 257 5 6 6 
54 53 51 257 5 6 6 
478 51 257 5 6 6 
478 51 257 5 6 6 
478 51 257 5 6 6 
54 53 51 257 5 6 6 
54 53 51 257 5 6 6 
54 53 51 257 5 6 6 
54 53 51 257 5 6 6 
54 53 51 257 5 6 6 
54 53 51 257 5 6 6 
54 53 51 257 5 6 6 
54 53 51 257 5 6 6 
54 53 51 257 5 6 6 
54 53 51 257 5 6 6 
54 53 51 257 5 6 6 
54 190 53 51 257 191 192 5 6 6 
54 53 51 257 5 6 6 
356 1 54 53 15 51 257 43 5 6 6 
54 53 51 257 5 6 6 
54 53 51 257 5 6 6 
54 53 51 257 42 5 6 6 
478 51 257 5 6 6 
74 54 53 51 257 77 78 5 6 6 
478 51 257 5 6 6 
54 53 51 257 5 6 6 
54 53 51 257 5 6 6 
54 53 51 257 5 6 6 
54 53 51 257 5 6 6 
478 51 257 5 6 6 
478 51 257 5 6 6 
54 53 51 257 5 6 6 
478 51 257 5 6 6 
478 51 257 5 6 6 
478 51 257 5 6 6 
478 53 54 51 257 5 6 6 
54 53 51 257 5 6 6 
54 53 51 257 5 6 6 
478 54 51 257 441 192 5 6 6 
54 53 51 257 5 6 6 
54 53 51 257 5 6 6 
54 53 190 51 257 192 269 5 6 6 
478 51 257 5 6 6 
478 53 54 51 257 5 6 6 
54 53 51 257 5 6 6 
54 53 51 257 5 6 6 
54 53 51 257 5 6 6 
54 53 51 257 5 6 6 
54 53 51 257 5 6 6 
54 53 51 257 5 6 6 
54 53 190 51 257 192 269 5 6 6 
54 53 51 257 5 6 6 
54 53 51 257 313 78 5 6 6 
54 53 51 257 5 6 6 
54 53 51 257 465 5 6 6 
478 51 257 138 5 6 6 
54 53 51 257 5 6 6 
54 53 51 257 5 6 6 
54 53 51 257 5 6 6 
186 54 53 51 257 5 6 6 
54 53 51 257 5 6 6 
54 53 51 257 5 6 6 
54 53 51 257 5 6 6 
54 53 51 257 5 6 6 
54 53 51 257 5 6 6 
54 53 51 257 5 6 6 
478 51 257 5 6 6 
478 53 54 51 257 5 6 6 
54 53 51 257 5 6 6 
478 51 257 5 6 6 
54 53 51 257 5 6 6 
54 53 51 257 5 6 6 
54 53 51 257 5 6 6 
54 53 51 257 5 6 6 
54 53 51 257 5 6 6 
54 53 51 257 5 6 6 
54 53 51 257 5 6 6 
54 53 51 257 5 6 6 
54 53 51 257 5 6 6 
54 53 51 257 5 6 6 
54 53 51 257 5 6 6 
54 53 51 257 5 6 6 
54 53 51 257 5 6 6 
54 53 190 51 257 192 269 5 6 6 
54 53 51 257 5 6 6 
184 1 54 53 15 51 257 185 5 6 6 
54 53 51 257 5 6 6 
54 53 51 257 5 6 6 
54 53 51 257 5 6 6 
54 53 51 257 313 78 5 6 6 
54 53 51 257 5 6 6 
54 53 51 257 5 6 6 
54 190 53 51 257 191 192 5 6 6 
54 53 51 257 5 6 6 
54 53 314 51 257 313 78 5 6 6 
54 53 51 257 465 5 6 6 
478 51 257 5 6 6 
54 190 53 51 257 191 192 5 6 6 
478 51 257 5 6 6 
54 53 51 257 5 6 6 
54 53 51 257 465 5 6 6 
54 53 51 257 5 6 6 
54 53 51 257 5 6 6 
54 53 51 257 5 6 6 
54 53 51 257 5 6 6 
54 53 51 257 5 6 6 
54 53 51 257 5 6 6 
54 53 51 257 5 6 6 
478 51 257 5 6 6 
54 53 51 257 5 6 6 
478 53 54 51 257 5 6 6 
54 53 51 257 5 6 6 
54 53 51 257 465 5 6 6 
478 51 257 5 6 6 
54 53 51 257 5 6 6 
54 53 51 257 5 6 6 
478 51 257 5 6 6 
54 53 51 257 465 5 6 6 
54 53 51 257 5 6 6 
54 53 51 257 5 6 6 
54 53 51 257 5 6 6 
54 53 51 257 5 6 6 
478 51 136 257 42 174 5 6 6 
54 53 51 257 5 6 6 
478 51 257 313 78 5 6 6 
54 53 51 257 5 6 6 
54 53 51 257 5 6 6 
478 51 257 5 6 6 
54 53 51 257 5 6 6 
54 53 51 257 5 6 6 
478 51 257 5 6 6 
54 53 51 257 5 6 6 
478 51 257 5 6 6 
54 53 51 257 5 6 6 
1 54 53 15 51 257 5 6 6 
478 51 257 5 6 6 
54 53 51 257 5 6 6 
54 53 51 257 5 6 6 
54 53 51 257 5 6 6 
54 53 51 257 5 6 6 
478 51 257 5 6 6 
54 53 51 257 5 6 6 
58 54 53 59 51 257 60 5 6 6 
478 51 257 5 6 6 
54 53 51 257 5 6 6 
54 53 51 257 5 6 6 
54 53 51 257 5 6 6 
54 53 51 257 5 6 6 
54 53 51 257 5 6 6 
478 53 54 51 257 5 6 6 
54 53 51 257 5 6 6 
54 53 51 257 5 6 6 
478 54 53 51 257 5 6 6 
478 54 53 51 257 5 6 6 
54 53 51 257 5 6 6 
54 53 51 257 313 78 5 6 6 
54 53 51 257 5 6 6 
478 1 15 51 257 443 5 6 6 
478 51 257 5 6 6 
478 51 257 5 6 6 
54 53 51 257 5 6 6 
54 53 51 257 465 5 6 6 
478 51 257 5 6 6 
54 53 51 257 5 6 6 
54 53 51 257 5 6 6 
54 53 51 257 5 6 6 
54 53 51 257 5 6 6 
478 53 54 51 257 5 6 6 
478 51 257 313 78 5 6 6 
54 53 51 257 5 6 6 
54 53 51 257 5 6 6 
54 53 51 257 5 6 6 
54 53 51 257 5 6 6 
478 51 257 5 6 6 
54 53 51 257 5 6 6 
54 53 51 257 5 6 6 
54 53 51 257 5 6 6 
478 51 257 5 6 6 
54 53 51 257 223 5 6 6 
54 53 51 257 5 6 6 
54 53 51 257 5 6 6 
54 53 51 257 5 6 6 
54 53 51 257 5 6 6 
54 53 51 257 5 6 6 
54 53 51 257 5 6 6 
54 53 51 257 5 6 6 
54 53 51 257 5 6 6 
478 51 257 5 6 6 
54 53 51 257 5 6 6 
54 53 51 257 5 6 6 
54 53 51 257 5 6 6 
54 53 51 257 5 6 6 
54 53 51 257 5 6 6 
54 53 51 257 5 6 6 
478 54 51 257 5 6 6 
478 53 54 51 257 5 6 6 
478 51 257 5 6 6 
54 53 51 257 5 6 6 
478 51 257 5 6 6 
54 53 51 257 5 6 6 
54 53 51 257 5 6 6 
478 51 257 5 6 6 
478 54 51 257 222 192 5 6 6 
54 53 51 257 5 6 6 
54 53 51 257 5 6 6 
54 53 51 257 38 39 5 6 6 
54 53 51 257 5 6 6 
478 51 257 5 6 6 
54 53 51 257 222 192 5 6 6 
184 1 478 15 51 257 185 5 6 6 
184 1 478 15 51 257 185 5 6 6 
478 51 257 42 610 5 6 6 
478 51 257 5 6 6 
54 53 51 257 5 6 6 
54 53 51 257 5 6 6 
54 53 51 257 5 6 6 
54 53 51 257 5 6 6 
54 53 51 257 5 6 6 
54 53 51 257 5 6 6 
54 53 51 257 5 6 6 
54 53 190 51 257 192 269 5 6 6 
478 51 257 5 6 6 
54 53 51 257 5 6 6 
54 53 51 257 5 6 6 
54 53 51 257 5 6 6 
54 53 51 257 465 5 6 6 
478 53 54 51 257 5 6 6 
54 53 51 257 5 6 6 
54 53 51 257 5 6 6 
54 53 51 257 5 6 6 
54 53 51 257 287 5 6 6 
54 53 51 257 5 6 6 
54 53 51 257 5 6 6 
54 53 51 257 5 6 6 
54 53 51 257 5 6 6 
478 51 257 5 6 6 
478 53 54 51 257 5 6 6 
54 190 53 51 257 191 192 5 6 6 
478 51 257 5 6 6 
54 53 51 257 5 6 6 
54 53 51 257 5 6 6 
54 53 51 257 5 6 6 
478 51 257 5 6 6 
478 51 257 5 6 6 
184 1 54 53 15 51 257 185 5 6 6 
478 51 257 5 6 6 
478 51 257 5 6 6 
478 51 257 5 6 6 
54 53 51 257 5 6 6 
478 51 257 5 6 6 
478 53 54 51 257 5 6 6 
478 53 54 51 257 5 6 6 
478 51 257 5 6 6 
478 51 257 5 6 6 
478 51 257 5 6 6 
54 53 190 51 257 192 269 5 6 6 
54 53 51 257 5 6 6 
54 53 51 257 5 6 6 
54 53 51 257 5 6 6 
54 53 51 257 5 6 6 
54 53 51 257 5 6 6 
54 53 51 257 5 6 6 
54 53 51 257 5 6 6 
54 53 51 257 5 6 6 
478 51 257 5 6 6 
54 53 51 257 5 6 6 
54 53 51 257 5 6 6 
54 53 51 257 5 6 6 
54 53 51 257 5 6 6 
54 53 51 257 5 6 6 
478 51 257 5 6 6 
54 53 51 257 5 6 6 
54 53 51 257 5 6 6 
478 51 257 5 6 6 
478 51 257 5 6 6 
54 53 51 257 5 6 6 
54 53 51 257 5 6 6 
478 51 257 5 6 6 
54 53 51 257 5 6 6 
478 51 257 5 6 6 
478 53 54 51 257 5 6 6 
54 53 51 257 5 6 6 
54 53 51 257 42 5 6 6 
478 51 257 5 6 6 
54 53 51 257 5 6 6 
478 51 257 5 6 6 
54 53 51 257 5 6 6 
478 51 257 5 6 6 
54 53 51 257 5 6 6 
54 53 51 257 5 6 6 
478 51 257 5 6 6 
478 51 257 5 6 6 
54 53 51 257 5 6 6 
54 53 51 257 5 6 6 
54 53 51 257 5 6 6 
478 53 54 51 257 5 6 6 
54 53 51 257 5 6 6 
478 53 54 51 257 5 6 6 
54 53 51 257 5 6 6 
54 53 51 257 5 6 6 
54 53 51 257 5 6 6 
54 53 190 51 257 192 269 5 6 6 
54 53 51 257 5 6 6 
54 53 51 257 5 6 6 
478 53 54 51 257 5 6 6 
54 53 51 257 5 6 6 
54 53 51 257 5 6 6 
54 53 51 257 5 6 6 
54 53 51 257 5 6 6 
54 53 51 257 5 6 6 
54 53 51 257 5 6 6 
54 53 51 257 5 6 6 
54 53 51 257 5 6 6 
54 53 51 257 5 6 6 
54 53 51 257 5 6 6 
54 53 51 257 5 6 6 
54 53 51 257 5 6 6 
54 53 51 257 5 6 6 
478 51 257 5 6 6 
54 53 51 257 5 6 6 
54 53 51 257 5 6 6 
54 53 51 257 5 6 6 
54 53 51 257 5 6 6 
54 53 51 257 5 6 6 
54 53 51 257 5 6 6 
54 53 51 257 5 6 6 
54 53 51 257 5 6 6 
54 53 51 257 5 6 6 
478 51 257 5 6 6 
54 53 51 257 5 6 6 
478 51 257 313 78 5 6 6 
54 53 51 257 5 6 6 
478 51 257 313 78 5 6 6 
54 53 51 257 5 6 6 
54 53 51 257 5 6 6 
54 53 51 257 5 6 6 
54 53 51 257 5 6 6 
54 53 51 257 5 6 6 
54 53 51 257 5 6 6 
478 51 257 313 78 5 6 6 
54 53 51 257 5 6 6 
54 53 51 257 5 6 6 
54 53 51 257 5 6 6 
54 53 51 257 5 6 6 
54 53 51 257 42 610 5 6 6 
478 51 257 5 6 6 
54 53 51 257 5 6 6 
54 53 51 257 5 6 6 
54 53 51 257 313 78 5 6 6 
54 53 51 348 257 349 359 351 5 6 6 
54 53 51 257 5 6 6 
478 51 257 5 6 6 
54 53 51 257 5 6 6 
478 51 257 5 6 6 
54 53 51 257 5 6 6 
478 51 257 5 6 6 
54 53 51 257 5 6 6 
478 51 257 5 6 6 
54 53 51 257 5 6 6 
478 51 257 5 6 6 
478 51 257 5 6 6 
54 53 51 257 5 6 6 
54 53 51 257 5 6 6 
54 53 51 257 5 6 6 
54 53 51 257 5 6 6 
54 53 51 257 5 6 6 
54 53 51 257 5 6 6 
478 51 257 5 6 6 
54 53 51 257 5 6 6 
478 53 54 51 257 5 6 6 
54 53 51 257 5 6 6 
478 51 257 5 6 6 
54 53 51 257 42 610 5 6 6 
478 51 257 42 610 5 6 6 
184 1 54 53 15 51 257 185 5 6 6 
54 53 51 257 5 6 6 
54 53 51 257 313 78 5 6 6 
54 53 51 257 5 6 6 
54 53 51 257 5 6 6 
54 53 51 257 5 6 6 
54 53 51 257 5 6 6 
54 53 51 257 5 6 6 
54 53 51 257 5 6 6 
54 53 51 257 5 6 6 
54 53 51 257 5 6 6 
54 53 51 257 5 6 6 
54 53 51 257 5 6 6 
478 51 257 5 6 6 
478 51 257 5 6 6 
54 53 51 257 5 6 6 
54 53 51 257 5 6 6 
54 53 51 257 5 6 6 
478 51 257 5 6 6 
54 53 51 257 5 6 6 
54 53 51 257 5 6 6 
54 53 51 257 222 192 5 6 6 
54 53 51 257 5 6 6 
478 53 54 51 257 5 6 6 
54 53 51 257 5 6 6 
478 51 257 5 6 6 
54 53 51 257 5 6 6 
54 53 51 257 5 6 6 
54 53 51 257 5 6 6 
54 53 51 257 5 6 6 
54 53 51 257 5 6 6 
54 53 51 257 5 6 6 
54 53 51 257 5 6 6 
54 53 51 257 5 6 6 
478 51 257 5 6 6 
54 53 51 257 5 6 6 
478 51 257 5 6 6 
478 51 257 5 6 6 
54 53 51 257 5 6 6 
54 53 51 257 5 6 6 
54 53 51 257 5 6 6 
478 51 257 5 6 6 
54 53 51 257 5 6 6 
478 53 54 51 257 611 5 6 6 
54 53 51 257 5 6 6 
478 51 257 5 6 31 6 
1 54 53 15 51 257 5 6 31 6 
54 53 51 257 192 5 6 31 6 
54 53 51 257 313 78 5 6 31 6 
54 53 51 257 313 78 5 6 31 6 
54 53 51 257 5 6 31 6 
54 53 51 257 313 78 5 6 31 6 
478 51 257 5 6 31 6 
478 51 257 5 6 31 6 
478 51 257 5 6 31 6 
478 51 257 313 78 5 6 31 6 
478 51 257 313 78 5 6 31 6 
478 51 257 5 6 31 6 
478 51 257 5 6 31 6 
54 53 51 257 313 78 5 6 31 6 
54 53 51 257 313 78 5 6 31 6 
478 51 257 5 6 31 6 
54 190 53 51 257 191 192 5 6 31 6 
54 53 51 257 5 6 31 6 
54 53 51 257 5 6 31 6 
54 53 51 257 5 6 31 6 
478 51 257 5 6 31 6 
54 53 51 257 5 6 31 6 
54 53 51 257 5 6 31 6 
54 53 51 257 5 6 31 6 
54 53 51 348 257 349 359 351 5 6 31 6 
54 53 51 257 5 6 31 6 
54 53 51 257 5 6 31 6 
54 53 51 257 5 6 31 6 
54 53 51 257 5 6 31 6 
54 53 51 257 5 6 31 6 
478 51 257 313 78 5 6 31 6 
54 53 51 257 612 613 5 6 31 6 
1 54 53 15 51 257 16 5 6 31 6 
54 53 51 257 5 6 31 6 
54 53 51 257 5 6 31 6 
478 51 257 313 78 5 6 31 6 
54 53 51 257 5 62 6 63 6 
54 53 51 257 5 62 6 63 6 
51 257 313 78 5 6 518 6 
54 53 51 257 611 5 62 6 63 6 
54 53 51 257 5 6 6 
478 51 257 5 6 31 6 
54 53 51 257 5 6 61 6 
54 53 51 257 5 6 61 6 
54 53 51 257 5 6 61 6 
54 53 51 257 476 192 5 6 61 6 
478 51 257 540 78 5 6 61 6 
54 53 51 257 476 192 5 6 61 6 
54 53 51 257 476 192 5 6 61 6 
54 53 51 257 5 6 61 6 
54 53 51 257 5 6 61 6 
478 53 54 51 257 5 6 131 6 
54 53 51 257 5 6 6 
54 53 190 51 257 192 269 5 6 9 6 
54 53 51 257 5 6 9 6 
51 257 313 78 5 6 9 6 
54 53 51 257 5 6 9 6 
54 53 51 257 5 6 9 6 
54 53 51 257 5 6 9 6 
54 53 51 257 465 5 6 9 6 
54 53 51 257 5 6 9 6 
54 53 51 257 5 6 9 6 
478 51 257 5 6 9 6 
54 53 51 257 5 6 9 6 
478 51 257 5 6 9 6 
54 53 51 257 313 78 5 6 9 6 
478 51 257 5 6 9 6 
54 53 51 257 5 6 9 6 
54 53 51 257 206 207 438 5 6 9 6 
54 53 51 257 5 6 9 6 
478 51 257 313 78 5 6 9 6 
1 54 53 15 51 257 400 401 5 6 9 6 
54 53 51 257 5 6 9 6 
54 53 51 257 465 5 6 9 6 
54 53 51 257 465 5 6 9 6 
54 53 51 257 206 207 438 5 6 9 6 
1 54 53 15 51 257 5 6 9 6 
54 53 51 257 334 5 6 9 6 
54 53 51 257 5 6 9 6 
54 53 51 257 5 6 9 6 
54 53 51 257 5 6 9 6 
478 51 257 5 6 9 6 
54 53 51 257 5 6 9 6 
54 53 51 257 612 613 5 6 9 6 
478 51 257 5 6 9 6 
54 53 51 257 5 6 9 6 
478 51 257 5 6 9 6 
184 1 54 53 15 51 257 185 5 6 9 6 
1 54 53 15 51 257 5 6 21 31 68 24 6 
54 53 51 257 614 192 5 6 21 31 68 24 6 
54 53 51 257 614 192 5 6 21 31 68 24 6 
478 51 257 5 6 21 31 68 24 6 
54 53 51 257 5 6 21 31 68 24 6 
1 54 53 51 257 5 6 21 31 68 24 6 
54 53 51 257 5 6 21 31 68 24 6 
1 54 53 15 51 257 400 401 5 6 21 31 68 24 6 
54 53 51 257 5 6 21 31 68 24 6 
1 54 53 15 51 257 5 6 21 31 68 24 6 
1 54 53 15 51 257 5 6 21 31 68 24 6 
54 53 615 51 267 257 5 6 31 6 
54 53 51 257 5 6 31 6 
54 53 51 257 5 6 31 6 
478 54 51 257 5 6 31 6 
478 51 257 38 5 6 31 6 
54 53 51 257 5 6 31 6 
54 53 51 257 5 6 31 6 
54 53 51 257 5 6 31 6 
54 53 615 51 267 257 5 6 31 6 
54 53 51 257 5 6 31 6 
54 53 51 257 349 363 5 6 31 6 
478 51 257 5 6 31 6 
478 190 54 51 257 192 269 5 6 31 6 
54 53 51 257 5 6 31 6 
54 53 51 257 5 6 31 6 
54 53 51 257 5 6 31 6 
54 53 51 257 5 6 31 6 
478 51 257 5 6 31 6 
478 53 54 51 257 5 6 31 6 
54 53 51 257 313 78 5 6 31 6 
478 51 257 313 78 5 6 31 6 
54 53 51 257 5 6 31 6 
54 53 51 257 313 78 5 6 31 6 
478 51 257 5 6 31 6 
54 53 51 257 5 6 31 6 
478 51 257 5 6 31 6 
54 53 615 51 267 257 5 6 31 6 
54 53 51 257 5 6 31 6 
54 53 51 257 5 6 31 6 
478 53 54 51 257 5 6 31 6 
54 53 51 257 5 6 31 6 
54 53 51 257 5 6 31 6 
54 53 51 257 5 6 31 6 
54 53 51 257 5 6 31 6 
54 53 51 257 5 6 31 6 
478 51 257 313 78 5 6 31 6 
54 53 51 257 5 6 31 6 
54 53 51 257 222 192 5 6 31 6 
54 53 51 257 313 78 5 6 31 6 
54 53 51 257 5 6 31 6 
478 51 257 5 6 31 6 
54 53 51 257 222 192 5 6 31 6 
478 51 257 5 6 31 6 
1 54 53 15 51 257 400 401 5 6 31 6 
54 53 51 257 313 78 5 6 31 6 
54 53 51 257 5 6 31 6 
54 53 51 257 5 6 31 6 
54 53 51 257 5 6 31 6 
54 53 615 51 267 257 5 6 31 6 
478 51 257 5 6 31 6 
478 51 257 5 6 31 6 
54 53 51 257 5 6 31 6 
54 53 51 257 222 192 5 6 31 6 
54 53 51 257 5 6 31 6 
54 53 51 257 5 6 31 6 
54 53 51 257 5 6 31 6 
54 53 51 257 5 6 31 6 
54 53 51 257 313 78 5 6 31 6 
54 53 51 257 5 6 31 6 
478 53 54 51 257 5 6 31 6 
54 53 51 348 257 349 359 351 5 6 31 6 
478 58 59 51 257 60 5 6 31 6 
54 53 51 257 5 6 31 6 
54 53 51 257 5 6 31 6 
54 53 51 257 5 6 31 6 
54 53 51 257 222 192 5 6 31 6 
54 53 51 136 257 42 174 5 6 31 6 
54 53 51 257 5 6 31 6 
54 53 51 257 5 6 31 6 
54 53 51 257 5 6 31 6 
54 53 51 257 5 6 31 6 
478 51 257 349 363 5 6 31 6 
478 51 257 5 6 31 6 
478 53 54 51 257 5 6 31 6 
54 53 51 257 5 6 31 6 
478 51 257 5 6 31 6 
54 53 51 257 5 6 31 6 
54 53 51 257 5 6 31 6 
54 53 51 257 5 6 31 6 
478 53 54 51 257 5 6 31 6 
54 53 51 257 5 6 31 6 
54 53 51 257 5 6 31 6 
54 53 51 257 5 6 31 6 
54 53 51 257 5 6 31 6 
54 53 51 257 5 6 31 6 
54 53 51 257 5 6 31 6 
54 53 51 257 5 6 31 6 
54 53 51 257 5 6 31 6 
54 53 51 257 5 6 31 6 
54 53 51 257 5 6 31 6 
1 54 53 15 51 257 43 5 6 31 6 
54 53 51 257 5 6 31 6 
54 53 51 257 5 6 31 6 
54 53 51 257 5 6 31 6 
54 53 51 257 5 6 31 6 
54 53 51 257 5 6 31 6 
54 53 51 257 5 6 31 6 
54 53 51 257 5 6 31 6 
478 51 257 5 6 31 6 
478 51 257 5 6 31 6 
54 53 51 257 5 6 31 6 
54 53 51 257 5 6 31 6 
54 53 51 257 5 6 31 6 
54 53 51 257 5 6 31 6 
54 53 51 257 5 6 31 6 
54 53 51 257 5 6 31 6 
54 53 51 257 5 6 31 6 
54 53 51 257 5 6 31 6 
54 53 51 257 5 6 31 6 
54 53 51 257 5 6 31 6 
54 53 51 257 5 6 31 6 
54 53 51 257 5 6 31 6 
54 53 51 257 5 6 31 6 
478 51 257 5 6 31 6 
478 51 257 5 6 31 6 
54 53 51 257 5 6 31 6 
54 53 51 257 5 6 31 6 
54 53 51 257 5 6 31 6 
478 54 51 257 5 6 31 6 
54 53 51 257 5 6 31 6 
54 53 51 257 5 6 31 6 
54 53 51 257 5 6 31 6 
54 53 51 257 5 6 31 6 
54 53 51 257 5 6 31 6 
54 53 51 257 5 6 31 6 
478 51 257 313 78 5 6 31 6 
54 53 51 257 5 6 31 6 
54 53 51 257 5 6 31 6 
54 53 51 257 5 6 31 6 
54 53 51 257 5 6 31 6 
54 53 51 257 5 6 31 6 
54 53 51 257 5 6 31 6 
54 53 51 257 5 6 31 6 
54 53 51 257 5 6 31 6 
54 53 51 257 5 6 31 6 
54 53 51 257 5 6 31 6 
54 53 51 257 5 6 31 6 
54 53 51 257 5 6 31 6 
54 53 51 257 5 6 31 6 
54 53 51 257 5 6 31 6 
54 53 51 257 5 6 31 6 
478 53 54 51 257 5 62 6 63 6 
54 53 51 257 5 62 6 63 6 
54 53 51 257 5 62 6 63 6 
54 53 51 257 5 62 6 63 6 
54 53 51 257 5 62 6 63 6 
54 53 51 257 5 62 6 63 6 
54 53 51 257 5 62 6 63 6 
54 53 51 257 5 62 6 63 6 
478 51 257 5 62 6 63 6 
478 53 54 51 257 5 62 6 63 6 
478 1 53 54 15 51 401 257 616 5 62 6 63 6 
54 53 51 257 5 62 6 63 6 
54 53 51 257 5 62 6 63 6 
54 53 51 257 5 62 6 63 6 
54 53 51 257 5 62 6 63 6 
54 53 51 257 5 62 6 63 6 
54 53 51 257 5 62 6 63 6 
54 53 51 257 5 62 6 63 6 
54 53 51 257 5 62 6 63 6 
54 53 51 257 5 62 6 63 6 
54 53 51 257 313 78 5 62 6 63 6 
54 53 51 257 5 62 6 21 63 24 6 
478 53 54 51 257 611 5 62 6 63 6 
54 53 51 257 5 62 6 63 243 6 
54 53 51 257 5 62 6 63 243 6 
1 54 53 15 51 401 257 616 5 62 6 63 6 
54 53 51 257 5 62 6 63 6 
54 53 51 257 5 62 6 63 6 
54 53 51 257 5 62 6 63 6 
451 51 257 313 78 5 6 21 68 24 6 
451 51 257 313 78 5 6 21 68 24 6 
451 51 257 313 78 5 6 21 68 24 6 
451 51 257 313 78 5 6 21 68 24 6 
314 451 51 257 313 78 5 6 21 68 24 6 
451 51 257 313 78 5 6 21 68 24 6 
451 51 257 313 78 5 6 21 68 24 6 
451 51 257 313 78 5 6 21 68 24 6 
451 51 257 313 78 5 6 21 68 24 6 
451 51 257 313 78 5 6 21 68 24 6 
451 51 257 313 78 5 6 21 68 24 6 
451 51 257 313 78 5 6 21 68 24 6 
451 51 257 313 78 5 6 21 68 24 6 
451 51 257 313 78 5 6 21 68 24 6 
451 51 257 313 78 5 6 21 68 24 6 
451 51 257 313 78 5 6 21 68 24 6 
451 51 257 313 78 5 6 21 68 24 6 
451 51 257 313 78 5 6 21 68 24 6 
451 51 257 313 78 5 6 21 68 24 6 
451 51 257 313 78 5 6 21 68 24 6 
451 51 257 313 78 5 6 21 68 24 6 
451 51 257 313 78 5 6 21 68 24 6 
451 51 257 313 78 5 6 21 68 24 6 
451 51 257 313 78 5 6 21 68 24 6 
451 51 257 313 78 5 6 21 68 24 6 
451 51 257 313 78 5 6 21 68 24 6 
451 51 257 313 78 5 6 21 68 24 6 
451 51 257 313 78 5 6 21 68 24 6 
451 51 257 313 78 5 6 21 68 24 6 
451 51 257 313 78 5 6 21 68 24 6 
451 51 257 313 78 5 6 21 68 24 6 
451 51 257 313 78 5 6 21 68 24 6 
451 51 257 313 78 5 6 21 68 24 6 
451 51 257 313 78 5 6 21 68 24 6 
451 51 257 313 78 5 6 21 68 24 6 
451 51 257 313 78 5 6 21 68 24 6 
451 51 257 313 78 5 6 21 68 24 6 
451 51 257 313 78 5 6 21 68 24 6 
451 51 257 313 78 5 6 21 68 24 6 
451 51 257 313 78 5 6 21 68 24 6 
451 51 257 313 78 5 6 21 68 24 6 
451 51 257 313 78 5 6 21 68 24 6 
451 51 257 313 78 5 6 21 68 24 6 
451 51 257 313 78 5 6 21 68 24 6 
451 51 257 313 78 5 6 21 68 24 6 
451 51 257 313 78 5 6 21 68 24 6 
451 51 257 313 78 5 6 21 68 24 6 
451 51 257 313 78 5 6 21 68 24 6 
451 51 257 313 78 5 6 21 68 24 6 
451 51 257 313 78 5 6 21 68 24 6 
451 51 257 313 78 5 6 21 68 24 6 
451 51 257 313 78 5 6 21 68 24 6 
451 51 257 313 78 5 6 21 68 24 6 
451 51 257 313 78 5 6 21 68 24 6 
451 51 257 313 78 5 6 21 68 24 6 
451 51 257 313 78 5 6 21 68 24 6 
451 51 257 313 78 5 6 21 68 24 6 
451 51 257 313 78 5 6 21 68 24 6 
451 51 257 313 78 5 6 21 68 24 6 
451 51 257 313 78 5 6 21 68 24 6 
451 51 257 313 78 5 6 21 68 24 6 
451 51 257 313 78 5 6 21 68 24 6 
451 51 257 313 78 5 6 21 68 24 6 
451 51 257 313 78 5 6 21 68 24 6 
451 51 257 313 78 5 6 21 68 24 6 
451 51 257 313 78 5 6 21 68 24 6 
451 51 257 313 78 5 6 21 68 24 6 
451 51 257 313 78 5 6 21 68 24 6 
451 51 257 313 78 5 6 21 68 24 6 
451 51 257 313 78 5 6 21 68 24 6 
451 51 257 313 78 5 6 21 68 24 6 
451 51 257 313 78 5 6 21 68 24 6 
451 51 257 313 78 5 6 21 68 24 6 
478 53 54 51 257 5 62 6 63 6 
54 53 51 257 5 6 21 37 24 6 
54 53 51 257 5 62 6 159 63 36 130 6 
54 53 51 257 5 6 6 
314 51 257 313 78 5 6 6 
314 51 257 313 78 5 6 6 
54 53 51 257 5 6 6 
54 53 51 257 5 6 6 
54 53 51 257 5 6 6 
54 53 51 257 5 6 6 
54 53 51 257 5 6 6 
54 53 51 257 5 6 6 
54 53 51 257 5 6 6 
54 53 51 257 5 6 6 
54 53 51 257 5 6 6 
54 53 51 257 5 6 6 
54 53 51 257 5 6 6 
54 53 51 257 5 6 6 
54 53 51 257 5 6 6 
54 53 51 257 5 6 6 
54 53 51 257 5 6 6 
54 53 51 257 5 6 6 
54 53 51 257 5 6 6 
54 53 51 257 5 6 6 
54 53 51 257 5 6 6 
54 53 51 257 611 5 6 6 
54 53 51 257 5 6 6 
54 53 51 257 5 6 6 
54 53 51 257 5 6 6 
1 54 53 51 257 5 6 6 
54 53 51 257 5 62 6 63 6 
314 51 257 313 78 5 6 6 
478 53 54 51 257 5 6 9 6 
54 53 51 257 5 6 9 6 
54 53 51 257 5 6 9 6 
54 53 51 257 5 6 9 6 
478 51 257 5 6 9 6 
478 51 257 5 6 9 6 
478 51 257 313 78 5 6 9 6 
54 53 51 257 5 6 9 6 
54 53 51 257 5 6 9 6 
54 53 51 257 5 6 9 6 
54 53 51 257 5 6 9 6 
54 53 51 257 5 6 9 6 
54 53 51 257 5 6 9 6 
478 51 257 5 6 9 6 
54 53 51 257 5 6 9 6 
54 190 53 51 257 191 192 5 6 9 6 
478 51 257 5 6 9 6 
54 53 51 257 5 6 9 6 
478 51 257 145 42 5 6 9 6 
478 51 257 5 6 9 6 
54 53 51 257 5 6 9 6 
54 53 51 257 5 6 9 6 
54 53 51 257 5 6 9 6 
54 53 51 257 5 6 9 6 
478 51 257 313 78 5 6 21 31 68 24 6 
478 51 257 313 78 5 6 21 31 68 24 6 
54 53 51 257 313 78 5 6 31 6 
54 53 51 257 5 6 31 6 
54 53 51 257 5 6 31 6 
54 53 51 257 5 6 31 6 
54 53 51 257 5 6 31 6 
54 53 51 257 5 6 31 6 
54 53 51 257 5 6 31 6 
54 53 51 257 5 6 31 6 
54 53 51 257 5 6 31 6 
54 53 51 257 5 6 31 6 
54 53 51 257 5 6 31 6 
54 53 51 257 5 6 31 6 
478 51 257 5 6 31 6 
54 53 51 257 5 6 31 6 
54 53 51 257 5 6 31 6 
54 53 51 257 5 6 31 6 
478 51 257 5 6 31 6 
54 53 51 257 5 6 31 6 
478 51 257 5 6 31 6 
54 53 51 257 5 6 31 6 
478 51 257 5 6 31 6 
54 53 51 257 5 6 31 6 
478 51 257 5 6 31 6 
54 53 51 257 5 6 31 6 
478 51 257 5 6 31 6 
54 53 51 257 5 6 31 6 
54 53 51 257 5 6 31 6 
54 53 51 257 5 6 31 6 
54 53 51 257 5 6 31 6 
54 53 51 257 5 6 31 6 
54 53 51 257 5 6 31 6 
54 53 51 257 5 6 31 6 
54 53 51 257 5 6 31 6 
478 51 257 5 6 31 6 
54 53 51 257 5 6 31 6 
54 53 51 257 5 6 31 6 
54 53 51 257 5 6 31 6 
54 53 51 257 5 6 31 6 
54 53 51 257 5 6 31 6 
478 51 257 5 6 31 6 
54 53 51 257 5 6 31 6 
478 51 257 5 6 31 6 
54 53 51 257 5 6 31 6 
54 53 51 257 5 6 31 6 
478 51 257 5 6 31 6 
54 53 51 257 5 6 31 6 
54 53 51 257 5 6 31 6 
54 53 51 257 5 6 31 6 
478 51 257 5 6 31 6 
478 51 257 5 6 31 6 
54 53 51 257 5 6 31 6 
54 53 51 257 5 6 31 6 
478 51 257 5 6 31 6 
478 51 257 5 6 31 6 
54 53 51 257 540 78 5 6 31 6 
54 53 51 257 5 6 31 6 
478 53 54 51 257 5 6 31 6 
54 53 51 257 5 6 31 6 
54 53 51 257 5 6 31 6 
54 53 51 257 5 6 31 6 
54 53 51 257 5 6 31 6 
54 53 51 257 5 6 31 6 
54 53 51 257 5 6 31 6 
54 53 51 257 5 6 31 6 
54 53 51 257 5 6 31 6 
478 51 257 5 6 31 6 
54 53 51 257 5 62 6 63 6 
1 51 257 2 313 78 5 6 6 
478 53 54 51 257 5 6 6 
478 53 54 51 257 5 6 6 
54 53 51 257 5 6 6 
51 257 313 78 5 6 6 
314 51 257 313 78 5 6 87 6 
54 53 51 257 5 62 6 63 6 
54 53 51 257 5 62 6 63 6 
1 54 53 15 51 257 5 62 6 63 6 
54 53 51 257 5 62 6 63 6 
54 53 51 257 5 62 6 63 6 
54 53 51 257 5 6 61 6 
54 53 51 257 5 27 28 6 21 232 8 6 
54 53 51 257 5 6 21 6 
54 53 51 257 5 6 21 6 
1 442 54 53 15 51 257 401 5 62 6 63 6 
54 53 51 257 5 62 6 63 6 
478 51 257 5 62 6 63 6 
54 53 51 257 5 62 6 63 6 
54 53 51 257 5 6 6 
54 53 51 257 5 6 6 
54 53 51 257 5 6 6 
314 51 257 313 78 5 6 518 6 
478 51 257 5 62 6 63 64 6 
54 53 51 257 5 62 6 63 6 
40 54 53 51 257 41 42 5 6 6 
54 53 51 257 5 6 6 
54 53 51 257 5 6 31 6 
478 51 257 5 62 6 63 6 
54 53 51 257 5 62 6 63 6 
54 53 51 257 5 62 6 63 6 
54 53 51 257 5 62 6 63 6 
314 51 257 313 78 5 6 6 
478 51 257 5 62 6 63 6 
314 51 257 313 78 5 6 6 
451 51 257 313 78 5 6 6 
54 53 51 257 5 6 6 
54 53 51 257 5 6 21 6 
54 53 51 257 5 6 21 6 
54 53 51 257 5 62 6 63 6 
54 53 51 257 5 62 6 63 6 
54 53 51 257 5 62 6 63 6 
54 53 51 257 5 62 6 63 6 
314 51 257 313 78 5 6 6 
452 51 257 313 78 5 6 6 
451 51 257 313 78 5 6 6 
452 51 257 313 78 5 6 6 
451 51 257 313 78 5 6 6 
451 51 257 313 78 5 6 6 
451 51 257 313 78 5 6 6 
451 51 257 313 78 5 6 6 
451 51 257 313 78 5 6 6 
451 51 257 313 78 5 6 6 
451 51 257 313 78 5 6 6 
451 51 257 313 78 5 6 6 
451 51 257 313 78 5 6 6 
451 51 257 313 78 5 6 6 
452 51 257 313 78 5 6 6 
451 51 257 313 78 5 6 6 
451 51 257 313 78 5 6 6 
451 51 257 313 78 5 6 6 
451 51 257 313 78 5 6 6 
451 51 257 313 78 5 6 6 
451 51 257 313 78 5 6 6 
451 51 257 313 78 5 6 6 
451 51 257 313 78 5 6 6 
451 51 257 313 78 5 6 6 
451 51 257 313 78 5 6 6 
451 51 257 313 78 5 6 6 
451 51 257 313 78 5 6 6 
451 51 257 313 78 5 6 6 
451 51 257 313 78 5 6 6 
451 51 257 313 78 5 6 6 
451 51 257 313 78 5 6 6 
451 51 257 313 78 5 6 6 
451 51 257 313 78 5 6 6 
451 51 257 313 78 5 6 6 
451 51 257 313 78 5 6 6 
451 51 257 313 78 5 6 6 
51 257 313 78 5 6 6 
451 51 257 313 78 5 6 6 
451 51 257 313 78 5 6 6 
452 51 257 313 78 5 6 6 
451 51 257 313 78 5 6 6 
451 51 257 313 78 5 6 6 
452 451 51 257 313 78 5 6 6 
451 51 257 313 78 5 6 6 
54 53 51 257 5 27 28 6 21 617 6 
54 53 51 257 5 6 21 22 99 362 6 
451 51 257 313 78 5 6 87 6 
54 53 51 257 5 6 31 8 6 
54 53 51 257 5 6 61 6 
54 53 51 257 5 6 31 6 
54 53 51 257 5 6 31 6 
54 53 51 257 5 6 6 
54 53 51 257 5 6 6 
54 53 51 257 5 6 6 
54 53 51 257 5 6 6 
1 54 53 15 51 257 400 401 5 6 21 22 68 24 6 
314 51 257 313 78 5 6 6 
51 257 313 78 5 6 6 
451 51 257 313 78 5 6 6 
54 53 51 257 5 6 21 22 68 24 6 
54 53 51 257 5 6 9 6 
54 53 51 257 5 6 6 
451 51 257 313 78 83 5 6 6 
51 257 313 78 5 6 31 6 
452 51 257 313 78 5 6 21 68 24 6 
452 51 257 313 78 5 6 21 68 24 6 
452 51 257 313 78 5 6 21 68 24 6 
314 51 257 313 78 5 6 21 68 24 6 
452 51 257 313 78 5 6 21 68 24 6 
452 51 257 313 78 5 6 21 68 24 6 
452 451 51 257 313 78 5 6 21 68 24 6 
54 53 51 257 42 610 5 6 21 31 68 24 6 
54 53 51 257 313 78 5 6 21 31 68 24 6 
51 257 313 78 5 6 6 
51 257 313 78 5 6 6 
51 257 313 78 5 6 6 
51 257 313 78 5 6 6 
54 51 257 313 78 222 192 5 6 6 
51 257 313 78 5 6 6 
51 257 313 78 5 6 6 
51 257 313 78 5 6 6 
51 257 313 78 5 6 6 
51 257 313 78 5 6 6 
51 257 313 78 5 6 6 
51 257 313 78 5 6 6 
51 257 313 78 5 6 6 
452 51 257 313 78 5 6 6 
51 257 313 78 5 6 6 
51 257 313 78 5 6 6 
51 257 313 78 5 6 6 
51 257 313 78 5 6 6 
51 257 313 78 5 6 6 
51 257 313 78 5 6 6 
51 257 313 78 5 6 6 
1 442 15 51 257 401 313 78 5 6 6 
51 257 313 78 5 6 6 
51 257 313 78 5 6 6 
451 51 257 313 78 5 6 6 
51 257 313 78 5 6 6 
51 257 313 78 5 6 6 
51 257 313 78 5 6 6 
54 53 51 257 313 78 5 6 6 
51 257 313 78 5 62 6 63 6 
54 53 51 257 5 6 8 6 
54 53 51 257 5 6 6 
314 51 257 313 78 5 6 6 
54 53 51 257 313 78 5 6 6 
54 53 51 257 5 6 6 
54 53 51 257 5 6 6 
478 51 257 5 6 6 
54 53 51 257 5 6 6 
51 257 313 78 5 6 518 6 
1 54 53 51 257 5 6 21 22 24 6 
54 53 51 257 5 6 21 22 24 6 
478 51 257 5 6 21 22 24 6 
51 257 313 78 5 6 518 6 
51 257 313 78 5 6 518 6 
54 53 51 257 5 6 21 63 64 68 24 6 
51 257 313 78 5 6 518 6 
51 257 313 78 5 6 518 6 
51 257 313 78 5 6 518 6 
51 257 313 78 5 6 518 6 
51 257 313 78 5 6 518 6 
452 51 257 313 78 5 6 518 6 
478 51 257 5 6 9 6 
54 53 51 257 5 6 9 6 
54 53 51 257 5 6 9 6 
478 51 257 5 6 9 6 
1 54 53 15 51 257 541 43 5 6 9 6 
478 51 257 5 6 9 6 
54 53 51 257 5 6 9 6 
54 53 51 257 5 6 9 6 
54 53 51 257 5 6 9 6 
54 53 51 257 5 6 9 6 
451 51 257 313 78 5 6 518 6 
452 51 257 313 78 5 6 518 6 
51 257 313 78 5 6 21 68 24 518 6 
51 257 313 78 5 6 61 518 6 
51 257 313 78 5 6 61 518 6 
451 51 257 313 78 5 6 8 6 
314 51 257 313 78 5 6 6 
51 257 313 78 5 6 6 
51 257 313 78 5 6 6 
51 257 313 78 5 6 6 
51 257 313 78 5 6 6 
51 257 313 78 5 6 6 
51 257 313 78 5 6 6 
51 257 313 78 5 6 6 
51 257 313 78 5 6 6 
51 257 313 78 5 6 6 
51 257 313 78 5 6 6 
51 257 313 78 5 6 6 
51 257 313 78 5 6 6 
314 51 257 313 78 5 6 6 
51 257 313 78 5 6 6 
51 257 313 78 5 6 6 
51 257 313 78 5 6 6 
51 257 313 78 5 6 6 
51 257 313 78 5 6 6 
51 257 313 78 5 6 6 
51 257 313 78 5 6 6 
51 257 313 78 5 6 6 
51 257 313 78 5 6 6 
51 257 313 78 5 6 6 
51 257 313 78 5 6 6 
51 257 313 78 5 6 6 
51 257 313 78 5 6 6 
51 257 313 78 5 6 6 
51 257 313 78 5 6 6 
51 257 313 78 5 6 6 
51 257 313 78 5 6 6 
51 257 313 78 5 6 6 
54 51 257 313 78 222 192 5 6 6 
1 15 51 257 313 78 5 6 6 
51 257 313 78 5 6 6 
51 257 313 78 5 6 6 
51 257 313 78 5 6 6 
51 257 313 78 5 6 6 
51 257 313 78 5 6 6 
51 257 313 78 5 6 6 
51 257 313 78 5 6 6 
51 257 313 78 5 6 6 
51 257 313 78 5 6 6 
314 51 257 313 78 5 6 518 6 
51 257 313 78 5 6 518 6 
314 51 257 313 78 5 6 518 6 
314 51 257 313 78 5 6 518 6 
314 51 257 313 78 5 6 518 6 
314 51 257 313 78 5 6 61 6 
314 51 257 313 78 5 6 6 
54 53 51 257 5 6 6 
54 53 51 257 611 5 6 6 
54 53 51 257 5 6 6 
54 53 51 257 5 6 6 
314 51 257 313 78 5 6 518 6 
54 53 51 257 5 62 6 63 6 
54 53 51 257 5 62 6 63 6 
1 54 53 15 51 257 400 401 5 27 28 6 21 6 
54 53 51 257 5 6 6 
54 53 51 257 5 6 6 
54 53 51 257 5 6 6 
54 53 51 257 5 6 6 
54 53 51 257 5 6 6 
54 53 51 257 5 6 6 
54 53 51 257 313 78 5 6 6 
478 53 54 51 257 5 6 6 
54 53 51 257 5 62 6 63 6 
54 53 51 257 5 62 6 63 6 
1 54 53 15 51 257 5 62 6 63 6 
54 53 51 257 5 62 6 63 6 
54 53 51 257 5 62 6 63 6 
54 53 51 257 5 6 6 
54 53 51 257 5 6 6 
54 53 51 257 5 6 21 22 6 
54 53 51 257 5 62 6 63 6 
54 53 51 257 5 62 6 63 6 
51 257 313 78 5 62 6 31 63 6 
54 53 51 257 5 48 62 6 63 6 
54 53 51 257 5 48 62 6 63 6 
54 53 51 257 5 48 62 6 63 6 
54 53 51 257 5 62 6 63 64 6 
54 53 51 257 5 62 6 63 6 
54 53 51 257 5 6 61 6 
54 53 51 257 38 39 5 6 61 6 
54 53 51 257 5 62 6 63 6 
54 53 51 257 5 62 6 63 6 
478 51 257 5 6 482 6 
1 54 53 15 51 257 400 401 5 6 6 
1 54 53 15 51 257 400 401 5 6 6 
54 53 51 257 5 6 6 
54 53 51 257 5 6 6 
54 53 51 257 5 6 6 
478 51 257 5 6 6 
54 53 51 257 5 6 6 
54 53 51 257 5 6 6 
54 53 51 257 5 6 6 
54 53 51 257 5 6 6 
54 53 51 257 5 6 6 
478 51 257 5 6 6 
54 53 51 257 5 6 6 
478 51 257 5 6 6 
478 51 257 5 6 6 
478 51 257 5 6 6 
478 51 257 5 6 6 
478 51 257 5 6 6 
54 53 51 257 5 6 6 
54 53 51 257 5 6 6 
54 53 51 257 5 6 6 
54 53 51 257 5 6 6 
54 53 51 257 5 6 6 
478 51 257 5 6 6 
54 53 51 257 5 6 6 
54 53 51 257 5 6 6 
54 53 51 257 5 6 6 
54 53 51 257 313 78 5 62 6 63 6 
54 53 51 257 5 6 6 
54 53 51 257 5 62 6 63 6 
54 53 51 257 5 62 6 63 6 
54 53 51 257 5 62 6 63 6 
54 53 51 257 5 62 6 63 6 
54 53 51 257 222 192 5 6 31 6 
54 53 51 257 5 6 31 6 
54 53 51 257 5 6 31 6 
54 53 51 257 5 6 31 6 
1 54 53 51 257 5 6 31 6 
1 54 53 51 257 5 6 31 6 
54 53 51 257 5 6 31 6 
54 53 51 257 5 6 31 6 
478 53 54 51 257 5 6 31 6 
54 53 51 257 5 6 31 6 
54 53 51 257 5 6 31 6 
54 53 51 257 5 6 31 6 
54 53 51 257 5 6 31 6 
54 53 51 257 5 6 31 6 
54 53 51 257 5 6 31 6 
54 53 51 257 5 6 31 6 
54 53 51 257 5 6 31 6 
54 53 51 257 5 6 31 6 
54 53 51 257 5 6 31 6 
54 53 51 257 5 6 31 6 
54 53 51 257 5 6 31 6 
54 53 51 257 5 6 31 6 
54 53 51 257 5 6 31 6 
54 53 51 257 5 6 31 6 
54 53 51 257 5 6 31 6 
54 53 51 257 5 6 31 6 
54 53 51 257 5 6 31 6 
478 53 54 51 257 5 6 31 6 
54 53 51 257 5 6 31 6 
54 53 51 257 5 6 31 6 
54 53 51 257 5 6 31 6 
54 53 51 257 5 6 31 6 
54 53 51 257 5 6 31 6 
54 53 51 257 5 6 31 6 
54 53 51 257 5 6 31 6 
54 53 51 257 5 6 31 6 
54 53 51 257 5 6 31 6 
54 53 51 257 5 6 31 6 
54 53 51 257 5 6 31 6 
478 53 54 51 257 5 6 31 6 
54 53 51 257 5 6 31 6 
478 53 54 51 257 5 6 31 6 
54 53 51 257 5 6 31 6 
54 53 51 257 5 6 31 6 
54 53 51 257 5 6 31 6 
54 53 51 257 5 6 31 6 
54 53 51 257 5 6 31 6 
54 53 51 257 5 6 31 6 
54 53 51 257 5 6 31 6 
54 53 51 257 5 6 31 6 
54 53 51 257 5 6 31 6 
54 53 51 257 5 6 31 6 
54 53 51 257 5 6 31 6 
54 53 51 257 5 6 31 6 
1 54 53 15 51 257 43 5 6 31 6 
54 53 51 257 5 6 31 6 
54 53 51 257 5 6 31 6 
54 53 51 257 5 6 31 6 
54 53 51 257 5 6 31 6 
54 53 51 257 5 6 31 6 
54 53 51 257 5 6 31 6 
54 53 51 257 611 5 6 31 6 
54 53 51 257 5 6 31 6 
54 53 51 257 5 6 31 6 
54 53 51 257 5 6 31 6 
54 53 51 257 5 6 31 6 
54 53 51 257 5 6 31 6 
54 53 51 257 5 6 31 6 
54 53 51 257 5 6 31 6 
54 53 51 257 5 6 31 6 
54 53 51 257 5 6 31 6 
54 53 51 257 313 78 5 6 31 6 
478 51 257 5 6 31 6 
54 53 51 257 5 6 31 6 
54 53 51 257 5 6 31 6 
54 53 51 257 5 6 31 6 
54 53 51 257 5 6 31 6 
54 53 51 257 5 6 31 6 
54 53 51 257 5 6 31 6 
54 53 51 257 5 6 31 6 
54 53 51 257 5 6 31 6 
54 53 51 257 453 223 5 6 31 6 
54 53 51 257 5 6 31 6 
54 53 51 257 5 6 31 6 
54 53 51 257 5 6 31 6 
54 53 51 257 5 62 6 63 6 
54 53 51 257 5 62 6 63 6 
54 53 51 257 5 6 61 6 
54 53 51 257 5 62 6 63 6 
54 53 51 257 5 6 21 31 68 24 6 
54 53 190 51 257 479 192 5 6 21 31 68 24 6 
54 53 51 257 5 6 21 31 68 24 6 
54 53 51 257 5 6 21 31 68 24 6 
54 53 51 257 5 6 21 31 68 24 6 
54 53 51 257 5 6 6 
54 53 51 257 5 6 6 
54 53 51 257 5 6 6 
54 53 51 257 5 6 6 
54 53 51 257 5 6 6 
478 51 257 5 6 6 
54 53 51 257 5 6 6 
478 51 257 313 78 5 6 6 
51 257 313 78 5 6 518 6 
54 53 51 257 5 62 6 63 6 
54 53 51 257 5 62 6 63 6 
54 53 51 257 5 62 6 63 6 
54 53 51 257 5 27 28 6 21 6 
478 51 257 5 6 31 6 
54 53 51 257 5 62 6 63 6 
54 53 51 257 5 62 6 63 6 
452 51 257 313 78 5 6 87 6 
54 53 51 257 5 62 6 63 6 
451 51 257 313 78 5 6 87 6 
54 53 51 257 5 91 6 92 61 6 
478 51 257 5 6 31 9 6 
314 51 257 313 78 5 6 8 35 6 
314 51 257 313 78 5 6 518 6 
74 51 257 77 313 78 5 6 31 6 
54 53 51 257 5 6 21 24 6 
314 51 257 313 78 5 6 518 6 
54 53 51 257 5 6 31 6 
54 53 51 257 5 62 6 63 6 
54 53 51 257 465 5 6 31 6 
54 53 51 257 78 5 6 31 6 
54 53 51 257 5 6 61 6 
54 51 257 313 78 222 192 5 6 36 6 
1 15 51 257 313 78 5 6 36 6 
1 54 53 51 257 5 6 6 
53 54 51 257 313 78 5 6 21 22 24 6 
54 51 257 313 441 78 192 5 6 21 22 24 6 
54 53 51 257 5 6 8 6 
54 53 51 257 5 6 21 31 68 24 6 
478 51 257 313 78 5 6 6 
478 51 257 313 78 5 6 6 
478 51 257 313 78 5 6 6 
54 53 51 257 313 78 5 6 6 
478 51 257 5 6 6 
478 51 257 313 78 5 6 6 
54 53 51 257 5 6 6 
478 51 257 313 78 5 6 6 
54 53 51 257 313 78 5 6 6 
54 53 51 257 313 78 5 6 6 
54 53 51 257 313 78 5 6 6 
478 51 257 313 78 5 6 6 
54 53 51 257 313 78 5 6 6 
54 53 51 257 313 78 5 6 6 
54 53 51 257 313 78 5 6 6 
54 53 51 257 5 6 6 
54 53 51 257 313 78 5 6 6 
478 51 257 313 78 5 6 6 
478 51 257 313 78 5 6 6 
478 51 257 313 78 5 6 6 
478 51 257 5 6 6 
54 53 51 257 465 5 6 6 
478 51 257 5 6 6 
54 53 51 257 5 6 6 
54 53 51 257 5 62 6 63 6 
54 53 51 257 5 62 6 63 6 
54 53 51 257 5 62 6 63 6 
54 53 51 257 5 62 6 63 6 
54 53 51 257 5 62 6 63 6 
54 53 51 257 5 62 6 63 6 
478 51 257 5 62 6 63 6 
54 53 51 257 5 62 6 63 6 
54 53 51 257 5 62 6 63 6 
54 53 51 257 5 62 6 63 6 
478 51 257 5 62 6 63 6 
478 51 257 5 62 6 63 6 
54 53 51 257 5 6 61 6 
314 51 257 313 78 5 6 518 6 
54 53 51 257 313 78 5 6 31 6 
478 51 257 5 6 31 6 
478 51 257 5 6 31 6 
54 53 51 257 5 6 31 6 
54 53 51 257 611 5 6 31 6 
478 51 257 5 6 31 6 
54 53 51 257 313 78 5 6 31 6 
478 53 54 51 257 5 6 31 6 
54 53 51 257 5 6 31 6 
314 51 257 313 78 5 6 21 22 68 24 6 
314 51 257 313 78 5 6 21 22 68 24 6 
54 53 51 257 5 6 6 
54 53 51 257 5 6 6 
54 53 51 257 5 6 6 
54 53 51 257 5 6 6 
54 53 51 257 5 6 8 61 6 
54 53 51 257 313 78 5 6 8 61 6 
54 53 51 257 5 6 8 61 6 
478 51 257 5 6 8 61 6 
1 54 53 15 51 257 400 401 5 6 21 22 24 6 
1 54 53 15 51 257 400 401 5 6 21 22 24 6 
51 257 313 78 5 6 6 
314 51 257 313 78 5 133 6 21 22 68 24 6 
54 53 51 257 611 5 27 28 6 21 617 6 
314 51 257 313 78 5 6 6 
54 53 51 257 5 62 6 63 6 
54 53 51 257 5 62 6 63 6 
51 257 313 78 5 6 6 
1 54 53 15 51 257 16 5 6 518 6 
54 53 51 257 5 62 6 63 6 
54 53 51 257 5 6 6 
54 53 51 257 5 6 6 
54 53 51 257 5 6 6 
478 74 51 257 77 78 5 6 6 
54 53 51 257 95 96 5 6 6 
314 51 257 313 78 5 6 6 
314 51 257 313 78 5 6 518 6 
478 53 54 51 257 91 5 6 92 6 
51 257 313 78 5 6 518 6 
54 53 51 257 5 6 6 
54 53 51 257 5 6 6 
54 53 51 257 5 6 6 
1 15 51 257 313 78 5 6 518 6 
1 15 51 257 313 78 5 6 518 6 
51 257 313 78 5 6 518 6 
51 257 313 78 5 6 518 6 
51 257 313 78 5 6 518 6 
51 257 313 78 5 6 518 6 
51 257 313 78 5 6 518 6 
51 257 313 78 5 6 518 6 
51 257 313 78 5 6 518 6 
51 257 313 78 5 6 518 6 
51 257 313 78 5 6 518 6 
51 257 313 78 5 6 518 6 
51 257 313 78 5 6 518 6 
51 257 313 78 5 6 518 6 
51 257 313 78 5 6 518 6 
51 257 313 78 5 6 518 6 
51 257 313 78 5 6 518 6 
51 257 313 78 5 6 518 6 
51 257 313 78 5 6 518 6 
51 257 313 78 5 6 518 6 
51 257 313 78 5 6 518 6 
51 257 313 78 5 6 518 6 
51 257 313 78 5 6 518 6 
51 257 313 78 5 6 6 
51 257 313 78 5 6 6 
51 257 313 78 5 6 6 
51 257 313 78 5 6 6 
51 257 313 78 5 6 6 
478 54 51 257 192 5 6 21 24 6 
1 478 15 51 257 43 5 521 6 6 
51 257 313 78 5 6 6 
54 53 51 257 5 6 6 
51 257 313 78 5 6 518 6 
54 53 51 257 5 6 61 6 
314 51 257 313 78 5 6 518 6 
54 53 51 257 5 6 61 6 
478 51 257 5 6 6 
54 53 51 257 5 6 6 
314 51 257 313 78 5 6 6 
74 51 257 77 313 78 5 6 8 6 
51 257 313 78 5 6 518 6 
54 53 51 257 5 6 6 
54 53 51 257 5 6 6 
51 257 313 78 5 6 31 6 
314 51 257 313 78 5 6 6 
314 51 257 313 78 5 6 6 
314 51 257 313 78 5 6 6 
478 53 54 51 257 5 6 6 
478 51 257 5 6 6 
54 53 51 257 5 6 6 
478 51 257 5 6 6 
54 53 51 257 5 6 6 
478 51 257 5 6 6 
478 51 257 5 6 6 
478 51 257 5 6 6 
54 53 51 257 38 39 5 6 6 
478 51 257 5 6 6 
478 51 257 5 6 6 
54 53 51 257 38 39 5 6 6 
478 54 53 51 257 5 6 6 
478 51 257 5 6 6 
478 51 257 5 6 6 
54 53 51 257 540 78 5 6 6 
54 53 51 257 5 6 6 
478 51 257 38 39 5 6 6 
478 51 257 5 6 6 
478 51 257 5 6 6 
54 53 51 257 5 6 6 
478 51 257 5 6 6 
478 51 257 5 6 6 
314 51 257 313 78 5 6 6 
51 257 313 78 5 6 518 6 
51 257 313 78 5 6 518 6 
314 51 257 313 78 5 6 31 6 
314 51 257 313 78 5 6 31 6 
54 53 51 257 5 6 36 6 
314 51 257 313 78 5 6 518 6 
314 51 257 313 78 5 6 518 6 
314 51 257 313 78 5 6 518 6 
51 257 313 78 5 6 518 6 
51 257 313 78 5 6 518 6 
314 51 257 313 78 5 6 518 6 
314 51 257 313 78 5 6 518 6 
314 51 257 313 78 5 6 518 6 
51 257 313 78 5 6 518 6 
51 257 313 78 5 6 518 6 
314 51 257 313 78 5 6 518 6 
314 51 257 313 78 5 6 518 6 
314 51 257 313 78 5 6 518 6 
314 51 257 313 78 5 6 518 6 
314 51 257 313 78 5 6 518 6 
314 51 257 313 78 5 6 518 6 
314 51 257 313 78 5 6 518 6 
314 51 257 313 78 5 6 518 6 
314 51 257 313 78 5 6 518 6 
314 51 257 313 78 5 6 518 6 
51 257 313 78 5 6 518 6 
314 51 257 313 78 5 6 518 6 
51 257 313 78 5 6 518 6 
51 257 313 78 5 6 518 6 
314 51 257 313 78 5 6 518 6 
314 51 257 313 78 5 6 518 6 
314 51 257 313 78 5 6 518 6 
51 257 313 78 5 6 518 6 
314 51 257 313 78 5 6 518 6 
314 51 257 313 78 5 6 518 6 
314 51 257 313 78 5 6 518 6 
314 51 257 313 78 5 6 518 6 
51 257 313 78 5 6 518 6 
51 257 313 78 5 6 518 6 
51 257 313 78 5 6 518 6 
51 257 313 78 5 6 518 6 
51 257 313 78 5 6 518 6 
314 51 257 313 78 5 6 518 6 
314 51 257 313 78 5 6 518 6 
452 51 257 313 78 5 6 518 6 
51 257 313 78 5 6 518 6 
51 257 313 78 5 6 518 6 
51 257 313 78 5 6 518 6 
51 257 313 78 5 6 518 6 
51 257 313 78 5 6 518 6 
51 257 313 78 5 6 518 6 
51 257 313 78 5 6 518 6 
51 257 313 78 5 6 518 6 
51 257 313 78 5 6 518 6 
51 257 313 78 5 6 518 6 
314 51 257 313 78 5 6 518 6 
51 257 313 78 5 6 518 6 
51 257 313 78 5 6 518 6 
51 257 313 78 5 6 518 6 
51 257 313 78 5 6 518 6 
51 257 313 78 5 6 518 6 
51 257 313 78 5 6 518 6 
51 257 313 78 5 6 518 6 
51 257 313 78 5 6 518 6 
51 257 313 78 5 6 518 6 
51 257 313 78 5 6 518 6 
51 257 313 78 5 6 518 6 
51 257 313 78 5 6 518 6 
51 257 313 78 5 6 518 6 
51 257 313 78 5 6 518 6 
51 257 313 78 5 6 518 6 
51 257 313 78 5 6 518 6 
51 257 313 78 5 6 518 6 
51 257 313 78 5 6 518 6 
51 257 313 78 5 6 518 6 
51 257 313 78 5 6 518 6 
51 257 313 78 5 6 518 6 
51 257 313 78 5 6 518 6 
51 257 313 78 5 6 518 6 
51 257 313 78 5 6 518 6 
51 257 313 78 5 6 518 6 
51 257 313 78 5 6 518 6 
51 257 313 78 5 6 518 6 
51 257 313 78 5 6 518 6 
51 257 313 78 5 6 518 6 
51 257 313 78 5 6 518 6 
452 51 257 313 78 5 6 518 6 
51 257 313 78 5 6 518 6 
51 257 313 78 5 6 518 6 
51 257 313 78 5 6 518 6 
51 257 313 78 5 6 518 6 
51 257 313 78 5 6 518 6 
51 257 313 78 5 6 518 6 
51 257 313 78 5 6 518 6 
51 257 313 78 5 6 518 6 
51 257 313 78 5 6 518 6 
314 51 257 313 78 5 6 518 6 
51 257 313 78 5 6 518 6 
51 257 313 78 5 6 518 6 
51 257 313 78 5 6 518 6 
51 257 313 78 5 6 518 6 
51 257 313 78 5 6 518 6 
51 257 313 78 5 6 518 6 
51 257 313 78 5 6 518 6 
51 257 313 78 5 6 518 6 
51 257 313 78 5 6 518 6 
51 257 313 78 5 6 518 6 
314 51 257 313 78 5 6 518 6 
51 257 313 78 5 6 518 6 
452 51 257 313 78 5 6 518 6 
51 257 313 78 5 6 518 6 
51 257 313 78 5 6 518 6 
314 51 257 313 78 5 6 518 6 
51 257 313 78 5 6 518 6 
51 257 313 78 5 6 518 6 
51 257 313 78 5 6 518 6 
51 257 313 78 5 6 518 6 
51 257 313 78 5 6 518 6 
51 257 313 78 5 6 518 6 
51 257 313 78 5 6 518 6 
51 257 313 78 5 6 518 6 
314 51 257 313 78 5 6 518 6 
51 257 313 78 5 6 518 6 
51 257 313 78 5 6 518 6 
51 257 313 78 5 6 518 6 
51 257 313 78 5 6 518 6 
51 257 313 78 5 6 518 6 
51 257 313 78 5 6 518 6 
51 257 313 78 5 6 518 6 
51 257 313 78 5 6 518 6 
51 257 313 78 5 6 518 6 
51 257 313 78 5 6 518 6 
314 51 257 313 78 5 6 518 6 
51 257 313 78 5 6 518 6 
51 257 313 78 5 6 518 6 
51 257 313 78 5 6 518 6 
51 257 313 78 5 6 518 6 
51 257 313 78 5 6 518 6 
51 257 313 78 5 6 518 6 
314 51 257 313 78 5 6 518 6 
51 257 313 78 5 6 518 6 
314 51 257 313 78 5 6 518 6 
51 257 313 78 5 6 518 6 
51 257 313 78 5 6 518 6 
51 257 313 78 5 6 518 6 
51 257 313 78 5 6 518 6 
51 257 313 78 5 6 518 6 
51 257 313 78 5 6 518 6 
51 257 313 78 5 6 518 6 
51 257 313 78 5 6 518 6 
51 257 313 78 5 6 518 6 
51 257 313 78 5 6 518 6 
51 257 313 78 5 6 518 6 
51 257 313 78 5 6 518 6 
51 257 313 78 5 6 518 6 
51 257 313 78 5 6 518 6 
51 257 313 78 5 6 518 6 
51 257 313 78 5 6 518 6 
314 51 257 313 78 5 6 518 6 
51 257 313 78 5 6 518 6 
51 257 313 78 5 6 518 6 
51 257 313 78 5 6 518 6 
314 51 257 313 78 5 6 518 6 
51 257 313 78 5 6 518 6 
51 257 313 78 5 6 518 6 
51 257 313 78 5 6 518 6 
51 257 313 78 5 6 518 6 
51 257 313 78 5 6 518 6 
51 257 313 78 5 6 518 6 
51 257 313 78 5 6 518 6 
51 257 313 78 5 6 518 6 
51 257 313 78 5 6 518 6 
51 257 313 78 5 6 518 6 
51 257 313 78 5 6 518 6 
51 257 313 78 5 6 518 6 
51 257 313 78 5 6 518 6 
51 257 313 78 5 6 518 6 
51 257 313 78 5 6 518 6 
51 257 313 78 5 6 518 6 
51 257 313 78 5 6 518 6 
51 257 313 78 5 6 518 6 
51 257 313 78 5 6 518 6 
51 257 313 78 5 6 518 6 
51 257 313 78 5 6 518 6 
51 257 313 78 5 6 518 6 
51 257 313 78 5 6 518 6 
51 257 313 78 5 6 518 6 
51 257 313 78 5 6 518 6 
51 257 313 78 5 6 518 6 
51 257 313 78 5 6 518 6 
51 257 313 78 5 6 518 6 
51 257 313 78 5 6 518 6 
51 257 313 78 5 6 518 6 
314 51 257 313 78 5 6 518 6 
51 257 313 78 5 6 518 6 
51 257 313 78 5 6 518 6 
51 257 313 78 5 6 518 6 
51 257 313 78 5 6 518 6 
51 257 313 78 5 6 518 6 
51 257 313 78 5 6 518 6 
51 257 313 78 5 6 518 6 
51 257 313 78 5 6 518 6 
51 257 313 78 5 6 518 6 
51 257 313 78 5 6 518 6 
51 257 313 78 5 6 518 6 
451 51 257 313 78 5 6 518 6 
51 257 313 78 5 6 518 6 
51 257 313 78 5 6 518 6 
51 257 313 78 5 6 518 6 
51 257 313 78 5 6 518 6 
51 257 313 78 5 6 518 6 
51 257 313 78 5 6 518 6 
51 257 313 78 5 6 518 6 
51 257 313 78 5 6 518 6 
51 257 313 78 5 6 518 6 
51 257 313 78 5 6 518 6 
51 257 313 78 5 6 518 6 
51 257 313 78 5 6 518 6 
51 257 313 78 5 6 518 6 
51 257 313 78 5 6 518 6 
51 257 313 78 5 6 518 6 
51 257 313 78 5 6 518 6 
51 257 313 78 5 6 518 6 
51 257 313 78 5 6 518 6 
51 257 313 78 5 6 518 6 
51 257 313 78 5 6 518 6 
51 257 313 78 5 6 518 6 
51 257 313 78 5 6 518 6 
51 257 313 78 5 6 518 6 
51 257 313 78 5 6 518 6 
51 257 313 78 5 6 518 6 
51 257 313 78 5 6 518 6 
51 257 313 78 5 6 518 6 
51 257 313 78 5 6 518 6 
51 257 313 78 5 6 518 6 
51 257 313 78 5 6 518 6 
51 257 313 78 5 6 518 6 
51 257 313 78 5 6 518 6 
51 257 313 78 5 6 518 6 
51 257 313 78 5 6 518 6 
51 257 313 78 5 6 518 6 
51 257 313 78 5 6 518 6 
51 257 313 78 5 6 518 6 
51 257 313 78 5 6 518 6 
51 257 313 78 5 6 518 6 
51 257 313 78 5 6 518 6 
51 257 313 78 5 6 518 6 
51 257 313 78 5 6 518 6 
51 257 313 78 5 6 518 6 
51 257 313 78 5 6 518 6 
51 257 313 78 5 6 518 6 
51 257 313 78 5 6 518 6 
51 257 313 78 5 6 518 6 
51 257 313 78 5 6 518 6 
51 257 313 78 5 6 518 6 
51 257 313 78 5 6 518 6 
51 257 313 78 5 6 518 6 
51 257 313 78 5 6 518 6 
51 257 313 78 5 6 518 6 
51 257 313 78 5 6 518 6 
51 257 313 78 5 6 518 6 
51 257 313 78 5 6 518 6 
51 257 313 78 5 6 518 6 
314 51 257 313 78 5 6 518 6 
51 257 313 78 5 6 518 6 
51 257 313 78 5 6 518 6 
51 257 313 78 5 6 518 6 
51 257 313 78 5 6 518 6 
51 257 313 78 5 6 518 6 
314 51 257 313 78 5 6 518 6 
51 257 313 78 5 6 518 6 
51 257 313 78 5 6 518 6 
314 51 257 313 78 5 6 518 6 
51 257 313 78 5 6 518 6 
51 257 540 313 78 5 6 518 6 
51 257 313 78 5 6 518 6 
51 257 313 78 5 6 518 6 
51 257 313 78 5 6 518 6 
51 257 313 78 5 6 518 6 
51 257 313 78 5 6 518 6 
51 257 313 78 5 6 518 6 
51 257 313 78 5 6 518 6 
51 257 313 78 5 6 518 6 
51 257 313 78 5 6 518 6 
451 51 257 313 78 5 6 518 6 
51 257 313 78 5 6 518 6 
51 257 313 78 5 6 518 6 
51 257 313 78 5 6 518 6 
51 257 313 78 5 6 518 6 
452 51 257 313 78 5 6 518 6 
51 257 313 78 5 6 518 6 
51 257 313 78 5 6 518 6 
51 257 313 78 5 6 518 6 
51 257 313 78 5 6 518 6 
51 257 313 78 5 6 518 6 
51 257 313 78 5 6 518 6 
51 257 313 78 5 6 518 6 
51 257 313 78 5 6 518 6 
51 257 313 78 5 6 518 6 
51 257 313 78 5 6 518 6 
51 257 313 78 5 6 518 6 
51 257 313 78 5 6 518 6 
51 257 313 78 5 6 518 6 
51 257 313 78 5 6 518 6 
51 257 313 78 5 6 518 6 
452 51 257 313 78 5 6 518 6 
51 257 313 78 5 6 518 6 
51 257 313 78 5 6 518 6 
51 257 313 78 5 6 518 6 
51 257 313 78 5 6 518 6 
51 257 313 78 5 6 518 6 
51 257 313 78 5 6 518 6 
452 51 257 313 78 5 6 518 6 
51 257 313 78 5 6 518 6 
51 257 313 78 5 6 518 6 
51 257 313 78 5 6 518 6 
51 257 313 78 5 6 518 6 
51 257 313 78 5 6 518 6 
51 257 313 78 5 6 518 6 
51 257 313 78 5 6 518 6 
451 51 257 313 78 5 6 518 6 
51 257 313 78 5 6 518 6 
51 257 313 78 5 6 518 6 
451 51 257 313 78 5 6 518 6 
51 257 313 78 5 6 518 6 
452 51 257 313 78 5 6 518 6 
51 257 313 78 5 6 518 6 
51 257 313 78 5 6 518 6 
51 257 313 78 5 6 518 6 
51 257 313 78 5 6 518 6 
51 257 313 78 5 6 518 6 
51 257 313 78 5 6 518 6 
51 257 313 78 5 6 518 6 
51 257 313 78 5 6 518 6 
51 257 313 78 5 6 518 6 
51 257 313 78 5 6 518 6 
51 257 313 78 5 6 518 6 
51 257 313 78 5 6 518 6 
51 257 313 78 5 6 518 6 
452 51 257 313 78 5 6 518 6 
51 257 313 78 5 6 518 6 
51 257 313 78 5 6 518 6 
51 257 313 78 5 6 518 6 
51 257 313 78 5 6 518 6 
51 257 313 78 5 6 518 6 
314 51 257 313 78 5 6 518 6 
51 257 313 78 5 6 518 6 
51 257 313 78 5 6 518 6 
314 51 257 313 78 5 6 518 6 
51 257 313 78 5 6 518 6 
51 257 313 78 5 6 518 6 
51 257 313 78 5 6 518 6 
51 257 313 78 5 6 518 6 
51 257 313 78 5 6 518 6 
51 257 313 78 5 6 518 6 
51 257 313 78 5 6 518 6 
51 257 313 78 5 6 518 6 
314 51 257 313 78 5 6 518 6 
51 257 313 78 5 6 518 6 
51 257 313 78 5 6 518 6 
51 257 313 78 5 6 518 6 
51 257 313 78 5 6 518 6 
51 257 313 78 5 6 518 6 
51 257 313 78 5 6 518 6 
51 257 313 78 5 6 518 6 
51 257 313 78 5 6 518 6 
51 257 313 78 5 6 518 6 
51 257 313 78 5 6 518 6 
51 257 540 313 78 5 6 518 6 
51 257 313 78 5 6 518 6 
51 257 313 78 5 6 518 6 
51 257 313 78 5 6 518 6 
51 257 313 78 5 6 518 6 
51 257 313 78 5 6 518 6 
51 257 313 78 5 6 518 6 
51 257 313 78 5 6 518 6 
51 257 313 78 5 6 518 6 
51 257 313 78 5 6 518 6 
51 257 313 78 5 6 518 6 
51 257 313 78 5 6 518 6 
51 257 313 78 5 6 518 6 
51 257 313 78 5 6 518 6 
51 257 313 78 5 6 518 6 
314 51 257 313 78 5 6 518 6 
51 257 313 78 5 6 518 6 
51 257 313 78 5 6 518 6 
51 257 313 78 5 6 518 6 
51 257 313 78 5 6 518 6 
51 257 313 78 5 6 518 6 
51 257 313 78 5 6 518 6 
51 257 313 78 5 6 518 6 
51 257 313 78 5 6 518 6 
51 257 313 78 5 6 518 6 
51 257 313 78 5 6 518 6 
51 257 313 78 5 6 518 6 
51 257 313 78 5 6 518 6 
51 257 313 78 5 6 518 6 
314 51 257 313 78 5 6 6 
452 51 257 313 78 5 6 6 
51 257 313 78 5 6 6 
451 51 257 313 78 5 6 6 
314 51 257 313 78 5 6 6 
452 51 257 313 78 5 6 6 
451 51 257 313 78 5 6 6 
314 51 257 313 78 5 6 21 68 24 518 6 
314 51 257 313 78 5 6 518 6 
51 257 313 78 5 6 518 6 
51 257 313 78 5 6 518 6 
51 257 313 78 5 6 518 6 
51 257 313 78 5 6 518 6 
51 257 313 78 5 6 518 6 
51 257 313 78 5 6 518 6 
51 257 313 78 5 6 518 6 
51 257 313 78 5 6 518 6 
51 257 313 78 5 6 518 6 
51 257 313 78 5 6 518 6 
51 257 313 78 5 6 518 6 
51 257 313 78 5 6 518 6 
51 257 313 78 5 6 518 6 
51 257 313 78 5 6 518 6 
51 257 313 78 5 6 518 6 
51 257 313 78 5 6 518 6 
451 51 257 313 78 5 6 518 6 
51 257 313 78 5 6 518 6 
51 257 313 78 5 6 518 6 
51 257 313 78 5 6 518 6 
51 257 313 78 5 6 518 6 
452 51 257 313 78 5 6 518 6 
51 257 313 78 5 6 518 6 
451 51 257 313 78 5 6 518 6 
51 257 313 78 5 6 518 6 
51 257 313 78 5 6 518 6 
51 257 313 78 5 6 518 6 
51 257 313 78 5 6 518 6 
51 257 313 78 5 6 518 6 
51 257 313 78 5 6 518 6 
51 257 313 78 5 6 518 6 
54 51 257 313 78 222 192 5 6 518 6 
54 53 51 257 5 133 6 21 31 68 24 6 
314 51 257 313 78 5 6 6 
314 51 257 313 78 5 6 518 6 
54 53 51 257 5 6 6 
478 51 257 5 6 6 
54 53 51 257 5 6 6 
54 53 51 257 313 78 5 6 6 
54 53 51 257 5 6 6 
478 51 257 5 6 6 
54 53 51 257 5 62 6 63 6 
54 190 53 51 257 191 192 5 6 482 6 
314 51 257 313 78 5 6 6 
314 51 257 313 78 5 6 6 
314 51 257 313 78 5 6 6 
314 51 257 313 78 5 6 6 
314 51 257 313 78 5 6 6 
314 51 257 313 78 5 6 6 
314 51 257 313 78 5 6 6 
314 51 257 313 78 5 6 6 
51 257 313 78 5 6 6 
314 51 257 313 78 5 6 6 
51 257 313 78 5 6 6 
51 257 313 78 5 6 6 
54 53 51 257 5 62 6 63 6 
54 53 51 257 5 28 27 6 21 63 22 618 6 
54 53 51 257 5 62 6 63 64 6 
54 53 51 257 5 62 6 63 6 
54 53 51 257 5 62 6 63 6 
54 53 51 257 5 6 482 6 
1 54 53 15 51 401 257 616 5 62 6 63 6 
54 53 51 257 5 62 6 63 6 
54 53 51 257 5 62 6 63 6 
54 53 51 257 5 62 6 63 6 
54 53 51 257 611 5 62 6 63 6 
54 53 51 257 5 62 6 63 6 
54 53 51 257 5 62 6 63 6 
54 53 51 257 5 62 6 63 6 
54 53 51 257 5 62 6 63 6 
54 53 51 136 257 42 174 5 62 6 63 6 
54 53 51 136 257 42 174 5 62 6 63 6 
54 53 51 136 257 42 174 5 62 6 63 6 
54 53 51 136 257 42 174 5 62 6 63 6 
54 53 51 257 5 62 6 63 6 
54 53 51 257 5 62 6 63 6 
54 53 51 257 381 5 62 6 63 6 
54 53 51 257 5 62 6 63 6 
54 53 51 257 5 62 6 63 6 
54 53 51 257 5 62 6 63 6 
54 53 51 257 5 62 6 63 6 
54 53 51 257 5 62 6 63 6 
54 53 51 257 5 62 6 63 6 
54 53 51 257 5 62 6 63 6 
54 53 51 136 257 42 174 5 62 6 63 6 
54 53 51 257 5 62 6 63 6 
54 53 51 257 5 62 6 63 64 6 
478 51 257 5 358 6 61 6 
478 51 257 5 62 6 63 6 
51 257 313 78 5 6 518 6 
54 53 51 257 5 62 6 63 6 
51 257 313 78 5 6 31 6 
54 53 51 439 257 5 62 6 63 6 
478 54 51 257 287 5 62 6 63 6 
54 53 51 257 5 6 21 22 24 6 
478 51 257 5 6 21 6 
54 53 51 257 5 28 6 21 6 
54 53 51 257 5 62 6 63 64 6 
54 53 51 257 5 6 21 31 68 24 6 
478 53 54 51 257 5 62 6 63 6 
54 53 51 257 5 6 61 6 
54 53 51 257 5 62 6 63 6 
54 53 51 257 5 62 6 63 6 
478 51 257 5 62 6 63 6 
54 53 51 257 5 6 6 
54 53 51 257 5 6 6 
54 53 51 257 5 6 6 
54 190 53 51 257 191 192 5 6 31 6 
314 51 257 313 78 5 6 518 6 
51 257 313 78 5 6 518 6 
51 257 313 78 5 6 518 6 
51 257 313 78 5 6 518 6 
51 257 313 78 5 6 518 6 
51 257 313 78 5 6 518 6 
51 257 313 78 5 6 518 6 
51 257 313 78 5 6 518 6 
51 257 313 78 5 6 31 6 
619 51 257 334 313 78 5 6 31 6 
314 51 257 313 78 5 6 31 6 
54 53 51 257 5 6 8 6 
314 51 257 313 78 5 6 518 6 
1 478 15 51 257 43 5 6 61 6 
54 53 51 257 5 6 31 6 
54 53 51 257 5 6 31 6 
54 53 51 257 5 6 31 6 
54 53 51 257 5 6 31 6 
54 53 51 257 5 6 31 6 
54 53 51 257 5 6 31 6 
54 53 51 257 5 6 31 6 
54 53 51 257 5 6 31 6 
478 54 51 257 465 5 6 31 6 
54 53 51 257 5 6 31 6 
54 53 51 257 5 6 31 6 
54 53 51 257 5 6 6 
451 51 257 313 78 5 6 6 
51 257 313 78 5 6 6 
51 257 313 78 5 6 6 
51 257 313 78 5 6 6 
51 257 313 78 5 6 6 
51 257 313 78 5 6 6 
51 257 313 78 5 6 6 
314 51 257 313 78 5 6 6 
51 257 313 78 5 6 6 
299 59 51 257 128 60 313 78 5 6 6 
51 257 313 78 5 6 6 
51 257 313 78 5 6 6 
51 257 313 78 5 6 6 
54 53 51 257 5 6 6 
54 53 51 257 611 5 6 6 
54 53 51 257 5 6 6 
54 53 51 257 5 6 6 
54 53 51 257 5 6 6 
314 51 257 313 78 5 6 6 
54 53 51 257 5 27 28 6 21 617 6 
54 53 51 257 5 27 28 6 21 617 6 
54 53 51 257 5 6 6 
51 257 313 78 5 6 518 6 
51 257 313 78 5 6 518 6 
51 257 313 78 5 6 61 518 6 
51 257 313 78 5 6 61 518 6 
51 257 313 78 5 6 61 518 6 
51 257 313 78 5 6 61 518 6 
51 257 313 78 5 6 61 518 6 
51 257 313 78 5 6 61 518 6 
51 257 313 78 5 6 61 518 6 
51 257 313 78 5 6 61 518 6 
51 257 313 78 5 6 61 518 6 
452 51 257 313 78 5 6 61 518 6 
314 51 257 313 78 5 6 61 518 6 
314 51 257 313 78 5 6 61 518 6 
51 257 313 78 5 6 61 518 6 
51 257 313 78 5 6 61 518 6 
51 257 313 78 5 6 61 518 6 
1 54 53 15 51 257 400 401 5 6 21 22 68 24 6 
314 51 257 313 78 5 6 8 6 
54 53 51 257 465 5 6 21 31 68 24 6 
54 53 51 257 5 6 21 31 68 24 6 
54 53 51 257 5 6 21 31 68 24 6 
54 53 51 257 5 6 21 31 68 24 6 
54 53 51 257 222 192 5 6 21 31 68 24 6 
54 53 51 257 5 6 61 6 
54 53 51 257 5 6 6 
54 53 51 257 5 6 6 
478 51 257 5 6 6 
478 51 257 5 6 6 
54 53 51 257 5 6 6 
54 53 51 257 5 6 6 
478 51 257 5 6 6 
54 53 51 257 5 6 6 
478 51 257 5 6 31 61 6 
54 53 51 257 5 62 6 63 6 
54 53 51 257 5 6 6 
54 53 51 257 611 5 6 6 
54 53 51 257 5 6 6 
54 53 51 257 5 6 6 
54 53 51 257 5 6 6 
1 15 51 257 313 78 5 6 518 6 
314 51 257 313 78 5 6 518 6 
54 53 51 257 5 6 21 22 24 6 
314 51 257 313 78 5 6 6 
54 53 51 257 5 6 6 
478 51 257 313 78 5 6 131 6 
54 53 51 257 5 6 61 6 
54 53 51 257 5 62 6 63 6 
54 53 51 257 440 5 27 28 6 21 6 
54 53 51 257 440 5 27 28 6 21 6 
54 53 51 257 5 27 28 6 21 6 
54 53 51 257 313 78 5 27 28 6 21 6 
54 53 51 257 5 27 28 6 21 6 
54 53 51 257 5 27 28 6 21 6 
54 53 51 257 5 27 28 6 21 6 
54 53 51 257 5 27 28 6 21 6 
54 53 51 257 5 27 28 6 21 6 
54 53 51 257 5 62 6 63 6 
184 1 54 53 15 51 257 185 5 6 8 6 
54 53 51 257 5 6 6 
478 51 257 5 62 6 63 6 
54 53 51 257 5 6 6 
54 53 51 257 441 192 5 6 6 
54 53 51 257 611 5 6 6 
54 53 51 257 5 6 6 
54 53 51 257 5 6 6 
54 53 51 257 5 6 21 68 24 6 
314 51 257 313 78 5 6 6 
314 51 257 313 78 5 6 6 
314 51 257 313 78 5 133 6 21 68 24 518 6 
51 257 313 78 5 6 518 6 
51 257 313 78 5 6 518 6 
51 257 313 78 5 6 518 6 
51 257 313 78 5 6 518 6 
314 51 257 313 78 5 6 518 6 
51 257 313 78 5 6 518 6 
51 257 313 78 5 6 518 6 
51 257 313 78 5 6 518 6 
51 257 313 78 5 6 518 6 
51 257 313 78 5 6 518 6 
51 257 313 78 5 6 518 6 
51 257 313 78 5 6 518 6 
51 257 313 78 5 6 518 6 
51 257 313 78 5 6 518 6 
51 257 313 78 5 6 518 6 
51 257 313 78 5 6 518 6 
51 257 313 78 5 6 518 6 
51 257 313 78 5 6 518 6 
51 257 313 78 5 6 518 6 
51 257 313 78 5 6 518 6 
51 257 313 78 5 6 518 6 
51 257 313 78 5 6 518 6 
97 1 51 257 19 2 98 313 78 5 6 518 6 
51 257 313 78 5 6 518 6 
51 257 313 78 5 6 518 6 
51 257 313 78 5 6 518 6 
51 257 313 78 5 6 518 6 
51 257 313 78 5 6 518 6 
452 51 257 313 78 5 6 518 6 
51 257 313 78 5 6 518 6 
54 53 51 257 5 6 6 
54 53 51 257 5 6 61 6 
54 53 51 257 222 192 5 6 61 482 6 
314 51 257 313 78 5 6 518 6 
54 53 51 257 476 192 5 6 61 6 
51 257 313 78 5 6 21 22 24 6 
97 1 314 51 257 19 2 98 313 78 5 28 6 21 61 6 
54 53 51 257 540 78 5 6 8 6 
478 51 257 5 6 31 6 
54 53 51 257 476 192 5 6 31 6 
54 53 51 257 5 6 31 6 
54 53 51 257 476 192 5 6 31 6 
54 53 51 257 5 6 31 6 
54 53 51 257 5 6 31 6 
478 51 257 5 6 31 6 
54 53 51 257 5 6 31 6 
54 53 51 257 5 62 6 63 6 
54 53 51 257 5 62 6 63 6 
54 53 51 257 313 78 5 62 6 63 6 
54 53 51 257 5 62 6 63 6 
54 53 51 257 223 224 5 62 6 63 6 
54 53 51 257 5 62 6 63 6 
54 53 51 257 5 62 6 63 6 
54 53 51 257 5 62 6 63 6 
54 53 51 257 5 6 6 
478 53 54 51 257 5 6 6 
54 53 51 257 5 6 6 
54 53 51 257 5 6 6 
54 53 51 257 5 6 6 
54 53 51 257 5 6 6 
54 53 51 257 313 78 5 6 6 
54 53 51 257 5 6 6 
54 53 51 257 313 78 5 6 6 
54 53 51 257 440 5 6 6 
54 53 51 257 440 5 6 6 
54 53 51 257 5 62 6 63 6 
54 53 51 257 5 6 8 6 
54 53 51 257 5 62 6 63 6 
54 53 51 257 5 62 6 63 6 
451 51 257 42 313 78 108 5 6 6 
54 53 51 257 5 62 6 63 6 
54 53 51 257 5 6 131 6 
54 53 51 257 5 6 131 6 
1 54 53 15 51 257 5 62 6 63 6 
54 53 51 257 5 62 6 63 6 
54 53 51 257 5 6 61 6 
54 53 190 51 257 192 269 5 6 31 6 
478 190 54 51 257 192 269 5 6 31 6 
478 1 15 51 257 202 234 5 62 6 63 6 
54 53 51 257 313 78 5 6 10 11 6 
54 53 51 257 5 6 21 22 68 24 6 
54 53 51 257 5 62 6 63 6 
51 257 313 78 5 6 6 
54 53 51 257 5 6 9 6 
74 51 257 77 313 78 91 5 6 92 6 
74 51 257 77 313 78 91 5 6 92 6 
74 51 257 77 313 78 91 5 6 92 6 
314 51 257 313 78 5 6 6 
54 53 51 257 5 6 61 6 
51 257 313 78 5 6 518 6 
478 1 15 51 257 400 401 5 6 21 22 68 24 6 
54 53 51 257 5 6 31 6 
54 53 51 257 5 6 6 
51 257 313 78 5 6 6 
51 257 313 78 5 6 6 
51 257 313 78 5 6 518 6 
314 51 257 313 78 5 6 518 6 
51 257 313 78 5 6 6 
54 53 51 257 5 62 6 63 6 
54 53 51 257 620 5 62 6 63 6 
478 51 257 5 62 6 63 6 
54 53 51 257 5 62 6 63 6 
54 53 51 257 5 62 6 63 6 
54 53 51 257 5 62 6 63 6 
54 53 51 257 5 6 31 6 
54 53 51 257 5 6 31 6 
54 53 51 257 38 5 6 31 6 
54 53 190 51 257 192 5 6 31 6 
54 53 51 257 5 6 31 6 
54 53 51 257 5 6 31 6 
54 53 51 257 5 6 31 6 
54 53 51 257 5 6 31 6 
54 53 51 257 5 6 31 6 
54 53 51 257 5 6 31 6 
54 53 51 257 5 6 31 6 
54 53 51 257 5 6 31 6 
54 53 51 257 5 6 31 6 
1 54 53 51 257 2 5 6 31 6 
54 53 51 257 5 6 31 6 
54 53 51 257 5 6 31 6 
478 53 54 51 257 5 6 31 6 
54 53 51 257 5 6 31 6 
51 257 313 78 5 6 518 6 
74 54 53 51 257 77 78 5 6 31 6 
54 53 51 257 5 6 31 6 
478 53 54 51 257 5 62 6 63 6 
452 51 257 313 78 5 6 8 6 
451 51 257 313 78 5 6 21 68 24 6 
51 257 313 78 5 6 518 6 
54 53 51 257 5 6 21 31 68 24 6 
54 51 257 313 78 5 6 6 
54 51 257 313 78 5 6 6 
74 51 257 77 313 78 5 6 6 
54 53 51 257 5 6 6 
51 257 313 78 5 6 21 31 68 24 6 
54 53 51 257 5 6 6 
314 51 257 313 78 5 6 518 6 
51 257 313 78 5 6 518 6 
54 53 51 257 5 6 8 6 
54 53 51 257 5 6 6 
314 51 257 313 78 5 6 518 6 
314 51 257 313 78 5 6 6 
452 51 257 313 78 5 6 6 
451 51 257 313 78 5 6 6 
452 51 257 313 78 5 6 6 
451 51 257 313 78 5 6 6 
451 51 257 313 78 5 6 6 
451 51 257 313 78 5 6 6 
451 51 257 313 78 5 6 6 
451 51 257 313 78 5 6 6 
451 51 257 313 78 5 6 6 
451 51 257 313 78 5 6 6 
451 51 257 313 78 5 6 6 
451 51 257 313 78 5 6 6 
451 51 257 313 78 5 6 6 
451 51 257 313 78 5 6 6 
451 51 257 313 78 5 6 6 
451 51 257 313 78 5 6 6 
451 51 257 313 78 5 6 6 
451 51 257 313 78 5 6 6 
451 51 257 313 78 5 6 6 
451 51 257 313 78 5 6 6 
451 51 257 313 78 5 6 6 
451 51 257 313 78 5 6 6 
451 51 257 313 78 5 6 6 
451 51 257 313 78 5 6 6 
451 51 257 313 78 5 6 6 
451 51 257 313 78 5 6 6 
451 51 257 313 78 5 6 6 
451 51 257 313 78 5 6 6 
451 51 257 313 78 5 6 6 
451 51 257 313 78 5 6 6 
451 51 257 313 78 5 6 6 
314 51 257 313 78 5 6 6 
452 51 257 313 78 5 6 6 
451 51 257 313 78 5 6 6 
451 51 257 313 78 5 6 6 
451 51 257 313 78 5 6 6 
451 51 257 313 78 5 6 6 
451 51 257 313 78 5 6 6 
451 51 257 313 78 5 6 6 
451 51 257 313 78 5 6 6 
451 51 257 313 78 5 6 6 
314 51 257 313 78 5 6 518 6 
314 51 257 313 78 5 6 6 
54 53 51 257 5 6 6 
452 51 257 313 78 5 6 6 
54 53 51 257 5 6 6 
54 53 51 257 5 6 6 
478 51 257 313 78 5 6 6 
478 51 257 5 6 6 
54 53 51 257 621 5 6 6 
54 53 51 257 5 62 6 63 6 
314 51 257 313 78 5 6 6 
54 53 51 257 5 6 21 22 24 6 
54 53 51 257 5 6 6 
54 190 53 51 257 191 192 5 6 31 6 
452 51 257 313 78 5 6 31 6 
314 51 257 313 78 5 6 31 6 
1 54 53 51 257 5 28 27 6 21 63 22 618 6 
54 53 51 257 5 6 21 22 24 6 
54 53 51 257 5 6 21 31 68 24 6 
54 53 51 257 465 5 6 21 31 68 24 6 
54 53 51 257 5 6 21 31 68 24 6 
1 54 53 15 51 257 43 5 6 31 6 
478 51 257 38 39 5 6 31 6 
54 53 51 257 5 6 31 6 
54 53 51 257 5 6 31 6 
54 53 51 257 5 6 31 6 
54 53 51 257 5 6 6 
452 51 257 313 78 5 6 6 
452 51 257 313 78 5 6 6 
452 51 257 313 78 5 6 6 
452 51 257 313 78 5 6 6 
54 53 51 257 5 6 6 
314 51 257 313 78 5 6 518 6 
1 15 51 257 313 78 5 6 6 
478 51 257 5 6 31 6 
478 51 257 5 6 31 6 
54 53 51 257 465 5 6 31 6 
58 54 53 59 51 257 60 5 6 31 6 
54 53 51 257 5 6 31 6 
54 53 51 257 5 6 31 6 
54 53 51 257 465 5 6 31 6 
54 53 51 257 5 6 31 6 
54 53 51 257 5 6 31 6 
54 53 51 257 611 5 6 31 6 
54 53 51 257 5 6 31 6 
54 53 51 257 5 62 6 63 6 
54 190 53 51 257 191 192 5 6 31 6 
51 257 313 78 5 6 518 6 
54 53 51 257 5 62 6 63 6 
54 53 51 257 465 5 62 6 63 6 
54 53 51 257 5 62 6 63 6 
54 53 51 257 465 5 62 6 63 6 
54 53 51 257 5 62 6 63 6 
54 53 51 257 5 62 6 63 6 
478 408 409 51 257 52 5 62 6 63 6 
54 53 51 257 5 6 6 
1 54 53 51 257 2 5 6 6 
54 53 51 257 5 6 6 
54 53 51 257 5 6 6 
54 53 51 257 5 6 61 6 
54 53 51 257 5 27 28 6 21 6 
1 54 53 51 257 2 5 6 61 6 
54 53 51 175 257 42 5 6 21 31 68 24 6 
478 51 257 5 6 21 31 68 24 6 
54 53 51 257 313 78 5 6 21 31 68 24 6 
478 51 257 5 6 6 
54 53 51 257 313 78 5 6 31 6 
54 53 51 257 5 6 31 6 
54 53 51 257 5 6 21 22 6 
74 51 257 77 313 78 5 6 31 6 
314 51 257 313 78 5 6 6 
74 51 257 77 313 78 5 6 6 
74 51 257 77 313 78 5 6 6 
314 51 257 313 78 5 6 21 68 24 6 
478 51 257 5 6 6 
478 51 257 5 6 6 
54 53 51 257 5 6 6 
54 53 51 257 5 6 6 
54 53 51 257 5 6 6 
54 53 51 257 5 6 6 
478 51 257 5 6 6 
54 53 51 257 5 6 6 
54 53 51 257 5 6 6 
54 53 51 257 5 6 6 
54 53 51 257 5 6 6 
478 53 54 51 257 5 6 6 
54 53 51 348 257 349 359 351 5 6 61 6 
54 53 51 257 5 6 6 
54 190 53 51 257 191 192 5 6 6 
54 53 51 257 5 6 6 
51 257 313 78 5 6 518 6 
54 53 51 257 5 6 21 68 24 6 
54 53 51 257 5 6 21 31 68 24 6 
58 54 53 59 51 257 60 5 6 21 31 68 24 6 
54 53 51 257 5 6 21 31 68 24 6 
54 53 51 257 5 6 21 31 68 24 6 
54 53 51 257 5 6 21 31 68 24 6 
54 53 51 257 5 6 21 31 68 24 6 
314 51 257 313 78 5 6 61 6 
54 53 51 257 5 6 6 
54 53 51 257 5 6 6 
51 257 313 78 5 27 28 6 21 518 6 
54 53 51 257 465 5 6 6 
54 53 51 257 5 6 6 
478 53 54 51 257 5 6 6 
51 257 313 78 5 6 518 6 
314 51 257 313 78 5 6 8 6 
51 257 313 78 5 6 6 
452 51 257 313 78 5 6 6 
1 51 257 2 313 78 5 6 518 6 
54 53 51 136 257 42 174 5 6 6 
1 314 15 51 257 313 43 78 5 6 6 
452 51 257 313 78 5 6 6 
452 51 257 313 78 5 6 6 
452 51 257 313 78 5 6 6 
314 51 257 313 78 5 6 6 
54 53 51 257 5 6 6 
54 53 51 257 5 6 6 
54 53 51 257 5 6 6 
54 53 51 257 5 6 6 
54 53 51 257 5 6 31 6 
478 51 257 5 6 21 68 24 6 
478 51 257 5 62 6 63 6 
314 51 257 313 78 5 6 518 6 
54 53 51 257 38 229 5 6 61 6 
54 53 51 257 5 6 6 
54 53 51 257 5 6 31 6 
54 53 51 257 465 5 6 31 6 
54 53 51 257 38 5 6 31 6 
314 51 257 313 78 5 6 518 6 
54 53 51 257 622 5 6 6 
314 51 257 313 78 5 6 21 24 6 
54 53 51 257 5 6 21 22 68 24 6 
314 51 257 313 78 5 6 518 6 
314 51 257 313 78 5 6 518 6 
314 51 257 313 78 5 6 6 
314 51 257 313 78 5 6 6 
51 257 313 78 5 6 6 
314 51 257 313 78 5 6 518 6 
51 257 313 78 5 6 518 6 
51 257 313 78 5 6 518 6 
51 257 313 78 5 6 518 6 
51 257 313 78 5 6 518 6 
314 51 257 313 78 5 6 8 6 
314 51 257 313 78 5 6 518 6 
51 257 313 78 5 6 518 6 
314 51 257 313 78 5 6 31 6 
184 1 15 51 257 185 313 78 5 6 518 6 
478 51 257 5 6 6 
478 51 257 5 6 6 
478 51 257 5 6 6 
478 51 257 5 6 6 
478 51 257 5 6 6 
314 51 257 313 78 5 6 518 6 
74 51 257 77 313 78 5 6 6 
478 51 257 5 6 6 
51 257 313 78 5 6 518 6 
51 257 313 78 5 6 518 6 
314 51 257 313 78 5 6 518 6 
51 257 313 78 5 6 518 6 
51 257 313 78 5 6 518 6 
314 51 257 313 78 5 6 518 6 
54 53 51 257 5 6 31 6 
478 53 54 51 257 5 6 31 6 
54 53 51 257 5 6 31 6 
314 51 257 313 78 5 6 518 6 
51 257 313 78 5 6 6 
314 51 257 313 78 5 6 6 
1 54 53 15 51 257 43 5 6 6 
54 53 51 257 5 6 6 
314 51 257 313 78 5 6 6 
314 51 257 313 78 5 6 6 
74 51 257 77 313 78 5 6 518 6 
51 257 313 78 5 6 518 6 
51 257 313 78 5 6 518 6 
51 257 313 78 5 6 518 6 
314 51 257 313 78 5 6 8 35 6 
314 51 257 313 78 5 6 518 6 
1 442 15 51 257 401 313 78 5 6 6 
54 53 51 257 5 6 61 6 
452 51 257 313 78 5 6 31 6 
314 51 257 313 78 5 6 31 6 
314 51 257 313 78 5 6 31 6 
452 51 257 313 78 5 6 31 6 
314 51 257 313 78 5 6 6 
478 53 54 51 257 5 62 6 63 6 
54 53 51 257 5 6 61 6 
54 53 51 257 5 521 6 6 
54 53 51 257 5 521 6 6 
54 53 51 257 5 521 6 6 
54 53 51 257 5 521 6 6 
54 53 51 257 5 521 6 6 
54 53 51 257 5 521 6 6 
1 54 53 15 51 257 5 521 6 6 
478 53 54 51 257 5 521 6 6 
54 53 51 257 5 521 6 6 
54 53 51 257 5 521 6 6 
54 53 51 257 611 5 521 6 6 
478 51 257 313 78 5 521 6 6 
478 53 54 51 257 5 521 6 6 
54 53 51 257 5 6 61 6 
53 54 314 51 257 313 78 5 6 518 6 
478 51 257 5 6 61 6 
54 53 51 257 5 6 6 
51 257 313 78 5 6 518 6 
51 257 313 78 5 6 6 
1 54 53 15 51 257 400 401 5 6 21 68 24 6 
1 54 53 15 51 257 400 401 5 6 21 68 24 6 
478 53 54 51 257 5 6 21 31 68 24 6 
478 51 257 5 6 21 31 68 24 6 
54 53 51 257 5 6 21 31 68 24 6 
54 53 51 257 5 6 21 31 68 24 6 
54 53 51 257 5 6 21 31 68 24 6 
54 53 51 257 5 6 21 31 68 24 6 
54 53 51 257 5 6 21 31 68 24 6 
54 53 51 257 5 6 21 31 68 24 6 
478 51 257 5 6 21 31 68 24 6 
54 53 51 257 5 6 8 6 
478 53 54 51 257 5 6 21 131 68 24 6 
51 257 313 78 5 6 6 
314 452 51 257 313 78 5 6 6 
51 257 540 313 78 5 6 6 
314 51 257 313 78 5 6 6 
51 257 313 78 5 6 6 
314 51 257 313 78 5 6 6 
314 51 257 313 78 5 6 6 
314 51 257 313 78 5 6 6 
314 51 257 313 78 5 6 6 
314 51 257 313 78 5 6 6 
314 51 257 313 78 5 6 6 
314 51 257 313 78 5 6 6 
314 51 257 313 78 5 6 6 
314 452 51 257 313 78 5 6 6 
54 53 51 257 5 6 6 
54 53 51 257 5 6 6 
54 53 51 257 5 6 6 
54 53 51 257 465 5 6 6 
54 53 51 257 313 78 5 6 6 
1 54 53 15 51 257 5 6 6 
54 53 51 257 5 6 6 
54 53 51 257 5 6 6 
54 53 51 257 5 6 6 
54 53 51 257 5 62 6 63 6 
451 51 257 313 78 5 6 8 6 
451 51 257 313 78 5 6 8 6 
451 51 257 313 78 5 6 8 6 
451 51 257 313 78 5 6 8 6 
451 51 257 313 78 5 6 8 6 
452 51 257 313 78 5 6 21 68 24 6 
54 53 51 257 5 6 6 
51 257 313 78 5 6 518 6 
314 51 257 313 78 5 6 518 6 
51 257 313 78 5 6 518 6 
51 257 313 78 5 6 518 6 
51 257 313 78 5 6 518 6 
51 257 313 78 5 6 518 6 
51 257 313 78 5 6 518 6 
51 257 313 78 5 6 518 6 
51 257 313 78 5 6 518 6 
51 257 313 78 5 6 518 6 
51 257 313 78 5 6 518 6 
51 257 313 78 5 6 518 6 
51 257 313 78 5 6 518 6 
51 257 313 78 5 6 518 6 
51 257 313 78 5 6 518 6 
51 257 313 78 5 6 518 6 
51 257 313 78 5 6 518 6 
51 257 313 78 5 6 518 6 
51 257 313 78 5 6 518 6 
51 257 313 78 5 6 518 6 
51 257 313 78 5 6 518 6 
51 257 313 78 5 6 518 6 
451 51 257 313 78 5 6 518 6 
51 257 313 78 5 6 518 6 
51 257 313 78 5 6 518 6 
51 257 313 78 5 6 518 6 
51 257 313 78 5 6 518 6 
51 257 313 78 5 6 518 6 
51 257 313 78 5 6 518 6 
51 257 313 78 5 6 518 6 
51 257 313 78 5 6 518 6 
51 257 313 78 5 6 518 6 
51 257 313 78 5 6 518 6 
51 257 313 78 5 6 518 6 
51 257 313 78 5 6 518 6 
51 257 313 78 5 6 518 6 
51 257 313 78 5 6 518 6 
51 257 313 78 5 6 518 6 
51 257 313 78 5 6 518 6 
51 257 313 78 5 6 518 6 
51 257 313 78 5 6 518 6 
51 257 313 78 5 6 518 6 
51 257 313 78 5 6 518 6 
51 257 313 78 5 6 518 6 
51 257 313 78 5 6 518 6 
51 257 313 78 5 6 518 6 
51 257 313 78 5 6 518 6 
51 257 313 78 5 6 518 6 
51 257 313 78 5 6 518 6 
51 257 313 78 5 6 518 6 
51 257 313 78 5 6 518 6 
51 257 313 78 5 6 518 6 
51 257 313 78 5 6 518 6 
51 257 313 78 5 6 518 6 
51 257 313 78 5 6 518 6 
51 257 313 78 5 6 518 6 
51 257 313 78 5 6 518 6 
51 257 313 78 5 6 518 6 
51 257 313 78 5 6 518 6 
51 257 313 78 5 6 518 6 
314 51 257 313 78 5 6 61 6 
51 257 313 78 5 6 61 6 
54 53 51 257 5 6 143 8 144 6 
54 53 51 257 5 6 63 64 6 
54 53 51 257 5 112 6 113 6 
51 257 313 78 5 6 6 
51 257 313 78 5 6 6 
51 257 313 78 5 6 6 
51 257 313 78 5 6 6 
51 257 313 78 5 6 6 
51 257 313 78 5 6 6 
51 257 313 78 5 6 6 
51 257 313 78 5 6 6 
51 257 313 78 5 6 6 
51 257 313 78 5 6 6 
51 257 313 78 5 6 6 
51 257 313 78 5 6 6 
51 257 313 78 5 6 6 
51 257 313 78 5 6 6 
51 257 313 78 5 6 6 
51 257 313 78 5 6 6 
51 257 313 78 5 6 6 
51 257 313 78 5 6 6 
451 51 257 313 78 5 6 6 
51 257 313 78 5 6 6 
51 257 313 78 5 6 6 
54 53 51 257 5 27 28 6 21 61 6 
54 53 51 257 5 6 63 64 6 
54 53 51 257 5 6 23 6 
54 53 51 257 5 28 6 21 6 
478 53 54 51 257 5 27 28 6 21 617 6 
1 51 257 2 313 78 5 6 21 68 24 518 6 
54 53 51 257 5 62 6 63 6 
54 53 51 257 5 6 31 6 
54 53 51 257 5 6 31 6 
54 53 51 257 5 6 6 
54 53 51 257 5 6 6 
54 53 51 257 5 6 6 
54 53 51 257 5 6 6 
54 53 51 257 5 6 6 
314 51 257 313 78 5 6 518 6 
54 53 51 257 5 6 6 
314 51 257 313 78 5 6 518 6 
51 257 313 78 5 6 6 
51 257 313 78 5 6 6 
51 257 313 78 5 6 6 
51 257 313 78 5 6 6 
51 257 313 78 5 6 6 
51 257 313 78 5 6 6 
51 257 313 78 5 6 6 
51 257 313 78 5 6 6 
51 257 313 78 5 6 6 
314 51 257 313 78 5 6 6 
451 51 257 313 78 5 6 6 
51 257 313 78 5 6 21 68 24 518 6 
51 257 313 78 5 6 518 6 
51 257 313 78 5 6 518 6 
314 51 257 313 78 5 6 518 6 
452 51 257 313 78 5 6 8 6 
51 257 313 78 5 6 8 6 
51 257 313 78 5 6 518 6 
51 257 313 78 5 6 518 6 
54 53 51 257 5 6 9 6 
478 51 257 5 6 61 6 
54 53 51 257 5 6 21 22 68 24 6 
54 53 51 257 5 6 6 
54 53 51 257 5 6 6 
314 51 257 313 78 5 6 518 6 
54 53 51 257 5 6 6 
54 53 51 257 5 6 6 
51 257 313 78 5 6 6 
54 53 51 257 5 6 31 6 
51 257 313 78 5 6 518 6 
314 51 257 313 78 5 6 6 
314 51 257 313 78 5 6 6 
314 51 257 313 78 5 6 518 6 
452 51 257 313 78 5 6 518 6 
51 257 313 78 5 6 518 6 
51 257 313 78 5 6 518 6 
51 257 313 78 5 6 31 6 
314 51 257 313 78 5 6 518 6 
51 257 313 78 5 6 518 6 
314 51 257 313 78 5 6 61 6 
314 51 257 313 78 5 6 518 6 
314 51 257 313 78 5 6 518 6 
314 51 257 313 78 5 6 518 6 
54 53 51 257 5 6 6 
478 51 257 5 6 6 
54 51 257 313 78 5 6 31 6 
51 257 313 78 5 6 31 6 
54 51 257 313 78 5 6 31 6 
97 1 51 257 19 2 98 313 78 5 6 31 6 
51 257 313 78 5 6 31 6 
97 1 51 257 19 2 98 313 78 5 6 31 6 
51 257 313 78 5 6 31 6 
51 257 313 78 5 6 31 6 
51 257 313 78 5 6 518 6 
314 51 257 313 78 5 6 518 6 
452 51 257 313 78 5 6 6 
314 51 257 313 78 5 6 518 6 
54 53 51 257 5 6 6 
54 53 51 257 5 6 6 
54 53 51 257 611 5 6 6 
54 53 51 257 5 6 6 
54 53 51 257 5 6 61 6 
54 53 51 257 5 6 61 6 
54 53 51 257 5 6 6 
51 257 313 78 5 6 6 
314 51 257 313 78 5 6 61 518 6 
478 51 257 5 62 6 63 6 
314 51 257 313 78 5 133 6 21 68 24 6 
51 257 313 78 91 5 6 92 6 
51 257 313 78 5 6 8 6 
51 257 313 78 5 6 8 6 
51 257 313 78 5 6 8 6 
51 257 313 78 5 6 8 6 
51 257 313 78 5 6 8 6 
51 257 313 78 5 6 8 6 
51 257 313 78 5 6 8 6 
51 257 313 78 5 6 8 6 
51 257 313 78 5 6 8 6 
51 257 313 78 5 6 8 6 
51 257 313 78 5 6 21 22 68 24 6 
314 51 257 313 78 5 6 518 6 
314 51 257 313 78 5 6 6 
74 51 257 77 78 5 6 21 68 24 6 
452 51 257 313 78 5 6 518 6 
314 51 257 313 78 5 6 518 6 
54 53 51 257 5 6 6 
54 53 51 257 5 6 6 
478 53 54 51 257 5 6 6 
54 51 257 313 441 78 192 5 6 6 
51 257 313 78 5 6 6 
51 257 313 78 5 6 6 
51 257 313 78 5 6 6 
54 51 257 313 441 78 192 5 6 6 
54 51 257 313 441 78 192 5 6 6 
54 51 257 313 441 78 192 5 6 6 
54 51 257 313 441 78 192 5 6 6 
51 257 313 78 5 6 6 
51 257 313 78 5 6 6 
51 257 313 78 5 6 6 
51 257 313 78 5 6 6 
314 51 257 313 78 5 6 6 
314 51 257 313 78 5 6 6 
452 51 257 313 78 5 6 6 
451 51 257 313 78 5 6 6 
51 257 313 78 5 6 6 
314 51 257 313 78 5 6 6 
314 51 257 313 78 5 6 6 
478 53 54 51 257 5 6 6 
451 51 257 313 78 5 6 6 
51 257 313 78 5 6 518 6 
478 53 54 51 257 5 6 6 
51 257 313 78 5 6 518 6 
51 257 313 78 5 6 518 6 
314 51 257 313 78 5 6 6 
51 257 313 78 5 6 61 6 
314 51 257 313 78 5 6 61 6 
314 51 257 313 78 5 6 6 
314 51 257 313 78 5 6 6 
54 53 51 257 5 6 6 
451 51 257 313 78 5 6 6 
314 51 257 313 78 5 6 6 
314 51 257 313 78 5 6 6 
478 53 54 51 257 5 6 6 
314 51 257 313 78 5 6 6 
451 51 257 313 78 5 6 6 
1 54 53 15 51 257 400 401 5 6 21 22 24 6 
54 53 51 257 465 5 6 6 
478 51 257 5 6 6 
54 53 51 257 287 5 6 6 
54 53 51 257 5 6 6 
54 53 51 257 5 6 6 
451 51 257 313 78 5 6 6 
51 257 313 78 5 6 6 
51 257 313 78 5 6 6 
451 51 257 313 78 5 6 6 
478 54 51 257 287 5 6 6 
314 51 257 313 78 5 6 6 
54 53 51 257 5 6 6 
51 257 313 78 5 6 6 
51 257 313 78 5 6 6 
314 51 257 313 78 5 6 6 
451 51 257 313 78 5 6 6 
51 257 313 78 5 6 6 
51 257 313 78 5 6 6 
51 257 313 78 5 6 6 
51 257 313 78 5 6 6 
54 53 51 257 5 6 6 
314 51 257 313 78 5 6 6 
314 51 257 313 78 5 6 6 
314 51 257 313 78 5 6 6 
51 257 313 78 5 6 6 
51 257 313 78 5 6 6 
51 257 313 78 5 6 6 
314 51 257 313 78 5 6 6 
452 51 257 313 78 5 6 6 
54 51 257 313 78 222 192 5 6 6 
314 51 257 313 78 5 6 6 
51 257 313 78 5 6 6 
54 51 257 313 441 78 192 5 6 6 
451 51 257 313 78 5 6 6 
54 53 51 257 5 6 6 
314 51 257 313 78 5 6 6 
54 53 51 257 612 613 5 6 6 
53 54 51 257 313 78 5 6 6 
314 51 257 313 78 5 6 6 
314 51 257 313 78 5 6 6 
51 257 313 78 5 6 6 
314 51 257 313 78 5 6 6 
54 53 51 257 5 6 6 
54 53 51 257 5 6 6 
51 257 313 78 5 6 6 
51 257 313 78 5 6 6 
54 53 51 257 5 6 6 
314 51 257 313 78 5 6 6 
314 51 257 313 78 5 6 6 
314 51 257 313 78 5 6 6 
54 53 51 257 5 6 6 
451 51 257 313 78 5 6 6 
54 53 51 257 5 6 6 
54 53 51 257 78 5 6 6 
452 51 257 313 78 5 6 6 
54 53 51 257 5 6 6 
54 53 51 257 5 6 6 
54 53 51 257 5 6 6 
54 53 51 257 5 6 6 
451 51 257 313 78 5 6 6 
314 51 257 313 78 5 6 6 