1 15 641 5 6 518 518 
1 15 641 5 27 28 6 21 518 518 
1 15 641 5 27 28 6 21 518 518 
1 15 641 5 27 28 6 21 518 518 
1 15 641 5 6 518 518 
1 15 641 5 6 518 518 
1 15 641 5 6 518 518 
1 15 641 5 6 518 518 
1 15 641 5 27 28 6 21 518 518 
1 15 641 5 6 518 518 
1 15 641 5 6 518 518 
1 15 641 5 27 28 6 21 518 518 
1 15 641 5 6 8 518 518 
1 15 641 5 6 518 518 
1 15 641 5 6 518 518 
1 15 641 5 6 9 518 518 
1 15 641 5 6 9 518 518 
1 15 641 5 27 28 6 21 518 518 
1 15 641 5 6 518 518 
1 15 641 5 6 518 518 
1 15 641 5 6 518 518 
1 15 641 5 6 518 518 
1 15 641 5 6 518 518 
1 15 641 5 6 518 518 
1 15 641 5 27 28 6 21 518 518 
1 15 641 5 6 518 518 
1 15 641 5 6 518 518 
1 15 641 5 6 518 518 
1 15 641 5 6 518 518 
1 184 15 185 641 5 6 518 518 
1 15 42 641 5 6 518 518 
1 15 641 5 6 518 518 
1 184 15 185 641 5 6 518 518 
1 15 42 641 5 6 518 518 
1 53 54 15 51 641 5 6 518 518 
1 15 641 5 6 518 518 
1 15 641 5 27 28 6 21 518 518 
1 15 641 5 27 28 6 21 518 518 
1 15 641 5 27 28 6 21 518 518 
1 15 641 5 6 518 518 
1 15 641 5 6 518 518 
1 15 641 5 6 518 518 
1 15 641 5 6 518 518 
1 15 641 5 6 518 518 
1 15 641 5 6 518 518 
1 15 641 5 6 518 518 
1 15 641 5 27 28 6 21 518 518 
1 15 641 5 6 518 518 
1 15 641 5 27 28 6 21 518 518 
1 15 641 5 27 28 6 21 518 518 
1 15 641 5 6 518 518 
1 15 641 5 6 518 518 
1 15 641 5 27 28 6 21 518 518 
1 15 641 5 6 518 518 
1 15 641 5 6 518 518 
1 15 641 5 6 518 518 
1 15 641 5 6 518 518 
1 15 641 5 27 28 6 21 518 518 
1 15 641 5 6 518 518 
1 15 641 5 6 518 518 
1 15 641 5 27 28 6 21 518 518 
1 15 641 5 27 28 6 21 518 518 
1 15 641 5 27 28 6 21 518 518 
1 15 641 5 6 518 518 
1 15 641 5 27 28 6 21 518 518 
1 15 641 5 27 28 6 21 518 518 
1 15 641 5 6 518 518 
1 15 641 5 6 518 518 
1 15 641 5 27 28 6 21 518 518 
1 15 641 5 6 518 518 
1 15 641 5 6 8 518 518 
1 15 641 5 6 518 518 
1 15 641 5 6 518 518 
1 15 641 5 6 518 518 
1 15 641 5 27 28 6 21 518 518 
1 442 15 401 641 5 6 518 518 
1 15 43 641 5 27 28 6 21 518 518 
1 15 43 641 5 6 518 518 
1 442 15 401 641 5 27 28 6 21 518 518 
1 15 641 5 6 61 518 518 
1 15 641 5 6 61 518 518 
1 15 641 5 6 61 518 518 
1 15 51 313 78 641 5 6 61 518 518 
1 15 641 5 6 61 518 518 
1 15 641 5 6 61 518 518 
1 15 641 5 6 61 518 518 
1 15 51 313 78 641 5 6 61 518 518 
1 15 641 5 6 61 518 518 
1 15 641 5 6 61 518 518 
1 15 641 5 6 61 518 518 
1 15 641 5 6 61 518 518 
1 15 641 5 6 61 518 518 
1 15 641 5 6 61 518 518 
1 15 641 5 6 61 518 518 
1 15 641 5 6 61 518 518 
1 15 641 5 6 61 518 518 
1 15 641 5 6 61 518 518 
1 15 641 5 6 61 518 518 
1 15 641 5 6 61 518 518 
1 15 641 5 6 61 518 518 
1 15 641 5 6 61 518 518 
1 15 641 5 6 61 518 518 
1 15 641 5 6 61 518 518 
1 15 641 5 6 61 518 518 
1 15 641 5 6 61 518 518 
1 15 641 5 6 61 518 518 
1 15 641 5 6 61 518 518 
1 15 641 5 6 61 518 518 
1 15 51 313 78 641 5 6 61 518 518 
1 15 641 5 6 61 518 518 
1 15 641 5 6 61 518 518 
1 15 641 5 6 61 518 518 
1 15 641 5 6 61 518 518 
1 15 641 5 6 61 518 518 
1 15 641 5 6 61 518 518 
1 15 641 5 6 61 518 518 
1 15 641 5 6 61 518 518 
1 15 641 5 6 61 518 518 
1 15 641 5 6 61 518 518 
1 15 641 5 6 61 518 518 
1 15 641 5 6 61 518 518 
1 15 641 5 6 61 518 518 
1 15 641 5 6 61 518 518 
1 15 641 5 6 61 518 518 
1 15 641 5 6 61 518 518 
1 15 641 5 6 61 518 518 
1 15 641 5 6 61 518 518 
1 15 641 5 6 61 518 518 
1 15 641 5 6 61 518 518 
1 15 641 5 6 61 518 518 
1 15 641 5 6 61 518 518 
1 15 641 5 6 61 518 518 
1 15 641 5 6 61 518 518 
1 15 641 5 6 61 518 518 
1 15 641 5 6 61 518 518 
1 15 641 5 6 61 518 518 
1 15 51 313 78 641 5 6 61 518 518 
1 15 641 5 6 61 518 518 
1 15 641 5 6 61 518 518 
1 15 641 5 6 61 518 518 
1 15 51 313 78 641 5 6 61 518 518 
1 15 641 5 6 61 518 518 
1 15 641 5 6 61 518 518 
1 15 641 5 6 61 518 518 
1 15 641 5 6 61 518 518 
1 15 641 5 6 61 518 518 
1 15 641 5 6 61 518 518 
1 15 641 5 6 61 518 518 
1 15 51 313 78 641 5 6 61 518 518 
1 15 641 5 6 61 518 518 
1 15 641 5 6 61 518 518 
1 15 641 5 6 61 518 518 
1 15 641 5 6 61 518 518 
1 15 641 5 6 61 518 518 
1 15 641 5 6 61 518 518 
1 15 641 5 6 61 518 518 
1 15 641 5 6 61 518 518 
1 15 641 5 6 518 518 
1 15 641 5 6 518 518 
1 15 641 5 6 518 518 
1 15 641 5 6 518 518 
1 15 641 5 6 518 518 
1 15 641 5 6 518 518 
1 15 641 5 6 518 518 
1 15 641 5 27 28 6 21 518 518 
1 15 641 5 6 518 518 
1 15 641 5 27 28 6 21 518 518 
1 15 641 5 6 518 518 
1 15 641 5 6 518 518 
1 15 641 5 6 518 518 
1 15 2 641 4 5 6 518 518 
1 15 641 5 27 28 6 21 518 518 
1 15 2 641 4 5 27 28 6 21 518 518 
1 15 641 5 6 518 518 
1 15 641 5 6 518 518 
1 15 641 5 6 518 518 
1 15 641 5 6 518 518 
1 15 641 5 6 518 518 
1 15 641 5 6 518 518 
1 15 641 5 27 28 6 21 518 518 
1 15 641 5 6 518 518 
1 15 641 5 27 28 6 21 518 518 
1 15 641 5 27 28 6 21 518 518 
1 15 641 5 6 518 518 
1 15 641 5 6 518 518 
1 15 641 5 27 28 6 21 518 518 
1 15 641 5 6 518 518 
1 15 641 5 6 518 518 
1 15 641 5 6 518 518 
1 15 641 5 6 518 518 
1 15 641 5 6 518 518 
1 15 641 5 6 518 518 
1 15 641 5 6 518 518 
1 15 641 5 6 518 518 
1 15 641 5 6 518 518 
1 15 641 5 6 518 518 
1 15 641 5 27 28 6 21 518 518 
1 15 641 5 6 518 518 
1 15 641 5 27 28 6 21 518 518 
1 15 641 5 6 518 518 
1 15 641 5 27 28 6 21 518 518 
1 15 51 641 5 6 518 518 
1 15 641 5 6 518 518 
1 15 641 5 6 518 518 
1 15 641 5 6 518 518 
1 15 641 5 6 518 518 
1 15 641 5 6 518 518 
1 15 641 5 6 518 518 
1 15 641 5 27 28 6 21 518 518 
1 15 641 5 6 518 518 
1 15 641 5 6 518 518 
1 15 641 5 6 518 518 
1 15 641 5 6 518 518 
1 15 641 5 6 518 518 
1 53 54 15 51 641 5 27 28 6 21 518 518 
1 15 641 5 6 518 518 
1 15 641 5 6 518 518 
1 15 641 5 27 28 6 21 518 518 
1 15 641 5 6 518 518 
1 15 641 5 6 518 518 
1 15 641 5 6 518 518 
1 15 641 5 6 518 518 
1 15 641 5 6 518 518 
1 15 641 5 6 518 518 
1 15 641 5 6 518 518 
1 15 641 5 6 518 518 
1 15 641 5 6 518 518 
1 15 641 5 6 518 518 
1 15 93 2 94 641 5 6 518 518 
1 15 641 5 6 518 518 
1 15 641 5 27 28 6 21 518 518 
1 15 641 5 27 28 6 21 518 518 
1 15 641 5 27 28 6 21 518 518 
1 15 641 5 27 28 6 21 518 518 
1 15 641 5 27 28 6 21 518 518 
1 15 641 5 6 518 518 
1 15 641 5 27 28 6 21 518 518 
1 15 641 5 27 28 6 21 518 518 
1 15 641 5 27 28 6 21 518 518 
1 15 641 5 27 28 6 21 518 518 
1 15 641 5 27 28 6 21 518 518 
1 15 641 5 27 28 6 21 518 518 
1 15 641 5 6 518 518 
1 15 641 5 27 28 6 21 518 518 
1 15 93 2 94 641 5 27 28 6 21 518 518 
1 15 641 5 27 28 6 21 518 518 
1 15 641 5 6 518 518 
1 15 641 5 6 152 153 518 518 
1 15 641 5 6 518 518 
1 15 641 5 6 518 518 
1 15 641 5 27 28 6 21 518 518 
1 15 641 5 27 28 6 21 518 518 
1 15 641 5 27 28 6 21 518 518 
1 15 641 5 6 518 518 
1 15 641 5 27 28 6 21 518 518 
1 15 641 5 6 518 518 
1 15 641 5 27 28 6 21 518 518 
1 15 641 5 6 518 518 
1 15 641 5 27 28 6 21 518 518 
1 15 641 5 27 28 6 21 518 518 
1 15 641 5 27 28 6 21 518 518 
1 15 641 5 6 518 518 
1 15 641 5 6 518 518 
1 15 641 5 27 28 6 21 518 518 
1 15 641 5 6 518 518 
1 15 641 5 27 28 6 21 518 518 
1 15 641 5 6 518 518 
1 15 641 5 27 28 6 21 518 518 
1 15 641 5 6 518 518 
1 15 641 5 27 28 6 21 518 518 
1 15 641 5 6 518 518 
1 15 641 5 6 518 518 
1 53 54 15 51 641 5 27 28 6 21 518 518 
1 15 641 5 6 518 518 
1 15 641 5 6 518 518 
1 15 641 5 6 518 518 
1 15 641 5 6 518 518 
1 15 641 5 27 28 6 21 518 518 
1 15 641 5 6 518 518 
1 15 641 5 27 28 6 21 518 518 
1 15 641 5 6 518 518 
1 15 641 5 6 518 518 
1 15 641 5 27 28 6 21 518 518 
1 15 641 5 6 518 518 
1 15 641 5 6 518 518 
1 15 51 641 5 6 518 518 
1 15 641 5 6 518 518 
1 15 641 5 27 28 6 21 518 518 
1 15 641 5 27 28 6 21 518 518 
1 15 641 5 27 28 6 21 518 518 
1 15 641 5 27 28 6 21 518 518 
1 15 641 5 27 28 6 21 518 518 
1 15 641 5 27 28 6 21 518 518 
1 15 641 5 6 518 518 
1 15 641 5 6 518 518 
1 15 641 5 6 518 518 
1 15 641 5 6 518 518 
1 15 641 5 6 518 518 
1 15 641 5 6 518 518 
1 15 641 5 6 518 518 
1 15 641 5 6 518 518 
1 15 641 5 6 518 518 
1 15 641 5 6 518 518 
1 53 54 15 51 641 5 6 518 518 
1 15 641 5 6 518 518 
1 15 641 5 27 28 6 21 518 518 
1 15 641 5 6 518 518 
1 15 641 5 27 28 6 21 518 518 
1 15 641 5 27 28 6 21 518 518 
1 15 641 5 27 28 6 21 518 518 
1 15 641 5 27 28 6 21 518 518 
1 15 641 5 6 518 518 
1 15 641 5 6 518 518 
1 15 641 5 6 518 518 
1 15 641 5 27 28 6 21 518 518 
1 15 641 5 6 518 518 
1 15 641 5 6 518 518 
1 15 641 5 6 518 518 
1 15 641 5 6 518 518 
1 15 641 5 6 518 518 
1 15 641 5 27 28 6 21 518 518 
1 15 641 5 6 8 518 518 
1 15 641 5 6 518 518 
1 15 641 5 6 518 518 
1 15 641 5 6 518 518 
1 15 641 5 6 518 518 
1 15 641 5 6 518 518 
1 15 641 5 6 8 518 518 
1 15 641 5 6 518 518 
1 15 641 5 6 518 518 
1 15 641 5 27 28 6 21 518 518 
1 15 641 5 6 518 518 
1 15 641 5 6 518 518 
1 15 641 5 6 518 518 
1 15 641 5 27 28 6 21 518 518 
1 15 641 5 27 28 6 21 518 518 
1 15 641 5 6 518 518 
1 15 641 5 6 518 518 
1 15 641 5 6 518 518 
1 15 641 5 6 518 518 
1 15 641 5 6 518 518 
1 15 641 5 27 28 6 21 518 518 
1 15 641 5 6 518 518 
1 15 641 5 6 518 518 
1 15 641 5 6 518 518 
1 15 641 5 6 518 518 
1 15 641 5 27 28 6 21 518 518 
1 15 641 5 27 28 6 21 518 518 
1 15 641 5 27 28 6 21 518 518 
1 15 641 5 6 518 518 
1 15 641 5 6 518 518 
1 15 641 5 6 518 518 
1 15 641 5 6 518 518 
1 15 641 5 6 518 518 
1 15 641 5 27 28 6 21 518 518 
1 15 641 5 27 28 6 21 518 518 
1 15 641 5 6 518 518 
1 15 641 5 6 518 518 
1 15 641 5 6 518 518 
1 15 641 5 27 28 6 21 518 518 
1 15 641 5 6 518 518 
1 15 641 5 6 518 518 
1 15 641 5 27 28 6 21 518 518 
1 15 641 5 6 518 518 
1 15 641 5 27 28 6 21 518 518 
1 15 641 5 27 28 6 21 518 518 
1 15 641 5 27 28 6 21 518 518 
1 15 641 5 27 28 6 21 518 518 
1 15 641 5 27 28 6 21 518 518 
1 15 641 5 6 518 518 
1 15 641 5 27 28 6 21 518 518 
1 15 641 5 27 28 6 21 518 518 
1 15 641 5 6 518 518 
1 15 641 5 27 28 6 21 518 518 
1 15 641 5 6 518 518 
1 15 641 5 6 518 518 
1 15 641 5 6 518 518 
1 15 641 5 6 518 518 
1 15 641 5 6 518 518 
1 15 641 5 27 28 6 21 518 518 
1 15 641 5 27 28 6 21 518 518 
1 15 641 5 27 28 6 21 518 518 
1 15 641 5 27 28 6 21 518 518 
1 15 641 5 6 518 518 
1 15 641 5 6 518 518 
1 15 641 5 6 518 518 
1 15 641 5 6 518 518 
1 15 641 5 27 28 6 21 518 518 
1 15 641 5 6 518 518 
1 15 641 5 27 28 6 21 518 518 
1 15 641 5 6 518 518 
1 15 641 5 6 518 518 
1 15 641 5 27 28 6 21 518 518 
1 15 641 5 27 28 6 21 518 518 
1 15 641 5 6 21 518 518 
1 15 641 5 6 518 518 
1 15 641 5 27 28 6 21 518 518 
1 15 641 5 6 518 518 
1 15 641 5 6 518 518 
1 15 641 5 6 518 518 
1 15 641 5 6 518 518 
1 15 641 5 6 518 518 
1 15 641 5 6 518 518 
1 15 641 5 6 518 518 
1 15 641 5 6 518 518 
1 15 641 5 27 28 6 21 518 518 
1 15 641 5 6 518 518 
1 15 641 5 6 518 518 
1 15 641 5 27 28 6 21 518 518 
1 15 641 5 6 518 518 
1 15 641 5 6 518 518 
1 15 641 5 27 28 6 21 518 518 
1 15 641 5 27 28 6 21 518 518 
1 15 641 5 6 518 518 
1 15 641 5 27 28 6 21 518 518 
1 15 641 5 27 28 6 21 518 518 
1 15 641 5 6 518 518 
1 15 641 5 27 28 6 21 518 518 
1 15 641 5 6 518 518 
1 15 641 5 6 518 518 
1 15 55 56 57 641 5 27 28 6 21 518 518 
1 15 641 5 27 28 6 21 518 518 
1 15 55 56 57 641 5 6 518 518 
1 15 641 5 6 21 22 24 518 518 
1 442 15 401 641 5 6 518 518 
1 15 641 5 6 518 518 
1 15 641 5 6 518 518 
1 15 641 5 6 518 518 
1 15 641 5 6 518 518 
1 442 15 401 641 5 6 518 518 