1 18 51 5 7 8 
1 52 18 5 53 7 
1 52 18 5 53 7 
1 18 54 5 53 7 
1 52 18 5 53 7 
1 18 54 5 7 55 
1 18 54 5 7 55 
1 52 18 5 7 55 
1 18 54 5 7 55 
1 52 18 5 56 7 
1 18 54 5 7 
1 18 51 5 7 8 
1 52 18 5 7 55 
1 18 54 5 7 55 
1 18 51 5 7 8 
1 18 54 5 7 
1 52 18 5 7 
1 52 18 5 56 7 
1 18 54 5 56 7 
1 18 51 5 7 
1 18 51 5 7 8 
1 18 51 5 7 8 
1 57 18 5 7 55 
1 52 18 5 7 55 
1 18 54 5 7 55 
1 18 54 5 7 55 
1 18 54 5 7 55 
1 52 18 5 7 55 
1 18 54 5 7 55 
1 52 18 5 56 7 
1 52 18 5 56 7 
1 52 18 5 56 7 
1 52 18 5 56 7 
36 21 22 58 17 23 
36 21 37 22 58 17 59 23 
36 21 37 22 58 17 59 23 
36 21 22 58 17 59 23 
1 52 18 5 7 
1 52 18 5 7 60 
36 21 22 58 17 23 
36 21 37 22 58 17 23 
36 21 22 58 17 23 
36 21 37 22 58 17 23 
36 21 22 58 17 23 
36 21 37 22 58 17 23 
36 21 37 22 58 17 23 
1 36 18 21 22 58 17 23 
36 21 37 22 58 17 23 
1 57 18 5 7 
1 52 18 5 56 7 
1 52 18 5 56 7 
1 52 18 5 56 7 
1 18 61 5 56 7 
1 18 61 5 56 7 
1 52 18 5 56 7 
1 52 18 5 56 7 
1 52 18 5 56 7 
1 52 18 5 56 7 
1 52 18 5 56 7 
1 52 18 5 7 
1 18 54 5 7 55 
1 52 18 5 7 
1 18 54 5 7 55 
1 57 18 5 62 7 
1 52 18 5 62 7 
1 18 54 5 7 
1 18 54 5 56 7 
1 18 54 5 56 7 
1 52 18 5 56 7 
1 52 18 5 56 7 
1 52 18 5 56 7 
1 52 18 5 56 7 
1 18 54 5 56 7 
1 52 18 5 56 7 
1 52 18 5 56 7 
1 52 18 5 62 7 
1 52 18 5 62 7 
1 18 61 5 62 7 
1 57 18 5 62 7 
1 52 18 5 62 7 
1 57 18 5 62 7 
1 52 18 5 62 7 
1 52 18 5 62 7 
1 18 51 5 7 8 
1 52 18 5 63 64 7 
1 57 18 5 7 55 
1 18 54 5 7 55 
1 18 54 5 7 55 
1 57 18 5 7 55 
1 52 18 5 7 55 
1 18 54 5 7 
1 18 54 5 7 
1 18 54 5 7 55 
1 18 54 5 7 55 
1 57 18 5 7 
1 52 18 5 7 
1 52 18 5 7 65 
1 18 54 5 7 
1 57 18 5 62 7 
1 18 61 5 62 7 
