376 334 436 436 
1 376 15 334 436 436 
1 376 15 334 436 436 
1 376 15 334 436 436 
1 376 15 334 436 436 
376 334 436 436 
376 334 436 436 
376 334 436 436 
376 334 436 436 
1 376 15 334 436 436 
1 376 15 334 436 436 
376 334 436 436 
1 376 15 334 436 436 
376 334 436 436 
376 334 436 436 
1 376 15 334 436 436 
376 334 254 436 36 255 436 
376 51 334 436 436 
1 376 15 334 16 436 436 
376 334 436 436 
376 334 730 436 436 
376 334 730 436 436 
376 334 21 436 436 
376 334 730 436 436 
376 334 730 436 436 
376 334 730 436 436 
1 376 15 334 730 436 436 
1 376 15 334 730 436 436 
1 376 15 334 436 436 
376 334 436 436 
376 334 436 436 
376 334 436 436 
376 334 730 436 436 
376 334 21 436 436 
376 334 730 436 436 
376 334 730 436 436 
376 334 730 436 436 
376 334 730 436 436 
376 334 730 436 436 
376 334 730 436 436 
376 334 730 436 436 
376 334 436 436 
376 334 436 436 
376 334 730 436 436 
376 334 730 436 436 
376 334 730 436 436 
376 334 730 436 436 
376 334 730 436 436 
376 334 730 436 436 
1 376 15 334 730 436 436 
376 334 730 436 436 
1 376 15 334 730 436 436 
376 334 730 436 436 
376 334 436 436 
1 376 15 334 436 770 436 
1 376 15 334 436 436 
376 334 730 436 436 
376 334 730 436 436 
376 334 730 436 436 
376 334 730 436 436 
376 334 730 436 436 
376 334 730 436 436 
376 334 730 436 436 
376 54 51 334 222 192 730 436 436 
1 376 15 334 21 436 436 
376 334 730 436 436 
376 334 21 436 436 
376 334 730 436 10 436 
376 334 730 436 436 
376 190 54 51 334 192 269 730 436 436 
376 334 730 436 436 
376 334 730 436 436 
376 334 730 436 436 
376 334 730 436 436 
376 334 730 436 436 
376 334 730 436 436 
376 334 730 436 436 
376 334 730 436 436 
376 334 730 436 436 
1 376 15 334 730 436 436 
376 334 730 436 436 
376 334 91 5 730 6 436 92 436 
376 334 21 436 436 
376 334 81 21 436 82 24 436 
376 334 81 21 436 82 24 436 
376 334 81 21 436 82 24 436 
376 334 436 436 
376 334 436 436 
376 334 436 436 
376 334 730 436 436 
376 334 436 436 
1 376 15 334 436 436 
376 334 730 436 436 
376 334 730 436 436 
376 334 436 436 
376 334 730 436 436 
376 334 730 436 436 
376 334 730 436 436 
376 334 730 436 436 
1 376 15 334 27 28 21 436 436 
1 376 15 334 27 28 21 436 436 
376 334 21 436 436 
376 334 436 436 
376 334 436 436 
376 334 730 436 436 
376 334 730 436 436 
376 334 730 436 436 
376 334 730 436 436 
376 334 730 436 436 
376 334 730 436 436 
376 334 730 436 436 
376 334 730 436 436 
376 334 730 436 436 
376 334 436 436 
376 334 436 436 
1 376 15 334 436 436 
376 334 730 436 436 
376 334 730 436 436 
1 376 15 334 730 436 436 
376 334 730 436 436 
376 334 730 436 436 
1 376 15 334 730 436 436 
376 334 730 436 436 
376 334 730 436 436 
1 376 15 334 436 436 
1 376 15 334 730 436 436 
1 376 15 334 730 436 436 
376 334 730 436 436 
1 376 15 334 730 436 436 
376 54 51 334 222 192 730 436 436 
1 376 15 334 730 436 436 
376 334 730 436 436 
1 376 15 334 730 436 436 
1 376 15 334 730 436 436 
376 334 730 436 436 
376 334 730 436 436 
376 334 436 436 
376 334 5 671 6 436 23 436 
376 334 436 436 
376 334 436 436 
376 334 436 436 
376 334 21 436 436 
1 376 15 334 730 436 436 
376 334 730 436 436 
1 376 15 334 730 436 436 
376 334 730 436 436 
376 334 730 436 436 
1 376 15 334 436 770 436 
376 334 730 436 436 
376 334 730 436 436 
376 334 730 436 436 
376 334 730 436 436 
1 376 15 334 730 436 436 
1 376 15 334 730 436 436 
376 334 730 436 436 
376 334 730 436 436 
376 334 730 436 436 
376 334 436 436 
1 376 15 334 436 436 
1 376 15 334 730 436 436 
376 334 730 436 436 
376 334 730 436 436 
376 54 51 334 222 192 730 436 436 
1 376 15 334 730 436 436 
376 334 730 436 436 
376 334 730 436 436 
1 376 15 334 730 436 436 
1 376 15 334 730 436 436 
376 190 54 51 334 192 269 730 436 436 
376 190 54 51 334 192 269 730 436 436 
376 334 730 436 436 
376 334 730 436 436 
376 334 730 436 436 
376 334 730 436 436 
376 334 730 436 436 
376 334 730 436 436 
376 334 730 436 436 
376 334 730 436 436 
376 334 730 436 436 
1 376 15 334 159 436 36 130 436 
376 334 159 436 36 130 436 
376 334 436 436 
376 334 436 436 
376 334 436 436 
376 334 436 436 
376 334 436 436 
376 334 91 5 730 6 436 92 436 
376 334 436 436 
376 334 730 436 436 
1 376 15 334 436 436 