51 257 601 313 78 81 21 22 510 82 68 24 510 
51 257 601 313 78 81 21 22 510 82 68 24 510 
51 257 601 21 22 510 68 24 510 
51 257 601 21 22 510 68 24 510 
51 257 601 21 22 510 68 24 510 
51 257 601 21 22 510 68 24 510 
51 257 601 21 22 510 68 24 510 
51 257 601 21 22 510 68 24 510 
51 257 601 81 21 22 510 82 24 510 
51 257 601 81 21 22 510 82 24 510 
51 257 601 313 78 81 21 22 510 82 24 510 
51 257 601 313 78 81 21 22 510 82 24 510 
51 257 601 313 78 81 21 22 510 82 24 510 
51 257 601 313 78 81 21 22 510 82 24 510 
51 257 601 313 78 81 21 22 510 82 24 510 
51 257 601 313 78 81 21 22 510 82 24 510 
51 257 601 313 78 81 21 22 510 82 24 510 
51 257 601 313 78 81 21 22 510 82 24 510 
51 257 601 313 78 81 21 22 510 82 24 510 
1 15 51 257 601 43 21 22 510 68 24 510 
1 15 51 257 601 43 21 22 510 68 24 510 
51 257 601 81 21 22 510 82 24 510 
51 257 601 81 21 22 510 82 68 24 510 
51 257 601 21 22 352 99 353 510 100 510 
51 257 601 21 22 352 99 353 510 100 510 
51 257 601 81 21 22 510 82 68 24 510 
51 257 601 81 21 22 510 82 68 24 510 
51 257 601 81 21 22 510 82 68 24 510 
51 257 601 21 22 510 510 
51 257 601 21 22 510 510 
51 257 601 21 22 510 510 
51 257 601 21 22 510 510 
51 257 601 21 22 510 510 
51 257 601 21 22 510 510 
51 257 601 21 22 510 510 
51 257 601 21 22 510 510 
51 257 601 21 22 510 510 
51 257 601 21 22 510 510 
51 257 601 21 22 510 510 
51 257 601 21 22 510 510 
51 257 601 21 22 510 510 
51 257 601 21 22 510 510 
51 257 601 21 22 510 510 
51 257 601 21 22 510 510 
51 257 601 21 22 510 510 
51 257 601 21 22 510 510 
51 257 601 21 22 510 510 
51 257 601 21 22 510 510 
51 257 601 21 22 510 510 
51 257 601 21 22 510 510 
51 257 601 21 22 510 510 
51 257 601 21 22 510 510 
51 257 601 21 22 510 510 
51 257 601 21 22 510 510 
51 257 601 21 22 510 510 
51 257 601 21 22 510 510 
51 257 601 21 22 510 510 
51 257 601 21 22 510 510 
51 257 601 21 22 510 510 
51 257 601 21 22 510 510 
51 257 601 21 22 510 510 
51 257 601 21 22 510 510 
51 257 601 21 22 510 510 
51 257 601 21 22 510 510 
51 257 601 21 22 510 510 
51 257 601 21 22 510 510 
51 257 601 21 22 510 510 
51 257 601 21 22 510 510 
51 257 601 21 22 510 510 
51 257 601 21 22 510 510 
51 257 601 21 22 510 510 
51 257 601 133 21 22 510 68 24 510 
51 257 601 5 6 21 22 510 61 510 
51 257 601 313 78 5 6 21 22 510 61 510 
51 257 601 5 6 21 22 510 61 510 
51 257 601 5 6 21 22 510 61 510 
51 257 601 21 22 510 510 
51 257 601 21 22 510 510 
51 257 601 21 22 510 510 
51 257 601 313 78 81 21 22 510 82 68 24 510 
51 257 601 21 22 510 510 
51 257 601 21 22 510 510 
51 257 601 21 22 510 510 
51 257 601 21 22 510 510 
51 257 601 21 22 510 510 
51 257 601 21 22 510 510 
51 257 601 21 22 510 510 
51 257 601 21 22 510 510 
51 257 601 21 22 510 510 
51 257 601 21 22 510 510 
51 257 601 21 22 510 510 
51 257 601 21 22 510 510 
51 257 601 21 22 510 510 
51 257 601 21 22 510 510 
51 257 601 21 22 510 510 
51 257 601 21 22 510 510 
51 257 601 21 22 510 510 
51 257 601 21 22 510 510 
51 257 601 21 22 510 510 
51 257 601 21 22 510 510 
51 257 601 21 22 510 510 
51 257 601 21 22 510 510 
51 257 601 21 22 510 510 
51 257 601 21 22 510 510 
51 257 601 21 22 510 510 
51 257 601 21 22 510 510 
51 257 601 21 22 510 510 
51 257 601 21 22 510 510 
51 257 601 21 22 510 510 
51 257 601 21 22 510 510 
51 257 601 21 22 510 510 
51 257 601 21 22 510 510 
51 257 601 21 22 510 510 
51 257 601 21 22 510 510 
51 257 601 21 22 510 510 
51 257 601 21 22 510 510 
51 257 601 21 22 510 510 
51 257 601 21 22 510 510 
51 257 601 21 22 510 510 
51 257 601 21 22 510 510 
51 257 601 21 22 510 510 
51 257 601 21 22 510 510 
51 257 601 21 22 510 510 
51 257 601 21 22 510 510 
1 15 51 257 601 43 21 22 510 510 
51 257 601 21 22 510 510 
51 257 601 21 22 510 510 
51 257 601 21 22 510 510 
51 257 601 5 6 21 22 510 61 510 
51 257 601 5 6 21 22 510 61 510 
51 257 601 5 6 21 22 510 61 510 
51 257 601 5 6 21 22 510 61 510 
51 257 601 5 6 21 22 510 61 510 
51 257 601 5 6 21 22 510 61 510 
51 257 601 5 6 21 22 510 61 510 
51 257 601 5 6 21 22 510 61 510 
51 257 601 5 6 21 22 510 61 510 
51 257 601 5 6 21 22 510 61 510 
51 257 601 5 6 21 22 510 61 510 
51 257 601 5 6 21 22 510 61 510 
51 257 601 5 6 21 22 510 61 510 
51 257 601 21 22 510 510 
51 257 601 21 22 510 510 
51 257 601 21 22 510 510 
51 257 601 21 22 510 510 
51 257 601 5 6 21 22 510 61 510 
51 257 601 5 6 21 22 510 61 510 
51 257 601 5 6 21 22 510 61 510 
51 257 601 5 6 21 22 510 61 510 
51 257 601 5 6 21 22 510 61 510 
51 257 601 5 6 21 22 510 61 510 
51 257 601 5 6 21 22 510 61 510 
51 257 601 5 6 21 22 510 61 510 
51 257 601 5 6 21 22 510 61 510 
51 257 601 5 6 21 22 510 61 510 
51 257 601 5 6 21 22 510 61 510 
51 257 601 5 6 21 22 510 61 510 
51 257 601 5 6 21 22 510 61 510 
51 257 601 5 6 21 22 510 61 510 
51 257 601 5 6 21 22 510 61 510 
51 257 601 5 6 21 22 510 61 510 
51 257 601 5 6 21 22 510 61 510 
51 257 601 5 6 21 22 510 61 510 
51 257 601 5 6 21 22 510 61 510 
51 257 601 5 6 21 22 510 61 510 
51 257 601 5 6 21 22 510 61 510 
51 257 601 5 6 21 22 510 61 510 
51 257 601 5 6 21 22 510 61 510 
51 257 601 5 6 21 22 510 61 510 
51 257 601 5 6 21 22 510 61 510 
51 257 601 5 6 21 22 510 61 510 
51 257 601 5 6 21 22 510 61 510 
51 257 601 5 6 21 22 510 61 510 
51 257 601 5 6 21 22 510 61 510 
51 257 601 5 6 21 22 510 61 510 
51 257 601 5 6 21 22 510 61 510 
51 257 601 5 6 21 22 510 61 510 
51 257 601 5 6 21 22 510 61 510 
51 257 601 5 6 21 22 510 61 510 
51 257 601 5 6 21 22 510 61 510 
51 257 601 5 6 21 22 510 61 510 
51 257 601 5 6 21 22 510 61 510 
51 257 601 5 6 21 22 510 61 510 
51 257 601 5 6 21 22 510 61 510 
51 257 601 5 6 21 22 510 61 510 
51 257 601 5 6 21 22 510 61 510 
51 257 601 5 6 21 22 510 61 510 
51 257 601 5 6 21 22 510 61 510 
51 257 601 5 6 21 22 510 61 510 
51 257 601 5 6 21 22 510 61 510 
51 257 601 5 6 21 22 510 61 510 
51 257 601 5 6 21 22 510 61 510 
51 257 601 5 6 21 22 510 61 510 
1 15 51 257 601 43 5 6 21 22 510 61 510 
51 257 601 5 6 21 22 510 61 510 
51 257 601 5 6 21 22 510 61 510 
51 257 601 5 6 21 22 510 61 510 
51 257 601 5 6 21 22 510 61 510 
51 257 601 5 6 21 22 510 61 510 
51 257 601 5 6 21 22 510 61 510 
51 257 601 5 6 21 22 510 61 510 
51 257 601 5 6 21 22 510 61 510 
51 257 601 5 6 21 22 510 61 510 
51 257 601 5 6 21 22 510 61 510 
51 257 601 5 6 21 22 510 61 510 
51 257 601 5 6 21 22 510 61 510 
51 257 601 5 6 21 22 510 61 510 
51 257 601 5 6 21 22 510 61 510 
51 257 601 5 6 21 22 510 61 510 
51 257 601 5 6 21 22 510 61 510 
51 257 601 5 6 21 22 510 61 510 
51 257 601 5 6 21 22 510 61 510 
51 257 601 5 6 21 22 510 61 510 
51 257 601 5 6 21 22 510 61 510 
51 257 601 5 6 21 22 510 61 510 
51 257 601 5 6 21 22 510 61 510 
51 257 601 5 6 21 22 510 61 510 
51 257 601 5 6 21 22 510 61 510 
51 257 601 5 6 21 22 510 61 510 
51 257 601 5 6 21 22 510 61 510 
51 257 601 5 6 21 22 510 61 510 
51 257 601 5 6 21 22 510 61 510 
51 257 601 5 6 21 22 510 61 510 
51 257 601 5 6 21 22 510 61 510 
51 257 601 5 6 21 22 510 61 510 
51 257 601 5 6 21 22 510 61 510 
51 257 601 5 6 21 22 510 61 510 
51 257 601 5 6 21 22 510 61 510 
51 257 601 5 6 21 22 510 61 510 
51 257 601 5 6 21 22 510 61 510 
51 257 601 5 6 21 22 510 61 510 
51 257 601 5 6 21 22 510 61 510 
51 257 601 5 6 21 22 510 61 510 
1 15 51 257 601 43 5 6 21 22 510 61 510 
51 257 601 5 6 21 22 510 61 510 
51 257 601 5 6 21 22 510 61 510 
51 257 601 5 6 21 22 510 61 510 
51 257 601 5 6 21 22 510 61 510 
1 15 51 257 601 43 5 6 21 22 510 61 510 
51 257 601 5 6 21 22 510 61 510 
51 257 601 5 6 21 22 510 61 510 
51 257 601 5 6 21 22 510 61 510 
51 257 601 5 6 21 22 510 61 510 
51 257 601 5 6 21 22 510 61 510 
51 257 601 5 6 21 22 510 61 510 
51 257 601 5 6 21 22 510 61 510 
51 257 601 5 6 21 22 510 61 510 
51 257 601 21 22 510 510 
51 257 601 21 22 510 510 
51 257 601 21 22 510 510 
51 257 601 21 22 510 510 
51 257 601 21 22 510 510 
51 257 601 21 22 510 510 
51 257 601 21 22 510 510 
51 257 601 5 6 21 22 510 61 510 
51 257 601 5 6 21 22 510 61 510 
51 257 601 5 6 21 22 510 61 510 
51 257 601 21 22 510 510 
51 257 601 21 22 510 510 
51 257 601 21 22 510 510 
51 257 601 21 22 510 510 
51 257 601 21 22 510 510 
51 257 601 21 22 510 510 
51 257 601 21 22 510 510 
51 257 601 21 22 510 510 
51 257 601 21 22 510 510 
51 257 601 21 22 510 510 
51 257 601 21 22 510 510 
51 257 601 21 22 510 510 
51 257 601 21 22 510 510 
51 257 601 21 22 510 510 
51 257 601 21 22 510 510 
51 257 601 21 22 510 510 
51 257 601 21 22 510 510 
51 257 601 21 22 510 510 
51 257 601 21 22 510 510 
51 257 601 21 22 510 510 
51 257 601 21 22 510 510 
51 257 601 21 22 510 510 
51 257 601 21 22 510 510 
51 257 601 21 22 510 510 
51 257 601 21 22 510 510 
51 257 601 21 22 510 510 
51 257 601 21 22 510 510 
51 257 601 21 22 510 510 
51 257 601 21 22 510 510 
51 257 601 21 22 510 510 
51 257 601 21 22 510 510 
51 257 601 21 22 510 510 
51 257 601 21 22 510 510 
51 257 601 21 22 510 510 
51 257 601 21 22 510 510 
51 257 601 21 22 510 510 
51 257 601 5 6 21 22 510 61 510 
51 257 601 5 6 21 22 510 61 510 
51 257 601 5 6 21 22 510 61 510 
51 257 601 5 6 21 22 510 61 510 
51 257 601 5 6 21 22 510 61 510 
51 257 601 5 6 21 22 510 61 510 
51 257 601 5 6 21 22 510 61 510 
51 257 601 5 6 21 22 510 61 510 
51 257 601 5 6 21 22 510 61 510 
51 257 601 5 6 21 22 510 61 510 
51 257 601 21 22 510 510 
51 257 601 21 22 510 510 
51 257 601 21 22 510 510 
51 257 601 21 22 510 510 
51 257 601 21 22 510 510 
51 257 601 21 22 510 510 
51 257 601 21 22 510 510 
51 257 601 21 22 510 510 
51 257 601 21 22 510 510 
51 257 601 21 22 510 510 
51 257 601 21 22 510 510 
51 257 601 21 22 510 510 
51 257 601 21 22 510 510 
51 257 601 21 22 510 510 
51 257 601 21 22 510 510 
51 257 601 21 22 510 510 
51 257 601 21 22 510 510 
51 257 601 21 22 510 510 
51 257 601 21 22 510 510 
51 257 601 21 22 510 510 
51 257 601 21 22 510 510 
51 257 601 21 22 510 510 
51 257 601 21 22 510 510 
51 257 601 21 22 510 510 
51 257 601 21 22 510 510 
51 257 601 21 22 510 510 
51 257 601 21 22 510 510 
51 257 601 21 22 510 510 
51 257 601 21 22 510 510 
51 257 601 21 22 510 510 
51 257 601 21 22 510 510 
1 15 51 257 601 43 21 22 510 510 
51 257 601 21 22 510 510 
51 257 601 21 22 510 510 
51 257 601 21 22 510 510 
51 257 601 21 22 510 510 
51 257 601 21 22 510 510 
51 257 601 21 22 510 510 
51 257 601 21 22 510 510 
51 257 601 21 22 510 510 
51 257 601 21 22 510 510 
51 257 601 21 22 510 510 
51 257 601 21 22 510 510 
51 257 601 21 22 510 510 
51 257 601 21 22 510 510 
51 257 601 21 22 510 510 
51 257 601 21 22 510 510 
51 257 601 21 22 510 510 
51 257 601 21 22 510 510 
51 257 601 21 22 510 510 
51 257 601 21 22 510 510 
51 257 601 21 22 510 510 
1 15 51 257 601 43 21 22 510 510 
1 15 51 257 601 43 21 22 510 510 
51 257 601 21 22 510 510 
51 257 601 21 22 510 510 
51 257 601 21 22 510 510 
51 257 601 21 22 510 510 
51 257 601 21 22 510 510 
51 257 601 21 22 510 510 
51 257 601 21 22 510 510 
51 257 601 21 22 510 510 
51 257 601 21 22 510 510 
51 257 601 21 22 510 510 
51 257 601 21 22 510 510 
51 257 601 21 22 510 510 
51 257 601 21 22 510 510 
51 257 601 21 22 510 510 
51 257 601 21 22 510 510 
51 257 601 21 22 510 510 
51 257 601 21 22 510 510 
51 257 601 21 22 510 510 
51 257 601 21 22 510 510 
51 257 601 21 22 510 510 
51 257 601 21 22 510 510 
51 257 601 21 22 510 510 
51 257 601 21 22 510 510 
51 257 601 21 22 510 510 
51 257 601 21 22 510 510 
51 257 601 21 22 510 510 
51 257 601 21 22 510 510 
51 257 601 21 22 510 510 
51 257 601 21 22 510 510 
51 257 601 21 22 510 510 
51 257 601 21 22 510 510 
51 257 601 21 22 510 510 
51 257 601 21 22 510 510 
51 257 601 21 22 510 510 
51 257 601 21 22 510 510 
51 257 601 21 22 510 510 
51 257 601 21 22 510 510 
51 257 601 21 22 510 510 
51 257 601 21 22 510 510 
51 257 601 21 22 510 68 24 510 
51 257 601 21 22 510 510 
51 257 601 21 22 510 510 
51 257 601 21 22 510 510 
51 257 601 21 22 510 510 
51 257 601 21 22 510 510 
51 257 601 21 22 510 510 
51 257 601 21 22 510 510 
51 257 601 21 22 510 510 
51 257 601 21 22 510 510 
51 257 601 21 22 510 510 
51 257 601 21 22 510 510 
51 257 601 21 22 510 510 
51 257 601 21 22 510 510 
51 257 601 21 22 510 510 
51 257 601 313 78 177 112 21 22 510 113 309 310 510 
51 257 601 313 78 177 112 21 22 510 113 309 310 510 
51 257 601 21 22 510 510 
51 257 601 21 22 510 510 
51 257 601 21 22 510 510 
51 257 601 21 22 510 510 
51 257 601 21 22 510 510 
51 257 601 21 22 510 510 
51 257 601 21 22 510 510 
51 257 601 21 22 510 510 
51 257 601 21 22 510 510 
51 257 601 21 22 510 510 
51 257 601 21 22 510 510 
51 257 601 21 22 510 510 
51 257 601 21 22 510 510 
51 257 601 21 22 510 510 
51 257 601 21 22 510 510 
51 257 601 21 22 510 510 
51 257 601 21 22 510 510 
51 257 601 21 22 510 510 
51 257 601 21 22 510 510 
51 257 601 21 22 510 510 
51 257 601 21 22 510 510 
51 257 601 21 22 510 510 
51 257 601 21 22 510 510 
51 257 601 21 22 510 510 
51 257 601 21 22 510 510 
51 257 601 21 22 510 510 
51 257 601 21 22 510 510 
51 257 601 21 22 510 510 
51 257 601 21 22 510 510 
51 257 601 21 22 510 510 
51 257 601 21 22 510 510 
51 257 601 21 22 510 510 
51 257 601 21 22 510 510 
51 257 601 21 22 510 510 
51 257 601 21 22 510 510 
51 257 601 21 22 510 510 
51 257 601 21 22 510 510 
51 257 601 21 22 510 510 
51 257 601 21 22 510 510 
51 257 601 21 22 510 510 
51 257 601 21 22 510 510 
51 257 601 21 22 510 510 
51 257 601 21 22 510 510 
51 257 601 21 22 510 510 
51 257 601 21 22 510 510 
51 257 601 21 22 510 510 
51 257 601 5 6 21 22 510 61 510 
51 257 601 21 22 510 510 
51 257 601 21 22 510 510 
51 257 601 21 22 510 510 
51 257 601 21 22 510 510 
51 257 601 21 22 510 510 
51 257 601 21 22 510 510 
51 257 601 21 22 510 510 
1 15 51 257 601 43 21 22 510 510 
1 51 257 601 21 22 510 68 24 510 
51 257 601 313 78 21 22 510 68 24 510 
51 257 601 21 22 510 68 24 510 
51 257 601 313 78 21 22 510 68 24 510 
51 257 601 313 78 21 22 510 68 24 510 
51 257 601 313 78 21 22 510 68 24 510 
51 257 601 313 78 21 22 510 68 24 510 
51 257 601 313 78 21 22 510 68 24 510 
51 257 601 313 78 21 22 510 68 24 510 
51 257 601 313 78 21 22 510 68 24 510 
51 257 601 313 78 21 22 510 68 24 510 
51 257 601 313 78 21 22 510 68 24 510 
51 257 601 21 22 510 68 24 510 
51 257 601 313 78 21 22 510 68 24 510 
51 257 601 313 78 21 22 510 68 24 510 
51 257 601 21 22 510 68 24 510 
1 51 257 601 21 22 510 68 24 510 
51 257 601 21 22 510 68 24 510 
51 257 601 313 78 21 22 510 68 24 510 
51 257 601 21 22 510 510 
51 257 601 21 22 510 510 
51 257 601 21 22 510 510 
51 257 601 21 22 510 510 
51 257 601 21 22 510 510 
51 257 601 21 22 510 510 
51 257 601 21 22 510 510 
51 257 601 21 22 510 510 
51 257 601 21 22 510 510 
51 257 601 21 22 510 510 
51 257 601 21 22 510 510 
51 257 601 21 22 510 510 
51 257 601 21 22 510 510 
51 257 601 21 22 510 510 
51 257 601 21 22 510 510 
51 257 601 21 22 510 510 
51 257 601 21 22 510 510 
51 257 601 21 22 510 510 
51 257 601 21 22 510 510 
51 257 601 21 22 510 510 