245 59 128 246 60 160 5 162 8 639 639 
245 59 128 246 60 160 5 162 8 639 639 
245 59 128 246 60 160 5 162 8 639 639 
1 245 59 128 2 246 60 160 5 162 8 639 639 
245 59 128 246 60 160 5 162 8 639 639 
245 59 128 246 60 160 5 162 8 639 639 
245 59 128 246 60 160 5 162 8 639 639 
245 59 128 246 60 160 5 162 8 639 639 
245 59 128 246 60 160 5 162 8 639 639 
245 59 128 246 60 160 5 162 8 639 639 
245 59 128 246 60 160 5 162 8 639 639 
245 59 128 246 60 160 5 162 8 639 639 
245 59 128 246 60 160 5 162 8 639 639 
245 59 128 246 60 160 5 162 8 639 639 
245 59 128 246 60 160 5 162 8 639 639 
245 59 128 246 60 160 5 162 8 639 639 
245 59 128 246 60 160 5 162 8 639 639 
245 59 128 246 60 160 5 162 8 639 639 
245 59 128 246 60 160 5 162 8 639 639 
245 59 128 246 60 160 5 162 8 639 639 
245 59 128 246 60 160 5 162 8 639 639 
245 59 128 246 60 160 5 162 8 639 639 
245 59 128 246 60 160 5 162 8 639 639 
245 59 128 246 60 160 5 162 8 639 639 
245 59 128 246 60 160 5 162 8 639 639 
245 59 128 246 60 160 5 162 8 639 639 
1 245 59 128 2 246 60 160 5 162 8 639 639 
1 245 59 128 661 2 246 60 160 167 5 162 8 639 639 
245 59 128 246 60 160 5 162 8 639 639 
245 59 128 246 60 160 5 162 8 639 639 
1 245 59 128 2 246 60 160 5 162 8 639 639 
245 59 128 246 60 160 5 162 8 639 639 
245 59 128 246 60 160 5 162 8 639 639 
245 59 128 246 60 160 5 162 8 639 639 
245 59 128 246 60 160 5 162 8 639 639 
245 59 128 246 60 160 5 162 8 639 35 639 
245 59 128 246 60 160 5 162 8 639 639 
245 59 128 246 60 160 5 162 8 639 639 
245 59 128 246 60 160 5 162 8 639 639 
245 59 128 246 60 160 5 162 8 639 639 
245 59 128 246 60 160 5 162 8 639 639 
245 59 128 246 60 160 5 162 8 639 639 
245 59 128 246 60 160 5 162 8 639 639 
1 245 59 128 2 246 60 160 5 162 8 639 639 
245 59 128 246 60 160 5 162 8 639 639 
245 59 128 246 60 160 5 162 8 639 639 
1 245 59 128 2 246 60 160 5 162 8 639 639 
245 59 128 246 60 160 5 162 8 639 639 
245 59 128 246 60 160 5 162 8 639 639 
245 59 128 246 60 160 5 162 8 639 639 
245 59 128 246 60 160 5 162 8 639 639 
245 59 128 246 60 160 5 162 8 639 639 
245 59 128 246 60 160 5 162 8 639 639 
245 59 128 246 60 160 5 162 8 639 639 
245 59 128 246 60 160 5 162 8 639 639 
245 59 128 246 60 160 5 162 8 639 639 
245 59 128 246 60 160 5 162 8 639 639 
245 59 128 246 60 160 5 162 8 639 639 
245 59 128 246 60 160 5 162 8 639 639 
245 59 128 246 60 160 5 162 8 639 639 
245 59 128 246 60 160 5 162 8 639 639 
245 59 128 246 60 160 5 162 8 639 639 
245 59 128 246 60 160 5 162 8 639 639 
245 59 128 246 60 160 5 162 8 639 639 
245 59 128 246 60 160 5 162 8 639 639 
245 59 128 246 60 160 5 162 8 639 639 
245 59 128 246 60 160 5 162 8 639 639 
245 59 128 246 60 160 5 162 8 639 639 
245 59 128 246 60 160 5 162 8 639 639 
245 59 128 246 60 160 5 162 8 639 639 
245 59 128 246 60 160 5 162 8 639 639 
245 59 128 246 60 160 5 162 8 639 639 
245 59 128 246 60 160 5 162 8 639 639 
245 59 128 246 60 160 5 162 8 639 639 
245 59 128 246 60 160 5 162 8 639 639 
245 59 128 246 60 160 5 162 8 639 639 
245 59 128 246 60 160 5 162 8 639 639 
245 59 128 246 60 160 5 162 8 639 639 
245 59 128 246 60 160 5 162 8 639 639 