51 257 313 78 21 22 68 24 24 
51 257 313 78 21 22 68 24 24 
51 257 313 78 21 22 68 24 24 
51 257 313 78 21 22 68 24 24 
51 257 313 78 21 22 68 24 24 
51 257 313 78 21 22 68 24 24 
452 51 257 313 78 21 22 352 99 24 100 24 
51 257 313 78 21 22 68 24 24 
51 257 313 78 21 22 68 24 24 
51 257 313 78 21 22 68 24 24 
51 257 313 78 21 68 24 24 
51 257 313 78 21 68 24 24 
51 257 313 78 21 68 24 24 
51 257 313 78 21 68 24 24 
452 51 257 313 78 21 68 24 24 
51 257 313 78 21 68 24 24 
51 257 313 78 21 68 24 24 
51 257 313 78 21 68 24 24 
51 257 313 78 21 68 24 24 
51 257 313 78 21 68 24 24 
51 257 313 78 21 68 24 24 
51 257 313 78 21 68 24 24 
452 51 257 313 78 21 68 24 24 
51 257 313 78 21 22 68 24 24 
51 257 313 78 21 22 68 24 24 
451 51 257 313 78 21 22 68 24 24 
51 257 313 78 5 21 8 24 24 
51 257 313 78 21 68 24 24 
452 51 257 313 78 21 68 24 24 
51 257 313 78 21 68 24 24 
452 51 257 313 78 21 68 24 24 
51 257 313 78 21 22 68 24 24 
51 257 313 78 21 22 68 24 24 
51 257 313 78 5 6 21 24 24 
51 257 313 78 5 6 21 24 24 
51 257 313 78 21 22 68 24 24 
51 257 313 78 21 22 68 24 24 
51 257 313 78 21 22 68 24 24 
51 257 313 78 21 68 24 24 
51 257 313 78 21 68 24 24 
51 257 313 78 21 22 68 24 24 
51 257 313 78 21 22 68 24 24 
51 257 313 78 21 22 68 24 24 
51 257 313 78 21 22 68 24 24 
452 51 257 313 78 21 22 68 24 24 
451 51 257 313 78 21 22 68 24 24 
51 257 313 78 21 22 68 24 24 
451 51 257 313 78 133 354 21 22 68 24 24 
51 257 313 78 354 21 22 68 24 24 
51 257 313 78 354 21 22 68 24 24 
51 257 313 78 354 21 22 68 24 24 
51 257 313 78 354 21 22 68 24 24 
51 257 313 78 21 22 68 24 24 
451 51 257 313 78 21 68 24 24 
51 257 313 78 354 21 22 68 24 24 
51 257 313 78 354 21 22 68 24 24 
51 257 313 78 354 21 22 68 24 24 
51 257 313 78 354 21 22 68 24 24 
51 257 313 78 354 21 22 68 24 24 
451 51 257 313 78 21 22 68 24 24 
51 257 313 78 21 22 68 24 24 
51 257 313 78 21 22 68 24 24 
451 51 257 313 78 21 22 68 24 24 
51 257 313 78 21 22 68 24 24 
51 257 313 78 21 68 24 24 
51 257 313 78 21 68 24 24 
51 257 313 78 21 68 24 24 
51 257 313 78 21 68 24 24 
452 51 257 313 78 21 68 24 24 
451 51 257 313 78 21 68 24 24 
51 257 313 78 21 68 24 24 
51 257 313 78 21 68 24 24 
452 51 257 313 78 21 68 24 24 
452 51 257 313 78 21 68 24 24 
452 51 257 313 78 21 68 24 24 
51 257 313 78 21 68 24 24 
51 257 313 78 21 68 24 24 
452 51 257 313 78 21 68 24 24 
452 51 257 313 78 21 68 24 24 
51 257 313 78 21 68 24 24 
51 257 313 78 21 68 24 24 
452 51 257 313 78 21 68 24 24 
51 257 313 78 21 68 24 24 
51 257 313 78 21 68 24 24 
51 257 313 78 21 68 24 24 
51 257 313 78 21 68 24 24 
51 257 313 78 21 68 24 24 
51 257 313 78 21 68 24 24 
51 257 313 78 21 68 24 24 
51 257 313 78 21 68 24 24 
51 257 313 78 21 68 24 24 
51 257 313 78 21 68 24 24 
51 257 313 78 21 68 24 24 
51 257 313 78 21 68 24 24 
51 257 313 78 21 68 24 24 
51 257 313 78 21 68 24 24 
314 452 51 257 313 78 21 68 24 24 
452 51 257 313 78 21 68 24 24 
51 257 313 78 21 68 24 24 
51 257 313 78 21 68 24 24 
51 257 313 78 21 68 24 24 
452 51 257 313 78 21 68 24 24 
51 257 313 78 21 68 24 24 
51 257 313 78 21 22 68 24 24 
51 257 313 78 21 68 24 24 
451 51 257 313 78 21 68 24 24 
51 257 313 78 21 68 24 24 
51 257 313 78 21 68 24 24 
51 257 313 78 21 68 24 24 
51 257 313 78 21 68 24 24 
51 257 313 78 21 22 68 24 24 
51 257 313 78 21 68 24 24 
51 257 313 78 21 68 24 24 
51 257 313 78 21 22 68 24 24 
51 257 313 78 21 68 24 24 
51 257 313 78 21 68 24 24 
51 257 313 78 21 68 24 24 
452 51 257 313 78 21 68 24 24 
452 51 257 313 78 21 68 24 24 
451 51 257 313 78 21 68 24 24 
452 51 257 313 78 21 68 24 24 
51 257 313 78 354 21 22 68 24 24 
51 257 313 78 21 68 24 24 
51 257 313 78 21 22 68 24 24 
51 257 313 78 21 22 68 24 24 
51 257 313 78 21 22 68 24 24 
451 51 257 313 78 21 22 68 24 24 
452 51 257 313 78 21 22 68 24 24 
51 257 313 78 21 22 68 24 24 
452 51 257 313 78 21 22 68 24 24 
451 51 257 313 78 21 22 68 24 24 
51 257 313 78 21 68 24 24 
51 257 313 78 21 68 24 24 
51 257 313 78 21 22 68 24 24 
51 257 313 78 21 24 24 