54 260 51 257 261 56 57 192 81 27 28 21 22 82 24 27 
54 260 51 257 261 56 57 192 81 27 28 21 22 82 24 27 
38 261 262 56 57 81 27 28 21 22 82 24 27 
38 261 262 56 57 5 27 28 21 22 143 8 37 144 24 27 
38 261 145 262 42 56 57 27 28 21 22 263 24 27 
38 261 262 56 57 133 27 28 21 22 68 24 27 
38 261 262 56 57 81 27 28 21 22 82 24 27 
264 38 261 262 56 57 28 27 265 21 22 80 27 
38 261 262 42 56 57 28 27 265 21 22 80 27 
38 261 262 56 57 28 27 265 21 22 80 27 
38 261 262 56 57 28 27 265 21 22 80 27 
264 38 261 262 56 57 28 27 265 21 22 80 27 
264 38 261 262 56 57 28 27 265 21 22 80 27 
38 261 262 56 57 28 27 265 21 22 80 27 
38 261 262 56 57 28 27 265 21 22 80 27 
38 261 262 42 56 57 28 27 265 21 22 80 27 
264 38 261 262 56 57 28 27 265 21 22 80 27 
38 261 262 56 57 28 27 265 21 22 80 27 
38 261 262 56 57 28 27 265 21 22 80 27 
38 261 262 42 56 57 28 27 265 21 22 80 27 
1 15 38 261 262 56 57 28 27 265 21 22 80 27 
38 261 262 56 57 27 28 21 22 68 24 27 
38 261 262 56 57 28 27 21 22 111 80 27 
1 38 261 2 262 56 57 28 27 21 22 111 80 27 
38 261 262 56 57 27 28 21 22 68 24 27 
38 261 262 56 57 27 28 21 22 68 24 27 
38 261 262 56 57 28 27 21 22 111 80 27 
38 261 262 56 57 27 28 21 22 27 
38 261 262 56 57 28 27 21 22 266 27 
54 260 51 257 261 56 57 192 28 27 21 22 266 27 
54 260 51 257 261 56 57 192 28 27 21 22 266 27 
38 261 262 56 57 28 27 21 22 266 27 
38 261 262 56 57 28 27 21 22 266 27 
38 261 262 56 57 28 27 21 22 266 27 
38 261 262 56 57 28 27 21 22 266 27 
54 260 51 257 261 56 57 192 28 27 21 22 266 27 
54 260 51 257 261 56 57 192 28 27 21 22 266 27 
54 260 51 257 261 56 57 192 28 27 21 22 266 27 
38 261 262 56 57 28 27 21 22 266 27 
38 261 262 56 57 28 27 21 22 266 27 
95 38 261 262 56 57 96 28 27 21 22 266 27 
38 261 262 56 57 28 27 21 22 266 27 
38 261 262 56 57 28 27 21 22 266 27 
38 261 262 56 57 28 27 21 22 266 27 
38 261 262 56 57 28 27 21 22 266 27 
38 261 262 56 57 28 27 21 22 266 27 
38 261 262 56 57 28 27 21 22 266 27 
54 260 51 257 261 56 57 192 28 27 21 22 266 27 
38 261 262 56 57 28 27 21 22 266 27 
38 261 262 56 57 28 27 21 22 266 27 
38 261 262 56 57 28 27 21 22 266 27 
38 261 262 56 57 28 27 21 22 266 27 
38 261 262 56 57 28 27 21 22 266 27 
54 260 51 257 261 56 57 192 28 27 21 22 266 27 
38 261 262 56 57 28 27 21 22 266 27 
1 38 261 2 262 56 57 28 27 21 22 266 27 
38 261 262 56 57 28 27 21 22 266 27 
54 260 51 257 261 56 57 192 28 27 21 22 266 27 
38 261 262 56 57 28 27 21 22 266 27 
38 261 262 56 57 28 27 21 22 266 27 
38 261 262 56 57 28 27 21 22 266 27 
38 261 262 56 57 28 27 21 22 266 27 
38 261 262 56 57 28 27 21 22 266 27 
38 261 262 56 57 28 27 21 22 266 27 
38 261 262 56 57 28 27 21 22 266 27 
38 261 262 56 57 28 27 21 22 266 27 
38 261 262 56 57 28 27 21 22 266 27 
38 261 262 56 57 28 27 21 22 266 27 
38 261 262 56 57 28 27 21 22 266 27 
38 261 262 56 57 28 27 21 22 266 27 
38 261 262 56 57 28 27 21 22 266 27 
38 261 262 56 57 28 27 21 22 266 27 
38 261 262 56 57 28 27 21 22 266 27 
38 261 262 56 57 28 27 21 22 266 27 
38 261 262 56 57 28 27 21 22 266 27 
54 260 51 257 261 56 57 192 28 27 21 22 266 27 
54 260 51 257 261 56 57 192 28 27 21 22 266 27 
54 260 51 257 261 56 57 192 28 27 21 22 266 27 
54 260 51 257 261 56 57 192 28 27 21 22 266 27 
38 261 262 56 57 28 27 21 22 266 27 
38 261 262 42 56 57 28 27 21 22 266 27 
38 261 262 56 57 28 27 21 22 266 27 
38 261 262 56 57 28 27 21 22 266 27 
38 261 262 42 56 57 28 27 21 22 266 27 
38 261 262 56 57 28 27 21 22 266 27 
38 261 262 56 57 27 28 21 22 263 24 27 
38 261 262 56 57 28 27 21 22 266 68 24 27 
38 261 262 56 57 28 27 21 22 27 
38 261 262 56 57 28 27 21 22 27 
1 38 261 2 262 56 57 28 27 21 22 27 
38 261 262 56 57 28 27 21 22 27 
38 261 262 56 57 28 27 21 22 27 
38 261 262 56 57 28 27 21 22 27 
54 260 51 257 261 56 57 192 28 27 21 22 27 
38 261 262 56 57 28 27 21 22 27 
1 38 261 2 262 56 57 28 27 21 22 27 
38 261 262 56 57 28 27 21 22 27 
38 261 262 56 57 28 27 21 22 27 
38 261 262 56 57 27 28 21 22 24 27 
51 38 261 262 56 57 28 27 21 22 27 
38 261 262 56 57 28 27 21 22 27 
38 261 262 56 57 5 28 27 6 21 31 22 111 80 27 
38 261 262 56 57 28 27 21 22 111 80 27 
38 261 262 56 57 28 27 21 22 111 80 27 
38 261 262 56 57 28 27 265 21 22 80 27 
38 261 262 56 57 28 27 265 21 22 80 27 
38 261 262 56 57 28 27 265 21 22 80 27 
38 261 262 56 57 28 27 265 21 22 80 27 
38 261 262 56 57 28 27 265 21 22 80 27 
38 261 262 56 57 5 28 27 21 22 27 
95 38 261 262 56 57 96 5 28 27 21 22 27 
38 261 262 56 57 5 28 27 21 22 27 
38 261 262 56 57 5 28 27 21 22 27 
38 261 262 56 57 5 28 27 21 22 27 
38 261 262 56 57 5 28 27 21 22 27 
38 261 262 56 57 5 28 27 21 22 27 
38 261 262 56 57 5 28 27 21 22 27 
38 261 262 56 57 5 28 27 21 22 27 
38 261 262 56 57 5 28 27 21 22 27 
38 261 262 56 57 5 28 27 21 22 27 
38 261 262 56 57 5 28 27 21 22 27 
38 261 262 56 57 5 28 27 21 22 27 
38 261 262 56 57 5 28 27 21 22 27 
38 261 262 56 57 5 28 27 21 22 27 
54 260 51 257 261 56 57 192 5 28 27 21 22 27 
54 260 51 257 261 56 57 192 5 28 27 21 22 27 
54 260 51 257 261 56 57 192 5 28 27 21 22 27 
54 53 260 51 257 261 56 57 192 5 28 27 21 22 27 
38 261 262 56 57 5 28 27 21 22 27 
38 261 262 56 57 5 28 27 21 22 27 
38 261 262 56 57 5 28 27 21 22 27 
38 261 262 56 57 5 28 27 21 22 27 
38 261 262 42 56 57 5 28 27 21 22 27 
38 261 262 56 57 5 28 27 21 22 27 
38 261 262 56 57 5 28 27 21 22 27 
38 261 262 56 57 5 28 27 21 22 27 
54 260 51 257 261 56 57 192 5 28 27 21 22 27 
54 260 51 257 261 56 57 192 5 28 27 21 22 27 
267 38 261 262 56 57 5 28 27 21 22 27 
38 261 262 56 57 5 28 27 21 22 27 
38 261 262 56 57 5 28 27 21 22 27 
51 38 261 262 56 57 5 28 27 21 22 27 
38 261 262 42 56 57 5 28 27 21 22 27 
38 261 262 56 57 5 28 27 21 22 27 
38 261 262 56 57 5 28 27 21 22 27 
38 261 262 56 57 5 28 27 21 22 27 
38 261 262 56 57 5 28 27 21 22 27 
38 261 262 56 57 5 28 27 21 22 27 
54 260 51 257 261 56 57 192 5 28 27 21 22 27 
54 260 51 257 261 56 57 192 5 28 27 21 22 27 
38 261 262 56 57 5 28 27 21 22 27 
38 261 262 56 57 5 28 27 21 22 27 
54 260 51 257 261 56 57 192 5 28 27 21 22 27 
38 261 262 56 57 5 28 27 21 22 27 
38 261 262 56 57 5 28 27 21 22 27 
38 261 262 56 57 5 28 27 21 22 27 
54 260 51 257 261 56 57 192 5 28 27 21 22 27 
54 260 51 257 261 56 57 192 27 28 21 22 24 27 
95 38 261 262 56 57 96 28 27 21 22 266 27 
38 261 262 56 57 28 27 21 22 266 27 
38 261 262 56 57 28 27 21 22 266 27 
38 261 262 56 57 28 27 21 22 266 27 
38 261 262 56 57 28 27 21 22 266 27 
51 38 261 262 56 57 28 27 21 22 266 27 
38 261 262 56 57 28 27 21 22 266 27 
38 261 262 42 56 57 28 27 21 22 266 27 
38 261 262 56 57 28 27 21 22 266 27 
38 261 262 56 57 28 27 21 22 266 27 
38 261 262 56 57 28 27 21 22 266 27 
267 38 261 262 56 57 28 27 21 22 266 27 
38 261 262 56 57 28 27 21 22 266 27 
54 260 51 257 38 39 261 56 57 192 28 27 21 22 266 27 
54 260 51 257 38 39 261 56 57 192 28 27 21 22 266 27 
54 260 51 257 38 39 261 56 57 192 28 27 21 22 266 27 
54 260 51 257 38 39 261 56 57 192 28 27 21 22 266 27 
54 260 51 257 261 56 57 192 28 27 21 22 266 27 
54 260 51 257 38 39 261 56 57 192 28 27 21 22 266 27 
54 260 51 257 38 39 261 56 57 192 28 27 21 22 266 27 
54 260 51 257 261 56 57 192 28 27 21 22 266 27 
51 38 261 262 56 57 28 27 21 22 266 27 
38 261 262 56 57 28 27 21 22 266 27 
38 261 262 56 57 28 27 21 22 266 27 
38 261 262 56 57 28 27 21 22 266 27 
38 261 262 56 57 28 27 21 22 266 27 
38 261 262 56 57 28 27 21 22 266 27 
38 261 262 56 57 28 115 116 27 21 22 117 111 80 27 
95 38 261 262 56 57 96 28 115 116 27 21 22 117 111 80 27 
51 38 261 262 56 57 28 115 116 27 21 22 117 111 80 27 
1 15 38 261 262 56 57 28 115 116 27 21 22 117 111 80 27 
38 261 262 56 57 28 115 116 27 21 22 117 111 80 27 
38 261 262 56 57 28 115 116 27 21 22 117 111 80 27 
54 260 51 257 261 56 57 192 28 27 21 22 266 27 
54 260 51 257 261 56 57 192 28 27 21 22 266 27 
54 260 51 257 261 56 57 192 28 27 21 22 266 27 
54 260 51 257 261 56 57 192 28 27 21 22 266 27 
54 260 51 257 261 145 42 56 57 192 28 27 21 22 266 27 
54 260 51 257 261 56 57 192 28 27 21 22 266 27 
54 260 51 257 261 56 57 192 28 27 21 22 266 27 
54 260 51 257 261 56 57 192 28 27 21 22 266 27 
1 38 261 2 262 56 57 28 27 21 22 266 27 
38 261 262 56 57 28 27 21 22 266 27 
54 260 51 257 38 39 261 56 57 192 28 27 21 22 266 27 
38 261 262 56 57 28 27 21 22 266 27 
1 15 38 261 262 56 57 28 27 21 22 266 27 
38 261 262 56 57 28 27 21 22 266 27 
38 261 262 56 57 28 27 21 22 266 27 
264 38 261 262 56 57 28 27 21 22 266 27 
264 38 261 262 56 57 28 27 21 22 266 27 
264 38 261 262 56 57 28 27 21 22 266 27 
38 261 262 56 57 28 27 21 22 266 27 
38 261 262 56 57 28 27 21 22 266 27 
38 261 262 56 57 28 27 21 22 266 27 
38 261 262 56 57 28 27 21 22 266 27 
1 38 261 2 262 56 57 28 27 21 22 266 27 
95 38 261 262 56 57 96 28 27 21 22 266 27 
38 261 262 56 57 28 27 21 22 266 27 
38 261 262 56 57 28 27 21 22 266 27 
38 261 262 56 57 28 27 21 22 266 27 
38 261 262 56 57 28 27 21 22 266 27 
38 261 262 56 57 28 27 21 22 266 27 
54 260 51 257 261 56 57 192 28 27 21 22 266 27 
38 261 262 56 57 28 27 21 22 266 27 
38 261 262 56 57 28 27 21 22 266 27 
38 261 262 56 57 28 27 21 22 266 27 
38 261 262 56 57 28 27 21 22 266 27 
38 261 262 56 57 28 27 21 22 266 27 
38 261 262 56 57 28 27 21 22 266 27 
38 261 262 56 57 28 27 21 22 266 27 
38 261 262 56 57 28 27 21 22 266 27 
38 261 262 56 57 28 27 21 22 266 27 
38 261 262 56 57 28 27 21 22 266 27 
38 261 262 56 57 28 27 21 22 266 27 
38 261 145 262 42 56 57 28 27 21 22 266 27 
38 261 262 56 57 28 27 21 22 266 27 
38 261 262 56 57 28 27 21 22 266 27 
38 261 262 56 57 28 27 21 22 266 27 
38 261 262 56 57 28 27 21 22 266 27 
1 54 260 15 51 257 261 16 56 57 192 28 27 21 22 266 27 
1 54 260 15 51 257 261 16 56 57 192 28 27 21 22 266 27 
38 261 262 56 57 28 27 21 22 266 27 
54 260 51 257 261 56 57 192 28 27 21 22 266 27 
54 260 51 257 261 56 57 192 28 27 21 22 266 27 
54 260 51 257 261 56 57 192 28 27 21 22 266 27 
54 260 51 257 38 39 261 56 57 192 28 27 21 22 266 27 
38 261 262 56 57 28 27 21 22 266 27 
38 261 262 56 57 28 27 21 22 266 27 
54 260 51 257 38 39 261 56 57 192 28 27 21 22 266 27 
38 261 262 56 57 28 27 21 22 266 27 
38 261 262 56 57 28 27 21 22 266 27 
38 261 262 56 57 28 27 21 22 266 27 
1 38 261 2 262 56 57 28 27 21 22 266 27 
38 261 262 56 57 28 27 21 22 266 27 
54 260 51 257 38 39 261 56 57 192 28 27 21 22 266 27 
38 261 262 56 57 28 27 21 22 266 27 
38 261 262 56 57 28 27 21 22 266 27 
38 261 262 56 57 28 27 21 22 266 27 
38 261 262 56 57 28 27 21 22 266 27 
1 54 260 15 51 257 261 16 56 57 192 28 27 21 22 266 27 
38 261 262 56 57 28 27 21 22 266 27 
38 261 262 56 57 28 27 21 22 266 27 
38 261 262 56 57 28 27 21 22 266 27 
38 261 262 56 57 28 27 21 22 266 27 
38 261 262 56 57 28 27 21 22 266 27 
38 261 262 56 57 28 27 21 22 266 27 
38 261 262 56 57 28 27 21 22 266 27 
54 260 51 257 261 56 57 192 28 27 21 22 266 27 
54 260 51 257 261 56 57 192 28 27 21 22 266 27 
54 260 51 257 38 39 261 56 57 192 28 27 21 22 266 27 
38 261 262 56 57 28 27 21 22 266 27 
1 38 261 2 262 56 57 28 27 21 22 266 27 
1 38 261 2 262 56 57 28 27 21 22 266 27 
1 38 261 2 262 56 57 28 27 21 22 266 27 
54 260 51 257 261 56 57 192 28 27 21 22 266 27 
54 260 51 257 261 56 57 192 28 27 21 22 266 27 
54 260 51 257 261 56 57 192 28 27 21 22 266 27 
38 261 262 42 56 57 28 27 21 22 266 27 
38 261 262 42 56 57 28 27 21 22 266 27 
54 260 51 257 38 39 261 56 57 192 28 27 21 22 266 27 
38 261 262 56 57 27 28 21 22 263 24 27 
264 38 261 262 56 57 28 27 21 22 266 27 
38 261 262 56 57 28 27 21 22 266 27 
38 261 262 56 57 28 27 21 22 266 27 
38 261 262 56 57 28 27 21 22 266 27 
38 261 262 56 57 28 27 21 22 266 27 
38 261 262 56 57 28 27 21 22 266 27 
38 261 262 56 57 28 27 21 22 111 80 27 
38 261 262 56 57 28 27 21 22 111 80 27 
38 261 262 56 57 5 27 28 6 21 25 26 61 27 
38 261 262 56 57 5 27 28 6 21 25 26 61 27 
184 1 15 38 261 185 262 56 57 27 28 21 22 68 24 27 
38 261 262 56 57 27 28 21 22 68 24 27 
38 261 262 56 57 28 27 21 22 27 
38 261 262 56 57 28 27 21 22 27 
38 261 262 56 57 28 27 21 22 27 
54 260 51 257 38 39 261 56 57 192 28 27 21 22 27 
38 261 262 56 57 28 27 265 21 22 80 27 
38 261 262 56 57 28 27 265 21 22 80 27 
136 38 261 42 262 56 57 174 28 27 265 21 22 80 27 
38 261 262 56 57 28 27 265 21 22 80 27 
38 261 262 56 57 28 27 265 21 22 80 27 
1 15 38 261 16 262 56 57 28 27 265 21 22 80 27 
38 261 262 56 57 28 27 265 21 22 80 27 
264 38 261 262 56 57 28 27 265 21 22 80 27 
38 261 145 262 42 56 57 28 27 265 21 22 80 27 
38 261 262 56 57 28 27 265 21 22 80 27 
38 261 262 56 57 28 27 265 21 22 80 27 
38 261 262 56 57 28 27 265 21 22 80 27 
38 261 262 56 57 28 27 265 21 22 80 27 
38 261 262 56 57 28 27 265 21 22 80 27 
38 261 262 56 57 28 27 265 21 22 80 27 
38 261 262 56 57 28 27 265 21 22 80 27 
38 261 262 56 57 28 27 21 22 27 
38 261 262 56 57 28 27 21 22 27 
38 261 262 56 57 28 27 21 22 27 
38 261 262 56 57 28 27 21 22 27 
38 261 262 56 57 28 27 21 22 27 
38 261 262 56 57 28 27 21 22 27 
54 260 51 257 38 39 261 56 57 192 28 27 21 22 27 
38 261 262 56 57 28 27 21 22 27 
38 261 262 56 57 28 27 21 22 111 80 27 
38 261 262 56 57 28 27 265 21 22 80 27 
38 261 262 56 57 28 27 265 21 22 80 27 
38 261 262 56 57 28 27 265 21 22 80 27 
38 261 262 56 57 28 27 265 21 22 80 27 
38 261 262 56 57 28 27 265 21 22 80 27 
38 261 262 56 57 27 28 21 22 263 24 27 
38 261 262 56 57 27 28 21 22 263 24 27 
267 38 261 262 56 57 27 28 21 22 263 24 27 
267 38 261 262 56 57 27 28 21 22 263 24 27 
1 38 261 2 262 56 57 27 28 21 22 25 268 27 
38 261 262 56 57 27 28 104 21 22 68 24 27 
38 261 262 56 57 28 27 265 21 22 80 27 
38 261 262 56 57 28 27 265 21 22 80 27 
38 261 262 56 57 28 27 265 21 22 80 27 
38 261 262 56 57 28 27 265 21 22 80 27 
38 261 262 56 57 28 27 265 21 22 25 26 80 27 
38 261 262 56 57 28 27 265 21 22 25 26 80 27 
38 261 262 56 57 28 27 265 21 22 25 26 80 27 
38 261 262 56 57 28 27 265 21 22 25 26 80 27 
38 261 262 56 57 28 27 265 21 22 25 26 80 27 
38 261 262 56 57 28 27 265 21 22 25 26 80 27 
1 38 261 2 262 56 57 28 27 265 21 22 25 26 80 27 
38 261 262 56 57 28 27 265 21 22 25 26 80 27 
38 261 262 56 57 28 27 265 21 22 25 26 80 27 
38 261 262 56 57 28 27 265 21 22 25 26 80 27 
38 261 262 56 57 28 27 265 21 22 25 26 80 27 
38 261 262 56 57 28 27 265 21 22 25 26 80 27 
38 261 262 56 57 28 27 21 22 27 
38 261 262 56 57 28 27 21 22 111 80 27 
38 261 262 56 57 28 27 265 21 22 80 27 
38 261 262 42 56 57 28 27 265 21 22 80 27 
267 38 261 262 56 57 28 27 265 21 22 80 27 
38 261 262 42 56 57 28 27 265 21 22 80 27 
38 261 262 56 57 28 27 265 21 22 80 27 
38 261 262 56 57 28 27 265 21 22 80 27 
38 261 262 56 57 28 27 265 21 22 80 27 
38 261 262 56 57 28 27 21 22 266 25 268 27 
38 261 262 56 57 28 27 265 21 22 80 27 
38 261 262 56 57 28 27 265 21 22 80 27 
38 261 262 56 57 28 27 265 21 22 80 27 
38 261 262 56 57 28 27 265 21 22 80 27 
38 261 262 56 57 27 28 21 22 263 24 27 
38 261 262 56 57 28 27 265 21 22 80 27 
38 261 262 56 57 5 28 27 6 21 31 22 27 
38 261 262 56 57 5 28 27 6 21 31 22 27 
38 261 262 56 57 5 28 27 6 21 31 22 27 
51 38 261 262 56 57 5 28 27 6 21 31 22 27 
51 38 261 262 56 57 28 27 265 21 22 25 26 80 27 
95 38 261 262 56 57 96 28 27 265 21 22 25 26 80 27 
38 261 262 56 57 28 27 265 21 22 25 26 80 27 
38 261 262 42 56 57 28 27 265 21 22 25 26 80 27 
38 261 262 56 57 28 27 265 21 22 25 26 80 27 
267 38 261 262 56 57 28 27 265 21 22 25 26 80 27 
38 261 262 56 57 28 27 265 21 22 25 26 80 27 
95 38 261 262 56 57 96 28 27 265 21 22 25 26 80 27 
38 261 262 56 57 28 27 265 21 22 25 26 80 27 
51 38 261 262 56 57 28 27 265 21 22 25 26 80 27 
38 261 262 56 57 28 27 265 21 22 25 26 80 27 
38 261 262 56 57 28 27 265 21 22 25 26 80 27 
38 261 262 56 57 28 27 265 21 22 80 27 
38 261 262 56 57 28 27 265 21 22 80 27 
38 261 262 56 57 28 27 21 22 37 24 27 
1 38 261 2 262 56 57 28 27 21 22 37 24 27 
38 261 262 56 57 28 27 21 22 37 24 27 
38 261 262 56 57 28 27 21 22 37 24 27 
38 261 262 56 57 28 27 21 22 37 24 27 
38 261 262 56 57 28 27 21 22 37 24 27 
38 261 262 56 57 28 27 21 22 37 24 27 
38 261 262 56 57 28 27 21 22 266 27 
38 261 262 56 57 28 27 21 22 111 80 27 
95 38 261 262 56 57 96 28 27 21 22 266 27 
38 261 262 56 57 28 27 21 22 266 27 
38 261 262 56 57 28 27 21 22 266 27 
38 261 262 56 57 28 27 21 22 266 27 
54 260 51 257 261 56 57 192 28 27 21 22 266 27 
38 261 262 56 57 28 27 21 22 266 27 
38 261 262 56 57 28 27 21 22 266 27 
38 261 145 262 42 56 57 28 27 21 22 111 24 80 27 
38 261 262 56 57 28 27 21 22 27 
38 261 262 56 57 5 27 28 6 21 27 
38 261 262 56 57 5 27 28 6 21 27 
54 260 51 257 38 39 261 56 57 192 5 27 28 6 21 27 
54 260 51 257 38 39 261 56 57 192 5 27 28 6 21 27 
38 261 262 56 57 28 27 265 21 22 25 26 80 27 
38 261 262 56 57 28 27 265 21 22 25 26 80 27 
38 261 262 56 57 28 27 265 21 22 25 26 80 27 
38 261 262 56 57 28 27 265 21 22 25 26 80 27 
1 38 261 2 262 56 57 91 5 28 27 6 21 22 92 27 
38 261 262 56 57 91 5 28 27 6 21 22 92 27 
38 261 262 42 56 57 91 5 28 27 6 21 22 92 27 
38 261 262 56 57 91 5 28 27 6 21 22 92 27 
38 261 262 56 57 91 5 28 27 6 21 22 92 27 
95 38 261 262 56 57 96 28 27 265 21 22 80 27 
38 261 262 56 57 28 27 265 21 22 80 27 
95 38 261 262 56 57 96 28 27 265 21 22 80 27 
38 261 262 56 57 28 27 265 21 22 25 26 80 27 
38 261 262 56 57 28 27 21 22 27 
38 261 262 56 57 28 27 21 22 27 
38 261 262 56 57 28 27 21 22 111 80 27 
38 261 262 56 57 28 27 21 22 27 
38 261 262 56 57 28 27 265 21 22 80 27 
38 261 262 56 57 28 27 265 21 22 80 27 
38 261 262 56 57 28 27 265 21 22 80 27 
51 38 261 262 56 57 28 27 21 22 266 25 26 27 
38 261 262 56 57 28 27 21 22 266 25 26 27 
38 261 262 56 57 28 27 21 22 27 
38 261 262 56 57 28 27 21 22 27 
38 261 262 56 57 28 27 21 22 27 
38 261 262 56 57 28 27 21 22 27 
1 38 261 2 262 56 57 28 27 21 22 27 
38 261 262 56 57 28 27 21 22 27 
38 261 262 56 57 28 27 21 22 27 
54 260 51 257 261 56 57 192 28 27 21 22 27 
54 260 51 257 261 56 57 192 28 27 21 22 27 
54 260 51 257 261 56 57 192 28 27 21 22 27 
38 261 262 56 57 28 27 21 22 27 
38 261 262 56 57 28 27 21 22 27 
38 261 262 56 57 28 27 21 22 27 
38 261 262 56 57 28 27 21 22 27 
38 261 262 56 57 28 27 21 22 27 
38 261 262 56 57 28 27 21 22 27 
38 261 262 56 57 28 27 21 22 266 25 268 27 
38 261 262 56 57 28 27 21 22 266 25 268 27 
38 261 262 56 57 28 27 21 22 27 
38 261 262 56 57 28 27 21 22 27 
38 261 262 56 57 27 28 21 22 263 24 27 
38 261 262 56 57 27 28 21 22 263 24 27 
38 261 262 56 57 27 28 21 22 263 24 27 
1 38 261 2 262 56 57 27 28 21 22 263 24 27 
38 261 262 56 57 28 27 21 22 37 24 27 
1 38 261 2 262 56 57 28 27 21 22 37 24 27 
38 261 262 56 57 28 27 21 22 37 24 27 
1 54 260 51 257 261 2 56 57 192 28 27 21 22 37 24 27 
38 261 262 56 57 28 27 21 22 37 24 27 
38 261 262 56 57 28 27 21 22 37 24 27 
38 261 262 56 57 28 27 21 22 37 24 27 
38 261 262 56 57 28 27 21 22 37 24 27 
1 38 261 2 262 56 57 28 27 265 21 22 80 27 
38 261 262 56 57 28 27 265 21 22 80 27 
38 261 262 56 57 28 27 265 21 22 80 27 
38 261 262 56 57 28 27 265 21 22 80 27 
38 261 262 56 57 28 27 265 21 22 80 27 
38 261 262 56 57 28 27 265 21 22 80 27 
38 261 262 56 57 28 27 21 22 27 
38 261 262 56 57 28 27 21 22 27 
190 54 51 38 261 262 56 57 192 269 28 27 21 22 27 
38 261 262 56 57 28 27 265 21 22 80 27 
38 261 262 56 57 28 27 265 21 22 80 27 
38 261 262 56 57 28 27 265 21 22 80 27 
38 261 262 56 57 28 27 265 21 22 80 27 
38 261 262 56 57 28 27 265 21 22 80 27 
38 261 262 56 57 28 27 265 21 22 80 27 
1 38 261 2 262 56 57 28 27 265 21 22 80 27 
38 261 262 56 57 28 27 265 21 22 80 27 
1 15 38 261 262 56 57 28 27 265 21 22 80 27 
38 261 262 56 57 28 27 265 21 22 80 27 
38 261 262 56 57 28 27 265 21 22 80 27 
38 261 262 56 57 28 27 265 21 22 80 27 
95 38 261 262 56 57 96 28 27 265 21 22 80 27 
38 261 262 56 57 28 27 265 21 22 80 27 
38 261 262 56 57 28 27 265 21 22 80 27 
51 38 261 262 56 57 28 27 265 21 22 80 27 
38 261 262 56 57 28 27 265 21 22 80 27 
38 261 262 56 57 28 27 21 22 36 130 27 
38 261 262 56 57 81 27 28 21 22 82 24 27 
38 261 262 56 57 28 27 21 22 68 111 24 80 27 
38 261 262 56 57 28 27 21 22 27 
38 261 262 56 57 28 27 21 22 27 
1 38 261 2 262 56 57 28 27 21 22 27 
38 261 262 56 57 28 27 21 22 27 
38 261 262 56 57 28 27 21 22 27 
38 261 262 56 57 28 27 21 22 27 
38 261 262 56 57 28 27 21 22 27 
38 261 262 56 57 28 27 21 22 27 
51 38 261 262 56 57 28 27 21 22 27 
38 261 262 56 57 28 27 21 22 27 
38 261 262 56 57 28 27 21 22 27 
1 38 261 2 262 56 57 28 27 21 22 27 
38 261 262 56 57 28 27 21 22 27 
38 261 262 56 57 28 27 21 22 27 
38 261 262 56 57 28 27 21 22 27 
38 261 262 56 57 28 27 21 22 27 
38 261 262 56 57 28 27 21 22 27 
38 261 262 56 57 28 27 21 22 27 
38 261 262 56 57 28 27 21 22 27 
1 38 261 2 262 56 57 28 27 21 22 27 
38 261 262 56 57 28 27 21 22 27 
95 38 261 262 56 57 96 28 27 21 22 27 
54 260 51 257 261 56 57 192 5 27 28 6 21 27 