292 293 294 151 413 487 152 153 151 
292 293 294 151 413 487 152 153 151 
292 293 294 151 413 487 152 153 151 
292 293 294 151 413 487 152 153 151 
292 293 294 151 152 153 151 
292 293 294 151 152 153 151 
292 293 294 151 152 153 151 
292 293 294 151 152 153 151 
292 293 294 151 152 153 151 
292 293 294 151 152 153 151 
292 293 294 151 152 153 151 
292 293 294 151 152 153 151 
292 293 294 151 152 153 151 
292 293 294 151 152 153 151 
292 293 294 151 152 153 151 
1 292 293 294 151 152 153 151 
292 293 294 151 152 153 151 
292 293 294 151 152 153 151 
292 293 294 151 152 153 151 
1 292 293 294 151 152 153 151 
292 293 294 151 152 153 151 
1 292 293 294 151 152 153 151 
292 293 294 151 152 153 151 
292 293 294 151 152 153 151 
292 293 294 151 152 153 151 
292 293 294 151 152 153 151 
292 293 294 151 152 153 151 
292 293 294 151 152 153 151 
292 293 294 151 152 153 151 
292 293 294 151 152 153 151 
292 293 294 151 152 153 151 
292 293 294 151 152 153 151 
292 293 294 151 152 153 151 
292 293 294 151 152 153 151 
292 293 294 151 152 153 151 
292 293 294 151 152 153 151 
292 293 294 151 152 153 151 
292 293 294 151 152 153 151 
292 293 294 151 152 153 151 
292 293 294 5 151 152 153 151 
292 293 294 5 151 152 153 151 
1 292 293 294 5 151 152 153 151 
292 293 294 151 152 36 153 151 
1 292 15 293 202 234 294 151 152 153 151 
292 293 294 118 151 152 119 36 153 151 
292 293 294 151 152 153 151 
1 292 293 294 151 152 153 151 
292 293 294 151 152 153 151 
292 293 294 151 152 153 151 
292 293 294 151 152 153 151 
292 293 294 151 152 153 151 
292 293 294 151 152 153 151 
292 293 294 91 5 151 6 152 92 153 151 
292 293 294 151 152 153 151 
292 293 294 151 152 153 151 
1 292 293 294 151 152 153 151 
1 292 293 294 151 152 153 151 
292 293 294 151 152 153 151 
292 293 294 151 152 153 151 
292 293 294 151 152 153 151 
292 293 294 151 152 153 151 
292 293 294 151 152 153 151 
292 293 294 151 152 153 151 
292 293 56 57 294 388 151 152 389 390 153 151 
292 293 294 151 152 153 151 
292 293 294 151 152 153 151 
292 293 294 151 152 153 151 
292 293 294 151 152 153 151 
292 293 294 151 152 153 151 
292 293 294 151 152 153 151 
292 293 294 151 152 153 151 
292 293 294 5 151 152 8 153 151 
292 293 294 151 152 153 151 
292 293 294 151 152 153 151 
1 292 293 294 151 152 153 151 
292 293 294 151 152 153 151 
292 293 294 151 152 153 151 
292 293 294 151 152 153 151 
292 293 294 151 152 153 151 
292 293 294 151 152 153 151 
292 293 294 5 151 152 153 151 
292 293 294 151 152 153 151 
292 293 294 151 152 153 151 
292 293 294 151 152 153 151 
292 293 294 5 151 152 153 151 
292 293 294 151 152 153 151 
1 292 293 294 151 152 153 151 
292 293 294 151 152 153 151 
292 293 294 151 152 153 151 
292 293 294 151 152 153 151 
292 293 294 151 152 153 151 
292 293 294 151 152 153 151 
292 293 294 151 152 153 151 
292 293 294 151 152 153 151 
292 293 294 151 152 153 151 
292 293 294 151 499 152 36 153 130 151 
292 293 294 151 152 153 151 
292 293 294 151 152 153 151 
292 293 294 151 152 153 151 
292 293 294 151 152 153 151 
292 293 294 151 152 153 151 
292 293 294 151 152 153 151 
292 293 294 5 151 6 152 153 151 
292 293 294 151 152 153 151 
292 293 294 151 152 153 151 
292 293 294 151 152 153 151 
292 293 294 151 152 153 151 
292 293 294 151 152 153 151 
292 293 294 151 152 153 151 
292 293 294 151 152 153 151 
292 293 294 151 152 153 151 
292 293 294 151 152 153 151 
292 293 294 151 152 153 151 
1 292 293 294 151 152 153 151 
292 293 294 151 152 153 151 
292 293 294 151 152 153 151 
292 293 294 151 152 153 151 
1 292 293 294 151 152 153 151 
292 293 294 151 152 153 151 
292 293 294 151 152 153 151 
292 293 294 151 152 153 151 
292 293 294 151 152 153 151 
292 293 294 151 152 153 151 
292 293 294 151 152 153 151 
292 293 294 151 152 153 151 
292 293 294 118 151 152 132 36 153 151 
292 293 294 118 151 152 132 36 153 151 
292 293 294 151 152 153 151 
292 293 294 151 152 153 151 
292 293 294 151 152 153 151 
292 293 294 151 152 153 151 
292 293 294 151 152 153 151 
292 293 294 151 152 153 151 
292 293 294 151 152 153 151 
292 293 294 151 152 153 151 
292 293 294 151 152 153 151 
292 293 294 151 152 153 151 
292 293 294 151 152 153 151 
292 293 294 151 152 153 151 
292 293 294 151 152 153 151 
292 293 294 151 152 153 151 
292 293 294 151 152 153 151 
292 293 294 151 152 153 151 
292 293 294 151 152 153 151 
292 293 294 151 152 153 151 
292 293 294 151 152 153 151 
292 293 294 151 152 153 151 
292 293 294 151 152 153 151 
292 293 294 5 151 152 153 151 
292 293 294 5 151 152 153 151 
292 293 294 5 151 152 153 151 
292 293 294 5 151 143 152 8 144 153 151 
292 293 294 151 152 153 151 
292 293 294 151 152 153 151 
292 293 294 151 152 153 151 
292 293 294 151 152 153 151 
292 293 294 177 151 112 152 113 309 153 310 151 
292 293 294 151 152 153 151 
292 293 294 151 152 153 151 
292 293 294 151 152 153 151 
292 293 294 151 152 153 151 
292 293 294 151 152 153 151 
292 293 294 151 152 153 151 
292 293 294 151 152 153 151 
292 293 294 151 152 153 151 
1 292 293 294 151 152 153 151 
292 293 294 151 152 153 151 
292 293 294 151 152 153 151 
1 292 293 294 151 152 153 151 
292 293 294 151 152 153 151 
292 293 294 151 152 153 151 
292 293 294 151 152 153 151 
1 292 293 294 151 152 153 151 
292 293 294 151 152 153 151 
292 293 294 151 152 153 151 
292 293 294 151 152 153 151 
292 293 294 151 152 153 151 
292 293 294 151 152 153 151 
292 293 294 151 152 153 151 
292 293 294 151 152 153 151 
292 293 294 151 152 153 151 
1 292 293 294 151 152 153 151 
292 293 294 151 152 153 151 
292 293 294 151 152 153 151 
292 293 294 151 152 153 151 
292 293 411 294 412 151 152 153 151 
292 293 56 57 294 5 151 152 153 151 
292 293 294 151 152 153 151 
292 293 294 151 152 153 151 
1 292 293 294 151 152 153 151 
292 293 294 5 151 152 153 151 
292 293 294 151 152 153 151 
292 293 294 151 152 153 151 
292 293 294 151 21 152 475 153 151 
292 293 294 151 152 153 151 
292 293 294 151 152 153 151 
292 293 294 5 151 152 153 151 
292 293 294 5 151 152 153 151 
292 293 294 5 151 152 153 151 
292 293 294 151 152 153 151 
292 293 294 151 152 153 151 
292 293 294 151 152 153 151 
1 292 293 294 151 152 153 151 
292 293 294 151 152 153 151 
292 293 294 151 152 153 151 
292 293 294 151 152 153 151 
292 293 294 151 152 153 151 
292 293 294 151 152 153 151 
292 293 294 118 151 152 119 36 153 151 
292 293 294 151 152 153 151 
292 293 294 151 152 153 151 
292 293 294 151 152 153 151 
1 292 293 294 151 152 153 151 
292 293 294 151 152 153 151 
1 292 293 294 151 152 153 151 
292 293 294 151 152 153 151 
292 293 294 151 152 153 151 
292 293 294 151 152 153 151 
292 293 294 151 152 153 151 
1 292 293 294 151 152 153 151 
292 293 294 151 152 153 151 
292 293 294 151 152 153 151 
292 293 294 151 152 153 151 
292 293 294 151 118 152 119 36 153 151 
292 293 294 151 152 153 151 
292 293 294 151 152 7 11 10 153 151 
292 293 294 151 152 153 151 
292 293 294 151 152 153 151 
292 293 294 5 151 152 153 151 
292 293 294 5 151 152 153 151 
292 293 294 5 151 152 153 151 
292 293 294 151 152 153 151 
292 293 294 151 152 153 151 
292 293 294 151 152 153 151 
292 293 294 151 152 153 151 
292 293 294 151 152 153 151 
292 293 294 151 152 153 151 
292 293 294 151 152 153 151 
292 293 294 151 152 153 151 
292 293 294 151 152 153 151 
292 293 294 151 152 153 151 
292 293 294 151 152 153 151 
292 293 294 151 152 153 151 
292 448 293 294 151 152 153 151 
292 293 294 151 152 153 151 
292 293 294 151 152 153 151 
292 293 294 151 152 153 151 
1 292 293 294 151 152 153 151 
292 293 294 5 151 152 153 151 
292 293 294 151 152 153 151 
292 293 294 151 152 153 151 
1 292 293 294 151 152 153 151 
292 293 294 151 152 153 151 
292 293 294 151 152 153 151 
292 293 294 151 152 153 151 
292 293 294 151 152 153 151 
292 293 294 151 152 153 151 
292 293 294 151 152 153 151 
292 293 294 151 152 153 151 
292 293 294 151 152 153 151 
292 293 294 151 152 153 151 
292 293 294 151 152 153 151 
1 292 293 294 151 152 153 151 
1 292 293 294 151 152 153 151 
292 293 294 151 152 153 151 
1 292 293 294 151 118 152 119 36 153 151 
292 293 294 151 152 153 151 
292 293 294 5 151 143 152 8 144 153 151 
292 293 294 5 151 143 152 8 144 153 151 
292 293 294 5 151 143 152 8 144 153 151 
292 293 294 151 152 153 151 
292 293 294 151 152 153 151 
1 292 93 293 2 94 294 151 152 153 151 
292 293 294 5 151 152 153 151 
292 293 294 151 152 153 151 
1 292 293 294 151 152 153 151 
292 293 294 151 152 153 151 
292 293 294 151 152 153 151 
292 293 406 294 151 152 153 151 
1 292 293 294 151 152 153 151 
292 293 294 5 151 152 153 151 
292 293 294 5 151 6 152 23 153 151 
292 293 294 5 151 162 152 8 153 151 
292 293 294 151 152 153 151 
292 293 294 151 152 153 151 
292 293 294 151 152 153 151 
292 293 294 151 152 153 151 
1 292 293 294 151 152 153 151 
292 293 294 151 152 153 151 
292 293 294 151 152 153 151 
292 40 293 147 42 294 151 152 153 151 
292 293 294 151 152 153 151 
292 293 294 151 152 153 151 
292 293 294 151 152 153 151 
292 293 294 151 152 153 151 
292 293 294 151 152 153 151 
292 40 293 147 42 294 151 152 153 151 
292 293 294 118 151 152 132 36 153 151 
292 293 294 118 151 152 132 36 153 151 
292 293 294 151 152 153 151 
292 293 294 151 152 153 151 
292 293 294 151 152 153 151 
292 293 294 151 152 153 151 
292 293 294 151 152 153 151 
292 293 294 151 152 153 151 
292 293 294 151 152 153 151 
292 293 294 151 152 153 151 
292 293 294 151 152 153 151 
292 293 294 151 152 153 151 
292 293 294 151 152 10 153 151 
292 293 294 151 152 153 151 
292 293 294 151 152 153 151 
292 293 294 151 152 153 151 
292 293 294 151 152 153 151 
292 293 294 151 152 153 151 
292 293 294 151 152 153 151 
292 293 294 151 152 153 151 
292 293 294 151 152 153 151 
1 292 293 294 151 152 153 151 
292 293 294 151 152 153 151 
292 293 294 151 152 153 151 
292 293 294 151 152 153 151 
292 293 294 151 152 153 151 
292 293 294 151 152 153 151 
292 293 294 151 152 153 151 
1 292 293 294 151 152 153 151 
1 292 293 294 151 152 153 151 
1 292 293 294 151 152 153 151 
1 292 293 294 151 152 153 151 
292 293 294 151 152 153 151 
292 293 294 151 152 153 151 
292 293 294 151 152 153 151 
292 293 294 151 152 153 151 
292 293 294 151 152 153 151 
1 292 293 294 151 152 153 151 
292 293 294 151 152 153 151 
292 293 294 151 152 153 151 
292 293 294 5 151 152 153 151 
292 40 293 147 42 294 118 151 152 119 36 153 151 
292 293 294 151 152 153 151 
292 293 294 5 151 152 153 151 
292 293 294 151 152 153 151 
292 293 294 151 152 153 151 
1 292 15 293 43 294 151 152 153 151 
292 293 294 151 152 153 151 
1 292 93 293 2 94 294 151 152 153 151 
292 293 294 151 152 153 151 
292 293 294 151 152 153 151 
292 293 294 151 152 153 151 
292 293 294 151 152 153 151 
292 293 294 151 152 7 11 10 153 151 
292 293 294 151 152 153 151 
292 293 294 151 152 153 151 
292 293 294 151 152 153 151 
292 293 294 151 152 153 151 
292 293 294 151 152 153 151 
1 292 293 294 5 91 151 6 152 92 153 151 
292 293 294 151 152 153 151 
292 293 294 151 152 153 151 
292 293 294 5 151 143 152 8 144 153 151 
292 293 294 83 151 152 153 151 
292 40 293 147 42 294 83 151 152 153 151 
292 293 294 151 152 153 151 
292 293 294 151 152 153 151 
292 293 294 151 152 153 151 
292 293 294 151 152 153 151 
292 293 294 151 152 153 151 
292 293 294 151 152 153 151 
292 293 294 151 152 153 151 
292 293 294 151 152 153 151 
292 293 294 151 152 153 151 
292 293 294 151 152 153 151 
292 40 293 147 42 294 151 152 153 151 
292 293 294 151 152 7 11 10 153 151 
292 293 294 151 152 7 11 10 153 151 
292 293 294 151 152 7 11 10 153 151 
292 293 294 151 152 153 151 
292 293 294 151 152 153 151 
292 293 294 151 152 153 151 
292 293 294 151 152 153 151 
292 293 294 151 152 153 151 
292 293 294 151 152 153 151 
292 293 294 151 152 153 151 
292 293 294 151 152 153 151 
292 293 294 151 152 153 151 
292 293 294 5 151 6 152 153 151 
292 293 294 5 151 152 8 153 151 
292 293 294 151 152 153 151 
292 293 294 151 152 153 151 
292 293 294 5 151 152 153 151 
1 292 15 293 294 151 152 36 153 151 
292 293 294 151 152 153 151 
292 293 294 151 152 153 151 
292 293 294 151 152 153 151 
292 293 294 151 152 153 151 
292 293 294 151 152 153 151 
292 293 294 151 152 153 151 
292 293 294 151 152 153 151 
292 293 294 151 152 153 151 
292 293 294 151 152 153 151 
292 293 294 151 152 153 151 
292 293 56 57 294 91 5 151 6 152 92 153 151 
292 293 294 151 152 153 151 
292 293 56 57 294 151 152 153 151 
292 293 294 151 413 152 153 151 
292 293 294 151 152 153 151 
1 292 293 294 151 152 153 151 
292 293 294 5 151 152 153 151 
292 293 294 151 152 153 151 
292 293 294 151 152 153 151 
292 293 294 151 152 153 151 
292 40 293 147 42 294 151 152 153 151 
1 292 293 294 151 152 153 151 
292 293 294 151 152 153 151 
292 293 294 151 152 153 151 
292 293 294 151 152 153 151 
292 293 294 151 152 153 151 
292 293 294 91 5 151 6 152 92 153 151 
292 293 294 5 151 152 153 151 
292 293 294 151 152 153 151 
292 293 294 151 152 153 151 
1 292 293 294 151 152 153 151 
292 293 294 151 152 153 151 
292 40 293 147 42 294 83 151 152 153 151 
292 293 294 151 152 153 151 
292 293 294 151 152 153 151 
292 293 294 151 152 153 151 
292 293 294 151 152 153 151 
292 293 294 151 152 153 151 
292 293 294 151 152 153 151 
292 293 294 151 152 153 151 
292 293 294 151 152 153 151 
292 293 294 151 539 152 11 10 153 151 
1 292 293 294 151 152 153 151 
292 293 294 151 152 153 151 
292 293 294 151 152 153 151 
292 293 294 5 151 152 153 151 
292 293 294 5 151 152 153 151 
292 293 294 5 151 6 152 153 151 
292 293 294 151 152 153 151 
292 293 294 151 152 153 151 
292 293 294 151 152 153 151 
1 292 293 294 151 152 153 151 
292 293 294 5 151 143 152 8 144 153 151 
1 292 293 294 5 151 152 153 151 
292 293 294 151 152 153 151 
292 293 294 151 152 153 151 
292 293 294 151 152 153 151 
292 293 294 151 152 153 151 
292 293 294 151 152 153 151 
292 293 294 151 152 153 151 
184 1 292 15 293 185 294 151 152 153 151 
292 293 294 151 152 153 151 
292 293 294 118 151 152 119 36 153 151 
292 293 294 151 152 153 151 
292 293 294 151 152 153 151 
1 292 293 294 151 152 153 151 
292 293 294 151 152 153 151 
292 293 294 151 152 153 151 
292 293 294 151 152 153 151 
292 293 294 151 152 153 151 
292 293 294 151 152 153 151 
1 292 293 294 151 152 153 151 
1 292 293 294 5 151 6 152 153 151 
292 293 294 151 152 153 151 
292 293 294 151 152 153 151 
292 293 294 151 152 153 151 
292 293 294 151 152 153 151 
292 293 294 151 152 153 151 
292 293 294 151 152 153 151 
292 293 294 151 152 153 151 
292 293 294 151 152 153 151 
184 1 292 15 293 185 294 151 152 153 151 
292 293 294 151 152 153 151 
292 293 294 151 152 153 151 
292 293 294 151 152 153 151 
292 293 294 151 152 153 151 
1 292 293 294 151 152 153 151 
292 293 294 151 152 153 151 
292 293 294 151 152 153 151 
292 293 294 151 152 153 151 
292 40 293 147 42 294 151 152 153 151 
292 293 294 5 151 152 153 151 
292 293 294 151 152 153 151 
292 293 294 151 152 153 151 
292 293 294 151 152 153 151 
292 293 294 151 152 153 151 
292 293 294 151 152 153 151 
292 293 294 151 152 153 151 
292 293 294 151 152 153 151 
292 293 294 151 152 153 151 
292 293 294 151 152 153 151 
292 293 294 151 152 153 151 
292 293 294 151 152 153 151 
292 293 294 151 152 153 151 
292 293 294 151 152 153 151 
184 1 292 15 293 185 294 151 152 153 151 
292 293 294 151 152 153 151 
292 293 294 151 152 153 151 
1 292 293 294 151 152 153 151 
1 292 293 294 5 151 152 153 151 
292 293 294 151 152 153 151 
1 292 293 294 151 152 153 151 
292 293 294 151 152 153 151 
292 293 294 151 152 153 151 
58 292 59 293 60 149 294 150 151 152 153 151 
292 293 294 151 152 153 151 
292 293 294 151 152 153 151 
292 293 294 151 152 153 151 
292 293 294 151 152 153 151 
1 292 293 294 151 152 153 151 
292 293 294 151 152 153 151 
292 293 294 151 152 153 151 
292 293 294 151 152 153 151 
292 293 294 118 151 152 119 36 153 151 
292 293 294 118 151 152 119 36 153 151 
292 293 294 118 151 152 119 36 153 151 
292 293 294 151 152 153 151 
292 293 294 151 152 153 151 
58 292 59 293 60 149 294 150 151 152 153 151 
1 292 293 294 151 152 10 153 151 
292 293 294 151 383 384 254 152 36 153 151 
292 293 294 151 152 153 151 
292 293 294 151 152 153 151 
292 293 294 151 152 153 151 
292 293 294 151 152 153 151 
292 293 294 151 152 153 151 
292 293 294 5 151 152 153 151 
292 293 294 151 152 153 151 
1 292 293 294 151 152 153 151 
292 293 294 151 152 153 151 
292 293 294 151 152 153 151 
292 293 294 5 151 152 153 151 
292 293 294 5 151 152 153 151 
292 293 294 151 152 153 151 
292 293 294 151 152 153 151 
292 293 294 151 152 153 151 
292 293 294 151 152 153 151 
292 293 294 151 152 153 151 
292 293 294 151 152 153 151 
292 293 294 151 152 153 151 
292 293 294 151 152 153 151 
292 293 294 151 152 153 151 
292 293 294 151 152 153 151 
292 293 294 151 152 153 151 
292 293 294 151 152 153 151 
292 293 294 151 152 153 151 
292 293 294 151 152 153 151 
292 293 294 151 152 153 151 
292 293 294 151 152 153 151 
292 293 294 151 152 153 151 
292 293 294 151 152 153 151 
292 293 294 5 151 6 210 152 61 153 151 
1 292 293 294 151 152 153 151 
292 293 294 91 5 151 6 152 92 153 151 
292 293 294 151 152 153 151 
292 293 294 151 152 153 151 
292 293 294 151 152 153 151 
292 293 294 151 152 153 151 
292 293 294 151 152 153 151 
292 293 294 151 152 153 151 
1 292 293 294 151 152 153 151 
292 293 294 5 151 152 153 151 
292 293 294 5 151 152 153 151 
292 293 294 5 151 152 153 151 
292 293 294 5 151 6 152 153 151 
292 293 294 151 152 153 151 
292 293 294 151 152 153 151 
292 293 294 151 152 153 151 
292 293 294 151 152 153 151 
40 292 293 41 42 294 151 152 153 151 
40 292 293 41 42 294 151 152 153 151 
40 292 293 41 42 294 151 152 153 151 
40 292 293 41 42 294 151 152 153 151 
40 292 293 41 42 294 151 152 153 151 
40 292 293 41 42 294 151 152 153 151 
292 293 294 151 152 153 151 
292 293 294 151 152 153 151 
292 293 294 151 152 153 151 
58 292 59 293 60 149 294 150 151 152 153 151 
292 293 294 151 152 153 151 
40 292 293 41 42 294 118 151 152 119 36 153 151 
292 293 294 151 152 153 151 
292 293 294 151 152 153 151 
292 293 294 151 152 36 153 151 
292 293 294 151 152 153 151 
292 293 294 151 152 153 151 
1 292 15 293 294 5 151 6 152 153 151 
292 293 294 151 152 153 151 
292 293 294 151 152 153 151 
292 293 294 151 152 153 151 
292 293 294 151 152 153 151 
292 293 294 151 152 153 151 
292 293 294 151 152 153 151 
292 293 294 151 152 153 151 
292 293 294 151 152 153 151 
292 293 294 151 152 153 151 
292 293 294 151 152 153 151 
292 293 294 5 151 6 152 153 151 
292 293 294 151 152 153 151 
1 292 293 294 151 152 153 151 
292 293 294 151 152 153 151 
1 292 293 294 151 152 153 151 
292 293 294 151 152 153 151 
292 293 294 151 152 153 151 
292 293 294 151 152 153 151 
58 292 59 293 60 149 294 150 5 151 152 153 151 
292 293 294 5 151 152 153 151 
292 40 293 147 42 294 118 151 152 119 36 153 151 
292 293 294 151 152 153 151 
292 293 294 151 152 153 151 
292 293 294 151 152 153 151 
292 293 294 151 152 153 151 
292 293 294 5 151 6 152 153 151 
292 293 294 151 152 153 151 
292 293 294 151 152 153 151 
292 293 294 151 152 153 151 
292 293 294 151 152 153 151 
292 293 294 151 152 153 151 
292 293 294 151 152 153 151 
292 293 294 151 152 153 151 
292 293 294 151 152 153 151 
292 293 294 151 152 153 151 
292 293 294 151 152 153 151 
292 293 294 151 152 153 151 
292 293 294 151 152 153 151 
292 293 294 151 152 153 151 
292 293 294 151 152 153 151 
292 293 294 151 152 153 151 
292 293 294 151 152 153 151 
292 293 294 151 152 153 151 
292 293 294 151 152 153 151 
292 293 294 151 152 153 151 
292 293 294 151 152 153 151 
292 40 293 147 42 294 151 152 153 151 
292 293 294 151 152 153 151 
292 293 294 151 152 153 151 
1 292 293 294 151 152 153 151 
292 293 294 151 152 153 151 
292 293 294 151 152 153 151 
292 293 294 151 152 153 151 
292 293 294 151 152 153 151 
292 293 294 151 152 153 151 
1 292 293 294 151 152 153 151 