292 293 294 151 413 487 152 153 151 
292 293 294 5 151 152 153 151 
292 293 294 5 151 152 153 151 
292 293 294 151 152 153 151 
292 293 294 151 152 153 151 
292 293 294 151 152 153 151 
292 293 294 151 152 153 151 
292 293 294 151 152 153 151 
1 292 293 294 151 152 153 151 
292 293 294 151 152 153 151 
1 292 15 293 202 234 294 151 152 153 151 
292 293 294 151 152 153 151 
292 293 294 151 152 153 151 
292 293 294 151 152 153 151 
1 292 93 293 2 94 294 151 152 153 151 
292 293 294 151 152 153 151 
292 293 294 5 151 152 153 151 
292 293 294 151 152 153 151 
292 293 294 151 152 153 151 
292 293 294 151 152 153 151 
292 293 294 151 152 153 151 
292 293 294 151 152 153 151 
292 293 294 151 152 153 151 
1 292 293 294 151 152 153 151 
292 293 294 151 152 153 151 
292 293 294 151 152 153 151 
292 293 294 151 152 153 151 
1 292 93 293 2 94 294 151 152 153 151 
292 293 294 151 152 153 151 
292 293 294 151 152 153 151 
1 292 93 293 2 94 294 151 152 153 151 
292 293 294 151 152 153 151 
292 293 294 151 152 153 151 
1 292 293 294 151 152 153 151 
292 293 294 151 152 153 151 
292 293 294 151 152 153 151 
292 293 294 151 152 36 153 151 
292 293 294 151 152 153 151 
292 293 294 151 152 153 151 
1 292 15 293 202 234 294 151 152 153 151 
292 293 294 151 152 153 151 
292 293 294 151 152 153 151 
292 293 294 151 152 153 151 
292 293 294 151 152 153 151 
1 292 293 294 151 152 153 151 
292 293 294 151 152 153 151 
292 293 294 151 152 153 151 
292 293 294 151 152 153 151 
292 293 294 151 152 153 151 
292 293 294 151 152 153 151 
292 293 294 151 152 153 151 
292 293 294 151 152 153 151 
292 293 294 151 152 153 151 
292 445 293 42 294 108 151 152 153 151 
292 293 294 151 152 153 151 
292 293 294 151 152 85 153 86 151 
292 293 294 151 152 153 151 
292 293 294 5 151 6 152 23 139 153 151 
292 293 294 5 151 152 153 151 
292 293 294 151 152 153 151 
292 293 294 151 152 153 151 
292 293 294 151 152 153 151 
292 293 294 151 152 153 151 
292 293 294 151 152 153 151 
292 293 294 151 152 153 151 
292 293 294 151 152 153 151 
1 292 15 293 202 234 294 151 152 153 151 
292 293 294 151 152 153 151 
292 293 294 151 152 153 151 
292 293 294 151 152 153 151 
292 293 294 151 152 153 151 
292 293 294 151 152 153 151 
292 293 294 151 152 153 151 
292 293 294 151 152 153 151 
292 293 294 151 152 153 151 
292 293 294 151 152 153 151 
292 293 294 151 152 153 151 
292 136 293 42 174 294 151 152 153 151 
292 293 294 151 152 153 151 
292 293 294 151 152 153 151 
1 292 293 294 151 152 153 151 
292 293 294 151 152 153 151 
1 292 293 294 151 152 153 151 
292 293 294 5 151 152 153 151 
292 293 294 5 151 152 153 151 
292 293 294 151 152 153 151 
292 293 294 151 152 153 151 
292 293 294 151 152 153 151 
292 293 294 151 152 153 151 
292 293 294 151 152 153 151 
292 293 294 151 152 153 151 
292 293 294 151 152 153 151 
292 293 294 151 152 153 151 
292 293 294 151 152 153 151 
292 293 294 151 152 153 151 
292 293 294 151 152 153 151 
1 292 293 294 151 152 153 151 
292 293 294 151 152 153 151 
292 293 294 151 152 153 151 
292 293 294 151 152 153 151 
292 293 294 151 152 153 151 
292 293 294 151 152 153 151 
292 293 294 151 152 153 151 
292 293 294 5 151 152 153 151 
292 293 294 151 152 153 151 
292 293 294 5 151 143 152 8 144 153 151 
292 293 294 151 152 153 151 
292 293 294 151 152 153 151 
292 293 294 151 152 153 151 
292 293 294 151 152 153 151 
292 293 294 151 152 153 151 
292 293 294 151 152 153 151 
292 293 294 151 152 153 151 
292 293 294 118 151 152 132 36 153 151 
292 293 294 118 151 152 132 36 153 151 
292 293 294 118 151 152 132 36 153 151 
292 293 294 118 151 152 132 36 153 151 
1 292 93 293 2 94 294 118 151 152 132 36 153 151 
292 293 294 118 151 152 132 36 153 151 
292 293 294 118 151 152 132 36 153 151 
292 293 294 151 152 153 151 
292 293 294 151 152 153 151 
292 293 294 151 152 153 151 
292 293 294 151 152 153 151 
292 293 294 151 152 153 151 
292 293 294 151 152 153 151 
292 293 294 151 152 153 151 
292 293 294 151 152 153 151 
292 293 294 151 152 153 151 
292 293 294 151 152 153 151 
292 293 294 151 152 153 151 
292 293 294 151 152 153 151 
292 293 294 151 152 153 151 
292 293 294 151 152 153 151 
292 293 294 151 152 153 151 
292 293 294 151 152 153 151 
292 293 294 151 152 153 151 
292 293 294 151 152 153 151 
292 293 294 151 152 153 151 
292 293 294 151 152 153 151 
292 293 294 151 152 153 151 
292 293 294 151 152 153 151 
292 293 294 151 152 153 151 
292 293 294 151 152 153 151 
1 292 293 294 151 152 153 151 
292 293 294 151 152 153 151 
292 293 294 151 152 153 151 
292 293 294 151 152 153 151 
292 293 294 151 152 153 151 
292 293 294 5 151 152 153 151 
292 293 294 5 151 6 152 153 151 
292 293 294 5 151 6 152 153 151 
1 292 293 294 151 152 153 151 
292 293 294 151 152 153 151 
1 292 293 294 151 152 153 151 
292 293 294 151 152 153 151 
1 292 15 293 202 234 294 151 152 153 151 
292 293 294 151 152 153 151 
292 293 294 5 151 152 153 151 
292 293 294 5 151 152 153 151 
292 293 294 5 151 152 153 151 
292 293 294 5 151 152 153 151 
1 292 293 294 5 151 152 153 151 
292 293 294 151 152 153 151 
292 293 294 151 152 153 151 
292 293 294 151 152 153 151 
292 293 294 151 152 153 151 
292 293 294 151 152 153 151 
292 293 294 151 152 153 151 
292 293 294 151 152 153 151 
292 293 294 5 151 152 153 151 
292 293 294 151 152 153 151 
292 293 294 151 152 153 151 
292 136 293 42 174 294 151 152 153 151 
292 293 294 151 152 153 151 
292 293 294 151 152 153 151 
292 293 294 151 152 153 151 
292 293 294 151 152 153 151 
1 292 293 294 151 152 153 151 
292 293 294 151 152 153 151 
292 293 294 151 152 153 151 
292 293 294 151 152 153 151 
292 293 294 151 152 153 151 
1 292 293 294 151 152 153 151 
292 293 294 151 152 153 151 
292 293 294 151 152 153 151 
292 293 294 151 152 153 151 
1 292 293 294 151 152 153 151 
292 293 294 151 152 153 151 
292 293 294 151 152 153 151 
292 293 294 151 152 153 151 
292 293 294 151 152 153 151 
292 293 294 151 152 153 151 
1 292 293 294 151 152 153 151 
292 293 294 5 151 152 153 151 
292 293 294 151 152 153 151 
292 293 294 151 152 153 151 
292 293 294 151 152 153 151 
292 293 294 151 152 153 151 
292 293 294 151 152 153 151 
292 293 294 151 152 153 151 
292 293 294 151 152 153 151 
292 293 294 151 152 153 151 
292 293 294 151 152 153 151 
292 293 294 151 152 153 151 
292 293 294 151 152 153 151 
292 293 294 151 152 153 151 
292 293 294 151 152 153 151 
292 293 294 151 152 153 151 
292 293 294 151 152 153 151 
292 293 411 294 412 151 152 153 151 
292 293 294 151 152 153 151 
292 293 294 151 152 153 151 
292 293 294 151 152 153 151 
292 293 294 151 152 153 151 
292 293 294 151 152 153 151 
292 293 294 151 152 153 151 
292 293 294 151 152 153 151 
292 293 294 151 152 153 151 
292 293 294 151 152 153 151 
292 293 294 151 152 153 151 
1 292 15 293 202 234 294 151 152 153 151 
292 293 294 151 152 153 151 
1 292 293 294 151 152 153 151 
292 293 294 151 152 153 151 
292 293 294 151 152 153 151 
292 293 294 151 152 153 151 
292 293 294 151 152 153 151 
292 293 294 151 152 153 151 
292 293 294 151 152 153 151 
292 293 294 151 152 153 151 
1 292 293 294 151 152 153 151 
1 292 15 293 202 234 294 151 152 153 151 
292 293 294 5 151 162 152 8 153 151 
292 293 294 5 151 162 152 8 153 151 
292 293 294 5 151 162 152 8 153 151 
292 40 293 147 42 294 5 151 162 152 8 153 151 
292 293 294 151 152 153 151 
292 293 294 151 152 153 151 
1 292 293 294 151 152 153 151 
292 293 294 5 151 152 153 151 
292 293 294 151 152 153 151 
292 293 294 151 152 153 151 
292 293 294 151 152 153 151 
292 293 294 151 152 153 151 
1 292 15 293 202 234 294 151 152 153 151 
292 293 294 151 152 153 151 
292 293 294 151 152 153 151 
292 293 294 151 152 153 151 
292 293 294 151 152 153 151 
292 293 294 151 152 153 151 
1 292 293 294 151 152 153 151 
292 293 294 5 151 152 153 151 
292 293 294 151 152 153 151 
292 293 294 151 152 153 151 
1 292 293 294 151 152 153 151 
292 293 294 151 152 153 151 
292 293 294 151 152 153 151 
292 293 294 151 152 153 151 
292 293 294 151 152 153 151 
1 292 293 294 5 151 152 153 151 
292 293 294 151 152 153 151 
292 293 294 151 152 153 151 
292 293 294 151 152 153 151 
292 293 294 151 152 153 151 
292 293 294 151 152 153 151 
292 293 294 5 151 152 153 151 
292 293 294 151 152 153 151 
292 293 294 151 152 153 151 
292 293 294 151 152 153 151 
292 293 294 151 152 153 151 
292 293 294 151 152 153 151 
292 293 294 151 152 153 151 
292 293 294 151 152 153 151 
1 292 293 294 151 152 153 151 
292 293 294 151 152 153 151 
292 293 294 151 152 153 151 
292 293 294 151 152 153 151 
292 293 294 151 152 153 151 
292 293 294 151 152 153 151 
292 293 294 151 152 153 151 
292 293 294 151 152 153 151 
292 293 294 151 152 153 151 
292 293 294 151 152 153 151 
292 293 294 151 152 153 151 
292 293 294 151 152 153 151 
1 292 293 294 151 152 153 151 
292 293 294 151 152 153 151 
292 293 294 151 152 153 151 
292 293 294 151 152 153 151 
292 293 294 151 152 153 151 
292 293 294 151 152 153 151 
292 293 294 151 152 153 151 
292 293 294 151 152 153 151 
1 292 15 293 202 234 294 151 152 153 151 
292 293 294 151 152 153 151 
292 293 294 151 152 7 11 10 153 151 
292 293 294 151 152 153 151 
292 293 294 151 152 153 151 
292 293 294 151 152 153 151 
292 293 294 151 152 153 151 
292 293 294 151 152 153 151 
292 293 294 151 152 153 151 
292 293 294 151 152 153 151 
292 293 294 151 152 153 151 
292 293 294 151 152 153 151 
292 293 294 151 152 153 151 
292 293 294 151 152 153 151 
292 293 294 151 152 153 151 
292 293 294 151 152 153 151 
292 293 294 151 152 153 151 
292 293 294 151 152 153 151 
292 293 294 151 152 153 151 
292 293 294 151 152 153 151 
292 293 294 151 152 153 151 
292 293 294 151 152 153 151 
1 292 293 294 151 152 153 151 
292 293 294 151 152 153 151 
292 293 294 83 151 152 153 151 
292 293 294 151 413 152 153 151 
292 293 294 151 152 153 151 
292 293 294 151 152 153 151 
292 293 294 151 152 153 151 
292 293 294 151 152 153 151 
292 293 294 151 152 36 153 151 
292 293 294 151 152 153 151 
292 293 294 151 152 153 151 
292 293 294 151 152 153 151 
292 293 294 151 152 153 151 
292 40 293 147 42 294 151 152 153 151 
292 293 294 151 152 153 151 
292 293 294 151 152 153 151 
292 293 294 151 152 153 151 
292 293 294 151 152 153 151 
292 293 294 151 152 153 151 
292 293 294 151 152 153 151 
292 293 294 151 118 152 119 36 153 151 
292 293 294 91 5 151 6 152 92 153 151 
292 293 294 5 151 152 153 151 
292 293 294 5 151 152 153 151 
292 293 294 5 151 152 153 151 
1 292 293 294 151 152 153 151 
292 293 294 151 152 153 151 
292 293 294 151 152 153 151 
292 293 294 151 152 153 151 
292 293 294 151 152 153 151 
1 292 19 293 2 294 151 152 153 151 
292 293 294 151 152 153 151 
292 40 293 147 42 294 151 152 153 151 
292 293 294 151 152 153 151 
292 293 294 151 152 153 151 
292 293 294 151 152 153 151 
292 293 294 151 152 153 151 
292 293 294 151 152 153 151 
292 293 294 151 152 153 151 
292 293 294 151 152 153 151 
292 293 294 5 151 6 152 153 151 
292 293 294 5 151 6 152 61 153 151 
292 293 294 151 152 153 151 
292 293 294 151 152 153 151 
292 293 294 151 152 153 151 
292 293 294 151 152 153 151 
292 293 294 151 152 153 151 
292 293 294 151 152 153 151 
1 292 293 294 151 152 153 151 
292 293 294 5 151 152 153 151 
292 293 294 5 151 152 153 151 
292 293 294 151 152 153 151 
292 293 294 151 152 153 151 
292 293 294 151 152 153 151 
292 293 294 151 152 153 151 
292 293 294 151 152 153 151 
292 293 294 151 152 153 151 
292 293 294 151 152 153 151 
292 293 294 151 152 153 151 
292 293 294 151 152 153 151 
292 293 294 151 152 153 151 
292 293 294 151 152 153 151 
292 293 294 151 152 153 151 
1 292 293 294 151 152 153 151 
292 293 294 151 152 153 151 
292 293 294 151 152 153 151 
292 293 294 151 152 153 151 
292 293 294 151 152 153 151 
292 293 294 151 152 153 151 
292 293 294 151 152 153 151 
292 293 294 151 152 153 151 
292 293 294 151 152 153 151 
1 292 15 293 294 151 152 153 151 
292 293 294 151 152 153 151 
292 293 294 151 152 153 151 
292 293 294 151 152 153 151 
292 293 294 151 152 153 151 
292 293 294 151 152 153 151 
292 293 294 151 152 153 151 
292 293 294 151 152 153 151 
292 293 294 151 152 153 151 
292 293 294 151 152 153 151 
292 293 294 151 152 153 151 
292 293 294 151 152 153 151 
292 293 294 151 152 153 151 
292 293 294 151 152 153 151 
292 293 294 151 152 153 151 
292 293 294 151 152 153 151 
292 293 294 151 152 153 151 
292 293 294 5 151 152 153 151 
292 293 294 151 152 153 151 
292 293 294 151 152 153 151 
292 293 294 151 152 153 151 
292 293 294 151 152 153 151 
292 293 294 151 152 153 151 
292 293 294 151 152 153 151 
1 292 293 294 151 152 153 151 
292 293 294 151 152 153 151 
292 293 294 151 152 153 151 
292 40 293 147 42 294 151 152 153 151 
292 293 294 151 152 25 26 153 151 
292 293 294 151 152 153 151 
292 293 294 151 152 153 151 
292 293 294 151 152 153 151 
292 293 294 5 151 152 153 151 
292 293 294 151 152 153 151 
292 293 294 151 152 153 151 
292 293 294 151 152 153 151 
292 293 294 151 152 153 151 
292 293 294 151 152 153 151 
292 293 294 151 152 153 151 
292 293 294 151 152 153 151 
40 292 293 41 42 294 177 151 112 152 113 309 153 310 151 
292 293 294 151 152 153 151 
292 293 294 151 152 153 151 
1 292 293 294 5 151 152 153 151 
292 293 294 151 152 153 151 
292 293 294 151 152 153 151 
292 293 294 151 152 153 151 
292 293 294 151 152 10 153 151 
292 293 294 151 152 10 153 151 
292 293 294 151 152 10 153 151 
292 293 294 151 152 153 151 
292 293 294 151 152 153 151 
292 293 294 151 152 142 36 153 151 
292 293 294 151 152 153 151 
292 293 294 151 152 153 151 
292 293 294 151 152 153 151 
292 293 294 151 152 153 151 
292 293 294 151 152 153 151 
292 293 294 151 152 153 151 
292 293 294 151 152 153 151 
292 293 294 151 152 153 151 
292 293 294 151 152 153 151 
292 293 294 151 152 153 151 
292 293 294 151 152 153 151 
292 293 294 151 152 153 151 
292 293 294 151 152 153 151 
292 293 294 151 152 153 151 
292 293 294 151 152 153 151 
292 293 294 151 152 153 151 
292 293 294 151 152 153 151 
292 293 294 151 152 153 151 
292 293 294 5 151 152 153 151 
1 292 293 294 151 152 153 151 
292 293 294 151 152 153 151 
292 293 294 151 152 153 151 
292 293 294 5 151 152 153 151 
1 292 293 294 5 151 152 153 151 
292 293 294 5 151 152 153 151 
292 293 294 151 152 153 151 
292 293 294 151 152 153 151 
1 292 15 293 202 234 294 151 152 153 151 
292 293 406 294 151 152 153 151 
292 293 294 151 152 153 151 
292 293 294 5 151 152 153 151 
292 293 294 5 151 152 153 151 
292 293 294 5 151 152 153 151 
292 293 294 151 152 153 151 
292 293 294 151 152 153 151 
292 293 294 151 152 153 151 
292 293 294 151 152 153 151 
292 293 294 151 152 153 151 
292 293 294 151 152 153 151 
292 293 294 151 152 153 151 
292 293 294 151 152 153 151 
292 293 294 151 152 153 151 
292 293 294 151 152 153 151 
292 293 294 151 152 153 151 
292 293 294 151 152 153 151 
292 293 294 151 152 153 151 
292 293 294 151 152 153 151 
292 293 294 151 152 153 151 
292 293 294 151 152 153 151 
292 293 294 151 152 153 151 
292 293 294 151 152 153 151 
1 292 293 294 151 152 153 151 
292 293 294 151 152 153 151 
292 293 294 151 152 153 151 
292 293 294 151 152 153 151 
292 293 294 151 152 153 151 
292 293 294 151 152 153 151 
292 293 294 151 152 153 151 
1 292 15 293 202 234 294 151 152 153 151 
292 293 406 294 151 152 153 151 
292 293 294 151 152 153 151 
292 293 294 151 152 153 151 
292 293 294 151 152 153 151 
1 292 293 294 151 152 153 151 
1 292 293 294 151 152 153 151 
292 293 294 151 152 153 151 
292 293 294 151 152 153 151 
292 293 294 151 152 153 151 
292 293 294 151 152 153 151 
292 293 294 151 152 153 151 
292 293 294 151 152 153 151 
292 293 294 151 413 152 153 151 
292 293 294 5 151 6 152 153 151 
292 293 294 151 152 153 151 
292 293 294 151 152 153 151 
292 293 294 151 152 153 151 
292 293 294 151 152 153 151 
292 293 294 151 152 153 151 
292 293 294 151 152 153 151 
292 293 294 151 152 153 151 
292 293 294 151 152 153 151 
292 293 294 151 152 153 151 
292 293 294 5 151 152 153 151 
292 293 294 5 151 152 153 151 
292 293 294 151 152 153 151 
292 293 294 151 152 153 151 
292 293 294 151 152 153 151 
292 293 294 151 152 153 151 
292 293 294 151 152 153 151 
292 293 294 151 152 153 151 
292 293 294 151 152 153 151 
292 293 294 5 151 152 153 151 
292 293 294 5 151 152 153 151 
292 293 294 5 151 152 153 151 
292 293 294 5 151 152 153 151 
292 293 294 151 152 153 151 
292 293 294 151 413 152 153 151 
292 293 294 151 413 152 153 151 
292 293 294 151 152 153 151 
292 293 294 151 152 153 151 
292 293 294 151 152 153 151 
292 293 294 151 152 153 151 
292 293 294 151 152 153 151 
292 293 294 151 152 153 151 
292 293 294 151 152 153 151 
292 293 294 151 152 153 151 
292 293 294 151 152 153 151 
292 293 294 151 152 153 151 
292 293 294 5 151 152 153 151 
292 293 294 5 151 152 153 151 
292 293 294 5 151 152 153 151 
292 293 294 151 152 153 151 
292 293 294 151 152 153 151 
292 293 294 151 152 153 151 
292 293 294 151 152 153 151 
292 293 294 151 152 153 151 
292 293 294 151 152 153 151 
292 293 294 151 152 153 151 
292 293 294 151 152 153 151 
292 293 294 151 152 153 151 
292 293 294 151 152 153 151 
292 293 294 151 152 153 151 
292 293 294 151 152 153 151 
292 293 294 151 152 153 151 
292 293 294 151 152 153 151 