334 5 671 6 436 671 
334 671 436 671 
334 671 436 671 
334 671 436 671 
334 671 436 671 
448 334 5 671 6 436 671 
51 334 5 671 6 436 671 
334 5 671 6 436 671 
334 5 671 6 436 671 
334 5 671 6 436 671 
334 5 671 6 436 671 
334 5 671 6 436 671 
53 54 697 51 334 671 447 436 671 
334 671 436 671 
334 671 436 671 
334 671 436 671 
51 334 313 78 671 436 671 
51 334 313 78 671 436 671 
334 671 436 671 
334 671 436 671 
334 671 436 671 
697 334 671 436 671 
334 671 436 671 
1 15 334 671 436 671 
697 334 671 436 671 
697 334 671 436 671 
334 671 436 671 
697 334 671 436 671 
334 671 436 671 
334 5 671 6 436 671 
334 671 436 671 
697 334 671 436 671 
334 671 436 671 
697 334 671 436 671 
697 334 671 436 671 
697 334 671 436 671 
697 264 38 334 671 436 671 
334 671 436 671 
697 334 671 436 671 
697 334 671 436 671 
697 334 671 436 671 
53 54 697 51 334 671 436 671 
697 334 671 436 671 
697 334 671 436 671 
697 334 671 436 671 
697 334 671 436 671 
697 334 671 436 671 
334 671 436 671 
697 334 671 436 671 
697 334 671 436 671 
697 334 671 436 671 
697 334 671 436 671 
697 334 671 436 671 
697 334 671 436 671 
697 334 671 436 671 
334 671 436 671 
334 671 436 671 
334 671 436 671 
697 334 671 436 671 
697 334 671 436 671 
697 334 671 436 671 
697 334 671 436 671 
697 334 671 436 671 
184 1 697 15 334 185 671 436 671 
697 334 671 436 671 
697 334 671 436 671 
697 334 671 436 671 
697 334 671 436 671 
697 334 671 436 671 
697 334 671 436 671 
697 334 671 436 671 
697 334 671 436 671 
184 1 697 15 334 185 671 436 671 
697 334 5 671 6 436 671 
697 334 5 671 6 436 671 
334 671 436 671 
51 334 313 78 671 436 671 
697 334 671 436 671 
697 334 671 436 671 
697 334 671 436 671 
697 334 671 436 671 
697 334 671 436 671 
697 334 671 436 671 
697 334 671 436 671 
697 334 671 436 671 
697 334 671 436 671 
334 5 671 6 436 671 
334 5 671 6 436 671 
334 5 671 6 436 671 
51 334 5 671 6 436 671 
334 5 671 6 436 671 
334 5 671 6 436 671 
697 334 671 436 671 
697 334 671 436 671 
697 334 671 436 671 
697 334 671 436 671 
697 334 671 436 671 
697 334 671 436 671 
697 334 671 436 671 
697 334 671 436 671 
697 334 671 436 671 
697 334 671 436 671 
697 334 671 436 671 
697 334 671 436 671 
697 334 671 436 671 
697 334 671 436 671 
697 334 671 436 671 
697 334 671 436 671 
697 334 671 436 671 
697 334 671 436 671 
697 334 671 436 671 
184 1 697 15 334 185 671 436 671 
697 334 671 436 671 
697 334 671 436 671 
697 334 671 436 671 
697 334 671 436 671 
697 334 671 436 671 
697 334 671 436 671 
51 334 671 436 671 
697 334 671 436 671 
697 334 671 436 671 
697 334 671 436 671 
334 671 436 671 
334 671 436 671 
697 334 81 671 21 436 82 24 671 
697 334 81 671 21 436 82 24 671 
697 334 81 671 21 436 82 24 671 
697 334 671 436 671 
697 334 671 436 671 
697 334 671 436 671 
697 334 671 436 671 
334 671 436 671 
334 671 436 671 
334 671 436 671 
51 334 671 436 671 
334 671 436 671 
697 334 671 436 671 
51 334 671 436 671 
334 671 436 671 
334 671 436 671 
697 334 671 436 671 
697 334 671 436 671 
697 334 671 436 671 
697 334 671 436 671 
697 334 671 436 671 
697 334 671 436 671 
334 671 436 671 
334 671 436 671 
334 671 436 671 
334 671 436 671 
697 334 671 436 671 
697 334 671 436 671 
190 54 697 51 334 191 192 671 436 671 
334 671 436 671 
334 5 671 6 436 671 
334 5 671 6 436 671 
334 671 21 436 671 
334 671 436 671 
53 54 51 334 671 436 671 
697 334 671 436 671 
697 334 671 436 671 
697 334 671 436 671 
697 334 671 436 671 
697 334 671 436 671 
697 334 671 436 671 
334 671 436 671 
334 671 436 671 
697 334 671 436 671 
697 334 671 436 671 
184 1 697 15 334 185 671 436 671 
697 334 671 436 671 
697 334 671 436 671 
697 334 671 436 671 
697 334 671 436 671 
697 334 671 436 671 
697 334 671 436 671 
697 334 671 436 671 
334 671 436 671 
334 671 436 671 
334 671 436 671 
334 671 436 671 
334 671 436 671 
51 334 671 436 671 
334 671 436 671 
334 671 436 671 
697 334 671 436 671 
697 334 671 436 671 
697 334 671 436 671 
697 334 671 436 671 
697 334 671 436 671 
697 334 671 436 671 
334 671 436 671 
334 5 671 6 436 671 
334 671 436 671 
334 671 436 671 
697 334 671 436 671 
53 54 51 334 671 436 671 
697 334 671 436 671 
697 334 671 436 671 
334 671 436 671 
53 54 51 334 671 436 671 
697 334 671 436 671 
697 334 671 436 671 
697 334 671 436 671 
51 334 671 436 671 
697 334 671 436 671 
334 5 671 6 436 23 671 
334 671 436 671 
334 671 436 671 
334 671 436 671 
334 671 436 671 
697 334 671 436 671 
697 334 671 436 671 
184 1 697 15 334 185 671 436 671 
697 334 671 436 671 
697 334 671 436 671 
697 334 671 436 671 
697 334 671 436 671 
697 334 671 436 671 
697 334 671 436 671 
697 334 671 436 671 
697 334 671 436 671 
697 334 671 436 671 
697 334 671 436 671 
697 334 671 436 671 
697 334 671 436 671 
697 334 671 436 671 
334 671 436 671 
334 671 436 671 
697 334 671 436 671 
697 334 671 436 671 
697 334 671 436 671 
697 334 671 436 671 
697 334 671 436 671 
697 334 671 436 671 
697 334 671 436 671 
697 334 671 436 671 
697 334 671 436 671 
697 334 671 436 671 
697 334 671 436 671 
51 334 671 436 671 
697 334 671 436 671 
697 334 671 436 671 
697 334 671 436 671 
334 671 436 671 
697 334 671 436 671 
697 334 671 436 671 
334 671 436 671 
697 334 671 436 671 
697 334 671 436 671 
334 671 436 671 
697 334 671 436 671 
697 334 671 436 671 
334 671 436 671 
697 334 671 436 671 
697 334 671 436 671 
334 671 436 671 
334 671 436 671 
697 334 671 436 671 
697 334 671 436 671 
697 334 671 436 671 
184 1 697 15 334 185 671 436 671 
697 334 671 436 671 
334 671 436 671 
51 334 671 436 671 
697 334 671 436 671 
697 334 671 436 671 
697 334 671 436 671 
697 334 671 436 671 
334 671 436 671 
334 671 436 671 
697 334 671 436 671 
51 334 5 671 6 436 671 
334 5 671 6 436 671 
334 5 671 6 436 671 
334 5 671 6 436 671 
697 334 671 436 671 
697 334 5 671 6 436 671 
697 334 5 671 6 436 671 
136 334 42 174 5 671 6 436 671 
697 334 5 671 6 436 671 
697 334 5 671 6 436 671 
697 334 5 671 6 436 671 
697 334 5 671 6 436 671 
697 334 5 671 6 436 671 
697 334 5 671 6 436 671 
697 334 5 671 6 436 671 
697 334 671 436 671 
697 334 671 436 671 
334 671 436 671 
697 334 671 436 671 
697 334 671 436 671 
334 671 436 671 
334 671 436 671 
697 334 57 671 436 671 
697 334 671 436 671 
697 334 671 436 671 
697 334 671 436 671 
184 1 697 15 334 185 671 436 671 
697 334 671 436 671 
697 334 671 436 671 
697 334 671 436 671 
334 5 671 6 436 671 
51 334 5 671 6 436 671 
697 334 671 436 671 
697 334 671 436 671 
51 334 671 436 671 
697 334 671 436 671 
697 334 671 436 671 
697 334 671 436 671 
697 334 671 436 671 
334 671 436 671 
697 334 671 436 671 
697 334 671 436 671 
697 334 671 436 671 
53 54 51 334 671 436 671 
697 334 671 436 671 
697 334 671 436 671 
334 671 436 671 
697 334 671 436 671 
51 334 313 78 5 671 6 436 671 
334 5 671 6 436 671 
334 5 671 6 436 671 
184 1 697 15 334 185 671 436 671 
697 334 671 436 671 
697 334 671 436 671 
697 334 671 436 671 
697 334 671 436 671 
184 1 697 15 334 185 671 436 671 
697 334 671 436 671 
697 334 671 436 671 
334 5 671 6 436 671 
697 334 671 436 671 
697 334 671 436 671 
697 334 671 436 671 
1 697 334 2 318 671 436 671 
697 334 671 436 671 
697 334 671 436 671 
697 334 671 436 671 
697 334 671 436 671 
53 54 51 334 5 671 6 436 671 
334 671 436 671 
334 5 671 6 436 23 671 
448 334 5 671 6 436 23 671 
334 5 671 6 436 23 671 
697 334 5 671 6 436 23 671 
697 334 5 671 6 436 671 
334 671 436 671 
334 671 436 671 
334 671 436 671 
51 334 671 436 671 
697 334 730 671 436 671 
697 334 671 436 671 
697 334 671 436 671 
697 334 671 436 671 
697 334 671 436 671 
697 334 5 671 6 436 671 
697 334 5 671 6 436 671 
58 59 334 60 5 671 6 436 671 
697 334 5 671 6 436 671 
697 334 5 671 6 436 671 
334 671 436 671 
697 334 671 436 671 
697 334 171 5 671 162 436 8 416 671 
697 334 171 5 671 162 436 8 416 671 
697 334 171 5 671 162 436 8 416 671 
697 334 671 436 671 
334 671 436 671 
697 334 671 436 671 
184 1 697 15 334 185 671 436 671 
184 1 697 15 334 185 671 436 671 
697 334 671 436 671 
334 671 436 671 
697 334 671 436 671 
51 334 671 436 671 
697 334 671 436 671 
697 334 671 436 671 
697 334 671 436 671 
334 671 436 671 
334 671 436 671 
697 334 671 436 671 
697 334 671 436 671 
334 5 671 6 436 671 
334 5 671 6 436 671 
697 334 730 671 436 671 
334 671 436 671 
697 334 671 436 671 
697 334 671 436 671 
53 54 51 334 671 436 671 
697 334 671 436 671 
697 334 671 436 671 
697 334 671 436 671 
334 5 671 6 436 671 
51 334 671 436 671 
334 671 436 671 
697 334 671 436 671 
334 671 436 671 
334 671 436 671 
51 334 313 78 671 436 671 
334 671 436 671 
334 671 436 671 
334 671 436 671 
697 334 671 436 671 
697 334 730 671 436 671 
334 671 436 671 
334 671 436 671 
448 334 671 436 671 
334 671 436 671 
136 334 42 174 5 671 6 436 671 
334 671 436 671 
334 671 436 671 
697 334 671 436 671 
334 671 436 671 
334 671 436 671 
51 334 313 78 671 436 671 
51 334 313 78 671 436 671 
334 671 436 671 
334 671 436 671 
334 671 436 671 
334 671 436 671 
334 671 436 671 
53 54 51 334 5 671 6 436 671 
697 334 5 671 6 436 671 
697 334 5 671 6 436 671 
697 334 5 671 6 436 671 
697 334 5 671 6 436 671 
697 334 5 671 6 436 671 
107 334 42 108 5 671 6 436 671 
53 54 51 334 671 436 671 
697 334 671 436 671 
697 334 671 436 671 
697 334 671 436 671 
107 334 42 108 671 436 671 
334 5 671 6 436 671 
697 334 5 671 6 436 671 
697 334 5 671 6 436 671 
51 334 671 436 671 
53 54 51 334 671 436 671 
697 334 671 436 671 
697 334 671 436 671 
334 671 436 671 
334 671 436 671 
184 1 697 15 334 185 671 436 671 
448 334 5 671 6 436 23 671 
697 334 5 671 6 436 23 671 
697 334 5 671 6 436 23 671 
697 334 5 671 6 436 23 671 
697 334 5 671 6 436 23 671 
334 5 671 6 436 23 671 
697 334 5 671 6 436 671 
697 334 5 671 6 436 671 
697 334 5 671 6 436 671 
51 334 671 436 671 
334 671 436 731 671 
334 671 436 671 
334 671 436 671 
697 334 5 671 6 436 671 
334 5 671 6 436 671 
697 334 671 436 671 
697 334 671 436 671 
697 334 5 671 6 436 671 
697 334 5 671 6 436 671 
697 51 334 5 671 6 436 671 
697 334 5 671 6 436 671 
697 334 5 671 6 436 671 
697 334 5 671 6 436 671 
697 334 5 671 6 436 671 
697 334 5 671 6 436 671 
697 334 5 671 6 436 671 
697 334 5 671 6 436 671 
697 334 5 671 6 436 671 
334 5 671 6 436 671 
697 334 5 671 6 436 671 
184 1 697 15 334 185 671 109 28 21 436 80 110 671 
697 334 671 109 28 21 436 80 110 671 
697 334 671 109 28 21 436 80 110 671 
697 334 671 109 28 21 436 80 110 671 
334 671 436 671 
334 671 436 671 
334 671 436 671 
51 334 5 671 6 436 671 
334 5 671 6 436 671 
697 334 671 436 671 
697 334 671 436 671 
697 334 671 436 671 
697 334 671 436 671 
184 1 697 15 334 185 671 436 671 
334 671 436 671 
334 671 436 671 
334 671 436 671 
334 671 436 671 
334 671 436 671 
334 671 436 671 
334 671 436 671 
334 671 436 671 
697 334 671 436 671 
697 334 671 436 36 671 
334 671 436 671 
697 334 671 436 671 
334 671 436 671 
697 334 671 436 671 
51 334 313 78 671 436 671 
53 54 51 334 671 436 671 
697 334 5 671 6 436 671 
697 334 5 671 6 436 671 
697 334 671 28 21 436 79 80 671 
697 334 671 28 21 436 79 80 671 
697 334 671 28 21 436 79 80 671 
697 334 671 28 21 436 79 80 671 
697 334 671 28 21 436 79 80 671 
697 334 671 28 21 436 79 80 671 
697 334 671 28 21 436 79 80 671 
697 334 671 28 21 436 79 80 671 
184 1 697 15 334 185 671 28 21 436 79 80 671 
334 671 436 671 
334 671 436 671 
697 334 671 436 671 
697 334 671 436 671 
697 334 671 436 671 
697 334 671 436 671 
697 334 5 671 6 436 671 
334 671 436 671 
697 334 671 436 671 
697 334 671 436 671 
334 671 436 671 
334 671 436 671 