1 271 2 5 8 8 
1 271 2 5 231 8 8 
1 271 2 5 231 8 8 
1 271 2 5 62 6 63 8 8 
1 271 2 5 8 490 8 
1 271 2 5 8 165 8 
1 271 2 5 231 8 8 
1 271 2 5 231 8 8 
1 271 2 5 231 8 8 
1 271 2 5 231 8 8 
1 271 2 5 231 8 8 
1 271 2 5 8 8 
1 271 2 5 231 8 8 
1 271 2 5 231 8 8 
1 271 2 5 231 8 8 
1 271 2 5 231 8 8 
1 271 2 5 372 8 8 
1 271 2 5 372 8 8 
1 271 2 5 231 8 8 
1 271 2 5 231 8 8 
1 271 2 5 8 165 8 
1 271 2 5 231 8 8 
1 271 2 5 231 8 8 
1 271 2 5 231 8 8 
1 271 2 5 231 8 8 
1 271 2 5 231 8 8 
1 271 2 5 231 8 8 
1 271 2 5 231 8 8 
1 271 2 5 231 8 8 
1 271 2 5 8 35 8 
1 271 2 5 231 8 8 
1 271 2 5 8 165 8 
1 271 2 5 8 35 8 
1 271 2 5 231 8 8 
1 271 2 5 231 8 8 
1 271 2 5 231 8 8 
1 271 2 5 231 8 8 
1 271 2 5 231 8 8 
1 271 2 5 8 35 8 
1 271 2 5 231 8 8 
1 271 2 5 372 8 8 
1 271 2 5 231 8 8 
1 271 2 5 8 8 
1 271 2 5 231 8 8 
1 271 2 5 8 8 
1 271 2 5 8 397 8 
1 271 2 5 8 8 
1 271 2 5 231 8 8 
1 271 2 5 62 6 63 64 8 8 
1 271 2 5 8 8 
1 271 2 5 231 8 8 
1 271 2 5 231 8 8 
1 271 2 5 231 8 8 
1 271 2 5 231 8 8 
1 271 2 5 231 8 8 
1 271 2 5 231 8 8 
1 271 2 5 8 8 
1 271 2 5 8 8 
1 271 2 5 231 8 8 
1 271 2 5 231 8 8 
1 271 2 5 572 6 413 8 61 8 
1 271 2 5 8 8 
1 271 2 5 231 8 8 
1 271 2 5 231 8 8 
1 271 2 5 231 8 8 
1 271 2 5 231 8 8 
1 271 2 5 8 8 
1 271 2 5 8 35 8 
1 271 2 5 231 8 8 
1 271 2 5 231 8 8 
1 271 2 5 231 8 8 
1 271 2 5 8 8 
1 271 2 5 231 8 8 
1 271 2 5 8 8 
1 271 2 5 231 8 8 
1 271 2 5 231 8 8 
1 271 2 5 231 8 8 
1 271 2 5 231 8 8 
1 271 2 5 231 8 8 
1 271 2 5 231 8 8 
1 271 2 5 8 8 
1 271 2 5 231 8 8 
1 271 2 5 8 8 
1 271 2 5 231 8 8 
1 271 2 5 231 8 8 
1 271 2 5 231 8 8 
1 271 2 5 8 8 
1 271 2 5 231 8 8 
1 271 2 5 231 8 8 
1 271 2 5 8 8 
1 271 2 5 8 8 
1 271 2 5 8 8 
1 271 2 5 372 8 8 
1 271 2 5 231 8 8 
1 271 2 5 231 8 8 
1 271 2 5 231 8 8 
1 271 2 5 231 8 8 
1 271 2 5 6 231 8 8 
1 271 2 5 231 8 8 
1 271 2 5 231 8 8 
1 271 2 5 372 8 8 
1 271 2 5 372 8 8 
1 271 2 5 231 8 8 
1 271 2 5 231 8 8 
1 271 2 5 231 8 8 
1 271 2 5 231 8 8 
1 271 2 5 231 8 8 
1 271 2 5 8 397 8 
1 271 2 5 8 8 
1 271 2 5 231 8 8 
1 271 2 5 231 8 8 
1 271 2 5 231 8 8 
1 271 2 5 231 8 8 
1 15 271 2 5 6 8 61 8 
1 271 2 5 231 8 8 
1 271 2 5 8 8 
1 271 2 5 231 8 8 
1 271 2 5 231 8 8 
1 271 2 5 231 8 8 
1 15 271 2 5 62 6 63 8 8 
1 271 2 5 231 8 8 
1 271 2 5 231 8 8 
1 271 2 5 231 8 8 
1 271 2 5 231 8 8 
1 271 2 5 8 8 
1 271 2 5 231 8 8 
1 271 2 5 231 8 8 
1 271 2 5 231 8 8 
1 271 2 5 231 8 8 
1 271 2 5 231 8 8 
1 271 2 5 231 8 8 
1 271 2 5 231 8 8 
1 271 2 5 231 8 8 
1 271 2 5 8 35 8 
1 271 2 5 231 8 8 
1 271 2 5 62 6 63 8 8 
1 271 2 5 231 8 8 
1 271 2 5 231 8 8 
1 271 2 5 231 8 8 
1 271 2 5 231 8 8 
1 271 2 5 231 8 8 
1 271 2 5 6 8 9 8 
1 271 2 5 380 8 8 
1 271 2 5 231 8 8 
1 271 2 5 232 8 233 8 
1 271 2 5 231 8 8 
1 271 2 5 8 8 
1 271 2 5 231 8 8 
1 271 2 5 231 8 8 
1 271 2 5 231 8 8 
1 271 2 5 232 8 233 8 
1 271 2 5 231 8 8 
1 271 2 5 8 12 8 
1 271 2 5 231 8 8 
1 271 2 5 231 8 8 
1 271 2 5 231 8 8 
1 271 2 5 372 8 8 
1 271 2 5 231 8 8 
1 271 2 5 231 8 8 
1 271 2 5 8 8 
1 271 2 5 8 8 
1 271 2 5 231 8 8 
1 271 2 5 8 490 8 
1 271 2 5 8 35 8 
1 271 2 5 231 8 8 
1 271 2 5 8 8 
1 271 2 5 519 8 8 
1 271 2 5 8 8 
1 271 2 5 8 35 8 
1 271 2 5 231 8 8 
1 271 2 5 231 8 8 
1 271 2 5 231 8 8 
1 271 2 5 231 8 8 
1 271 2 5 231 8 8 
1 271 2 5 231 8 8 
1 271 2 5 231 8 8 
1 271 2 5 231 8 8 
1 271 2 5 231 8 8 
1 271 2 5 231 8 8 
1 271 2 5 231 8 8 
1 271 2 5 8 8 
1 271 2 5 8 35 8 
1 271 2 5 231 8 8 
1 271 2 5 231 8 8 
1 271 2 5 231 8 8 
1 271 2 5 231 8 8 
1 271 2 5 231 8 8 
1 271 2 5 8 8 
1 271 2 5 8 397 8 
1 271 2 5 101 8 523 8 
1 271 2 5 8 8 
1 271 2 5 231 8 8 
1 271 2 5 231 8 8 
1 271 2 5 231 8 8 
1 271 2 5 8 397 8 
1 271 2 5 8 8 
1 271 2 5 8 35 8 
1 271 2 5 231 8 8 
1 271 2 5 231 8 8 
1 271 2 5 231 8 8 
1 271 2 5 231 8 8 
1 271 2 5 231 8 8 
1 271 2 5 231 8 8 
1 271 2 5 8 8 
1 271 2 5 8 8 
1 271 2 5 231 8 8 
1 271 2 5 231 8 8 
1 271 2 5 8 8 
1 271 2 5 8 8 
1 271 2 5 231 8 8 
1 271 2 5 8 8 
1 271 2 5 231 8 8 
1 271 2 5 231 8 8 
1 271 2 5 231 8 8 
1 271 2 5 231 8 8 
1 271 2 5 231 8 8 
1 271 2 5 231 8 8 
1 271 2 5 8 8 
1 271 2 5 8 8 
1 271 2 5 8 8 
1 271 2 5 8 8 
1 271 2 5 231 8 8 
1 271 2 5 231 8 8 
1 271 2 5 8 8 
1 271 2 5 231 8 8 
1 271 2 5 231 8 8 
1 271 2 5 231 8 8 
1 271 2 5 231 8 8 
1 271 2 5 8 8 
1 271 2 5 8 8 
1 271 2 5 231 8 8 
1 271 2 5 231 8 8 
1 271 2 5 231 8 8 
1 271 2 5 8 8 
1 271 2 5 8 8 
1 271 2 5 8 8 
1 271 2 5 231 8 8 
1 271 2 5 8 8 
1 271 2 5 8 8 
1 271 2 5 8 8 
1 271 2 5 8 8 
1 271 2 5 231 8 8 
1 271 2 5 231 8 8 
1 271 2 5 8 8 
1 271 2 5 231 8 8 
1 271 2 5 8 8 
1 271 2 5 8 8 
1 271 2 5 231 8 8 
1 271 2 5 231 8 8 
1 271 2 5 231 8 8 
1 271 2 5 6 231 8 8 
1 271 2 5 6 231 8 8 
1 271 2 5 8 8 
1 271 2 5 231 8 8 
1 271 2 5 231 8 8 
1 271 2 5 8 8 
1 271 2 5 231 8 8 
1 271 2 5 231 8 8 
1 271 2 5 8 8 
1 271 2 5 372 8 8 
1 271 2 5 231 8 8 
1 271 2 5 231 8 8 
1 271 2 5 8 8 
1 271 2 5 231 8 8 
1 271 2 5 231 8 8 
1 271 2 5 231 8 8 
1 271 2 5 231 8 8 
1 271 2 5 231 8 8 
1 271 2 5 8 8 
1 271 2 5 231 8 8 
1 271 2 5 8 8 
1 271 2 5 231 8 8 
1 271 2 5 8 8 
1 271 2 5 8 8 
1 271 2 5 231 8 8 
1 271 2 5 8 8 
1 271 2 5 8 8 
1 271 2 5 231 8 8 
1 271 2 5 231 8 8 
1 271 2 5 8 8 
1 271 2 5 8 8 
1 271 2 5 8 8 
1 271 2 5 8 8 
1 271 2 5 8 8 
1 271 2 5 8 8 
1 271 2 5 8 8 
1 271 2 5 8 8 
1 271 2 5 8 8 
1 271 2 5 8 8 
1 271 2 5 8 8 
1 271 2 5 8 8 
1 271 2 5 8 8 
1 271 2 5 231 8 8 
1 271 2 5 231 8 8 
1 271 2 5 231 8 8 
1 271 2 5 372 8 8 
1 271 2 5 8 8 
1 271 2 5 8 8 
1 271 2 5 8 8 
1 271 2 5 231 8 8 
1 271 2 5 231 8 8 
1 271 2 5 231 8 8 
1 271 2 5 8 8 
1 271 2 5 231 8 8 
1 271 2 5 231 8 8 
1 271 2 5 231 8 8 
1 271 2 5 231 8 8 
1 271 2 5 231 8 8 
1 271 2 5 231 8 8 
1 271 2 5 372 8 8 
1 271 2 5 8 165 8 
1 271 2 5 231 8 8 
1 271 2 5 231 8 8 
1 271 2 5 231 8 8 
1 271 2 5 231 8 8 
1 271 2 5 231 8 8 
1 271 2 5 231 8 8 
1 271 2 5 231 8 8 
1 271 2 5 231 8 8 
1 271 2 5 231 8 8 
1 271 2 5 231 8 8 
1 271 2 5 231 8 8 
1 271 2 5 231 8 8 
1 271 2 5 8 35 8 
1 271 2 5 231 8 8 
1 271 2 5 231 8 8 
1 271 2 5 231 8 8 
1 271 2 5 231 8 8 
1 271 2 5 231 8 8 
1 271 2 5 231 8 8 
1 271 2 5 231 8 8 
1 271 2 5 161 231 8 8 
1 271 2 5 231 8 8 
1 271 2 5 231 8 8 
1 271 2 5 231 8 8 
1 271 2 5 231 8 8 
1 271 2 5 231 8 8 
1 271 2 5 231 8 8 
1 271 2 5 8 35 8 
1 271 2 5 8 35 8 
1 271 2 5 231 8 8 
1 271 2 5 8 8 
1 271 2 5 101 8 523 8 
1 271 2 5 231 8 8 
1 271 2 5 8 8 
1 271 2 5 231 8 8 
1 271 2 5 8 35 8 
1 271 2 5 231 8 8 
1 271 2 5 231 8 8 
1 271 2 5 8 8 
1 271 2 5 231 8 8 
1 271 2 5 8 8 
1 271 2 5 231 8 8 
1 271 2 5 231 8 8 
1 271 2 5 231 8 8 
1 271 2 5 231 8 8 
1 271 2 5 8 8 
1 271 2 5 231 8 8 
1 271 2 5 231 8 8 
1 271 2 5 8 8 
1 271 2 5 231 8 8 
1 271 2 5 231 8 8 
1 271 2 5 231 8 8 
1 271 2 5 231 8 8 
1 271 2 5 231 8 8 
1 271 2 5 231 8 8 
1 271 2 5 372 8 8 
1 271 2 5 8 8 
1 271 2 5 231 8 8 
1 271 2 5 231 8 8 
1 271 2 5 231 8 8 
1 271 2 5 231 8 8 
1 271 2 5 8 8 
1 271 2 5 8 8 
1 271 2 5 231 8 8 
1 271 2 5 231 8 8 
1 271 2 5 8 8 
1 271 2 5 231 8 8 
1 271 2 5 231 8 8 
1 271 2 5 8 8 
1 271 2 5 8 35 8 
1 271 2 5 8 8 
1 271 2 5 231 8 8 
1 271 2 5 231 8 8 
1 271 2 5 8 8 
1 271 2 5 231 8 8 
1 271 2 5 8 8 
1 271 2 5 231 8 8 
1 271 2 5 231 8 8 
1 271 2 5 231 8 8 
1 271 2 5 231 8 8 
1 271 2 5 8 8 
1 271 2 5 231 8 8 
1 271 2 5 231 8 8 
1 271 2 5 231 8 8 
1 271 2 5 231 8 8 
1 271 2 5 231 8 8 
1 271 2 5 8 35 8 
1 271 2 5 8 8 
1 271 2 5 231 8 8 
1 271 2 5 8 8 
1 271 2 5 231 8 8 
1 271 2 5 8 8 
1 271 2 5 143 8 144 8 
1 271 2 5 231 8 8 
1 271 2 5 8 8 
1 271 2 5 231 8 8 
1 271 2 5 231 8 8 
1 271 2 5 8 8 
1 271 2 5 231 8 8 
1 271 2 5 231 8 8 
1 271 2 5 231 8 8 
1 271 2 5 8 8 
1 271 2 5 231 8 8 
1 271 2 5 231 8 8 
1 271 2 5 231 8 8 
1 271 2 5 231 8 8 
1 271 2 5 8 8 
1 271 2 5 231 8 8 
1 271 2 5 8 8 
1 271 2 5 231 8 8 
1 271 2 5 231 8 8 
1 271 2 5 231 8 8 
1 271 2 5 231 8 8 
1 271 2 5 8 8 
1 271 2 5 8 8 
1 271 2 5 231 8 8 
1 271 2 5 231 8 8 
1 271 2 5 231 8 8 
1 271 2 5 8 8 
1 271 2 5 231 8 8 
1 271 2 5 231 8 8 
1 271 2 5 231 8 8 
1 271 2 5 231 8 8 
1 271 2 5 231 8 8 
1 271 2 5 231 8 8 
1 271 2 5 8 8 
1 271 2 5 231 8 8 
1 271 2 5 8 8 
1 271 2 5 231 8 8 
1 271 2 5 231 8 8 
1 271 2 5 231 8 8 
1 271 2 5 8 8 
1 271 2 5 8 35 8 
1 15 271 2 5 62 6 63 8 8 
1 271 2 5 231 8 8 
1 271 2 5 231 8 8 
1 271 2 5 231 8 8 
1 271 2 5 231 8 8 
1 271 2 5 231 8 8 
1 271 2 5 231 8 8 
1 271 2 5 231 8 8 
1 271 2 5 231 8 8 
1 271 2 5 231 8 8 
1 271 2 5 231 8 8 
1 271 2 5 8 8 
1 271 2 5 8 8 
1 271 2 5 231 8 8 
1 271 2 5 231 8 8 
1 271 2 5 231 8 8 
1 271 2 5 101 8 8 
1 271 2 5 8 8 
1 271 2 5 8 8 
1 271 2 5 231 8 8 
1 271 2 5 231 8 8 
1 271 2 5 231 8 8 
1 271 2 5 8 8 
1 271 2 5 8 8 
1 271 2 5 8 8 
1 271 2 5 231 8 8 
1 271 2 5 8 8 
1 271 2 5 8 8 
1 271 2 5 8 8 
1 271 2 5 231 8 8 
1 271 2 5 231 8 8 
1 271 2 5 8 8 
1 271 2 5 8 8 
1 271 2 5 8 8 
1 271 2 5 8 8 
1 271 2 5 231 8 8 
1 271 2 5 8 8 
1 271 2 5 8 8 
1 271 2 5 8 8 
1 271 2 5 8 8 
1 271 2 5 8 8 
1 271 2 5 231 8 8 
1 271 2 5 231 8 8 
1 271 2 5 231 8 8 
1 271 2 5 143 8 144 8 
1 271 2 5 8 8 
1 271 2 5 231 8 8 
1 271 2 5 231 8 8 
1 271 2 5 231 8 8 
1 271 2 5 231 8 8 
1 271 2 5 231 8 8 
1 271 2 5 231 8 8 
1 271 2 5 8 8 
1 271 2 5 8 165 8 
1 271 2 5 8 8 
1 271 2 5 8 8 
1 271 2 5 8 8 
1 271 2 5 8 8 
1 271 2 5 8 8 
1 271 2 5 8 8 
1 271 2 5 231 8 8 
1 271 2 5 8 8 
1 271 2 5 231 8 8 
1 271 2 5 231 8 8 
1 271 2 5 231 8 8 
1 271 2 5 231 8 8 
1 271 2 5 231 8 8 
1 271 2 5 231 8 8 
1 271 2 5 231 8 8 
1 271 2 5 8 8 
1 271 2 5 231 8 8 
1 271 2 5 8 35 8 
1 271 2 5 8 8 
1 271 2 5 231 8 8 
1 271 2 5 8 8 
1 271 2 5 8 35 8 
1 271 2 5 231 8 8 
1 271 2 5 231 8 8 
1 271 2 5 231 8 8 
1 271 2 5 231 8 8 
1 271 2 5 231 8 8 
1 271 2 5 231 8 8 
1 271 2 5 231 8 8 
1 271 2 5 231 8 8 
1 271 2 5 231 8 8 
1 271 2 5 231 8 8 
1 271 2 5 8 165 8 
1 271 2 5 8 35 8 
1 271 2 5 8 8 
1 271 2 5 8 8 
1 271 2 5 231 8 8 
1 271 2 5 8 8 
1 271 2 5 231 8 8 
1 271 2 5 231 8 8 
1 271 2 5 231 8 8 
1 271 2 5 8 8 
1 271 2 5 231 8 8 
1 271 2 5 8 8 
1 271 2 5 8 8 
1 271 2 5 231 8 8 
1 271 2 5 8 397 8 
1 271 2 5 231 8 8 
1 271 2 5 8 8 
1 271 2 5 372 8 8 
1 271 2 5 231 8 8 
1 271 2 5 231 8 8 
1 271 2 5 231 8 8 
1 271 2 5 231 8 8 
1 271 2 5 231 8 8 
1 271 2 5 231 8 8 
1 271 2 5 8 8 
1 271 2 5 231 8 8 
1 271 2 5 231 8 8 
1 271 2 5 231 8 8 
1 271 2 5 62 6 63 8 8 
1 271 2 5 8 8 
1 271 2 5 8 8 
1 271 2 5 231 8 8 
1 271 2 5 231 8 8 
1 271 2 5 8 8 
1 271 2 5 8 8 
1 271 2 5 231 8 8 
1 271 2 5 231 8 8 
1 271 2 5 231 8 8 
1 271 2 5 231 8 8 
1 271 2 5 8 8 
1 271 2 5 231 8 8 
1 271 2 5 8 8 
1 271 2 5 231 8 8 
1 271 2 5 231 8 8 
1 271 2 5 231 8 8 
1 271 2 5 231 8 8 
1 271 2 5 231 8 8 
1 271 2 5 8 8 
1 271 2 5 231 8 8 
1 271 2 5 231 8 8 
1 271 2 5 8 8 
1 271 2 5 8 8 
1 271 2 5 231 8 8 
1 271 2 5 231 8 8 
1 271 2 5 231 8 8 
1 271 2 5 231 8 8 
1 271 2 5 231 8 8 
1 271 2 5 231 8 8 
1 271 2 5 231 8 8 
1 271 2 5 231 8 8 
1 271 2 5 231 8 8 
1 271 2 5 8 8 
1 271 2 5 8 35 8 
1 271 2 5 231 8 8 
1 271 2 5 8 8 
1 271 2 5 8 8 
1 271 2 5 231 8 8 
1 271 2 5 8 8 
1 271 2 5 8 8 
1 271 2 5 8 8 
1 271 2 5 231 8 8 
1 271 2 5 231 8 8 
1 271 2 5 231 8 8 
1 271 2 5 231 8 8 
1 271 2 5 231 8 8 
1 271 2 5 231 8 8 
1 271 2 5 231 8 8 
1 271 2 5 231 8 8 
1 271 2 5 231 8 8 
1 271 2 5 231 8 8 
1 271 2 5 231 8 8 
1 271 2 5 231 8 8 
1 271 2 5 231 8 8 
1 271 2 5 231 8 8 
1 271 2 5 231 8 8 
1 271 2 5 231 8 8 
1 271 2 5 6 63 8 8 
1 271 2 5 6 63 8 8 
1 271 2 5 6 63 8 8 
1 271 2 5 6 63 8 8 
1 271 2 5 6 63 8 8 
1 271 2 5 6 63 8 8 
1 271 2 5 6 63 8 8 
1 271 2 5 6 63 8 8 
1 271 2 5 231 8 8 
1 271 2 5 231 8 8 
1 271 2 5 231 8 8 
1 271 2 5 231 8 8 
1 271 2 5 231 8 8 
1 271 2 5 8 8 
1 271 2 5 231 8 8 
1 271 2 5 231 8 8 
1 271 2 5 231 8 8 
1 271 2 5 231 8 8 
1 271 2 5 231 8 8 
1 271 2 5 8 8 
1 271 2 5 8 8 
1 271 2 5 8 8 
1 271 2 5 231 8 8 
1 271 2 5 231 8 8 
1 271 2 5 231 8 8 
1 271 2 5 8 8 
1 271 2 5 231 8 8 
1 271 2 5 231 8 8 
1 271 2 5 8 490 8 
1 271 2 5 231 8 8 
1 271 2 5 231 8 8 
1 271 2 5 8 8 
1 271 2 5 231 8 8 
1 271 2 5 231 8 8 
1 271 2 5 231 8 8 
1 271 2 5 231 8 8 
1 271 2 5 231 8 8 
1 271 2 5 231 8 8 
1 271 2 5 231 8 8 
1 271 2 5 8 35 8 
1 271 2 5 231 8 8 
1 271 2 5 8 8 
1 271 2 5 231 8 8 
1 271 2 5 8 8 
1 271 2 5 231 8 8 
1 271 2 5 8 8 
1 271 2 5 8 8 
1 271 2 5 8 8 
1 271 2 5 8 8 
1 271 2 5 8 8 
1 271 2 5 231 8 8 
1 271 2 5 231 8 8 
1 271 2 5 231 8 8 
1 271 2 5 231 8 8 
1 271 2 5 231 8 8 
1 271 2 5 231 8 8 
1 271 2 5 8 8 
1 271 2 5 231 8 8 
1 271 2 5 8 8 
1 271 2 5 231 8 8 
1 271 2 5 8 8 
1 271 2 5 231 8 8 
1 271 2 5 231 8 8 
1 271 2 5 8 8 
1 271 2 5 8 8 
1 271 2 5 231 8 8 
1 271 2 5 231 8 8 
1 271 2 5 8 35 8 
1 271 2 5 8 8 
1 271 2 5 8 8 
1 271 2 5 231 8 8 
1 271 2 5 231 8 8 
1 271 2 5 231 8 8 
1 271 2 5 231 8 8 
1 271 2 5 8 8 
1 271 2 5 231 8 8 
1 271 2 5 231 8 8 
1 271 2 5 231 8 8 
1 271 2 5 8 35 8 
1 442 15 401 271 2 5 231 8 8 
1 271 2 5 231 8 8 
1 271 2 5 62 6 63 231 8 8 
1 271 2 5 231 8 8 
1 271 2 5 231 8 8 
1 271 2 5 231 8 8 
1 271 2 5 231 8 8 
1 271 2 5 231 8 8 
1 271 2 5 8 8 
1 271 2 5 231 8 8 
1 271 2 5 231 8 8 
1 271 2 5 8 12 8 
1 271 2 5 231 8 8 
1 271 2 5 231 8 8 
1 271 2 5 8 8 
1 271 2 5 8 8 
1 271 2 5 231 8 8 
1 271 2 5 231 8 8 
1 271 2 5 8 8 
1 271 2 5 8 8 
1 271 2 5 8 8 
1 271 2 5 231 8 8 
1 271 2 5 231 8 8 
1 271 2 5 8 8 
1 271 2 5 231 8 8 
1 271 2 5 231 8 8 
1 271 2 5 231 8 8 
1 271 2 5 8 8 
1 271 2 5 231 8 8 
1 271 2 5 8 8 
1 271 2 5 231 8 8 
1 271 2 5 231 8 8 
1 271 2 5 231 8 8 
1 271 2 5 231 8 8 
1 271 2 5 231 8 8 
1 271 2 5 231 8 8 
1 271 2 5 8 8 
1 271 2 5 8 8 
1 271 2 5 231 8 8 
1 271 2 5 231 8 8 
1 271 2 5 8 8 
1 271 2 5 231 8 8 
1 271 2 5 231 8 8 
1 271 2 5 8 8 
1 271 2 5 8 8 
1 271 2 5 8 8 
1 271 2 5 8 8 
1 271 2 5 8 8 
1 271 2 5 8 8 
1 271 2 5 8 8 
1 271 2 5 231 8 8 
1 271 2 5 231 8 8 
1 271 2 5 231 8 8 
1 271 2 5 231 8 8 
1 271 2 5 231 8 8 
1 271 2 5 231 8 8 
1 271 2 5 231 8 8 
1 271 2 5 8 8 
1 271 2 5 231 8 8 
1 271 2 5 231 8 8 
1 271 2 5 8 35 8 
1 271 2 5 231 8 8 
1 271 2 5 231 8 8 
1 271 2 5 231 8 8 
1 271 2 5 231 8 8 
1 271 2 5 231 8 8 
1 271 2 5 8 8 
1 271 2 5 231 8 8 
1 271 2 5 231 8 8 
1 271 2 5 231 8 8 
1 271 2 5 231 8 8 
1 271 2 5 231 8 8 
1 271 2 5 8 8 
1 271 2 5 231 8 8 
1 271 2 5 8 35 8 
1 271 2 5 231 8 8 
1 271 2 5 231 8 8 
1 271 2 5 231 8 8 
1 271 2 5 8 8 
1 271 2 5 8 8 
1 271 2 5 231 8 8 
1 271 2 5 8 8 
1 271 2 5 8 8 
1 271 2 5 8 397 8 
1 271 2 5 8 8 
1 271 2 5 231 8 8 
1 271 2 5 231 8 8 
1 271 2 5 231 8 8 
1 271 2 5 8 8 
1 271 2 5 231 8 8 
1 271 2 5 8 8 
1 271 2 5 231 8 8 
1 271 2 5 231 8 8 
1 271 2 5 8 8 
1 271 2 5 231 8 8 
1 271 2 5 8 8 
1 271 2 5 231 8 8 
1 271 2 5 8 8 
1 271 2 5 8 8 
1 271 2 5 162 8 8 
1 271 2 5 8 8 
1 271 2 5 389 8 427 8 
1 271 2 5 8 8 
1 271 2 5 231 8 8 
1 271 2 5 231 8 8 
1 271 2 5 231 8 8 
1 271 2 5 8 8 
1 271 2 5 231 8 8 
1 271 2 5 8 12 8 
1 271 2 5 8 8 
1 271 2 5 231 8 8 
1 271 2 5 231 8 8 
1 271 2 5 231 8 8 
1 271 2 5 231 8 8 
1 271 2 5 231 8 8 
1 271 2 5 231 8 8 
1 271 2 5 231 8 8 
1 271 2 5 231 8 8 
1 271 2 5 231 8 8 
1 271 2 5 231 8 8 
1 271 2 5 8 36 130 8 
1 271 2 5 231 8 8 
1 271 2 5 8 8 
1 271 2 5 231 8 8 
1 271 2 5 231 8 8 
1 271 2 5 8 8 
1 271 2 5 8 8 
1 271 2 5 8 8 
1 271 2 5 8 8 
1 271 2 5 8 8 
1 271 2 5 231 8 8 
1 271 2 5 8 8 
1 271 2 5 8 8 
1 271 2 5 8 8 
1 271 2 5 8 8 
1 271 2 5 8 8 
1 271 2 5 8 8 
1 271 2 5 8 8 
1 271 2 5 231 8 8 
1 271 2 5 8 8 
1 271 2 5 231 8 8 
1 271 2 5 231 8 8 
1 271 2 5 231 8 8 
1 271 2 5 231 8 8 
1 271 2 5 231 8 8 
1 271 2 5 231 8 8 
1 271 2 5 231 8 8 
1 271 2 5 8 8 
1 271 2 5 231 8 8 
1 271 2 5 231 8 8 
1 271 2 5 231 8 8 
1 271 2 5 231 8 8 
1 271 2 5 8 8 
1 271 2 5 231 8 8 
1 271 2 5 8 8 
1 271 2 5 8 8 
1 271 2 5 231 8 8 
1 271 2 5 8 8 
1 271 2 5 8 8 
1 271 2 5 8 8 
1 271 2 5 231 8 8 
1 271 2 5 231 8 8 
1 271 2 5 231 8 8 
1 271 2 5 8 8 
1 271 2 5 231 8 8 
1 271 2 5 231 8 8 
1 271 2 5 231 8 8 
1 271 2 5 231 8 8 
1 271 2 5 231 8 8 
1 271 2 5 8 8 
1 271 2 5 8 8 
1 271 2 5 231 8 8 
1 271 2 5 231 8 8 
1 271 2 5 8 8 
1 271 2 5 231 8 8 
1 271 2 5 231 8 8 
1 271 2 5 8 8 
1 271 2 5 231 8 8 
1 271 2 5 8 8 
1 271 2 5 8 8 
1 271 2 5 231 8 8 
1 271 2 5 8 8 
1 271 2 5 231 8 8 
1 271 2 5 231 8 8 
1 271 2 5 231 8 8 
1 271 2 5 231 8 8 
1 271 2 5 8 8 
1 271 2 5 231 8 8 
1 271 2 5 231 8 8 
1 271 2 5 231 8 8 
1 271 2 5 231 8 8 
1 271 2 5 231 8 8 
1 271 2 5 8 8 
1 271 2 5 231 8 8 
1 271 2 5 231 8 8 
1 271 2 5 231 8 8 
1 271 2 5 231 8 8 
1 271 2 5 101 8 8 
1 271 2 5 231 8 8 
1 271 2 5 231 8 8 
1 271 2 5 8 8 
1 271 2 5 8 397 8 
1 271 2 5 8 165 8 
1 271 2 5 8 8 
1 271 2 5 231 8 8 
1 271 2 5 231 8 8 
1 271 2 5 231 8 8 
1 271 2 5 8 165 8 
1 271 2 5 231 8 8 
1 271 2 5 8 8 
1 271 2 5 8 8 
1 271 2 5 231 8 8 
1 271 2 5 231 8 8 
1 271 2 5 231 8 8 
1 271 2 5 231 8 8 
1 271 2 5 231 8 8 
1 271 2 5 231 8 8 
1 271 2 5 8 8 
1 271 2 5 231 8 8 
1 271 2 5 231 8 8 
1 271 2 5 231 8 8 
1 271 2 5 231 8 8 
1 271 2 5 231 8 8 
1 271 2 5 231 8 8 
1 271 2 5 231 8 8 
1 271 2 5 8 8 
1 271 2 5 8 8 
1 271 2 5 231 8 8 
1 271 2 5 8 8 
1 271 2 5 8 8 
1 271 2 5 231 8 8 
1 271 2 5 8 8 
1 271 2 5 8 8 
1 271 2 5 231 8 8 
1 271 2 5 231 8 8 
1 271 2 5 231 8 8 
1 271 2 5 8 8 
1 271 2 5 8 35 8 
1 271 2 5 8 8 
1 271 2 5 8 8 
1 271 2 5 231 8 8 
1 271 2 5 8 35 8 
1 271 2 5 231 8 8 
1 15 271 2 5 62 6 63 64 8 8 
1 271 2 5 8 35 8 
1 271 2 5 8 8 
1 271 2 5 231 8 8 
1 271 2 5 231 8 8 
1 271 2 5 231 8 8 
1 271 2 5 8 35 8 
1 271 2 5 8 8 
1 271 2 5 231 8 8 
1 271 2 5 8 8 
1 271 2 5 8 8 
1 271 2 5 8 8 
1 271 2 5 8 8 
1 271 2 5 8 8 
1 271 2 5 231 8 8 
1 271 2 5 231 8 8 
1 271 2 5 8 8 
1 271 2 5 231 8 8 
1 271 2 5 8 8 
1 271 2 5 231 8 8 
1 271 2 5 8 8 
1 271 2 5 231 8 8 
1 271 2 5 231 8 8 
1 271 2 5 8 8 
1 271 2 5 8 35 8 
1 271 2 5 231 8 8 
1 271 2 5 8 8 
1 271 2 5 231 8 8 
1 271 2 5 231 8 8 
1 271 2 5 231 8 8 
1 271 2 5 8 8 
1 271 2 5 231 8 8 
1 271 2 5 8 8 
1 271 2 5 8 8 
1 271 2 5 231 8 8 
1 271 2 5 231 8 8 
1 271 2 5 8 8 
1 271 2 5 8 8 
1 271 2 5 231 8 8 
1 271 2 5 8 8 
1 271 2 5 8 8 
1 271 2 5 8 8 
1 271 2 5 231 8 8 
1 271 2 5 231 8 8 
1 271 2 5 231 8 8 
1 271 2 5 231 8 8 
1 271 2 5 231 8 8 
1 271 2 5 231 8 8 
1 271 2 5 8 8 
1 271 2 5 231 8 8 
1 271 2 5 8 8 
1 271 2 5 8 8 
1 271 2 5 8 8 
1 271 2 5 231 8 8 
1 271 2 5 231 8 8 
1 271 2 5 231 8 8 
1 271 2 5 231 8 8 
1 271 2 5 231 8 8 
1 271 2 5 231 8 8 
1 271 2 5 231 8 8 
1 271 2 5 231 8 8 
1 271 2 5 231 8 8 
1 271 2 5 231 8 8 
1 271 2 5 8 8 
1 271 2 5 231 8 8 
1 271 2 5 8 8 
1 271 2 5 8 35 8 
1 271 2 5 8 8 
1 271 2 5 6 231 8 8 
1 271 2 5 6 231 8 8 
1 271 2 5 8 8 
1 271 2 5 231 8 8 
1 271 2 5 231 8 8 
1 271 2 5 8 8 
1 271 2 5 231 8 8 
1 271 2 5 231 8 8 
1 271 2 5 8 8 
1 271 2 5 231 8 8 
1 271 2 5 8 8 
1 271 2 5 8 8 
1 271 2 5 231 8 8 
1 271 2 5 231 8 8 
1 271 2 5 8 8 
1 271 2 5 231 8 8 
1 271 2 5 8 8 
1 271 2 5 231 8 8 
1 271 2 5 231 8 8 
1 271 2 5 8 8 
1 271 2 5 231 8 8 
1 271 2 5 231 8 8 
1 271 2 5 231 8 8 
1 271 2 5 231 8 8 
1 271 2 5 231 8 8 
1 271 2 5 8 8 
1 271 2 5 231 8 8 
1 271 2 5 8 35 8 
1 271 2 5 231 8 8 
1 271 2 5 231 8 8 
1 271 2 5 231 8 8 
1 271 2 5 231 8 8 
1 271 2 5 8 8 
1 271 2 5 231 8 8 
1 271 2 5 231 8 8 
1 271 2 5 231 8 8 
1 271 2 5 8 8 
1 271 2 5 8 8 
1 271 2 5 231 8 8 
1 271 2 5 231 8 8 
1 271 2 5 8 8 
1 271 2 5 231 8 8 
1 271 2 5 231 8 8 
1 271 2 5 231 8 8 
1 271 2 5 8 8 
1 271 2 5 8 8 
1 271 2 5 231 8 8 
1 271 2 5 8 8 
1 271 2 5 231 8 8 
1 271 2 5 8 8 
1 271 2 5 8 8 
1 271 2 5 231 8 8 
1 271 2 5 231 8 8 
1 271 2 5 231 8 8 
1 271 2 5 231 8 8 
1 271 2 5 8 8 
1 271 2 5 8 8 
1 271 2 5 231 8 8 
1 271 2 5 8 8 
1 271 2 5 8 8 
1 271 2 5 231 8 8 
1 271 2 5 8 8 
1 271 2 5 231 8 8 
1 271 2 5 231 8 8 
1 271 2 5 231 8 8 
1 271 2 5 231 8 8 
1 271 2 5 231 8 8 
1 271 2 5 8 8 
1 271 2 5 8 8 
1 271 2 5 8 8 
1 271 2 5 8 8 
1 271 2 5 8 8 
1 271 2 5 8 8 
1 271 2 5 8 8 
1 271 2 5 8 8 
1 271 2 5 8 8 
1 271 2 5 8 8 
1 271 2 5 8 8 
1 271 2 5 8 8 
1 271 2 5 8 8 
1 271 2 5 8 8 
1 271 2 5 8 8 
1 271 2 5 8 8 
1 271 2 5 8 8 
1 271 2 5 8 8 
1 271 2 5 8 8 
1 271 2 5 8 8 
1 271 2 5 8 8 
1 271 2 5 8 8 
1 271 2 5 8 8 
1 271 2 5 8 8 
1 271 2 5 8 8 
1 271 2 5 8 8 
1 271 2 5 8 8 
1 271 2 5 8 8 
1 271 2 5 8 8 
1 271 2 5 8 8 
1 271 2 5 8 8 
1 271 2 5 231 8 8 
1 271 2 5 8 8 
1 271 2 5 231 8 8 
1 271 2 5 231 8 8 
1 271 2 5 231 8 8 
1 271 2 5 231 8 8 
1 271 2 5 231 8 8 
1 271 2 5 231 8 8 
1 271 2 5 231 8 8 
1 271 2 5 8 8 
1 271 2 5 8 8 
1 271 2 5 8 8 
1 271 2 5 8 8 
1 271 2 5 8 8 
1 271 2 5 8 8 
1 271 2 5 8 8 
1 271 2 5 8 8 
1 271 2 5 8 8 
1 271 2 5 8 8 
1 271 2 5 8 8 
1 271 2 5 8 8 
1 271 2 5 8 8 
1 271 2 5 8 8 
1 271 2 5 8 8 
1 271 2 5 8 8 
1 271 2 5 8 8 
1 271 2 5 8 8 
1 271 2 5 8 8 
1 271 2 5 8 8 
1 271 2 5 8 8 
1 271 2 5 8 8 
1 271 2 5 8 8 
1 271 2 5 8 8 
1 271 2 5 8 8 
1 271 2 5 8 8 
1 271 2 5 8 8 
1 271 2 5 8 8 
1 271 2 5 8 8 
1 271 2 5 8 8 
1 271 2 5 8 8 
1 271 2 5 8 8 
1 271 2 5 8 8 
1 271 2 5 8 8 
1 271 2 5 8 8 
1 271 2 5 8 8 
1 271 2 5 8 8 
1 271 2 5 8 8 
1 271 2 5 8 8 
1 271 2 5 8 8 
1 271 2 5 8 8 
1 271 2 5 8 8 
1 271 2 5 8 8 
1 271 2 5 8 8 
1 271 2 5 8 8 
1 271 2 5 8 8 
1 271 2 5 8 8 
1 271 2 5 8 8 
1 271 2 5 8 8 
1 271 2 5 8 8 
1 271 2 5 8 8 
1 271 2 5 8 8 
1 271 2 5 8 8 
1 271 2 5 8 8 
1 271 2 5 8 8 
1 271 2 5 8 8 
1 271 2 5 8 8 
1 271 2 5 8 8 
1 271 2 5 8 8 
1 271 2 5 8 8 
1 271 2 5 8 8 
1 271 2 5 8 8 
1 271 2 5 8 8 
1 271 2 5 8 8 
1 271 2 5 8 8 
1 271 2 5 8 8 
1 271 2 5 8 8 
1 271 2 5 8 8 
1 271 2 5 8 8 
1 271 2 5 8 8 
1 271 2 5 8 8 
1 271 2 5 8 8 
1 271 2 5 8 8 
1 271 2 5 8 8 
1 271 2 5 8 8 
1 271 2 5 8 8 
1 271 2 5 8 8 
1 271 2 5 8 8 
1 271 2 5 8 8 
1 271 2 5 8 8 
1 271 2 5 8 8 
1 271 2 5 8 8 
1 271 2 5 8 8 
1 271 2 5 8 8 
1 271 2 5 8 8 
1 271 2 5 8 8 
1 271 2 5 8 8 
1 271 2 5 8 8 
1 271 2 5 8 8 
1 271 2 5 8 8 
1 271 2 5 8 8 
1 271 2 5 8 8 
1 271 2 5 8 8 
1 271 2 5 8 8 
1 271 2 5 8 8 
1 271 2 5 8 8 
1 271 2 5 8 8 
1 271 2 5 8 8 
1 271 2 5 8 8 
1 271 2 5 8 8 
1 271 2 5 8 8 
1 271 2 5 8 8 
1 271 2 5 8 8 
1 271 2 5 8 8 
1 271 2 5 8 8 
1 271 2 5 8 8 
1 271 2 5 8 8 
1 271 2 5 8 8 
1 271 2 5 8 8 
1 271 2 5 8 8 
1 271 2 5 8 8 
1 271 2 5 8 8 
1 271 2 5 8 8 
1 271 2 5 8 8 
1 271 2 5 8 8 
1 271 2 5 8 8 
1 271 2 5 8 8 
1 271 2 5 8 8 
1 271 2 5 8 8 
1 271 2 5 8 8 
1 271 2 5 8 8 
1 271 2 5 8 8 
1 271 2 5 8 8 
1 271 2 5 8 8 
1 271 2 5 8 8 
1 271 2 5 8 8 
1 271 2 5 8 8 
1 271 2 5 8 8 
1 271 2 5 8 8 
1 271 2 5 8 8 
1 271 2 5 8 8 
1 271 2 5 8 8 
1 271 2 5 8 8 
1 271 2 5 8 8 
1 271 2 5 8 8 
1 271 2 5 8 8 
1 271 2 5 8 8 
1 271 2 5 8 8 
1 271 2 5 8 8 
1 271 2 5 8 8 
1 271 2 5 8 8 
1 271 2 5 8 8 
1 271 2 5 8 8 
1 271 2 5 8 8 
1 271 2 5 8 8 
1 271 2 5 8 8 
1 271 2 5 8 8 