57 56 403 36 122 123 122 
57 56 403 36 122 123 122 
57 56 403 36 122 123 122 
57 56 403 36 122 123 122 
57 56 403 36 122 123 122 
57 56 403 36 122 123 122 
57 56 403 36 122 123 122 
57 56 403 36 122 123 122 
57 56 403 36 122 123 122 
57 56 403 36 122 123 122 
57 56 403 36 122 123 122 
57 56 403 36 122 123 122 
57 56 403 36 122 123 122 
57 56 403 36 122 123 122 
57 56 403 36 122 123 122 
57 56 403 36 122 123 122 
57 56 403 36 122 123 122 
57 56 403 36 122 123 122 
57 56 403 36 122 123 122 
57 56 403 36 122 123 122 
57 56 403 36 122 123 122 
57 56 403 36 122 123 122 
57 56 403 36 122 123 122 
57 56 403 36 122 123 122 
57 56 403 36 122 123 122 
57 56 403 36 122 123 122 
57 56 403 36 122 123 122 
57 56 403 36 122 123 122 
57 56 403 36 122 123 122 
57 56 403 36 122 123 122 
57 56 403 36 122 123 122 
57 56 403 36 122 123 122 
57 56 403 36 122 123 122 
57 56 403 36 122 123 122 
57 56 403 36 122 123 122 
57 56 403 36 122 123 122 
57 56 403 36 122 123 122 
57 56 403 36 122 123 122 
57 56 403 36 122 123 122 
57 56 403 36 122 123 122 
57 56 403 36 122 123 122 
57 56 403 36 122 123 122 
57 56 403 36 122 123 122 
57 56 403 36 122 123 122 
57 56 403 36 122 123 122 
57 56 403 36 122 123 122 
57 56 403 36 122 123 122 
57 56 403 36 122 123 122 
57 56 403 36 122 123 122 
57 56 403 36 122 123 122 
57 56 403 36 122 123 122 
57 56 403 36 122 123 122 
57 56 403 36 122 123 122 
57 56 403 36 122 123 122 
57 56 403 36 122 123 122 
57 56 403 36 122 123 122 
57 56 403 36 122 123 122 
57 56 403 36 122 123 122 
57 56 403 36 122 123 122 
57 56 403 36 122 123 122 
57 56 403 5 8 36 122 123 122 
57 56 403 36 122 123 122 
57 56 403 36 122 123 122 
57 56 215 403 36 122 123 122 
57 56 403 36 122 123 122 
57 56 403 36 122 123 122 
57 56 403 36 122 123 122 
57 56 403 36 122 123 122 
57 56 403 36 122 123 122 
57 56 403 36 122 123 122 
57 56 403 36 122 123 122 
57 56 403 36 122 123 122 
57 56 403 36 122 123 122 
57 56 403 36 122 123 122 
57 56 403 36 122 123 122 
57 56 403 36 122 123 122 
57 56 403 36 122 123 122 
57 56 403 36 122 123 122 
57 56 403 36 122 123 122 
57 56 403 36 122 123 122 
57 56 403 36 122 123 122 
57 56 403 21 22 37 36 24 122 122 
57 56 403 21 22 37 36 24 122 122 
57 56 403 36 122 123 122 
57 56 403 36 122 123 122 
57 56 403 36 122 123 122 
57 56 403 36 122 123 122 
57 56 403 36 122 123 122 
57 56 403 36 122 123 122 
57 56 403 36 122 123 122 
57 56 403 36 122 123 122 
57 56 403 36 122 123 122 
57 56 403 36 122 123 122 
57 56 403 36 122 123 122 
57 56 403 36 122 123 122 
57 56 403 36 122 123 122 
57 56 403 36 122 123 122 
57 56 403 36 122 123 122 
57 56 403 36 122 123 122 
57 56 403 36 122 123 122 
57 56 403 36 122 123 122 
57 56 403 36 122 123 122 
57 56 403 5 8 36 122 123 122 
57 56 403 5 8 36 122 122 
57 56 403 36 122 123 122 
57 56 403 36 122 123 122 
57 56 403 36 122 123 122 
57 56 403 36 122 123 122 
57 56 403 36 122 123 122 
57 56 403 36 122 123 122 
57 56 403 36 122 123 122 
57 56 403 36 122 123 122 
57 56 403 36 122 123 122 
57 56 403 36 122 123 122 
57 56 403 36 122 123 122 
57 56 403 36 122 123 122 
57 56 403 36 122 123 122 
57 56 403 36 122 123 122 
57 56 403 36 122 123 122 
57 56 403 36 122 123 122 
57 56 403 5 6 36 122 123 122 
57 56 403 36 122 123 122 
179 57 56 180 403 181 36 122 123 122 
57 56 403 36 122 123 122 
57 56 403 36 122 123 122 
57 56 403 36 122 123 122 
57 56 403 36 122 123 122 
57 56 403 5 8 36 122 122 
57 56 403 36 122 123 122 
57 56 403 36 122 123 122 
57 56 403 159 36 122 123 130 122 
57 56 403 254 36 255 122 122 
57 56 403 36 122 123 122 
57 56 403 36 122 123 122 
57 56 403 36 122 123 122 
57 56 403 36 122 123 122 
57 56 403 36 122 123 122 
57 56 403 36 122 123 122 
57 56 403 36 122 123 122 
57 56 403 36 122 123 122 
57 56 403 36 122 123 122 
57 56 403 36 122 123 122 
57 56 403 36 122 123 122 
57 56 403 36 122 123 122 
57 56 403 36 122 123 122 
57 56 403 36 122 123 122 
57 56 403 36 122 123 122 
57 56 403 36 122 123 122 
57 56 403 36 122 123 122 
57 56 403 36 122 123 122 
1 2 57 56 403 36 122 123 122 
57 56 403 36 122 123 122 
57 56 403 36 122 123 122 
57 56 403 36 122 123 122 
57 56 403 5 8 36 122 123 122 
57 56 403 36 122 123 122 
57 56 403 36 122 123 122 
57 56 403 5 8 36 122 123 122 
57 56 403 36 122 123 122 
57 56 403 36 122 123 122 
1 2 57 56 403 36 122 123 122 
57 56 403 36 122 123 122 
57 56 403 36 122 123 122 
57 56 403 36 122 123 122 
57 56 403 36 122 123 122 
57 56 403 36 122 123 122 
57 56 403 36 122 123 122 
57 56 403 36 122 123 122 
57 56 403 36 122 123 122 
57 56 403 36 122 123 122 
57 56 403 36 122 123 122 
57 56 403 36 122 123 122 
57 56 403 36 122 123 122 
57 56 403 36 122 123 122 
57 56 403 36 122 123 122 
57 56 403 36 123 122 122 
57 56 403 36 122 123 122 