145 42 5 143 8 36 144 36 
145 42 5 143 8 36 144 36 
145 42 5 143 8 36 144 36 
145 42 5 8 36 36 
145 42 5 91 6 92 36 36 
145 42 5 8 36 36 
1 2 145 42 5 8 36 36 
145 42 5 8 156 36 144 36 
145 42 5 91 6 92 36 36 
1 2 145 42 5 91 6 92 36 36 
145 42 5 91 6 92 36 36 
145 42 5 91 6 92 36 36 
145 42 5 143 8 36 144 36 
184 1 15 185 145 42 36 122 123 36 
145 42 5 8 36 144 36 
145 42 118 152 36 153 36 
145 42 118 152 36 153 36 
145 42 5 143 8 36 144 36 
145 42 5 8 36 36 
145 42 5 8 36 36 
145 42 5 8 36 36 
145 42 5 8 36 36 
145 42 5 91 6 92 36 36 
145 42 5 143 8 36 144 36 
145 42 5 36 36 
145 42 5 91 6 92 36 36 
145 42 5 91 6 92 36 36 
145 42 5 143 8 36 144 36 
145 42 5 143 8 36 144 36 
145 42 5 143 8 36 144 36 
145 42 118 119 36 36 
55 145 56 57 42 118 119 36 36 
145 42 5 91 6 92 36 36 
145 42 5 91 6 92 36 36 
145 42 5 91 6 92 36 36 
145 42 73 5 189 8 36 144 36 
145 42 73 5 189 8 36 144 36 
145 42 5 91 6 92 36 36 
145 42 5 8 36 36 
145 42 5 143 8 36 144 36 
145 42 5 143 8 36 144 36 
145 42 5 143 8 36 144 36 
145 42 5 143 8 36 144 36 
145 42 5 143 8 36 144 36 
145 42 5 143 8 36 144 36 
145 42 5 143 8 36 144 36 
145 42 5 143 8 36 144 36 
145 42 5 143 8 36 144 36 
145 42 5 143 8 36 144 36 
145 42 5 143 8 36 144 36 
145 42 5 143 8 36 144 36 
145 42 118 173 119 36 36 
145 42 5 91 6 92 36 36 
145 42 5 91 6 92 36 36 
1 2 145 42 5 91 6 92 36 36 
145 42 5 189 8 36 144 36 
145 42 118 173 119 36 36 
145 42 5 36 36 
145 42 5 8 36 36 
145 42 118 119 36 36 
145 42 5 8 36 36 
145 42 5 8 36 36 
145 42 5 143 8 36 144 36 
145 42 5 143 8 36 144 36 
145 42 5 143 8 36 144 36 
1 145 42 5 143 8 36 144 36 
145 42 5 143 8 36 144 36 
145 42 5 143 8 36 144 36 
145 42 118 119 36 36 
145 42 5 8 36 122 36 
145 42 118 119 36 36 
145 42 5 143 8 36 144 36 
145 42 5 143 8 36 144 36 
145 42 5 143 8 36 144 36 
145 42 5 8 36 144 36 
145 42 5 91 6 92 36 36 
145 42 5 8 36 36 
145 42 5 8 36 36 
145 42 5 8 36 36 
145 42 5 118 8 119 36 144 36 
145 42 5 143 8 36 144 36 
145 42 5 143 8 36 144 36 
145 42 5 6 8 36 144 61 36 
145 42 5 6 8 36 144 61 36 
145 42 5 8 36 144 36 
145 42 118 119 36 36 
145 42 5 143 8 36 144 36 
145 42 5 8 36 36 
145 42 5 143 8 36 144 36 
145 42 5 8 36 36 
145 42 118 119 36 36 
145 42 5 91 6 92 36 36 
145 42 5 143 8 36 144 36 
145 42 5 189 8 36 144 36 
145 42 118 119 36 36 
145 42 5 8 36 36 
145 42 5 8 36 36 
145 42 5 8 36 36 
145 42 5 8 36 36 
145 42 5 8 36 144 36 
145 42 118 119 36 36 
145 42 118 119 36 36 
145 42 5 91 6 92 36 36 
145 42 5 143 8 36 144 36 
145 42 5 143 8 36 144 36 
145 42 5 143 8 36 144 36 
145 42 5 143 8 36 144 36 
145 42 5 143 8 36 144 36 
145 42 118 132 36 36 
145 42 5 143 8 36 144 36 
145 42 118 119 36 36 
145 42 5 143 8 36 144 36 
145 42 5 143 8 36 144 36 
145 42 5 8 36 36 
145 42 5 143 8 36 144 36 
145 42 5 8 36 122 36 
145 42 5 143 8 36 144 36 
145 42 5 143 8 36 144 36 
145 42 5 8 36 144 36 
145 42 5 91 6 92 36 36 
145 42 5 91 6 92 36 36 
145 42 5 91 6 92 36 36 
145 42 118 132 36 36 
145 42 118 119 36 36 
145 42 5 143 8 36 144 36 
145 42 5 143 8 36 144 36 
145 42 5 91 6 92 36 36 
145 42 118 119 36 36 
145 42 5 91 6 92 36 36 
205 206 145 207 42 118 132 36 36 
145 42 5 143 8 36 144 36 
145 42 5 459 8 36 36 
145 42 5 230 11 10 36 253 125 36 
145 42 5 91 6 92 36 36 
145 42 118 119 36 36 
145 42 5 8 36 393 36 
145 42 118 119 36 36 
145 42 5 8 36 36 
145 42 5 8 36 36 
145 42 118 119 132 36 36 
145 42 5 143 8 36 144 36 
145 42 118 119 36 36 
145 42 5 91 6 92 36 36 
145 42 5 91 6 92 36 36 
145 42 118 119 36 36 
145 42 5 91 6 92 36 36 
145 42 118 119 36 36 
145 42 5 143 8 36 144 36 
145 42 5 143 8 36 144 36 
145 42 5 143 8 36 144 36 
145 42 5 91 6 92 36 36 
145 42 118 173 119 36 36 
145 42 5 8 36 36 
145 42 5 8 36 36 
145 42 73 5 143 8 36 144 36 
145 42 5 143 8 36 144 36 
145 42 5 143 8 36 144 36 
145 42 5 143 8 36 144 36 
145 42 5 143 8 36 144 36 
145 42 5 143 8 36 144 36 
145 42 5 143 8 36 144 36 
145 42 5 143 8 36 144 36 
145 42 5 143 8 36 144 36 
145 42 5 8 36 36 
145 42 5 8 36 36 
145 42 118 119 36 36 
145 42 118 132 36 36 
145 42 5 143 8 36 144 36 
145 42 5 143 8 36 144 36 
145 42 5 143 8 36 144 36 
145 42 5 143 8 36 144 36 
145 42 118 132 36 36 
145 42 5 8 36 144 36 
145 42 118 132 36 36 
145 42 5 8 36 144 36 
1 2 145 42 5 8 36 144 36 
145 42 5 8 36 144 36 
145 42 36 36 
145 42 36 36 
145 42 5 8 36 144 36 
145 42 5 91 6 92 36 36 
145 42 5 118 173 8 36 36 
145 42 5 143 8 36 144 36 
145 42 5 143 8 36 144 36 
145 42 5 8 36 36 
145 42 5 143 8 36 144 36 
145 42 5 8 36 36 
145 42 5 143 8 36 144 36 
145 42 5 91 6 92 36 36 
145 42 5 143 8 36 144 36 
145 42 5 36 36 
1 2 145 42 5 143 8 36 144 36 
145 42 5 91 6 92 36 36 
145 42 36 36 
145 42 5 91 6 92 36 36 
145 42 5 118 119 36 36 
145 42 73 36 283 36 
145 42 5 91 6 92 36 36 
145 42 36 122 123 36 
145 42 142 36 36 
145 42 5 36 36 
145 42 5 36 36 
145 42 5 36 36 
145 42 5 91 6 92 36 36 
1 2 145 42 5 91 6 92 36 36 
145 42 5 91 6 92 36 36 
145 42 73 5 143 8 36 144 36 
1 2 145 42 5 143 8 36 144 36 
145 42 118 173 36 36 
145 42 5 91 6 92 36 36 
145 42 5 143 8 36 144 36 
145 42 5 143 8 36 144 36 
1 2 145 42 5 91 6 92 36 36 
145 42 5 143 8 36 144 36 
145 42 142 36 36 
145 42 5 8 36 36 
145 42 5 143 8 36 144 36 
145 42 5 143 8 36 144 36 
145 42 5 143 8 36 144 36 
145 42 5 143 8 36 144 36 
145 42 5 143 8 36 144 36 
145 42 5 8 156 36 144 36 
145 42 5 91 6 92 36 36 
145 42 5 143 8 36 144 36 
145 42 5 8 36 36 
1 2 145 42 142 36 36 
145 42 5 8 36 36 
145 42 5 143 8 36 144 36 
145 42 5 143 8 36 144 36 
145 42 5 8 36 584 36 
145 42 73 5 8 36 36 
145 42 5 143 8 36 144 36 
145 42 5 143 8 36 144 36 
145 42 5 91 6 92 36 36 
1 145 42 83 118 36 36 
40 147 145 42 5 91 6 92 36 36 
145 42 5 91 6 92 36 36 
145 42 5 8 36 36 
145 42 5 8 36 36 
1 2 145 42 5 91 6 92 36 36 
145 42 5 8 36 36 
145 42 5 8 36 36 
145 42 5 8 36 36 
145 42 5 8 36 36 
145 42 5 143 8 36 144 36 
145 42 159 251 11 10 36 252 125 130 36 
145 42 5 91 6 92 36 36 
145 42 5 8 156 36 144 36 
145 42 5 143 8 36 144 36 
145 42 5 143 8 36 144 36 
145 42 5 143 8 36 144 36 
1 2 145 42 5 189 143 8 36 144 36 
145 42 5 189 143 8 36 144 36 
145 42 5 189 143 8 36 144 36 
145 42 73 5 189 143 8 36 144 36 
145 42 5 189 143 8 36 144 36 
145 42 5 189 143 8 36 144 36 
145 42 5 189 143 8 36 144 36 
145 42 5 189 143 8 36 144 36 
145 42 5 189 143 8 36 144 36 
145 42 5 189 143 8 36 144 36 
145 42 5 189 143 8 36 144 36 
145 42 5 189 143 8 36 144 36 
145 42 5 189 143 8 36 144 36 
145 42 5 91 6 92 36 36 
145 42 5 143 8 36 144 36 
145 42 5 143 8 36 144 36 
145 42 5 143 8 36 144 36 
145 42 5 143 8 36 144 36 
145 42 73 5 143 8 36 144 36 
145 42 5 143 8 36 144 36 
145 42 5 91 6 92 36 36 
145 42 5 91 6 92 36 36 
145 42 5 8 36 36 
145 42 5 91 6 92 36 36 
145 42 5 143 8 36 144 36 
145 42 5 91 6 92 36 36 
145 42 5 8 36 36 
145 42 5 8 36 36 
145 42 5 143 8 36 144 36 
145 42 5 91 6 92 36 36 
145 42 5 143 8 36 144 36 
1 2 145 42 5 143 8 36 144 36 
145 42 5 143 8 36 144 36 
145 42 5 143 8 36 144 36 
145 42 5 143 8 36 144 36 
145 42 5 143 8 36 144 36 
145 42 5 143 8 36 144 36 
1 2 145 42 5 91 6 92 36 36 
145 42 5 91 6 92 36 36 
145 42 5 143 8 36 144 36 
145 42 5 143 8 36 144 36 
145 42 5 143 8 36 144 36 
145 42 5 143 8 36 144 36 
145 42 5 91 6 92 36 36 
145 42 5 91 6 92 36 36 
145 42 5 91 6 92 36 36 
145 42 5 143 8 36 144 36 
145 42 73 5 143 8 36 144 36 
145 42 5 143 8 36 144 36 
145 42 5 143 8 36 144 36 
145 42 5 143 8 36 144 36 
1 145 42 5 143 8 36 144 36 
145 42 5 143 8 36 144 36 
145 42 5 143 8 36 144 36 
205 206 145 207 42 5 143 8 36 144 36 
205 206 145 207 42 5 143 8 36 144 36 
205 206 145 207 42 5 143 8 36 144 36 
145 42 5 143 8 36 144 36 
145 42 73 5 143 8 36 144 36 
145 42 5 143 8 36 144 36 
145 42 5 143 8 36 144 36 
145 42 5 143 8 36 144 36 
145 42 5 143 8 36 144 36 
145 42 5 143 8 36 144 36 
145 42 5 91 6 92 36 36 
145 42 5 143 8 36 144 36 
145 42 5 8 36 36 
40 145 41 42 5 143 8 36 144 36 
145 42 5 143 8 36 144 36 
145 42 5 91 6 92 36 36 
145 42 5 91 6 92 36 36 
145 42 118 173 119 36 36 
145 42 5 143 8 36 144 36 
1 2 145 42 5 143 8 36 144 36 
145 42 5 143 8 36 144 36 
145 42 5 143 8 36 144 36 
145 42 5 91 6 92 36 36 
145 42 5 91 6 92 36 36 
145 42 5 91 6 92 36 36 
145 42 5 91 6 92 36 36 
145 42 5 143 8 36 144 36 
145 42 5 143 8 36 144 36 
145 42 5 143 8 36 144 36 
145 42 5 143 8 36 144 36 
184 1 15 185 145 42 5 143 8 36 144 36 
145 42 5 91 6 92 36 36 
145 42 5 118 8 36 144 36 
145 42 5 143 8 36 144 36 
145 42 5 91 6 92 36 36 
145 42 5 91 6 92 36 36 
145 42 5 36 36 
145 42 5 91 6 92 36 36 
145 42 5 91 6 92 36 36 
145 42 5 91 6 92 36 36 
145 42 5 91 6 92 36 36 
145 42 5 91 6 92 36 36 
145 42 5 91 6 92 36 36 
145 42 5 91 6 92 36 36 
145 42 5 91 6 92 36 36 
145 42 118 173 119 36 36 
145 42 5 143 8 36 144 36 
145 42 5 143 8 36 144 36 
145 42 5 143 8 36 144 36 
145 42 5 189 143 8 36 144 36 
145 42 5 189 143 8 36 144 36 
145 42 5 189 143 8 36 144 36 
145 42 5 189 143 8 36 144 36 
145 42 5 143 8 36 144 36 
145 42 5 8 36 36 
145 42 5 143 8 36 144 36 
145 42 5 8 36 36 
145 42 5 143 8 36 144 36 
145 42 5 143 8 36 144 36 
1 2 145 42 5 143 8 36 144 36 
145 42 5 143 8 36 144 36 
145 42 118 36 36 
145 42 5 189 8 36 144 36 
145 42 5 189 8 36 144 36 
145 42 5 189 8 36 144 36 
145 42 5 143 8 36 144 36 
145 42 5 143 8 36 144 36 
145 42 5 143 8 36 144 36 
145 42 5 143 8 36 144 36 
145 42 5 143 8 36 144 36 
145 42 5 143 8 36 144 36 
145 42 5 8 36 144 36 
145 42 5 143 8 36 144 36 
145 42 5 143 8 36 144 36 
145 42 5 143 8 36 144 36 
145 42 5 143 8 36 144 36 
145 42 5 143 8 36 144 36 
145 42 5 143 8 36 144 36 
145 42 5 143 8 36 144 36 
145 42 5 143 8 36 144 36 
145 42 5 8 36 36 
145 42 5 8 36 36 
145 42 5 8 36 36 
145 42 5 8 36 36 
145 42 73 5 143 8 36 144 36 
145 42 5 143 8 36 144 36 
40 145 41 42 5 143 8 36 144 36 
145 42 5 143 8 36 144 36 
145 42 5 143 8 36 144 36 
145 42 5 91 6 92 36 36 
145 42 5 118 8 119 36 144 36 
145 42 5 6 23 8 36 139 36 
145 42 5 91 6 92 36 36 
145 42 5 8 36 36 
145 42 5 143 8 36 144 36 
145 42 5 8 36 36 
145 42 5 143 8 36 144 36 
145 42 5 8 36 36 
145 42 118 132 36 36 
145 42 5 143 8 36 144 36 
145 42 5 143 8 36 144 36 
145 42 5 8 36 36 
145 42 5 8 36 36 
145 42 5 8 36 36 
1 145 42 118 119 36 36 
145 42 5 91 6 92 36 36 
145 42 5 189 143 8 36 144 36 
145 42 5 189 143 8 36 144 36 
145 42 5 143 8 36 144 36 
145 42 5 143 8 36 144 36 
145 42 5 91 6 92 36 36 
145 42 5 143 8 36 144 36 
145 42 5 143 8 36 144 36 
145 42 73 5 8 36 36 
145 42 5 143 162 8 36 144 36 
145 42 5 91 6 92 36 36 
145 42 5 91 6 92 36 36 
145 42 36 122 123 36 
145 42 5 143 8 36 144 36 
145 42 5 91 6 92 36 36 
145 42 5 6 23 36 139 36 
145 42 5 143 8 36 144 36 
145 42 5 143 8 36 144 36 
145 42 5 143 8 36 144 36 
145 42 5 143 8 36 144 36 
51 145 375 42 78 5 143 8 36 144 36 
145 42 118 119 36 36 
145 42 5 8 36 36 
145 42 118 119 36 36 
145 42 5 189 8 36 144 36 
145 42 118 173 36 36 
145 42 5 143 8 36 144 36 
145 42 5 6 23 36 139 36 
145 42 5 189 8 36 144 36 
145 42 5 143 8 36 144 36 
145 42 5 189 8 36 144 36 
145 42 5 189 8 36 144 36 
145 42 5 189 8 36 144 36 
145 42 5 189 8 36 144 36 
1 15 145 42 43 5 189 8 36 144 36 
145 42 5 91 6 36 36 
145 42 5 143 8 36 144 36 
145 42 5 143 8 36 144 36 
145 42 5 143 8 36 144 36 
145 42 5 143 8 36 144 36 
145 42 5 143 8 36 144 36 
145 42 5 143 8 36 144 36 
145 42 5 143 8 36 144 36 
145 42 5 143 8 36 144 36 
145 42 5 189 143 8 36 144 36 
145 42 5 189 143 8 36 144 36 
145 42 5 143 8 36 144 36 
145 42 5 91 6 92 36 36 
145 42 5 8 36 36 
145 42 5 8 36 36 
145 42 5 8 36 36 
145 42 5 143 8 36 144 36 
145 42 5 189 143 8 36 144 36 
145 42 73 5 189 143 8 36 144 36 
145 42 5 143 8 36 144 36 
145 42 5 118 8 119 36 144 36 
145 42 142 36 36 
145 42 118 119 36 36 
145 42 118 119 36 36 
145 42 5 143 8 36 144 36 
184 1 15 185 145 42 5 143 8 36 144 36 
205 206 145 207 42 5 143 8 36 144 36 
145 42 5 143 8 36 144 36 
145 42 118 119 36 36 
145 42 5 143 8 36 144 36 
145 42 5 91 6 92 36 36 
145 42 5 143 8 36 144 36 
145 42 5 91 6 92 36 36 
145 42 5 118 8 119 36 144 36 
145 42 5 118 8 119 36 144 36 
145 42 118 173 119 36 36 
145 42 133 21 22 36 68 24 36 
145 42 5 91 6 92 36 36 
145 42 5 91 6 92 36 36 
145 42 5 91 6 92 36 36 
145 42 5 143 8 36 144 36 
145 42 5 91 6 92 36 36 
145 42 5 91 6 92 36 36 
145 42 118 173 119 36 36 
145 42 5 189 143 8 36 144 36 
145 42 5 189 143 8 36 144 36 
145 42 5 189 143 8 36 144 36 
145 42 118 173 36 36 
145 42 118 173 36 36 
145 42 118 119 36 36 
145 42 5 143 8 36 144 36 
145 42 5 143 8 36 144 36 
145 42 5 143 8 36 144 36 
145 42 5 143 8 36 144 36 
145 42 5 143 8 36 144 36 
145 42 5 143 8 36 144 36 
145 42 5 143 8 36 144 36 
145 42 5 143 8 36 144 36 
145 42 5 189 8 36 144 36 
145 42 5 189 8 36 144 36 
145 42 5 143 8 36 144 36 
145 42 5 189 143 8 36 144 36 
145 42 5 189 8 36 144 36 
145 42 5 189 8 36 144 36 
145 42 5 91 6 143 92 8 36 144 36 
145 42 5 189 8 36 144 36 
145 42 5 189 143 8 36 144 36 
145 42 5 189 8 36 144 36 
145 42 5 189 8 36 144 36 
145 42 5 189 8 36 144 36 
145 42 5 189 8 36 144 36 
145 42 5 118 119 36 36 
145 42 5 143 8 36 144 36 
145 42 5 91 6 92 36 36 
145 42 5 91 6 92 36 36 
145 42 5 8 36 36 
145 42 5 8 36 36 
145 42 5 8 36 36 
1 2 145 42 159 36 122 130 36 
145 42 5 143 8 36 144 36 
145 42 5 143 8 36 144 36 
145 42 118 119 36 36 
1 2 145 42 36 36 
145 42 118 173 119 36 36 
145 42 118 119 36 36 
145 42 5 143 8 36 144 36 
145 42 5 189 143 8 36 144 36 
145 42 5 143 8 36 144 36 
145 42 118 119 36 36 
145 42 118 119 36 36 
145 42 118 119 36 36 
145 42 5 91 6 92 36 36 
145 42 5 143 8 36 144 36 
145 42 5 91 6 92 36 36 
145 42 5 8 36 36 
145 42 5 143 8 36 144 36 
145 42 5 189 8 36 144 36 
145 42 5 189 8 36 144 36 
145 42 5 189 8 36 144 36 
145 42 73 5 189 8 36 144 36 
145 42 5 189 8 36 144 36 
1 2 145 42 5 8 36 36 
145 42 118 173 119 36 36 
145 42 5 91 6 92 36 36 
145 42 5 91 6 92 36 36 
145 42 118 119 36 36 
145 42 118 173 119 36 36 
145 42 5 6 23 36 139 36 
145 42 118 132 36 36 
145 42 118 119 36 36 
145 42 5 143 8 36 144 36 
145 42 5 143 8 36 144 36 
145 42 5 143 8 36 144 36 
145 42 118 119 36 36 
145 42 5 143 8 36 144 36 
145 42 5 118 143 8 119 36 144 36 
145 42 118 173 119 36 36 
145 42 5 6 210 36 61 36 
145 42 5 6 210 36 61 36 
145 42 5 6 210 36 61 36 
145 42 5 6 210 36 61 36 
145 42 5 8 36 36 
145 42 5 8 36 36 
145 42 5 189 8 36 144 36 
145 42 5 143 8 36 144 36 
145 42 5 143 8 36 144 36 
145 42 5 143 8 36 144 36 
145 42 5 143 8 36 144 36 
145 42 5 143 8 36 144 36 
145 42 5 143 8 36 144 36 
145 42 5 143 8 36 144 36 
145 42 5 254 8 36 144 255 36 
145 42 5 254 8 36 144 255 36 
145 42 5 254 8 36 144 255 36 
145 42 5 8 36 36 
145 42 5 8 36 36 
145 42 5 91 6 143 92 8 36 144 36 
145 42 5 91 6 143 92 8 36 144 36 
145 42 5 143 8 36 144 36 
145 42 5 143 8 36 144 36 
145 42 5 143 8 36 144 36 
145 42 5 143 8 36 144 36 
145 42 5 143 8 36 144 36 
145 42 5 143 8 36 144 36 
175 145 42 5 143 8 36 144 36 
145 42 5 143 8 36 144 36 
145 42 118 119 36 36 
145 42 5 8 36 36 
1 2 145 42 5 91 6 92 36 36 
145 42 118 119 36 36 
145 42 5 143 8 36 144 36 
145 42 5 143 8 36 144 36 
145 42 5 143 8 36 144 36 
145 42 5 8 36 122 36 
145 42 5 8 36 122 36 
145 42 5 189 8 36 144 36 
145 42 118 119 36 36 
145 42 118 173 119 36 36 
145 42 5 143 8 36 144 36 
145 42 5 143 8 36 144 36 
145 42 5 143 8 36 144 36 
145 42 118 132 36 36 
145 42 5 143 8 36 144 36 
145 42 5 143 8 36 144 36 
145 42 5 8 36 36 
145 42 118 119 36 36 
145 42 118 119 36 36 
145 42 5 8 36 36 
145 42 118 119 36 36 
145 42 118 119 36 36 
145 42 5 189 8 36 144 36 
145 42 5 189 8 36 144 36 
145 42 5 189 8 36 144 36 
145 42 118 119 36 36 
145 42 118 119 36 36 
145 42 5 143 8 36 144 36 
145 42 5 143 8 36 144 36 
145 42 5 8 36 144 36 
145 42 5 8 36 144 36 
205 206 145 207 42 5 91 6 92 36 36 
145 42 5 118 8 119 36 144 36 
145 42 5 189 143 8 36 144 36 
145 42 5 143 8 36 144 36 
145 42 118 119 36 36 
145 42 5 8 36 36 
145 42 118 119 36 36 
145 42 118 119 36 36 
145 42 5 189 8 36 144 36 
145 42 118 119 36 36 
145 42 5 143 8 36 144 36 
145 42 5 143 8 36 144 36 
145 42 5 8 36 36 
145 42 5 143 8 36 144 36 
145 42 5 143 8 36 144 36 
145 42 5 143 8 36 144 36 
145 42 5 143 8 36 144 36 
145 42 5 143 8 36 144 36 
145 42 118 119 36 36 
145 42 118 119 36 36 
145 42 5 91 6 92 36 36 
145 42 5 118 119 36 36 
145 42 5 143 8 36 144 36 
145 42 5 143 8 36 144 36 
145 42 5 91 6 143 8 92 36 144 36 
145 42 5 91 6 143 8 92 36 144 36 
145 42 5 91 6 143 8 92 36 144 36 
145 42 5 91 6 143 8 92 36 144 36 
145 42 5 143 8 36 144 36 
145 42 5 118 8 119 36 144 36 
145 42 5 91 6 8 92 36 144 36 
145 42 118 119 36 36 
145 42 142 36 36 
145 42 5 91 6 92 36 36 
145 42 118 119 36 36 
145 42 5 118 8 119 36 144 36 
145 42 5 143 8 36 144 36 
145 42 5 143 8 36 144 36 
145 42 5 143 8 36 144 36 
145 42 5 143 8 36 144 36 
145 42 5 143 8 36 144 36 
145 42 5 143 8 36 144 36 
145 42 118 119 36 36 
145 42 5 91 6 92 36 36 
145 42 118 132 36 36 
145 42 5 189 143 8 36 144 36 
145 42 5 189 143 8 36 144 36 
145 42 5 189 143 8 36 144 36 
145 42 5 189 143 8 36 144 36 
145 42 5 189 143 8 36 144 36 
145 42 5 189 143 8 36 144 36 
145 42 5 189 143 8 36 144 36 
145 42 5 189 143 8 36 144 36 
145 42 118 132 36 36 
145 42 118 119 36 36 
145 42 5 143 8 36 144 36 
145 42 5 238 504 8 36 144 36 
145 42 5 143 8 36 144 36 
145 42 5 143 8 36 144 36 
145 42 118 119 36 36 
145 42 118 119 36 36 
1 2 145 42 118 119 36 36 
145 42 118 119 36 36 
145 42 5 91 6 92 36 36 
145 42 118 119 36 36 
145 42 118 119 36 36 
145 42 5 143 8 36 144 36 
145 42 118 119 36 36 
145 42 5 189 8 36 144 36 
145 42 118 119 36 36 
145 42 5 8 36 144 36 
145 42 118 119 36 36 
145 42 5 8 36 36 
145 42 118 119 36 36 
145 42 5 143 8 36 144 36 
145 42 5 91 6 92 36 36 
145 42 5 91 6 92 36 36 
145 42 5 8 36 144 36 
145 42 5 91 6 92 36 36 
145 42 5 91 6 92 36 36 
145 42 118 119 36 36 
145 42 5 143 8 36 144 36 
145 42 5 143 8 36 144 36 
145 42 5 143 8 36 144 36 
145 42 5 143 8 36 144 36 
145 42 5 143 8 36 144 36 
145 42 5 143 8 36 144 36 
145 42 5 143 8 36 144 36 
145 42 118 119 36 36 
145 42 118 119 36 36 
145 42 5 91 6 92 36 36 
145 42 118 119 36 36 
145 42 5 8 36 144 36 
145 42 5 91 6 92 36 36 
145 42 73 118 173 119 36 36 
145 42 5 143 8 36 144 36 
145 42 5 143 8 36 144 36 
145 42 118 119 36 36 
145 42 73 5 143 8 36 144 36 
145 42 5 143 8 36 144 36 
145 42 5 143 8 36 144 36 
145 42 5 143 8 36 144 36 
145 42 5 143 8 36 144 36 
145 42 5 143 8 36 144 36 
145 42 5 8 36 36 
145 42 5 8 36 36 
145 42 5 143 8 36 144 36 
145 42 5 143 8 36 144 36 
145 42 5 143 8 36 144 36 
145 42 5 143 8 36 144 36 
145 42 5 143 8 36 144 36 
145 42 5 8 36 144 36 
145 42 118 119 36 36 
205 206 145 207 42 118 119 36 36 
145 42 118 119 36 36 
145 42 5 8 36 36 
145 42 5 8 36 36 
145 42 118 119 36 36 
145 42 5 91 6 92 36 36 
205 206 145 207 42 5 91 6 92 36 36 
145 42 5 143 8 36 144 36 
145 42 5 143 8 36 144 36 
145 42 118 119 36 36 
55 145 56 57 42 5 91 6 92 36 36 
145 42 5 91 6 92 36 36 
145 42 5 189 8 36 144 36 
145 42 73 5 189 8 36 144 36 
145 42 5 189 8 36 144 36 
145 42 5 189 8 36 144 36 
145 42 73 5 189 8 36 144 36 
145 42 5 91 6 92 36 36 
145 42 5 189 8 36 144 36 
145 42 5 8 36 36 
145 42 36 122 123 36 
145 42 36 122 123 36 
145 42 5 143 8 36 144 36 
145 42 5 143 8 36 144 36 
145 42 5 91 6 92 36 36 
145 42 5 143 8 36 144 36 
145 42 5 143 8 36 144 36 
145 42 5 143 8 36 144 36 
145 42 5 36 36 
145 42 5 143 8 36 144 36 
145 42 5 143 8 36 144 36 
145 42 5 91 6 92 36 36 
136 145 42 174 118 119 36 36 
145 42 5 91 6 92 36 36 
145 42 5 143 8 36 144 36 
145 42 5 143 8 36 144 36 
145 42 5 143 8 36 144 36 
145 42 5 143 8 36 144 36 
145 42 5 143 8 36 144 36 
145 42 5 8 36 144 36 
145 42 118 119 36 36 
145 42 5 143 8 36 144 36 
145 42 5 91 6 8 92 36 144 36 
179 145 56 57 42 180 181 5 36 36 
179 145 56 57 42 180 181 5 36 36 
179 145 56 57 42 180 181 5 36 36 
145 42 118 119 36 36 
145 42 118 132 36 36 
145 42 118 119 36 36 
145 42 118 119 36 36 
145 42 118 173 119 36 36 
145 42 5 143 8 36 144 36 
145 42 118 132 36 36 
145 42 5 8 36 144 130 36 
145 42 5 8 36 144 130 36 
145 42 118 119 36 36 
145 42 118 119 36 36 
145 42 5 143 8 36 144 36 
145 42 118 119 36 36 
145 42 118 119 36 36 
145 42 5 8 36 36 
145 42 118 119 36 36 
145 42 118 173 119 36 36 
145 42 118 173 36 36 
145 42 118 119 36 36 
145 42 118 132 36 36 
145 42 5 143 8 36 144 36 
145 42 5 189 8 36 144 36 
145 42 5 143 8 36 144 36 
1 2 145 42 5 91 6 92 36 36 
145 42 118 119 36 36 
145 42 5 91 6 92 36 122 36 
145 42 5 143 8 36 144 36 
145 42 5 143 8 36 144 36 
145 42 5 8 36 36 
145 42 5 8 36 36 
145 42 118 119 36 36 
145 42 118 173 119 36 36 
145 42 5 91 6 92 36 36 
145 42 5 91 6 92 36 36 
145 42 5 91 6 92 36 36 
145 42 118 119 36 36 
145 42 5 143 8 36 144 36 
145 42 5 143 8 36 144 36 
145 42 5 143 8 36 144 36 
145 42 5 143 8 36 144 36 
145 42 5 143 8 36 144 36 
145 42 5 143 8 36 144 36 
145 42 5 143 8 36 144 36 
145 42 5 143 8 36 144 36 
145 42 5 143 8 36 144 36 
145 42 5 143 8 36 144 36 
145 42 5 143 8 36 144 36 
145 42 5 143 8 36 144 36 
145 42 5 143 8 36 144 36 
145 42 5 143 8 36 144 36 
145 42 5 143 8 36 144 36 
145 42 5 143 8 36 144 36 
145 42 5 143 8 36 144 36 
145 42 5 143 8 36 144 36 
145 42 5 143 8 36 144 36 
145 42 5 143 8 36 144 36 
1 145 42 5 143 8 36 144 36 
145 42 5 143 8 36 144 36 
145 42 142 36 36 
145 42 5 8 36 36 
145 42 5 143 8 36 144 36 
145 42 118 119 36 36 
145 42 5 8 36 36 
145 42 118 132 36 36 
145 42 5 8 36 36 
145 42 5 91 6 92 8 36 36 
145 42 5 143 8 36 144 36 
145 42 5 189 8 36 144 36 
145 42 118 119 36 36 
145 42 5 8 36 36 
145 42 5 143 8 36 144 36 
145 42 5 143 8 36 144 36 
145 42 118 119 36 36 
145 42 5 91 6 92 36 36 
145 42 118 119 36 36 
145 42 5 8 36 144 36 
145 42 5 143 8 36 144 36 
145 42 5 8 36 144 36 
145 42 5 8 36 36 
145 42 5 8 36 36 
145 42 5 169 162 170 8 36 36 
145 42 5 143 8 36 144 36 
145 42 5 143 8 36 144 36 
145 42 118 119 36 36 
145 42 118 119 36 36 
145 42 118 119 36 36 
145 42 36 36 
145 42 5 36 36 
145 42 5 36 36 
145 42 5 8 36 144 36 
145 42 5 8 36 144 36 
145 42 5 8 36 144 36 
145 42 5 36 36 
145 42 5 8 36 144 36 
145 42 5 8 36 144 36 
145 42 5 8 36 144 36 
145 42 5 8 36 144 36 
145 42 5 8 36 144 36 
145 42 5 8 36 144 36 
1 145 42 5 8 36 144 36 
145 42 5 8 36 144 36 
145 42 5 8 36 144 36 
145 42 5 8 36 144 36 
145 42 5 8 36 144 36 
145 42 5 8 36 144 36 
145 42 5 8 36 144 36 
145 42 5 143 8 36 144 36 
145 42 73 5 143 8 36 144 36 
145 42 5 143 8 36 144 36 
145 42 118 132 36 36 
145 42 5 91 6 92 36 36 
145 42 5 91 6 92 36 36 
145 42 5 143 8 36 144 36 
145 42 5 143 8 36 144 36 
1 2 145 42 5 143 8 36 144 36 
184 1 15 185 145 42 5 143 8 36 144 36 
145 42 5 91 6 92 36 36 
145 42 5 91 6 92 36 36 
145 42 5 91 6 92 36 36 
145 42 5 91 6 92 36 36 
145 42 5 143 8 36 144 36 
145 42 5 91 6 92 36 36 
145 42 5 143 8 36 144 36 
145 42 5 143 8 36 144 36 
145 42 5 143 8 36 144 36 
145 42 118 132 36 36 
145 42 5 143 8 36 144 36 
145 42 5 143 8 36 144 36 
145 42 5 189 143 8 36 144 36 
145 42 73 5 189 143 8 36 144 36 
145 42 5 189 143 8 36 144 36 
145 42 5 143 8 36 144 36 
1 2 145 42 5 143 8 36 144 36 
145 42 5 143 8 36 144 36 
145 42 5 143 8 36 144 36 
145 42 73 5 143 8 36 144 36 
145 42 5 143 8 36 144 36 
145 42 5 143 8 36 144 36 
145 42 5 143 8 36 144 36 
145 42 5 143 8 36 144 36 
145 42 5 143 8 36 144 36 
145 42 5 8 36 36 
145 42 118 119 36 36 
145 42 5 91 6 92 36 36 
145 42 5 143 8 36 144 36 
145 42 5 143 8 36 144 36 
145 42 5 91 6 92 36 36 
1 2 145 42 5 91 6 92 36 36 
145 42 5 8 36 36 
145 42 5 91 6 92 36 36 
145 42 5 91 6 92 36 36 
145 42 5 91 6 92 36 36 
145 42 5 189 8 36 144 36 
145 42 5 36 36 
1 2 145 42 5 189 8 36 144 36 
145 42 5 189 8 36 144 36 
145 42 5 189 8 36 144 36 
1 2 145 42 5 143 8 36 144 36 
145 42 118 119 36 36 
145 42 5 143 8 36 144 36 
145 42 5 143 8 36 144 36 
145 42 5 91 6 92 36 36 
145 42 5 143 8 36 144 36 
145 42 5 143 8 36 144 36 
145 42 5 143 8 36 144 36 
145 42 5 143 8 36 144 36 
145 42 5 143 8 36 144 36 
145 42 5 91 6 92 36 36 
145 42 5 189 8 36 144 36 
145 42 5 143 8 36 144 36 
145 42 5 143 8 36 144 36 
145 42 73 5 143 8 36 144 36 
145 42 5 143 8 36 144 36 
145 42 5 143 8 36 144 36 
145 42 5 143 8 36 144 36 
145 42 5 143 8 36 144 36 
145 42 5 143 8 36 144 36 
145 42 5 143 8 36 144 36 
145 42 5 8 36 36 
145 42 5 143 8 36 144 36 
145 42 5 143 8 36 144 36 
145 42 5 143 8 36 144 36 
145 42 5 91 6 92 36 36 
145 42 5 8 36 36 
145 42 5 8 36 36 
145 42 5 143 8 36 144 36 
145 42 5 8 36 36 
145 42 5 143 8 36 144 36 
145 42 5 143 8 36 144 36 
145 42 5 143 8 36 144 36 
145 42 5 189 8 36 144 36 
145 42 5 189 8 36 144 36 
145 42 5 189 8 36 144 36 
145 42 5 189 8 36 144 36 
145 42 5 189 8 36 144 36 
145 42 5 189 8 36 144 36 
145 42 5 189 8 36 144 36 
145 42 5 189 8 36 144 36 
145 42 5 189 8 36 144 36 
1 2 145 42 5 189 8 36 144 36 
1 2 145 42 5 189 8 36 144 36 
145 42 5 8 36 36 
145 42 5 8 36 144 36 
145 42 5 143 8 36 144 36 
145 42 5 143 8 36 144 36 
145 42 5 143 8 36 144 36 
145 42 5 189 143 8 36 144 36 
1 2 145 42 5 189 143 8 36 144 36 
40 145 41 42 5 91 6 597 23 36 36 
145 42 5 143 8 36 144 36 
145 42 118 119 36 36 
145 42 5 91 6 92 36 36 
145 42 5 143 8 36 144 36 
145 42 5 8 36 36 
145 42 118 119 36 36 
145 42 5 143 8 36 144 36 
145 42 5 143 8 36 144 36 
145 42 5 143 8 36 144 36 
145 42 5 143 8 36 144 36 
145 42 5 143 8 36 144 36 
145 42 5 143 8 36 144 36 
145 42 5 143 8 36 144 36 
145 42 5 143 8 36 144 36 
145 42 5 143 8 36 144 36 
145 42 5 143 8 36 144 36 
145 42 5 143 8 36 144 36 
145 42 5 143 8 36 144 36 
145 42 5 143 8 36 144 36 
145 42 5 143 8 36 144 36 
145 42 5 143 8 36 144 36 
145 42 5 143 8 36 144 36 
145 42 5 143 8 36 144 36 
145 42 5 143 8 36 144 36 
145 42 5 143 8 36 144 36 
145 42 5 143 8 36 144 36 
145 42 5 143 8 36 144 36 
145 42 5 143 8 36 144 36 
145 42 5 143 8 36 144 36 
145 42 5 91 6 92 36 36 
145 42 5 6 23 36 139 36 
145 42 5 189 8 36 144 36 
145 42 5 189 8 36 144 36 
145 42 5 8 36 36 
145 42 5 101 8 36 102 36 
145 42 118 119 36 36 
145 42 5 143 8 36 144 36 
145 42 5 8 36 36 
145 42 5 118 8 119 36 144 36 
145 42 73 5 118 8 119 36 144 36 
145 42 5 143 8 36 144 36 
1 2 145 42 5 8 36 36 
145 42 5 143 8 36 144 36 
145 42 5 91 6 92 36 36 
145 42 5 91 6 92 36 36 
145 42 5 91 6 92 36 36 
145 42 5 91 6 92 36 36 
145 42 5 91 6 92 36 36 
145 42 5 91 6 92 36 36 
145 42 118 119 36 36 
145 42 5 91 6 92 8 36 36 
145 42 5 91 6 92 36 36 
145 42 118 119 36 36 
145 42 142 36 36 
145 42 5 91 6 92 36 36 
145 42 118 119 36 36 
145 42 5 143 8 36 144 36 
145 42 5 143 8 36 144 36 
145 42 5 143 8 36 144 36 
145 42 5 91 6 92 36 36 
145 42 5 91 6 92 36 36 
175 145 42 489 142 36 36 
145 42 5 91 6 92 36 36 
145 42 5 143 8 36 144 36 
145 42 5 8 36 165 36 
145 42 5 143 8 36 144 36 
145 42 5 143 8 36 144 36 
145 42 5 143 8 36 144 36 
145 42 5 143 8 36 144 36 
145 42 5 143 8 36 144 36 
145 42 5 91 6 92 36 36 
205 206 145 207 42 5 91 6 92 36 36 
145 42 5 91 6 92 36 36 
145 42 118 132 36 36 
145 42 5 91 6 92 36 36 
145 42 5 143 8 36 144 36 
145 42 5 143 8 36 144 36 
145 42 118 119 36 36 
145 42 5 8 36 36 
1 2 145 42 5 8 36 36 
145 42 5 143 8 36 144 36 
145 42 5 143 8 36 144 36 
145 42 5 8 36 36 
145 42 5 91 6 92 36 36 
54 51 145 42 5 189 8 36 144 36 
145 42 5 143 8 36 144 36 
145 42 73 118 132 36 36 
145 42 5 143 8 36 144 36 
145 42 5 143 8 36 144 36 
145 42 5 143 8 36 144 36 
145 42 5 143 8 36 144 36 
145 42 5 143 8 36 144 36 
145 42 5 143 8 36 144 36 
145 42 5 143 8 36 144 36 
145 42 5 8 36 36 
145 42 5 143 162 8 36 144 36 
145 42 5 143 162 8 36 144 36 
145 42 5 143 8 36 144 36 
1 2 145 42 5 143 8 36 144 36 
145 42 5 91 6 92 36 36 
145 42 5 118 119 36 36 
145 42 5 91 6 92 36 36 
145 42 5 91 6 92 36 36 
145 42 5 143 8 36 144 36 
145 42 36 122 123 36 
145 42 5 189 143 8 36 144 36 
145 42 5 189 143 8 36 144 36 
145 42 5 189 143 8 36 144 36 
145 42 5 143 8 36 144 36 
145 42 5 189 8 36 144 36 
145 42 118 119 36 36 
1 236 15 202 145 42 5 189 143 8 36 144 36 
145 42 5 189 143 8 36 144 36 
145 42 5 189 143 8 36 144 36 
145 42 5 189 143 8 36 144 36 
145 42 5 143 8 36 144 36 
145 42 5 8 142 36 144 36 
145 42 5 91 6 92 8 36 36 
145 42 73 5 91 6 92 36 36 
145 42 5 143 8 36 144 36 
145 42 5 143 8 36 144 36 
145 42 5 143 8 36 144 36 
145 42 118 119 36 36 
145 42 5 8 36 36 
145 42 5 8 36 36 
145 42 5 143 8 36 144 36 
145 42 5 143 8 36 144 36 
145 42 5 143 8 36 144 36 
145 42 5 8 36 144 36 
145 42 5 143 8 36 144 36 
145 42 5 431 112 248 8 113 36 144 36 
145 42 5 143 8 36 144 36 
145 42 5 143 8 36 144 36 
145 42 5 143 8 36 144 36 
145 42 5 143 8 36 144 36 
145 42 5 143 8 36 144 36 
145 42 5 143 8 36 144 36 
145 42 5 143 8 36 144 36 
145 42 5 143 8 36 144 36 
145 42 5 91 6 92 36 36 
145 42 5 143 8 36 144 36 
145 42 118 119 36 36 
145 42 5 143 8 36 144 36 
145 42 5 91 6 92 36 36 
145 42 5 91 6 92 36 36 
145 42 5 91 6 92 36 36 
145 42 73 5 91 6 92 36 36 
145 42 118 119 36 36 
145 42 5 91 6 92 36 36 
145 42 118 119 36 36 
145 42 5 91 6 143 92 8 36 144 36 
145 42 118 119 36 36 
145 42 118 173 119 36 36 
145 42 118 119 132 36 36 
145 42 5 143 8 36 144 36 
145 42 5 143 8 36 144 36 
145 42 142 36 36 
145 42 142 36 36 
145 42 142 36 36 
145 42 142 36 36 
145 42 118 119 36 36 
145 42 73 5 143 8 36 144 36 
145 42 5 143 8 36 144 36 
145 42 5 143 8 36 144 36 
136 145 42 174 5 8 36 36 
145 42 5 8 36 36 
145 42 5 8 36 36 
145 42 5 8 36 36 
145 42 5 8 36 36 
145 42 5 8 36 36 
145 42 5 8 36 36 
145 42 5 8 36 36 
145 42 5 8 36 36 
145 42 5 8 36 36 
145 42 5 8 36 36 
145 42 5 8 36 36 
145 42 5 8 36 36 
145 42 5 8 36 36 
145 42 5 8 36 36 
145 42 5 8 36 36 
145 42 5 8 36 36 
145 42 5 8 36 36 
145 42 5 8 36 36 
145 42 5 8 36 36 
145 42 118 119 36 36 
145 42 5 143 8 36 144 36 
145 42 73 5 143 8 36 144 36 
145 42 5 143 8 36 144 36 
145 42 5 143 8 36 144 36 
145 42 5 143 8 36 144 36 
145 42 5 143 8 36 144 36 
145 42 5 143 8 36 144 36 
145 42 5 143 8 36 144 36 
145 42 5 143 8 36 144 36 
145 42 5 143 8 36 144 36 
145 42 5 143 8 36 144 36 
145 42 5 189 143 8 36 144 36 
145 42 5 189 143 8 36 144 36 
145 42 5 143 8 36 144 36 
145 42 5 143 8 36 144 36 
145 42 5 143 8 36 144 36 
145 42 5 143 8 36 144 36 
145 42 5 118 8 36 144 36 
145 42 5 91 6 92 36 36 
145 42 5 91 6 92 36 36 
145 42 118 119 36 36 
145 42 118 119 36 36 
145 42 118 119 36 36 
145 42 5 143 8 36 144 36 
145 42 5 91 6 92 36 36 
40 145 41 42 5 91 6 92 36 36 
145 42 5 143 8 36 144 36 
145 42 5 143 8 36 144 36 
145 42 118 173 119 36 36 
145 42 5 189 8 36 144 36 
145 42 5 143 8 36 144 36 
145 42 5 189 143 8 36 144 36 
145 42 5 189 143 8 36 144 36 
145 42 5 143 8 36 144 36 
145 42 5 143 8 36 144 36 
145 42 118 119 36 36 
145 42 5 143 8 36 144 36 
145 42 5 91 6 92 36 36 
145 42 5 91 6 92 36 36 
145 42 5 143 8 36 144 36 
145 42 5 91 6 92 36 36 
145 42 36 122 123 36 
145 42 5 189 143 8 36 144 36 
145 42 5 143 8 36 144 36 
145 42 118 119 36 36 
145 42 118 173 119 36 36 
205 206 145 207 42 118 119 36 36 
205 206 145 207 42 118 119 36 36 
145 42 118 119 36 36 
145 42 5 189 8 36 144 36 
145 42 5 189 8 36 144 36 
145 42 5 189 8 36 144 36 
145 42 118 119 36 36 
145 42 5 8 36 36 
145 42 5 143 8 36 144 36 
145 42 5 143 8 36 144 36 
145 42 5 143 8 36 144 36 
145 42 5 143 8 36 144 36 
145 42 5 143 8 36 144 36 
145 42 5 143 8 36 144 36 
145 42 5 91 6 92 36 36 
145 42 5 143 8 36 144 36 
145 42 5 118 8 36 144 36 
145 42 5 91 6 92 36 36 
145 42 5 91 6 92 36 36 
145 42 5 91 6 92 36 36 
145 42 5 8 36 36 
145 42 36 122 123 36 
145 42 5 8 36 144 36 
145 42 5 6 8 36 36 
145 42 118 119 36 36 
145 42 5 143 8 36 144 36 
145 42 73 118 119 36 36 
145 42 73 5 143 8 36 144 36 
145 42 5 118 218 8 36 144 36 
145 42 5 118 218 8 36 144 36 
145 42 5 143 8 36 144 36 
145 42 5 118 8 36 144 36 
145 42 5 143 8 36 144 36 
299 59 128 145 60 42 118 173 119 36 36 
145 42 5 143 8 36 144 36 
1 2 145 42 5 91 6 92 36 36 
145 42 118 119 36 36 
145 42 118 119 36 36 
145 42 5 189 143 8 36 144 36 
145 42 5 91 6 92 36 36 
1 145 42 5 91 6 92 36 36 
145 42 5 91 6 92 36 36 
1 15 202 145 42 234 5 143 8 36 144 36 
145 42 5 91 6 92 8 36 36 
145 42 5 91 6 92 8 36 36 
145 42 5 91 6 92 8 36 36 
145 42 5 91 6 92 8 36 36 
145 42 5 91 6 92 8 36 36 
145 42 5 91 6 92 8 36 36 
145 42 5 91 6 92 8 36 36 
145 42 5 91 6 92 8 36 36 
145 42 5 91 6 92 8 36 36 
145 42 5 91 6 92 8 36 36 
145 42 5 91 6 92 8 36 36 
145 42 5 143 8 36 144 36 
145 42 118 119 36 36 
145 42 118 132 36 36 
145 42 5 143 8 36 144 36 
145 42 5 143 8 36 144 36 
145 42 5 189 8 36 144 36 
145 42 5 189 8 36 144 36 
145 42 5 189 8 36 144 36 
145 42 118 119 36 36 
145 42 118 119 36 36 
145 42 73 118 119 36 36 
145 42 5 189 8 36 144 36 
145 42 118 119 36 36 
145 42 118 119 36 36 
145 42 118 119 36 36 
145 42 118 119 36 36 
145 42 118 119 36 36 
145 42 73 118 119 36 36 
145 42 118 119 36 36 
145 42 5 189 8 36 144 36 
145 42 118 119 36 36 
145 42 5 143 8 36 144 36 
145 42 5 143 8 36 144 36 
145 42 5 143 8 36 144 36 
145 42 5 143 8 36 144 36 
145 42 5 143 8 36 144 36 
145 42 5 143 8 36 144 36 
145 42 118 119 36 36 
145 42 118 119 36 36 
145 42 5 143 8 36 144 36 
145 42 5 143 8 36 144 36 
145 42 5 143 8 36 144 36 
145 42 118 119 36 36 
145 42 5 91 6 92 36 36 
145 42 5 189 8 36 144 36 
145 42 5 189 8 36 144 36 
145 42 5 189 8 36 144 36 
145 42 5 189 8 36 144 36 
145 42 5 189 8 36 144 36 
145 42 5 189 8 36 144 36 
145 42 5 189 8 36 144 36 
145 42 5 189 8 36 144 36 
145 42 5 189 8 36 144 36 
1 2 145 42 5 189 8 36 144 36 
145 42 5 189 8 36 144 36 
145 42 118 119 36 36 
145 42 5 91 6 92 36 36 
145 42 5 189 8 36 144 36 
145 42 5 143 8 36 144 36 
145 42 5 143 8 36 144 36 
145 42 5 118 8 36 144 36 
145 42 118 119 36 36 
145 42 118 119 36 36 
145 42 118 119 36 36 
145 42 5 91 6 143 92 8 36 144 36 
145 42 5 143 8 36 144 36 
145 42 73 5 143 8 36 144 36 
145 42 5 143 8 36 144 36 
145 42 5 143 8 36 144 36 
145 42 5 143 8 36 144 36 
1 2 145 42 118 119 36 36 
145 42 118 132 36 36 
145 42 118 142 132 36 36 
145 42 5 143 8 36 144 36 
145 42 5 143 8 36 144 36 
145 42 5 8 36 36 
145 42 5 8 36 36 
145 42 5 143 8 36 144 36 
145 42 5 189 8 36 144 36 
145 42 5 189 8 36 144 36 
145 42 5 189 8 36 144 36 
145 42 5 189 8 36 144 36 
145 42 5 189 8 36 144 36 
145 42 5 189 8 36 144 36 
145 42 118 119 36 36 
145 42 118 119 36 36 
145 42 73 5 91 6 92 36 36 
145 42 5 91 6 92 36 36 
145 42 5 91 6 92 36 36 
145 42 5 143 8 36 144 36 
145 42 5 143 8 36 144 36 
145 42 5 143 8 36 144 36 
145 42 5 143 8 36 144 36 
145 42 5 91 6 92 36 36 
145 42 5 91 6 92 36 36 
145 42 5 8 36 36 
145 42 118 119 36 36 
145 42 118 119 36 36 
145 42 5 91 6 92 36 36 
145 42 5 91 6 92 36 36 
145 42 5 91 6 92 36 36 
145 42 5 143 8 36 144 36 
145 42 73 5 143 8 36 144 36 
145 42 5 143 8 36 144 36 
145 42 5 143 8 36 144 36 
145 42 5 143 8 36 144 36 
145 42 5 143 8 36 144 36 
145 42 5 143 8 36 144 36 
145 42 5 143 8 36 144 36 
145 42 5 143 8 36 144 36 
145 42 5 143 8 36 144 36 
145 42 5 143 8 36 144 36 
145 42 5 143 8 36 144 36 
1 2 145 42 5 189 8 36 144 36 
145 42 5 189 8 36 144 36 
145 42 5 189 8 36 144 36 
145 42 5 189 8 36 144 36 
145 42 5 189 8 36 144 36 
145 42 5 189 8 36 144 36 
145 42 5 189 8 36 144 36 
145 42 5 189 8 36 144 36 
145 42 5 189 8 36 144 36 
145 42 5 189 8 36 144 36 
145 42 5 189 8 36 144 36 
145 42 5 189 8 36 144 36 
145 42 5 143 8 36 144 36 
145 42 5 143 8 36 144 36 
145 42 5 91 6 92 36 36 
145 42 118 132 36 36 
145 42 5 143 8 36 144 36 
145 42 5 8 36 36 
145 42 5 143 8 36 144 36 
145 42 5 143 8 36 144 36 
145 42 5 143 8 36 144 36 
1 2 145 42 5 8 36 36 
145 42 5 189 8 36 144 36 
145 42 5 8 36 36 
145 42 118 119 36 36 
145 42 118 119 36 36 
145 42 5 91 6 92 36 36 
145 42 5 143 8 36 144 36 
1 2 145 42 5 91 6 92 36 36 
145 42 118 119 36 36 
145 42 118 119 36 36 
145 42 5 8 36 36 
145 42 5 8 36 36 
145 42 5 8 36 36 
145 42 5 8 36 36 
145 42 5 8 36 36 
145 42 5 8 36 36 
145 42 118 173 119 36 36 
145 42 5 143 8 36 144 36 
145 42 5 143 8 36 144 36 
145 42 5 143 8 36 144 36 
145 42 5 8 36 36 
145 42 5 8 36 144 36 
145 42 5 143 8 36 144 36 
145 42 5 143 8 36 144 36 
145 42 5 143 8 36 144 36 
145 42 5 143 8 36 144 36 
145 42 118 132 36 36 
145 42 118 119 36 36 
145 42 5 143 8 36 144 36 
145 42 118 132 36 36 
145 42 5 143 8 36 144 36 
145 42 5 143 8 36 144 36 
145 42 5 143 8 36 144 36 
145 42 5 143 8 36 144 36 
145 42 5 143 8 36 144 36 
145 42 5 143 8 36 144 36 
145 42 118 119 36 36 
145 42 5 8 36 36 
145 42 5 91 6 92 36 36 
145 42 5 91 6 92 36 36 
145 42 5 91 6 92 36 36 
145 42 5 91 6 92 36 36 
145 42 118 119 36 36 
145 42 118 119 36 36 
145 42 5 91 6 92 36 36 
145 42 5 8 36 36 
145 42 5 143 8 36 144 36 
145 42 118 119 36 36 
145 42 5 143 8 36 144 36 
145 42 5 143 8 36 144 36 
145 42 5 143 8 36 144 36 
145 42 73 5 118 143 8 119 36 144 36 
145 42 5 118 143 8 119 36 144 36 
145 42 5 118 119 36 36 
145 42 5 118 119 36 36 
145 42 118 119 36 36 
145 42 118 119 36 36 
145 42 73 118 119 36 36 
145 42 73 5 143 8 36 144 36 
145 42 118 119 36 36 
145 42 118 119 36 36 
145 42 118 119 36 36 
145 42 5 91 6 92 36 36 
145 42 142 36 36 
145 42 5 143 8 36 144 36 
145 42 5 143 8 36 144 36 
145 42 5 143 8 36 144 36 
145 42 5 143 8 36 144 36 
145 42 5 143 8 36 144 36 
145 42 5 143 8 36 144 36 
145 42 5 143 8 36 144 36 
179 145 56 57 42 180 181 5 143 8 36 144 36 
145 42 73 5 143 8 36 144 36 
145 42 5 143 8 36 144 36 
145 42 5 143 8 36 144 36 
145 42 142 36 36 
145 42 5 189 8 36 144 36 
145 42 5 143 8 36 144 36 
145 42 5 8 36 36 
145 42 5 8 36 36 
145 42 118 119 36 36 
145 42 5 143 8 36 144 36 
145 42 5 143 8 36 144 36 
1 15 145 42 43 5 91 6 92 36 36 
1 15 145 42 43 5 91 6 92 36 36 
145 42 5 143 8 36 144 36 
145 42 118 119 36 36 
145 42 118 119 36 36 
145 42 5 143 8 36 144 36 
145 42 5 91 6 92 36 36 
145 42 5 91 6 92 36 36 
145 42 5 91 6 92 8 36 36 
145 42 118 132 36 36 
145 42 5 143 8 36 144 36 
145 42 5 143 8 36 144 36 
145 42 5 143 8 36 144 36 
145 42 5 143 8 36 144 36 
145 42 118 119 36 36 
145 42 118 119 36 36 
145 42 118 119 36 36 
145 42 73 118 119 36 36 
145 42 5 143 8 36 144 36 
145 42 5 143 8 36 144 36 
145 42 5 143 8 36 144 36 
145 42 5 143 8 36 144 36 
1 145 42 5 143 8 36 144 36 
145 42 5 143 8 36 144 36 
145 42 5 143 8 36 144 36 
145 42 5 143 8 36 144 36 
145 42 118 119 36 36 
145 42 5 143 8 36 144 36 
145 42 5 143 8 36 144 36 
145 42 5 143 8 36 144 36 
145 42 5 118 8 119 36 144 36 
95 145 42 96 5 143 8 36 144 36 
145 42 5 118 36 36 
145 42 118 132 36 36 
145 42 73 118 173 119 36 36 
145 42 5 8 36 36 
145 42 118 119 36 36 
145 42 5 143 8 36 144 36 
145 42 5 143 8 36 144 36 
145 42 5 143 8 36 144 36 
1 2 145 42 5 118 119 36 36 
145 42 5 143 8 36 144 36 
145 42 5 230 11 10 36 253 125 36 
145 42 5 8 36 35 36 
145 42 118 132 36 36 
145 42 5 8 36 36 
145 42 118 119 36 36 
145 42 5 143 8 36 144 36 
145 42 5 143 8 36 144 36 
145 42 5 143 8 36 144 36 
145 42 5 143 8 36 144 36 
145 42 5 91 6 92 36 36 
1 2 145 42 167 5 91 6 92 36 36 
145 42 118 119 36 36 
145 42 118 119 36 36 
145 42 237 238 36 36 
145 42 237 238 36 36 
145 42 118 119 36 36 
145 42 5 143 8 36 144 36 
145 42 36 122 123 36 
145 42 5 143 8 36 144 36 
145 42 5 143 8 36 144 36 
145 42 5 143 8 36 144 36 
145 42 118 132 36 36 
145 42 5 143 8 36 144 36 
145 42 118 119 36 36 
145 42 5 143 8 36 144 36 
145 42 118 119 36 36 
145 42 21 22 36 68 24 36 
145 42 21 22 36 68 24 36 
145 42 118 119 36 36 
145 42 5 143 8 36 144 36 
145 42 118 119 36 36 
145 42 5 143 8 36 144 36 
145 42 5 161 143 8 36 144 36 
145 42 5 143 8 36 144 36 
145 42 5 189 8 36 144 36 
145 42 5 91 6 92 36 36 
145 42 118 119 36 36 
145 42 5 8 36 36 
145 42 118 119 36 36 
145 42 5 8 36 144 36 
145 42 5 143 8 36 144 36 
145 42 5 143 8 36 144 36 
145 42 5 143 8 36 144 36 
145 42 5 143 8 36 144 36 
145 42 5 171 162 8 172 36 36 
145 42 118 119 36 36 
1 2 145 42 118 119 36 36 
145 42 48 5 6 142 36 36 
145 42 5 91 6 92 36 36 
145 42 5 189 143 8 36 144 36 
145 42 5 8 36 36 
145 42 5 8 36 36 
145 42 118 119 36 36 
145 42 118 119 36 36 
145 42 5 143 8 36 144 36 
145 42 5 143 8 36 144 36 
145 42 5 143 8 36 144 36 
145 42 5 143 8 36 144 36 
145 42 5 143 8 36 144 36 
145 42 118 119 36 36 
145 42 118 119 36 36 
145 42 5 8 36 36 
145 42 5 143 8 36 144 36 
145 42 5 143 8 36 144 36 
145 42 5 8 36 36 
145 42 142 36 36 
145 42 118 119 36 36 
145 42 5 8 36 36 
145 42 5 91 6 92 36 36 
145 42 5 143 8 36 144 36 
145 42 5 91 6 92 36 36 
145 42 5 91 6 92 36 36 
145 42 5 143 8 36 144 36 
145 42 5 143 8 36 144 36 
145 42 118 119 36 36 
145 42 118 119 36 36 
145 42 118 119 36 36 
145 42 118 119 36 36 
145 42 5 143 8 36 144 36 
145 42 5 91 6 92 36 36 
145 42 142 36 36 
145 42 5 189 143 8 36 144 36 
145 42 118 119 36 36 
145 42 5 189 8 36 144 36 
145 42 5 143 8 36 144 36 
145 42 5 189 8 36 144 36 
145 42 118 132 36 36 
145 42 118 132 36 36 
145 42 118 173 119 36 36 
145 42 5 8 36 36 
145 42 73 5 143 8 36 144 36 
145 42 118 119 36 36 
145 42 5 143 8 36 144 36 
145 42 118 119 36 36 
145 42 5 91 6 92 36 36 
145 42 5 143 8 36 144 36 
145 42 5 189 8 36 144 36 
145 42 5 143 8 36 144 36 
1 2 145 42 5 143 8 36 144 36 
145 42 5 143 8 36 144 36 
145 42 5 143 8 36 144 36 
1 2 145 42 118 173 119 36 36 
145 42 5 91 6 92 36 36 
145 42 5 143 8 36 144 36 
145 42 5 91 6 92 36 36 
145 42 5 8 36 36 
145 42 5 8 36 36 
145 42 5 8 36 36 
1 2 145 42 5 8 36 36 
145 42 5 8 36 36 
145 42 5 8 36 36 
145 42 5 8 36 36 
145 42 5 8 36 36 
145 42 5 143 8 36 144 36 
145 42 118 119 36 36 
145 42 118 119 36 36 
145 42 36 36 
1 15 202 145 42 234 36 36 
145 42 36 36 
145 42 5 36 36 
145 42 5 8 36 36 
145 42 5 91 6 92 36 36 
145 42 5 143 8 36 144 36 
145 42 5 8 36 36 
145 42 5 143 8 36 144 36 
145 42 5 143 8 36 144 36 
145 42 5 143 8 36 144 36 
145 42 5 143 8 36 144 36 
145 42 5 143 8 36 144 36 
145 42 5 6 36 61 36 
145 42 5 143 8 36 144 36 
145 42 5 143 8 36 144 36 
145 42 5 143 8 36 144 36 
145 42 5 91 6 92 36 36 
145 42 5 143 8 142 36 144 36 
145 42 5 143 8 142 36 144 36 
145 42 5 143 8 142 36 144 36 
145 42 5 143 8 142 36 144 36 
145 42 5 8 36 36 
145 42 5 91 6 92 36 36 
1 2 145 42 5 8 36 144 36 
145 42 73 5 189 143 8 36 144 36 
145 42 73 5 189 143 8 36 144 36 
145 42 73 5 189 143 8 36 144 36 
145 42 5 189 143 8 36 144 36 
145 42 73 5 189 143 8 36 144 36 
145 42 5 189 143 8 36 144 36 
145 42 5 189 143 8 36 144 36 
145 42 5 91 6 92 36 36 
145 42 5 91 6 92 36 36 
145 42 73 5 143 8 36 144 36 
179 145 56 57 42 180 181 5 173 118 8 36 144 36 
1 2 145 42 5 143 8 36 144 36 
145 42 5 143 8 36 144 36 
145 42 73 5 143 8 36 144 36 
145 42 5 143 8 36 144 36 
136 145 42 5 91 6 92 36 36 
145 42 5 91 6 92 36 36 
1 2 145 42 118 132 36 36 
145 42 5 91 6 92 36 36 
145 42 118 173 119 36 36 
145 42 5 143 8 36 144 36 
145 42 5 143 8 36 144 36 
145 42 5 143 8 36 144 36 
145 42 5 143 8 36 144 36 
145 42 5 143 8 36 144 36 
145 42 5 143 8 36 144 36 
145 42 5 143 8 36 144 36 
145 42 5 143 8 36 144 36 
145 42 5 143 8 36 144 36 
145 42 5 143 8 36 144 36 
145 42 5 143 8 36 144 36 
145 42 5 91 6 92 36 36 
145 42 5 91 6 92 36 36 
145 42 5 8 36 36 
145 42 5 143 8 36 144 36 
145 42 5 91 6 92 36 36 
145 42 5 189 143 8 36 144 36 
145 42 5 189 143 8 36 144 36 
145 42 5 143 8 36 144 36 
145 42 5 143 8 36 144 36 
145 42 5 91 6 92 36 36 
145 42 5 143 8 36 144 36 
145 42 5 143 8 36 144 36 
145 42 5 143 8 36 144 36 
145 42 5 8 156 36 144 36 
1 2 145 42 5 8 36 36 
145 42 5 143 8 36 144 36 
145 42 5 143 8 36 144 36 
145 42 5 143 8 36 144 36 
1 2 145 42 5 91 6 92 36 36 
145 42 5 143 8 36 144 36 
145 42 5 378 232 8 36 36 
145 42 5 8 36 36 
145 42 5 143 8 36 144 36 
145 42 5 91 6 92 36 36 
145 42 5 91 6 92 36 36 
145 42 5 91 6 92 36 36 
145 42 5 91 6 92 36 36 
145 42 118 173 119 36 36 
145 42 118 119 36 36 
145 42 5 143 8 36 144 36 
145 42 5 91 6 92 36 36 
145 42 5 91 6 92 36 36 
145 42 5 91 6 92 36 36 
145 42 5 239 162 8 36 36 
40 145 41 42 5 91 6 92 36 36 
145 42 5 143 8 36 144 36 
145 42 5 91 6 92 8 36 36 
145 42 5 143 8 36 144 36 
145 42 5 143 8 36 144 36 
145 42 118 119 36 36 
145 42 118 119 36 36 
145 42 5 91 6 92 36 36 
145 42 118 119 36 36 
145 42 5 8 36 144 36 
145 42 5 143 8 36 144 36 
145 42 5 91 6 92 36 36 
145 42 5 143 8 36 144 36 
205 206 145 207 42 5 143 8 36 144 36 
145 42 5 143 8 36 144 36 
145 42 5 143 8 36 144 36 
145 42 118 173 119 36 36 
145 42 118 119 36 36 
145 42 5 143 8 36 144 36 
145 42 5 143 8 36 144 36 
145 42 5 143 8 36 144 36 
145 42 5 143 8 36 144 36 
145 42 118 119 36 36 
182 136 145 42 183 118 132 36 36 
145 42 118 119 36 36 
145 42 118 119 36 36 
145 42 5 143 8 36 144 36 
145 42 5 143 8 36 144 36 
145 42 5 143 8 36 144 36 
145 42 5 143 8 36 144 36 
145 42 5 143 8 36 144 36 
145 42 118 119 36 36 
145 42 5 143 8 36 144 36 
145 42 118 119 36 36 
145 42 5 143 8 36 144 36 
145 42 5 8 36 36 
145 42 5 8 36 36 
145 42 5 143 8 36 144 36 
145 42 73 118 119 36 36 
145 42 5 8 36 144 36 
145 42 5 8 36 144 36 
145 42 5 143 8 36 144 36 
145 42 5 143 8 36 144 35 36 
145 42 5 8 36 36 
145 42 5 6 8 36 144 61 36 
145 42 5 8 36 36 
145 42 118 132 36 36 
145 42 5 143 8 36 144 36 
145 42 118 119 36 36 
145 42 118 119 36 36 
1 2 145 42 5 143 8 36 144 36 
145 42 5 143 8 36 144 36 
145 42 5 143 8 36 144 36 
145 42 118 119 36 36 
145 42 5 143 8 36 144 36 
1 2 145 42 5 8 36 36 
145 42 5 189 8 36 144 36 
145 42 5 8 36 36 
145 42 5 143 8 36 144 36 
145 42 5 143 8 36 144 36 
145 42 5 8 36 36 
145 42 5 8 36 36 
145 42 5 143 8 36 144 36 
145 42 5 91 6 92 36 36 
145 42 118 119 36 36 
145 42 142 36 36 
145 42 5 143 8 36 144 36 
145 42 5 91 6 92 36 36 
145 42 5 143 8 36 144 36 
145 42 5 8 36 36 
145 42 5 8 36 36 
145 42 5 8 36 36 
145 42 5 8 36 36 
145 42 118 119 36 36 
145 42 5 91 6 92 36 36 
145 42 5 189 143 8 36 144 36 
145 42 5 189 143 8 36 144 36 
145 42 5 189 143 8 36 144 36 
145 42 5 189 143 8 36 144 36 
145 42 5 189 143 8 36 144 36 
145 42 5 189 143 8 36 144 36 
145 42 5 189 143 8 36 144 36 
145 42 5 143 8 36 144 36 
145 42 5 143 8 36 144 36 
145 42 5 143 8 36 144 36 
145 42 5 143 8 36 144 36 
145 42 5 143 8 36 144 36 
145 42 5 143 8 36 144 36 
145 42 5 143 8 36 144 36 
145 42 5 143 8 36 144 36 
145 42 118 132 36 36 
145 42 5 143 8 36 144 36 
145 42 5 143 8 36 144 36 
145 42 5 91 6 92 36 36 
145 42 5 91 6 92 36 36 
145 42 5 91 6 92 36 36 
145 42 118 119 36 36 
145 42 118 173 119 36 36 
145 42 5 143 8 36 144 36 
145 42 5 143 8 36 144 36 
145 42 5 143 8 36 144 36 
145 42 73 118 119 36 36 
145 42 118 173 119 36 36 
145 42 118 173 36 36 
145 42 5 143 8 36 144 36 
145 42 5 143 8 36 144 36 
145 42 5 143 8 36 144 36 
145 42 5 143 8 36 144 36 
145 42 5 143 8 36 144 36 
145 42 5 143 8 36 144 36 
145 42 5 143 8 36 144 36 
145 42 5 143 8 36 144 36 
145 42 73 5 143 8 36 144 36 
145 42 5 8 36 36 
145 42 5 91 6 92 36 36 
145 42 5 143 8 36 144 36 
145 42 5 143 8 36 144 36 
145 42 5 189 8 36 144 36 
145 42 5 8 36 122 36 
145 42 73 5 189 8 36 144 36 
145 42 5 143 8 36 144 36 
1 2 145 42 5 8 156 36 144 36 
145 42 5 143 8 36 144 36 
1 2 145 42 5 91 6 92 36 36 
145 42 5 143 8 36 144 36 
145 42 5 143 8 36 144 36 
1 2 145 42 5 143 8 36 144 36 
145 42 5 189 8 36 144 36 
145 42 5 189 8 36 144 36 
145 42 118 119 36 36 
145 42 5 91 6 92 36 36 
145 42 73 5 189 8 36 144 36 
145 42 5 189 8 36 144 36 
145 42 5 189 8 36 144 36 
145 42 118 119 36 36 
145 42 118 119 36 36 
145 42 118 119 36 36 
145 42 5 118 8 119 36 144 36 
145 42 5 143 8 36 144 36 
145 42 5 143 8 36 144 36 
145 42 5 143 8 36 144 36 
145 42 5 143 8 36 144 36 
145 42 5 8 36 122 36 
145 42 5 143 8 36 144 36 
145 42 118 119 36 36 
145 42 118 119 36 36 
145 42 118 119 36 36 
145 42 118 119 36 36 
145 42 5 161 143 8 36 144 36 
145 42 5 161 143 8 36 144 36 
145 42 5 161 143 8 36 144 36 
145 42 142 36 36 
145 42 5 8 36 36 
1 15 145 42 5 8 36 36 
145 42 5 8 36 36 
145 42 5 8 36 36 
145 42 5 8 36 36 
145 42 5 8 36 36 
145 42 5 8 36 36 
145 42 5 8 36 36 
145 42 5 189 8 36 144 36 
145 42 5 189 8 36 144 36 
145 42 5 189 8 36 144 36 
145 42 5 143 8 36 144 36 
145 42 118 119 36 36 
145 42 5 91 6 92 36 36 
145 42 5 91 6 92 36 36 
145 42 5 230 8 11 10 36 144 125 36 
145 42 73 118 119 36 36 
145 42 118 119 36 36 
145 42 5 91 6 92 36 36 
145 42 73 5 91 6 92 36 36 
145 42 5 91 6 92 36 36 
145 42 5 143 8 36 144 36 
145 42 5 143 8 36 144 36 
145 42 118 119 36 36 
40 145 41 42 118 119 36 36 
145 42 118 119 36 36 
145 42 5 189 143 8 36 144 36 
145 42 5 8 36 165 36 
145 42 118 119 36 36 
145 42 5 143 8 36 144 36 
145 42 5 91 6 92 36 36 
145 42 118 173 36 36 
145 42 118 173 36 36 
145 42 5 8 36 36 
145 42 5 118 8 119 36 144 36 
145 42 118 119 36 36 
145 42 118 119 36 36 
145 42 118 119 36 36 
205 206 145 207 42 118 119 36 36 
136 145 42 174 5 91 6 92 36 36 
1 2 145 42 5 91 6 92 36 36 
145 42 5 143 8 36 144 36 
145 42 5 118 8 119 36 144 36 
145 42 5 8 36 122 36 
145 42 5 143 8 36 144 36 
145 42 5 118 8 119 36 144 36 
145 42 5 143 162 8 36 144 36 
145 42 118 119 36 36 
145 42 5 143 8 36 144 36 
145 42 5 143 8 36 144 36 
145 42 5 189 8 36 144 36 
145 42 118 119 36 36 
145 42 5 118 8 119 36 144 36 
145 42 5 143 8 36 144 36 
145 42 118 119 36 36 
145 42 5 143 8 36 144 36 
145 42 5 91 6 92 36 36 
145 42 5 143 8 36 144 36 
145 42 5 8 36 36 
145 42 5 8 36 36 
145 42 5 143 8 36 144 36 
145 42 5 91 6 92 36 36 
145 42 5 8 36 36 
145 42 5 118 143 8 36 144 36 
145 42 5 118 143 8 36 144 36 
145 42 5 143 8 36 144 36 
1 2 145 42 5 8 36 36 
145 42 5 143 8 36 144 36 
145 42 5 143 8 36 144 36 
145 42 118 119 36 36 
145 42 5 189 143 8 36 144 36 
145 42 118 119 36 36 
145 42 118 119 36 36 
205 206 145 207 42 118 119 36 36 
145 42 5 189 8 36 144 36 
145 42 5 189 8 36 144 36 
145 42 73 5 8 36 144 36 
145 42 5 91 6 92 36 36 
145 42 5 189 8 36 144 36 
145 42 5 189 8 36 144 36 
145 42 5 143 8 36 144 36 
145 42 118 119 36 36 
145 42 5 143 8 36 144 36 
145 42 5 143 8 36 144 36 
145 42 5 143 8 36 144 36 
145 42 5 143 8 36 144 36 
145 42 5 143 8 36 144 36 
145 42 118 119 36 36 
145 42 118 119 36 36 
145 42 5 143 8 36 144 36 
145 42 5 143 8 36 144 36 
145 42 5 143 8 36 144 36 
145 42 5 143 8 36 144 36 
145 42 5 91 6 92 36 36 
145 42 5 91 6 92 36 36 
145 42 5 91 6 92 36 36 
145 42 5 91 6 92 36 36 
145 42 118 132 36 36 
145 42 5 8 36 36 
145 42 5 143 8 36 144 36 
145 42 5 8 36 36 
145 42 5 91 6 143 8 92 36 144 36 
145 42 5 143 8 36 144 36 
145 42 118 119 36 36 
145 42 5 8 36 36 
145 42 118 132 36 36 
145 42 5 143 8 36 144 36 
145 42 5 143 8 36 144 36 
145 42 5 143 8 36 144 36 
145 42 5 143 8 36 144 36 
145 42 5 143 8 36 144 36 
145 42 5 143 8 36 144 36 
145 42 5 8 36 36 
1 2 145 42 5 91 6 92 36 36 
145 42 5 143 8 36 144 36 
145 42 5 143 8 36 144 36 
1 15 145 42 43 5 118 8 36 36 
145 42 5 118 8 36 36 
145 42 118 119 36 36 
145 42 118 119 36 36 
145 42 5 8 36 36 
145 42 5 8 36 36 
145 42 5 143 8 36 144 36 
145 42 5 143 8 36 144 36 
145 42 118 119 36 36 
145 42 118 119 36 36 
145 42 5 189 8 36 144 122 36 
145 42 5 8 36 36 
145 42 5 189 143 8 36 144 36 
145 42 5 8 36 144 36 
145 42 118 119 36 36 
145 42 5 189 8 36 144 36 
145 42 5 143 8 36 144 36 
145 42 5 143 8 36 144 36 
145 42 5 143 8 36 144 36 
1 145 42 5 143 8 36 144 36 
145 42 5 143 8 36 144 36 
145 42 5 143 8 36 144 36 
145 42 5 143 8 36 144 36 
145 42 5 143 8 36 144 36 
145 42 5 143 8 36 144 36 
145 42 5 143 8 36 144 36 
145 42 5 143 8 36 144 36 
145 42 5 143 8 36 144 36 
145 42 5 143 8 36 144 36 
145 42 5 143 8 36 144 36 
145 42 5 143 8 36 144 36 
145 42 5 491 118 8 36 144 36 
145 42 5 118 8 119 36 144 36 
145 42 118 119 36 36 
145 42 5 143 8 36 144 36 
145 42 5 143 8 36 144 36 
145 42 118 119 36 36 
145 42 5 143 8 36 144 36 
145 42 118 119 36 36 
145 42 5 143 8 36 144 36 
1 2 145 42 118 119 36 36 
145 42 118 119 36 36 
1 2 145 42 118 119 36 36 
145 42 118 119 36 36 
205 206 145 207 42 118 119 36 36 
205 206 145 207 42 118 119 36 36 
145 42 5 91 6 92 36 36 
145 42 5 189 8 36 144 36 
145 42 5 189 8 36 144 36 
175 145 42 5 143 8 36 144 36 
145 42 5 143 8 36 144 36 
145 42 118 119 36 36 
145 42 5 143 8 36 144 36 
145 42 118 119 36 36 
145 42 5 91 6 92 36 36 
145 42 5 143 8 36 144 36 
145 42 5 143 8 36 144 36 
145 42 118 119 36 36 
145 42 118 119 36 36 
145 42 5 91 6 92 36 36 
145 42 5 6 8 36 61 36 
145 42 118 119 36 36 
145 42 118 119 36 36 
145 42 5 143 8 36 144 36 
145 42 5 143 8 36 144 36 
145 42 5 143 8 36 144 36 
145 42 5 143 8 36 144 36 
145 42 5 143 8 36 144 36 
145 42 5 189 143 8 36 144 36 
145 42 118 119 36 36 
145 42 118 132 36 36 
145 42 5 143 8 36 144 36 
145 42 5 8 36 36 
145 42 5 143 8 36 144 36 
145 42 5 143 8 36 144 36 
145 42 5 143 8 36 144 36 
145 42 5 143 8 36 144 36 
145 42 5 143 8 36 144 36 
1 2 145 42 5 91 6 92 36 36 
145 42 118 119 36 36 
145 42 118 119 36 36 
145 42 5 143 8 36 144 36 
145 42 118 119 36 36 
145 42 118 119 36 36 
145 42 5 143 8 36 144 36 
145 42 5 8 36 36 
145 42 5 143 8 36 144 36 
145 42 118 119 36 36 
145 42 5 91 6 92 36 36 
145 42 5 91 6 92 36 36 
145 42 118 119 36 36 
145 42 5 189 8 36 144 36 
145 42 5 91 6 92 36 36 
145 42 5 143 8 36 144 36 
145 42 118 119 36 36 
145 42 118 119 36 36 
205 206 145 207 42 118 119 36 36 
145 42 118 119 36 36 
145 42 118 119 36 36 
145 42 5 143 8 36 144 36 
145 42 5 8 36 36 
145 42 5 143 8 36 144 36 
145 42 5 143 8 36 144 36 
145 42 118 173 119 36 36 
145 42 5 143 8 36 144 36 
1 2 145 42 5 8 36 36 
145 42 118 119 36 36 
1 2 145 42 118 132 36 36 
145 42 5 143 8 36 144 36 
145 42 5 8 36 122 123 36 
145 42 5 143 8 36 144 36 
145 42 5 143 8 36 144 36 
145 42 5 143 8 36 144 36 
145 42 5 143 8 36 144 36 
145 42 5 143 8 36 144 36 
145 42 5 143 8 36 144 36 
145 42 5 91 6 92 36 36 
145 42 5 143 8 36 144 36 
145 42 5 91 6 92 36 36 
145 42 5 91 6 92 36 36 
145 42 5 8 36 36 
145 42 5 8 36 36 
145 42 5 143 8 36 144 36 
145 42 5 143 8 36 144 36 
145 42 5 143 8 36 144 36 
145 42 5 143 8 36 144 36 
145 42 5 8 36 36 
145 42 5 143 8 36 144 36 
145 42 5 143 8 36 144 36 
145 42 5 143 8 36 144 36 
145 42 5 143 8 36 144 36 
145 42 5 143 8 36 144 36 
145 42 159 36 130 36 
145 42 5 143 8 36 144 36 
175 145 42 5 143 8 36 144 36 
184 1 15 185 145 42 5 91 6 92 36 36 
145 42 5 143 8 36 144 36 
145 42 5 143 8 36 144 36 
145 42 489 152 36 153 36 
145 42 5 91 6 92 36 36 
145 42 5 143 8 36 144 36 
145 42 5 91 6 92 36 36 
1 2 145 42 5 8 36 36 
145 42 118 119 132 36 36 
145 42 5 143 8 36 144 36 
145 42 5 143 8 36 144 36 
145 42 118 119 36 36 
145 42 118 119 36 36 
145 42 5 91 6 92 36 36 
145 42 5 189 143 8 36 144 36 
145 42 5 91 6 92 36 36 
145 42 118 119 36 36 
145 42 5 8 156 36 144 36 
145 42 118 119 36 36 
145 42 5 189 8 36 144 36 
145 42 5 189 8 36 144 36 
145 42 5 8 36 36 
1 2 145 42 5 8 36 36 
145 42 5 189 8 36 144 36 
145 42 5 143 8 36 144 36 
145 42 5 143 8 36 144 36 
145 42 5 189 143 8 36 144 36 
145 42 5 189 143 8 36 144 36 
145 42 5 189 143 8 36 144 36 
145 42 5 189 143 8 36 144 36 
145 42 5 143 8 36 144 36 
145 42 5 143 8 36 144 36 
145 42 5 143 8 36 144 36 
145 42 5 143 8 36 144 36 
1 145 42 5 143 8 36 144 36 
145 42 73 5 8 36 36 
145 42 5 143 8 36 144 36 
145 42 142 36 36 
1 2 145 42 5 8 36 36 
145 42 5 8 36 36 
145 42 5 189 8 36 144 36 
145 42 5 143 8 36 144 36 
145 42 36 36 
145 42 118 132 36 36 
145 42 5 91 6 92 36 36 
145 42 5 91 6 92 36 36 
145 42 5 91 6 92 36 36 
145 42 5 91 6 92 36 36 
145 42 5 91 6 92 36 36 
145 42 73 5 189 8 36 144 36 
145 42 5 189 8 36 144 36 
1 2 145 42 5 143 8 36 144 36 
145 42 5 189 143 8 36 144 36 
145 42 118 119 36 36 
145 42 5 143 8 36 144 36 
145 42 5 143 8 36 144 36 
145 42 5 143 8 36 144 36 
145 42 5 143 8 36 144 36 
145 42 5 189 143 8 36 144 36 
145 42 5 189 143 8 36 144 36 
145 42 5 189 143 8 36 144 36 
145 42 5 189 143 8 36 144 36 
145 42 5 189 143 8 36 144 36 
145 42 5 189 143 8 36 144 36 
145 42 118 119 36 36 
145 42 5 189 8 36 144 36 
145 42 5 189 8 36 144 36 
145 42 73 5 189 8 36 144 36 
145 42 5 189 8 36 144 36 
145 42 5 189 8 36 144 36 
145 42 5 189 8 36 144 36 
145 42 5 189 8 36 144 36 
145 42 5 189 8 36 144 36 
145 42 5 91 6 92 36 36 
145 42 118 119 36 36 
145 42 5 143 8 36 144 36 
145 42 5 143 8 36 144 36 
145 42 5 91 6 92 36 36 
40 145 41 42 5 91 6 92 36 36 
1 15 145 42 43 118 173 119 36 36 
145 42 5 8 36 36 
145 42 118 119 36 36 
145 42 118 119 36 36 
145 42 118 119 36 36 
145 42 118 119 36 36 
145 42 5 91 6 92 36 36 
145 42 5 91 6 92 36 36 
145 42 5 8 36 36 
145 42 5 8 36 36 
145 42 5 8 36 36 
145 42 5 143 8 36 144 36 
145 42 5 189 8 36 144 36 
145 42 118 132 36 36 
145 42 5 91 6 92 36 36 
145 42 5 118 36 36 
38 145 42 5 8 36 36 
145 42 5 143 8 36 144 36 
145 42 5 143 8 36 144 36 
145 42 5 8 36 144 36 
145 42 5 143 8 36 144 36 
145 42 5 143 8 36 144 36 
145 42 5 8 36 36 
145 42 5 143 8 36 144 36 
145 42 5 91 6 92 36 36 
145 42 5 189 8 36 144 36 
145 42 5 189 8 36 144 36 
145 42 5 189 8 36 144 36 
145 42 118 173 119 36 36 
145 42 118 173 119 36 36 
58 59 145 60 42 149 150 118 173 119 36 36 
145 42 5 8 36 36 
145 42 5 161 91 6 92 36 36 
145 42 5 91 6 92 36 36 
145 42 5 143 8 36 144 36 
145 42 5 143 8 36 144 36 
145 42 118 119 36 36 
145 42 5 189 8 36 144 36 
145 42 5 189 8 36 144 36 
570 182 136 145 42 5 91 6 92 36 36 
145 42 5 8 36 144 36 
145 42 5 143 8 36 144 36 
145 42 5 143 8 36 144 36 
145 42 118 119 36 36 
145 42 5 91 6 8 92 36 144 36 
1 2 145 42 5 8 36 36 
145 42 5 91 6 92 36 36 
145 42 5 118 119 36 36 
145 42 5 8 36 36 
145 42 5 143 8 36 144 36 
145 42 5 143 8 36 144 36 
145 42 5 8 36 36 
145 42 5 143 8 36 144 36 
145 42 5 143 8 36 144 36 
145 42 5 143 8 36 144 36 
145 42 5 143 8 36 144 36 
145 42 5 143 8 36 144 36 
145 42 5 143 8 36 144 36 
145 42 5 143 8 36 144 36 
145 42 5 143 8 36 144 36 
145 42 5 143 8 36 144 36 
145 42 5 143 8 36 144 36 
145 42 5 143 8 36 144 36 
145 42 5 143 8 36 144 36 
1 236 15 202 145 42 5 143 8 36 144 36 
145 42 118 119 36 36 
205 206 145 207 42 118 119 36 36 
67 145 42 118 119 36 36 
145 42 118 119 36 36 
145 42 5 91 6 92 36 36 
145 42 73 118 119 36 36 
145 42 5 143 8 36 144 36 
145 42 5 143 8 36 144 36 
145 42 5 143 8 36 144 36 
145 42 5 189 8 36 144 36 
1 2 145 42 5 189 8 36 144 36 
145 42 5 143 8 36 144 36 
145 42 5 91 6 92 36 36 
145 42 5 8 36 36 
145 42 5 8 36 36 
145 42 5 143 8 36 144 36 
145 42 5 143 8 36 144 36 
145 42 5 8 36 36 
145 42 5 143 8 36 144 36 
145 42 5 91 6 92 36 36 
145 42 5 189 143 8 36 144 36 
145 42 5 189 143 8 36 144 36 
145 42 5 8 36 36 
145 42 5 143 8 36 144 36 
1 2 145 42 5 8 36 36 
145 42 5 8 36 36 
145 42 118 119 36 36 
145 42 118 119 36 36 
145 42 5 162 8 36 36 
145 42 118 119 36 36 
145 42 118 119 36 36 
145 42 5 6 36 36 
145 42 118 119 36 36 
145 42 5 143 8 36 144 36 
145 42 5 143 8 36 144 36 
145 42 5 143 8 36 144 36 
145 42 5 91 6 92 36 36 
145 42 5 8 36 36 
145 42 5 143 8 36 144 36 
145 42 5 143 8 36 144 36 
145 42 5 143 8 36 144 36 
145 42 5 143 8 36 144 36 
145 42 5 143 8 36 144 36 
145 42 73 5 143 8 36 144 36 
145 42 5 143 8 36 144 36 
145 42 5 143 8 36 144 36 
145 42 5 143 8 36 144 36 
145 42 5 143 8 36 144 36 
145 42 5 143 8 36 144 36 
145 42 5 143 8 36 144 36 
145 42 5 91 6 92 36 36 
145 42 118 119 36 36 
145 42 5 143 8 36 144 36 
145 42 5 143 8 36 144 36 
145 42 5 118 8 119 36 144 36 
145 42 142 36 36 
145 42 5 91 6 92 36 36 
205 206 145 207 42 118 119 36 36 
145 42 5 118 8 119 36 144 36 
145 42 5 143 8 36 144 36 
145 42 73 5 143 8 36 144 36 
145 42 5 143 8 36 144 36 
145 42 5 143 8 36 144 36 
145 42 5 8 36 36 
145 42 5 91 6 92 36 36 
145 42 142 36 36 
145 42 5 8 36 36 
145 42 118 119 36 36 
145 42 5 8 36 165 36 
145 42 5 143 8 36 144 36 
145 42 5 143 8 36 144 36 
145 42 5 143 8 36 144 36 
145 42 5 143 8 36 144 36 
145 42 5 143 8 36 144 36 
145 42 5 143 8 36 144 36 
145 42 5 143 8 36 144 36 
145 42 5 143 8 36 144 36 
145 42 118 173 119 36 36 
145 42 118 173 119 36 36 
1 15 145 42 43 5 143 8 36 144 36 
145 42 5 91 6 92 36 36 
145 42 118 119 36 36 
145 42 5 143 8 36 144 35 36 
145 42 5 143 8 36 144 35 36 
145 42 5 8 36 144 36 
145 42 5 8 36 144 36 
145 42 118 119 36 36 
1 2 145 42 118 119 36 36 
145 42 118 119 36 36 
145 42 5 189 143 8 36 144 36 
145 42 5 8 36 36 
205 206 145 207 42 5 91 6 8 92 36 144 36 
145 42 5 91 6 8 92 36 144 36 
145 42 5 8 36 144 36 
145 42 5 8 36 36 
145 42 118 119 36 36 
145 42 5 118 8 36 144 36 
145 42 5 8 36 36 
145 42 5 8 36 36 
145 42 5 8 36 36 
145 42 118 132 36 36 
145 42 118 119 36 36 
1 2 145 42 5 8 36 36 
145 42 118 119 36 36 
145 42 118 173 119 36 36 
145 42 5 91 6 92 36 36 
145 42 5 91 6 8 92 36 144 36 
145 42 5 8 36 36 
145 42 5 8 36 36 
145 42 118 119 36 36 
145 42 5 143 8 36 144 36 
145 42 118 119 132 36 36 
145 42 5 143 8 36 144 36 
145 42 5 143 8 36 144 36 
145 42 118 119 36 36 
145 42 118 119 36 36 
145 42 118 119 36 36 
145 42 118 119 36 36 
145 42 118 119 36 36 
145 42 118 119 36 36 
145 42 5 143 8 36 144 36 
145 42 73 5 459 8 36 36 
145 42 118 119 36 36 
145 42 5 8 36 122 36 
1 2 145 42 5 91 6 92 36 36 
145 42 5 143 8 36 144 36 
145 42 5 143 8 36 144 36 
145 42 5 143 8 36 144 36 
145 42 5 143 8 36 144 36 
145 42 118 119 36 36 
145 42 5 143 8 36 144 36 
145 42 5 189 8 36 144 36 
145 42 73 5 189 8 36 144 36 
145 42 5 189 8 36 144 36 
145 42 5 189 8 36 144 36 
145 42 73 5 189 8 36 144 36 
145 42 5 435 21 8 117 36 144 36 
145 42 73 118 119 36 36 
145 42 73 118 119 36 36 
145 42 5 189 8 36 144 36 
145 42 5 189 8 36 144 36 
1 2 145 42 5 189 8 36 144 36 
145 42 5 189 8 36 144 36 
145 42 5 189 8 36 144 36 
145 42 5 143 8 36 144 36 
145 42 118 119 36 36 
145 42 5 143 8 36 144 36 
154 145 42 204 5 143 8 36 144 36 
145 42 5 143 8 36 144 36 
145 42 5 143 8 36 144 36 
145 42 5 8 36 36 
136 145 42 174 5 8 36 36 
145 42 5 143 8 36 144 36 
145 42 5 8 36 36 
145 42 5 8 36 36 
145 42 5 8 36 36 
145 42 5 8 36 36 
145 42 5 8 36 36 
145 42 5 91 6 92 36 36 
145 42 118 132 36 36 
145 42 5 143 8 36 144 36 
145 42 5 143 8 36 144 36 
145 42 5 143 8 36 144 36 
145 42 118 119 36 36 
145 42 118 173 119 36 36 
145 42 5 8 36 36 
145 42 118 119 36 36 
145 42 5 8 36 36 
145 42 5 143 8 36 144 36 
145 42 5 143 8 36 144 36 
145 42 5 143 8 36 144 36 
145 42 5 143 8 36 144 36 
145 42 5 143 8 36 144 36 
145 42 5 189 8 36 144 36 
1 2 145 42 5 143 8 36 144 36 
145 42 118 173 119 36 36 
145 42 118 119 36 36 
145 42 5 8 156 36 144 36 
145 42 5 8 156 36 144 36 
145 42 5 143 8 36 144 36 
145 42 5 91 6 92 36 36 
145 42 5 143 8 36 144 36 
145 42 5 143 8 36 144 36 
145 42 5 143 8 36 144 36 
145 42 5 143 8 36 144 36 
145 42 5 143 8 36 144 36 
145 42 5 143 8 36 144 36 
145 42 5 143 8 36 144 36 
145 42 5 143 8 36 144 36 
145 42 118 119 36 36 
145 42 5 91 6 92 36 36 
145 42 73 142 36 122 36 
205 206 145 207 42 118 119 36 36 
145 42 118 119 36 36 
205 206 145 207 42 118 119 36 36 
145 42 91 5 151 6 152 92 36 153 36 
145 42 5 8 36 36 
145 42 5 8 36 36 
145 42 5 143 8 36 144 36 
145 42 118 132 36 36 
145 42 5 143 8 36 144 36 
145 42 5 143 8 36 144 36 
145 42 5 143 8 36 144 36 
145 42 5 143 8 36 144 36 
1 2 145 42 5 8 36 36 
145 42 118 119 36 36 
145 42 5 8 36 36 
145 42 142 36 36 
145 42 118 119 36 36 
145 42 118 119 36 36 
145 42 5 143 8 36 144 36 
145 42 5 36 36 
145 42 5 36 36 
145 42 5 143 8 36 144 36 
145 42 5 143 8 36 144 36 
145 42 5 143 8 36 144 36 
145 42 5 8 36 36 
145 42 5 423 162 8 36 36 
145 42 5 489 36 36 
145 42 118 119 36 36 
205 206 145 207 42 5 143 8 36 144 36 
145 42 5 8 36 36 
145 42 5 8 36 36 
145 42 5 8 36 36 
145 42 5 8 36 36 
145 42 5 189 143 8 36 144 36 
145 42 5 28 21 8 36 203 36 
145 42 5 143 8 36 144 36 
145 42 5 143 8 36 144 36 
145 42 5 143 8 36 144 36 
145 42 5 91 6 92 36 36 
145 42 118 119 36 36 
145 42 5 118 8 132 36 144 36 
145 42 118 119 36 36 
145 42 5 189 8 36 144 36 
145 42 118 173 119 36 36 
145 42 5 91 6 92 36 36 
145 42 5 91 6 92 36 36 
145 42 5 91 6 92 36 36 
145 42 5 91 6 92 36 36 
145 42 5 91 6 92 36 36 
145 42 5 91 6 8 92 36 144 36 
145 42 5 8 36 36 
145 42 5 189 8 36 144 36 
145 42 5 189 143 8 36 144 36 
145 42 5 189 8 36 144 36 
145 42 118 119 36 36 
145 42 118 119 36 36 
145 42 5 143 8 36 144 36 
145 42 5 118 8 119 36 144 36 
145 42 118 119 36 36 
145 42 5 8 36 36 
145 42 36 36 
145 42 36 36 
145 42 36 36 
145 42 36 36 
145 42 5 91 6 92 36 36 
145 42 5 189 8 36 144 36 
145 42 5 8 36 36 
145 42 5 8 36 36 
145 42 5 91 6 92 36 36 
145 42 5 143 8 36 144 36 
145 42 73 5 8 36 36 
145 42 5 189 143 8 36 144 36 
145 42 5 143 8 36 144 36 
145 42 118 36 36 
184 1 15 185 145 42 118 36 36 
145 42 5 91 6 92 36 36 
145 42 5 143 8 36 144 36 
145 42 5 8 36 36 
145 42 5 143 8 36 144 36 
145 42 5 143 8 36 144 36 
145 42 5 143 8 36 144 36 
145 42 5 143 8 36 144 36 
145 42 5 143 8 36 144 36 
145 42 5 143 8 36 144 36 
145 42 36 36 
145 42 5 91 6 92 36 36 
145 42 5 189 8 36 144 36 
145 42 118 119 36 36 
145 42 5 143 8 36 144 36 
145 42 5 91 6 36 36 
145 42 118 119 36 36 
145 42 5 91 6 92 36 36 
145 42 5 143 8 36 144 36 
145 42 5 143 8 36 144 36 
145 42 118 119 36 36 
145 42 5 91 6 92 36 36 
145 42 5 91 6 92 36 36 
145 42 5 8 36 36 
145 42 5 91 6 92 36 36 
145 42 5 143 8 36 144 36 
145 42 5 143 8 36 144 36 
145 42 5 91 6 92 36 36 
1 2 145 42 5 91 6 92 36 36 
145 42 5 8 36 36 
145 42 5 8 36 36 
145 42 5 91 6 92 36 36 
145 42 118 132 36 36 
145 42 5 91 6 92 36 36 
145 42 5 91 6 92 36 36 
145 42 142 36 36 
145 42 118 119 36 36 
145 42 5 189 8 36 144 36 
145 42 73 5 189 8 36 144 36 
145 42 5 189 8 36 144 36 
145 42 5 189 8 36 144 36 
145 42 5 189 8 36 144 36 
145 42 5 189 8 36 144 36 
145 42 5 189 8 36 144 36 
145 42 5 189 8 36 144 36 
145 42 5 189 8 36 144 36 
145 42 5 189 8 36 144 36 
145 42 5 189 8 36 144 36 
145 42 5 189 8 36 144 36 
145 42 5 189 8 36 144 36 
145 42 5 189 8 36 144 36 
145 42 5 189 8 36 144 36 
145 42 5 189 143 8 36 144 36 
145 42 5 189 143 8 36 144 36 
145 42 5 189 143 8 36 144 36 
145 42 73 5 189 143 8 36 144 36 
145 42 5 189 143 8 36 144 36 
145 42 5 189 143 8 36 144 36 
145 42 5 189 143 8 36 144 36 
145 42 5 189 143 8 36 144 36 
145 42 5 189 143 8 36 144 36 
145 42 5 189 143 8 36 144 36 
145 42 73 5 189 143 8 36 144 36 
145 42 118 119 36 36 
145 42 118 119 36 36 
145 42 5 118 143 8 119 36 144 36 
145 42 5 143 8 36 144 36 
145 42 5 36 36 
145 42 118 173 36 36 
145 42 5 143 8 36 144 36 
145 42 5 8 36 144 36 
145 42 5 91 6 92 36 36 
145 42 5 8 36 36 
145 42 5 91 6 92 36 36 
145 42 73 5 189 143 8 36 144 36 
145 42 5 189 143 8 36 144 36 
145 42 5 189 143 8 36 144 36 
145 42 5 143 8 36 144 36 
145 42 73 118 119 36 36 
145 42 5 143 8 36 144 36 
145 42 5 8 36 36 
145 42 118 119 36 36 
145 42 5 27 28 21 8 36 36 
145 42 5 143 8 36 144 36 
145 42 118 173 119 36 36 
145 42 73 5 8 36 122 36 
145 42 5 8 36 36 
145 42 5 143 8 36 144 36 
145 42 5 143 8 36 144 36 
145 42 5 143 8 36 144 36 
145 42 5 143 8 36 144 36 
145 42 5 143 8 36 144 36 
145 42 118 173 119 36 36 
145 42 118 119 36 36 
145 42 5 143 8 36 144 36 
145 42 118 173 119 36 36 
145 42 118 119 36 36 
145 42 118 119 36 36 
145 42 91 5 118 6 92 132 36 36 
107 145 42 108 118 119 36 36 
145 42 5 143 8 36 144 36 
145 42 5 8 36 144 36 
145 42 118 119 36 36 
145 42 118 119 36 36 
145 42 118 119 36 36 
145 42 5 8 36 36 
145 42 5 143 8 36 144 36 
145 42 118 119 36 36 
145 42 5 143 8 36 144 36 
145 42 5 189 8 36 144 36 
145 42 5 189 8 36 144 36 
145 42 5 91 6 92 36 36 
145 42 5 143 8 36 144 36 
145 42 5 143 8 36 144 36 
205 206 145 207 42 5 91 6 92 36 36 
145 42 5 91 6 92 36 36 
145 42 5 143 8 36 144 36 
145 42 73 5 143 8 36 144 36 
145 42 5 118 8 119 36 144 36 
145 42 5 189 143 8 36 144 36 
145 42 5 189 143 8 36 144 36 
145 42 5 189 143 8 36 144 36 
145 42 5 189 143 8 36 144 36 
145 42 118 119 36 36 
145 42 5 91 6 92 36 36 
145 42 5 8 36 36 
145 42 5 8 36 36 
145 42 5 143 8 36 144 36 
145 42 5 143 8 36 144 36 
145 42 5 143 8 36 144 36 
145 42 5 143 8 36 144 36 
145 42 5 143 8 36 144 36 
145 42 5 143 8 36 144 36 
145 42 5 143 8 36 144 36 
145 42 5 143 8 36 144 36 
145 42 5 143 8 36 144 36 
145 42 5 189 8 36 144 36 
145 42 5 189 8 36 144 36 
145 42 5 189 8 36 144 36 
145 42 5 189 8 36 144 36 
145 42 118 119 36 36 
145 42 118 132 36 36 
145 42 5 189 8 36 144 36 
145 42 5 118 8 36 144 36 
145 42 118 119 36 36 
145 42 5 143 8 36 144 36 
145 42 5 143 8 36 144 36 
145 42 5 143 8 36 144 36 
145 42 5 143 8 36 144 36 
145 42 5 143 8 36 144 36 
145 42 5 143 8 36 144 36 
145 42 5 143 8 36 144 36 
145 42 5 143 8 36 144 36 
145 42 5 143 8 36 144 36 
145 42 118 119 36 36 
145 42 5 8 36 36 
145 42 5 143 8 36 144 36 
145 42 5 189 143 8 36 144 36 
145 42 5 189 8 36 144 36 
145 42 5 189 8 36 144 36 
145 42 5 91 6 92 36 36 
145 42 5 189 8 36 144 36 
145 42 5 8 36 36 
145 42 5 189 8 36 144 36 
145 42 5 143 8 36 144 36 
145 42 5 118 8 119 36 144 36 
145 42 73 5 143 8 36 144 36 
145 42 118 119 36 36 
145 42 5 143 8 36 144 36 
145 42 5 143 8 36 144 36 
145 42 5 143 8 36 144 36 
145 42 5 143 8 36 144 36 
145 42 5 143 8 36 144 36 
145 42 5 143 8 36 144 36 
145 42 5 143 8 36 144 36 
145 42 5 143 8 36 144 36 
145 42 5 143 8 36 144 36 
145 42 118 119 36 36 
145 42 118 119 36 36 
145 42 5 143 8 36 144 36 
145 42 118 119 36 36 
145 42 118 119 36 36 
145 42 5 143 8 36 144 36 
145 42 5 143 8 36 144 36 
145 42 5 189 8 36 144 36 
145 42 5 189 8 36 144 36 
145 42 118 119 36 36 
145 42 118 119 36 36 
145 42 5 8 36 144 36 
1 2 145 42 5 8 36 36 
145 42 118 119 36 36 
145 42 5 143 8 36 144 36 
145 42 5 143 8 36 144 36 
145 42 5 143 8 36 144 36 
145 42 5 143 8 36 144 36 
145 42 5 143 8 36 144 36 
145 42 5 118 8 119 36 144 36 
145 42 5 143 8 36 144 36 
145 42 5 143 8 36 144 36 
145 42 5 143 8 36 144 36 
145 42 5 118 143 8 119 36 144 36 
145 42 118 173 36 36 
145 42 5 143 8 36 144 36 
145 42 5 91 6 92 36 36 
145 42 5 143 8 36 144 36 
145 42 5 143 8 36 144 36 
145 42 5 143 8 36 144 36 
145 42 5 143 8 36 144 36 
145 42 5 143 8 36 144 36 
145 42 5 143 8 36 144 36 
145 42 5 143 8 36 144 36 
145 42 5 143 8 36 144 36 
145 42 118 119 36 36 
145 42 5 8 36 36 
145 42 5 91 6 92 36 36 
145 42 118 119 36 36 
145 42 5 143 8 36 144 36 
145 42 5 143 8 36 144 36 
145 42 5 143 8 36 144 36 
145 42 5 91 6 92 36 36 
145 42 118 119 36 36 
145 42 5 8 36 36 
145 42 5 91 6 92 36 36 
145 42 118 119 36 36 
145 42 118 36 36 
145 42 5 8 36 35 36 
145 42 5 143 8 36 144 36 
145 42 5 143 8 36 144 36 
145 42 5 118 8 36 144 36 
145 42 5 143 8 36 144 36 
145 42 5 143 8 36 144 36 
145 42 5 143 8 36 144 36 
145 42 5 91 6 92 36 36 
107 145 42 108 118 119 36 36 
145 42 5 143 8 36 144 36 
145 42 5 143 8 36 144 36 
145 42 5 91 6 92 36 36 
145 42 5 143 8 36 144 36 
145 42 5 143 8 36 144 36 
145 42 5 143 8 36 144 36 
145 42 5 143 8 36 144 36 
145 42 5 143 8 36 144 36 
145 42 5 143 8 36 144 36 
145 42 5 143 8 36 144 36 
145 42 5 143 8 36 144 36 
145 42 381 5 143 8 36 144 36 
145 42 5 143 8 36 144 36 
145 42 5 143 8 36 144 36 
145 42 5 143 8 36 144 36 
145 42 5 143 8 36 144 36 
145 42 118 119 36 36 
145 42 118 119 36 36 
145 42 5 143 8 36 144 36 
145 42 5 143 8 36 144 36 
145 42 118 119 36 36 
145 42 5 143 8 36 144 36 
145 42 5 91 6 92 36 36 
145 42 5 189 8 36 144 36 
145 42 73 5 189 8 36 144 36 
145 42 5 189 8 36 144 36 
145 42 5 189 8 36 144 36 
1 2 145 42 5 189 8 36 144 36 
145 42 5 118 8 119 36 144 36 
145 42 5 143 8 36 144 36 
145 42 73 5 143 8 36 144 36 
145 42 5 8 36 36 
145 42 5 91 6 8 92 36 144 36 
145 42 5 143 8 36 144 36 
145 42 5 143 8 36 144 36 
145 42 118 173 36 36 
145 42 5 143 8 36 144 36 
145 42 118 173 36 36 
145 42 5 91 6 92 36 36 
145 42 118 119 36 36 
145 42 5 8 36 36 
145 42 5 143 8 36 144 36 
145 42 118 119 36 36 
145 42 118 119 36 36 
145 42 5 91 6 92 36 36 
145 42 5 143 8 36 144 36 
145 42 5 435 21 8 117 36 36 
1 2 145 42 5 435 21 8 117 36 144 36 
145 42 118 119 36 36 
145 42 5 6 36 61 36 
145 42 5 6 36 61 36 
145 42 5 91 6 92 36 36 
145 42 5 91 6 92 36 36 
145 42 5 91 6 92 36 36 
145 42 5 91 6 92 36 36 
145 42 5 91 6 92 36 36 
145 42 5 91 6 92 36 36 
145 42 5 91 6 92 36 36 
145 42 5 8 36 36 
145 42 118 119 36 36 
145 42 5 143 8 36 144 36 
145 42 5 8 36 36 
145 42 118 173 119 36 36 
145 42 5 143 8 36 144 36 
145 42 5 189 8 36 144 36 
145 42 118 132 36 36 
1 2 145 42 118 119 36 36 
145 42 5 91 6 92 36 36 
145 42 5 91 6 92 36 36 
145 42 5 118 119 36 36 
145 42 118 119 36 36 
145 42 5 143 8 36 144 36 
145 42 5 143 8 36 144 36 
145 42 5 143 8 36 144 36 
145 42 5 143 8 36 144 36 
145 42 73 5 143 8 36 144 36 
145 42 5 143 8 36 144 36 
145 42 5 143 8 36 144 36 
145 42 5 143 8 36 144 36 
1 2 145 42 5 143 8 36 144 36 
145 42 5 143 8 36 144 36 
145 42 5 143 8 36 144 36 
145 42 5 143 8 36 144 36 
145 42 118 119 36 36 
145 42 5 189 8 36 144 36 
145 42 5 143 8 36 144 36 
145 42 118 119 36 36 
145 42 5 143 8 36 144 36 
1 15 145 42 5 143 8 36 144 36 
1 15 145 42 5 143 8 36 144 36 
145 42 5 143 8 36 144 36 
145 42 5 143 8 36 144 36 
145 42 5 143 8 36 144 36 
145 42 5 143 8 36 144 36 
145 42 5 143 8 36 144 36 
145 42 118 173 119 36 36 
145 42 73 118 119 36 36 
145 42 5 143 8 36 144 36 
145 42 5 143 8 36 144 36 
145 42 5 143 8 36 144 36 
145 42 5 143 8 36 144 36 
145 42 5 143 8 36 144 36 
145 42 5 143 8 36 144 36 
145 42 5 143 8 36 144 36 
145 42 5 143 8 36 144 36 
145 42 5 189 8 36 144 36 
145 42 5 143 8 36 144 36 
145 42 118 119 36 36 
145 42 118 119 36 36 
145 42 5 143 8 36 144 36 
145 42 5 143 8 36 144 36 
145 42 5 143 8 36 144 36 
145 42 5 8 36 36 
145 42 5 91 6 92 36 36 
145 42 5 143 8 36 144 36 
145 42 118 119 36 36 
145 42 5 189 143 8 36 144 36 
145 42 5 189 143 8 36 144 36 
145 42 5 143 8 36 144 36 
145 42 5 189 8 36 144 36 
145 42 5 8 36 144 36 
145 42 5 143 8 36 144 36 
145 42 5 143 8 36 144 36 
145 42 5 143 8 36 144 36 
145 42 118 119 36 36 
145 42 5 143 8 36 144 36 
1 15 145 42 43 5 143 8 36 144 36 
186 145 42 118 119 36 36 
145 42 118 119 36 36 
145 42 118 119 36 36 
145 42 118 132 36 36 
1 2 145 42 5 8 36 36 
145 42 118 132 36 36 
145 42 73 5 143 8 36 144 36 
145 42 5 176 162 8 36 36 
145 42 118 173 119 36 36 
145 42 118 119 36 36 
145 42 5 143 8 36 144 36 
145 42 5 143 8 36 144 36 
1 15 145 42 5 143 8 36 144 36 
145 42 118 119 36 36 
145 42 5 91 6 92 36 36 
205 206 145 207 42 5 91 6 92 36 36 
145 42 118 119 36 36 
145 42 5 91 6 92 36 36 
136 145 42 174 5 8 36 36 
145 42 5 8 36 36 
145 42 5 143 8 36 144 36 
145 42 5 143 8 36 144 36 
145 42 5 143 8 36 144 36 
145 42 5 143 8 36 144 36 
145 42 5 143 8 36 144 36 
145 42 5 143 8 36 144 36 
145 42 5 143 8 36 144 36 
145 42 5 143 8 36 144 36 
145 42 5 8 36 36 
145 42 5 143 8 36 144 36 
145 42 5 143 8 36 144 36 
145 42 118 119 36 36 
145 42 5 143 8 36 144 36 
145 42 118 119 36 36 
145 42 118 119 36 36 
145 42 5 8 36 144 36 
145 42 5 189 8 389 461 390 36 144 672 36 
1 2 145 42 5 91 6 92 36 36 
145 42 118 119 36 36 
145 42 5 143 8 36 144 36 
145 42 118 119 36 36 
145 42 5 91 6 92 36 36 
145 42 5 91 6 92 36 36 
145 42 5 91 6 92 36 36 
145 42 5 91 6 92 36 36 
145 42 73 5 91 6 92 36 36 
145 42 5 91 6 92 36 36 
145 42 5 91 6 92 36 36 
145 42 5 91 6 92 36 36 
145 42 5 91 6 92 36 36 
145 42 5 161 143 8 36 144 36 
205 206 145 207 42 5 161 143 8 36 144 36 
145 42 142 36 36 
145 42 5 91 6 92 36 36 
145 42 118 119 36 36 
145 42 5 143 8 36 144 36 
145 42 118 119 36 36 
145 42 5 91 6 92 8 36 36 
145 42 5 91 6 92 36 36 
145 42 5 143 8 36 144 36 
145 42 5 189 143 8 36 144 36 
145 42 5 91 6 92 36 36 
145 42 5 91 6 92 36 36 
145 42 5 91 6 92 36 36 
145 42 5 143 8 36 144 36 
145 42 5 91 6 92 36 36 
145 42 118 119 36 36 
145 42 5 143 8 36 144 36 
145 42 118 119 36 36 
145 42 5 91 6 92 36 36 
154 145 42 204 5 91 6 92 36 36 
145 42 5 143 8 674 36 144 36 
145 42 118 119 36 36 
145 42 5 143 8 36 144 36 
145 42 5 143 8 36 144 36 
145 42 118 119 36 36 
145 42 5 91 6 92 36 36 
145 42 5 91 6 92 36 36 
145 42 118 119 36 36 
145 42 5 189 8 36 144 36 
145 42 5 189 8 36 144 36 
145 42 5 189 8 36 144 36 
145 42 73 5 189 8 36 144 36 
145 42 5 143 8 36 144 36 
145 42 5 143 8 36 144 36 
145 42 5 143 8 36 144 36 
145 42 5 189 8 36 144 36 
145 42 5 8 36 36 
145 42 5 143 8 36 144 36 
145 42 5 143 8 36 144 36 
145 42 118 119 36 36 
145 42 5 143 8 36 144 36 
145 42 118 119 36 36 
40 145 41 42 118 119 36 36 
145 42 5 6 36 61 36 
145 42 5 6 36 61 36 
145 42 5 143 8 36 144 36 
145 42 5 143 8 36 144 36 
145 42 5 189 143 8 36 144 36 
145 42 5 143 8 36 144 36 
145 42 118 119 36 36 
145 42 5 189 8 36 144 36 
40 145 41 42 5 143 8 36 144 36 
145 42 5 143 8 36 144 36 
145 42 5 143 8 36 144 36 
145 42 5 143 8 36 144 36 
145 42 118 119 36 36 
145 42 118 119 36 36 
145 42 5 143 8 36 144 36 
145 42 5 91 6 92 36 36 
145 42 5 143 8 36 144 36 
145 42 5 91 6 92 36 36 
145 42 5 91 6 92 36 36 
145 42 5 91 6 92 36 36 
145 42 5 8 36 36 
1 145 42 5 143 8 36 144 36 
145 42 5 143 8 36 144 36 
145 42 5 143 8 36 144 36 
145 42 5 143 8 36 144 36 
145 42 5 143 8 36 144 36 
145 42 5 143 8 36 144 36 
145 42 5 143 8 36 144 36 
145 42 5 143 8 36 144 36 
145 42 5 143 8 36 144 36 
145 42 5 143 8 36 144 36 
145 42 5 143 8 36 144 36 
145 42 5 143 8 36 144 36 
145 42 118 119 36 36 
1 2 145 42 118 119 36 36 
145 42 118 119 36 36 
145 42 118 132 36 36 
145 42 73 118 119 36 36 
145 42 118 119 36 36 
145 42 5 143 8 36 144 36 
145 42 5 143 8 36 144 36 
145 42 118 119 36 36 
145 42 118 119 36 36 
145 42 5 143 8 36 144 36 
145 42 5 8 36 36 
145 42 5 143 8 36 144 36 
145 42 118 132 36 36 
145 42 5 143 8 36 144 36 
145 42 5 143 8 36 144 36 
136 145 42 174 5 8 36 36 
145 42 5 143 8 36 144 36 
145 42 5 143 8 36 144 36 
145 42 5 8 36 36 
145 42 5 8 36 36 
1 15 145 42 43 5 143 8 36 144 36 
145 42 5 143 8 36 144 36 
145 42 5 143 8 36 144 36 
145 42 36 122 123 36 
145 42 5 143 8 36 144 36 
145 42 118 119 36 36 
145 42 5 143 8 36 144 36 
145 42 5 143 8 36 144 36 
145 42 5 143 8 36 144 36 
145 42 5 143 8 36 144 36 
145 42 5 143 8 36 144 36 
145 42 118 119 36 36 
145 42 118 119 36 36 
145 42 118 119 36 36 
145 42 5 91 6 92 36 36 
145 42 118 173 119 36 36 
145 42 5 8 36 36 
145 42 142 36 36 
145 42 5 143 8 36 144 36 
145 42 5 143 8 36 144 36 
145 42 5 143 8 36 144 36 
145 42 5 143 8 36 144 36 
145 42 5 143 8 36 144 36 
1 15 145 42 118 119 36 36 
145 42 5 143 8 36 144 36 
145 42 5 143 8 36 144 36 
145 42 5 143 8 36 144 36 
145 42 5 143 8 36 144 36 
145 42 5 143 8 36 144 36 
145 42 5 143 8 36 144 36 
145 42 73 5 189 143 8 36 144 36 
145 42 5 189 143 8 36 144 36 
145 42 5 189 143 8 36 144 36 
145 42 5 91 6 143 92 8 36 144 36 
145 42 5 143 8 36 144 36 
145 42 5 143 8 36 144 36 
145 42 5 143 8 36 144 36 
145 42 118 119 36 36 
1 15 202 145 42 234 5 189 8 36 144 36 
145 42 5 189 8 36 144 36 
145 42 5 189 8 36 144 36 
145 42 5 189 8 36 144 36 
145 42 5 189 8 36 144 36 
145 42 5 189 8 36 144 36 
145 42 5 91 6 8 92 36 144 36 
145 42 5 8 36 36 
145 42 5 91 6 92 36 36 
1 2 145 42 5 143 8 36 144 36 
145 42 118 119 36 36 
145 42 118 173 36 36 
145 42 5 8 36 36 
145 42 142 36 36 
145 42 5 143 8 36 144 36 
145 42 5 143 8 36 144 36 
145 42 5 143 8 36 144 36 
145 42 5 143 8 36 144 36 
145 42 5 161 143 8 36 144 36 
145 42 21 22 36 24 36 
145 42 5 8 36 36 
145 42 5 143 8 36 144 36 
145 42 5 143 8 36 144 36 
145 42 5 143 8 36 144 36 
145 42 118 119 36 36 
1 236 15 202 145 42 5 8 36 36 
145 42 5 8 36 36 
145 42 5 6 36 61 36 
145 42 5 143 8 36 144 36 
145 42 5 143 8 36 144 36 
145 42 142 36 36 
145 42 5 91 6 92 8 36 36 
145 42 5 8 36 36 
145 42 5 143 8 36 144 36 
145 42 5 143 8 36 144 36 
145 42 5 143 8 36 144 36 
145 42 5 143 8 36 144 36 
145 42 5 143 8 36 144 36 
145 42 5 189 8 36 144 36 
145 42 5 8 36 36 
145 42 118 119 36 36 
145 42 5 8 36 144 36 
145 42 118 119 36 36 
145 42 5 8 36 36 
145 42 5 8 36 36 
145 42 5 8 36 36 
145 42 5 8 36 36 
145 42 5 8 36 36 
145 42 5 8 36 36 
145 42 5 8 36 36 
145 42 5 8 36 36 
145 42 5 143 8 36 144 36 
145 42 5 8 36 36 
145 42 5 8 36 36 
145 42 5 8 36 36 
145 42 5 8 36 36 
145 42 5 143 8 36 144 36 
145 42 118 119 36 36 
145 42 5 91 6 92 36 36 
145 42 118 119 36 36 
145 42 5 91 6 92 36 36 
145 42 118 119 36 36 
145 42 5 91 6 92 36 36 
145 42 5 143 8 36 144 36 
145 42 118 132 36 36 
145 42 5 143 8 36 144 36 
145 42 118 119 36 36 
145 42 118 132 36 36 
145 42 5 8 36 36 
145 42 73 5 8 36 144 36 
145 42 118 119 36 36 
145 42 5 8 36 36 
145 42 5 91 6 92 36 36 
145 42 5 143 8 36 144 36 
145 42 118 119 36 36 
145 42 5 91 6 92 36 36 
145 42 5 8 36 36 
145 42 5 8 36 122 36 
145 42 118 119 36 36 
145 42 118 119 36 36 
145 42 5 6 23 36 139 36 
145 42 5 6 23 36 139 36 
145 42 118 119 36 36 
145 42 5 8 36 36 
145 42 5 143 8 36 144 36 
145 42 118 132 36 36 
145 42 118 119 36 36 
145 42 142 36 36 
145 42 118 132 36 36 
145 42 5 143 8 36 144 36 
145 42 5 143 8 36 144 36 
145 42 118 119 36 36 
205 206 145 207 42 5 143 8 36 144 36 
184 1 15 185 145 42 5 143 8 36 144 36 
145 42 5 91 6 92 36 36 
145 42 5 91 6 92 36 36 
145 42 118 119 36 36 
145 42 5 143 8 36 144 36 
145 42 73 5 189 143 8 36 144 36 
145 42 5 189 143 8 36 144 36 
145 42 5 91 6 92 36 36 
145 42 5 143 8 36 144 36 
145 42 118 119 36 36 
145 42 5 8 36 36 
145 42 5 91 6 92 36 36 
145 42 5 143 8 36 144 36 
145 42 5 143 8 36 144 36 
145 42 5 143 8 36 144 36 
145 42 5 8 36 36 
1 2 145 42 5 8 36 36 
145 42 5 8 36 36 
175 145 42 5 8 36 36 
1 2 145 42 5 143 8 36 144 36 
145 42 5 143 8 36 144 36 
145 42 5 143 8 36 144 36 
145 42 5 143 8 36 144 36 
145 42 118 119 36 36 
145 42 5 91 6 92 36 36 
145 42 118 173 36 36 
145 42 5 143 8 36 144 36 
145 42 5 143 8 36 144 36 
145 42 5 143 8 36 144 36 
145 42 5 143 8 36 144 36 
145 42 5 143 8 36 144 36 
145 42 5 143 8 36 144 36 
145 42 5 143 8 36 144 36 
145 42 5 143 8 36 144 36 
145 42 5 143 8 36 144 36 
145 42 5 143 8 36 144 36 
145 42 5 143 8 36 144 36 
205 206 145 207 42 5 143 8 36 144 36 
145 42 5 143 8 36 144 36 
145 42 5 143 8 36 144 36 
145 42 5 91 6 92 36 36 
145 42 5 143 8 36 144 36 
145 42 73 5 143 8 36 144 36 
145 42 5 8 36 36 
145 42 5 8 36 36 
145 42 5 189 8 36 144 36 
145 42 5 189 8 36 144 36 
145 42 5 189 8 36 144 36 
145 42 118 119 36 36 
145 42 118 119 36 36 
145 42 118 119 36 36 
136 145 42 174 5 8 36 144 36 
145 42 5 143 8 36 144 36 
145 42 5 143 8 36 144 36 
145 42 5 91 6 92 36 36 
145 42 118 119 36 36 
145 42 5 143 8 36 144 36 
145 42 5 189 143 8 36 144 36 
145 42 5 189 143 8 36 144 36 
145 42 5 143 8 36 144 36 
145 42 5 143 8 36 144 36 
145 42 5 143 8 36 144 36 
145 42 5 143 8 36 144 36 
145 42 5 189 143 8 36 144 36 
145 42 73 5 189 143 8 36 144 36 
145 42 5 189 8 36 144 36 
145 42 5 143 8 36 144 36 
145 42 5 8 36 144 36 
145 42 5 8 36 144 36 
145 42 5 8 36 144 36 
1 2 145 42 5 8 36 144 36 
145 42 5 91 6 92 36 36 
145 42 5 143 8 36 144 36 
145 42 5 189 8 36 144 36 
145 42 73 5 189 8 36 144 36 
145 42 5 189 8 36 144 36 
145 42 5 143 8 36 144 36 
145 42 5 143 8 36 144 36 
145 42 5 143 8 36 144 36 
145 42 5 91 6 92 36 36 
145 42 5 91 6 92 36 36 
145 42 118 119 36 36 
40 145 41 42 5 143 8 36 144 36 
145 42 5 189 8 36 144 36 
145 42 5 189 8 36 144 36 
145 42 5 189 8 36 144 36 
145 42 5 173 118 8 36 144 36 
145 42 5 91 6 92 36 36 
145 42 5 91 6 92 36 36 
145 42 5 8 36 36 
1 2 145 42 5 8 36 36 
145 42 5 143 8 36 144 36 
145 42 5 143 8 36 144 36 
145 42 5 143 8 36 144 36 
145 42 5 143 8 36 144 36 
145 42 5 143 8 36 144 36 
145 42 5 143 8 36 144 36 
145 42 5 143 8 36 144 36 
184 1 15 185 145 42 5 143 8 36 144 36 
1 15 145 42 43 5 143 8 36 144 36 
205 206 145 207 42 5 143 8 36 144 36 
145 42 5 143 8 36 144 36 
145 42 5 91 6 92 8 36 36 
145 42 5 8 36 144 36 
145 42 5 8 36 36 
145 42 5 8 36 36 
145 42 5 8 36 36 
145 42 5 8 36 36 
145 42 5 8 36 36 
175 145 42 5 8 36 36 
145 42 5 8 36 36 
145 42 5 8 36 36 
145 42 5 91 6 92 36 36 
145 42 118 119 36 36 
205 206 145 207 42 5 91 6 92 36 36 
145 42 5 91 6 92 36 36 
145 42 5 91 6 92 36 36 
145 42 5 143 8 36 144 36 
145 42 118 119 36 36 
145 42 118 119 36 36 
145 42 5 91 6 92 36 36 
145 42 118 132 36 36 
145 42 5 8 142 36 36 
145 42 5 8 36 36 
145 42 5 8 36 36 
145 42 5 8 36 36 
145 42 5 8 36 36 
145 42 5 8 36 36 
145 42 5 8 36 36 
145 42 5 143 8 36 144 36 
145 42 5 143 8 36 144 36 
145 42 5 143 8 36 144 36 
145 42 5 143 8 36 144 36 
145 42 5 143 8 36 144 36 
145 42 5 143 8 36 144 36 
145 42 5 143 8 36 144 36 
145 42 5 91 6 92 36 36 
145 42 5 91 6 92 36 36 
145 42 5 143 8 36 144 36 
145 42 118 119 36 36 
145 42 118 119 36 36 
145 42 5 8 36 36 
145 42 5 91 6 92 36 36 
145 42 5 143 8 36 144 36 
145 42 5 91 6 92 36 36 
145 42 5 91 6 92 36 36 
145 42 5 8 36 36 
145 42 5 189 8 36 144 36 
145 42 5 189 8 36 144 36 
145 42 5 189 8 36 144 36 
145 42 5 189 8 36 144 36 
145 42 118 119 36 36 
145 42 5 8 36 122 36 
145 42 5 8 36 122 36 
145 42 5 8 36 122 36 
136 145 42 5 8 36 122 36 
145 42 5 8 36 122 36 
145 42 5 8 36 122 36 
145 42 5 8 36 122 36 
1 2 145 42 5 118 8 119 36 144 36 
145 42 5 118 8 119 36 144 36 
1 2 145 42 5 143 8 36 144 36 
145 42 5 143 8 36 144 36 
145 42 5 143 8 36 144 36 
145 42 5 143 8 36 144 36 
1 2 145 42 5 143 8 36 144 36 
145 42 5 143 8 36 144 36 
145 42 5 143 8 36 144 36 
145 42 5 143 8 36 144 36 
145 42 5 143 8 36 144 36 
145 42 5 143 8 36 144 36 
145 42 5 143 8 36 144 36 
145 42 5 143 8 36 144 36 
145 42 5 143 8 36 144 36 
145 42 5 143 8 36 144 36 
145 42 5 143 8 36 144 36 
145 42 5 143 8 36 144 36 
145 42 5 143 8 36 144 36 
145 42 5 143 8 36 144 36 
145 42 5 143 8 36 144 36 
145 42 118 173 119 36 36 
145 42 5 143 8 36 144 36 
145 42 5 143 8 36 144 36 
145 42 5 8 36 36 
145 42 73 5 8 36 36 
145 42 5 8 36 36 
145 42 73 5 8 36 36 
145 42 5 189 143 8 36 144 36 
145 42 5 189 143 8 36 144 36 
145 42 142 36 36 
145 42 5 8 36 36 
145 42 5 143 8 36 144 36 
145 42 5 118 8 119 36 144 36 
145 42 5 143 8 36 144 36 
145 42 5 143 8 36 144 36 
145 42 5 143 8 36 144 36 
145 42 5 143 8 36 144 36 
145 42 5 143 8 36 144 36 
145 42 5 189 143 8 36 144 36 
145 42 5 189 143 8 36 144 36 
145 42 5 189 143 8 36 144 36 
1 145 42 5 189 143 8 36 144 36 
145 42 5 143 8 36 144 36 
145 42 5 91 6 92 36 36 
145 42 5 91 6 92 36 36 
145 42 5 91 6 92 36 36 
145 42 5 91 6 92 36 36 
145 42 5 91 6 92 36 36 
145 42 5 91 6 92 36 36 
145 42 118 119 36 36 
145 42 118 119 36 36 
145 42 5 143 8 36 144 36 
145 42 118 119 36 36 
145 42 5 143 8 36 144 36 
145 42 5 143 8 36 144 36 
145 42 5 118 8 119 36 144 36 
145 42 5 91 6 92 36 36 
145 42 5 118 8 119 36 144 36 
145 42 5 91 6 92 36 36 
145 42 5 143 8 36 144 36 
145 42 5 143 8 36 144 36 
145 42 5 143 8 36 144 36 
145 42 5 143 8 36 144 36 
145 42 73 5 189 8 36 144 36 
145 42 118 132 36 36 
145 42 5 8 36 36 
145 42 5 189 8 36 144 36 
145 42 118 119 36 36 
145 42 5 143 8 36 144 36 
179 145 56 57 42 180 181 118 119 36 36 
145 42 5 143 8 36 144 36 
145 42 5 143 8 36 144 36 
145 42 5 143 8 36 144 36 
145 42 5 91 6 92 36 36 
145 42 5 143 8 36 144 36 
145 42 118 119 36 36 
145 42 5 91 118 6 92 36 36 
179 145 56 57 42 180 181 5 91 118 6 92 36 36 
145 42 5 8 36 36 
145 42 5 143 8 36 144 36 
145 42 5 8 36 36 
1 2 145 42 118 119 36 36 
145 42 118 119 36 36 
145 42 118 119 36 36 
145 42 118 119 36 36 
145 42 118 119 36 36 
145 42 5 143 8 36 144 36 
145 42 5 91 6 92 36 36 
145 42 118 119 36 36 
145 42 5 189 143 8 36 144 36 
145 42 5 143 8 36 144 36 
145 42 5 143 8 36 144 36 
145 42 5 143 8 36 144 36 
145 42 5 143 8 36 144 36 
145 42 118 119 36 36 
145 42 5 143 8 36 144 36 
145 42 5 91 6 92 36 36 
145 42 5 143 8 36 144 36 
145 42 5 143 8 36 144 36 
145 42 5 8 36 36 
145 42 118 119 36 36 
145 42 118 119 36 36 
145 42 5 91 6 92 36 36 
1 2 145 42 118 173 119 36 36 
145 42 118 173 119 36 36 
51 145 375 42 78 5 143 8 36 144 36 
145 42 118 119 36 36 
145 42 118 119 36 36 
1 2 145 42 5 8 36 36 
145 42 5 143 8 36 144 36 
145 42 5 143 8 36 144 36 
1 2 145 42 118 119 36 36 
145 42 118 119 36 36 
145 42 118 119 36 36 
145 42 118 119 36 36 
145 42 118 119 36 36 
145 42 5 143 8 36 144 36 
145 42 5 143 8 36 144 36 
145 42 5 143 8 36 144 36 
145 42 5 189 8 36 144 36 
145 42 5 189 8 36 144 36 
145 42 5 189 8 36 144 36 
145 42 5 189 8 36 144 36 
145 42 5 189 8 36 144 36 
205 206 145 207 42 118 119 36 36 
205 206 145 207 42 118 119 36 36 
205 206 145 207 42 118 119 36 36 
205 206 145 207 42 118 119 36 36 
205 206 145 207 42 118 119 36 36 
145 42 5 143 8 36 144 36 
145 42 118 119 36 36 
145 42 5 8 36 36 
145 42 5 189 8 36 144 36 
145 42 5 189 8 36 144 36 
145 42 5 189 8 36 144 36 
145 42 5 189 8 36 144 36 
145 42 5 189 8 36 144 36 
145 42 5 189 8 36 144 36 
145 42 5 189 8 36 144 36 
145 42 5 189 8 36 144 36 
145 42 5 189 8 36 144 36 
145 42 5 189 8 36 144 36 
145 42 118 119 36 36 
145 42 118 119 36 36 
1 2 145 42 5 91 6 92 36 36 
145 42 5 143 8 36 144 36 
145 42 5 91 6 92 36 36 
145 42 5 143 8 36 144 36 
145 42 5 91 6 92 36 36 
145 42 118 132 36 36 
145 42 5 143 8 36 144 36 
145 42 5 91 6 92 36 36 
145 42 5 91 6 92 36 36 
145 42 5 143 8 36 144 36 
145 42 5 8 36 36 
145 42 118 119 36 36 
145 42 118 119 36 36 
145 42 118 119 36 36 
1 15 202 145 42 234 5 189 8 36 144 36 
145 42 5 189 8 36 144 36 
145 42 5 91 6 92 36 36 
145 42 5 143 8 36 144 36 
145 42 118 173 119 36 36 
145 42 5 91 6 92 36 36 
145 42 5 118 8 119 36 144 36 
145 42 118 119 36 36 
145 42 5 143 8 36 144 36 
145 42 5 143 8 36 144 36 
145 42 5 143 8 36 144 36 
145 42 118 119 36 36 
145 42 5 91 6 92 36 36 
145 42 5 8 36 36 
145 42 5 8 36 36 
145 42 5 143 8 36 144 36 
145 42 5 91 6 92 36 36 
1 2 145 42 118 119 36 36 
145 42 5 8 36 122 36 
145 42 5 8 36 36 
145 42 5 143 8 36 144 36 
145 42 5 143 8 36 144 36 
145 42 118 119 36 36 
145 42 5 91 6 92 36 36 
145 42 5 91 6 92 36 36 
145 42 5 189 143 8 36 144 36 
1 2 145 42 5 8 36 36 
145 42 5 8 36 36 
145 42 5 143 8 36 144 36 
145 42 5 143 8 36 144 36 
145 42 5 143 8 36 144 36 
145 42 118 132 36 36 
145 42 5 8 36 36 
145 42 5 189 8 36 144 36 
145 42 5 143 8 36 144 36 
145 42 5 189 8 36 144 36 
145 42 5 189 8 36 144 36 
145 42 5 189 8 36 144 36 
145 42 5 189 8 36 144 36 
145 42 5 189 8 36 144 36 
145 42 5 36 36 
145 42 5 36 36 
145 42 5 143 8 36 144 36 
145 42 5 91 6 92 36 36 
145 42 5 91 6 92 36 36 
145 42 5 91 6 92 36 36 
145 42 73 5 91 6 8 92 36 144 36 
145 42 5 143 8 36 144 36 
145 42 5 143 8 36 144 36 
145 42 118 119 36 36 
145 42 142 36 36 
145 42 118 119 36 36 
145 42 5 143 8 36 144 36 
145 42 5 8 36 36 
145 42 5 8 36 36 
145 42 5 118 8 119 36 144 36 
145 42 118 119 36 36 
145 42 5 8 36 36 
145 42 5 8 36 36 
145 42 118 132 36 36 
145 42 118 119 36 36 
145 42 73 5 143 8 36 144 36 
145 42 5 91 6 92 36 36 
145 42 5 143 8 36 144 36 
145 42 5 189 8 36 144 36 
145 42 5 189 8 36 144 36 
145 42 118 132 36 36 
145 42 118 119 36 36 
145 42 5 8 36 36 
145 42 118 119 36 36 
145 42 5 8 36 36 
145 42 5 143 8 36 144 36 
145 42 5 143 8 36 144 36 
145 42 118 119 36 36 
145 42 5 143 8 36 144 36 
145 42 5 143 8 36 144 36 
145 42 5 91 6 92 36 36 
145 42 5 8 36 36 
145 42 118 119 36 36 
145 42 5 8 36 36 
145 42 5 143 8 36 144 36 
145 42 5 8 36 36 
145 42 5 8 36 36 
145 42 118 119 36 36 
145 42 73 142 36 122 36 
145 42 73 5 143 8 36 144 36 
145 42 5 143 8 36 144 36 
145 42 118 119 36 36 
145 42 5 8 36 36 
145 42 5 8 36 36 
145 42 118 132 36 36 
145 42 118 119 36 36 
145 42 5 143 8 36 144 36 
145 42 5 8 36 36 
145 42 118 119 36 36 
145 42 5 91 6 92 36 36 
145 42 5 143 8 36 144 36 
145 42 5 143 8 36 144 36 
145 42 5 8 36 144 36 
145 42 5 8 36 36 
145 42 5 91 6 92 36 36 
136 145 42 174 5 143 8 36 144 36 
145 42 5 143 8 36 144 36 
145 42 5 143 8 36 144 36 
145 42 5 143 8 36 144 36 
145 42 118 119 36 36 
145 42 177 118 112 132 36 113 36 
145 42 5 91 6 92 36 36 
145 42 5 8 36 36 
145 42 5 8 36 36 
145 42 5 143 8 36 144 36 
145 42 5 8 36 36 
1 2 145 42 5 91 6 92 36 36 
145 42 118 119 36 36 
205 206 145 207 42 118 119 36 36 
145 42 5 143 8 36 144 36 
145 42 73 118 119 36 36 
205 206 145 207 42 118 119 36 36 
145 42 118 119 36 36 
145 42 5 8 36 144 36 
145 42 5 143 8 36 144 36 
145 42 5 143 8 36 144 36 
145 42 118 119 36 36 
145 42 142 36 36 
145 42 142 36 36 
145 42 118 119 36 36 
145 42 5 143 8 36 144 36 
145 42 5 91 6 92 36 36 
145 42 118 119 36 36 
145 42 5 143 8 36 144 36 
145 42 5 143 8 36 144 36 
145 42 5 162 8 36 198 36 
145 42 5 8 36 165 36 
145 42 5 8 36 165 36 
145 42 118 119 36 36 
145 42 142 36 36 
145 42 118 119 36 36 
145 42 5 189 8 36 144 36 
1 2 145 42 5 189 8 36 144 36 
145 42 5 189 8 36 144 36 
145 42 5 189 8 36 144 36 
145 42 5 189 8 36 144 36 
145 42 118 119 36 36 
145 42 5 189 8 36 144 36 
145 42 142 36 36 
54 51 145 42 157 118 119 36 36 
145 42 5 8 36 36 
145 42 5 189 8 36 144 36 
145 42 73 5 91 6 92 36 36 
145 42 5 143 8 36 144 36 
145 42 5 143 8 36 144 36 
145 42 118 119 36 36 
145 42 5 142 36 36 
145 42 118 119 36 36 
145 42 118 119 36 36 
145 42 118 119 36 36 
145 42 118 132 36 36 
145 42 5 8 36 36 
145 42 5 8 36 36 
1 2 145 42 5 8 36 36 
145 42 118 119 36 36 
145 42 5 8 36 36 
145 42 118 119 36 36 
145 42 118 119 36 36 
145 42 118 119 36 36 
145 42 5 143 8 36 144 36 
145 42 5 143 8 36 144 36 
145 42 118 119 36 36 
145 42 5 8 36 36 
145 42 5 8 36 36 
145 42 5 143 8 36 144 36 
145 42 5 143 8 36 144 36 
145 42 5 143 8 36 144 36 
145 42 5 143 8 36 144 36 
145 42 118 119 36 36 
145 42 118 119 36 36 
145 42 5 143 8 36 144 36 
145 42 5 8 36 165 36 
145 42 118 119 36 36 
145 42 5 143 8 36 144 36 
145 42 5 8 36 36 
145 42 118 119 36 36 
145 42 5 91 6 92 36 36 
145 42 118 119 36 36 
145 42 5 143 8 36 144 36 
145 42 5 143 8 36 144 36 
145 42 5 143 8 36 144 36 
145 42 118 132 36 36 
145 42 142 36 36 
136 145 42 5 189 8 36 144 36 
145 42 73 5 189 8 36 144 36 
145 42 5 189 8 36 144 36 
145 42 5 189 8 36 144 36 
145 42 73 5 143 8 36 144 36 
145 42 118 119 36 36 
145 42 118 119 36 36 
145 42 142 36 36 
145 42 118 119 36 36 
145 42 118 119 36 36 
145 42 36 36 
145 42 36 36 
145 42 36 36 
145 42 36 36 
145 42 36 36 
145 42 237 238 36 36 
145 42 36 36 
145 42 5 91 6 92 36 36 
145 42 118 119 36 36 
145 42 5 143 162 8 36 144 36 
145 42 5 91 6 92 36 36 
145 42 118 132 36 36 
145 42 5 8 36 36 
145 42 5 8 36 36 
1 236 15 202 145 42 5 8 36 36 
145 42 5 8 36 36 
145 42 5 8 36 36 
40 145 41 42 5 143 8 36 144 36 
145 42 5 91 6 92 36 36 
145 42 5 91 6 92 36 36 
145 42 5 91 6 92 36 36 
145 42 5 91 6 92 36 36 
145 42 5 91 6 92 36 36 
145 42 5 91 6 92 36 36 
145 42 5 118 8 119 36 144 36 
145 42 118 119 36 36 
145 42 118 132 36 36 
145 42 118 119 36 36 
145 42 73 5 118 6 119 9 36 36 
40 145 41 42 5 118 6 119 9 36 36 
40 145 41 42 5 118 6 119 9 36 36 
145 42 118 119 36 36 
145 42 142 36 36 
145 42 5 91 6 92 36 36 
145 42 5 91 6 92 36 36 
145 42 5 143 8 36 144 36 
145 42 5 91 6 92 36 36 
145 42 5 143 8 36 144 36 
145 42 5 143 8 36 144 36 
145 42 5 143 8 36 144 36 
145 42 5 143 8 36 144 36 
145 42 5 143 8 36 144 36 
145 42 5 189 8 36 144 36 
145 42 73 118 119 36 36 
145 42 5 143 8 36 144 36 
145 42 118 119 36 36 
145 42 5 189 8 36 144 36 
145 42 118 119 36 36 
145 42 118 132 36 36 
145 42 5 143 8 36 144 36 
145 42 5 143 8 36 144 36 
145 42 5 143 8 36 144 36 
145 42 5 143 8 36 144 36 
145 42 5 143 8 36 144 36 
145 42 5 143 8 36 144 36 
145 42 36 36 
145 42 5 91 6 92 36 36 
145 42 5 91 6 92 36 36 
145 42 5 91 6 92 36 36 
145 42 5 91 6 92 36 36 
145 42 5 143 8 36 144 36 
145 42 118 119 36 36 
145 42 118 132 36 36 
145 42 118 132 36 36 
145 42 118 173 119 36 36 
145 42 5 8 36 36 
145 42 5 8 36 144 36 
1 145 42 5 8 36 144 36 
145 42 5 8 36 144 36 
145 42 5 8 36 144 36 
145 42 5 36 36 
145 42 5 8 36 144 36 
145 42 5 8 36 144 36 
154 145 42 155 5 8 36 144 36 
145 42 5 8 36 144 36 
145 42 5 8 36 144 36 
145 42 5 8 36 144 36 
145 42 5 8 36 144 36 
145 42 5 8 36 144 36 
145 42 5 8 36 144 36 
145 42 5 8 36 36 
145 42 5 189 8 36 144 36 
145 42 5 8 36 144 36 
145 42 5 91 6 92 36 36 
145 42 36 36 
145 42 118 218 36 36 
145 42 118 119 36 36 
145 42 118 132 36 36 
145 42 5 8 36 144 36 
145 42 5 8 36 144 36 
145 42 5 36 36 
145 42 5 8 36 144 36 
145 42 5 36 36 
145 42 5 8 36 144 36 
145 42 5 8 36 144 36 
145 42 5 8 36 144 36 
145 42 5 8 36 144 36 
145 42 5 8 36 144 36 
145 42 5 8 36 144 36 
145 42 5 8 36 144 36 
145 42 5 8 36 144 36 
145 42 5 8 36 144 36 
145 42 5 8 36 144 36 
145 42 5 8 36 144 36 
145 42 5 8 36 144 36 
145 42 5 8 36 144 36 
145 42 5 8 36 144 36 
145 42 5 8 36 144 36 
1 15 145 42 43 5 8 36 144 36 
145 42 5 8 36 144 36 
145 42 5 8 36 144 36 
145 42 5 8 36 144 36 
145 42 5 8 36 144 36 
145 42 5 8 36 144 36 
145 42 5 8 36 144 36 
145 42 5 8 36 144 36 
145 42 5 8 36 144 36 
145 42 5 8 36 144 36 
145 42 5 8 36 144 36 
145 42 5 8 36 144 36 
145 42 5 8 36 144 36 
145 42 36 36 
145 42 36 36 
145 42 36 36 
145 42 5 8 36 144 36 
145 56 57 42 181 5 8 36 144 36 
1 2 145 42 5 8 36 144 36 
145 42 5 8 36 144 36 
145 42 5 8 36 144 36 
145 42 5 8 36 144 36 
145 42 5 8 36 144 36 
145 42 5 8 36 144 36 
145 42 5 8 36 144 36 
145 42 5 8 36 144 36 
145 42 5 8 36 144 36 
1 15 145 42 43 5 8 36 144 36 
145 42 5 8 36 144 36 
145 42 5 8 36 144 36 
145 42 5 8 36 144 36 
145 42 5 8 36 144 36 
145 42 5 8 36 144 36 
145 42 73 5 8 36 144 36 
145 42 5 8 36 144 36 
145 42 5 8 36 144 36 
145 42 5 8 36 144 36 
145 42 5 8 36 144 36 
145 42 5 8 36 144 36 
145 42 5 8 36 144 36 
145 42 5 8 36 144 36 
145 42 5 8 36 144 36 
145 42 5 8 36 144 36 
145 42 5 8 36 144 36 
145 42 5 8 36 144 36 
145 42 5 8 36 144 36 
145 42 5 8 36 144 36 
145 42 5 8 36 144 36 
145 42 5 8 36 36 
145 42 5 36 36 
145 42 5 8 36 36 
145 42 5 8 36 36 
1 15 145 42 43 5 8 36 144 36 
145 42 5 8 36 144 36 
1 2 145 42 167 5 8 36 144 36 
145 42 5 36 36 
145 42 627 628 36 36 
145 42 5 8 36 144 36 
145 42 5 8 36 144 36 
145 42 5 8 36 144 36 
145 42 5 8 36 144 36 
145 42 5 8 36 144 36 
145 42 5 8 36 144 36 
145 42 5 8 36 144 36 
145 42 5 8 36 144 36 
145 42 5 8 36 144 36 
145 42 5 8 36 144 36 
145 42 5 8 36 144 36 
145 42 5 8 36 144 36 
145 42 5 8 36 144 36 
145 42 5 8 36 144 36 
145 42 5 8 36 144 36 
145 42 5 8 36 144 36 
205 206 145 207 42 5 8 36 144 36 
145 42 5 8 36 144 36 
145 42 5 36 36 
145 42 5 8 36 144 36 
145 42 5 8 36 144 36 
145 42 5 8 36 144 36 
145 42 5 8 36 144 36 
145 42 5 8 36 144 36 
145 42 5 8 36 144 36 
145 42 5 8 36 144 36 
145 42 5 8 36 144 36 
145 42 5 8 36 144 36 
145 42 5 8 36 144 36 
145 42 5 36 36 
145 42 5 36 36 
145 42 5 36 36 
145 42 5 36 36 
145 42 5 36 36 
145 42 5 36 36 
179 145 56 57 42 180 181 5 8 36 144 36 
145 42 5 8 36 144 36 
145 42 5 8 36 144 36 
145 42 5 8 36 144 36 
145 42 5 8 36 144 36 
145 42 5 8 36 144 36 
145 42 5 8 36 144 36 
145 42 5 8 36 144 36 
145 42 5 8 36 144 36 
145 42 5 8 36 144 36 
145 42 5 36 36 
145 42 5 36 36 
145 42 5 36 36 
145 42 5 91 6 36 36 
145 42 5 8 36 144 36 
145 42 5 8 36 144 36 
145 42 5 8 36 144 36 
145 42 5 8 36 144 36 
145 42 5 8 36 144 36 
145 42 5 8 36 144 36 
145 42 5 8 36 144 36 
145 42 5 8 36 144 36 
145 42 5 8 36 144 36 
145 42 5 8 36 144 36 
145 42 5 8 36 144 36 
145 42 5 8 36 144 36 
145 42 5 8 36 144 36 
145 42 5 8 36 144 36 
145 42 5 8 36 144 36 
145 42 5 8 36 144 36 
145 42 5 8 36 144 36 
145 42 5 8 36 144 36 
145 42 5 8 36 144 36 
145 42 5 36 36 
145 42 5 8 36 144 36 
145 42 5 8 36 144 36 
145 42 5 8 36 144 36 
145 42 5 8 36 144 36 
145 42 5 8 36 144 36 
145 42 5 8 36 144 36 
145 42 5 36 36 
145 42 5 8 36 144 36 
145 42 5 8 36 144 36 
1 2 145 42 5 8 36 144 36 
145 42 5 8 36 144 36 
145 42 5 8 36 144 36 
145 42 5 8 36 144 36 
145 42 5 8 36 144 36 
145 42 5 8 36 144 36 
145 42 5 8 36 144 36 
145 42 5 8 36 144 36 
145 42 5 8 36 144 36 
145 42 5 8 36 144 36 
145 42 5 8 36 144 36 
145 42 5 36 36 
145 42 5 8 36 144 36 
1 15 145 42 43 5 8 36 144 36 
145 42 5 8 36 144 36 
145 42 5 36 36 
145 42 5 8 36 144 36 
145 42 5 8 36 144 36 
145 42 5 8 36 144 36 
145 42 5 8 36 144 36 
145 42 5 8 36 144 36 
145 42 5 8 36 144 36 
145 42 5 8 36 144 36 
145 42 5 8 36 144 36 
145 42 5 8 36 144 36 
145 42 5 8 36 144 36 
145 42 5 8 36 144 36 
145 42 5 8 36 144 36 
145 42 5 8 36 144 36 
145 42 5 8 36 144 36 
145 42 5 8 36 144 36 
145 42 5 8 36 36 
145 42 5 36 36 
145 42 5 8 36 144 36 
145 42 5 8 36 144 36 
145 42 5 8 36 144 36 
145 42 5 8 36 144 36 
145 42 5 8 36 144 36 
145 42 5 8 36 144 36 
145 42 5 8 36 144 36 
145 42 5 8 36 144 36 
145 42 5 8 36 144 36 
145 42 5 8 36 144 36 
145 42 5 8 36 144 36 
145 42 5 8 36 144 36 
145 42 5 8 36 144 36 
145 42 5 8 36 144 36 
145 42 5 8 36 144 36 
145 42 5 8 36 144 36 
145 42 5 8 36 144 36 
145 42 5 8 36 144 36 
145 42 5 8 36 144 36 
145 42 5 8 36 144 36 
145 42 5 8 36 144 36 
136 647 312 145 42 5 8 36 144 36 
145 42 5 8 36 144 36 
145 42 5 8 36 144 36 
145 42 5 8 36 144 36 
145 42 5 8 36 144 36 
145 42 5 8 36 144 36 
145 42 5 8 36 144 36 
145 42 5 8 36 144 36 
145 42 5 8 36 144 36 
145 42 5 8 36 144 36 
145 42 5 8 36 144 36 