1 2 5 6 8 61 8 
1 2 5 8 35 8 
1 2 5 8 35 8 
1 2 5 8 35 8 
1 2 5 8 35 8 
1 2 5 6 8 87 8 
1 2 5 8 35 8 
1 2 5 8 35 8 
1 2 5 6 8 61 8 
1 29 2 5 8 35 8 
1 2 5 8 35 8 
1 2 4 5 8 35 8 
1 2 5 21 8 68 24 8 
1 2 5 8 8 
1 29 2 5 8 35 8 
1 2 4 5 8 35 8 
1 29 2 5 8 35 8 
1 2 5 8 8 
1 29 2 5 8 8 
1 2 4 5 8 8 
1 2 4 5 8 35 8 
1 2 4 5 8 8 
1 2 4 5 8 8 
1 29 2 5 8 8 
1 2 5 8 120 8 
1 29 2 5 231 8 8 
1 29 2 5 8 35 8 
1 2 5 8 8 
1 2 4 5 6 8 87 8 
1 2 5 8 573 8 
1 2 5 6 8 87 8 
1 2 5 6 8 87 8 
1 2 5 8 573 8 
1 2 5 8 573 8 
1 2 5 8 573 8 
1 2 5 8 35 8 
1 2 4 5 8 35 8 
1 2 5 8 573 120 8 
1 29 2 5 8 35 8 
1 2 5 27 28 21 22 8 24 8 
1 2 5 231 8 8 
1 29 2 5 137 101 8 8 
1 2 5 8 35 8 
1 2 5 519 8 8 
1 2 5 519 8 8 
1 2 5 8 12 8 
1 2 5 8 573 8 
1 2 5 8 8 
1 46 47 2 4 5 8 35 8 
1 2 4 5 137 101 8 8 
1 2 4 5 8 35 8 
1 2 4 5 8 35 8 
1 2 4 5 8 35 8 
1 2 4 5 8 35 8 
1 29 2 5 8 35 8 
1 2 4 5 8 35 8 
1 2 5 101 8 102 8 
1 2 5 8 485 8 
1 2 4 5 8 35 8 
1 2 5 372 8 8 
1 29 2 5 101 8 8 
1 2 5 8 485 8 
1 29 2 5 8 35 8 
1 29 2 5 8 35 8 
1 2 5 6 8 61 8 
1 2 5 8 8 
1 2 4 5 8 8 
1 2 4 5 8 8 
1 29 2 5 8 35 8 
1 2 4 5 8 35 8 
1 2 4 5 8 35 8 
1 2 4 5 101 8 8 
1 29 2 5 8 35 8 
1 2 5 8 8 
1 2 4 5 8 35 8 
1 2 4 5 8 35 8 
1 2 4 5 8 8 
1 2 4 5 8 8 
1 2 5 8 8 
1 2 5 8 8 
1 29 32 2 5 8 8 
1 2 4 5 8 35 8 
1 29 2 5 101 8 8 
1 2 4 5 8 35 8 
1 2 4 5 8 35 8 
1 2 4 5 8 35 8 
1 2 5 231 8 8 
1 29 2 5 8 35 8 
1 29 2 5 8 35 8 
1 29 2 5 101 8 8 
1 29 2 5 8 35 8 
1 29 2 5 8 35 8 
1 2 4 5 8 35 8 
1 2 4 5 8 8 
1 2 4 5 8 8 
1 2 5 8 8 
1 2 5 91 6 92 8 87 8 
1 33 29 2 5 8 35 8 
1 2 5 6 8 87 8 
1 2 5 372 8 8 
1 2 5 6 8 61 8 
1 2 4 5 8 35 8 
1 2 4 5 8 35 8 
1 2 5 8 8 
1 2 5 8 35 8 
1 2 5 8 35 8 
1 2 4 5 8 35 8 
1 2 5 423 162 8 8 
1 29 32 2 5 8 35 8 
1 29 2 5 8 35 8 
1 2 5 6 8 8 
1 29 2 5 6 8 87 8 
1 29 2 5 8 35 8 
1 2 5 8 8 
1 2 4 5 137 101 8 8 
1 2 4 5 8 8 
1 2 4 5 137 101 8 8 
1 29 2 5 101 395 8 8 
1 2 5 8 8 
1 2 4 5 137 101 8 8 
1 2 4 5 27 28 21 8 35 8 
1 29 2 5 8 35 8 
1 2 5 8 35 8 
1 2 4 5 8 35 8 
1 29 2 5 101 8 8 
1 2 5 8 8 
1 29 2 5 8 35 8 
1 2 4 5 6 8 8 
1 2 5 8 8 
1 2 5 8 8 
1 29 2 5 118 8 119 36 35 8 
1 2 4 5 8 35 8 
1 2 4 5 8 35 8 
1 2 5 6 8 87 8 
1 29 2 5 101 8 8 
1 2 4 5 8 35 8 
1 2 4 5 8 35 8 
1 2 4 5 8 35 8 
1 2 5 8 8 
1 2 4 5 8 35 8 
1 2 4 5 8 35 8 
1 2 4 5 8 35 8 
1 29 2 5 8 35 8 
1 2 4 5 8 35 8 
1 2 5 8 8 
1 2 5 8 8 
1 2 4 5 8 35 8 
1 2 4 5 8 35 8 
1 29 2 5 137 101 8 8 
1 2 5 6 8 8 
1 29 2 5 8 35 8 
1 29 2 5 8 35 8 
1 2 4 5 8 35 8 
1 2 5 8 12 8 
1 2 5 21 8 37 24 8 
1 2 4 5 8 35 8 
1 2 4 5 8 35 8 
1 2 4 5 49 25 8 35 8 
1 2 4 5 8 35 8 
1 2 4 5 8 35 8 
1 2 5 6 8 8 
1 29 2 5 8 35 8 
1 29 2 5 6 8 87 8 
1 29 2 5 8 35 8 
1 2 5 8 8 
1 2 5 8 8 
1 2 4 5 8 35 8 
1 2 5 8 8 
1 2 5 8 8 
1 29 2 5 8 35 8 
1 2 5 528 8 8 
1 2 5 528 8 8 
1 2 5 6 8 8 
1 2 5 8 8 
1 29 2 5 8 35 8 
1 29 2 5 8 35 8 
1 29 2 5 8 35 8 
1 29 19 2 5 101 395 8 8 
1 29 2 5 101 395 8 8 
1 2 4 5 8 35 8 
1 2 4 5 101 395 8 8 
1 29 2 5 101 8 102 8 
1 2 4 5 101 395 8 8 
1 2 4 5 8 35 8 
1 2 5 101 373 8 8 
1 29 2 5 8 35 8 
1 2 5 6 8 87 8 
1 2 5 8 8 
1 2 5 8 8 
1 2 5 8 573 120 8 
1 2 5 8 573 120 8 
1 2 5 6 8 8 
1 29 2 5 8 35 8 
1 29 2 5 8 35 8 
1 29 2 5 137 101 8 8 
1 2 4 5 8 35 8 
1 29 2 5 8 35 8 
1 2 5 8 371 8 
1 2 5 8 371 8 
1 2 5 8 8 
1 2 5 8 8 
1 2 5 8 8 
1 2 5 8 8 
1 2 4 5 8 35 8 
1 2 5 6 8 61 8 
1 2 5 6 8 61 8 
1 2 5 6 8 61 8 
1 29 2 5 101 395 8 8 
1 29 2 5 8 8 
1 29 2 5 101 395 8 8 
1 29 2 71 5 8 35 8 
1 29 2 5 8 35 8 
1 2 4 5 8 35 8 
1 2 5 521 6 8 8 
1 2 4 5 8 35 8 
1 2 4 5 8 35 8 
1 2 4 5 8 8 
1 2 5 8 485 8 
1 2 4 5 8 35 8 
1 2 4 5 101 395 8 8 
1 2 4 5 8 35 8 
1 2 5 8 35 8 
1 2 5 8 485 8 
1 29 2 5 101 8 208 8 
1 29 2 5 101 8 208 8 
1 29 2 5 8 35 8 
1 29 2 5 8 8 
1 2 4 5 8 35 8 
1 2 5 8 371 8 
1 29 2 5 8 35 8 
1 2 5 8 8 
1 2 5 8 8 
1 2 5 8 8 
1 29 2 5 21 22 8 37 82 24 8 
1 2 4 5 8 35 8 
1 29 19 2 5 6 8 87 8 
1 2 5 8 35 8 
1 2 5 8 35 8 
1 29 2 5 8 35 8 
1 15 2 43 5 8 35 8 
1 2 5 8 35 8 
1 29 2 5 8 35 8 
1 2 5 8 35 8 
1 2 5 8 8 
1 2 4 5 8 35 8 
1 29 2 5 520 101 8 8 
1 2 5 8 8 
1 2 5 8 8 
1 2 5 8 8 
1 2 5 8 8 
1 2 4 5 8 35 8 
1 29 2 5 8 8 
1 2 5 6 8 87 8 
1 2 91 5 6 21 22 92 8 24 8 
1 2 5 8 371 8 
1 2 5 8 371 8 
1 2 5 8 371 8 
1 2 4 5 8 35 8 
1 2 5 8 371 8 
1 2 4 5 8 8 
1 2 5 8 573 8 
1 29 2 5 101 8 8 
1 2 4 5 8 35 8 
1 29 2 5 8 35 8 
1 2 5 8 8 
1 2 4 5 8 35 8 
1 29 2 5 101 8 8 
1 2 4 5 8 35 8 
1 2 4 5 8 35 8 
1 2 5 8 8 
1 2 5 8 573 8 
1 2 5 6 8 87 8 
1 2 4 5 8 35 8 
1 2 4 5 8 8 
1 2 5 8 8 
1 2 5 8 8 
1 2 4 5 8 8 
1 29 2 71 5 8 8 
1 29 32 2 5 8 8 
1 29 2 5 8 8 