51 257 313 78 21 68 24 24 
451 51 257 313 78 21 68 24 24 
451 51 257 313 78 21 68 24 24 
51 257 313 78 21 22 68 24 24 
451 51 257 313 78 21 22 68 24 24 
451 51 257 313 78 21 22 68 24 24 
51 257 313 78 21 22 68 24 24 
51 257 313 78 21 22 68 24 24 
51 257 313 78 21 22 68 24 24 
51 257 313 78 21 22 68 24 24 
451 51 257 313 78 21 68 24 24 
51 257 313 78 104 21 22 68 24 24 
51 257 313 78 21 22 68 24 24 
451 51 257 313 78 21 68 24 24 
51 257 313 78 21 68 24 24 
451 51 257 313 78 21 22 68 24 24 
51 257 313 78 21 22 68 24 24 
51 257 313 78 21 22 68 24 24 
451 51 257 313 78 21 22 68 24 24 
451 51 257 313 78 21 22 68 24 24 
51 257 313 78 21 22 68 24 24 
51 257 313 78 21 22 68 24 24 
451 51 257 313 78 21 22 68 24 24 
51 257 313 78 21 22 68 24 24 
51 257 313 78 21 22 24 24 