517 5 8 35 8 
517 5 8 144 8 
517 5 8 8 
517 5 8 8 
517 5 8 156 144 8 
517 5 8 8 
517 5 8 8 
517 5 499 8 36 130 8 
517 5 8 371 8 
517 5 6 8 61 8 
517 5 8 36 130 8 
517 5 8 35 8 
517 5 21 22 8 24 8 
517 5 62 6 63 8 8 
517 5 6 8 518 8 
517 5 8 8 
517 5 8 8 
517 5 8 35 8 
517 5 62 6 63 8 8 
145 42 73 517 5 8 8 
145 42 517 5 8 8 
145 42 517 5 8 8 
517 5 231 8 8 
517 5 8 165 8 
517 5 8 8 
145 42 517 5 8 8 
145 42 517 5 8 8 
517 5 231 8 8 
517 5 231 8 8 
517 5 8 35 8 
517 5 62 6 63 8 8 
517 5 8 156 144 8 
517 5 8 8 
145 42 517 5 8 8 
145 42 517 5 8 8 
145 42 517 5 8 8 
145 42 517 5 8 8 
145 42 517 5 8 8 
145 42 517 5 8 8 
145 42 517 5 8 8 
145 42 517 5 8 8 
145 42 73 517 5 8 8 
517 5 8 8 
517 5 8 8 
517 5 8 8 
517 5 519 8 8 
517 5 8 8 
517 5 8 8 
517 5 8 8 
517 5 8 8 
517 5 8 8 
517 5 8 8 
517 5 8 8 
517 5 8 8 
517 5 8 8 
145 42 517 5 8 8 
145 42 517 5 8 8 
517 5 520 101 8 8 
517 5 101 8 208 8 
517 5 8 8 
517 5 8 35 8 
517 5 8 35 8 
517 5 8 35 8 
517 5 8 35 8 
517 5 8 8 
517 5 8 8 
517 5 8 8 
517 5 8 8 
517 5 8 8 
517 5 231 8 8 
517 5 8 8 
517 5 231 8 8 
517 5 6 23 8 158 61 8 
145 42 517 5 8 8 
517 5 8 8 
517 5 8 8 
517 5 467 8 8 
517 5 372 8 8 
517 5 8 35 8 
145 42 73 517 5 8 8 
145 42 73 517 5 8 8 
517 5 8 8 
517 5 8 8 
517 5 8 8 
517 5 8 8 
145 42 73 517 5 8 8 
145 42 73 517 5 8 8 
145 42 73 517 5 8 8 
145 42 517 5 8 8 
145 42 73 517 5 8 8 
517 5 8 8 
517 5 8 8 
517 5 8 35 8 
517 5 8 8 
517 5 8 8 
517 5 8 8 
517 5 8 8 
517 5 8 8 
517 5 8 8 
517 5 8 8 
145 42 73 517 5 8 8 
517 5 231 8 8 
517 5 8 8 
145 42 73 517 5 8 8 
517 5 8 35 8 
145 42 517 5 8 8 
517 5 459 8 8 
517 5 384 254 8 36 407 8 
517 5 8 8 
517 5 143 8 144 8 
517 5 231 8 8 
517 5 101 373 8 8 
517 5 8 35 8 
517 5 8 8 
517 5 8 8 
517 5 521 6 8 8 
517 5 8 35 8 
517 5 8 8 
517 5 8 8 
145 42 73 517 5 8 8 
517 5 6 8 8 
517 5 8 8 
517 5 8 8 
517 5 8 8 
517 5 8 35 8 
517 5 8 8 
145 42 517 5 8 36 122 8 
145 42 517 5 8 8 
517 5 8 8 
145 42 517 5 8 8 
145 42 517 5 8 36 122 8 
517 5 8 35 8 
145 42 517 5 8 8 
145 42 517 5 8 8 
145 42 517 5 8 8 
517 5 8 8 
517 5 8 35 8 
517 5 101 8 208 8 
517 5 8 35 8 
517 5 8 8 
517 5 8 8 
517 5 8 8 
517 5 8 8 
517 5 101 8 102 8 
517 5 101 8 102 8 
517 5 8 35 8 
517 5 101 8 8 
517 5 231 8 8 
517 5 101 373 8 8 
517 5 8 8 
145 42 73 517 5 8 8 
145 42 73 517 5 8 8 
145 42 517 5 8 8 
145 42 73 517 5 8 8 
517 5 8 8 
517 5 6 8 8 
517 5 6 8 8 
517 5 8 8 
517 5 8 35 8 
145 42 517 5 8 8 
517 5 162 8 8 
517 5 8 35 8 
517 5 8 144 8 
517 5 231 8 8 
145 42 517 5 8 8 
145 42 517 5 8 8 
145 42 517 5 8 8 
517 5 8 8 
517 5 8 35 8 
517 5 231 8 8 
517 5 6 8 61 8 
517 5 8 8 
517 5 8 8 
517 5 231 8 8 
517 5 231 8 8 
517 5 232 8 233 8 
517 5 8 8 
517 5 8 8 
145 42 73 517 5 8 8 
517 5 8 8 
517 5 196 197 8 8 
145 42 73 517 5 8 8 
517 5 8 8 
517 5 8 8 
145 42 517 5 8 8 
517 5 8 8 
517 5 8 8 
517 5 8 8 
517 5 8 8 
145 42 73 517 5 8 8 
517 5 231 8 8 
517 5 231 8 8 
517 5 8 8 
145 42 517 5 8 8 
517 5 8 397 8 
517 5 8 8 
517 5 8 8 
517 5 8 8 
517 5 8 8 
145 42 517 5 8 8 
145 42 517 5 8 8 
517 5 8 8 
517 5 8 8 
517 5 8 8 
517 5 8 8 
517 5 8 8 
517 5 8 8 
517 83 5 8 8 
517 5 8 8 
517 5 8 8 
517 5 8 8 
517 5 8 8 
517 5 6 8 61 8 
517 5 231 8 8 
517 5 6 63 8 8 
517 5 8 120 8 
517 5 8 35 8 
517 5 21 22 8 24 8 
517 5 8 8 
517 5 8 120 8 
517 5 8 120 8 
517 5 8 120 8 
517 5 8 120 8 
517 5 8 8 
517 5 6 8 518 8 
517 5 8 35 8 
517 5 231 8 8 
517 5 162 8 342 8 
517 5 8 8 
517 5 6 8 9 8 
517 5 62 6 63 8 8 
517 5 62 6 63 8 8 
517 5 62 6 63 8 8 
517 5 62 6 63 8 8 
517 5 8 8 
517 5 8 8 
517 5 62 6 63 8 8 
517 5 62 6 63 8 8 
517 5 8 8 
517 5 8 8 
517 5 8 120 8 
517 5 6 31 8 8 
517 5 8 144 8 
517 5 8 35 8 
517 5 8 35 8 
517 5 8 219 8 
517 5 8 120 8 
517 5 8 120 8 
517 5 8 8 
517 5 91 6 92 8 8 
517 5 8 8 
517 5 62 6 63 8 8 
517 5 28 6 21 23 8 139 79 80 8 
517 5 8 35 8 
517 5 8 120 8 
517 5 8 120 8 
517 5 8 120 8 
517 5 8 120 8 
517 5 8 120 8 
517 5 8 120 8 
517 5 8 120 8 
517 5 8 8 
517 5 8 35 8 
517 5 8 120 8 
517 5 8 120 8 
517 5 8 120 8 
517 5 62 6 63 8 522 8 
517 5 8 35 8 
517 5 8 35 8 
517 5 8 8 
517 5 8 120 8 
517 5 162 8 163 8 
517 5 162 8 163 8 
145 42 517 5 8 8 
517 5 8 8 
517 5 8 8 
517 5 8 8 
517 5 8 8 
517 5 143 8 144 8 
145 42 517 5 8 8 
145 42 73 517 5 8 8 
517 5 62 6 63 8 8 
517 5 8 35 8 
517 5 6 8 8 
517 5 6 8 61 8 
517 5 8 120 8 
517 5 8 8 
517 5 101 8 523 8 
517 5 62 6 63 8 8 
517 5 8 35 8 
517 5 8 165 8 
517 5 101 8 523 8 
517 5 8 8 
517 161 5 8 8 
517 5 8 35 8 
517 5 62 6 63 64 8 8 
517 5 6 8 9 8 
517 5 8 35 8 
517 5 62 6 63 8 8 
517 5 101 8 102 8 
517 5 8 35 8 
517 5 8 8 
517 5 8 8 
517 5 112 8 113 8 
517 5 8 8 
517 5 6 8 61 8 
517 5 519 8 8 
517 5 8 35 8 
517 5 8 35 8 
517 5 8 35 8 
517 5 8 120 8 
517 5 8 35 8 
517 5 8 35 8 
517 5 8 8 
517 5 8 8 
517 5 62 6 63 8 8 
517 5 101 8 102 8 
517 5 6 8 8 
145 42 517 5 143 8 144 8 
517 5 8 35 8 
517 5 8 8 
517 5 8 35 8 
517 5 8 35 8 
517 5 372 8 8 
517 5 112 8 113 8 
517 5 231 8 8 
517 5 8 35 8 
517 5 8 12 8 
517 5 372 8 8 
517 5 101 373 8 35 8 
517 5 231 8 8 
517 5 118 8 119 36 8 
145 42 517 5 8 8 
517 5 8 8 
517 5 8 8 
517 5 8 8 
517 5 8 8 
517 5 8 35 8 
517 5 8 8 
517 5 8 8 
517 5 8 12 8 
517 5 162 8 414 8 
145 42 73 517 5 8 8 
145 42 73 517 5 8 8 
145 42 517 5 8 8 
145 42 73 517 5 8 8 
145 42 73 517 5 8 8 
145 42 73 517 5 8 8 
517 5 8 35 8 
517 5 8 35 8 
517 5 8 8 
517 5 8 8 
517 5 8 35 8 
517 5 8 35 8 
145 42 73 517 5 8 8 
145 42 517 5 8 8 
517 5 8 8 
517 5 6 8 61 8 
517 5 8 8 
517 5 8 8 
145 42 517 5 8 8 
517 5 6 210 8 61 8 
517 5 8 35 8 
517 5 8 8 
517 5 8 8 
517 5 524 8 200 8 
145 42 517 5 8 8 
517 5 231 8 8 
517 5 8 8 
517 5 8 8 
517 5 8 8 
145 42 517 5 8 165 8 
517 5 6 8 8 
145 42 517 5 8 8 
145 42 517 5 8 8 
517 5 8 8 
517 5 8 8 
517 5 8 8 
145 42 517 5 8 12 8 
517 5 8 8 
517 5 8 8 
517 5 8 8 
517 5 8 8 
517 5 231 8 8 
517 5 8 8 
145 42 73 517 5 8 8 
145 42 73 517 5 8 8 
517 5 8 35 8 
517 5 8 8 
517 5 62 6 63 8 8 
517 5 8 397 8 
517 5 525 8 526 120 8 
145 42 517 5 8 36 122 123 8 
517 5 8 35 8 
517 5 8 12 8 
517 5 8 8 
517 5 8 8 
517 5 8 8 
517 5 8 8 
145 42 73 517 5 8 8 
145 42 517 5 8 8 
145 42 517 5 8 8 
145 42 517 5 8 8 
145 42 73 517 5 8 8 
517 5 8 8 
517 5 8 8 
517 5 378 232 8 8 
145 42 517 5 8 8 
517 5 8 35 8 
517 5 402 8 8 
517 5 8 8 
517 5 8 8 
517 5 8 8 
517 5 8 8 
517 5 231 8 8 
517 5 8 8 
517 5 8 8 
517 5 8 35 8 
145 42 73 517 5 8 36 122 8 
517 5 8 8 
517 5 8 35 8 
517 5 8 8 
145 42 73 517 5 8 8 
517 5 8 8 
517 5 8 8 
145 42 73 517 5 8 8 
145 42 73 517 5 8 8 
145 42 73 517 5 8 8 
517 5 8 144 8 
145 42 517 5 8 8 
145 42 73 517 5 8 8 
517 5 8 144 8 
517 5 8 8 
517 5 8 8 
145 42 517 5 8 8 
517 5 8 35 8 
517 5 8 8 
517 5 8 8 
517 5 8 8 
145 42 517 5 8 8 
145 42 517 5 8 8 
145 42 517 5 8 8 
145 42 73 517 5 8 8 
145 42 517 5 8 8 
145 42 73 517 5 8 8 
517 5 8 8 
517 5 8 8 
517 5 8 8 
517 5 8 8 
145 42 517 5 8 8 
1 2 145 42 517 5 8 8 
145 42 517 5 8 8 
145 42 517 5 8 8 
145 42 517 5 8 8 
145 42 517 5 8 8 
145 42 517 5 8 8 
145 42 73 517 5 8 8 
145 42 517 5 8 8 
517 5 143 8 144 8 
517 5 8 35 8 
517 5 8 8 
517 5 196 197 176 162 8 8 
517 5 231 8 8 
517 5 8 8 
517 5 8 8 
145 42 517 5 8 8 
145 42 517 5 8 8 
517 5 8 144 8 
517 5 8 8 
145 42 517 5 489 8 36 8 
517 5 8 8 
145 42 517 5 8 8 
517 5 8 8 
517 5 232 8 527 8 
145 42 517 5 8 36 122 8 
517 5 8 8 
517 5 8 8 
517 5 231 8 8 
517 5 8 35 8 
517 5 8 35 8 
517 5 8 8 
517 5 8 35 8 
517 5 8 35 8 
517 5 8 35 8 
517 5 8 35 8 
517 5 8 35 8 
145 42 73 517 5 8 8 
517 5 8 8 
517 5 8 35 8 
517 5 8 35 8 
517 5 8 8 
517 5 8 165 8 
517 5 8 8 
59 128 145 60 42 160 517 5 8 8 
145 42 73 517 5 8 8 
517 5 372 8 8 
517 5 372 8 8 
517 5 162 8 163 8 
517 5 8 8 
517 5 101 8 8 
517 5 8 8 
517 5 8 35 8 
517 5 101 8 8 
517 5 101 8 8 
517 5 101 8 8 
517 5 528 8 8 
517 5 8 8 
517 5 8 8 
517 5 232 8 233 8 
517 5 8 35 8 
517 5 402 8 8 
517 5 8 8 
517 5 8 12 8 
517 5 231 8 8 
145 42 517 5 8 165 8 
145 42 73 517 5 8 165 8 
145 42 73 517 5 8 165 8 
517 5 8 35 8 
145 42 517 5 8 8 
517 5 8 8 
517 5 8 8 
517 5 8 8 
145 42 517 5 8 8 
517 5 8 8 
517 5 8 8 
517 5 8 8 
517 5 8 8 
517 5 8 8 
517 5 459 8 8 
517 5 8 8 
145 42 73 517 5 8 8 
145 42 517 5 118 162 8 119 36 8 
517 5 8 165 8 
517 5 8 8 
517 5 8 35 8 
517 5 8 8 
517 5 8 8 
145 42 517 5 8 8 
517 5 8 165 8 
517 5 239 162 8 8 
517 5 8 8 
145 42 517 5 8 142 36 8 
517 5 8 35 8 
145 42 517 5 8 142 36 8 
517 5 8 8 
517 5 467 8 8 
145 42 517 5 8 8 
517 5 8 8 
517 177 5 112 8 113 8 
517 177 5 112 8 113 8 
517 177 5 112 8 113 8 
517 177 5 112 8 113 8 
517 177 5 112 8 113 8 
517 177 5 112 8 113 8 
517 177 5 112 8 113 8 
517 5 8 8 
517 5 6 8 9 8 
517 5 6 8 9 8 
517 5 8 8 
517 5 8 8 
517 5 8 8 
517 5 8 8 
517 5 8 8 
517 5 8 165 8 
517 5 8 8 
517 5 8 8 
517 5 231 529 8 8 
517 5 8 35 8 
517 5 8 8 
517 5 8 8 
517 5 8 35 8 
517 5 8 165 8 
145 42 517 5 8 8 
145 42 517 5 8 8 
517 5 8 8 
517 5 8 8 
517 5 8 8 
517 5 8 35 8 
517 5 8 8 
517 5 8 8 
145 42 517 5 6 8 61 8 
145 42 517 5 6 8 61 8 
145 42 517 5 6 8 61 8 
145 42 517 5 6 8 61 8 
145 42 517 5 6 8 61 8 
517 5 8 35 8 
145 42 73 517 5 8 8 
145 42 517 5 8 8 
517 5 162 8 530 8 
517 5 8 8 
517 5 8 8 
517 5 8 8 
517 5 196 197 8 8 
145 42 73 517 5 8 8 
517 5 8 35 8 
517 5 8 8 
517 5 8 8 
517 5 239 162 8 35 8 
145 42 73 517 5 8 8 
145 42 73 517 5 8 8 
136 145 42 174 517 5 8 8 
517 5 8 35 8 
517 5 8 35 8 
517 5 8 8 
517 5 8 397 8 
517 5 8 35 8 
517 5 232 8 233 8 
517 5 8 8 
517 5 8 8 
145 42 517 5 8 8 
517 5 8 8 
517 5 8 8 
517 5 8 8 
517 5 8 8 
517 5 8 8 
145 42 517 5 8 36 122 8 
145 42 517 5 8 36 122 8 
145 42 517 5 8 36 122 8 
145 42 517 5 8 36 122 8 
145 42 73 517 5 8 8 
517 5 8 8 
517 5 8 8 
517 5 8 35 8 
517 5 8 8 
145 42 517 5 8 8 
517 5 8 8 
517 5 8 8 
517 5 8 8 
517 5 8 8 
517 5 8 8 
517 5 8 8 
517 5 8 8 
517 5 8 8 
145 42 517 5 8 8 
517 5 8 8 
517 5 8 8 
517 5 8 8 
517 5 8 8 
517 5 101 8 8 
517 5 231 8 8 
517 5 8 8 
517 5 8 8 
517 5 8 8 
517 5 8 8 
517 5 8 8 
517 5 8 8 
517 5 8 8 
517 5 8 8 
517 5 8 8 
517 5 8 8 
517 5 8 8 
517 5 8 8 
145 42 73 517 5 8 8 
145 42 73 517 5 8 8 
145 42 517 5 8 8 
517 5 8 8 
145 42 73 517 5 8 8 
145 42 517 5 8 8 
145 42 517 5 8 8 
145 42 517 5 8 8 
145 42 73 517 5 8 8 
517 5 8 8 
517 5 8 8 
517 5 8 8 
517 5 8 8 
145 42 517 5 8 8 
145 42 517 5 8 8 
145 42 517 5 8 8 
145 42 517 5 8 8 
145 42 517 5 8 8 
145 42 517 5 8 8 
145 42 517 5 8 8 
145 42 73 517 5 8 8 
517 5 8 8 
517 5 8 8 
517 5 8 8 
517 5 8 8 
517 5 8 8 
517 5 8 8 
517 5 8 8 
517 5 8 8 
517 5 8 8 
517 5 8 8 
517 5 8 8 
517 5 8 8 
517 5 8 8 
517 5 8 8 
517 5 8 8 
517 5 8 8 
517 5 8 8 
517 5 8 8 
517 5 8 8 
517 5 8 8 
517 5 8 8 
517 5 8 8 
517 5 8 8 
517 5 8 8 
517 5 8 8 
517 5 8 8 
517 5 8 8 
517 5 8 8 
517 5 8 8 
145 42 517 5 8 8 
517 5 8 8 
145 42 517 5 8 8 
145 42 517 5 8 8 
517 5 8 8 
145 42 517 5 8 8 
517 5 8 8 
517 5 8 8 
517 5 8 8 
517 5 8 8 
517 5 8 8 
517 5 8 8 
517 5 8 8 
517 5 8 8 
517 5 8 8 
145 42 73 517 5 8 8 
517 5 8 8 
145 42 517 5 8 8 
145 42 517 5 8 8 
145 42 517 5 8 8 
517 5 8 8 
517 5 8 8 
517 5 8 8 
517 5 8 8 
517 5 8 8 
517 5 8 8 
517 5 8 8 
517 5 8 8 
517 5 8 8 
517 5 8 8 
517 5 8 165 8 
517 5 8 8 
517 177 5 112 8 113 8 
517 5 62 6 63 8 8 
145 42 73 517 5 8 8 
145 42 73 517 5 8 8 
517 5 8 8 
517 5 8 35 8 
517 5 8 8 
517 5 8 165 8 
517 5 62 6 63 8 8 
517 5 101 8 208 8 
517 5 8 8 
517 5 62 6 63 8 522 8 
517 5 8 120 8 
517 5 8 8 
517 5 8 165 8 
517 5 8 35 8 
517 5 8 8 
517 5 8 8 
517 5 8 8 
517 5 8 35 8 
517 5 8 8 
517 5 6 8 8 
517 5 8 8 
517 5 8 35 8 
517 5 8 35 8 
517 5 8 8 
517 5 8 8 
517 5 8 8 
517 5 8 8 
517 5 8 8 
517 5 8 8 
517 5 8 8 
517 5 8 8 
517 5 8 8 
517 5 6 8 8 
145 42 517 5 8 8 
517 5 8 144 8 
517 5 8 8 
517 5 101 8 102 8 
517 5 8 35 8 
517 5 8 8 
517 5 101 8 8 
517 5 8 35 8 
517 5 8 120 8 
517 5 8 8 
517 5 8 35 8 
517 5 21 22 8 24 8 
517 5 21 22 8 24 8 
517 5 8 8 
517 5 8 8 
517 5 8 120 8 
517 5 8 35 8 
517 5 8 8 
517 5 8 8 
517 5 8 8 
517 5 101 8 102 8 
145 42 73 517 5 143 8 144 8 
517 5 8 35 8 
517 5 101 8 8 
517 5 112 8 113 8 
517 5 8 120 8 
517 5 8 120 8 
517 5 8 120 8 
517 5 62 6 63 8 522 8 
517 5 231 8 8 
517 5 8 165 8 
517 5 8 35 8 
517 5 62 6 63 8 8 
517 5 8 8 
517 5 101 8 208 8 
517 5 101 8 208 8 
517 5 6 8 8 
517 5 62 6 63 8 8 
517 5 8 8 
517 5 101 8 208 8 
517 5 101 8 208 8 
517 5 8 8 
517 5 8 8 
517 5 6 31 8 8 
517 5 6 31 8 8 
517 5 6 31 8 8 
517 5 6 31 8 8 
517 5 8 8 
517 5 101 8 523 8 
517 5 8 35 8 
517 5 101 8 208 8 
517 5 8 35 8 
517 5 101 373 8 8 
517 5 8 35 8 
517 5 8 35 8 
517 5 101 8 208 8 
517 5 231 8 8 
517 5 8 8 
517 5 8 8 
517 5 231 8 8 
517 5 8 8 
517 5 6 8 87 8 
517 5 176 162 8 8 
517 5 6 8 8 
517 5 6 8 8 
517 5 6 8 8 
517 5 6 8 8 
517 5 8 35 8 
517 5 520 101 8 8 
517 5 8 8 
517 5 8 35 8 
517 5 8 8 
517 5 8 35 8 
517 5 162 8 188 8 
517 5 101 395 8 8 
517 5 8 8 
517 5 8 8 
517 5 21 22 8 24 8 
517 5 8 8 
517 5 8 165 8 
517 5 6 8 8 
517 5 8 35 8 
517 5 101 395 8 8 
517 5 8 8 
517 5 6 8 87 8 
517 5 6 8 87 8 
145 42 73 517 5 8 8 
145 42 517 5 8 8 
517 5 8 35 8 
517 5 8 8 
517 5 8 8 
517 5 459 8 8 
517 5 459 8 8 
517 5 91 6 92 8 8 
517 5 8 120 8 
517 5 8 35 8 
517 5 8 490 8 
517 5 8 8 
517 5 231 8 8 
517 5 48 6 8 8 
517 5 8 8 
517 5 8 35 8 
517 5 8 8 
517 5 8 35 8 
517 5 8 8 
517 5 423 162 8 531 8 
517 5 8 8 
517 5 8 36 130 8 
517 5 8 35 8 
517 5 8 8 
145 42 73 517 5 8 8 
145 42 517 5 8 8 
145 42 73 517 5 8 8 
145 42 517 5 8 8 
145 42 73 517 5 8 8 
517 5 8 35 8 
517 5 8 8 
145 42 73 517 5 466 240 162 8 242 8 
517 5 384 254 8 36 407 8 
517 5 8 165 8 
517 5 8 8 
517 5 8 8 
517 5 8 144 201 8 
517 5 8 35 8 
517 5 8 35 8 
517 5 423 162 8 8 
517 5 8 8 
517 5 101 8 523 8 
517 5 8 8 
517 5 8 35 8 
517 5 231 8 8 
517 5 8 397 8 
517 5 8 8 
145 42 73 517 5 8 8 
517 5 8 8 
517 5 8 8 
517 5 519 8 8 
517 5 8 8 
517 5 8 8 
145 42 73 517 5 8 8 
517 5 6 8 9 8 
517 5 8 8 
517 5 8 8 
517 5 8 532 144 8 
517 5 8 144 8 
517 5 8 35 8 
517 5 143 8 144 8 
517 5 8 8 
517 5 8 144 8 
517 5 8 8 
517 5 459 8 8 
517 5 8 144 8 
517 5 8 35 8 
145 42 73 517 5 8 8 
517 5 8 35 8 
517 5 101 8 208 8 
517 5 143 8 144 8 
517 5 8 35 8 
517 5 378 232 8 8 
517 5 454 458 8 8 
517 5 8 35 8 
517 5 27 28 21 8 8 
517 5 8 8 
145 42 517 5 8 219 8 
145 42 517 5 8 219 8 
517 5 8 35 8 
517 5 8 8 
517 5 8 35 8 
517 5 8 8 
517 5 8 35 8 
517 5 8 35 8 
517 5 8 35 8 
145 42 73 517 5 8 8 
517 5 8 12 8 
145 42 517 5 8 36 122 8 
145 42 517 5 8 36 122 8 
145 42 517 5 8 8 
517 5 8 8 
517 5 8 8 
517 5 8 120 8 
517 5 8 8 
145 42 73 517 5 8 8 
145 42 73 517 5 8 8 
145 42 517 5 8 8 
517 5 231 8 8 
517 5 118 8 119 36 35 8 
517 5 8 35 8 
145 42 517 5 8 8 
517 5 8 8 
517 5 372 8 8 
517 5 459 8 8 
145 42 517 5 8 8 
517 5 8 8 
517 5 8 8 
517 5 8 8 
517 5 8 8 
517 5 8 8 
517 5 231 8 8 
517 5 8 8 
517 5 8 8 
517 5 8 8 
517 5 8 35 8 
517 5 8 8 
517 5 8 8 
145 42 73 517 5 8 8 
145 42 73 517 5 8 8 
145 42 73 517 5 8 8 
145 42 73 517 5 8 8 
517 5 231 8 8 
517 5 6 8 61 8 
145 42 73 517 5 8 8 
517 5 8 8 
517 5 8 35 8 
145 42 73 517 5 8 8 
145 42 517 5 8 8 
145 42 517 5 8 8 
145 42 517 5 8 8 
145 42 73 517 5 8 8 
145 42 517 5 8 8 
145 42 73 517 5 8 8 
145 42 73 517 5 8 8 
145 42 73 517 5 8 8 
145 42 73 517 5 8 8 
517 5 8 8 
517 5 528 8 8 
517 5 8 8 
517 5 8 8 
145 42 517 5 8 8 
145 42 517 5 8 8 
517 5 118 8 132 36 144 8 
517 5 8 8 
517 5 8 8 
517 5 8 8 
517 5 8 8 
517 5 8 8 
517 5 6 23 8 87 139 8 
517 5 6 23 8 87 139 8 
517 5 8 8 
517 5 8 8 
517 5 8 8 
517 5 8 35 8 
517 5 8 35 8 
517 5 8 8 
1 15 145 42 43 517 5 8 8 
145 42 517 5 8 8 
145 42 517 5 8 8 
145 42 517 5 8 8 
517 5 8 35 8 
517 5 8 8 
517 5 62 6 63 8 8 
517 5 8 35 8 
517 5 8 35 8 
517 5 196 197 8 8 
517 5 8 8 
517 5 62 6 63 8 8 
517 5 8 8 
517 5 8 120 8 
517 5 62 6 63 8 8 
517 5 8 8 
517 5 8 8 
517 5 8 8 
517 5 8 8 
517 5 8 8 
517 5 231 8 8 
517 5 231 8 8 
517 5 231 8 8 
517 5 8 8 
517 5 8 8 
517 5 8 12 8 
145 42 517 5 8 36 122 8 
145 42 73 517 5 8 36 122 8 
178 136 145 42 517 5 8 36 122 8 
145 42 73 517 5 8 36 122 8 
53 54 51 145 42 517 5 8 36 122 8 
145 42 517 5 8 36 122 8 
145 42 73 517 5 8 36 122 8 
517 5 8 144 8 
517 5 8 8 
145 42 517 5 8 8 
136 145 42 174 517 5 8 8 
517 5 8 8 
517 5 162 8 35 8 
517 5 162 8 35 8 
517 5 8 8 
517 5 8 8 
517 5 8 8 
517 5 8 8 
517 5 6 8 61 8 
517 5 8 8 
145 42 517 5 8 8 
517 5 8 8 
517 5 101 8 8 
517 5 8 8 
517 5 8 8 
517 5 8 12 8 
517 5 8 8 
145 42 73 517 5 8 8 
145 42 73 517 5 8 8 
145 42 73 517 5 8 8 
517 5 8 8 
517 5 8 35 8 
517 5 8 8 
517 5 176 162 8 8 
145 42 73 517 5 8 8 
517 5 8 8 
517 5 8 8 
517 5 8 8 
145 42 517 5 8 8 
517 5 8 120 8 
517 5 8 120 8 
517 5 8 120 8 
517 5 8 120 8 
517 5 8 120 8 
517 5 8 120 8 
517 5 8 120 8 
517 5 8 120 8 
145 42 517 5 8 8 
517 5 8 8 
517 5 8 8 
517 5 8 8 
517 5 8 8 
517 5 8 8 
517 5 8 8 
145 42 73 517 5 8 8 
145 42 517 5 8 8 
517 5 8 8 
517 5 8 8 
145 42 517 5 8 8 
145 42 517 5 8 8 
517 5 8 8 
517 5 8 8 
145 42 73 517 5 8 8 
517 5 8 8 
517 5 8 35 8 
145 42 73 517 5 8 8 
145 42 517 5 8 8 
145 42 73 517 5 8 8 
145 42 73 517 5 8 8 
145 42 73 517 5 8 8 
145 42 73 517 5 8 8 
517 5 8 8 
145 42 73 517 5 8 165 8 
517 5 8 371 8 
517 5 8 8 
517 5 8 8 
517 5 8 8 
517 5 8 8 
517 5 6 8 8 
517 5 499 8 36 130 8 
517 5 8 397 8 
517 5 8 8 
517 5 8 35 8 
145 42 517 5 8 8 
145 42 73 517 5 8 8 
145 42 73 517 5 8 8 
145 42 517 5 161 8 8 
517 5 8 8 
517 5 8 8 
517 5 8 8 
517 5 8 8 
517 5 101 8 8 
517 5 8 35 8 
517 5 8 8 
517 5 8 35 8 
517 5 8 8 
517 5 459 8 8 
517 5 162 8 8 
517 5 8 8 
517 5 8 8 
517 5 8 8 
517 5 8 8 
517 5 8 8 
517 5 6 21 31 8 68 24 8 
145 42 73 517 5 8 8 
517 5 8 8 
517 5 8 8 
517 5 8 8 
517 5 231 8 8 
517 5 8 8 
517 5 459 8 8 
517 5 8 8 
517 5 8 8 
517 5 459 8 8 
517 5 101 8 523 8 
517 5 8 8 
517 5 8 8 
517 5 8 8 
517 5 239 162 8 8 
517 5 8 8 
517 5 8 8 
517 5 8 8 
517 5 8 35 8 
517 5 231 8 8 
517 5 8 8 
517 5 8 35 8 
145 42 517 5 199 8 200 8 
517 5 8 8 
517 5 101 8 8 
517 5 8 8 
517 5 8 8 
517 5 8 8 
517 5 8 35 8 
517 5 8 8 
517 5 8 8 
517 5 8 8 
517 5 231 8 8 
145 42 73 517 5 8 8 
517 5 8 8 
517 5 8 8 
517 5 8 8 
145 42 517 5 8 8 
145 42 517 5 8 8 
145 42 517 5 8 8 
145 42 517 5 8 8 
517 5 8 8 
517 5 8 8 
517 5 8 8 
517 5 8 8 
517 5 8 8 
517 5 8 35 8 
517 5 8 8 
517 5 8 8 
517 5 8 8 
517 5 8 8 
517 5 8 8 
517 5 8 8 
517 5 8 8 
517 5 8 8 
517 5 8 8 
517 5 8 8 
517 5 8 165 8 
517 5 8 165 8 
145 42 73 517 5 8 8 
1 2 145 42 517 5 8 8 
517 5 101 8 102 8 
517 5 372 8 8 
517 5 21 22 8 24 8 
517 5 8 8 
517 5 8 8 
517 5 8 8 
517 5 8 156 144 8 
517 5 8 8 
517 5 8 8 
517 5 8 8 
517 5 8 8 
517 5 8 8 
517 5 101 8 523 8 
517 5 8 8 
517 5 8 8 
517 5 62 6 63 8 8 
517 5 8 8 
517 5 8 120 8 
517 5 101 8 102 8 
517 5 8 8 
517 5 8 8 
517 5 8 8 
517 5 8 165 8 
517 5 8 8 
517 5 8 8 
517 5 8 35 8 
517 5 231 8 8 
517 5 62 6 63 8 8 
517 5 8 35 8 
517 5 8 8 
517 5 8 144 8 
517 5 8 8 
517 5 8 36 130 8 
517 5 8 8 
517 5 8 35 8 
517 5 8 8 
517 5 8 35 8 
517 5 6 8 8 
517 5 162 8 198 8 
517 5 8 490 8 
517 5 8 8 
517 5 8 35 8 
517 5 8 35 8 
517 5 231 8 8 
517 5 8 8 
517 5 162 8 198 8 
517 5 231 8 8 
517 5 143 8 144 8 
145 42 73 517 5 231 8 8 
517 5 8 8 
517 5 8 35 8 
517 5 8 35 8 
517 5 118 162 221 8 119 36 8 
517 5 8 35 8 
517 5 8 35 8 
517 5 8 35 8 
517 5 162 8 198 8 
517 5 8 35 8 
517 5 101 8 8 
517 5 8 8 
517 5 8 8 
145 42 517 5 8 8 
517 5 8 35 8 
517 5 101 395 8 8 
517 5 8 35 8 
517 5 8 8 
517 5 101 8 8 
517 5 177 112 8 113 8 
517 5 8 8 
145 42 517 5 8 8 
517 5 8 35 8 
517 5 8 8 
517 5 8 8 
517 5 8 8 
517 5 8 8 
517 5 8 35 8 
145 42 517 5 8 35 8 
517 5 8 8 
517 5 62 6 63 8 8 
517 5 8 35 8 
517 5 8 8 
517 5 101 8 8 
145 42 517 5 8 8 
517 5 8 8 
517 5 162 8 198 8 
145 42 517 5 8 8 
145 42 517 5 8 8 
517 5 8 8 
517 5 8 8 
517 5 8 8 
517 5 8 35 8 
517 5 8 8 
145 42 517 5 8 8 
517 5 8 165 8 
517 5 162 8 8 
517 5 101 8 102 8 
517 5 8 8 
517 5 8 8 
517 5 8 8 
145 42 517 5 176 162 8 394 8 
145 42 73 517 5 8 8 
517 5 8 8 
517 5 8 8 
517 5 8 8 
517 5 8 8 
517 5 8 8 
517 5 8 165 8 
517 5 8 8 
517 5 8 8 
517 5 6 63 8 10 8 
517 5 8 144 8 
517 5 101 8 208 8 
517 5 467 8 8 
517 5 8 8 
145 42 517 5 8 8 
145 42 73 517 5 143 8 144 8 
145 42 73 517 5 143 8 144 8 
517 5 8 8 
517 5 8 8 
517 5 8 8 
517 5 6 8 8 
517 5 112 6 8 113 8 
517 5 162 8 163 8 
517 5 8 8 
145 42 73 517 5 8 8 
517 5 8 8 
145 42 517 5 8 8 
145 42 517 5 8 8 
145 42 517 5 8 8 
517 5 101 8 8 
517 5 8 219 8 
517 5 8 8 
145 42 517 5 162 8 8 
517 5 8 35 8 
145 42 517 5 8 8 
517 5 8 8 
517 5 8 8 
145 42 517 5 8 8 
517 5 8 8 
517 5 8 8 
145 42 517 5 8 8 
145 42 517 5 8 8 
145 42 517 5 8 8 
517 5 8 8 
517 5 8 8 
145 42 73 517 5 8 8 
145 42 73 517 5 8 8 
145 42 73 517 5 8 8 
145 42 73 517 5 8 8 
145 42 73 517 5 8 8 
517 5 8 35 8 
517 5 8 35 8 
517 5 231 8 8 
517 5 8 8 
517 5 101 8 102 8 
517 5 8 8 
517 5 232 8 527 8 
517 5 8 8 
517 5 8 8 
517 5 8 8 
145 42 517 5 8 8 
517 5 6 8 8 
517 5 6 8 61 8 
517 5 8 8 
517 5 8 35 8 
517 5 8 8 
517 5 8 35 8 
517 5 8 165 8 
517 5 8 165 8 
145 42 517 5 8 8 
145 42 73 517 5 8 8 
145 42 73 517 5 8 8 
145 42 73 517 5 8 8 
517 5 8 35 8 
145 42 517 5 8 8 
517 5 8 8 
145 42 73 517 5 171 162 8 172 8 
145 42 517 5 8 8 
517 5 8 8 
145 42 517 5 8 8 
517 5 8 8 
517 5 8 8 
145 42 517 5 8 8 
145 42 517 5 8 8 
517 5 6 8 482 8 
517 5 231 8 8 
517 5 8 12 8 
517 5 162 8 8 
517 5 8 8 
517 5 8 8 
517 5 8 8 
517 5 8 35 8 
517 5 8 35 8 
517 5 8 120 8 
517 5 8 35 8 
517 5 8 8 
517 5 8 8 
145 42 517 5 6 8 36 130 8 
145 42 73 517 5 8 8 
517 5 8 35 8 
517 5 8 8 
517 5 196 197 162 8 8 
517 5 8 35 8 
517 5 8 8 
517 5 8 8 
145 42 517 5 8 8 
517 5 8 35 8 
145 42 517 5 8 8 
517 5 231 8 8 
517 5 8 35 8 
517 5 6 8 87 8 
517 5 231 8 8 
517 5 8 35 8 
517 5 8 35 8 
517 5 101 8 102 8 
517 5 101 8 8 
517 5 8 8 
136 145 42 174 517 5 143 8 144 8 
517 5 8 8 
517 5 231 8 8 
517 5 8 8 
517 5 8 12 8 
517 5 8 8 
517 5 6 8 8 
517 5 8 8 
517 5 8 8 
517 5 8 8 
517 5 8 8 
145 42 517 5 8 8 
517 5 8 8 
145 42 517 5 8 8 
517 5 8 8 
517 5 8 35 8 
517 5 8 8 
517 5 231 8 8 
517 5 8 8 
145 42 517 5 8 165 8 
145 42 73 517 5 8 165 8 
517 5 8 8 
517 5 8 8 
517 5 231 8 8 
517 5 8 35 8 
517 5 8 8 
517 5 8 8 
517 5 8 8 
517 5 8 35 8 
517 5 8 8 
517 5 101 8 8 
517 5 8 8 
517 5 8 8 
517 5 8 8 
517 5 231 8 8 
517 5 8 8 
517 5 8 35 8 
517 5 8 8 
517 5 8 8 
517 5 231 8 8 
517 5 8 35 8 
517 5 162 8 8 
517 5 6 8 8 
145 42 517 5 8 8 
517 5 8 8 
517 5 8 8 
517 5 8 8 
145 42 73 517 5 8 8 
145 42 73 517 5 8 8 
517 5 8 8 
145 42 73 517 5 6 533 8 8 
145 42 517 5 6 533 8 8 
517 5 377 162 8 8 
517 5 8 35 8 
517 5 8 8 
517 5 466 240 162 8 242 8 
517 5 8 35 8 
145 42 73 517 5 171 162 8 416 8 
517 5 8 8 
517 5 8 35 8 
517 5 8 8 
517 5 101 395 8 8 
517 5 8 8 
145 42 73 517 5 8 8 
517 5 101 395 8 8 
517 5 8 35 8 
517 5 8 8 
517 5 8 35 8 
145 42 517 5 8 8 
517 5 8 35 8 
517 5 6 8 8 
517 5 112 8 113 8 
517 5 8 35 8 
517 5 101 8 8 
517 5 101 8 8 
517 5 101 8 8 
517 5 8 8 
517 5 8 8 
517 5 8 8 
517 5 8 35 8 
517 5 8 35 8 
517 5 8 35 8 
517 5 176 162 8 8 
517 5 8 8 
517 5 8 8 
517 5 8 120 8 
517 5 8 8 
517 5 8 8 
517 5 8 393 8 
517 5 8 8 
517 5 8 35 8 
517 5 8 35 8 
517 5 8 8 
517 5 162 8 163 8 
145 42 73 517 5 8 8 
517 5 8 8 
517 5 62 6 63 8 8 
517 5 8 8 
517 5 8 8 
517 5 8 165 8 
145 42 73 517 5 8 8 
517 5 162 8 534 8 
145 42 73 517 5 8 8 
145 42 73 517 5 8 8 
517 5 8 8 
517 5 8 8 
517 5 232 8 233 8 
517 5 137 101 8 8 
517 5 8 8 
517 5 8 8 
517 5 6 8 61 8 
517 5 8 8 
517 5 8 8 
517 5 8 35 8 
517 5 8 35 8 
517 5 8 35 8 
517 5 8 35 8 
517 5 8 8 
517 5 8 165 8 
517 5 8 35 8 
145 42 517 5 8 8 
145 42 73 517 5 8 8 
145 42 73 517 5 8 8 
145 42 517 5 199 162 8 200 8 
517 5 8 8 
517 5 8 35 8 
517 5 8 35 8 
145 42 517 5 8 8 
517 5 8 8 
517 5 8 35 8 
517 5 8 35 8 
517 5 8 12 8 
517 5 372 8 8 
517 5 8 120 8 
517 5 8 120 8 
517 5 8 8 
517 5 8 8 
517 5 8 144 8 
517 5 162 8 163 8 
517 5 6 8 8 
517 5 6 8 8 
517 5 8 8 
517 5 8 8 
517 5 8 144 8 
517 5 196 197 6 8 61 8 
517 5 101 8 208 8 
517 5 8 8 
517 5 8 8 
517 5 8 8 
517 5 8 8 
517 5 8 8 
517 5 8 12 8 
145 42 73 517 5 8 8 
145 42 517 5 8 8 
145 42 517 5 8 8 
145 42 517 5 8 8 
517 5 8 8 
517 5 8 35 8 
145 42 517 5 8 8 
145 42 517 5 8 8 
145 42 517 5 8 8 
145 42 517 5 8 8 
1 2 145 42 517 5 8 8 
145 42 517 5 8 8 
145 42 517 5 8 8 
145 42 73 517 5 8 8 
145 42 73 517 5 8 8 
517 5 199 162 8 200 8 
145 42 73 517 5 8 8 
517 5 8 8 
517 5 8 8 
517 5 8 8 
517 5 62 6 63 8 8 
517 5 62 6 63 8 8 
517 5 62 6 63 8 8 
517 5 62 6 63 8 8 
517 5 62 6 63 8 8 
517 5 62 6 63 8 8 
517 5 62 6 63 8 8 
517 5 62 6 63 8 8 
517 5 62 6 63 8 8 
517 5 62 6 63 8 8 
517 5 62 6 63 8 8 
517 5 62 6 63 8 8 
517 5 62 6 63 8 8 
517 5 62 6 63 8 8 
517 5 231 8 8 
517 5 101 8 8 
517 5 8 393 8 
517 5 8 8 
517 5 8 8 
517 5 8 35 8 
517 5 8 35 8 
517 5 8 35 8 
517 5 8 165 8 
517 5 6 8 61 8 
517 5 101 8 8 
517 5 8 8 
517 5 8 397 8 
145 42 517 5 8 8 
145 42 73 517 5 8 8 
145 42 73 517 5 8 8 
517 5 8 35 8 
517 5 8 8 
517 5 101 8 8 
517 5 148 13 8 8 
145 42 73 517 5 8 8 
517 5 101 8 8 
517 5 8 8 
517 5 8 8 
517 5 8 8 
517 5 8 35 8 
517 5 8 8 
517 5 8 8 
517 5 8 8 
517 5 8 8 
145 42 517 5 8 8 
517 5 8 35 8 
517 5 521 6 8 8 
517 5 8 8 
145 42 517 5 8 8 
145 42 517 5 8 8 
517 5 196 197 162 8 8 
517 5 8 8 
517 5 8 393 8 
517 5 8 35 8 
517 5 8 35 8 
517 5 8 8 
517 5 8 8 
517 5 8 8 
517 5 8 35 8 
145 42 517 5 176 162 8 8 
517 5 231 8 8 
517 5 8 8 
517 5 8 8 
145 42 517 5 8 8 
517 5 8 8 
517 5 8 8 
517 5 231 8 8 
517 5 231 8 8 
145 42 73 517 5 8 8 
145 42 517 5 8 8 
517 5 8 35 8 
517 5 8 35 8 
517 5 8 8 
517 5 8 8 
517 5 231 8 8 
517 5 8 8 
517 5 8 35 8 
517 5 101 8 8 
517 5 8 35 8 
517 5 8 8 
517 5 8 8 
517 5 176 162 8 8 
145 42 73 517 5 8 8 
517 5 8 35 8 
517 5 8 35 8 
517 5 8 8 
145 42 517 5 8 8 
517 5 101 8 8 
517 5 372 8 8 
145 42 73 517 5 8 371 8 
517 5 101 8 102 8 
517 5 6 31 8 61 8 
517 5 8 35 8 
145 42 73 517 5 8 8 
517 5 8 8 
517 5 8 8 
517 5 8 35 8 
517 5 8 8 
517 5 8 8 
517 5 8 8 
517 5 8 8 
517 5 8 8 
517 5 8 8 
517 5 8 8 
517 5 8 8 
517 5 8 35 8 
517 5 8 8 
145 42 73 517 5 27 28 169 21 162 170 8 8 
517 5 8 8 
517 5 162 8 8 
517 5 8 8 
517 5 8 8 
517 5 8 8 
145 42 517 5 8 8 
145 42 517 5 8 8 
517 5 8 165 8 
517 5 8 12 8 
145 42 517 5 8 8 
517 5 8 8 
517 5 8 8 
517 5 8 8 
517 5 8 8 
517 5 162 8 163 8 
517 5 196 197 162 8 8 
517 5 196 197 8 35 8 
145 42 517 5 8 8 
145 42 517 5 8 8 
145 42 517 5 8 8 
517 5 6 8 8 
517 5 8 8 
517 5 8 8 
517 5 8 12 8 
517 5 62 6 63 8 8 
517 5 8 120 8 
517 5 8 8 
145 42 517 5 8 8 
145 42 73 517 5 8 8 
517 5 8 8 
145 42 517 5 8 8 
517 5 8 8 
517 5 101 8 8 
517 5 8 8 
517 5 8 8 
517 5 8 8 
517 5 8 8 
517 5 62 6 63 8 8 
517 5 8 8 
517 5 464 8 165 8 
517 5 8 397 8 
517 5 8 8 
517 5 8 8 
517 5 231 8 8 
517 5 8 8 
517 5 8 8 
517 5 8 35 8 
517 5 8 35 8 
517 5 8 8 
145 42 517 5 8 8 
517 5 8 8 
517 5 8 8 
517 5 8 35 8 
517 5 8 35 8 
517 5 8 8 
517 5 8 8 
517 5 8 8 
517 5 8 8 
145 42 73 517 5 8 8 
145 42 73 517 5 8 8 
145 42 517 5 8 8 
145 42 73 517 5 8 8 
145 42 73 517 5 8 8 
145 42 73 517 5 8 8 
517 5 8 8 
145 42 517 5 8 8 
517 5 162 8 163 8 
517 5 8 8 
517 5 162 8 163 8 
145 42 517 5 8 8 
145 42 517 5 8 8 
517 5 8 8 
517 5 8 8 
517 5 231 8 8 
145 42 517 5 189 8 144 8 
517 5 231 8 8 
517 5 8 8 
145 42 73 517 5 8 8 
517 5 231 8 8 
517 5 8 8 
145 42 517 5 8 8 
517 5 8 8 
145 42 73 517 5 8 8 
517 5 8 8 
517 5 8 8 
517 5 459 8 8 
517 5 8 144 8 
517 5 8 8 
517 5 8 35 8 
517 5 8 8 
517 5 8 35 8 
145 42 517 5 8 8 
517 5 231 529 8 8 
517 5 8 8 
517 5 8 8 
517 5 101 8 102 8 
517 5 8 8 
517 5 8 8 
517 5 8 165 8 
517 5 8 8 
517 5 8 8 
517 5 8 8 
145 42 517 5 8 8 
517 5 8 8 
517 5 8 8 
517 5 8 8 
517 5 8 8 
517 5 8 8 
517 5 162 8 8 
517 5 8 8 
517 5 8 35 8 
517 5 8 8 
517 5 8 8 
517 5 232 8 233 8 
145 42 73 517 5 8 8 
517 5 8 165 8 
517 5 8 8 
517 5 8 8 
517 5 8 35 8 
517 5 8 8 
517 5 8 8 
517 5 231 8 8 
517 5 8 8 
517 5 8 12 8 
517 5 231 8 8 
517 5 8 8 
517 5 8 8 
517 5 8 8 
517 5 8 8 
517 5 8 8 
145 42 517 5 8 8 
517 5 162 8 8 
517 5 8 35 8 
517 5 8 35 8 
517 5 62 6 63 8 8 
517 5 231 8 8 
517 5 8 8 
517 5 8 35 8 
517 5 8 8 
517 5 232 8 233 8 
517 5 232 8 233 8 
517 5 8 165 8 
517 5 8 35 8 
517 5 8 8 
517 5 8 8 
517 5 8 35 8 
145 42 517 5 8 8 
517 5 8 8 
517 5 8 35 8 
517 5 8 35 8 
145 42 517 5 8 142 36 8 
517 5 8 36 122 35 8 
517 5 8 8 
517 5 8 8 
517 5 6 8 61 8 
517 5 8 8 
517 5 8 35 8 
517 5 8 35 8 
517 5 8 8 
517 5 8 8 
517 5 8 35 8 
517 5 8 8 
517 5 6 8 8 
517 5 8 144 8 
517 5 8 35 8 
517 5 8 8 
517 5 101 8 8 
517 5 101 8 8 
517 5 8 8 
517 5 231 8 8 
517 5 8 144 8 
517 5 8 8 
145 42 517 5 8 8 
517 5 8 8 
517 5 8 35 8 
517 5 8 8 
517 5 8 35 8 
145 42 517 5 8 8 
145 42 73 517 5 8 8 
517 5 8 8 
517 5 8 8 
145 42 517 5 8 8 
517 5 8 8 
145 42 517 5 8 8 
517 5 467 8 8 
517 5 8 35 8 
145 42 73 517 5 8 8 
145 42 73 517 5 8 8 
517 5 380 8 8 
517 5 8 35 8 
517 5 8 35 8 
517 5 8 35 8 
517 5 8 35 8 
517 5 8 35 8 
517 5 8 35 8 
517 5 231 8 8 
517 5 8 8 
517 5 27 28 6 21 8 8 
517 5 177 112 8 113 8 
517 5 8 397 8 
517 5 8 8 
517 5 8 8 
517 5 8 8 
145 42 73 517 5 8 8 
517 5 8 35 8 
145 42 517 5 8 8 
517 5 8 144 8 
517 5 8 144 8 
517 5 162 8 188 8 
517 5 8 144 8 
517 5 101 8 208 8 
517 5 8 8 
517 5 101 395 8 8 
517 5 8 144 8 
517 5 8 35 8 
517 5 8 8 
145 42 517 5 8 8 
145 42 517 5 8 8 
145 42 517 5 8 8 
517 5 8 35 8 
517 5 232 8 233 8 
517 5 8 35 8 
517 5 171 162 8 172 12 8 
517 5 8 165 8 
517 5 8 144 8 
517 5 8 35 8 
145 42 517 5 143 8 144 8 
517 5 8 8 
145 42 517 5 8 8 
517 5 8 8 
517 5 8 8 
145 42 73 517 5 8 8 
145 42 73 517 5 8 8 
145 42 517 5 8 8 
517 5 8 8 
517 5 8 397 8 
517 5 8 35 8 
517 5 8 35 8 
517 5 8 35 8 
517 5 240 162 25 8 241 462 242 8 
517 5 8 144 8 
145 42 517 5 21 22 8 36 24 130 8 
517 5 8 144 8 
517 5 8 144 8 
517 5 8 8 
517 5 8 144 8 
517 5 8 35 8 
517 5 8 8 
517 5 231 8 8 
517 5 8 144 8 
517 5 8 8 
517 5 8 35 8 
517 5 8 8 
517 5 8 35 8 
145 42 73 517 5 8 8 
145 42 517 5 8 8 
145 42 73 517 5 8 8 
517 5 232 8 233 8 
145 42 73 517 5 8 8 
517 5 8 35 8 
517 5 528 8 8 
517 5 8 8 
517 5 8 8 
145 42 517 5 8 8 
145 42 517 5 8 8 
145 42 517 5 8 8 
1 2 145 42 517 5 8 8 
517 5 8 8 
517 5 8 35 8 
517 5 8 8 
145 42 517 5 8 8 
517 5 6 8 518 8 
517 5 8 8 
517 5 8 8 
175 145 42 517 5 8 8 
145 42 73 517 5 8 8 
517 5 101 8 208 8 
145 42 517 5 8 8 
145 42 73 517 5 8 8 
145 42 73 517 5 8 8 
517 5 101 8 102 8 
517 5 8 8 
517 5 528 8 8 
517 5 101 8 102 8 
517 5 240 162 8 242 8 
145 42 73 517 5 8 8 
145 42 73 517 5 8 8 
145 42 73 517 5 8 8 
517 5 101 8 8 
145 42 517 5 8 8 
517 5 8 35 8 
145 42 517 5 8 8 
517 5 161 8 8 
517 5 8 8 
517 5 8 8 
517 5 231 8 8 
517 5 8 8 
517 5 344 162 8 8 
517 5 231 8 8 
517 5 8 35 8 
517 5 8 8 
517 5 8 8 
145 42 517 5 8 8 
517 5 8 8 
517 5 8 8 
517 5 8 8 
517 5 8 8 
517 5 8 35 8 
145 42 517 5 8 8 
145 42 517 5 8 8 
517 5 8 8 
145 42 73 517 5 8 8 
145 42 517 5 8 8 
517 5 8 8 
517 5 232 8 233 8 
145 42 517 5 8 8 
145 42 73 517 5 8 8 
517 5 8 35 8 
517 5 8 8 
517 5 8 8 
517 5 8 8 
517 5 8 35 8 
517 5 8 8 
517 5 459 8 8 
517 5 459 8 8 
517 5 101 8 8 
517 5 8 8 
145 42 73 517 5 8 8 
517 5 162 8 8 
517 5 8 8 
517 5 8 8 
517 5 6 63 8 35 8 
517 5 6 63 8 35 8 
145 42 73 517 5 8 36 122 8 
145 42 73 517 5 8 36 122 8 
145 42 73 517 5 8 36 122 8 
145 42 73 517 5 8 36 122 8 
145 42 517 5 8 36 122 8 
145 42 73 517 5 8 36 122 8 
145 42 517 5 8 36 122 8 
145 42 73 517 5 8 36 122 8 
517 5 8 8 
145 42 73 517 5 8 8 
517 5 231 8 8 
517 5 8 8 
145 42 73 517 5 8 8 
1 2 145 42 517 5 187 8 165 8 
145 42 73 517 5 8 8 
145 42 73 517 5 8 8 
517 5 8 393 8 
517 5 459 8 8 
517 5 459 8 8 
517 5 459 8 8 
517 5 6 31 8 8 
145 42 517 5 8 8 
517 5 8 8 
517 5 101 8 8 
517 5 8 35 8 
145 42 73 517 5 8 8 
145 42 517 5 8 8 
517 5 8 35 8 
517 5 62 6 63 8 522 8 
517 5 8 8 
517 5 8 8 
517 5 171 101 162 8 172 8 
517 5 8 12 8 
517 5 8 8 
517 5 8 397 8 
517 5 8 8 
517 5 8 8 
517 5 8 165 8 
517 5 8 8 
517 5 231 8 8 
517 5 8 8 
517 5 8 8 
517 5 8 8 
145 42 517 5 8 8 
145 42 517 5 8 8 
517 5 232 8 233 8 
517 5 8 8 
517 5 8 165 8 
517 5 8 8 
517 5 8 8 
517 5 8 8 
517 5 459 8 8 
517 5 8 12 8 
517 5 456 162 8 219 163 8 
517 5 8 8 
517 5 8 35 8 
517 5 231 8 8 
517 5 8 35 8 
517 5 8 144 8 
517 5 8 35 8 
145 42 517 5 8 8 
145 42 517 5 8 8 
145 42 517 5 8 8 
175 145 42 517 5 8 8 
517 5 8 8 
517 5 8 12 8 
517 5 8 8 
517 5 8 8 
517 5 8 8 
517 5 8 8 
517 5 8 8 
517 5 6 8 8 
145 42 517 5 176 162 8 8 
517 5 8 35 8 
517 5 8 8 
145 42 73 517 5 8 35 8 
517 5 8 35 8 
517 5 8 8 
517 5 8 8 
517 5 8 8 
517 5 434 162 8 8 
517 5 8 8 
517 5 8 8 
517 5 8 8 
145 42 517 5 8 8 
145 42 517 5 8 8 
517 5 8 35 8 
517 5 8 8 
517 5 6 23 8 8 
517 5 8 8 
517 5 231 8 8 
517 5 8 8 
517 5 8 35 8 
517 5 8 8 
145 42 517 5 8 36 122 8 
145 42 517 5 8 36 122 8 
517 5 8 8 
517 5 8 8 
517 5 8 35 8 
517 5 8 8 
517 5 8 35 8 
517 5 8 35 8 
517 5 8 8 
517 5 8 8 
517 5 8 8 
517 5 231 8 8 
517 5 231 8 8 
517 5 231 8 8 
145 42 517 5 8 8 
517 5 8 8 
145 42 73 517 5 8 8 
517 5 162 8 163 8 
517 5 8 8 
517 5 8 35 8 
517 5 8 8 
517 5 8 8 
517 5 8 8 
517 5 8 8 
517 5 231 8 8 
517 5 8 8 
517 5 8 8 
517 5 8 8 
517 5 8 8 
517 5 8 35 8 
517 5 8 35 8 
145 42 517 5 8 8 
145 42 517 5 8 8 
517 5 8 8 
517 5 8 35 8 
517 5 8 12 8 
145 42 73 517 5 8 8 
145 42 73 517 5 8 8 
145 42 517 5 8 8 
145 42 517 5 8 8 
145 42 73 517 5 8 8 
517 5 8 8 
145 42 517 5 8 8 
517 5 8 8 
145 42 517 5 8 8 
145 42 517 5 8 8 
517 5 8 8 
517 5 8 8 
517 5 8 8 
517 5 8 8 
145 42 73 517 5 8 8 
145 42 517 5 8 8 
145 42 73 517 5 8 8 
517 5 8 8 
145 42 73 517 5 8 8 
145 42 73 517 5 8 8 
145 42 517 5 8 8 
145 42 73 517 5 8 8 
145 42 517 5 8 8 
145 42 517 5 8 8 
145 42 73 517 5 8 8 
145 42 517 5 8 8 
145 42 517 5 8 8 
145 42 73 517 5 8 8 
145 42 73 517 5 8 8 
145 42 73 517 5 8 8 
145 42 517 5 8 8 
145 42 73 517 5 8 8 
517 5 231 8 8 
517 5 8 8 
517 5 8 8 
517 5 8 35 8 
517 5 8 8 
517 5 8 8 
517 5 8 8 
517 5 8 8 
517 5 8 8 
145 42 517 5 8 8 
517 5 8 8 
517 5 8 8 
145 42 517 5 8 8 
145 42 517 5 8 36 122 8 
517 5 8 8 
145 42 517 5 8 8 
517 5 8 8 
517 5 8 8 
517 5 231 8 8 
517 5 8 8 
517 5 8 8 
517 5 8 8 
517 5 8 35 8 
145 42 73 517 5 8 8 
517 5 8 8 
517 5 8 8 
517 5 8 8 
517 5 8 8 
517 5 8 35 8 
517 5 232 8 233 8 
145 42 73 517 5 8 8 
517 5 8 35 8 
517 5 8 8 
517 5 8 8 
517 5 8 8 
517 5 8 8 
517 5 8 35 8 
517 5 8 35 8 
517 5 8 8 
517 5 8 8 
517 5 459 8 8 
517 5 8 8 
517 5 8 8 
517 5 8 8 
517 5 8 8 
517 5 8 35 8 
517 5 8 35 8 
517 5 8 8 
517 5 8 8 
517 5 8 35 8 
517 5 8 8 
517 5 8 8 
517 5 8 8 
517 5 8 35 8 
517 5 8 8 
517 5 8 35 8 
517 5 162 221 8 8 
145 42 517 5 8 8 
517 5 8 35 8 
517 5 8 8 
517 5 8 165 8 
517 5 231 8 8 
517 5 8 8 
145 42 517 5 8 8 
517 5 8 8 
517 5 8 8 
517 5 8 8 
517 5 8 8 
517 5 8 35 8 
517 5 28 6 21 8 8 
517 5 232 8 233 8 
517 5 8 35 8 
517 5 8 8 
517 5 8 8 
517 5 8 35 8 
517 5 8 35 8 
517 5 8 35 8 
517 5 8 35 8 
517 5 8 8 
517 5 8 8 
517 5 196 197 8 8 
145 42 73 517 5 8 8 
517 5 8 35 8 
145 42 73 517 5 8 8 
517 5 8 35 8 
517 5 8 8 
517 5 8 8 
517 5 8 8 
517 5 8 8 
517 5 8 8 
517 5 8 8 
517 5 8 8 
145 42 73 517 5 8 8 
517 5 8 8 
517 5 8 8 
517 5 8 8 
517 5 8 8 
517 5 8 8 
145 42 517 5 8 8 
517 5 231 8 8 
145 42 517 5 8 8 
145 42 73 517 5 8 8 
517 5 231 8 8 
517 5 231 8 8 
517 5 8 8 
145 42 517 5 8 8 
517 5 8 8 
145 42 517 5 8 8 
517 5 8 8 
517 5 8 8 
517 5 8 35 8 
517 5 8 8 
517 5 8 8 
517 5 8 8 
517 5 8 8 
517 5 8 8 
517 5 8 8 
517 5 231 8 8 
517 5 8 8 
517 5 8 8 
145 42 73 517 5 8 8 
145 42 73 517 5 8 8 
517 5 372 8 8 
517 5 8 8 
145 42 73 517 5 8 8 
1 2 145 42 517 5 8 8 
517 5 8 8 
517 5 231 8 8 
145 42 517 5 8 8 
517 5 372 8 8 
517 5 8 397 8 
517 5 231 8 8 
517 5 8 8 
145 42 517 5 137 101 8 8 
517 5 62 6 63 8 8 
517 5 8 8 
517 5 231 8 8 
517 5 8 8 
145 42 73 517 5 8 8 
145 42 73 517 5 118 8 132 36 8 
1 2 145 42 517 5 8 8 
517 5 8 35 8 
517 5 8 8 
517 5 528 8 8 
517 5 6 8 8 
145 42 517 5 8 8 
517 5 8 35 8 
517 5 8 35 8 
517 5 8 8 
517 5 8 8 
517 5 8 8 
517 5 8 8 
517 5 8 397 8 
517 5 8 35 8 
517 5 8 35 8 
517 5 231 8 8 
517 5 231 8 8 
517 5 8 8 
517 5 8 8 
517 5 8 8 
517 5 8 8 
517 5 8 35 8 
517 5 8 35 8 
517 5 8 8 
517 5 8 8 
517 5 8 8 
517 5 8 35 8 
517 5 459 8 8 
517 5 459 8 8 
517 5 459 8 8 
517 5 8 8 
517 5 8 8 
517 5 8 371 8 
517 5 8 35 8 
517 5 372 8 8 
517 5 231 8 8 
517 5 8 8 
517 5 8 8 
517 5 8 8 
145 42 73 517 5 8 36 122 8 
517 5 8 35 8 
517 5 8 35 8 
517 5 232 8 8 
517 5 232 8 8 
517 5 232 8 8 
517 5 232 8 8 
517 5 232 8 8 
517 5 232 8 8 
517 5 232 8 8 
517 5 232 8 8 
517 5 232 8 8 
517 5 232 8 8 
517 5 232 8 8 
145 42 517 5 8 8 
145 42 517 5 8 8 
517 5 8 35 8 
517 5 8 8 
517 5 8 35 8 
517 5 8 8 
517 5 8 35 8 
517 5 8 35 8 
517 5 8 35 8 
517 5 8 35 8 
517 5 8 8 
517 5 6 8 9 8 
517 5 8 35 8 
517 5 8 8 
517 5 8 8 
517 5 231 8 8 
517 5 8 8 
517 5 8 8 
517 5 8 35 8 
517 5 6 8 8 
145 42 517 5 8 8 
517 5 231 8 8 
517 5 8 144 8 
517 5 101 8 8 
517 5 6 63 8 10 8 
517 5 232 8 233 8 
517 5 8 35 8 
517 5 8 8 
517 5 8 144 8 
517 5 8 8 
517 5 8 12 8 
517 5 6 8 61 8 
517 5 231 8 8 
517 5 8 8 
517 5 8 8 
517 5 231 8 8 
517 5 196 197 8 8 
145 42 517 5 8 8 
145 42 73 517 5 8 8 
145 42 73 517 5 8 8 
145 42 517 5 8 8 
145 42 73 517 5 8 8 
145 42 517 5 8 8 
517 5 8 8 
1 2 145 42 517 5 8 8 
517 5 8 8 
517 5 8 8 
517 5 8 8 
517 5 8 8 
145 42 517 5 8 8 
145 42 517 5 8 8 
517 5 8 35 8 
517 5 101 395 8 8 
517 5 8 8 
517 5 62 6 63 8 8 
517 5 8 8 
517 5 8 8 
517 5 143 8 144 8 
517 5 6 31 8 8 
517 5 6 31 8 8 
517 5 8 8 
145 42 517 5 8 8 
145 42 517 5 8 8 
517 5 8 35 8 
517 5 467 8 8 
517 5 101 395 8 8 
517 5 8 35 8 
517 5 8 8 
517 5 8 8 
517 5 8 144 8 
517 5 8 8 
517 5 8 8 
517 5 101 8 8 
517 5 8 8 
517 5 8 144 8 
517 5 8 8 
517 5 101 8 8 
517 5 8 8 
145 42 517 5 8 8 
517 5 8 35 8 
517 5 8 397 8 
517 5 8 144 8 
517 5 137 101 8 8 
517 5 101 395 8 8 
517 5 232 8 233 8 
517 5 8 8 
145 42 517 5 8 8 
145 42 517 5 8 8 
178 136 145 42 517 5 8 8 
145 42 517 5 8 8 
517 5 8 35 8 
517 5 101 8 208 8 
517 5 8 8 
145 42 73 517 5 8 8 
517 5 62 6 63 8 8 
517 5 62 6 63 8 8 
517 5 62 6 63 8 8 
517 5 62 6 63 8 8 
517 5 8 8 
517 5 8 35 8 
517 5 8 8 
145 42 73 517 5 8 8 
517 5 8 8 
517 5 8 35 8 
517 5 8 8 
517 5 8 8 
517 5 8 8 
517 5 8 8 
517 5 6 8 61 8 
517 5 162 8 163 8 
517 5 101 8 8 
517 5 519 8 8 
145 42 517 5 8 8 
145 42 517 5 8 8 
517 5 176 162 8 8 
517 5 8 8 
517 5 8 35 8 
145 42 517 5 8 8 
517 5 8 8 
517 5 8 8 
517 5 8 8 
517 5 8 8 
517 5 415 162 8 8 
145 42 517 5 8 8 
145 42 73 517 5 8 8 
145 42 73 517 5 8 8 
145 42 517 5 8 8 
517 5 231 8 8 
517 5 8 8 
145 42 73 517 5 8 8 
145 42 517 5 8 8 
145 42 73 517 5 8 8 
145 42 517 5 8 8 
145 42 517 5 8 8 
517 5 8 8 
517 5 171 162 8 416 8 
145 42 73 517 5 8 8 
517 5 8 165 8 
517 5 162 8 163 8 
517 5 8 8 
145 42 517 5 91 379 6 92 8 8 
517 5 143 8 144 8 
145 42 73 517 5 8 8 
517 5 8 35 8 
517 5 8 35 8 
517 5 8 35 8 
517 5 6 8 61 8 
145 42 73 517 5 8 8 
145 42 73 517 5 8 8 
145 42 73 517 5 8 8 
145 42 73 517 5 8 8 
145 42 517 5 8 8 
145 42 517 5 8 8 
145 42 73 517 5 8 8 
145 42 517 5 8 8 
145 42 73 517 5 8 8 
145 42 73 517 5 8 8 
145 42 73 517 5 8 8 
145 42 73 517 5 8 8 
145 42 73 517 5 8 8 
517 5 8 8 
517 5 8 8 
517 5 8 8 
517 5 8 165 8 
517 5 231 8 8 
517 5 8 8 
517 5 459 8 8 
517 5 169 162 170 8 8 
517 5 8 165 8 
517 5 91 6 92 8 8 
517 5 8 35 8 
517 5 8 35 8 
517 5 8 35 8 
145 42 517 5 8 8 
145 42 73 517 5 8 8 
517 5 8 8 
145 42 73 517 5 8 8 
517 5 8 8 
517 5 62 6 63 8 8 
145 42 517 5 8 8 
145 42 517 5 8 8 
145 42 517 5 8 8 
517 5 8 8 
517 5 231 8 8 
517 5 231 8 8 
145 42 517 5 8 8 
145 42 73 517 5 8 8 
145 42 73 517 5 8 8 
145 42 73 517 5 8 8 
145 42 73 517 5 8 8 
517 5 231 8 8 
517 5 8 8 
517 5 231 8 8 
145 42 517 5 8 8 
517 5 8 8 
517 5 8 35 8 
517 5 231 8 8 
517 5 8 35 8 
145 42 517 5 8 8 
145 42 517 5 8 8 
517 5 8 35 8 
517 5 8 35 8 
517 5 8 35 8 
145 42 517 5 8 8 
145 42 517 5 8 8 
145 42 517 5 8 8 
517 5 6 31 8 8 
517 5 6 31 8 8 
517 5 8 8 
517 5 8 8 
145 42 73 517 5 8 8 
517 5 8 8 
517 5 101 8 102 8 
145 42 517 5 8 8 
517 5 8 8 
517 5 8 8 
517 5 8 35 8 
517 5 8 8 
517 5 8 8 
145 42 517 5 8 8 
145 42 517 5 8 8 
517 5 8 8 
145 42 517 5 8 8 
145 42 73 517 5 8 8 
145 42 517 5 176 162 8 8 
145 42 517 5 8 144 8 
517 5 101 8 208 8 
517 5 8 35 8 
517 5 8 35 8 
145 42 517 5 176 162 8 8 
517 5 8 35 8 
145 42 73 517 5 8 12 8 
517 5 8 8 
517 5 8 8 
517 5 8 8 
517 5 8 8 
517 5 459 8 8 
517 5 8 8 
517 5 8 8 
145 42 517 5 8 8 
145 42 517 5 8 8 
517 5 8 120 8 
517 5 8 120 8 
517 5 232 8 8 
145 42 517 5 8 8 
517 5 8 8 
517 5 162 8 163 8 
145 42 517 5 8 36 122 8 
145 42 73 517 5 8 36 122 8 
145 42 517 5 8 36 122 8 
145 42 517 5 8 36 122 8 
517 5 8 165 8 
517 5 8 165 8 
517 5 8 8 
145 42 73 517 5 8 8 
145 42 517 5 8 8 
145 42 73 517 5 8 8 
517 5 8 35 8 
517 5 231 8 8 
517 5 8 35 8 
517 5 8 35 8 
517 5 231 8 8 
517 5 171 162 8 391 8 
145 42 517 5 8 8 
145 42 517 5 8 8 
517 5 8 8 
145 42 517 5 8 8 
145 42 517 5 8 8 
145 42 73 517 5 8 8 
145 42 517 5 8 8 
145 42 517 5 8 8 
517 5 8 8 
53 54 51 145 42 517 5 8 8 
517 5 8 8 
145 42 517 5 8 8 
517 5 8 35 8 
517 5 8 8 
517 5 8 35 8 
517 5 8 8 
517 5 8 8 
517 5 8 8 
517 5 459 8 8 
145 42 73 517 5 8 8 
145 42 517 5 8 8 
145 42 73 517 5 8 8 
145 42 73 517 5 8 8 
517 5 162 8 163 8 
517 5 162 8 163 8 
145 42 73 517 5 8 8 
517 5 8 8 
517 5 8 8 
517 5 8 8 
145 42 73 517 5 8 8 
145 42 73 517 5 8 8 
517 5 8 8 
517 5 8 8 
517 5 8 120 8 
517 5 8 8 
517 5 8 8 
517 5 8 8 
517 5 8 8 
517 5 143 8 144 8 
517 5 6 8 61 8 
517 5 8 8 
517 5 8 8 
145 42 517 5 8 8 
517 5 8 35 8 
517 5 8 8 
517 5 8 8 
517 5 8 8 
1 2 145 42 517 5 199 8 200 8 
517 5 8 8 
517 5 196 197 8 35 8 
517 5 231 8 8 
517 5 8 35 8 
517 5 8 8 
517 5 8 8 
517 5 8 8 
517 5 8 8 
517 5 8 8 
145 42 73 517 5 8 8 
145 42 73 517 5 8 8 
145 42 73 517 5 8 8 
145 42 73 517 5 8 8 
145 42 73 517 5 8 8 
145 42 73 517 5 8 8 
145 42 73 517 5 8 8 
145 42 517 5 8 8 
517 5 8 8 
517 5 176 162 8 8 
517 5 8 8 
145 42 517 5 8 8 
517 5 8 8 
517 5 231 8 8 
517 5 8 8 
517 5 231 8 8 
517 5 8 8 
517 5 8 8 
517 5 8 8 
55 145 56 57 42 517 5 8 8 
145 42 517 5 8 8 
517 5 231 8 8 
517 5 8 8 
517 5 8 8 
517 5 8 35 8 
517 5 8 8 
517 5 137 101 8 8 
517 5 8 35 8 
517 5 8 35 8 
517 5 8 8 
517 5 8 8 
145 42 517 5 8 8 
145 42 517 5 8 8 
517 5 8 8 
517 5 8 8 
517 5 8 8 
145 42 517 5 8 8 
145 42 73 517 5 8 8 
517 5 8 8 
517 5 8 8 
517 5 231 8 8 
517 5 8 35 8 
517 5 8 8 
517 5 8 35 8 
517 5 8 8 
517 5 8 8 
517 5 8 8 
517 5 48 6 426 8 8 
517 5 8 8 
517 5 8 8 
517 5 8 8 
517 5 8 8 
517 5 8 35 8 
517 5 8 8 
517 5 8 8 
517 5 8 8 
517 5 6 8 8 
517 5 519 8 8 
145 42 517 5 8 8 
517 5 8 8 
517 5 8 35 8 
517 5 8 8 
517 5 231 8 8 
517 5 8 8 
517 5 8 8 
517 5 8 35 8 
517 5 8 8 
517 5 8 8 
517 5 8 8 
517 5 8 8 
517 5 8 8 
517 5 8 35 8 
517 5 8 8 
517 5 8 8 
517 5 8 8 
517 5 8 35 8 
517 5 143 8 144 8 
517 5 231 8 8 
517 5 231 8 8 
517 5 21 22 143 8 144 24 8 
145 42 73 517 5 8 8 
145 42 517 5 8 8 
517 5 8 8 
517 5 8 8 
517 5 8 8 
517 5 8 8 
517 5 8 8 
145 42 73 517 5 8 8 
145 42 73 517 5 8 8 
145 42 73 517 5 8 8 
145 42 517 5 8 8 
517 5 8 8 
517 5 8 8 
517 5 8 8 
517 5 8 8 
517 5 8 8 
517 5 8 8 
517 5 8 8 
145 42 73 517 5 8 8 
145 42 73 517 5 8 8 
145 42 73 517 5 8 8 
145 42 517 5 8 8 
145 42 517 5 8 8 
517 5 8 8 
145 42 517 5 8 8 
517 5 8 8 
145 42 517 5 8 8 
517 5 8 8 
517 5 8 8 
517 5 231 8 8 
517 5 8 8 
517 5 8 8 
517 5 8 397 8 
517 5 8 8 
517 5 8 8 
145 42 517 5 8 8 
145 42 73 517 5 8 8 
145 42 73 517 5 8 8 
145 42 517 5 8 8 
145 42 73 517 5 8 8 
517 5 8 397 8 
517 5 8 8 
517 5 8 165 8 
517 5 8 8 
517 5 8 8 
517 5 8 8 
145 42 517 5 8 8 
145 42 517 5 8 8 
145 42 517 5 8 8 
145 42 517 5 8 8 
145 42 517 5 162 8 8 
145 42 73 517 5 162 8 8 
517 5 467 8 8 
517 5 8 8 
517 5 8 35 8 
517 5 8 12 8 
145 42 517 5 8 8 
517 5 8 8 
517 5 8 8 
517 5 8 35 8 
517 5 8 8 
517 5 8 8 
517 5 231 8 8 
517 5 8 397 8 
145 42 517 5 8 8 
145 42 73 517 5 8 8 
145 42 517 5 8 8 
145 42 517 5 8 8 
145 42 73 517 5 8 8 
517 5 8 8 
145 42 517 5 8 8 
145 42 517 5 8 8 
145 42 517 5 8 8 
517 5 8 35 8 
517 5 8 35 8 
517 5 8 8 
517 5 8 8 
517 5 8 8 
517 5 231 8 8 
517 5 8 35 8 
517 5 8 165 8 
145 42 517 5 8 165 8 
1 2 145 42 517 5 8 165 8 
517 5 101 8 8 
145 42 517 5 8 8 
517 5 8 165 8 
517 5 231 8 8 
517 5 231 8 8 
145 42 517 5 162 8 198 8 
517 5 8 35 8 
517 5 8 8 
517 5 8 8 
517 5 8 8 
517 5 372 8 8 
517 5 8 8 
517 5 8 8 
517 5 8 8 
517 5 8 8 
517 5 8 8 
517 5 8 8 
517 5 8 8 
517 5 8 8 
517 5 8 8 
517 5 8 8 
517 5 8 8 
517 5 8 8 
517 5 8 8 
145 42 73 517 5 8 8 
517 5 8 8 
517 5 8 8 
517 5 8 8 
145 42 517 5 8 8 
517 5 8 8 
517 5 8 8 
517 5 8 8 
517 5 8 8 
1 2 145 42 517 5 8 8 
517 5 8 8 
517 5 8 8 
145 42 73 517 5 8 8 
145 42 73 517 5 8 8 
517 5 8 8 
145 42 517 5 8 8 
145 42 73 517 5 8 8 
145 42 73 517 5 8 8 
145 42 73 517 5 8 8 
145 42 73 517 5 8 8 
145 42 517 5 8 8 
145 42 73 517 5 8 8 
1 2 145 42 517 5 8 8 
145 42 517 5 8 8 
145 42 517 5 8 8 
517 5 8 8 
517 5 8 8 
145 42 73 517 5 8 8 
517 5 8 8 
517 5 8 8 
145 42 73 517 5 8 8 
517 5 8 8 
145 42 73 517 5 8 8 
517 5 8 8 
517 5 8 8 
145 42 73 517 5 8 8 
145 42 73 517 5 8 8 
517 5 8 8 
517 5 8 8 
517 5 8 8 
145 42 517 5 8 8 
517 5 8 8 
517 5 8 8 
145 42 517 5 8 8 
517 5 8 8 
145 42 73 517 5 8 8 
517 5 8 8 
517 5 8 8 
517 5 8 8 
517 5 8 8 
145 42 517 5 8 8 
517 5 8 8 
517 5 8 8 
517 5 8 8 
517 5 8 8 
517 5 8 8 
145 42 517 5 8 8 
517 5 8 8 
145 42 517 5 8 8 
145 42 73 517 5 8 8 
145 42 517 5 8 8 
145 42 73 517 5 8 8 
145 42 517 5 8 8 
517 5 8 8 
145 42 517 5 8 8 
517 5 8 8 
517 5 8 8 
145 42 517 5 8 8 
145 42 517 5 8 8 
145 42 517 5 8 8 
145 42 73 517 5 8 8 
145 42 73 517 5 8 8 
517 5 8 8 
145 42 517 5 8 8 
517 5 8 8 
517 5 8 8 
517 5 8 8 
517 5 8 8 
517 5 8 8 
517 5 8 8 
517 5 8 8 
517 5 8 8 
145 42 517 5 8 8 
517 5 8 8 
517 5 8 8 
517 5 8 8 
517 5 8 8 
517 5 8 8 
517 5 8 8 
145 42 73 517 5 8 8 
145 42 517 5 8 8 
517 5 8 8 
145 42 517 5 8 8 
145 42 517 5 8 8 
517 5 8 8 
145 42 517 5 8 8 
145 42 517 5 8 8 
517 5 8 8 
517 5 8 8 
517 5 8 8 
517 5 8 8 
517 5 8 8 
517 5 8 8 
517 5 8 8 
145 42 73 517 5 8 8 
517 5 8 8 
517 5 8 8 
517 5 8 8 
145 42 73 517 5 8 8 
517 5 8 8 
517 5 8 8 
517 5 8 8 
145 42 517 5 8 8 
517 5 8 8 
517 5 8 8 
517 5 8 8 
517 5 8 8 
517 5 8 8 
517 5 6 8 61 8 
517 5 8 8 
517 5 8 8 
517 5 8 8 
517 5 8 8 
517 5 8 8 
517 5 8 8 
145 42 517 5 8 8 
145 42 73 517 5 8 8 
517 5 8 8 
517 5 8 397 8 
145 42 517 5 8 8 
145 42 73 517 5 8 8 
145 42 73 517 5 8 8 
145 42 73 517 5 8 8 
145 42 73 517 5 8 8 
145 42 73 517 5 8 8 
517 5 8 8 
517 5 8 8 
517 5 8 35 8 
517 5 8 8 
517 5 8 8 
517 5 8 8 
517 5 8 8 
517 5 8 8 
517 5 8 8 
145 42 517 5 8 8 
517 5 8 8 
517 5 8 8 
145 42 517 5 8 8 
145 42 517 5 8 8 
517 5 8 8 
145 42 73 517 5 8 8 
517 5 8 8 
517 5 8 8 
517 5 8 8 
517 5 8 8 
517 5 8 8 
517 5 8 8 
145 42 73 517 5 8 8 
145 42 73 517 5 8 8 
145 42 517 5 8 8 
517 5 8 8 
145 42 73 517 5 8 8 
517 5 8 8 
517 5 8 8 
145 42 73 517 5 8 8 
145 42 73 517 5 8 8 
145 42 517 5 8 8 
145 42 73 517 5 8 8 
517 5 8 8 
517 5 8 8 
517 5 8 8 
517 5 8 8 
517 5 8 8 
145 42 517 5 8 8 
145 42 73 517 5 8 8 
145 42 517 5 8 8 
517 5 8 8 
145 42 517 5 8 8 
145 42 517 5 8 8 
517 5 8 8 
145 42 73 517 5 8 8 
517 5 8 8 
517 5 8 8 
517 5 8 8 
517 5 8 8 
517 5 8 8 
145 42 517 5 8 8 
145 42 517 5 8 8 
517 5 8 8 
517 5 8 8 
517 5 8 8 
517 5 8 8 
517 5 8 8 
517 5 8 8 
145 42 517 5 8 8 
145 42 517 5 8 8 
517 5 8 8 
517 5 8 8 
517 5 8 8 
145 42 73 517 5 8 8 
145 42 73 517 5 8 8 
517 5 8 8 
517 5 8 8 
145 42 517 5 8 8 
145 42 517 5 8 8 
145 42 517 5 8 8 
145 42 517 5 8 8 
145 42 517 5 8 8 
145 42 517 5 8 8 
145 42 517 5 8 8 
517 5 8 8 
517 5 8 8 
517 5 8 8 
517 5 8 8 
517 5 8 8 
517 5 8 8 
517 5 8 8 
517 5 8 8 
145 42 517 5 8 8 
517 5 8 8 
517 5 8 8 
517 5 8 8 
145 42 517 5 8 8 
517 5 8 8 
517 5 8 8 
517 5 8 8 
517 5 8 8 
517 5 8 8 
517 5 8 8 
145 42 73 517 5 8 8 
145 42 517 5 8 8 
145 42 517 5 8 8 
145 42 517 5 8 8 
517 5 8 8 
517 5 8 8 
517 5 8 8 
517 5 8 8 
517 5 8 8 
145 42 73 517 5 8 8 
517 5 8 8 
145 42 517 5 8 8 
517 5 8 8 
517 5 8 8 
517 5 8 8 
517 5 8 8 
517 5 8 8 
517 5 8 8 
517 5 8 8 
517 5 8 8 
145 42 517 5 8 8 
517 5 8 8 
517 5 8 8 
517 5 8 8 
517 5 8 8 
517 5 8 8 
517 5 8 8 
517 5 8 8 
517 5 8 8 
517 5 8 8 
517 5 8 8 
517 5 8 8 
517 5 8 8 
517 5 8 8 
517 5 8 8 
517 5 8 8 
517 5 8 8 
517 5 8 8 
517 5 8 8 
517 5 8 8 
517 5 8 8 
517 5 8 8 
517 5 8 8 
517 5 8 8 
145 42 517 5 8 8 
517 5 8 8 
517 5 8 8 
517 5 8 8 
517 5 8 8 
517 5 8 8 
517 5 8 8 
145 42 517 5 8 8 
517 5 8 8 
145 42 517 5 8 8 
517 5 8 8 
145 42 73 517 5 8 8 
145 42 517 5 8 8 
517 5 8 8 
517 5 8 8 
517 5 8 8 
145 42 73 517 5 8 8 
145 42 73 517 5 8 8 
145 42 73 517 5 8 8 
136 145 42 174 517 5 8 8 
517 5 8 8 
517 5 8 8 
517 5 8 8 
517 5 8 8 
145 42 517 5 8 8 
517 5 8 8 
145 42 517 5 8 8 
517 5 8 8 
517 5 8 8 
145 42 517 5 8 8 
517 5 8 8 
145 42 73 517 5 8 8 
145 42 517 5 8 8 
1 2 145 42 517 5 8 8 
1 2 145 42 517 5 8 8 
517 5 8 8 
1 2 145 42 517 5 8 8 
1 2 145 42 517 5 8 8 
1 2 145 42 517 5 8 8 
1 2 145 42 517 5 8 8 
1 2 145 42 517 5 8 8 
517 5 8 8 
517 5 8 8 
517 5 8 8 
145 42 73 517 5 8 8 
517 5 8 8 
517 5 8 8 
145 42 517 5 8 8 
145 42 517 5 8 8 
145 42 73 517 5 8 8 
145 42 73 517 5 8 8 
517 5 8 8 
145 42 73 517 5 8 8 
517 5 8 8 
145 42 517 5 8 8 
517 5 8 8 
517 5 8 8 
517 5 8 8 
517 5 8 8 
517 5 8 8 
517 5 8 8 
517 5 8 8 
145 42 73 517 5 8 8 
517 5 8 8 
517 5 8 8 
517 5 8 8 
517 5 8 8 
145 42 517 5 8 8 
145 42 73 517 5 8 8 
145 42 73 517 5 8 8 
145 42 73 517 5 8 8 
517 5 8 8 
517 5 8 8 
517 5 8 8 
145 42 517 5 8 8 
517 5 8 8 
517 5 8 8 
517 5 8 8 
517 5 8 8 
145 42 517 5 8 8 
517 5 8 8 
145 42 73 517 5 8 8 
517 5 8 8 
517 5 8 8 
517 5 8 8 
517 5 8 8 
517 5 8 8 
517 5 8 8 
145 42 517 5 8 8 
145 42 517 5 8 8 
517 5 8 8 
517 5 8 8 
517 5 8 8 
517 5 8 8 
517 5 8 8 
517 5 8 8 
517 5 8 8 
517 5 8 8 
145 42 73 517 5 8 8 
517 5 8 8 
517 5 8 8 
145 42 73 517 5 8 8 
517 5 8 8 
517 5 8 8 
517 5 8 8 
517 5 8 8 
517 5 8 8 
517 5 8 8 
145 42 517 5 8 8 
517 5 8 8 
517 5 8 8 
517 5 8 8 
145 42 517 5 8 8 
517 5 8 8 
517 5 8 8 
517 5 8 8 
517 5 8 8 
517 5 8 8 
517 5 8 8 
517 5 8 8 
1 2 145 42 517 5 8 8 
517 5 8 8 
517 5 8 8 
517 5 8 8 
517 5 8 8 
517 5 8 8 
517 5 8 8 
517 5 8 8 
517 5 8 8 
517 5 8 8 
145 42 517 5 8 8 
517 5 8 8 
517 5 8 8 
517 5 8 8 
517 5 8 8 
517 5 8 8 
145 42 517 5 8 8 
145 42 73 517 5 8 8 
145 42 73 517 5 8 8 
145 42 73 517 5 8 8 
145 42 73 517 5 8 8 
517 5 8 8 
517 5 8 8 
517 5 8 8 
517 5 8 8 
517 5 8 8 
145 42 517 5 8 8 
145 42 73 517 5 8 8 
1 2 145 42 517 5 8 8 
517 5 8 8 
517 5 8 8 
145 42 517 5 8 8 
145 42 517 5 8 8 
145 42 517 5 8 8 
145 42 517 5 8 8 
145 42 517 5 8 8 
517 5 8 8 
517 5 8 8 
517 5 8 8 
517 5 8 8 
517 5 8 8 
517 5 8 8 
145 42 73 517 5 8 8 
517 5 8 8 
145 42 73 517 5 8 8 
517 5 8 8 
517 5 8 8 
145 42 517 5 8 8 
517 5 8 8 
145 42 73 517 5 8 8 
145 42 73 517 5 8 8 
145 42 73 517 5 8 8 
145 42 73 517 5 8 8 
517 5 8 8 
145 42 73 517 5 8 8 
145 42 73 517 5 8 8 
145 42 73 517 5 8 8 
145 42 73 517 5 8 8 
145 42 517 5 8 8 
517 5 8 8 
145 42 517 5 8 8 
145 42 517 5 8 8 
517 5 8 8 
517 5 8 8 
145 42 73 517 5 8 8 
145 42 517 5 8 8 
145 42 73 517 5 8 8 
517 5 8 8 
517 5 8 8 
517 5 8 8 
517 5 8 8 
145 42 517 5 8 8 
145 42 73 517 5 8 8 
145 42 517 5 8 8 
145 42 517 5 8 8 
145 42 73 517 5 8 8 
145 42 517 5 8 8 
145 42 517 5 8 8 
517 5 8 8 
1 2 145 42 517 5 8 8 
145 42 517 5 8 8 
145 42 517 5 8 8 
145 42 73 517 5 8 8 
517 5 8 8 
517 5 8 8 
145 42 73 517 5 8 8 
517 5 8 8 
517 5 162 8 8 
145 42 73 517 5 8 8 
517 5 8 8 
145 42 517 5 8 8 
145 42 517 5 8 8 
145 42 517 5 8 8 
517 5 8 8 
517 5 8 8 
145 42 517 5 8 8 
145 42 517 5 8 8 
517 5 8 8 
517 5 8 8 
145 42 517 5 8 8 
517 5 8 8 
517 5 8 8 
145 42 517 5 8 8 
517 5 8 8 
517 5 8 8 
517 5 8 8 
517 5 8 8 
517 5 8 8 
517 5 8 8 
517 5 8 8 
145 42 517 5 8 8 
145 42 73 517 5 8 8 
145 42 517 5 8 8 
517 5 8 8 
517 5 8 8 
517 5 8 8 
145 42 517 5 8 8 
517 5 8 8 
517 5 8 8 
517 5 8 8 
517 5 8 8 
517 5 8 8 
517 5 8 8 
517 5 8 8 
517 5 8 8 
517 5 8 8 
517 5 8 8 
517 5 8 8 
517 5 8 8 
145 42 517 5 8 8 
145 42 73 517 5 8 8 
145 42 517 5 8 8 
145 42 73 517 5 8 8 
145 42 73 517 5 8 8 
145 42 73 517 5 8 8 
517 5 8 8 
517 5 8 8 
145 42 73 517 5 8 8 
517 5 8 8 
145 42 73 517 5 8 8 
145 42 73 517 5 8 8 
145 42 517 5 8 8 
517 5 8 8 
517 5 8 8 
145 42 517 5 8 8 
145 42 73 517 5 8 8 
517 5 8 8 
517 5 8 8 
517 5 8 8 
145 42 73 517 5 8 8 
517 5 6 8 8 
517 5 8 8 
517 5 8 8 
145 42 73 517 5 8 8 
145 42 73 517 5 8 8 
517 5 8 8 
517 5 8 8 
517 5 8 8 
517 5 8 8 
145 42 73 517 5 8 8 
517 5 8 8 
517 5 8 8 
517 5 8 8 
517 5 8 8 
145 42 517 5 8 8 
517 5 8 8 
145 42 73 517 5 8 8 
145 42 73 517 5 8 8 
517 5 8 8 
145 42 517 5 8 8 
517 5 8 8 
145 42 517 5 8 8 
517 5 8 8 
145 42 73 517 5 8 8 
145 42 73 517 5 8 8 
517 5 8 8 
517 5 8 8 
145 42 73 517 5 8 8 
517 5 8 8 
517 5 8 8 
517 5 8 8 
517 5 8 8 
517 5 8 8 
517 5 8 8 
517 5 8 8 
517 5 8 8 
517 5 8 8 
145 42 73 517 5 8 8 
517 5 8 8 
517 5 8 8 
517 5 8 8 
517 5 8 8 
517 5 8 8 
517 5 8 8 
517 5 8 8 
517 5 8 8 
517 5 8 8 
517 5 8 8 
145 42 73 517 5 8 8 
517 5 8 8 
517 5 8 8 
517 5 8 8 
517 5 8 8 
517 5 8 8 
517 5 8 8 
517 5 8 8 
517 5 8 8 
517 5 8 8 
517 5 8 8 
517 5 8 8 
517 5 8 8 
517 5 8 8 
517 5 8 8 
517 5 8 8 
517 5 8 8 
145 42 73 517 5 8 8 
145 42 517 5 8 8 
517 5 8 8 
517 5 8 8 
517 5 8 8 
517 5 8 8 
517 5 8 8 
517 5 8 8 
517 5 8 8 
517 5 8 8 
517 5 8 8 
517 5 8 8 
517 5 8 8 
517 5 8 8 
517 5 8 8 
517 5 8 8 
145 42 517 5 8 8 
517 5 8 8 
517 5 8 8 
517 5 8 8 
517 5 8 8 
517 5 8 8 
517 5 8 8 
145 42 73 517 5 8 8 
145 42 517 5 8 8 
145 42 517 5 8 8 
53 54 51 145 42 517 5 8 8 
145 42 517 5 8 8 
517 5 8 8 
517 5 8 8 
145 42 73 517 5 8 8 
145 42 517 5 8 8 
145 42 517 5 8 8 
145 42 517 5 8 8 
145 42 517 5 162 8 8 
145 42 517 5 162 8 8 
145 42 517 5 8 8 
145 42 73 517 5 8 8 
145 42 73 517 5 8 8 
145 42 73 517 5 8 8 
517 5 8 8 
517 5 8 8 
517 5 8 8 
517 5 8 8 
517 5 8 8 
517 5 8 8 
1 15 202 145 42 234 517 5 8 8 
145 42 73 517 5 8 8 
517 5 8 8 
145 42 73 517 5 8 8 
517 5 8 8 
145 42 517 5 8 8 
517 5 8 8 
517 5 8 8 
145 42 73 517 5 8 8 
145 42 73 517 5 8 8 
145 42 73 517 5 8 8 
517 5 8 8 
517 5 8 8 
517 5 8 8 
145 42 73 517 5 8 8 
517 5 8 8 
145 42 517 5 8 8 
145 42 517 5 8 8 
145 42 517 5 8 8 
517 5 8 8 
517 5 8 8 
517 5 8 8 
145 42 73 517 5 8 8 
145 42 73 517 5 8 8 
517 5 8 8 
145 42 517 5 8 8 
517 5 8 8 
517 5 8 8 
145 42 517 5 8 8 
517 5 8 8 
517 5 8 8 
517 5 8 8 
517 5 8 8 
517 5 8 8 
145 42 517 5 8 8 
517 5 8 8 
145 42 517 5 8 8 
145 42 517 5 8 8 
517 5 8 8 
517 5 8 8 
517 5 8 8 
517 5 8 8 
517 5 8 8 
517 5 8 8 
145 42 517 5 8 8 
517 5 8 8 
517 5 8 8 
517 5 8 8 
517 5 8 8 
517 5 8 8 
517 5 8 8 
517 5 8 8 
517 5 8 8 
517 5 8 8 
517 5 8 8 
517 5 8 8 
517 5 8 8 
517 5 8 8 
517 5 8 8 
517 5 8 8 
517 5 8 8 
517 5 8 8 
517 5 8 8 
517 5 8 8 
145 42 73 517 5 8 8 
145 42 517 5 8 8 
145 42 517 5 8 8 
517 5 8 8 
517 5 8 8 
145 42 517 5 8 8 
145 42 73 517 5 8 8 
145 42 517 5 8 8 
145 42 517 5 8 8 
145 42 73 517 5 8 8 
517 5 8 8 
517 5 8 8 
145 42 73 517 5 8 8 
145 42 73 517 5 8 8 
145 42 73 517 5 8 8 
145 42 73 517 5 8 8 
145 42 517 5 8 8 
517 5 8 8 
178 136 145 42 517 5 8 8 
517 5 8 8 
145 42 73 517 5 8 8 
1 2 145 42 517 5 8 8 
1 2 145 42 517 5 8 8 
1 2 145 42 517 5 8 8 
1 2 145 42 517 5 8 8 
517 5 8 8 
145 42 517 5 8 8 
145 42 517 5 8 8 
145 42 517 5 8 8 
517 5 8 8 
145 42 73 517 5 8 8 
517 5 8 8 
145 42 73 517 5 8 8 
145 42 517 5 8 8 
517 5 8 8 
145 42 73 517 5 8 8 
145 42 73 517 5 8 8 
517 5 8 8 
145 42 73 517 5 8 8 
145 42 517 5 8 8 
145 42 517 5 8 8 
517 5 8 8 
517 5 8 8 
517 5 8 8 
517 5 8 8 
517 5 8 8 
145 42 517 5 8 8 
145 42 517 5 8 8 
517 5 8 8 
145 42 73 517 5 8 8 
517 5 8 8 
145 42 73 517 5 8 8 
145 42 517 5 8 8 
145 42 73 517 5 8 8 
145 42 73 517 5 8 8 
145 42 73 517 5 8 8 
145 42 517 5 8 8 
145 42 73 517 5 8 8 
145 42 517 5 8 8 
517 5 8 8 
145 42 517 5 8 8 
145 42 517 5 8 8 
145 42 517 5 8 8 
517 5 8 8 
145 42 517 5 8 8 
145 42 73 517 5 8 8 
145 42 73 517 5 8 8 
145 42 73 517 5 8 8 
517 5 8 8 
517 5 8 8 
145 42 73 517 5 8 8 
145 42 517 5 8 8 
145 42 517 5 8 8 
145 42 517 5 8 8 
517 5 8 8 
517 5 8 8 
517 5 162 8 8 
517 5 8 8 
517 5 8 8 
517 5 8 8 
517 5 8 8 
517 5 8 8 
517 5 8 8 
517 5 8 8 
145 42 73 517 5 8 8 
517 5 8 8 
517 5 8 8 
517 5 8 8 
517 5 8 8 
517 5 8 8 
145 42 517 5 8 8 
145 42 517 5 8 8 
145 42 517 5 8 8 
145 42 73 517 5 8 8 
145 42 517 5 8 8 
145 42 517 5 8 8 
517 5 8 8 
517 5 8 8 
145 42 517 5 8 8 
517 5 8 8 
145 42 517 5 8 8 
517 5 8 8 
517 5 8 8 
145 42 517 5 8 8 
145 42 517 5 8 8 
517 5 8 8 
517 5 8 8 
517 5 8 8 
517 5 8 8 
517 5 8 8 
517 5 8 8 
517 5 8 8 
517 5 8 8 
517 5 8 8 
517 5 8 8 
517 5 8 8 
517 5 8 8 
517 5 8 8 
517 5 8 8 
517 5 8 8 
517 5 8 8 
517 5 8 8 
145 42 73 517 5 8 8 
145 42 517 5 8 8 
145 42 517 5 8 8 
517 5 8 8 
517 5 8 8 
517 5 8 8 
517 5 8 8 
145 42 517 5 8 8 
517 5 8 8 
517 5 8 8 
517 5 8 8 
517 5 8 8 
517 5 8 8 
517 5 8 8 
517 5 8 8 
145 42 73 517 5 8 8 
517 5 8 8 
145 42 73 517 5 8 8 
517 5 8 8 
145 42 517 5 8 8 
517 5 8 8 
145 42 73 517 5 8 8 
145 42 73 517 5 8 8 
517 5 8 8 
517 5 8 8 
145 42 517 5 8 8 
145 42 517 5 8 8 
145 42 517 5 8 8 
145 42 73 517 5 8 8 
145 42 517 5 8 8 
145 42 73 517 5 8 8 
145 42 73 517 5 8 8 
145 42 73 517 5 8 8 
517 5 8 8 
145 42 73 517 5 8 8 
517 5 8 8 
145 42 517 5 8 8 
517 5 8 8 
517 5 8 8 
517 5 8 8 
145 42 73 517 5 8 8 
517 5 8 8 
517 5 8 8 
145 42 73 517 5 8 8 
145 42 73 517 5 8 8 
517 5 8 8 
145 42 517 5 8 8 
145 42 517 5 8 8 
145 42 73 517 5 8 8 
517 5 8 8 
145 42 73 517 5 8 8 
517 5 8 8 
517 5 8 8 
517 5 8 8 
145 42 517 5 8 8 
517 5 8 8 
517 5 8 8 
145 42 73 517 5 8 8 
517 5 8 8 
145 42 517 5 8 8 
517 5 8 8 
517 5 8 8 
145 42 517 5 8 8 
145 42 517 5 8 8 
145 42 517 5 8 8 
145 42 517 5 8 8 
517 5 8 8 
517 5 8 8 
517 5 8 8 
145 42 73 517 5 8 8 
517 5 8 8 
517 5 8 8 
517 5 8 8 
517 5 8 8 
145 42 517 5 8 8 
145 42 517 5 8 8 
145 42 517 5 8 8 
145 42 73 517 5 8 8 
145 42 517 5 8 8 
517 5 8 8 
145 42 73 517 5 8 8 
145 42 517 5 8 8 
517 5 8 8 
517 5 8 8 
145 42 517 5 8 8 
517 5 8 8 
517 5 8 8 
145 42 517 5 8 8 
517 5 8 8 
145 42 517 5 8 8 
145 42 517 5 8 8 
145 42 517 5 8 8 
145 42 517 5 8 8 
145 42 517 5 8 8 
145 42 517 5 8 8 
145 42 517 5 8 8 
145 42 517 5 8 8 
517 5 8 8 
145 42 517 5 8 8 
517 5 8 8 
517 5 8 8 
517 5 8 8 
517 5 8 8 
517 5 8 8 
517 5 8 8 
517 5 8 8 
517 5 8 8 
517 5 8 8 
517 5 8 8 
517 5 8 8 
145 42 517 5 8 8 
145 42 517 5 8 8 
517 5 8 8 
517 5 8 8 
145 42 517 5 8 8 
517 5 8 8 
517 5 8 8 
517 5 8 8 
517 5 8 8 
517 5 8 8 
145 42 73 517 5 8 8 
145 42 73 517 5 8 8 
517 5 8 8 
517 5 8 8 
517 5 8 8 
517 5 8 8 
145 42 517 5 8 8 
517 5 8 8 
517 5 8 8 
517 5 8 8 
517 5 8 8 
517 5 8 8 
517 5 8 8 
517 5 8 8 
517 5 8 8 
517 5 8 8 
145 42 73 517 5 8 8 
517 5 8 8 
145 42 73 517 5 8 8 
517 5 8 8 
517 5 8 8 
517 5 8 8 
517 5 8 8 
145 42 517 5 8 8 
517 5 8 8 
145 42 517 5 8 8 
517 5 8 8 
517 5 8 8 
145 42 517 5 8 8 
517 5 8 8 
517 5 8 8 
517 5 8 8 
145 42 517 5 8 8 
517 5 8 8 
517 5 8 8 
517 5 8 8 
517 5 8 8 
517 5 8 8 
517 5 8 8 
517 5 8 8 
517 5 8 8 
517 5 8 8 
517 5 8 8 
517 5 8 8 
145 42 73 517 5 8 8 
145 42 517 5 8 8 
145 42 517 5 8 8 
145 42 73 517 5 8 8 
517 5 8 8 
517 5 8 8 
517 5 8 8 
145 42 73 517 5 8 8 
145 42 517 5 8 8 
145 42 517 5 8 8 
145 42 73 517 5 8 8 
145 42 73 517 5 8 8 
145 42 517 5 8 8 
145 42 517 5 8 8 
145 42 517 5 8 8 
145 42 73 517 5 8 8 
145 42 73 517 5 8 8 
517 5 8 8 
517 5 8 8 
517 5 8 8 
517 5 8 8 
517 5 8 8 
517 5 8 8 
517 5 8 8 
517 5 8 8 
517 5 8 8 
145 42 517 5 8 8 
517 5 8 8 
145 42 517 5 8 8 
145 42 73 517 5 8 8 
517 5 8 8 
517 5 8 8 
517 5 8 8 
517 5 8 8 
517 5 8 8 
1 2 145 42 517 5 8 8 
1 2 145 42 517 5 8 8 
145 42 73 517 5 8 8 
517 5 8 8 
145 42 517 5 8 8 
145 42 517 5 8 8 
145 42 73 517 5 8 8 
517 5 8 8 
145 42 517 5 8 8 
145 42 517 5 8 8 
517 5 8 8 
145 42 517 5 8 8 
517 5 8 8 
517 5 8 8 
145 42 517 5 8 8 
517 5 8 8 
517 5 8 8 
145 42 73 517 5 8 8 
145 42 517 5 8 8 
145 42 517 5 8 8 
145 42 517 5 8 8 
517 5 8 8 
517 5 8 8 
517 5 8 8 
517 5 8 8 
145 42 517 5 8 8 
517 5 8 8 
517 5 8 8 
145 42 517 5 8 8 
517 5 8 8 
145 42 517 5 8 8 
517 5 8 8 
517 5 8 8 
517 5 8 8 
517 5 8 8 
1 2 145 42 517 5 8 8 
517 5 8 8 
145 42 517 5 8 8 
145 42 73 517 5 8 8 
517 5 8 8 
517 5 8 8 
517 5 8 8 
145 42 517 5 8 8 
145 42 517 5 8 8 
517 5 8 8 
517 5 8 8 
517 5 8 8 
517 5 8 8 
517 5 8 8 
517 5 8 8 
517 5 8 8 
517 5 8 8 
517 5 8 8 
145 42 517 5 8 8 
517 5 8 8 
517 5 8 8 
517 5 8 8 
517 5 8 8 
517 5 8 8 
517 5 8 8 
517 5 8 8 
517 5 8 8 
145 42 517 5 8 8 
517 5 8 8 
517 5 8 8 
145 42 517 5 8 8 
517 5 8 8 
517 5 8 8 
517 5 8 8 
517 5 8 8 
517 5 8 8 
517 5 8 8 
517 5 8 8 
145 42 517 5 8 8 
145 42 517 5 8 8 
145 42 517 5 8 8 
517 5 8 8 
517 5 8 8 
517 5 8 8 
517 5 8 8 
517 5 8 8 
517 5 8 8 
145 42 517 5 8 8 
517 5 8 8 
517 5 8 8 
517 5 8 8 
517 5 8 8 
517 5 8 8 
517 5 8 8 
517 5 8 8 
517 5 8 8 
517 5 8 8 
517 5 8 8 
517 5 8 8 
517 5 8 8 
517 5 8 8 
517 5 8 8 
517 5 8 8 
145 42 517 5 8 8 
145 42 517 5 8 8 
145 42 517 5 8 8 
517 5 8 8 
517 5 8 8 
517 5 8 8 