314 51 257 313 78 21 22 68 24 24 
51 257 313 78 133 21 22 68 24 24 
51 257 313 78 133 21 22 68 24 24 
51 257 313 78 133 21 22 68 24 24 
51 257 313 78 133 21 22 68 24 24 
51 257 313 78 133 21 22 68 24 24 
51 257 313 78 133 21 22 68 24 24 
451 51 257 313 78 133 21 22 68 24 24 
51 257 313 78 133 21 22 68 24 24 
51 257 313 78 133 21 22 68 24 24 
51 257 313 78 133 21 22 68 24 24 
51 257 313 78 133 21 22 68 24 24 
51 257 313 78 133 21 22 68 24 24 
51 257 313 78 133 21 22 68 24 24 
451 51 257 313 78 133 21 22 68 24 24 
51 257 313 78 133 21 22 68 24 24 
51 257 313 78 133 21 22 68 24 24 
51 257 313 78 133 21 22 68 24 24 
51 257 313 78 133 21 22 68 24 24 
51 257 313 78 133 21 22 68 24 24 
51 257 313 78 133 21 22 68 24 24 
51 257 313 78 133 21 22 68 24 24 
51 257 313 78 133 21 22 68 24 24 
97 1 51 257 19 2 98 313 78 133 21 22 68 24 24 
51 257 313 78 133 21 22 68 24 24 
51 257 313 78 133 21 22 68 24 24 
51 257 313 78 133 21 22 68 24 24 
51 257 313 78 133 21 22 68 24 24 
51 257 313 78 133 21 22 68 24 24 
51 257 313 78 133 21 22 68 24 24 
51 257 313 78 133 21 22 68 24 24 
51 257 313 78 133 21 22 68 24 24 
51 257 313 78 133 21 22 68 24 24 
51 257 313 78 133 21 22 68 24 24 
51 257 313 78 133 21 22 68 24 24 
451 51 257 313 78 133 21 22 68 24 24 
51 257 313 78 133 21 22 68 24 24 
51 257 313 78 27 28 21 24 24 
51 257 313 78 21 24 24 
51 257 313 78 21 22 24 24 
451 51 257 313 78 21 22 24 24 
51 257 313 78 21 22 24 24 
451 51 257 313 78 21 22 24 24 
314 51 257 313 78 21 22 24 24 
51 257 313 78 21 22 24 24 
451 51 257 313 78 21 22 24 24 
451 51 257 313 78 21 22 24 24 
51 257 313 78 21 22 24 24 
451 51 257 313 78 21 22 24 24 
51 257 313 78 21 22 24 24 
51 257 313 78 21 22 24 24 
51 257 313 78 21 22 24 24 
51 257 313 78 21 22 24 24 
451 51 257 313 78 21 22 24 24 
451 51 257 313 78 21 22 24 24 
451 51 257 313 78 21 22 24 24 
451 51 257 313 78 21 22 24 24 
451 51 257 313 78 21 22 24 24 
451 51 257 313 78 21 22 24 24 
451 51 257 313 78 21 22 24 24 
51 257 313 78 21 22 24 24 
451 51 257 313 78 21 22 24 24 
451 51 257 313 78 21 22 24 24 
451 51 257 313 78 21 22 24 24 
51 257 313 78 21 22 24 24 
451 51 257 313 78 21 22 24 24 
451 51 257 313 78 21 22 24 24 
451 51 257 313 78 21 22 24 24 
451 51 257 313 78 21 22 24 24 
51 257 313 78 21 22 24 24 
51 257 313 78 21 22 24 24 
51 257 313 78 21 22 24 24 
451 51 257 313 78 21 22 24 24 
451 51 257 313 78 21 22 24 24 
451 51 257 313 78 21 22 24 24 
51 257 313 78 21 22 24 24 
51 257 313 78 21 22 24 24 
451 51 257 313 78 21 22 24 24 
451 51 257 313 78 21 22 24 24 
451 51 257 313 78 21 22 24 24 
451 51 257 313 78 21 22 24 24 
51 257 313 78 21 22 24 24 
451 51 257 313 78 21 22 24 24 
451 51 257 313 78 21 22 24 24 
451 51 257 313 78 21 22 24 24 
51 257 313 78 21 22 24 24 
451 51 257 313 78 21 22 24 24 
451 51 257 313 78 21 22 24 24 
451 51 257 313 78 21 22 24 24 
451 51 257 313 78 21 22 24 24 
451 51 257 313 78 21 22 24 24 
451 51 257 313 78 21 22 24 24 
451 51 257 313 78 21 22 24 24 
451 51 257 313 78 21 22 24 24 
451 51 257 313 78 21 22 24 24 
51 257 313 78 21 22 24 24 
51 257 313 78 21 22 24 24 
51 257 313 78 21 22 24 24 
51 257 313 78 21 22 24 24 
51 257 313 78 21 22 24 24 
51 257 313 78 21 22 24 24 
51 257 313 78 21 22 24 24 
451 51 257 313 78 21 22 24 24 
451 51 257 313 78 21 22 24 24 
51 257 313 78 21 22 24 24 
51 257 313 78 21 22 24 24 
51 257 313 78 21 22 24 24 
51 257 313 78 21 22 24 24 
51 257 313 78 21 22 24 24 
451 51 257 313 78 21 22 24 24 
51 257 313 78 21 22 24 24 
51 257 313 78 21 22 24 24 
451 51 257 313 78 21 22 24 24 
451 51 257 313 78 21 22 24 24 
451 51 257 313 78 21 22 24 24 
51 257 313 78 21 22 24 24 
51 257 313 78 21 22 24 24 
51 257 313 78 21 22 24 24 
451 51 257 313 78 21 22 24 24 
451 51 257 313 78 21 22 24 24 
451 51 257 313 78 21 22 24 24 
451 51 257 313 78 21 22 24 24 
51 257 313 78 21 22 24 24 
451 51 257 313 78 21 22 24 24 
51 257 313 78 21 22 24 24 
451 51 257 313 78 21 22 24 24 
51 257 313 78 21 22 24 24 
451 51 257 313 78 21 22 24 24 
51 257 349 313 78 363 21 22 24 24 
51 257 313 78 21 22 24 24 
451 51 257 313 78 21 22 24 24 
451 51 257 313 78 21 22 24 24 
451 51 257 313 78 21 22 24 24 
451 51 257 313 78 21 22 24 24 
451 51 257 313 78 21 22 24 24 
451 51 257 313 78 21 22 24 24 
451 51 257 313 78 21 22 24 24 
1 51 257 2 313 78 21 22 24 24 
451 51 257 313 78 21 22 24 24 
451 51 257 313 78 21 22 24 24 
51 257 313 78 21 22 24 24 
451 51 257 313 78 21 22 24 24 
451 51 257 313 78 21 22 24 24 
451 51 257 313 78 21 22 24 24 
51 257 313 78 21 22 24 24 
451 51 257 313 78 21 22 24 24 
451 51 257 313 78 21 22 24 24 
451 51 257 313 78 21 22 24 24 
51 257 313 78 21 22 24 24 
51 257 313 78 21 22 24 24 
51 257 313 78 133 21 22 68 24 24 
51 257 313 78 133 21 22 68 24 24 
451 51 257 313 78 133 21 22 68 24 24 
51 257 313 78 133 21 22 68 24 24 
51 257 313 78 133 21 22 68 24 24 
51 257 313 78 133 21 22 68 24 24 
51 257 313 78 133 21 22 68 24 24 
51 257 313 78 133 21 22 68 24 24 
51 257 313 78 133 21 22 68 24 24 
451 51 257 313 78 133 21 22 68 24 24 
451 51 257 313 78 133 21 22 68 24 24 
51 257 313 78 133 21 22 68 24 24 
51 257 313 78 133 21 22 68 24 24 
51 257 313 78 133 21 22 68 24 24 
51 257 313 78 133 21 22 68 24 24 
451 51 257 313 78 133 21 22 68 24 24 
51 257 313 78 133 21 22 68 24 24 
51 257 313 78 133 21 22 68 24 24 
451 51 257 313 78 133 21 22 68 24 24 
451 51 257 313 78 133 21 22 68 24 24 
451 51 257 313 78 133 21 22 68 24 24 
51 257 313 78 133 21 22 68 24 24 
451 51 257 313 78 133 21 22 68 24 24 
51 257 313 78 133 21 22 68 24 24 
451 51 257 313 78 133 21 22 68 24 24 
51 257 313 78 133 21 22 68 24 24 
451 51 257 313 78 133 21 22 68 24 24 
51 257 313 78 133 21 22 68 24 24 
51 257 313 78 133 21 22 68 24 24 
51 257 313 78 133 21 22 68 24 24 
51 257 313 78 133 21 22 68 24 24 
51 257 313 78 133 21 22 68 24 24 
51 257 313 78 133 21 22 68 24 24 
51 257 313 78 133 21 22 68 24 24 
451 51 257 313 78 133 21 22 68 24 24 
51 257 313 78 133 21 22 68 24 24 
51 257 313 78 133 21 22 68 24 24 
451 51 257 313 78 133 21 22 68 24 24 
51 257 313 78 133 21 22 68 24 24 
51 257 313 78 21 22 68 24 24 
451 51 257 313 78 21 22 68 24 24 
51 257 313 78 21 22 68 24 24 
51 257 313 78 21 22 68 24 24 
51 257 313 78 21 22 68 24 24 
51 257 313 78 21 22 68 24 24 
451 51 257 313 78 21 22 68 24 24 
51 257 313 78 21 22 68 24 24 
451 51 257 313 78 21 22 68 24 24 
451 51 257 313 78 21 22 68 24 24 
51 257 313 78 21 22 68 24 24 
451 51 257 313 78 21 22 68 24 24 
451 51 257 313 78 21 22 68 24 24 
451 51 257 313 78 21 22 68 24 24 
51 257 313 78 21 22 68 24 24 
451 51 257 313 78 21 22 68 24 24 
451 51 257 313 78 21 22 68 24 24 
451 51 257 313 78 21 22 68 24 24 
451 51 257 313 78 21 22 68 24 24 
51 257 313 78 21 22 68 24 24 
451 51 257 313 78 21 22 68 24 24 
451 51 257 313 78 21 22 68 24 24 
451 51 257 313 78 21 22 68 24 24 
451 51 257 313 78 21 22 68 24 24 
451 51 257 313 78 21 22 68 24 24 
51 257 313 78 21 22 68 24 24 
451 51 257 313 78 21 22 68 24 24 
451 51 257 313 78 21 22 68 24 24 
451 51 257 313 78 21 22 68 24 24 
451 51 257 313 78 21 22 68 24 24 
51 257 313 78 21 22 68 24 24 
51 257 313 78 21 22 68 24 24 
451 51 257 313 78 21 22 68 24 24 
51 257 313 78 21 22 68 24 24 
51 257 313 78 21 22 68 24 24 
51 257 313 78 21 22 68 24 24 
51 257 313 78 21 22 68 24 24 
51 257 313 78 21 22 68 24 24 
51 257 313 78 21 22 68 24 24 
451 51 257 313 78 21 22 68 24 24 
451 51 257 313 78 21 22 68 24 24 
51 257 313 78 21 22 68 24 24 
451 51 257 313 78 21 22 68 24 24 
451 51 257 313 78 21 22 68 24 24 
451 51 257 313 78 21 22 68 24 24 
51 257 313 78 21 22 68 24 24 
451 51 257 313 78 21 22 68 24 24 
451 51 257 313 78 21 22 68 24 24 
451 51 257 313 78 21 22 68 24 24 
451 51 257 313 78 21 22 68 24 24 
451 51 257 313 78 21 22 68 24 24 
51 257 313 78 21 22 68 24 24 
451 51 257 313 78 21 22 68 24 24 
451 51 257 313 78 21 22 68 24 24 
451 51 257 313 78 21 22 68 24 24 
451 51 257 313 78 21 22 68 24 24 
51 257 313 78 21 22 68 24 24 
51 257 313 78 21 22 68 24 24 
51 257 313 78 21 22 68 24 24 
51 257 313 78 21 22 68 24 24 
51 257 313 78 21 22 68 24 24 
51 257 313 78 21 22 68 24 24 
51 257 313 78 21 22 68 24 24 
51 257 313 78 21 22 68 24 24 
51 257 313 78 21 22 68 24 24 
51 257 313 78 21 22 68 24 24 
51 257 313 78 21 22 68 24 24 
451 51 257 313 78 81 21 22 82 24 24 
451 51 257 313 78 81 21 22 82 24 24 
451 51 257 313 78 81 21 22 82 24 24 
451 51 257 313 78 81 21 22 82 24 24 
51 257 313 78 81 21 22 82 24 24 
314 51 257 313 78 81 21 22 82 24 24 
51 257 313 78 81 21 22 82 24 24 
451 51 257 313 78 81 21 22 82 24 24 
54 51 257 313 441 78 192 81 21 22 82 24 24 
51 257 313 78 81 21 22 82 24 24 
451 51 257 313 78 81 21 22 82 24 24 
51 257 313 78 81 21 22 82 24 24 
451 51 257 313 78 81 21 22 82 24 24 
451 51 257 313 78 81 21 22 82 24 24 
51 257 313 78 81 21 22 82 24 24 
451 51 257 313 78 81 21 22 82 24 24 
451 51 257 313 78 81 21 22 82 24 24 
451 51 257 313 78 81 21 22 82 24 24 
51 257 313 78 81 21 22 82 24 24 
451 51 257 313 78 81 21 22 82 24 24 
51 257 313 78 81 21 22 82 24 24 
451 51 257 313 78 81 21 22 82 24 24 
51 257 313 78 81 21 22 82 24 24 
451 51 257 313 78 81 21 22 82 24 24 
451 51 257 313 78 81 21 22 82 24 24 
51 257 313 78 81 21 22 82 24 24 
51 257 313 78 81 21 22 82 24 24 
451 51 257 313 78 81 21 22 82 24 24 
451 51 257 313 78 81 21 22 82 24 24 
51 257 313 78 81 21 22 82 24 24 
451 51 257 313 78 81 21 22 82 24 24 
451 51 257 313 78 81 21 22 82 24 24 
451 51 257 313 78 81 21 22 82 24 24 
51 257 313 78 81 21 22 82 24 24 
51 257 313 78 81 21 22 82 24 24 
51 257 313 78 81 21 22 82 24 24 
451 51 257 313 78 81 21 22 82 24 24 
451 51 257 313 78 81 21 22 82 24 24 
51 257 313 78 81 21 22 82 24 24 
451 51 257 313 78 81 21 22 82 24 24 
451 51 257 313 78 81 21 22 82 24 24 
51 257 313 78 81 21 22 82 24 24 
451 51 257 313 78 81 21 22 82 24 24 
451 51 257 313 78 81 21 22 82 24 24 
451 51 257 313 78 81 21 22 82 24 24 
451 51 257 313 78 81 21 22 82 24 24 
451 51 257 313 78 81 21 22 82 24 24 
451 51 257 313 78 81 21 22 82 24 24 
51 257 313 78 81 21 22 82 24 24 
451 51 257 313 78 81 21 22 82 24 24 
451 51 257 313 78 81 21 22 82 24 24 
451 51 257 313 78 81 21 22 82 24 24 
51 257 313 78 81 21 22 82 24 24 
51 257 313 78 81 21 22 82 24 24 
451 51 257 313 78 81 21 22 82 24 24 
451 51 257 313 78 81 21 22 82 24 24 
451 51 257 313 78 81 21 22 82 24 24 
451 51 257 313 78 81 21 22 82 24 24 
451 51 257 313 78 81 21 22 82 24 24 
451 51 257 313 78 81 21 22 82 24 24 
51 257 313 78 81 21 22 82 24 24 
451 51 257 313 78 81 21 22 82 24 24 
451 51 257 313 78 81 21 22 82 24 24 
51 257 313 78 81 21 22 82 24 24 
51 257 313 78 81 21 22 82 24 24 
451 51 257 313 78 81 21 22 82 24 24 
451 51 257 313 78 81 21 22 82 24 24 
51 257 313 78 81 21 22 82 24 24 
51 257 313 78 81 21 22 82 24 24 
451 51 257 313 78 81 21 22 82 24 24 
451 51 257 313 78 81 21 22 82 24 24 
451 51 257 313 78 81 21 22 82 24 24 
451 51 257 313 78 81 21 22 82 24 24 
451 51 257 313 78 81 21 22 82 24 24 
451 51 257 313 78 81 21 22 82 24 24 
451 51 257 313 78 81 21 22 82 24 24 
451 51 257 313 78 81 21 22 82 24 24 
451 51 257 313 78 81 21 22 82 24 24 
451 51 257 313 78 81 21 22 82 24 24 
451 51 257 313 78 81 21 22 82 24 24 
451 51 257 313 78 81 21 22 82 24 24 
51 257 313 78 81 21 22 82 24 24 
451 51 257 313 78 81 21 22 82 24 24 
51 257 313 78 81 21 22 82 24 24 
51 257 313 78 81 21 22 82 24 24 
51 257 313 78 81 21 22 82 24 24 
451 51 257 313 78 81 21 22 82 24 24 
451 51 257 313 78 81 21 22 82 24 24 
51 257 313 78 81 21 22 82 24 24 
451 51 257 313 78 81 21 22 82 24 24 
51 257 313 78 81 21 22 82 24 24 
451 51 257 313 78 81 21 22 82 24 24 
51 257 313 78 81 21 22 82 24 24 
51 257 313 78 81 21 22 82 24 24 
51 257 313 78 81 21 22 82 24 24 
51 257 313 78 81 21 22 82 24 24 
51 257 313 78 81 21 22 82 24 24 
51 257 313 78 81 21 22 82 24 24 
451 51 257 313 78 81 21 22 82 24 24 
451 51 257 313 78 81 21 22 82 24 24 
51 257 313 78 81 21 22 82 24 24 
451 51 257 313 78 81 21 22 82 24 24 
451 51 257 313 78 81 21 22 82 24 24 
451 51 257 313 78 81 21 22 82 24 24 
451 51 257 313 78 81 21 22 82 24 24 
451 51 257 313 78 81 21 22 82 24 24 
51 257 313 78 81 21 22 82 24 24 
451 51 257 313 78 81 21 22 82 24 24 
51 257 313 78 81 21 22 82 24 24 
51 257 313 78 81 21 22 82 24 24 
451 51 257 313 78 81 21 22 82 24 24 
51 257 313 78 81 21 22 82 24 24 
51 257 313 78 81 21 22 82 24 24 
51 257 313 78 81 21 22 82 24 24 
51 257 313 78 81 21 22 82 24 24 
51 257 313 78 81 21 22 82 24 24 
451 51 257 313 78 81 21 22 82 24 24 
51 257 313 78 81 21 22 82 24 24 
51 257 313 78 81 21 22 82 24 24 
451 51 257 313 78 81 21 22 82 24 24 
451 51 257 313 78 81 21 22 82 24 24 
51 257 313 78 81 21 22 82 24 24 
451 51 257 313 78 81 21 22 82 24 24 
451 51 257 313 78 81 21 22 82 24 24 
51 257 313 78 81 21 22 82 24 24 
51 257 313 78 81 21 22 82 24 24 
451 51 257 313 78 81 21 22 82 24 24 
51 257 313 78 81 21 22 82 24 24 
451 51 257 313 78 81 21 22 82 24 24 
451 51 257 313 78 81 21 22 82 24 24 
451 51 257 313 78 81 21 22 82 24 24 
451 51 257 313 78 81 21 22 82 24 24 
51 257 313 78 81 21 22 82 24 24 
451 51 257 313 78 81 21 22 82 24 24 
51 257 313 78 81 21 22 82 24 24 
51 257 313 78 81 21 22 82 24 24 
451 51 257 313 78 81 21 22 82 24 24 
51 257 313 78 81 21 22 82 24 24 
451 51 257 313 78 81 21 22 82 24 24 
51 257 313 78 81 21 22 82 24 24 
451 51 257 313 78 81 21 22 82 24 24 
451 51 257 313 78 81 21 22 82 24 24 
451 51 257 313 78 81 21 22 82 24 24 
451 51 257 313 78 81 21 22 82 24 24 
51 257 313 78 81 21 22 82 24 24 
51 257 313 78 81 21 22 82 24 24 
51 257 313 78 81 21 22 82 24 24 
51 257 313 78 81 21 22 82 24 24 
51 257 313 78 81 21 22 82 24 24 
451 51 257 313 78 81 21 22 82 24 24 
53 54 51 257 313 78 81 21 22 82 24 24 
451 51 257 313 78 81 21 22 82 24 24 
51 257 313 78 81 21 22 82 24 24 
51 257 313 78 81 21 22 82 24 24 
451 51 257 313 78 81 21 22 82 24 24 
51 257 313 78 81 21 22 82 24 24 
51 257 313 78 81 21 22 82 24 24 
51 257 313 78 81 21 22 82 24 24 
451 51 257 313 78 81 21 22 82 24 24 
51 257 313 78 81 21 22 82 24 24 
451 51 257 313 78 81 21 22 82 24 24 
451 51 257 313 78 81 21 22 82 24 24 
51 257 313 78 81 21 22 82 24 24 
51 257 313 78 81 21 22 82 24 24 
51 257 313 78 81 21 22 82 24 24 
54 51 257 313 441 78 192 81 21 22 82 24 24 
451 51 257 313 78 81 21 22 82 24 24 
451 51 257 313 78 81 21 22 82 24 24 
451 51 257 313 78 81 21 22 82 24 24 
451 51 257 313 78 81 21 22 82 24 24 
51 257 313 78 81 21 22 82 24 24 
51 257 313 78 81 21 22 82 24 24 
451 51 257 313 78 81 21 22 82 24 24 
451 51 257 313 78 81 21 22 82 24 24 
451 51 257 313 78 81 21 22 82 24 24 
451 51 257 313 78 81 21 22 82 24 24 
51 257 313 78 81 21 22 82 24 24 
51 257 313 78 81 21 22 82 24 24 
451 51 257 313 78 81 21 22 82 24 24 
51 257 313 78 5 6 21 22 24 24 
451 51 257 313 78 5 6 21 22 24 24 
451 51 257 313 78 5 6 21 22 24 24 
51 257 313 78 5 6 21 22 24 24 
51 257 313 78 5 6 21 22 24 24 
51 257 313 78 5 6 21 22 24 24 
451 51 257 313 78 5 6 21 22 24 24 
451 51 257 313 78 5 6 21 22 24 24 
451 51 257 313 78 5 6 21 22 24 24 
451 51 257 313 78 5 6 21 22 24 24 
451 51 257 313 78 5 6 21 22 24 24 
451 51 257 313 78 5 6 21 22 24 24 
451 51 257 313 78 5 6 21 22 24 24 
51 257 313 78 5 6 21 22 24 24 
451 51 257 313 78 5 6 21 22 24 24 
451 51 257 313 78 5 6 21 22 24 24 
451 51 257 313 78 5 6 21 22 24 24 
51 257 313 78 5 6 21 22 24 24 
451 51 257 313 78 5 6 21 22 24 24 
51 257 313 78 5 6 21 22 24 24 
51 257 313 78 5 6 21 22 24 24 
451 51 257 313 78 5 6 21 22 24 24 
451 51 257 313 78 5 6 21 22 24 24 
51 257 313 78 5 6 21 22 24 24 
51 257 313 78 5 6 21 22 24 24 
451 51 257 313 78 5 6 21 22 24 24 
451 51 257 313 78 5 6 21 22 24 24 
451 51 257 313 78 5 6 21 22 24 24 
451 51 257 313 78 5 6 21 22 24 24 
451 51 257 313 78 5 6 21 22 24 24 
451 51 257 313 78 5 6 21 22 24 24 
451 51 257 313 78 5 6 21 22 24 24 
451 51 257 313 78 5 6 21 22 24 24 
54 51 257 313 441 78 192 5 6 21 22 24 24 
451 51 257 313 78 5 6 21 22 24 24 
51 257 313 78 5 6 21 22 24 24 
51 257 313 78 5 6 21 22 24 24 
51 257 313 78 5 6 21 22 24 24 
51 257 313 78 5 6 21 22 24 24 
51 257 313 78 5 6 21 22 24 24 
51 257 313 78 5 6 21 22 24 24 
51 257 313 78 5 6 21 22 24 24 
451 51 257 313 78 5 6 21 22 24 24 
451 51 257 313 78 5 6 21 22 24 24 
51 257 313 78 5 6 21 22 24 24 
51 257 313 78 5 6 21 22 24 24 
451 51 257 313 78 5 6 21 22 24 24 
451 51 257 313 78 5 6 21 22 24 24 
451 51 257 313 78 5 6 21 22 24 24 
451 51 257 313 78 5 6 21 22 24 24 
51 257 313 78 5 6 21 22 24 24 
51 257 313 78 5 6 21 22 24 24 
51 257 313 78 5 6 21 22 24 24 
451 51 257 313 78 5 6 21 22 24 24 
451 51 257 313 78 5 6 21 22 24 24 
51 257 313 78 5 6 21 22 24 24 
51 257 313 78 5 6 21 22 24 24 
451 51 257 313 78 5 6 21 22 24 24 
51 257 313 78 5 6 21 22 24 24 
51 257 313 78 5 6 21 22 24 24 
451 51 257 313 78 5 6 21 22 24 24 
451 51 257 313 78 5 6 21 22 24 24 
451 51 257 313 78 5 6 21 22 24 24 
451 51 257 313 78 5 6 21 22 24 24 
451 51 257 313 78 5 6 21 22 24 24 
451 51 257 313 78 5 6 21 22 24 24 
451 51 257 313 78 5 6 21 22 24 24 
451 51 257 313 78 5 6 21 22 24 24 
51 257 313 78 5 6 21 22 24 24 
451 51 257 313 78 5 6 21 22 24 24 
451 51 257 313 78 5 6 21 22 24 24 
451 51 257 313 78 5 6 21 22 24 24 
51 257 313 78 5 6 21 22 24 24 
451 51 257 313 78 5 6 21 22 24 24 
51 257 313 78 5 6 21 22 24 24 
451 51 257 313 78 5 6 21 22 24 24 
51 257 313 78 5 6 21 22 24 24 
451 51 257 313 78 5 6 21 22 24 24 
451 51 257 313 78 5 6 21 22 24 24 
451 51 257 313 78 81 21 22 82 24 24 
451 51 257 313 78 81 21 22 82 24 24 
51 257 313 78 81 21 22 82 24 24 
51 257 313 78 81 21 22 82 24 24 
451 51 257 313 78 81 21 22 82 24 24 
51 257 313 78 81 21 22 82 24 24 
451 51 257 313 78 81 21 22 82 24 24 
451 51 257 313 78 81 21 22 82 24 24 
451 51 257 313 78 81 21 22 82 24 24 
451 51 257 313 78 81 21 22 82 24 24 
51 257 313 78 81 21 22 82 24 24 
51 257 313 78 81 21 22 82 24 24 
451 51 257 313 78 81 21 22 82 24 24 
51 257 313 78 81 21 22 82 24 24 
54 51 257 313 441 78 192 81 21 22 82 24 24 
451 51 257 313 78 81 21 22 82 24 24 
451 51 257 313 78 81 21 22 82 24 24 
451 51 257 313 78 81 21 22 82 24 24 
451 51 257 313 78 81 21 22 82 24 24 
51 257 313 78 81 21 22 82 24 24 
190 54 51 257 313 78 192 269 81 21 22 82 24 24 
54 51 257 313 441 78 192 81 21 22 82 24 24 
451 51 257 313 78 81 21 22 82 24 24 
51 257 313 78 81 21 22 82 24 24 
1 51 257 2 313 78 81 21 22 82 24 24 
51 257 313 78 81 21 22 82 24 24 
451 51 257 313 78 81 21 22 82 24 24 
54 51 257 313 441 78 192 81 21 22 82 24 24 
451 51 257 313 78 81 21 22 82 24 24 
451 51 257 313 78 81 21 22 82 24 24 
451 51 257 313 78 81 21 22 82 24 24 
451 51 257 313 78 81 21 22 82 24 24 
451 51 257 313 78 81 21 22 82 24 24 
451 51 257 313 78 81 21 22 82 24 24 
451 51 257 313 78 81 21 22 82 24 24 
451 51 257 313 78 81 21 22 82 24 24 
51 257 313 78 81 21 22 82 24 24 
451 51 257 313 78 81 21 22 82 24 24 
51 257 313 78 81 21 22 82 24 24 
51 257 313 78 81 21 22 82 24 24 
51 257 313 78 81 21 22 82 24 24 
51 257 313 78 81 21 22 82 24 24 
51 257 313 78 81 21 22 82 24 24 
51 257 313 78 81 21 22 82 24 24 
51 257 313 78 81 21 22 82 24 24 
51 257 313 78 81 21 22 82 24 24 
51 257 313 78 81 21 22 82 24 24 
451 51 257 313 78 81 21 22 82 24 24 
51 257 313 78 81 21 22 82 24 24 
451 51 257 313 78 81 21 22 82 24 24 
51 257 313 78 81 21 22 82 24 24 
51 257 313 78 81 21 22 82 24 24 
451 51 257 313 78 81 21 22 82 24 24 
51 257 313 78 81 21 22 82 24 24 
451 51 257 313 78 81 21 22 82 24 24 
451 51 257 313 78 81 21 22 82 24 24 
451 51 257 313 78 81 21 22 82 24 24 
51 257 313 78 81 21 22 82 24 24 
451 51 257 313 78 81 21 22 82 24 24 
451 51 257 313 78 81 21 22 82 24 24 
451 51 257 313 78 81 21 22 82 24 24 
451 51 257 313 78 81 21 22 82 24 24 
451 51 257 313 78 81 21 22 82 24 24 
451 51 257 313 78 81 21 22 82 24 24 
51 257 313 78 81 21 22 82 24 24 
451 51 257 313 78 81 21 22 82 24 24 
51 257 313 78 81 21 22 82 24 24 
451 51 257 313 78 81 21 22 82 24 24 
451 51 257 313 78 81 21 22 82 24 24 
451 51 257 313 78 81 21 22 82 24 24 
451 51 257 313 78 81 21 22 82 24 24 
451 51 257 313 78 81 21 22 82 24 24 
451 51 257 313 78 81 21 22 82 24 24 
451 51 257 313 78 81 21 22 82 24 24 
451 51 257 313 78 81 21 22 82 24 24 
451 51 257 313 78 81 21 22 82 24 24 
451 51 257 313 78 81 21 22 82 24 24 
451 51 257 313 78 81 21 22 82 24 24 
451 51 257 313 78 81 21 22 82 24 24 
451 51 257 313 78 81 21 22 82 24 24 
451 51 257 313 78 81 21 22 82 24 24 
54 51 257 313 78 192 81 21 22 82 24 24 
451 51 257 313 78 81 21 22 82 24 24 
451 51 257 313 78 81 21 22 82 24 24 
51 257 313 78 81 21 22 82 24 24 
451 51 257 313 78 81 21 22 82 24 24 
451 51 257 313 78 81 21 22 82 24 24 
451 51 257 313 78 81 21 22 82 24 24 
451 51 257 313 78 81 21 22 82 24 24 
451 51 257 313 78 81 21 22 82 24 24 
451 51 257 313 78 81 21 22 82 24 24 
451 51 257 313 78 81 21 22 82 24 24 
451 51 257 313 78 81 21 22 82 24 24 
451 51 257 313 78 81 21 22 82 24 24 
451 51 257 313 78 81 21 22 82 24 24 
451 51 257 313 78 81 21 22 82 24 24 
451 51 257 313 78 81 21 22 82 24 24 
451 51 257 313 78 81 21 22 82 24 24 
451 51 257 313 78 81 21 22 82 24 24 
451 51 257 313 78 81 21 22 82 24 24 
451 51 257 313 78 81 21 22 82 24 24 
451 51 257 313 78 81 21 22 82 24 24 
451 51 257 313 78 81 21 22 82 24 24 
451 51 257 313 78 81 21 22 82 24 24 
451 51 257 313 78 81 21 22 82 24 24 
451 51 257 313 78 81 21 22 82 24 24 
451 51 257 313 78 81 21 22 82 24 24 
451 51 257 313 78 81 21 22 82 24 24 
451 51 257 313 78 81 21 22 82 24 24 
451 51 257 313 78 81 21 22 82 24 24 
451 51 257 313 78 81 21 22 82 24 24 
451 51 257 313 78 81 21 22 82 24 24 
451 51 257 313 78 81 21 22 82 24 24 
451 51 257 313 78 81 21 22 82 24 24 
451 51 257 313 78 81 21 22 82 24 24 
451 51 257 313 78 81 21 22 82 24 24 
51 257 313 78 81 21 22 82 24 24 
451 51 257 313 78 81 21 22 82 24 24 
451 51 257 313 78 81 21 22 82 24 24 
451 51 257 313 78 81 21 22 82 24 24 
451 51 257 313 78 81 21 22 82 24 24 
451 51 257 313 78 81 21 22 82 24 24 
51 257 313 78 81 21 22 82 24 24 
451 51 257 313 78 81 21 22 82 24 24 
51 136 257 42 313 174 78 81 21 22 82 24 24 
51 257 313 78 81 21 22 82 24 24 
451 51 257 313 78 81 21 22 82 24 24 
51 257 313 78 81 21 22 82 24 24 
451 51 257 313 78 81 21 22 82 24 24 
451 51 257 313 78 81 21 22 82 24 24 
451 51 257 313 78 81 21 22 82 24 24 
451 51 257 313 78 81 21 22 82 24 24 
51 257 313 78 81 21 22 82 24 24 
51 257 313 78 81 21 22 82 24 24 
51 257 313 78 81 21 22 82 24 24 
51 257 313 78 81 21 22 82 24 24 
451 51 257 313 78 81 21 22 82 24 24 
51 257 313 78 81 21 22 82 24 24 
51 257 313 78 81 21 22 82 24 24 
51 257 313 78 81 21 22 82 24 24 
51 257 313 78 81 21 22 82 24 24 
51 257 313 78 81 21 22 82 24 24 
51 257 313 78 81 21 22 82 24 24 
51 257 313 78 81 21 22 82 24 24 
451 51 257 313 78 81 21 22 82 24 24 
51 257 313 78 81 21 22 82 24 24 
51 257 313 78 81 21 22 82 24 24 
451 51 257 313 78 81 21 22 82 24 24 
51 257 313 78 81 21 22 82 24 24 
451 51 257 313 78 81 21 22 82 24 24 
51 257 313 78 81 21 22 82 24 24 
451 51 257 313 78 81 21 22 82 24 24 
451 51 257 313 78 81 21 22 82 24 24 
451 51 257 313 78 81 21 22 82 24 24 
51 257 313 78 81 21 22 82 24 24 
51 257 313 78 81 21 22 82 24 24 
51 257 313 78 81 21 22 82 24 24 
451 51 257 313 78 81 21 22 82 24 24 
51 257 313 78 81 21 22 82 24 24 
451 51 257 313 78 81 21 22 82 24 24 
51 257 313 78 81 21 22 82 24 24 
1 51 257 2 313 78 81 21 22 82 24 24 
51 257 313 78 81 21 22 82 24 24 
51 257 313 78 81 21 22 82 24 24 
51 257 313 78 81 21 22 82 24 24 
451 51 257 313 78 81 21 22 82 24 24 
451 51 257 313 78 81 21 22 82 24 24 
51 257 313 78 81 21 22 82 24 24 
451 51 257 313 78 81 21 22 82 24 24 
51 257 313 78 81 21 22 82 24 24 
51 257 313 78 81 21 22 82 24 24 
451 51 257 313 78 81 21 22 82 24 24 
51 257 313 78 81 21 22 82 24 24 
51 257 313 78 81 21 22 82 24 24 
451 51 257 313 78 81 21 22 82 24 24 
51 257 313 78 81 21 22 82 24 24 
451 51 257 313 78 81 21 22 82 24 24 
451 51 257 313 78 81 21 22 82 24 24 
51 257 313 78 81 21 22 82 24 24 
51 257 313 78 81 21 22 82 24 24 
51 257 313 78 81 21 22 82 24 24 
51 257 313 78 81 21 22 82 24 24 
51 257 313 78 81 21 22 82 24 24 
51 257 313 78 81 21 22 82 24 24 
51 257 313 78 81 21 22 82 24 24 
51 257 313 78 81 21 22 82 24 24 
51 257 313 78 81 21 22 82 24 24 
51 257 313 78 81 21 22 82 24 24 
51 257 313 78 81 21 22 82 24 24 
51 257 313 78 81 21 22 82 24 24 
51 257 313 78 81 21 22 82 24 24 
51 257 313 78 81 21 22 82 24 24 
51 257 313 78 81 21 22 82 24 24 
51 257 313 78 81 21 22 82 24 24 
51 257 313 78 81 21 22 82 24 24 
51 257 313 78 81 21 22 82 24 24 
451 51 257 313 78 81 21 22 82 24 24 
51 257 313 78 81 21 22 82 24 24 
451 51 257 313 78 81 21 22 82 24 24 
451 51 257 313 78 81 21 22 82 24 24 
51 257 313 78 81 21 22 82 24 24 
51 257 313 78 81 21 22 82 24 24 
51 257 313 78 81 21 22 82 24 24 
51 257 313 78 81 21 22 82 24 24 
51 257 313 78 81 21 22 82 24 24 
451 51 257 313 78 81 21 22 82 24 24 
451 51 257 313 78 81 21 22 82 24 24 
451 51 257 313 78 81 21 22 82 24 24 
451 51 257 313 78 81 21 22 82 24 24 
451 51 257 313 78 81 21 22 82 24 24 
51 257 313 78 81 21 22 82 24 24 
51 257 313 78 81 21 22 82 24 24 
451 51 257 313 78 81 21 22 82 24 24 
51 257 313 78 81 21 22 82 24 24 
51 257 313 78 81 21 22 82 24 24 
51 257 313 78 81 21 22 82 24 24 
51 257 313 78 81 21 22 82 24 24 
51 257 313 78 81 21 22 82 24 24 
451 51 257 313 78 81 21 22 82 24 24 
51 257 313 78 81 21 22 82 24 24 
51 257 313 78 81 21 22 82 24 24 
451 51 257 313 78 81 21 22 82 24 24 
51 257 313 78 81 21 22 82 24 24 
51 257 313 78 81 21 22 82 24 24 
51 257 313 78 81 21 22 82 24 24 
51 257 313 78 81 21 22 82 24 24 
51 257 313 78 81 21 22 82 24 24 
51 257 313 78 81 21 22 82 24 24 
451 51 257 313 78 81 21 22 82 24 24 
51 257 313 78 81 21 22 82 24 24 
51 257 313 78 81 21 22 82 24 24 
51 257 313 78 81 21 22 82 24 24 
51 257 313 78 81 21 22 82 24 24 
51 257 313 78 81 21 22 82 24 24 
51 257 313 78 81 21 22 82 24 24 
51 257 313 78 81 21 22 82 24 24 
51 257 313 78 81 21 22 82 24 24 
51 257 313 78 81 21 22 82 24 24 
51 257 313 78 81 21 22 82 24 24 
51 257 313 78 81 21 22 82 24 24 
51 257 313 78 81 21 22 82 24 24 
51 257 313 78 81 21 22 82 24 24 
451 51 257 313 78 21 22 24 24 
451 51 257 313 78 21 22 24 24 
51 257 313 78 21 22 24 24 
451 51 257 313 78 21 22 24 24 
51 257 313 78 21 22 24 24 
51 257 313 78 21 22 24 24 
451 51 257 313 78 21 22 24 24 
451 51 257 313 78 21 22 24 24 
51 257 313 78 21 22 24 24 
451 51 257 313 78 21 22 24 24 
451 51 257 313 78 21 22 24 24 
451 51 257 313 78 21 22 24 24 
51 257 313 78 21 22 24 24 
51 257 313 78 21 22 24 24 
451 51 257 313 78 21 22 24 24 
451 51 257 313 78 21 22 24 24 
451 51 257 313 78 21 22 24 24 
451 51 257 313 78 21 22 24 24 
451 51 257 313 78 21 22 24 24 
451 51 257 313 78 21 22 24 24 
451 51 257 313 78 21 22 24 24 
451 51 257 313 78 21 22 24 24 
451 51 257 313 78 21 22 24 24 
451 51 257 313 78 21 22 24 24 
51 257 313 78 21 22 24 24 
451 51 257 313 78 21 22 24 24 
51 257 313 78 21 22 24 24 
51 257 313 78 21 22 24 24 
451 51 257 313 78 21 22 24 24 
451 51 257 313 78 21 22 24 24 
1 51 257 2 313 78 21 22 24 24 
451 51 257 313 78 21 22 24 24 
451 51 257 313 78 21 22 24 24 
451 51 257 313 78 21 22 24 24 
451 51 257 313 78 21 22 24 24 
51 257 313 78 21 22 24 24 
451 51 257 313 78 21 22 24 24 
451 51 257 313 78 21 22 24 24 
51 257 313 78 21 22 24 24 
451 51 257 313 78 21 22 24 24 
451 51 257 313 78 21 22 24 24 
451 51 257 313 78 21 22 24 24 
451 51 257 313 78 21 22 24 24 
451 51 257 313 78 21 22 24 24 
451 51 257 313 78 21 22 24 24 
51 257 313 78 21 22 24 24 
51 257 313 78 21 22 24 24 
51 257 313 78 21 22 24 24 
451 51 257 313 78 21 22 24 24 
451 51 257 313 78 21 22 24 24 
451 51 257 313 78 21 22 24 24 
451 51 257 313 78 21 22 24 24 
451 51 257 313 78 21 22 24 24 
451 51 257 313 78 21 22 24 24 
51 257 313 78 21 22 24 24 
451 51 257 313 78 21 22 24 24 
51 257 313 78 21 22 24 24 
51 257 313 78 21 22 24 24 
451 51 257 313 78 21 22 24 24 
51 257 313 78 21 22 24 24 
451 51 257 313 78 21 22 24 24 
51 257 313 78 21 22 24 24 
451 51 257 313 78 21 22 24 24 
51 257 313 78 21 22 24 24 
51 257 313 78 21 22 24 24 
51 257 313 78 21 22 24 24 
51 257 313 78 21 22 24 24 
51 257 313 78 21 22 24 24 
51 257 313 78 21 22 24 24 
51 257 313 78 21 22 24 24 
451 51 257 313 78 21 22 24 24 
51 257 313 78 21 22 24 24 
51 257 313 78 21 22 24 24 
51 257 313 78 21 22 24 24 
51 257 313 78 21 22 24 24 
51 257 313 78 21 22 24 24 
51 257 313 78 21 22 24 24 
451 51 257 313 78 21 22 24 24 
51 257 313 78 21 22 24 24 
451 51 257 313 78 21 22 24 24 
51 257 313 78 21 22 24 24 
451 51 257 313 78 21 22 24 24 
51 257 313 78 21 22 24 24 
51 257 313 78 21 22 24 24 
451 51 257 313 78 21 22 24 24 
51 257 313 78 21 22 24 24 
51 257 313 78 21 22 24 24 
51 257 313 78 21 22 24 24 
51 257 313 78 21 22 24 24 
451 51 257 313 78 21 22 24 24 
51 257 313 78 21 22 24 24 
451 51 257 313 78 21 22 24 24 
451 51 257 313 78 21 22 24 24 
451 51 257 313 78 21 22 24 24 
451 51 257 313 78 21 22 24 24 
451 51 257 313 78 21 22 24 24 
451 51 257 313 78 21 22 24 24 
451 51 257 313 78 21 22 24 24 
451 51 257 313 78 21 22 24 24 
451 51 257 313 78 21 22 24 24 
451 51 257 313 78 21 22 24 24 
451 51 257 313 78 21 22 24 24 
451 51 257 313 78 21 22 24 24 
451 51 257 313 78 21 22 24 24 
451 51 257 313 78 21 22 24 24 
51 257 313 78 21 22 24 24 
51 257 313 78 21 22 24 24 
51 257 313 78 21 22 24 24 
51 257 313 78 21 22 24 24 
451 51 257 313 78 21 22 24 24 
51 257 313 78 21 22 24 24 
451 51 257 313 78 21 22 24 24 
51 257 313 78 21 22 24 24 
51 257 313 78 21 22 24 24 
451 51 257 313 78 21 22 24 24 
51 257 313 78 21 22 24 24 
51 257 313 78 21 22 24 24 
451 51 257 313 78 21 22 24 24 
54 51 257 313 441 78 192 21 22 24 24 
51 257 313 78 21 22 24 24 
51 257 313 78 21 22 24 24 
451 51 257 313 78 21 22 24 24 
451 51 257 313 78 21 22 24 24 
451 51 257 313 78 21 22 24 24 
451 51 257 313 78 21 22 24 24 
51 257 313 78 21 22 24 24 
451 51 257 313 78 21 22 24 24 
451 51 257 313 78 21 22 24 24 
51 257 313 78 21 22 24 24 
51 257 313 78 21 22 24 24 
451 51 257 313 78 21 22 24 24 
51 257 313 78 21 22 24 24 
51 257 313 78 21 22 24 24 
51 257 313 78 21 22 24 24 
451 51 257 313 78 21 22 24 24 
451 51 257 313 78 21 22 24 24 
451 51 257 313 78 21 22 24 24 
51 257 313 78 21 22 24 24 
51 257 313 78 21 22 24 24 
51 257 313 78 21 22 24 24 
51 257 313 78 21 22 24 24 
451 51 257 313 78 21 22 24 24 
51 257 313 78 21 22 24 24 
54 51 257 313 441 78 192 21 22 24 24 
51 257 313 78 21 22 24 24 
451 51 257 313 78 21 22 24 24 
51 257 313 78 21 22 24 24 
51 257 313 78 21 22 24 24 
51 257 313 78 21 22 24 24 
451 51 257 313 78 21 22 24 24 
451 51 257 313 78 21 22 24 24 
451 51 257 313 78 21 22 24 24 
451 51 257 313 78 21 22 24 24 
451 51 257 313 78 21 22 24 24 
54 51 257 313 441 78 192 21 22 24 24 
51 257 313 78 21 22 24 24 
451 51 257 313 78 21 22 24 24 
451 51 257 313 78 21 22 24 24 
451 51 257 313 78 21 22 24 24 
451 51 257 313 78 21 22 24 24 
451 51 257 313 78 21 22 24 24 
451 51 257 313 78 21 22 24 24 
51 257 313 78 21 22 24 24 
451 51 257 313 78 21 22 24 24 
451 51 257 313 78 21 22 24 24 
54 51 257 465 313 78 21 22 24 24 
451 51 257 313 78 21 22 24 24 
51 257 313 78 21 22 24 24 
51 257 313 78 21 22 24 24 
51 257 313 78 21 22 68 24 24 
451 51 257 313 78 21 22 68 24 24 
51 257 313 78 21 22 68 24 24 
51 257 313 78 21 22 68 24 24 
51 257 313 78 21 22 68 24 24 
451 51 257 313 78 21 22 68 24 24 
451 51 257 313 78 21 22 68 24 24 
451 51 257 313 78 21 22 68 24 24 
451 51 257 313 78 21 22 68 24 24 
51 257 313 78 21 22 68 24 24 
51 257 313 78 21 22 68 24 24 
451 51 257 313 78 21 22 68 24 24 
51 257 313 78 21 22 68 24 24 
451 51 257 313 78 21 22 68 24 24 
451 51 257 313 78 21 22 68 24 24 
51 257 313 78 21 22 68 24 24 
54 51 257 313 441 78 192 21 22 68 24 24 
451 51 257 313 78 21 22 68 24 24 
51 257 313 78 21 22 68 24 24 
54 51 257 453 223 313 78 21 22 24 24 
451 51 257 313 78 21 22 24 24 
51 257 313 78 21 22 24 24 
451 51 257 313 78 21 22 24 24 
451 51 257 313 78 21 22 24 24 
451 51 257 313 78 21 22 24 24 
451 51 257 313 78 21 22 24 24 
451 51 257 313 78 21 22 24 24 
51 257 313 78 21 22 24 24 
451 51 257 313 78 21 22 24 24 
451 51 257 313 78 21 22 24 24 
51 257 313 78 21 22 24 24 
51 257 313 78 21 22 24 24 
451 51 257 313 78 21 22 24 24 
451 51 257 313 78 21 22 24 24 
51 257 313 78 21 22 24 24 
451 51 257 313 78 21 22 24 24 
451 51 257 313 78 21 22 24 24 
51 257 313 78 21 22 24 24 
51 257 313 78 21 22 24 24 
51 257 313 78 21 22 24 24 
51 257 313 78 21 22 24 24 
51 257 313 78 21 22 24 24 
54 51 257 453 223 313 78 21 22 24 24 
451 51 257 313 78 21 22 24 24 
451 51 257 313 78 21 22 24 24 
451 51 257 313 78 21 22 24 24 
451 51 257 313 78 21 22 24 24 
51 257 313 78 21 22 24 24 
51 257 313 78 21 22 24 24 
54 51 257 453 223 313 78 21 22 24 24 
51 257 313 78 21 22 24 24 
451 51 257 313 78 21 22 24 24 
451 51 257 313 78 21 22 24 24 
451 51 257 313 78 21 22 24 24 
451 51 257 313 78 21 22 24 24 
51 257 313 78 21 22 24 24 
51 257 313 78 21 22 24 24 
51 257 313 78 21 22 24 24 
51 257 313 78 21 22 24 24 
51 257 313 78 21 22 24 24 
451 51 257 313 78 21 22 24 24 
451 51 257 313 78 21 22 24 24 
51 257 313 78 21 22 24 24 
451 51 257 313 78 21 22 24 24 
451 51 257 313 78 81 21 22 82 24 24 
451 51 257 313 78 81 21 22 82 24 24 
51 257 313 78 81 21 22 82 24 24 
51 257 313 78 81 21 22 82 24 24 
51 257 313 78 81 21 22 82 24 24 
314 51 257 313 78 81 21 22 82 24 24 
51 257 313 78 81 21 22 82 24 24 
451 51 257 313 78 81 21 22 82 24 24 
451 51 257 313 78 81 21 22 82 24 24 
451 51 257 313 78 81 21 22 82 24 24 
51 257 313 78 81 21 22 82 24 24 
451 51 257 313 78 81 21 22 82 24 24 
451 51 257 313 78 81 21 22 82 24 24 
451 51 257 313 78 81 21 22 82 24 24 
451 51 257 313 78 81 21 22 82 24 24 
51 257 313 78 81 21 22 82 24 24 
451 51 257 313 78 81 21 22 82 24 24 
451 51 257 313 78 81 21 22 82 24 24 
51 257 313 78 81 21 22 82 24 24 
51 257 313 78 81 21 22 82 24 24 
51 257 313 78 81 21 22 82 24 24 
51 257 313 78 81 21 22 82 24 24 
51 257 313 78 81 21 22 82 24 24 
51 257 313 78 81 21 22 82 24 24 
54 51 257 453 223 313 78 81 21 22 82 24 24 
51 257 313 78 81 21 22 82 24 24 
451 51 257 313 78 81 21 22 82 24 24 
451 51 257 313 78 81 21 22 82 24 24 
451 51 257 313 78 81 21 22 82 24 24 
451 51 257 313 78 81 21 22 82 24 24 
451 51 257 313 78 81 21 22 82 24 24 
51 257 313 78 81 21 22 82 24 24 
51 257 313 78 81 21 22 82 24 24 
451 51 257 313 78 81 21 22 82 24 24 
51 257 313 78 81 21 22 82 24 24 
451 51 257 313 78 81 21 22 82 24 24 
451 51 257 313 78 81 21 22 82 24 24 
451 51 257 313 78 81 21 22 82 24 24 
451 51 257 313 78 81 21 22 82 24 24 
51 257 313 78 81 21 22 82 24 24 
451 51 257 313 78 81 21 22 82 24 24 
451 51 257 313 78 81 21 22 82 24 24 
451 51 257 313 78 81 21 22 82 24 24 
451 51 257 313 78 81 21 22 82 24 24 
451 51 257 313 78 81 21 22 82 24 24 
451 51 257 313 78 81 21 22 82 24 24 
451 51 257 313 78 21 22 24 24 
51 257 313 78 21 22 24 24 
451 51 257 313 78 21 22 24 24 
451 51 257 313 78 21 22 24 24 
451 51 257 313 78 21 22 24 24 
451 51 257 313 78 21 22 24 24 
451 51 257 313 78 21 22 24 24 
451 51 257 313 78 21 22 24 24 
452 51 257 313 78 21 22 24 24 
451 51 257 313 78 21 22 24 24 
51 257 313 78 21 22 24 24 
451 51 257 313 78 21 22 24 24 
51 257 313 78 21 22 24 24 
51 257 313 78 21 22 24 24 
51 257 313 78 21 22 24 24 
451 51 257 313 78 21 22 24 24 
451 51 257 313 78 21 22 24 24 
451 51 257 313 78 21 22 24 24 
51 257 313 78 21 22 24 24 
451 51 257 313 78 21 22 24 24 
451 51 257 313 78 21 22 24 24 
451 51 257 313 78 21 22 24 24 
51 257 313 78 21 22 24 24 
451 51 257 313 78 21 22 24 24 
51 257 313 78 21 22 24 24 
51 257 313 78 21 22 24 24 
51 257 313 78 21 22 24 24 
451 51 257 313 78 21 22 24 24 
451 51 257 313 78 21 22 24 24 
51 257 313 78 21 22 24 24 
51 257 313 78 21 22 24 24 
451 51 257 313 78 21 22 24 24 
451 51 257 313 78 21 22 24 24 
451 51 257 313 78 21 22 24 24 
451 51 257 313 78 21 22 24 24 
51 257 313 78 21 22 24 24 
51 257 313 78 21 22 24 24 
51 257 313 78 21 22 24 24 
51 257 313 78 21 22 24 24 
451 51 257 313 78 21 22 24 24 
451 51 257 313 78 21 22 24 24 
451 51 257 313 78 21 22 24 24 
451 51 257 313 78 21 22 24 24 
451 51 257 313 78 21 22 24 24 
451 51 257 313 78 21 22 24 24 
451 51 257 313 78 21 22 24 24 
451 51 257 313 78 21 22 24 24 
451 51 257 313 78 21 22 24 24 
451 51 257 313 78 21 22 24 24 
51 257 313 78 21 22 24 24 
451 51 257 313 78 21 22 24 24 
51 257 313 78 21 22 68 24 24 
51 257 313 78 21 22 68 24 24 
451 51 257 313 78 21 22 68 24 24 
451 51 257 313 78 21 22 68 24 24 
451 51 257 313 78 21 22 68 24 24 
451 51 257 313 78 21 22 68 24 24 
51 257 313 78 21 22 68 24 24 
451 51 257 313 78 21 22 68 24 24 
451 51 257 313 78 21 22 68 24 24 
51 257 313 78 21 22 68 24 24 
51 257 313 78 21 22 68 24 24 
51 257 313 78 81 21 22 82 68 24 24 
451 51 257 313 78 81 21 22 82 68 24 24 
451 51 257 313 78 81 21 22 82 68 24 24 
51 257 313 78 81 21 22 82 68 24 24 
451 51 257 313 78 81 21 22 82 68 24 24 
451 51 257 313 78 81 21 22 82 68 24 24 
51 257 313 78 81 21 22 82 68 24 24 
51 257 313 78 81 21 22 82 68 24 24 
451 51 257 313 78 81 21 22 82 68 24 24 
451 51 257 313 78 81 21 22 82 68 24 24 
51 257 313 78 81 21 22 82 68 24 24 
451 51 257 313 78 81 21 22 82 68 24 24 
451 51 257 313 78 81 21 22 82 68 24 24 
451 51 257 313 78 81 21 22 82 68 24 24 
451 51 257 313 78 81 21 22 82 68 24 24 
451 51 257 313 78 81 21 22 82 68 24 24 
51 257 313 78 81 21 22 82 68 24 24 
451 51 257 313 78 81 21 22 82 68 24 24 
451 51 257 313 78 81 21 22 82 68 24 24 
451 51 257 313 78 81 21 22 82 68 24 24 
51 257 313 78 81 21 22 82 68 24 24 
451 51 257 313 78 81 21 22 82 68 24 24 
451 51 257 313 78 81 21 22 82 68 24 24 
51 257 313 78 81 21 22 82 68 24 24 
451 51 257 313 78 81 21 22 82 68 24 24 
451 51 257 313 78 81 21 22 82 68 24 24 
51 257 313 78 81 21 22 82 68 24 24 
451 51 257 313 78 81 21 22 82 68 24 24 
451 51 257 313 78 81 21 22 82 68 24 24 
451 51 257 313 78 81 21 22 82 68 24 24 
451 51 257 313 78 81 21 22 82 68 24 24 
451 51 257 313 78 81 21 22 82 68 24 24 
451 51 257 313 78 81 21 22 82 68 24 24 
451 51 257 313 78 81 21 22 82 68 24 24 
451 51 257 313 78 81 21 22 82 68 24 24 
51 257 313 78 81 21 22 82 68 24 24 
451 51 257 313 78 81 21 22 82 68 24 24 
51 257 313 78 81 21 22 82 68 24 24 
451 51 257 313 78 81 21 22 82 68 24 24 
451 51 257 313 78 81 21 22 82 68 24 24 
451 51 257 313 78 81 21 22 82 68 24 24 
451 51 257 313 78 81 21 22 82 68 24 24 
451 51 257 313 78 81 21 22 82 68 24 24 
451 51 257 313 78 81 21 22 82 68 24 24 
451 51 257 313 78 81 21 22 82 68 24 24 
451 51 257 313 78 81 21 22 82 68 24 24 
51 257 313 78 81 21 22 82 68 24 24 
51 257 313 78 81 21 22 82 68 24 24 
51 257 313 78 81 21 22 82 68 24 24 
51 257 313 78 81 21 22 82 68 24 24 
451 51 257 313 78 81 21 22 82 68 24 24 
451 51 257 313 78 81 21 22 82 68 24 24 
451 51 257 313 78 81 21 22 82 68 24 24 
51 257 313 78 81 21 22 82 68 24 24 
451 51 257 313 78 81 21 22 82 68 24 24 
51 257 313 78 81 21 22 82 68 24 24 
51 257 313 78 81 21 22 82 68 24 24 
51 257 313 78 81 21 22 82 68 24 24 
451 51 257 313 78 81 21 22 82 68 24 24 
451 51 257 313 78 81 21 22 82 68 24 24 
451 51 257 313 78 81 21 22 82 68 24 24 
451 51 257 313 78 81 21 22 82 68 24 24 
51 257 313 78 81 21 22 82 68 24 24 
451 51 257 313 78 81 21 22 82 68 24 24 
451 51 257 313 78 81 21 22 82 68 24 24 
451 51 257 313 78 81 21 22 82 68 24 24 
451 51 257 313 78 81 21 22 82 68 24 24 
51 257 313 78 81 21 22 82 68 24 24 
51 257 313 78 81 21 22 82 68 24 24 
451 51 257 313 78 81 21 22 82 68 24 24 
51 257 313 78 21 22 68 24 24 
451 51 257 313 78 21 22 68 24 24 
451 51 257 313 78 21 22 68 24 24 
51 257 313 78 21 22 68 24 24 
451 51 257 313 78 21 22 68 24 24 
451 51 257 313 78 21 22 68 24 24 
51 257 313 78 21 22 68 24 24 
51 257 313 78 21 22 68 24 24 
51 257 313 78 21 22 68 24 24 
51 257 313 78 21 22 68 24 24 
451 51 257 313 78 21 22 68 24 24 
451 51 257 313 78 21 22 68 24 24 
451 51 257 313 78 21 22 68 24 24 
451 51 257 313 78 21 22 68 24 24 
451 51 257 313 78 21 22 68 24 24 
51 257 313 78 21 22 68 24 24 
451 51 257 313 78 21 22 68 24 24 
451 51 257 313 78 21 22 68 24 24 
451 51 257 313 78 21 22 68 24 24 
451 51 257 313 78 21 22 68 24 24 
51 257 313 78 21 22 68 24 24 
51 257 313 78 21 22 68 24 24 
451 51 257 313 78 21 22 68 24 24 
451 51 257 313 78 21 22 68 24 24 
451 51 257 313 78 21 22 68 24 24 
451 51 257 313 78 21 22 68 24 24 
451 51 257 313 78 21 22 68 24 24 
451 51 257 313 78 21 22 68 24 24 
451 51 257 313 78 21 22 68 24 24 
451 51 257 313 78 21 22 68 24 24 
451 51 257 313 78 21 22 68 24 24 
451 51 257 313 78 21 22 68 24 24 
51 257 313 78 21 22 68 24 24 
451 51 257 313 78 21 22 68 24 24 
451 51 257 313 78 21 22 68 24 24 
451 51 257 313 78 21 22 68 24 24 
451 51 257 313 78 21 22 68 24 24 
451 51 257 313 78 21 22 68 24 24 
451 51 257 313 78 133 27 28 21 22 68 24 546 24 
451 51 257 313 78 133 27 28 21 22 68 24 546 24 
451 51 257 313 78 133 27 28 21 22 68 24 546 24 
51 257 313 78 133 27 28 21 22 68 24 546 24 
51 257 313 78 133 27 28 21 22 68 24 546 24 
51 257 313 78 133 27 28 21 22 68 24 546 24 
51 257 313 78 133 27 28 21 22 68 24 546 24 
51 257 313 78 133 27 28 21 22 68 24 546 24 
51 257 313 78 133 27 28 21 22 68 24 546 24 
51 257 313 78 133 27 28 21 22 68 24 546 24 
51 257 313 78 133 27 28 21 22 68 24 546 24 
51 257 313 78 133 27 28 21 22 68 24 546 24 
51 257 313 78 133 27 28 21 22 68 24 546 24 
51 257 313 78 133 27 28 21 22 68 24 546 24 
51 257 313 78 133 27 28 21 22 68 24 546 24 
51 257 313 78 133 27 28 21 22 68 24 546 24 
451 51 257 313 78 133 27 28 21 22 68 24 546 24 
451 51 257 313 78 133 27 28 21 22 68 24 546 24 
51 257 313 78 133 27 28 21 22 68 24 546 24 
451 51 257 313 78 133 27 28 21 22 68 24 546 24 
451 51 257 313 78 133 27 28 21 22 68 24 546 24 
51 257 313 78 133 27 28 21 22 68 24 546 24 
451 51 257 313 78 133 27 28 21 22 68 24 546 24 
451 51 257 313 78 133 27 28 21 22 68 24 546 24 
51 257 313 78 133 27 28 21 22 68 24 546 24 
51 257 313 78 133 27 28 21 22 68 24 546 24 
51 257 313 78 133 27 28 21 22 68 24 546 24 
51 257 313 78 133 27 28 21 22 68 24 546 24 
51 257 313 78 133 27 28 21 22 68 24 546 24 
51 257 313 78 133 27 28 21 22 68 24 546 24 
51 257 313 78 133 27 28 21 22 68 24 546 24 
51 257 313 78 133 27 28 21 22 68 24 546 24 
51 257 313 78 133 27 28 21 22 68 24 546 24 
51 257 313 78 133 27 28 21 22 68 24 546 24 
51 257 313 78 133 27 28 21 22 68 24 546 24 
451 51 257 313 78 133 27 28 21 22 68 24 546 24 
51 257 313 78 133 27 28 21 22 68 24 546 24 
51 257 313 78 133 27 28 21 22 68 24 546 24 
51 257 313 78 133 27 28 21 22 68 24 546 24 
51 257 313 78 133 27 28 21 22 68 24 546 24 
51 257 313 78 133 27 28 21 22 68 24 546 24 
51 257 313 78 133 27 28 21 22 68 24 546 24 
51 257 313 78 133 27 28 21 22 68 24 546 24 
51 257 313 78 133 27 28 21 22 68 24 546 24 
51 257 313 78 133 27 28 21 22 68 24 546 24 
51 257 313 78 21 22 68 24 24 
451 51 257 313 78 21 22 68 24 24 
451 51 257 313 78 21 22 68 24 24 
51 257 349 313 78 363 21 22 68 24 24 
451 51 257 313 78 21 22 68 24 24 
451 51 257 313 78 21 22 68 24 24 
51 257 313 78 21 22 68 24 24 
451 51 257 313 78 21 22 68 24 24 
451 51 257 313 78 21 22 68 24 24 
451 51 257 313 78 21 22 68 24 24 
451 51 257 313 78 21 22 68 24 24 
451 51 257 313 78 21 22 68 24 24 
51 257 313 78 21 22 68 24 24 
51 257 313 78 21 22 68 24 24 
451 51 257 313 78 21 22 68 24 24 
451 51 257 313 78 21 22 68 24 24 
451 51 257 313 78 21 22 68 24 24 
451 51 257 313 78 21 22 68 24 24 
451 51 257 313 78 21 22 68 24 24 
451 51 257 313 78 21 22 68 24 24 
451 51 257 313 78 21 22 68 24 24 
451 51 257 313 78 21 22 68 24 24 
451 51 257 313 78 21 22 68 24 24 
451 51 257 313 78 21 22 68 24 24 
451 51 257 313 78 21 22 68 24 24 
451 51 257 313 78 21 22 68 24 24 
51 257 313 78 21 22 68 24 24 
451 51 257 313 78 21 22 68 24 24 
451 51 257 313 78 21 22 68 24 24 
51 257 313 78 21 22 68 24 24 
451 51 257 313 78 21 22 68 24 24 
451 51 257 313 78 21 22 68 24 24 
51 257 313 78 21 22 68 24 24 
451 51 257 313 78 21 22 68 24 24 
451 51 257 313 78 21 22 68 24 24 
451 51 257 313 78 21 22 68 24 24 
451 51 257 313 78 21 22 68 24 24 
451 51 257 313 78 21 22 68 24 24 
451 51 257 313 78 21 22 68 24 24 
451 51 257 313 78 21 22 68 24 24 
51 257 313 78 21 22 68 24 24 
451 51 257 313 78 21 22 68 24 24 
451 51 257 313 78 21 22 68 24 24 
451 51 257 313 78 21 22 68 24 24 
451 51 257 313 78 21 22 68 24 24 
451 51 257 313 78 21 22 68 24 24 
451 51 257 313 78 21 22 68 24 24 
451 51 257 313 78 21 22 68 24 24 
51 257 313 78 21 22 68 24 24 
451 51 257 313 78 21 22 68 24 24 
451 51 257 313 78 21 22 68 24 24 
451 51 257 313 78 21 22 68 24 24 
451 51 257 313 78 21 22 68 24 24 
51 257 313 78 21 22 68 24 24 
51 257 313 78 21 22 68 24 24 
51 257 313 78 21 22 68 24 24 
51 257 313 78 21 22 68 24 24 
451 51 257 313 78 21 22 68 24 24 
451 51 257 313 78 21 22 68 24 24 
51 257 313 78 21 22 68 24 24 
451 51 257 313 78 21 22 68 24 24 
451 51 257 313 78 21 22 68 24 24 
451 51 257 313 78 21 22 68 24 24 
451 51 257 313 78 21 22 68 24 24 
451 51 257 313 78 21 22 68 24 24 
451 51 257 313 78 21 22 68 24 24 
451 51 257 313 78 21 22 68 24 24 
51 257 313 78 21 22 68 24 24 
451 51 257 313 78 21 22 68 24 24 
51 257 313 78 21 22 68 24 24 
451 51 257 313 78 21 22 68 24 24 
451 51 257 313 78 21 22 68 24 24 
451 51 257 313 78 21 22 68 24 24 
451 51 257 313 78 21 22 68 24 24 
451 51 257 313 78 21 22 68 24 24 
451 51 257 313 78 21 22 68 24 24 
451 51 257 313 78 21 22 68 24 24 
451 51 257 313 78 21 22 68 24 24 
451 51 257 313 78 21 22 68 24 24 
51 257 313 78 21 22 68 24 24 
451 51 257 313 78 21 22 68 24 24 
51 257 313 78 21 22 68 24 24 
51 257 313 78 21 22 68 24 24 
51 257 313 78 21 22 68 24 24 
451 51 257 313 78 21 22 68 24 24 
451 51 257 313 78 21 22 68 24 24 
51 257 313 78 21 22 68 24 24 
451 51 257 313 78 21 22 68 24 24 
451 51 257 313 78 21 22 68 24 24 
51 257 313 78 21 22 68 24 24 
51 257 313 78 21 22 68 24 24 
451 51 257 313 78 21 22 68 24 24 
51 257 313 78 21 22 68 24 24 
51 257 313 78 21 22 68 24 24 
51 257 313 78 21 22 68 24 24 
51 257 313 78 21 22 68 24 24 
51 257 313 78 21 22 68 24 24 
51 257 313 78 21 22 68 24 24 
51 257 313 78 21 22 68 24 24 
51 257 313 78 21 22 68 24 24 
51 257 313 78 21 22 68 24 24 
51 257 313 78 21 22 68 24 24 
51 257 313 78 21 22 68 24 24 
51 257 313 78 21 22 68 24 24 
51 257 313 78 21 22 68 24 24 
51 257 313 78 21 22 68 24 24 
51 257 313 78 21 22 68 24 24 
51 257 313 78 21 22 68 24 24 
451 51 257 313 78 21 22 68 24 24 
451 51 257 313 78 21 22 68 24 24 
51 257 313 78 21 22 68 24 24 
451 51 257 313 78 21 22 68 24 24 
51 257 313 78 21 22 68 24 24 
451 51 257 313 78 21 22 68 24 24 
314 51 257 313 78 21 22 68 24 24 
51 257 313 78 21 22 68 24 24 
51 257 313 78 21 22 68 24 24 
51 257 313 78 21 22 68 24 24 
51 257 313 78 21 22 68 24 24 
314 51 257 313 78 21 22 68 24 24 
314 51 257 313 78 21 22 68 24 24 
314 51 257 313 78 21 22 68 24 24 
51 257 313 78 21 22 68 24 24 
314 51 257 313 78 21 22 68 24 24 
314 51 257 313 78 21 22 68 24 24 
314 51 257 313 78 21 22 68 24 24 
314 51 257 313 78 21 22 68 24 24 
51 257 313 78 21 22 68 24 24 
314 51 257 313 78 21 22 68 24 24 
314 51 257 313 78 21 22 68 24 24 
314 51 257 313 78 21 22 68 24 24 
451 51 257 313 78 21 68 24 24 
51 257 313 78 21 22 68 24 24 
51 257 313 78 27 28 21 24 24 
51 257 313 78 21 22 68 24 24 
51 257 313 78 21 22 68 24 24 
51 257 313 78 21 22 68 24 24 
51 257 313 78 21 22 68 24 24 
451 51 257 313 78 21 22 68 24 24 
51 257 313 78 21 22 68 24 24 
451 51 257 313 78 21 22 68 24 24 
451 51 257 313 78 21 22 68 24 24 
451 51 257 313 78 21 22 68 24 24 
451 51 257 313 78 21 22 68 24 24 
51 257 313 78 21 22 68 24 24 
51 257 313 78 21 22 68 24 24 
451 51 257 313 78 21 22 68 24 24 
51 257 313 78 21 22 68 24 24 
451 51 257 313 78 21 22 68 24 24 
451 51 257 313 78 21 22 68 24 24 
451 51 257 313 78 21 22 68 24 24 
451 51 257 313 78 21 22 68 24 24 
51 257 313 78 21 22 68 24 24 
54 51 257 313 441 78 192 21 22 68 24 24 
51 257 313 78 21 22 68 24 24 
451 51 257 313 78 21 22 68 24 24 
51 257 313 78 21 22 68 24 24 
51 257 313 78 21 22 68 24 24 
51 257 313 78 21 22 68 24 24 
451 51 257 313 78 21 22 68 24 24 
51 257 313 78 21 22 68 24 24 
51 257 313 78 21 22 68 24 24 
51 257 313 78 21 22 68 24 24 
51 257 313 78 21 22 68 24 24 
51 257 313 78 21 22 68 24 24 
451 51 257 313 78 21 22 68 24 24 
451 51 257 313 78 21 22 68 24 24 
51 257 313 78 21 22 68 24 24 
451 51 257 313 78 21 22 68 24 24 
51 257 313 78 21 22 68 24 24 
451 51 257 313 78 21 22 68 24 24 
51 257 313 78 21 22 68 24 24 
451 51 257 313 78 21 22 68 24 24 
51 257 313 78 21 22 68 24 24 
51 257 313 78 21 22 68 24 24 
451 51 257 313 78 21 22 68 24 24 
451 51 257 313 78 21 22 68 24 24 
451 51 257 313 78 21 22 68 24 24 
451 51 257 313 78 21 22 68 24 24 
451 51 257 313 78 21 22 68 24 24 
451 51 257 313 78 21 22 68 24 24 
51 257 313 78 21 22 68 24 24 
451 51 257 313 78 21 22 68 24 24 
51 257 313 78 21 22 68 24 24 
51 257 313 78 21 22 68 24 24 
451 51 257 313 78 21 22 68 24 24 
451 51 257 313 78 21 22 68 24 24 
51 257 313 78 21 22 68 24 24 
451 51 257 313 78 21 22 68 24 24 
451 51 257 313 78 21 22 68 24 24 
51 257 313 78 21 22 68 24 24 
51 257 313 78 21 22 68 24 24 
451 51 257 313 78 21 22 68 24 24 
451 51 257 313 78 21 22 68 24 24 
451 51 257 313 78 21 22 68 24 24 
51 257 313 78 21 22 68 24 24 
51 257 313 78 21 22 68 24 24 
51 257 313 78 21 22 68 24 24 
51 257 313 78 21 22 68 24 24 
51 257 313 78 21 22 68 24 24 
451 51 257 313 78 21 22 68 24 24 
54 51 257 313 441 78 192 21 22 68 24 24 
54 51 257 313 441 78 192 21 22 68 24 24 
54 51 257 313 441 78 192 21 22 68 24 24 
451 51 257 313 78 21 22 68 24 24 
451 51 257 313 78 21 22 68 24 24 
451 51 257 313 78 21 22 68 24 24 
51 257 313 78 21 22 68 24 24 
451 51 257 313 78 21 22 68 24 24 
451 51 257 313 78 21 22 68 24 24 
51 257 313 78 21 22 68 24 24 
451 51 257 313 78 21 22 68 24 24 
451 51 257 313 78 21 22 68 24 24 
451 51 257 313 78 21 22 68 24 24 
451 51 257 313 78 21 22 68 24 24 
51 257 313 78 21 22 68 24 24 
451 51 257 313 78 21 22 68 24 24 
451 51 257 313 78 21 22 68 24 24 
451 51 257 313 78 21 22 68 24 24 
51 257 313 78 21 22 68 24 24 
51 257 313 78 21 22 68 24 24 
451 51 257 313 78 21 22 68 24 24 
51 257 313 78 21 22 68 24 24 
451 51 257 313 78 21 22 68 24 24 
51 257 313 78 21 22 68 24 24 
51 257 313 78 21 22 68 24 24 
451 51 257 313 78 21 22 68 24 24 
51 257 313 78 21 22 68 24 24 
451 51 257 313 78 21 22 68 24 24 
451 51 257 313 78 21 22 68 24 24 
451 51 257 313 78 21 22 68 24 24 
51 257 313 78 21 22 68 24 24 
51 257 313 78 21 22 68 24 24 
451 51 257 313 78 21 22 68 24 24 
451 51 257 313 78 21 22 68 24 24 
451 51 257 313 78 21 22 68 24 24 
451 51 257 313 78 21 22 68 24 24 
451 51 257 313 78 21 22 68 24 24 
451 51 257 313 78 21 22 68 24 24 
451 51 257 313 78 21 22 68 24 24 
451 51 257 313 78 21 22 68 24 24 
451 51 257 313 78 21 22 68 24 24 
51 257 313 78 21 22 68 24 24 
451 51 257 313 78 21 22 68 24 24 
451 51 257 313 78 21 22 68 24 24 
451 51 257 313 78 21 22 68 24 24 
451 51 257 313 78 21 22 68 24 24 
51 257 313 78 21 22 68 24 24 
451 51 257 313 78 21 22 68 24 24 
451 51 257 313 78 21 22 68 24 24 
314 51 257 313 78 21 22 68 24 24 
51 257 313 78 21 22 68 24 24 
51 257 313 78 21 22 68 24 24 
51 257 313 78 21 68 24 24 
451 51 257 313 78 21 68 24 24 
451 51 257 313 78 21 68 24 24 
451 51 257 313 78 21 68 24 24 
51 257 313 78 27 28 21 24 24 
51 257 313 78 27 28 21 24 24 
51 257 313 78 27 28 21 24 24 
451 51 257 313 78 27 28 21 24 24 
314 51 257 313 78 21 22 68 24 24 
51 257 313 78 21 24 24 
451 51 257 313 78 21 24 24 
51 257 313 78 21 24 24 
451 51 257 313 78 21 24 24 
51 257 313 78 21 24 24 
451 51 257 313 78 21 24 24 
51 257 313 78 21 24 24 
451 51 257 313 78 21 24 24 
51 257 313 78 21 24 24 
51 257 313 78 21 24 24 
451 51 257 313 78 21 24 24 
51 257 313 78 21 24 24 
51 257 313 78 21 24 24 
51 257 313 78 21 24 24 
53 54 51 257 313 78 21 22 263 24 24 
51 257 313 78 21 22 263 24 24 
51 257 313 78 21 22 263 24 24 
451 51 257 313 78 21 22 263 24 24 
51 257 313 78 21 22 263 24 24 
51 257 313 78 21 22 263 24 24 
451 51 257 313 78 21 22 263 24 24 
51 257 313 78 21 22 263 24 24 
451 51 257 313 78 21 22 263 24 24 
451 51 257 313 78 21 22 263 24 24 
451 51 257 313 78 21 22 263 24 24 
451 51 257 313 78 21 22 263 24 24 
451 51 257 313 78 21 22 263 24 24 
51 257 313 78 21 22 263 24 24 
451 51 257 313 78 21 22 263 24 24 
451 51 257 313 78 21 22 263 24 24 
451 51 257 313 78 21 22 263 24 24 
54 51 257 313 441 78 192 21 22 263 24 24 
51 257 313 78 21 22 263 24 24 
451 51 257 313 78 21 22 263 24 24 
51 257 313 78 21 22 263 24 24 
51 257 313 78 21 22 263 24 24 
451 51 257 313 78 21 22 263 24 24 
51 257 313 78 21 22 263 24 24 
51 257 313 78 21 22 263 24 24 
451 51 257 313 78 21 22 263 24 24 
51 257 313 78 21 22 263 24 24 
51 257 313 78 21 22 263 24 24 
451 51 257 313 78 21 22 263 24 24 
451 51 257 313 78 21 22 263 24 24 
451 51 257 313 78 21 22 263 24 24 
451 51 257 313 78 21 22 263 24 24 
451 51 257 313 78 21 22 263 24 24 
451 51 257 313 78 21 22 263 24 24 
451 51 257 313 78 21 22 263 24 24 
451 51 257 313 78 21 22 263 24 24 
451 51 257 313 78 21 22 263 24 24 
451 51 257 313 78 21 22 263 24 24 
451 51 257 313 78 21 22 263 24 24 
451 51 257 313 78 21 22 263 24 24 
451 51 257 313 78 21 22 263 24 24 
451 51 257 313 78 21 22 263 24 24 
451 51 257 313 78 21 22 263 24 24 
451 51 257 313 78 21 22 263 24 24 
451 51 257 313 78 21 22 263 24 24 
451 51 257 313 78 21 22 263 24 24 
451 51 257 313 78 21 22 263 24 24 
451 51 257 313 78 21 22 263 24 24 
451 51 257 313 78 21 22 263 24 24 
451 51 257 313 78 21 22 263 24 24 
451 51 257 313 78 21 22 263 24 24 
451 51 257 313 78 21 22 263 24 24 
451 51 257 313 78 21 22 263 24 24 
451 51 257 313 78 21 22 263 24 24 
451 51 257 313 78 21 22 263 24 24 
51 257 313 78 21 22 263 24 24 
451 51 257 313 78 21 22 263 24 24 
451 51 257 313 78 21 22 263 24 24 
51 257 313 78 21 22 263 24 24 
451 51 257 313 78 21 22 263 24 24 
451 51 257 313 78 21 22 263 24 24 
451 51 257 313 78 21 22 263 24 24 
451 51 257 313 78 21 22 263 24 24 
451 51 257 313 78 21 22 263 24 24 
451 51 257 313 78 21 22 263 24 24 
451 51 257 313 78 21 22 263 24 24 
451 51 257 313 78 21 22 263 24 24 
451 51 257 313 78 21 22 263 24 24 
51 257 313 78 21 22 263 24 24 
451 51 257 313 78 21 22 263 24 24 
451 51 257 313 78 21 22 263 24 24 
51 257 313 78 21 22 263 24 24 
451 51 257 313 78 21 22 263 24 24 
51 257 313 78 21 22 263 24 24 
51 257 313 78 21 22 263 24 24 
51 257 313 78 21 22 263 24 24 
51 257 313 78 21 22 263 24 24 
51 257 313 78 21 22 263 24 24 
51 257 313 78 21 22 263 24 24 
51 257 313 78 21 22 263 24 24 
51 257 313 78 21 22 263 24 24 
51 257 313 78 21 22 263 24 24 
51 257 313 78 21 22 263 24 24 
51 257 313 78 21 22 263 24 24 
51 257 313 78 21 22 263 24 24 
51 257 313 78 21 22 263 24 24 
51 257 313 78 21 22 263 24 24 
451 51 257 313 78 21 22 263 24 24 
51 257 313 78 21 22 263 24 24 
51 257 313 78 21 22 263 24 24 
51 257 313 78 21 22 263 24 24 
51 257 313 78 21 22 263 24 24 
51 257 313 78 21 22 263 24 24 
51 257 313 78 21 22 263 24 24 
51 257 313 78 21 22 263 24 24 
51 257 313 78 21 22 263 24 24 
451 51 257 313 78 21 22 263 24 24 
51 257 313 78 21 22 263 24 24 
451 51 257 313 78 21 22 263 24 24 
51 257 313 78 21 22 263 24 24 
51 257 313 78 21 22 263 24 24 
51 257 313 78 21 22 263 24 24 
451 51 257 313 78 21 22 263 24 24 
51 257 313 78 21 22 263 24 24 
451 51 257 313 78 21 22 263 24 24 
51 257 313 78 21 22 263 24 24 
51 257 313 78 21 22 263 24 24 
51 257 313 78 21 22 263 24 24 
51 257 313 78 21 22 263 24 24 
51 257 313 78 21 22 263 24 24 
51 257 313 78 21 22 263 24 24 
451 51 257 313 78 21 22 263 24 24 
451 51 257 313 78 21 22 263 24 24 
451 51 257 313 78 21 22 263 24 24 
451 51 257 313 78 21 22 263 24 24 
451 51 257 313 78 21 22 263 24 24 
51 257 313 78 21 22 263 24 24 
51 257 313 78 21 22 263 24 24 
451 51 257 313 78 21 22 263 24 24 
51 257 313 78 21 22 263 24 24 
451 51 257 313 78 21 22 263 24 24 
51 257 313 78 21 22 263 24 24 
51 257 313 78 21 22 263 24 24 
451 51 257 313 78 21 22 263 24 24 
51 257 313 78 21 22 263 24 24 
54 51 257 313 441 78 192 21 22 263 24 24 
51 257 313 78 21 22 263 24 24 
51 257 313 78 21 22 263 24 24 
51 257 313 78 21 22 263 24 24 
51 257 313 78 21 22 263 24 24 
51 257 313 78 21 22 263 24 24 
51 257 313 78 21 22 263 24 24 
451 51 257 313 78 21 22 263 24 24 
451 51 257 313 78 21 22 263 24 24 
51 257 313 78 21 22 263 24 24 
451 51 257 313 78 21 22 263 24 24 
51 257 313 78 21 22 263 24 24 
51 257 313 78 21 22 263 24 24 
451 51 257 313 78 21 22 263 24 24 
51 257 313 78 21 22 263 24 24 
54 51 257 313 441 78 192 21 22 263 24 24 
451 51 257 313 78 21 22 263 24 24 
51 257 313 78 21 22 263 24 24 
451 51 257 313 78 21 22 263 24 24 
51 257 313 78 21 22 263 24 24 
451 51 257 313 78 21 22 263 24 24 
51 257 313 78 21 22 263 24 24 
51 257 313 78 21 22 263 24 24 
451 51 257 313 78 21 22 263 24 24 
451 51 257 313 78 21 22 263 24 24 
451 51 257 313 78 21 22 263 24 24 
451 51 257 313 78 21 22 263 24 24 
51 257 313 78 21 22 263 24 24 
451 51 257 313 78 21 22 263 24 24 
51 257 313 78 21 22 263 24 24 
451 51 257 313 78 21 22 263 24 24 
51 257 313 78 21 22 263 24 24 
51 257 313 78 21 22 263 24 24 
51 257 313 78 21 22 263 24 24 
451 51 257 313 78 21 22 263 24 24 
51 257 313 78 21 22 263 24 24 
51 257 313 78 21 22 263 24 24 
51 257 313 78 21 22 263 24 24 
51 257 313 78 21 22 263 24 24 
451 51 257 313 78 21 22 263 24 24 
451 51 257 313 78 21 22 263 24 24 
451 51 257 313 78 21 22 263 24 24 
451 51 257 313 78 21 22 263 24 24 
451 51 257 313 78 21 22 263 24 24 
51 257 313 78 21 22 263 24 24 
451 51 257 313 78 21 22 263 24 24 
51 257 313 78 21 22 263 24 24 
51 257 313 78 21 22 263 24 24 
51 257 313 78 21 22 263 24 24 