1 2 3 4 5 6 7 8 
1 2 4 9 10 
1 2 4 
1 2 4 
1 11 2 4 5 12 13 
1 2 4 5 12 13 
1 2 4 5 12 13 
1 11 2 4 5 12 13 
1 2 4 5 12 13 
1 2 4 5 12 13 
1 2 14 4 5 12 13 
1 2 4 5 12 13 
1 2 4 5 12 13 
1 2 4 5 12 13 
1 2 4 5 12 13 
1 2 4 5 12 13 
1 2 4 5 12 13 
1 2 15 4 5 12 13 
1 2 4 16 9 17 
1 2 4 17 
1 2 4 5 12 13 
1 2 18 4 5 12 13 
1 2 4 5 12 
1 2 4 
1 2 4 
1 2 4 
1 2 4 
1 2 4 
1 2 4 
1 2 4 
1 2 4 
1 2 4 
1 19 2 20 4 
1 2 4 
1 2 4 
1 2 4 
1 2 21 4 22 17 
1 2 4 17 
1 2 4 17 
1 2 4 5 12 13 
1 2 4 17 23 
1 2 4 9 
1 2 4 9 
1 2 4 9 
1 2 4 9 
1 2 4 9 
1 2 4 9 
1 2 4 
1 2 4 
1 2 18 4 
1 2 4 
1 2 4 
1 24 2 25 4 
1 2 4 
1 2 4 
1 2 4 
1 2 4 
1 2 4 
1 2 4 
1 2 4 
1 2 4 
1 2 4 
1 2 4 
1 2 4 
1 2 4 
1 2 4 
1 26 27 2 28 4 
1 2 4 
1 24 2 25 4 
1 2 4 
1 2 4 
1 2 4 
1 2 4 
1 24 2 25 4 
1 2 4 
1 2 4 
1 2 4 
1 2 4 
1 2 4 
1 2 15 4 
1 29 2 30 21 4 
1 2 4 
1 2 4 31 32 
1 24 2 25 4 17 
1 2 18 4 33 5 12 34 35 
1 2 18 4 
1 2 4 
1 2 4 5 12 13 
1 2 4 5 12 13 
1 2 4 5 12 13 
1 2 4 5 12 13 
1 2 4 5 12 13 
1 2 4 5 12 13 
1 2 4 5 12 13 
1 2 4 5 12 13 
1 11 2 4 5 12 13 
1 2 4 5 12 13 
1 2 4 5 12 13 
1 2 4 5 12 13 
1 2 4 5 12 13 
