1 2 690 
1 33 29 2 690 
1 2 690 
1 2 690 
1 2 690 
1 2 690 
1 2 690 
1 2 4 690 
1 2 690 
1 2 690 
1 2 690 
1 29 32 2 690 
1 2 690 
1 2 690 
1 2 690 
1 2 690 
1 2 4 690 
1 2 42 73 690 
1 2 690 
1 2 4 690 
1 2 690 
1 2 690 
1 33 29 2 690 
1 2 690 
1 2 690 
1 2 4 690 
1 2 690 
1 29 2 30 690 
1 2 690 
1 2 690 
1 2 690 
1 2 4 690 
1 2 690 
1 2 690 
1 29 2 690 
1 29 2 690 
1 2 4 690 
1 29 2 30 690 
1 2 690 
1 2 690 
1 2 690 
1 2 690 
1 2 690 
1 51 2 313 78 690 
1 2 690 
1 2 690 
1 33 29 2 690 
1 2 690 
1 2 690 
1 2 690 
1 2 690 
1 2 690 
1 66 29 2 690 
1 2 690 
1 691 2 690 
1 2 4 690 
1 2 690 
1 2 690 
1 2 690 
1 2 690 
1 17 2 690 
1 2 690 
1 2 690 
1 2 690 
1 2 690 
1 2 690 
1 2 690 
1 2 4 690 
1 2 690 
1 2 690 
1 50 51 2 52 690 
1 2 690 
1 93 2 94 690 
1 2 690 
1 2 690 
1 2 4 690 
1 2 690 
1 2 690 
1 2 690 
1 2 690 
1 2 690 
1 2 4 690 
1 2 690 
1 2 690 
1 29 2 690 
1 2 690 
1 33 29 2 690 
1 93 2 94 690 
1 2 690 
1 29 2 71 690 
1 2 4 690 
1 40 93 2 41 42 94 690 
1 29 32 2 690 
1 2 690 
1 2 690 
1 2 690 
1 2 690 
1 2 690 
1 2 690 
1 2 690 
1 29 32 2 690 
1 29 2 690 
1 2 690 
1 2 690 
1 2 690 
1 2 690 
1 2 4 690 
1 2 4 690 
1 2 690 
1 2 690 
1 2 690 
1 2 690 
1 2 690 
1 2 690 
1 2 690 
1 2 690 
1 2 690 
1 46 47 2 690 
1 2 4 690 
1 2 690 
1 2 4 690 
1 2 4 690 
1 2 4 690 
1 2 690 
1 2 318 690 
1 2 690 
1 2 690 
1 2 690 
1 2 690 
1 2 690 
1 2 690 
1 2 690 
1 2 690 
1 2 690 
1 2 690 
1 2 690 
1 2 690 
1 2 690 
1 2 690 
1 2 690 
1 2 690 
1 2 690 
1 2 690 
1 15 2 43 690 
1 2 690 
1 2 690 
1 2 690 
1 2 690 
1 2 690 
1 2 690 
1 2 690 
1 2 690 
1 2 690 
1 2 690 
1 2 690 
1 2 690 
1 2 690 
1 2 690 
1 2 690 
1 2 690 
1 2 690 
1 2 690 
1 2 690 
1 2 690 
1 2 690 
1 2 690 
1 2 690 
1 2 690 
1 2 690 
1 2 690 
1 2 690 
1 2 690 
1 2 690 
1 2 690 
1 2 4 690 
1 2 690 
1 2 4 690 
1 2 4 690 
1 2 4 690 
1 2 3 690 
1 2 690 
1 2 690 
1 2 690 
1 2 690 
1 2 690 
1 2 690 
1 2 690 
1 2 690 
1 2 690 
1 2 690 
1 2 690 
1 2 690 
1 2 4 690 
1 2 4 690 
1 2 4 690 
1 2 4 690 
1 2 4 690 
1 2 690 
1 2 690 
1 2 690 
1 2 4 690 
1 2 690 
1 2 690 
1 2 690 
1 2 690 
1 2 690 
1 2 690 
1 2 690 
1 2 690 
1 2 690 
1 29 2 690 
1 2 690 
1 2 690 
1 17 2 690 
1 2 4 690 
1 2 690 
1 2 690 
1 2 690 
1 29 2 690 
1 2 690 
1 2 690 
1 89 2 690 
1 2 690 
1 2 690 
1 2 690 
1 2 690 
1 2 124 690 
1 2 690 
1 2 690 
1 2 690 
1 2 690 
1 2 690 
1 2 4 690 
1 2 690 
1 2 690 
1 2 4 690 
1 2 690 
1 2 690 
1 2 690 
1 2 690 
1 2 4 690 
1 2 690 
1 2 690 
1 2 690 
1 2 690 
1 2 690 
1 2 4 690 
1 93 2 94 690 
1 2 690 
1 2 690 
1 2 690 
1 2 690 
1 2 690 
1 29 2 34 690 
1 127 2 690 
1 2 690 
1 2 690 
1 2 690 
1 2 690 
1 2 690 
1 2 690 
1 2 690 
1 2 4 690 
1 2 690 
1 2 690 
1 2 690 
1 2 690 
1 2 690 
1 2 690 
1 2 690 
1 2 42 73 690 
1 2 690 
1 2 4 690 
1 2 690 
1 2 690 
1 406 2 690 
1 2 690 
1 2 690 
1 2 690 
1 2 690 
1 2 690 
1 17 2 690 
1 2 690 
1 2 690 
1 2 690 
1 2 690 
1 2 690 
1 126 2 127 690 
1 2 690 
1 2 690 
1 2 690 
1 2 690 
1 2 690 
1 2 124 690 
1 2 690 
1 29 2 34 690 
1 2 690 
1 2 690 
1 2 690 
1 2 690 
1 2 690 
1 2 690 
1 2 690 
1 2 690 
1 2 690 
1 2 690 
1 2 690 
1 2 690 
1 2 690 
1 2 690 
1 2 690 
1 2 690 
1 29 32 2 690 
1 2 690 
1 29 32 2 690 
1 2 690 
1 2 4 690 
1 2 4 690 
1 2 690 
1 2 690 
1 2 4 690 
1 2 4 690 
1 2 690 
1 2 690 
1 89 2 690 
1 2 690 
1 51 2 690 
1 2 690 
1 2 690 
1 2 690 
1 2 4 690 
1 2 690 
1 2 690 
1 2 690 
1 2 4 690 
1 2 690 
1 2 690 
1 2 690 
1 2 690 
1 2 690 
1 2 690 
1 2 690 
1 2 690 
1 2 690 
1 2 4 690 
1 2 690 
1 2 690 
1 2 690 
1 2 4 690 
1 2 690 
1 29 2 71 690 
1 356 15 2 43 690 
1 2 690 
1 29 32 2 690 
1 2 690 
1 2 690 
1 2 3 690 
1 2 690 
1 2 690 
1 2 690 
1 581 19 2 690 
1 2 4 690 
1 2 690 
1 2 690 
1 2 690 
1 50 51 2 52 690 
1 33 29 2 690 
1 29 32 2 690 
1 2 690 
1 15 2 690 
1 2 690 
1 2 690 
1 2 690 
1 2 690 
1 2 690 
1 2 4 690 
1 2 690 
1 29 2 71 690 
1 2 690 
1 2 690 
1 2 690 
1 2 690 
1 2 690 
1 29 32 2 4 690 
1 2 4 690 
1 15 2 43 690 
1 2 690 
1 2 690 
1 2 690 
1 2 690 
1 2 4 690 
1 2 4 690 
1 2 690 
1 2 4 690 
1 2 4 690 
1 2 690 
1 2 690 
1 2 690 
1 2 690 
1 2 690 
1 2 690 
1 29 32 2 690 
1 2 690 
1 2 690 
1 2 690 
1 2 690 
1 2 690 
1 2 690 
1 2 690 
1 2 690 
1 2 690 
1 2 690 
1 2 690 
1 2 690 
1 2 4 690 
1 2 690 
1 33 29 2 690 
1 2 690 
1 2 690 
1 2 690 
1 2 690 
1 2 690 
1 2 690 
1 2 690 
1 2 690 
1 17 2 690 
1 2 4 690 
1 2 690 
1 2 690 
1 2 690 
1 2 4 690 
1 2 4 690 
1 2 690 
1 53 54 51 29 2 34 690 
1 2 690 
1 29 2 34 690 
1 2 690 
1 2 690 
1 2 690 
1 2 270 690 
1 2 690 
1 2 690 
1 2 690 
1 19 2 690 
1 2 690 
1 2 4 690 
1 2 690 
1 15 2 690 
1 2 690 
1 2 690 
1 2 690 
1 53 54 51 2 690 
1 2 690 
1 2 690 
1 2 4 690 
1 2 690 
1 2 690 
1 2 690 
1 53 54 51 2 690 
1 2 690 
1 2 690 
1 2 690 
1 2 690 
1 2 4 690 
1 2 690 
1 2 690 
1 2 690 
1 2 690 
1 2 690 
1 2 690 
1 2 690 
1 2 690 
1 29 2 690 
1 2 4 690 
1 2 690 
1 2 690 
1 2 690 
1 2 690 
1 2 690 
1 29 32 2 690 
1 2 690 
1 89 2 690 
1 2 690 
1 2 690 
1 2 690 
1 2 690 
1 2 690 
1 2 690 
1 2 690 
1 2 4 690 
1 2 690 
1 2 690 
1 2 690 
1 2 690 
1 2 690 
1 2 690 
1 2 690 
1 2 690 
1 2 690 
1 2 690 
1 2 690 
1 2 690 
1 2 690 
1 2 690 
1 2 690 
1 2 690 
1 2 4 690 
1 2 690 
1 2 690 
1 2 690 
1 2 690 
1 2 690 
1 2 690 
1 2 690 
1 2 690 
1 2 690 
1 2 690 