184 1 15 51 348 257 349 350 185 359 351 21 352 22 99 353 357 100 353 
51 348 257 349 350 359 351 21 352 22 99 353 142 36 357 100 353 
51 348 257 349 350 359 351 21 352 22 99 353 142 36 357 100 353 
51 348 257 349 350 359 351 21 352 22 99 353 357 100 353 
51 348 257 349 350 359 351 21 352 22 99 353 357 100 353 
51 348 257 349 350 359 351 21 22 352 99 353 100 353 
51 348 257 349 350 359 351 21 22 352 99 353 100 353 
51 348 257 349 350 359 351 21 352 22 99 353 357 100 353 
51 348 257 349 350 359 351 21 352 22 99 353 357 100 353 
51 348 257 349 350 359 351 21 22 352 99 353 100 353 
51 348 257 349 350 359 351 21 352 22 99 353 357 100 353 
51 348 257 349 350 359 351 21 22 352 99 353 100 353 
51 348 257 349 350 359 351 21 352 22 99 353 357 100 353 
51 348 257 349 350 42 359 351 108 21 352 22 99 353 357 100 353 
51 348 257 349 350 359 313 78 351 21 352 22 99 353 357 100 353 
51 348 257 349 350 359 351 5 28 27 21 22 352 353 99 8 100 353 
190 54 51 348 257 349 350 359 192 351 269 5 28 27 21 22 352 353 99 8 100 353 
51 348 257 349 350 359 351 21 352 22 99 353 357 24 100 353 
51 348 257 349 350 359 351 21 352 22 99 353 357 100 353 
51 348 257 349 350 359 351 21 352 22 99 353 357 100 353 
1 15 51 348 257 349 350 359 443 351 21 352 22 99 353 357 100 353 
51 348 257 349 350 359 351 21 352 22 99 353 357 100 353 
1 15 51 348 257 349 350 359 351 21 352 22 99 353 357 100 353 
51 348 257 349 350 359 351 21 352 22 99 353 357 100 353 
51 348 257 349 350 359 351 21 352 22 99 353 357 24 100 353 
51 348 257 349 350 359 351 5 6 21 22 352 99 353 23 100 353 
51 348 257 349 350 359 351 5 6 21 22 352 99 353 23 100 353 
51 348 257 349 350 359 351 5 6 21 22 352 99 353 23 100 353 
51 348 257 349 350 359 351 21 352 22 99 353 357 100 353 
51 348 257 349 350 359 351 21 352 22 99 353 357 100 353 
51 348 257 349 350 359 351 21 352 22 99 353 357 100 353 
1 15 51 348 257 349 350 359 351 21 352 22 99 353 357 100 353 
51 348 257 349 350 359 351 109 28 21 22 352 99 353 80 100 110 353 
51 348 257 349 350 359 351 21 22 352 99 353 100 353 
51 348 257 349 350 359 351 21 22 352 99 353 100 353 
51 348 257 349 350 359 351 21 22 352 99 353 100 353 