1 15 16 5 8 35 8 
1 15 51 16 5 6 21 8 9 37 24 8 
1 15 16 5 177 112 8 113 8 
1 134 15 38 16 5 8 12 8 
1 15 16 5 6 8 9 8 
1 15 16 5 8 35 8 
1 15 16 5 8 12 8 
1 15 16 5 8 12 8 
1 15 16 5 8 12 8 
1 15 16 5 21 8 8 
1 15 16 5 21 8 8 
1 15 16 5 21 8 8 
1 15 16 5 8 12 8 
1 15 51 16 78 5 8 8 
1 15 16 5 8 120 8 
1 15 16 5 8 120 8 
1 15 16 5 8 120 8 
1 15 16 5 6 8 9 8 
1 15 16 5 6 8 9 8 
1 15 16 5 6 8 9 8 
1 15 16 5 6 8 9 8 
1 15 16 5 8 35 8 
1 15 16 5 177 112 8 113 8 
1 15 16 5 177 112 8 113 8 
1 15 16 5 8 8 
1 15 16 5 112 8 113 8 
1 15 16 5 177 112 8 113 8 
1 15 16 5 177 112 8 113 8 
1 53 54 15 51 16 5 177 112 8 113 8 
1 15 38 39 16 5 177 112 8 113 8 
1 15 16 5 177 112 8 113 8 
1 15 16 5 177 112 8 113 8 
1 15 16 5 177 112 8 113 8 
1 15 16 5 177 112 8 113 8 
1 15 16 5 177 112 8 113 8 
1 15 16 5 177 112 8 113 8 
1 15 16 5 177 112 8 113 8 
1 15 16 5 8 8 
1 15 16 5 8 8 
1 15 16 5 8 8 
1 184 15 185 16 5 8 8 
1 15 16 5 8 8 
1 15 16 5 8 8 
1 15 16 5 8 8 
1 15 16 5 8 8 
1 15 16 5 8 8 
1 15 16 5 8 8 
1 15 2 16 3 5 8 12 8 
1 15 16 5 112 8 113 8 
1 15 16 5 177 112 8 113 8 
1 15 16 5 177 112 8 113 8 
1 15 16 5 177 112 8 113 8 
1 15 51 16 5 177 112 8 113 8 
1 15 16 177 5 112 8 113 8 
1 15 16 5 137 101 8 8 
1 15 16 5 8 8 
1 15 16 177 5 112 8 113 8 
1 15 16 5 8 8 
1 15 16 5 8 12 8 
1 15 16 5 8 12 8 
1 15 16 5 8 8 
1 15 16 5 8 8 
1 15 16 5 8 12 8 
1 15 16 5 8 12 8 
1 15 51 16 375 78 5 8 12 8 
1 15 51 16 375 78 5 8 12 8 
1 15 51 16 375 78 5 8 12 8 
1 15 16 5 8 12 8 
1 15 16 5 6 8 9 8 
1 15 16 5 6 8 9 8 
1 15 16 5 8 12 8 
1 15 16 5 8 12 8 
1 15 16 5 8 12 8 
1 15 16 5 8 12 8 
1 15 16 5 8 12 8 
1 15 16 5 8 12 8 
1 15 16 5 8 12 8 
1 15 16 5 8 12 8 
1 15 16 5 8 12 8 
1 15 16 5 8 8 
1 15 16 5 8 35 8 
1 15 16 5 8 8 
1 15 16 5 8 12 8 
1 15 16 5 177 112 8 113 8 
1 15 16 5 177 112 8 113 8 
1 15 16 177 5 112 8 113 8 
1 15 16 177 5 112 8 113 8 
1 15 16 177 5 112 8 113 8 
1 15 16 177 5 112 8 113 8 
1 15 16 177 5 112 8 113 8 
1 15 16 177 5 112 8 113 8 
1 15 16 177 5 112 8 113 8 
1 15 16 177 5 112 8 113 8 
1 15 16 177 5 112 8 113 8 
1 15 16 177 5 112 8 113 8 
1 15 16 177 5 112 8 113 8 
1 15 16 177 5 112 8 113 8 
1 15 16 177 5 112 8 113 8 
1 15 16 177 5 112 8 113 8 
1 15 2 16 177 5 112 8 113 8 
1 15 16 177 5 112 8 113 8 
1 15 16 177 5 112 8 113 8 
1 15 16 177 5 112 8 113 8 
1 15 16 177 5 112 8 113 8 
1 15 16 177 5 112 8 113 8 
1 15 16 177 5 112 8 113 8 
1 15 16 177 5 112 8 113 8 
1 15 16 177 5 112 8 113 8 
1 15 16 177 5 112 8 113 8 
1 15 16 177 5 112 8 113 8 
1 15 16 177 5 112 8 113 8 
1 15 16 177 5 112 8 113 8 
1 15 16 177 5 112 8 113 8 
1 15 16 177 5 112 8 113 8 
1 15 16 177 5 112 8 113 8 
1 15 16 177 5 112 8 113 8 
1 15 16 177 5 112 8 113 8 
1 15 16 5 6 8 9 8 
1 15 16 5 8 8 
1 15 16 5 8 8 
1 15 16 5 8 8 
1 15 16 5 8 8 
1 15 16 5 8 8 
1 15 16 5 8 8 
1 15 2 16 5 8 8 
1 15 16 177 5 112 8 113 8 
1 15 16 177 5 112 8 113 8 
1 15 16 177 5 112 8 113 8 
1 15 16 177 5 112 8 113 8 
1 15 16 177 5 112 8 113 8 
1 15 16 177 5 112 8 113 8 
1 15 16 177 5 112 8 113 8 
1 15 16 177 5 112 8 113 8 
1 15 16 177 5 112 8 113 8 
1 15 16 177 5 112 8 113 8 
1 15 16 177 5 112 8 113 8 
1 15 16 177 5 112 8 113 8 
1 15 16 177 5 112 8 113 8 
1 15 16 145 42 177 5 112 8 113 8 
1 15 51 16 177 5 112 8 113 8 
1 15 16 177 5 112 8 113 8 
1 15 16 5 8 120 8 
1 15 16 177 5 112 8 113 8 
1 15 16 177 5 112 8 113 8 
1 15 16 5 8 8 
1 15 16 5 8 35 8 
1 15 16 5 101 8 8 
1 15 2 16 3 5 137 101 8 8 
1 15 16 177 5 112 8 113 8 
1 15 16 5 8 120 8 
1 15 16 177 5 112 8 113 8 
1 15 16 177 5 112 8 113 8 
1 15 16 177 5 112 8 113 8 
1 15 16 177 5 112 8 113 8 
1 15 16 177 5 112 8 113 8 
1 15 16 177 5 112 8 113 8 
1 15 16 177 5 112 8 113 8 
1 15 16 177 5 112 8 113 8 
1 15 16 177 5 112 8 113 8 
1 15 16 177 5 112 8 113 8 
1 15 16 177 5 112 8 113 8 
1 15 16 177 5 112 8 113 8 
1 15 16 5 8 8 
1 15 16 5 8 35 8 
1 15 16 5 8 12 8 
1 15 16 5 8 12 8 
1 15 16 5 8 12 8 
1 15 51 16 313 78 5 101 8 208 8 
1 15 16 5 177 112 8 113 8 
1 15 16 5 8 12 8 
1 15 38 39 16 5 177 112 8 113 8 
1 15 16 5 8 12 8 
1 15 16 5 8 35 8 
1 15 16 5 8 8 
1 15 16 5 8 8 
1 15 16 5 8 12 8 
1 15 16 5 8 35 8 
1 15 16 5 101 395 8 8 
1 15 16 5 8 8 
1 15 16 5 8 8 
1 15 16 5 8 8 
1 15 16 5 8 120 8 
1 15 16 5 8 120 8 
1 15 16 5 8 120 8 
1 15 16 5 8 8 
1 15 16 5 8 12 8 
1 15 16 5 8 12 8 
1 15 16 5 8 12 8 
1 15 16 5 8 12 8 
1 15 16 5 8 8 
1 15 16 5 8 12 8 
1 15 16 5 8 8 
1 15 2 16 3 5 8 12 8 
1 15 16 5 8 8 
1 15 16 5 8 35 8 
1 15 16 5 8 120 8 
1 15 16 5 8 120 8 
1 15 16 5 8 35 8 
1 15 16 177 5 112 8 113 8 
1 15 16 5 8 8 
1 15 16 5 8 12 8 
1 15 16 5 8 35 8 
1 15 51 16 5 8 12 8 
1 15 16 5 6 8 9 8 
1 15 16 177 5 112 8 113 8 
1 15 16 177 5 112 8 113 8 
1 15 16 177 5 112 8 113 8 
1 15 16 177 5 112 8 113 8 
1 15 16 177 5 112 8 113 8 
1 15 16 5 8 12 8 
1 15 16 5 8 12 8 
1 15 16 5 6 8 9 8 
1 15 16 5 6 8 9 8 
1 15 16 5 8 12 8 
1 15 16 5 8 371 8 
1 15 16 5 8 12 8 
1 15 16 5 8 12 8 
1 15 16 5 6 8 9 8 
1 184 15 185 16 177 5 112 8 113 8 
1 15 16 5 112 8 113 8 
1 15 16 5 8 12 8 
1 15 16 5 21 8 8 
1 15 16 5 177 112 8 113 8 
1 15 16 5 8 12 8 
1 15 16 5 8 8 
1 15 16 5 8 12 8 
1 15 16 5 8 12 8 
1 74 15 51 16 77 78 5 8 35 8 
1 15 16 5 8 12 8 
1 15 16 5 8 12 8 
1 15 16 5 8 35 8 
1 15 16 177 5 112 8 113 8 
1 15 16 5 8 12 8 
1 15 16 5 8 12 8 
1 15 16 5 8 12 8 
1 15 16 5 8 12 8 
1 15 16 5 8 12 8 
1 15 16 5 8 35 8 
1 15 16 5 8 35 8 
1 15 16 5 8 8 
1 15 16 5 8 12 8 
1 15 16 5 8 12 8 
1 15 16 5 8 8 
1 15 2 16 5 8 12 8 
1 15 16 5 8 12 8 
1 15 16 5 8 12 8 
1 15 16 5 8 35 8 
1 15 16 5 6 8 8 
1 15 16 5 8 12 8 
1 15 16 5 6 8 9 8 
1 15 16 5 101 8 102 8 
1 15 16 5 8 12 8 
1 15 16 5 8 35 8 
1 15 16 5 8 12 8 
1 15 16 5 6 8 9 8 
1 15 38 39 16 5 8 8 
1 15 51 16 5 8 12 8 
1 15 16 5 8 12 8 
1 15 16 5 8 12 8 
1 15 16 5 8 8 
1 15 51 16 177 5 112 8 113 8 
1 15 16 177 5 112 8 113 8 
1 15 16 5 177 112 8 113 8 
1 15 16 5 27 28 21 8 546 8 
1 15 16 5 8 12 8 
1 15 16 5 8 12 8 
1 15 16 161 5 8 8 
1 15 16 161 5 8 8 
1 15 16 5 8 8 
1 15 2 16 5 8 8 
1 18 15 19 20 2 16 5 8 8 
1 15 16 5 162 8 8 
1 15 16 5 8 12 8 
1 15 16 5 8 35 8 
1 15 16 5 8 12 8 
1 15 16 177 5 112 8 113 8 
1 15 16 177 5 112 8 113 8 
1 15 16 177 5 112 8 113 8 
1 15 16 177 5 112 8 113 8 
1 15 16 177 5 112 8 113 8 
1 15 16 177 5 112 8 113 8 
1 15 16 177 5 112 8 113 8 
1 15 16 5 8 35 8 
1 15 16 177 5 112 8 113 8 
1 15 16 177 5 112 8 113 8 
1 15 16 177 5 112 8 113 8 
1 15 16 177 5 112 8 113 8 
1 15 16 177 5 112 8 113 8 
1 18 15 19 20 2 16 177 5 112 8 113 8 
1 15 16 177 5 112 8 113 8 
1 15 16 177 5 112 8 113 8 
1 15 16 177 5 112 8 113 8 
1 15 16 177 5 112 8 113 8 
1 15 16 177 5 112 8 113 8 
1 15 16 177 5 112 8 113 8 
1 15 16 177 5 112 8 113 8 
1 15 16 177 5 112 8 113 8 
1 15 16 177 5 112 8 113 8 
1 15 16 177 5 112 8 113 8 
1 15 16 177 5 112 8 113 8 
1 15 16 177 5 112 8 113 8 
1 15 16 177 5 112 8 113 8 
1 15 16 177 5 112 8 113 8 
1 15 16 177 5 112 8 113 8 
1 15 16 177 5 112 8 113 8 
1 15 16 177 5 112 8 113 8 
1 15 16 177 5 112 8 113 8 
1 15 16 177 5 112 8 113 8 
1 15 16 177 5 112 8 113 8 
1 15 16 177 5 112 8 113 8 
1 15 16 177 5 112 8 113 8 
1 15 16 177 5 112 8 113 8 
1 15 16 177 5 112 8 113 8 
1 15 16 177 5 112 8 113 8 
1 15 16 177 5 112 8 113 8 
1 15 16 177 5 112 8 113 8 
1 15 16 177 5 112 8 113 8 
1 15 16 177 5 112 8 113 8 
1 74 15 51 16 77 78 177 5 112 8 113 8 
1 74 15 51 16 77 78 177 5 112 8 113 8 
1 15 16 177 5 112 8 113 8 
1 15 16 177 5 112 8 113 8 
1 15 16 177 5 112 8 113 8 
1 15 16 177 5 112 8 113 8 
1 15 16 177 5 112 8 113 8 
1 15 16 177 5 112 8 113 8 
1 15 16 177 5 112 8 113 8 
1 15 16 177 5 112 8 113 8 
1 15 16 177 5 112 8 113 8 
1 15 16 177 5 112 8 113 8 
1 15 16 177 5 112 8 113 8 
1 15 16 177 5 112 8 113 8 
1 15 16 177 5 112 8 113 8 
1 15 16 177 5 112 8 113 8 
1 15 16 177 5 112 8 113 8 
1 15 16 177 5 112 8 113 8 
1 18 15 19 20 2 16 177 5 112 8 113 8 
1 15 16 177 5 112 8 113 8 
1 15 16 177 5 112 8 113 8 
1 15 16 177 5 112 8 113 8 
1 15 16 177 5 112 8 113 8 
1 15 16 177 5 112 8 113 8 
1 15 16 177 5 112 8 113 8 
1 15 16 5 8 8 
1 15 16 5 8 12 8 
1 15 16 5 8 12 8 
1 15 16 5 8 12 8 
1 15 51 16 78 5 8 8 
1 15 16 5 8 8 
1 15 16 5 177 112 8 113 8 
1 15 16 5 177 112 8 113 8 
1 15 16 161 5 8 8 
1 15 16 161 5 8 8 
1 15 16 5 8 8 
1 59 15 16 60 5 232 8 233 8 
1 59 15 16 60 5 232 8 233 8 
1 15 2 16 5 8 8 
1 15 16 5 8 8 
1 15 16 177 5 112 8 113 8 
1 15 16 177 5 112 8 113 8 
1 15 16 5 8 8 
1 15 16 5 8 12 8 
1 15 16 5 6 8 9 8 
1 15 16 5 8 8 
1 15 16 5 8 12 8 
1 15 16 5 8 12 8 
1 15 16 5 8 8 
1 15 16 177 5 112 8 113 8 
1 15 16 5 8 12 8 
1 15 16 5 8 12 8 
1 15 16 5 8 8 
1 15 16 5 8 8 
1 15 16 5 8 8 
1 15 16 5 8 8 
1 15 16 5 8 8 
1 15 16 5 8 8 
1 15 16 5 8 8 
1 15 16 5 8 8 
1 15 16 5 8 8 
1 15 16 5 8 8 
1 15 16 5 8 8 
1 15 16 5 8 8 
1 15 16 5 8 8 
1 15 16 5 8 8 
1 15 16 5 8 8 
1 15 16 5 8 8 
1 15 16 5 8 8 
1 15 16 5 8 12 8 
1 15 16 5 8 12 8 
1 15 16 5 8 12 8 
1 15 16 5 8 12 8 
1 15 16 5 8 12 8 
1 15 16 5 8 12 8 
1 15 16 5 8 12 8 
1 15 16 5 8 12 8 
1 15 16 5 8 12 8 
1 184 15 185 16 5 8 12 8 
1 15 16 5 8 8 
1 15 16 5 8 8 
1 15 16 5 8 35 8 
1 15 16 5 8 35 8 
1 15 16 5 8 8 
1 15 16 5 8 8 
1 15 16 5 8 8 
1 15 16 43 5 8 12 8 
1 15 38 39 16 5 8 12 8 
1 15 16 5 8 12 8 
1 15 16 5 8 12 8 
1 15 16 5 8 8 
1 15 16 5 8 8 
1 15 16 5 8 8 
1 54 15 51 16 5 8 8 
1 15 16 5 8 8 
1 15 16 5 8 8 
1 15 16 5 8 8 
1 15 16 5 8 8 
1 15 16 5 8 8 
1 15 16 5 8 8 
1 15 16 5 8 8 
1 15 95 16 96 5 8 8 
1 15 38 39 16 5 8 8 
1 15 51 349 16 363 5 8 8 
1 15 16 5 8 8 
1 15 16 5 8 8 
1 15 16 5 8 8 
1 15 16 5 8 8 
1 15 51 16 313 78 5 8 8 
1 15 2 16 5 8 8 
1 15 16 5 8 8 
1 15 16 5 8 8 
1 15 16 5 8 8 
1 15 16 5 8 8 
1 15 16 5 8 8 
1 15 16 5 8 8 
1 15 16 5 8 8 
1 15 16 5 8 8 
1 15 16 5 8 8 
1 15 16 5 8 8 
1 15 16 5 8 8 
1 15 16 5 8 8 
1 15 16 5 8 8 
1 15 16 5 8 8 
1 15 16 5 8 8 
1 15 16 5 8 8 
1 15 16 5 8 8 
1 15 16 5 8 8 
1 15 16 5 8 8 
1 15 16 5 8 8 
1 15 16 5 8 8 
1 15 16 5 8 8 
1 15 16 5 8 8 
1 15 16 5 8 8 
1 15 16 5 8 8 
1 15 16 5 8 8 
1 15 16 5 8 8 
1 15 16 5 8 8 
1 15 16 5 8 8 
1 15 16 5 8 8 
1 15 51 16 313 78 5 8 8 
1 15 16 5 8 8 
1 15 16 5 8 8 