1 442 15 401 725 5 62 6 63 522 522 
1 442 15 401 725 5 62 6 63 522 522 
1 442 15 401 725 5 62 6 63 522 522 
1 442 15 401 725 5 6 63 64 522 522 
1 442 15 401 725 5 62 6 63 522 522 
1 442 15 401 725 5 62 6 63 522 522 
1 442 15 401 725 5 62 6 63 522 522 
1 442 15 401 725 5 62 6 63 522 522 
1 442 15 401 725 5 62 6 63 522 522 
1 442 15 401 725 5 62 6 63 522 522 
1 442 15 401 725 5 62 6 63 522 522 
1 442 15 401 725 5 62 6 63 522 522 
1 442 15 401 725 5 62 6 63 522 522 
1 442 15 401 725 5 62 6 63 522 522 
1 442 15 401 725 5 62 6 63 522 522 
1 442 15 401 725 5 62 6 63 522 522 
1 442 15 401 725 5 62 6 63 522 522 
1 442 15 401 725 5 62 6 63 522 522 
1 442 15 401 725 5 62 6 63 522 522 
1 442 15 401 725 5 62 6 63 522 522 
1 442 15 401 725 5 62 6 63 522 522 
1 442 15 401 725 5 62 6 63 522 522 
1 442 15 401 725 5 62 6 63 522 522 
1 442 15 401 725 5 62 6 63 522 522 
1 442 15 401 725 5 62 6 63 522 522 
1 442 15 401 725 5 62 6 63 522 522 
1 442 15 401 725 5 62 6 63 522 522 
1 442 15 401 725 5 62 6 63 522 522 
1 442 15 401 725 5 62 6 63 522 522 
1 442 15 401 725 5 62 6 63 522 522 
1 442 15 401 725 5 62 6 63 522 522 
1 442 15 401 725 5 62 6 63 522 522 
1 442 15 401 725 5 62 6 63 522 522 
1 442 15 401 725 5 62 6 63 522 522 
1 442 15 401 725 5 62 6 63 522 522 
1 442 15 401 725 5 62 6 63 522 522 
1 442 15 401 725 5 62 6 63 522 522 
1 442 15 401 725 5 62 6 63 522 522 
1 442 15 401 725 5 62 6 63 522 522 
1 442 15 401 725 5 62 6 63 522 522 
1 442 15 401 725 5 62 6 63 522 522 
1 442 15 401 725 5 62 6 63 522 522 
1 442 15 401 725 5 62 6 63 522 522 
1 442 15 401 725 5 62 6 63 522 522 
1 442 15 401 725 5 62 6 63 522 522 
1 442 15 401 725 5 62 6 63 522 522 
1 442 15 401 725 5 62 6 63 522 522 
1 442 15 401 725 5 62 6 63 522 522 
1 53 54 15 51 401 725 5 62 6 63 522 522 
1 442 15 401 725 5 62 6 63 522 522 
1 442 15 401 725 5 62 6 63 522 522 
1 442 15 401 725 5 62 6 63 522 522 
1 442 15 401 725 5 62 6 63 522 522 
1 442 15 401 725 5 62 6 63 522 522 
1 442 15 401 725 5 62 6 63 522 522 
1 442 15 401 725 5 62 6 63 522 522 
1 442 15 401 725 5 62 6 63 522 522 
1 442 15 401 725 5 62 6 63 522 522 
1 442 15 401 725 5 62 28 6 21 63 22 522 522 
1 442 15 401 725 5 62 6 63 522 522 
1 442 15 401 725 5 62 6 63 522 522 
1 442 15 401 725 5 62 6 63 522 522 
1 442 15 401 725 5 62 6 63 522 522 
1 442 15 401 725 5 62 6 63 522 522 
1 442 15 401 725 5 62 6 63 522 522 
1 442 15 401 725 5 62 6 63 522 522 
1 442 15 401 725 5 62 6 63 522 522 
1 442 15 401 725 5 62 6 63 522 522 
1 442 15 401 725 5 62 6 63 522 522 
1 442 15 401 725 5 6 63 522 522 
1 442 15 401 725 5 62 6 63 522 522 
1 442 15 401 725 5 62 6 63 522 522 
1 442 15 401 725 5 62 6 63 522 522 
1 442 15 401 725 5 62 6 63 522 522 
1 615 15 267 401 725 5 62 6 63 522 522 
1 442 15 401 725 5 27 28 6 21 63 522 522 