51 257 348 349 350 351 21 22 68 24 21 
51 257 348 349 350 351 5 21 22 143 8 37 144 24 21 
51 257 348 349 350 351 81 104 21 22 82 68 24 21 
51 257 348 349 350 351 133 21 22 68 24 21 
51 257 348 349 350 351 21 22 68 24 21 
51 257 348 349 350 351 81 104 21 22 82 68 24 21 
51 257 348 349 350 351 81 21 22 82 24 21 
51 257 348 349 350 351 5 500 21 22 99 21 
51 257 348 349 350 351 5 500 21 22 99 21 
51 257 348 349 350 351 81 21 22 82 24 21 
51 257 348 349 350 351 81 21 22 82 24 21 
51 257 348 349 350 351 21 22 24 21 
51 257 348 349 350 351 21 22 90 21 
51 257 348 349 350 351 81 21 22 82 24 21 
51 257 348 349 350 351 81 21 22 82 24 21 
51 257 348 349 350 351 81 21 22 82 24 21 
51 257 348 349 350 351 81 21 22 82 24 21 
51 257 348 349 350 351 81 21 22 82 24 21 
51 257 348 349 350 351 81 21 22 82 24 21 
51 257 348 349 350 351 81 21 22 82 24 21 
51 257 348 349 350 351 81 21 22 82 68 24 21 
51 257 348 349 350 351 81 21 22 82 24 21 
51 257 348 349 350 351 81 21 22 82 24 21 
51 257 348 349 350 351 81 21 22 82 24 21 
51 257 348 349 350 351 81 21 22 82 24 21 
51 257 348 349 350 351 81 21 22 82 24 21 
51 257 348 349 350 351 81 21 22 82 24 21 
51 257 348 349 350 351 81 21 22 82 24 21 
51 257 348 349 350 351 81 21 22 82 24 21 
51 257 348 349 350 351 133 21 22 68 24 21 
51 257 348 349 350 351 81 21 22 82 24 21 
51 257 348 349 350 351 81 21 22 82 24 21 
51 257 348 349 350 351 81 21 22 82 24 21 
51 257 348 349 350 351 81 21 22 82 24 21 
51 257 348 349 350 351 81 21 22 82 24 21 
51 257 348 349 350 351 81 21 22 82 24 21 
51 257 348 349 350 351 81 21 22 82 68 24 21 
51 257 348 349 350 351 21 22 68 24 21 
51 257 348 349 350 351 81 21 22 82 24 21 
51 257 348 349 350 351 81 21 22 82 24 21 
51 257 348 349 350 351 81 21 22 82 24 21 
51 257 348 349 350 351 133 21 22 68 24 21 
51 257 348 349 350 351 354 21 22 68 24 21 
51 257 348 349 350 351 354 21 22 68 24 21 
51 257 348 349 350 351 354 21 22 68 24 21 
51 257 348 349 350 351 354 21 22 68 24 21 
51 257 348 349 350 351 354 21 22 68 24 21 
51 257 348 349 350 351 354 21 22 68 24 21 
51 257 348 349 350 351 133 21 22 68 24 21 
51 257 348 349 350 351 133 21 22 68 24 21 
51 257 348 349 350 351 354 21 22 68 24 21 
51 257 348 349 350 351 354 21 22 68 24 21 
51 257 348 349 350 351 133 21 22 68 24 21 
51 257 348 349 350 351 354 21 22 68 24 21 
51 257 348 349 350 351 354 21 22 68 24 21 
51 257 348 349 350 351 133 21 22 68 24 21 
51 257 348 349 350 351 21 22 68 24 21 
51 257 348 349 350 351 133 21 22 68 24 21 
51 257 348 349 350 351 133 21 22 68 24 21 
51 257 348 349 350 351 104 21 22 68 24 21 
51 257 348 349 350 351 21 22 68 24 21 
51 257 348 349 350 351 354 21 22 68 24 21 
51 257 348 349 350 351 354 21 22 68 24 21 
51 257 348 349 350 351 133 21 22 68 24 21 
51 257 348 349 350 351 354 21 22 68 24 21 
51 257 348 349 350 351 354 21 22 68 24 21 
51 257 348 349 350 351 354 21 22 68 24 21 
51 257 348 349 350 351 21 22 68 24 21 
51 257 348 349 350 351 133 21 22 68 24 21 
51 257 348 349 350 351 133 21 22 68 24 21 
51 257 348 349 350 351 354 21 22 68 24 21 
51 257 348 349 350 351 354 21 22 68 24 21 
51 257 348 349 350 351 354 21 22 68 24 21 
51 257 348 349 350 351 133 21 22 68 24 21 
51 257 348 349 350 351 133 21 22 68 24 21 
51 257 348 349 350 351 21 22 90 21 
51 257 348 349 350 351 365 21 22 99 100 21 
51 257 348 349 350 351 81 21 22 82 68 24 21 
51 257 348 349 350 351 133 21 22 68 24 21 
51 257 348 349 350 351 21 22 68 24 21 
51 257 348 349 350 351 81 21 22 82 68 24 21 
51 257 348 349 350 351 81 21 22 82 68 24 21 
51 257 348 349 350 351 354 21 22 68 24 21 
51 257 348 349 350 351 21 22 68 24 21 
51 257 348 349 350 351 21 22 68 24 21 
51 257 348 349 350 351 21 22 68 24 21 
51 257 348 349 350 351 133 21 22 68 24 21 
51 257 348 349 350 351 133 21 22 68 24 21 
51 257 348 349 350 351 133 21 22 68 24 21 
51 257 348 349 350 351 500 21 22 99 21 
51 257 348 349 350 351 21 22 68 24 21 
51 257 348 349 350 351 21 22 68 24 21 
51 257 348 349 350 351 28 109 21 22 80 110 21 
51 257 348 349 350 351 21 22 352 99 68 24 100 21 
51 257 348 349 350 351 21 22 90 21 
51 257 348 349 350 351 81 21 22 82 68 24 21 
51 257 348 349 350 351 28 21 22 360 80 21 
51 257 348 349 350 351 21 22 68 24 21 
51 257 348 349 350 351 21 22 68 24 21 
51 257 348 349 350 351 21 22 24 21 
51 257 348 349 350 351 21 22 352 353 99 24 100 21 
51 257 348 349 350 351 21 22 352 353 99 24 100 21 
51 257 348 349 350 351 21 22 68 24 21 
51 257 348 349 350 351 21 22 352 99 353 100 21 
51 257 348 349 350 351 21 22 68 24 21 
51 257 348 349 350 351 81 21 22 82 68 24 21 
51 257 348 349 350 351 21 22 68 24 21 
51 257 348 349 350 351 133 21 22 68 24 21 
51 257 348 349 350 351 81 21 22 82 68 24 21 
51 257 348 349 350 351 21 22 68 24 21 
51 257 348 349 350 351 81 104 21 22 82 68 24 21 
1 15 51 257 348 349 350 43 351 354 21 22 68 24 21 
51 257 348 349 350 351 21 22 68 24 21 
51 257 348 349 350 351 81 21 22 82 68 24 21 
51 257 348 349 350 351 81 21 22 82 68 24 21 
51 257 348 349 350 351 21 22 99 362 21 
51 257 348 349 350 351 81 21 22 82 24 21 
51 257 348 349 350 351 21 22 90 21 
51 257 348 349 350 351 21 22 68 24 21 
51 257 348 349 350 351 21 22 68 24 21 
51 257 348 349 350 351 21 22 68 24 21 
51 257 348 349 350 351 21 22 90 24 21 
51 257 348 349 350 351 21 22 68 24 21 
51 257 348 349 350 351 81 104 21 22 82 68 24 21 
51 257 348 349 350 351 81 21 22 82 68 24 21 
51 257 348 349 350 351 104 21 22 68 24 21 
51 257 348 349 350 351 21 22 68 24 21 
51 257 348 349 350 351 21 22 68 24 21 
51 257 348 349 350 351 21 22 68 24 21 
51 257 348 349 350 351 21 22 68 24 21 
51 257 348 349 350 351 81 104 21 22 82 68 24 21 
51 257 348 349 350 351 81 21 22 82 68 24 21 
51 257 348 349 350 351 21 22 68 24 21 
51 257 348 349 350 351 21 22 352 99 353 100 21 
51 257 348 349 350 351 21 22 68 24 21 
51 257 348 349 350 351 21 22 68 24 21 
51 257 348 349 350 351 81 21 22 82 68 24 21 
51 257 348 349 350 351 21 22 68 24 21 
51 257 348 349 350 351 21 22 68 24 21 
51 257 348 349 350 351 21 22 68 24 21 
51 257 348 349 350 351 354 21 22 68 24 21 
51 257 348 349 350 351 104 21 22 68 24 21 
51 257 348 349 350 351 81 21 22 82 68 24 21 
51 257 348 349 350 351 21 22 24 21 
51 257 348 349 350 351 104 21 22 68 24 21 
51 257 348 349 350 351 21 22 68 24 21 
51 257 348 349 350 351 21 22 68 24 21 
51 257 348 349 350 351 28 21 22 360 80 21 
51 257 348 349 350 351 21 22 24 21 
51 257 348 349 350 351 81 104 21 22 82 68 24 21 
51 257 348 349 350 351 21 22 24 21 
51 257 348 349 350 351 81 21 22 82 68 24 21 
51 257 348 349 350 351 21 22 68 24 21 
51 257 348 349 350 351 21 22 68 24 21 
51 257 348 349 350 351 21 22 24 21 
51 257 348 349 350 351 21 22 24 21 
51 257 348 349 350 351 21 22 24 21 
51 257 348 349 350 351 81 21 22 82 68 24 21 
51 257 348 349 350 351 21 22 99 362 21 
51 257 348 349 350 351 21 22 68 24 21 
51 257 348 349 350 351 21 22 352 99 353 100 21 
51 257 348 349 350 351 21 22 68 24 21 
51 257 348 349 350 351 21 22 68 24 21 
51 257 348 349 350 351 500 21 22 99 21 
51 257 348 349 350 351 500 21 22 99 21 
51 257 348 349 350 351 104 21 22 68 24 21 
51 257 348 349 350 351 21 22 68 24 21 
51 257 348 349 350 351 21 22 68 24 21 
51 257 348 349 350 351 81 21 22 82 68 24 21 
51 257 348 349 350 351 21 22 99 24 471 21 
51 257 348 349 350 351 21 22 68 24 21 
51 257 348 349 350 351 21 22 24 21 
51 257 348 349 350 351 21 22 99 100 21 
51 257 348 349 350 351 21 22 24 21 
51 257 348 349 350 351 21 22 24 21 
51 257 348 349 350 351 21 22 24 21 
51 257 348 349 350 351 21 22 24 21 
51 257 348 349 350 351 21 22 24 21 
51 257 348 349 350 351 21 22 24 21 
51 257 348 349 350 351 21 22 24 21 