1 15 114 5 101 373 8 8 
1 15 114 5 101 8 102 8 
1 15 114 5 8 8 
1 15 114 5 8 35 8 
1 15 114 5 8 8 
1 15 114 5 8 8 
1 15 114 5 8 35 8 
1 15 114 5 8 8 
1 15 114 5 8 8 
1 15 114 5 8 8 
1 15 114 5 8 8 
1 15 114 5 8 8 
1 15 114 5 8 35 8 
1 15 114 5 8 35 8 
1 15 114 5 8 35 8 
1 15 114 5 8 35 8 
1 15 114 5 8 8 
1 15 114 5 101 8 8 
1 15 114 5 8 8 
1 15 114 5 8 35 8 
1 15 114 5 8 8 
1 15 114 5 8 35 8 
1 15 114 5 8 8 
1 15 114 5 8 35 8 
1 15 114 5 101 8 8 
1 15 114 5 8 35 8 
1 15 114 5 8 35 8 
1 184 15 185 114 5 8 8 
1 184 15 185 114 5 8 8 
1 184 15 185 114 5 8 8 
1 15 114 5 8 35 8 
1 184 15 185 114 5 8 35 8 
1 15 114 5 8 8 
1 15 202 114 5 8 8 
1 15 114 5 8 8 
1 15 114 5 8 8 
1 15 114 5 8 35 8 
1 15 114 5 8 35 8 
1 15 43 114 5 101 8 8 
1 15 114 5 8 8 
1 15 114 5 8 35 8 
1 15 114 5 8 35 8 
1 15 114 5 8 35 8 
1 15 114 5 8 35 8 
1 15 114 5 8 8 
1 15 114 5 8 8 
1 184 15 185 114 5 101 8 8 
1 15 114 5 8 36 130 8 
1 184 15 185 114 5 8 8 
1 15 114 5 8 8 
1 15 114 5 8 8 
1 15 114 5 8 8 
1 15 114 5 8 35 8 
1 15 114 5 8 35 8 
1 15 114 5 8 35 8 
1 15 114 5 8 8 
1 15 114 5 8 8 
1 15 114 5 8 8 
1 15 114 5 8 8 
1 15 114 5 8 8 
1 15 114 5 8 8 
1 15 114 5 8 8 
1 15 114 5 8 8 
1 15 114 5 8 8 
1 15 114 5 8 8 
1 15 114 5 8 8 
1 15 114 5 8 8 
1 15 114 5 8 8 
1 15 114 5 8 8 
1 15 114 5 8 8 
1 15 114 5 8 8 
1 15 114 5 8 8 
1 15 114 5 8 8 
1 15 114 5 8 8 
1 15 114 5 8 8 
1 15 114 5 8 8 
1 15 114 5 8 8 
1 15 114 5 8 8 
1 15 114 5 8 8 
1 15 114 5 8 8 
1 15 51 114 5 8 8 
1 15 114 5 8 8 
1 15 114 5 8 8 
1 15 114 5 8 8 
1 15 114 5 8 8 
1 15 114 5 8 8 
1 15 114 5 8 8 
1 15 114 5 8 8 