1 698 19 2 21 22 37 24 37 
1 698 19 2 21 22 37 24 37 
1 698 19 2 21 22 37 24 37 
1 698 19 2 5 21 22 143 8 37 144 24 37 
1 698 19 2 5 21 22 143 8 37 144 24 37 
1 698 19 2 21 22 37 24 37 
1 698 19 2 21 22 37 24 37 
1 698 19 2 21 22 37 24 37 
1 698 19 2 21 22 37 24 37 
1 698 19 2 21 22 37 24 37 
1 698 19 2 21 22 37 24 37 
1 698 19 2 21 22 37 24 37 
1 698 19 2 21 22 37 24 37 
1 698 19 2 21 22 37 24 37 
1 698 19 2 21 22 37 24 37 
1 698 19 2 21 22 37 24 37 
1 698 19 2 21 22 37 24 37 
1 698 19 2 21 22 37 24 37 
1 698 19 2 21 22 37 24 37 
1 698 19 2 21 22 37 24 37 
1 698 19 2 21 22 37 24 37 
1 698 19 2 21 22 37 24 37 
1 698 19 2 21 22 37 24 37 
1 698 19 2 21 22 37 24 37 
1 698 19 2 21 22 37 24 37 
1 698 19 2 21 22 37 24 37 
1 698 19 2 21 22 37 24 37 
1 698 19 2 21 22 37 24 37 
1 698 19 2 21 22 37 24 37 
1 698 19 2 21 22 37 24 37 
1 698 19 2 5 21 22 143 8 37 144 24 37 
1 698 19 2 5 21 22 143 8 37 144 24 37 
1 698 19 2 21 22 37 24 37 
1 698 19 2 21 22 37 24 37 
1 698 19 2 21 22 37 24 37 
1 698 19 2 21 22 37 24 37 
1 698 19 2 21 22 37 68 24 37 
1 698 19 2 21 22 37 68 24 37 
1 698 19 2 21 22 37 68 24 37 
1 698 19 2 21 22 37 68 24 37 
1 698 19 2 5 21 22 143 8 37 144 24 37 
1 698 19 2 5 21 22 143 8 37 144 24 37 
1 698 15 19 2 5 21 22 143 8 37 144 24 37 
1 698 19 2 5 21 22 143 8 37 144 24 37 
1 698 19 2 699 5 21 22 143 8 37 144 24 37 
1 698 19 2 5 21 22 143 8 37 144 24 37 
1 698 19 2 5 21 22 143 8 37 144 24 37 
1 698 19 2 5 21 22 143 8 37 144 24 37 
1 698 19 2 21 22 37 24 37 
1 698 19 2 21 22 37 24 37 
1 698 19 2 21 22 37 24 37 
1 698 19 2 21 22 37 24 37 
1 698 19 2 21 22 37 24 37 
1 698 19 2 21 22 37 24 37 
1 698 19 2 699 21 22 37 24 37 
1 698 19 2 21 22 37 24 37 
1 700 19 701 2 21 22 37 24 37 
1 700 19 701 2 21 22 37 24 37 
1 698 19 2 21 22 37 24 37 
1 698 19 2 21 22 37 24 37 
1 698 19 2 21 22 37 24 37 
1 698 19 2 21 22 37 24 37 
1 698 19 2 21 22 37 24 37 
1 698 19 2 5 21 22 143 8 37 144 24 37 
1 698 19 2 5 21 22 143 8 37 144 24 37 
1 698 19 2 5 21 22 143 8 37 144 24 37 
1 698 19 2 5 21 22 143 8 37 144 24 37 
1 698 19 2 5 21 22 143 8 37 144 24 37 
1 698 19 2 5 21 22 143 8 37 144 24 37 
1 698 19 2 5 21 22 143 8 37 144 24 37 
1 698 19 2 21 22 37 24 37 
1 698 19 2 5 21 22 143 8 37 144 24 37 
1 698 19 2 21 22 37 24 37 
1 698 19 2 21 22 37 24 37 
1 698 19 2 21 22 37 24 37 
1 698 19 2 21 22 37 24 37 
1 698 19 2 5 21 22 143 8 37 144 24 37 
1 698 19 2 5 21 22 143 8 37 144 24 37 
1 698 19 2 5 21 22 143 8 37 144 24 37 
1 698 19 2 5 21 22 143 8 37 144 24 37 
1 698 19 2 5 21 22 143 8 37 144 24 37 
1 698 19 2 5 21 22 143 8 37 144 24 37 
1 698 19 2 5 21 22 143 8 37 144 24 37 
1 698 19 2 5 21 22 143 8 37 144 24 37 
1 702 700 15 19 701 2 554 5 21 22 143 8 37 144 24 37 
1 698 19 2 5 21 22 143 8 37 144 24 37 
1 698 19 2 5 21 22 143 8 37 144 24 37 
1 698 19 2 5 21 22 143 8 37 144 24 37 
1 698 19 2 5 21 22 143 8 37 144 24 37 
1 698 19 2 5 21 22 143 8 37 144 24 37 
1 698 19 2 5 21 22 143 8 37 144 24 37 
1 698 19 2 5 21 22 143 8 37 144 24 37 
1 698 19 2 5 21 22 143 8 37 144 24 37 
1 698 19 2 21 22 263 37 24 37 
1 698 19 2 21 22 263 37 24 37 
1 698 19 2 21 22 263 37 24 37 
1 698 19 2 21 22 263 37 24 37 
1 698 19 2 21 22 263 37 24 37 
1 698 19 2 21 22 263 37 24 37 
1 698 19 2 21 22 263 37 24 37 
1 698 19 2 21 22 263 37 24 37 
1 698 19 2 21 22 263 37 24 37 
1 698 19 2 699 21 22 263 37 24 37 
1 698 19 2 21 22 263 37 24 37 
1 700 19 701 2 21 22 263 37 24 37 
1 698 19 2 21 22 263 37 24 37 
1 700 19 701 2 21 22 263 37 24 37 
1 698 19 2 21 22 263 37 24 37 
1 698 19 2 21 22 263 37 24 37 
1 698 19 2 21 22 263 37 24 37 
1 698 19 2 21 22 263 37 24 37 
1 698 19 2 5 21 22 143 8 37 144 24 37 
1 698 19 2 5 21 22 143 8 37 144 24 37 
1 698 19 2 5 21 22 143 8 37 144 24 37 
1 700 19 701 2 5 21 22 143 8 37 144 24 37 
1 698 19 2 5 21 22 143 8 37 144 24 37 
1 698 19 2 5 21 22 143 8 37 144 24 37 
1 698 19 2 5 21 22 143 8 37 144 24 37 
1 698 19 2 21 22 37 24 37 
1 698 19 2 5 21 22 143 8 37 144 24 37 
1 698 19 2 5 21 22 143 8 37 144 24 37 
1 698 19 2 5 21 22 143 8 37 144 24 37 
1 698 19 2 5 21 22 143 8 37 144 24 37 
1 698 19 2 5 21 22 143 8 37 144 24 37 
1 698 19 2 5 21 22 143 8 37 144 24 37 
1 698 19 2 5 21 22 143 8 37 144 24 37 
1 698 19 2 699 5 21 22 143 8 37 144 24 37 
1 700 19 701 2 5 21 22 143 8 37 144 24 37 
1 700 19 701 2 5 21 22 143 8 37 144 24 37 
1 700 19 701 2 5 21 22 143 8 37 144 24 37 
1 700 19 701 2 5 21 22 143 8 37 144 24 37 
1 700 19 701 2 5 21 22 143 8 37 144 24 37 
1 698 19 2 5 21 22 143 8 37 144 24 37 
1 698 19 2 5 21 22 143 8 37 144 24 37 
1 698 19 2 5 21 22 143 8 37 144 24 37 
1 698 19 2 5 21 22 143 8 37 144 24 37 
1 698 19 2 5 21 22 143 8 37 144 24 37 
1 698 19 2 5 21 22 143 8 37 144 24 37 
1 698 19 2 5 21 22 143 8 37 144 24 37 
1 698 19 2 5 21 22 143 8 37 144 24 37 
1 698 19 2 699 5 21 22 143 8 37 144 24 37 
1 698 19 2 5 21 22 143 8 37 144 24 37 
1 698 19 2 5 21 22 143 8 37 144 24 37 
1 698 19 2 5 21 22 143 8 37 144 24 37 
1 698 19 2 5 21 22 143 8 37 144 24 37 
1 698 19 2 5 21 22 143 8 37 144 24 37 
1 698 19 2 5 21 22 143 8 37 144 24 37 
1 698 19 2 5 21 22 143 8 37 144 24 37 
1 698 19 2 5 21 22 143 8 37 144 24 37 
1 698 19 2 5 21 22 143 8 37 144 24 37 
1 700 19 701 2 5 21 22 143 8 37 144 24 37 
1 700 19 701 2 5 21 22 143 8 37 144 24 37 
1 700 19 701 2 5 21 22 143 8 37 144 24 37 
1 700 19 701 2 5 21 22 143 8 37 144 24 37 
1 700 19 701 2 5 21 22 143 8 37 144 24 37 
1 700 19 701 2 5 21 22 143 8 37 144 24 37 
1 700 19 701 2 5 21 22 143 8 37 144 24 37 
1 698 19 2 699 5 21 22 143 8 37 144 24 37 
1 698 19 2 5 21 22 143 8 37 144 24 37 
1 698 19 2 5 21 22 143 8 37 144 24 37 
1 698 19 2 5 21 22 143 8 37 144 24 37 
1 698 19 2 5 21 22 143 8 37 144 24 37 
1 698 19 2 5 21 22 143 8 37 144 24 37 
1 698 19 2 5 21 22 143 8 37 144 24 37 
1 698 19 2 5 21 22 143 8 37 144 24 37 
1 698 19 2 5 21 22 143 8 37 144 24 37 
1 698 19 2 5 21 22 143 8 37 144 24 37 