1 15 51 401 400 313 78 5 8 8 
1 442 15 401 400 5 62 6 63 8 8 
1 15 401 400 5 8 8 
1 15 401 400 5 8 8 
1 15 401 400 5 8 8 
1 442 15 401 400 5 8 8 
1 442 15 401 5 8 8 
1 442 15 401 400 5 8 8 
1 15 401 400 5 8 8 
1 442 15 401 400 5 8 35 8 
1 15 401 400 5 8 8 
1 15 401 400 5 8 8 
1 15 51 401 400 313 78 5 8 8 
1 15 401 400 5 8 8 
1 442 15 401 400 5 8 8 
1 442 15 401 400 5 8 8 
1 15 401 400 5 6 8 9 8 
1 15 401 400 5 8 8 
1 442 15 401 400 177 5 112 8 113 8 
1 15 401 400 5 344 21 162 90 8 8 
1 15 401 400 5 8 35 8 
1 442 15 401 400 5 8 12 8 
1 15 401 400 5 62 6 63 8 8 
1 15 401 400 5 62 6 63 8 8 
1 442 15 401 400 5 8 8 
1 15 51 401 400 313 78 5 8 8 
1 15 401 400 5 27 28 21 8 8 
1 15 401 400 5 8 8 
1 15 401 400 5 8 8 
1 53 54 15 51 401 400 5 8 8 
1 15 401 400 5 8 8 
1 442 15 401 400 5 8 8 
1 15 401 400 5 6 63 64 8 8 
1 15 51 401 400 313 78 5 8 8 
1 15 401 400 5 8 8 
1 15 401 400 5 8 8 
1 15 401 400 5 8 8 
1 15 51 401 400 313 78 5 8 8 
1 15 401 400 5 8 8 
1 15 401 400 5 8 8 
1 442 15 401 5 8 8 
1 442 15 401 5 8 8 