1 15 334 514 436 436 
334 514 436 436 
334 38 39 514 436 436 
1 15 334 514 436 436 
334 514 436 436 
1 15 334 514 436 436 
334 514 436 436 
334 514 436 436 
334 514 436 436 
334 514 436 436 
334 514 436 436 
334 514 436 436 
334 514 436 436 
334 38 39 514 436 436 
334 514 436 436 
334 514 447 21 436 68 24 436 
334 514 447 21 436 68 24 436 
97 1 19 334 2 305 514 447 21 436 68 24 436 
334 514 447 21 436 68 24 436 
334 514 436 436 
334 514 436 436 
334 514 27 28 21 436 436 
334 514 436 436 
334 38 39 514 436 436 
334 514 436 436 
334 514 436 436 
334 514 436 436 
334 514 436 436 
1 15 334 514 436 436 
334 514 436 436 
334 514 447 436 436 
334 514 447 436 436 
334 514 436 436 
334 514 152 436 631 436 
334 38 39 514 436 436 
1 15 334 514 436 436 
334 514 436 436 
334 514 436 436 
334 514 436 436 
334 514 436 436 
334 514 436 436 
334 514 436 436 
334 514 436 436 
334 514 436 436 
334 514 436 436 
334 514 436 436 
1 15 334 514 436 436 
334 38 39 514 21 436 68 24 436 
334 514 21 436 68 24 436 
334 514 21 436 68 24 436 
334 514 436 436 
334 514 436 436 
334 514 21 436 68 24 436 
334 514 27 28 21 436 436 
1 15 334 514 436 436 
334 514 436 436 
334 514 21 436 68 24 436 
186 334 514 27 28 447 21 436 436 
334 38 39 514 436 436 
334 514 436 436 
334 514 436 436 
184 1 15 334 185 514 436 436 
1 15 334 514 436 436 
334 514 436 436 
334 514 436 436 
334 514 21 436 436 
334 514 21 436 436 
334 38 39 514 436 436 
1 15 334 514 436 436 
334 514 730 436 436 
334 514 436 436 
334 514 436 436 
334 514 447 436 436 
334 514 730 436 436 
334 38 39 514 730 436 436 
334 38 39 514 436 436 
334 514 21 436 436 
334 514 21 436 436 
334 514 21 436 436 
334 514 21 436 436 
1 15 334 514 730 436 436 
334 514 436 436 
334 514 436 436 
334 514 436 436 
334 514 436 436 
334 514 436 436 
334 514 436 436 
334 514 436 436 
334 514 436 436 
334 514 436 436 
334 38 39 514 489 436 770 36 436 
1 15 334 514 436 770 436 
334 514 436 436 
1 15 334 514 436 436 
334 514 436 436 
1 15 334 514 436 436 
334 514 436 436 
334 514 730 436 436 
334 514 436 770 436 
334 514 436 436 
334 514 436 436 
1 15 334 514 436 436 
334 38 39 514 436 770 436 
334 514 436 436 
334 514 436 436 
334 514 436 436 
1 15 334 514 436 436 
334 514 730 436 436 
1 15 334 514 730 436 436 
334 514 730 436 436 
1 15 334 514 730 436 436 
1 15 334 514 730 436 436 
334 514 436 436 
1 15 334 514 447 254 436 36 255 436 
334 514 436 436 
334 514 436 436 
1 15 334 514 436 436 
334 514 436 436 
334 514 730 436 436 
334 514 436 436 
334 514 436 436 
1 15 334 514 436 436 
334 514 730 436 436 
334 514 730 436 436 
334 514 436 770 436 
334 514 436 436 
334 38 39 514 730 436 436 
334 514 730 436 436 
334 514 436 436 
334 514 436 436 
334 514 436 770 436 
334 514 21 436 436 
334 514 436 436 
334 514 436 436 
334 514 436 436 
334 38 39 514 730 436 436 
334 514 436 436 
334 514 436 436 
1 15 334 514 730 436 436 
334 514 730 436 436 
1 15 334 514 436 436 
334 514 447 436 436 
334 514 447 436 436 
97 1 19 334 2 305 514 447 436 436 
334 38 39 514 436 770 436 
334 514 436 436 
334 514 21 436 436 
334 514 436 770 436 
334 514 5 6 436 518 436 
1 15 334 514 5 6 436 518 436 
334 514 5 6 436 518 436 
334 514 5 6 436 518 436 
334 514 5 6 436 518 436 
51 334 514 447 436 436 
334 514 447 436 436 
334 514 436 436 
334 514 436 436 
184 1 15 334 185 514 730 436 10 436 
186 334 514 447 436 436 
51 334 514 447 436 436 
334 514 730 436 436 
334 514 436 436 
334 514 436 436 
334 514 730 436 436 
334 514 436 436 
1 15 334 514 436 436 
334 514 730 436 436 
1 15 334 514 730 436 436 
334 514 436 731 436 
334 514 21 436 436 
334 514 21 436 436 
334 514 730 436 436 
1 15 334 514 27 28 447 21 436 436 
334 514 436 436 
1 15 334 514 436 436 
334 514 436 436 
334 514 436 436 
334 514 436 436 
334 514 730 436 436 
1 15 334 514 730 436 436 
334 514 436 436 
334 514 436 436 
334 514 436 436 
1 15 334 514 27 28 21 436 436 
1 15 334 514 27 28 21 436 436 
334 38 39 514 21 436 436 
334 514 436 436 
334 514 436 436 
334 514 730 436 436 
334 514 436 436 
1 15 334 514 436 436 
334 514 436 436 
334 514 436 436 
334 38 39 514 730 436 436 
334 514 436 436 
1 15 334 514 21 436 436 
334 514 730 436 436 
334 514 730 436 436 
334 514 5 6 436 518 436 
334 38 39 514 436 436 
1 15 334 514 730 436 436 
334 38 39 514 730 436 436 
334 38 39 514 730 436 436 
334 514 436 436 
334 514 436 436 
334 514 436 436 
334 514 730 436 436 
334 514 730 436 436 
334 514 436 436 
334 514 21 436 436 
334 514 21 436 436 
334 514 436 436 
334 514 436 436 
334 514 27 28 21 436 436 
334 514 436 436 
1 15 334 514 436 436 
334 514 436 36 436 
334 514 436 770 436 
334 514 436 770 436 
334 514 436 436 
334 514 436 436 
334 514 436 436 
1 15 334 514 447 436 436 
334 514 436 436 
1 15 334 514 27 28 21 436 436 
334 514 436 770 436 
334 514 436 770 436 
334 514 436 770 436 
334 514 730 436 436 
1 15 334 514 730 436 436 
334 514 730 436 436 
334 514 730 436 436 
334 514 730 436 436 
1 15 334 514 730 436 436 
334 514 91 5 730 6 436 92 436 
334 514 436 436 
334 514 436 436 
1 15 334 514 436 436 
1 15 334 514 436 436 
334 514 436 436 
184 1 15 334 185 514 436 436 
334 514 436 731 436 
334 514 159 436 36 130 436 
334 514 159 436 36 130 436 
334 514 436 436 
334 514 436 436 
334 514 436 436 
334 514 436 436 
1 15 334 514 436 436 
1 15 334 514 436 436 
334 514 436 436 
334 514 436 436 