1 15 43 319 133 28 21 22 68 24 111 80 111 
1 15 43 319 133 28 21 22 68 24 111 80 111 
1 15 43 319 5 28 21 22 143 8 37 144 24 111 80 111 
1 15 43 319 133 28 21 22 68 24 111 80 111 
1 15 43 319 28 21 22 111 80 111 
1 15 43 319 28 21 22 111 80 111 
1 15 43 319 28 21 22 111 80 111 
1 15 43 319 28 21 22 111 80 111 
1 15 43 319 28 21 22 111 80 111 
1 15 43 319 28 21 22 111 80 111 
1 15 43 319 28 21 22 111 80 111 
1 15 43 319 28 21 22 111 80 111 
1 15 43 319 5 28 21 22 143 8 37 144 24 111 80 111 
1 15 43 319 5 28 21 22 143 8 37 144 24 111 80 111 
1 15 43 319 5 28 21 22 143 8 37 144 24 111 80 111 
1 15 43 319 81 28 21 22 82 68 24 111 80 111 
1 15 43 319 81 28 21 22 82 68 24 111 80 111 
1 15 43 319 133 28 21 22 68 24 111 80 111 
1 15 43 319 133 28 21 22 68 24 111 80 111 
1 15 43 319 133 28 21 22 68 24 111 80 111 
1 15 43 319 28 21 22 37 24 111 80 111 
1 15 43 319 5 28 21 22 143 8 37 144 24 111 80 111 
1 15 43 319 28 21 22 68 24 111 80 111 
1 15 43 319 28 21 22 37 24 111 80 111 
1 15 43 319 133 28 21 22 68 24 111 80 111 
1 15 43 319 81 28 21 22 82 24 111 80 111 
1 15 43 319 28 21 22 68 24 111 80 111 
1 15 43 319 28 21 22 37 24 111 80 111 
1 15 43 319 133 28 21 22 68 24 111 80 111 
1 15 38 39 43 319 81 28 21 22 82 24 111 80 111 
1 15 43 319 28 21 22 68 24 111 80 111 
1 15 38 39 43 319 133 28 21 22 68 24 111 80 111 
1 15 43 319 133 28 21 22 68 24 111 80 111 
1 15 43 319 5 28 21 22 143 8 37 144 24 111 80 111 
1 15 43 319 5 28 21 22 143 8 144 24 111 80 111 
1 15 43 319 5 28 21 22 143 8 144 24 111 80 111 
1 15 43 319 133 28 21 22 68 24 111 80 111 
1 15 43 319 28 21 22 37 24 111 80 111 
1 15 43 319 28 21 22 37 24 111 80 111 
1 15 2 43 319 81 28 21 22 82 68 24 111 80 111 
1 15 43 319 5 28 21 22 143 8 37 144 24 111 80 111 
1 15 43 319 133 28 21 22 68 24 111 80 111 
1 15 43 319 28 21 22 111 80 111 
1 15 43 319 28 21 22 111 80 111 
1 15 43 319 28 21 22 111 80 111 
1 15 43 319 28 21 22 111 80 111 
1 15 43 319 28 21 22 111 80 111 
1 15 43 319 28 21 22 68 24 111 80 111 
1 15 43 319 133 28 21 22 68 24 111 80 111 
1 15 43 319 28 21 22 37 68 24 111 80 111 
1 15 38 39 43 319 28 21 22 37 68 24 111 80 111 
1 15 43 319 81 28 21 22 82 24 111 80 111 
1 15 43 319 5 28 21 22 143 8 37 144 24 111 80 111 
1 15 43 319 28 21 22 37 24 111 80 111 
1 15 43 319 28 21 22 37 24 111 80 111 
1 15 43 319 28 21 22 37 24 111 80 111 
1 15 43 319 28 21 22 37 24 111 80 111 
1 15 43 319 28 21 22 68 24 111 80 111 
1 15 43 319 28 21 22 68 24 111 80 111 
1 15 43 319 28 21 22 68 24 111 80 111 
1 15 43 319 133 28 21 22 68 24 111 80 111 
1 15 43 319 133 28 21 22 68 24 111 80 111 
1 15 43 319 133 28 21 22 68 24 111 80 111 
1 15 43 319 28 21 22 68 24 111 80 111 
1 15 43 319 133 28 21 22 68 24 111 80 111 
1 15 43 319 133 28 21 22 68 24 111 80 111 
1 15 43 319 81 28 21 22 82 24 111 80 111 
1 15 43 319 28 21 22 68 24 111 80 111 
1 15 43 319 28 21 22 68 24 111 80 111 
1 15 43 319 5 28 21 22 143 8 37 144 24 111 80 111 
1 15 43 319 28 21 22 68 24 111 80 111 
1 15 43 319 28 21 22 68 24 111 80 111 
1 15 43 319 28 21 22 111 80 111 
1 15 43 319 28 21 22 111 80 111 
1 15 38 39 43 319 28 21 22 111 80 111 
1 15 43 319 28 21 22 111 80 111 
1 15 43 319 28 21 22 111 80 111 
1 15 43 319 28 21 22 111 80 111 
1 15 43 319 28 21 22 111 80 111 
1 15 43 319 28 21 22 111 80 111 
1 15 43 319 28 21 22 111 80 111 
1 15 43 319 28 21 22 111 80 111 
1 15 43 319 28 21 22 111 80 111 
1 15 43 319 28 21 22 111 80 111 
1 15 43 319 28 21 22 111 80 111 
1 15 43 319 133 28 21 22 68 24 111 80 111 
1 15 43 319 133 28 21 22 68 24 111 80 111 
1 15 43 319 28 21 22 37 68 24 111 80 111 
1 15 43 319 81 28 21 22 82 24 111 80 111 
1 15 43 319 133 28 21 22 68 24 111 80 111 
1 15 43 319 133 28 21 22 68 24 111 80 111 
1 15 43 319 28 21 22 37 24 111 80 111 
1 15 43 319 28 21 22 68 24 111 80 111 
1 15 43 319 28 21 22 68 24 111 80 111 
1 15 38 39 43 319 28 21 22 68 24 111 80 111 
1 15 43 319 5 28 21 22 143 8 37 144 24 111 80 111 
1 15 2 43 319 177 112 28 21 22 37 113 24 111 80 111 
1 15 43 319 81 28 21 22 82 68 24 111 80 111 
1 15 43 319 81 28 21 22 82 68 24 111 80 111 
1 15 43 319 81 28 21 22 82 68 24 111 80 111 
1 15 43 319 133 28 21 22 68 24 111 80 111 
1 15 43 319 133 28 21 22 68 24 111 80 111 
1 15 43 319 133 28 21 22 68 24 111 80 111 
1 15 43 319 28 21 22 37 24 111 80 111 
1 15 43 319 81 28 21 22 82 24 111 80 111 
1 15 43 319 133 28 21 22 68 24 111 80 111 
1 15 43 319 5 28 21 22 143 8 37 144 24 111 80 111 
1 15 43 319 28 21 22 68 24 111 80 111 
1 15 43 319 28 21 22 68 24 111 80 111 
1 15 43 319 28 21 22 68 24 111 80 111 
1 15 43 319 28 21 22 68 24 111 80 111 
1 15 43 319 28 21 22 68 24 111 80 111 
1 15 43 319 81 28 21 22 82 24 111 80 111 
1 15 43 319 133 28 21 22 68 24 111 80 111 
1 15 43 319 133 28 21 22 68 24 111 80 111 
1 15 43 319 133 28 21 22 68 24 111 80 111 
1 15 43 319 28 21 22 37 24 111 80 111 
1 15 43 319 133 28 21 22 68 24 111 80 111 
1 15 43 319 28 21 22 37 24 111 80 111 
1 15 43 319 133 28 21 22 68 24 111 80 111 
1 15 43 319 5 28 21 22 143 8 37 144 24 111 80 111 
1 15 2 43 319 28 21 22 263 24 111 80 111 
1 15 43 319 5 28 21 22 143 8 37 144 24 111 80 111 
1 15 43 319 5 28 21 22 143 8 144 24 111 80 111 
1 15 43 319 133 28 21 22 68 24 111 80 111 
1 15 38 39 43 319 28 21 22 37 24 111 80 111 
1 15 43 319 28 21 22 37 24 111 80 111 
1 15 43 319 5 28 21 22 143 8 37 144 24 111 80 111 
1 15 43 319 133 28 21 22 68 24 111 80 111 
1 15 43 319 81 28 21 22 82 24 111 80 111 
1 15 43 319 81 28 21 22 82 24 111 80 111 
1 15 43 319 5 28 21 22 143 8 37 144 24 111 80 111 
1 15 43 319 133 28 21 22 68 24 111 80 111 
1 15 43 319 28 21 22 37 24 111 80 111 
1 15 43 319 28 21 22 111 80 111 
1 15 43 319 28 21 22 111 80 111 
1 15 43 319 28 21 22 111 80 111 
1 15 43 319 28 21 22 111 80 111 
1 15 43 319 28 21 22 111 80 111 
1 15 43 319 28 21 22 111 80 111 
1 15 43 319 28 21 22 111 80 111 
1 15 43 319 28 21 22 111 80 111 
1 15 43 319 28 21 22 111 80 111 
1 15 43 319 28 21 22 111 80 111 
1 15 43 319 28 21 22 111 80 111 
1 15 43 319 28 21 22 111 80 111 
1 15 43 319 28 21 22 111 80 111 
1 15 43 319 28 21 22 111 80 111 
1 15 38 39 43 319 28 21 22 111 80 111 
1 15 43 319 28 21 22 111 80 111 
1 15 43 319 28 21 22 111 80 111 
1 15 43 319 28 21 22 111 80 111 
1 15 43 319 28 21 22 111 80 111 
1 15 43 319 28 21 22 111 80 111 
1 15 43 319 28 21 22 111 80 111 
1 15 43 319 28 21 22 111 80 111 
1 15 43 319 28 21 22 111 80 111 
1 15 43 319 28 21 22 111 80 111 
1 15 43 319 5 62 28 6 21 22 63 111 80 111 
1 15 43 319 28 21 22 111 80 111 
1 15 43 319 28 21 22 111 80 111 
1 15 43 319 28 21 22 111 80 111 
1 15 43 319 28 21 22 111 80 111 
1 15 43 319 28 21 22 111 80 111 
1 15 43 319 81 28 21 22 82 24 111 80 111 
1 15 43 319 81 28 21 22 82 24 111 80 111 
1 15 43 319 28 21 22 111 80 111 
1 15 43 319 133 28 21 22 68 24 111 80 111 
1 15 43 319 28 21 22 111 80 111 
1 15 43 319 133 28 21 22 68 24 111 80 111 
1 40 15 41 42 43 319 133 28 21 22 68 24 111 80 111 
1 15 43 319 133 28 21 22 68 24 111 80 111 
1 15 43 319 28 21 22 68 24 111 80 111 
1 15 43 319 28 21 22 68 24 111 80 111 
1 15 43 319 28 21 22 111 80 111 
1 15 43 319 28 21 22 111 80 111 
1 15 43 319 28 21 22 111 80 111 
1 15 43 319 28 21 22 111 80 111 
1 15 43 319 28 21 22 111 80 111 
1 15 43 319 28 21 22 111 80 111 
1 15 43 319 28 21 22 111 80 111 
1 15 43 319 28 21 22 111 80 111 
1 15 43 319 133 28 21 22 68 24 111 80 111 
1 15 38 39 43 319 81 28 21 22 82 68 24 111 80 111 
1 15 38 39 43 319 81 28 21 22 82 68 24 111 80 111 
1 15 43 319 133 28 21 22 68 24 111 80 111 
1 15 43 319 133 28 21 22 68 24 111 80 111 
1 15 43 319 133 28 21 22 68 24 111 80 111 
1 15 38 39 43 319 133 28 21 22 68 24 111 80 111 
1 15 43 319 133 28 21 22 68 24 111 80 111 
1 15 43 319 28 21 22 68 24 111 80 111 
1 15 43 319 28 21 22 68 24 111 80 111 
1 15 43 319 28 21 22 68 24 111 80 111 
1 15 43 319 28 21 22 68 24 111 80 111 
1 15 43 319 133 28 21 22 68 24 111 80 111 
1 15 38 39 43 319 133 28 21 22 68 24 111 80 111 
1 15 43 319 81 133 28 21 22 82 68 24 111 80 111 
1 15 43 319 133 28 21 22 68 24 111 80 111 
1 15 55 56 57 43 319 133 28 21 22 68 24 111 80 111 
1 15 43 319 133 28 21 22 68 24 111 80 111 
1 15 43 319 133 28 21 22 68 24 111 80 111 
1 15 43 319 28 21 22 68 24 111 80 111 
1 15 43 319 28 21 22 68 24 111 80 111 
1 15 43 319 28 21 22 68 24 111 80 111 
1 15 43 319 133 28 21 22 68 24 111 80 111 
1 15 43 319 133 28 21 22 68 24 111 80 111 
1 15 43 319 133 28 21 22 68 24 111 80 111 
1 15 43 319 28 21 22 68 24 111 80 111 
1 15 43 319 133 28 21 22 68 24 111 80 111 
1 15 43 319 133 28 21 22 68 24 111 80 111 
1 15 43 319 133 28 21 22 68 24 111 80 111 
1 15 43 319 133 28 21 22 68 24 111 80 111 
1 15 43 319 133 28 21 22 68 24 111 80 111 
1 15 38 39 43 319 133 28 21 22 68 24 111 80 111 
1 15 55 56 57 43 319 133 28 21 22 68 24 111 80 111 
1 15 43 319 133 28 21 22 68 24 111 80 111 
1 15 43 319 133 28 21 22 68 24 111 80 111 
1 15 43 319 133 28 21 22 68 24 111 80 111 
1 15 43 319 133 28 21 22 68 24 111 80 111 
1 15 43 319 133 28 21 22 68 24 111 80 111 
1 15 43 319 133 28 21 22 68 24 111 80 111 
1 15 43 319 133 28 21 22 68 24 111 80 111 
1 15 55 56 57 43 319 28 21 22 68 24 111 80 111 
1 15 43 319 28 354 21 22 68 111 24 80 111 
1 15 43 319 28 354 21 22 68 111 24 80 111 
1 15 43 319 28 21 22 68 24 111 80 111 
1 15 43 319 133 28 21 22 68 24 111 80 111 
1 15 43 319 133 28 21 22 68 24 111 80 111 
1 15 43 319 28 21 22 24 111 80 111 
1 15 43 319 28 21 22 68 24 111 80 111 
1 15 43 319 28 21 22 68 24 111 80 111 
1 15 43 319 133 28 21 22 68 24 111 80 111 
1 15 43 319 133 28 21 22 68 24 111 80 111 
1 15 43 319 133 28 21 22 68 24 111 80 111 
1 15 43 319 133 28 21 22 68 24 111 80 111 
1 15 43 319 28 21 22 68 24 111 80 111 
1 15 43 319 28 21 22 68 24 111 80 111 
1 15 43 319 28 21 22 68 24 111 80 111 
1 15 43 319 28 21 22 68 24 111 80 111 
1 15 43 319 28 21 22 68 24 111 80 111 
1 15 43 319 28 21 22 68 24 111 80 111 
1 15 43 319 28 21 22 68 24 111 80 111 
1 15 43 319 28 21 22 68 24 111 80 111 
1 15 43 319 28 21 22 68 24 111 80 111 
1 15 43 319 28 21 22 68 24 111 80 111 
1 15 43 319 28 21 22 68 24 111 80 111 
1 15 43 319 28 21 22 68 24 111 80 111 
1 15 43 319 28 21 22 37 24 111 80 111 
1 15 43 319 28 21 22 68 24 111 80 111 
1 15 43 319 133 28 21 22 68 24 111 80 111 
1 15 55 56 57 43 319 28 21 22 68 24 111 80 111 
1 15 43 319 133 28 21 22 68 24 111 80 111 
1 15 43 319 133 28 21 22 68 24 111 80 111 
1 15 43 319 28 21 22 111 80 111 
1 15 43 319 133 28 21 22 68 24 111 80 111 
1 15 43 319 133 28 21 22 68 24 111 80 111 
1 15 43 319 133 28 21 22 68 24 111 80 111 
1 15 43 319 133 28 21 22 68 24 111 80 111 
1 15 43 319 91 5 28 6 21 22 92 37 24 111 80 111 
1 15 43 319 133 28 21 22 68 24 111 80 111 
1 15 43 319 133 28 21 22 68 24 111 80 111 
1 15 43 319 133 28 21 22 68 24 111 80 111 
1 15 43 319 133 28 21 22 68 24 111 80 111 
1 15 43 319 133 28 21 22 68 24 111 80 111 
1 15 43 319 133 28 21 22 68 24 111 80 111 
1 15 43 319 133 28 21 22 68 24 111 80 111 
1 264 15 38 43 319 133 28 21 22 68 24 111 80 111 
1 15 43 319 133 28 21 22 68 24 111 80 111 
1 15 43 319 133 28 21 22 68 24 111 80 111 
1 15 43 319 133 28 21 22 68 24 111 80 111 
1 15 43 319 28 21 22 68 24 111 80 111 
1 15 43 319 28 21 22 68 24 111 80 111 
1 15 43 319 28 21 22 68 24 111 80 111 
1 15 38 39 43 319 28 21 22 111 80 111 
1 15 43 319 28 21 22 111 80 111 
1 15 43 319 28 21 22 111 80 111 
1 15 43 319 28 21 22 111 80 111 
1 15 43 319 133 28 21 22 68 24 111 80 111 
1 15 43 319 133 28 21 22 68 24 111 80 111 
1 15 43 319 133 28 21 22 68 24 111 80 111 
1 15 43 319 81 28 21 22 82 24 111 80 111 
1 15 55 56 57 43 319 28 21 22 68 24 111 80 111 
1 15 43 319 133 28 21 22 68 24 111 80 111 
1 15 43 319 133 28 21 22 68 24 111 80 111 
1 15 43 319 133 28 21 22 68 24 111 80 111 
1 15 38 39 43 319 28 21 22 111 80 111 
1 15 43 319 28 21 22 111 80 111 
1 15 43 319 28 21 22 111 80 111 
1 15 43 319 28 21 22 111 80 111 
1 15 43 319 28 21 22 111 80 111 
1 15 43 319 28 21 22 111 80 111 
1 15 43 319 28 21 22 111 80 111 
1 15 43 319 28 21 22 111 80 111 
1 15 43 319 28 21 22 111 80 111 
1 15 43 319 28 21 22 111 80 111 
1 15 43 319 28 21 22 111 80 111 
1 15 43 319 354 28 21 22 68 24 111 80 111 
1 15 43 319 133 28 21 22 68 24 111 80 111 
1 15 43 319 28 21 22 111 80 111 
1 15 43 319 5 28 21 22 143 8 37 144 24 111 80 111 
1 15 43 319 5 28 21 22 143 8 37 144 24 111 80 111 
1 15 43 319 133 28 21 22 68 24 111 80 111 
1 15 43 319 133 28 21 22 68 24 111 80 111 
1 15 43 319 133 28 21 22 68 24 111 80 111 
1 15 43 319 133 28 21 22 68 24 111 80 111 
1 15 43 319 28 21 22 111 80 111 
1 15 43 319 28 21 22 111 80 111 
1 15 43 319 28 21 22 111 80 111 
1 15 43 319 28 21 22 111 80 111 
1 15 43 319 28 21 22 111 80 111 
1 15 43 319 28 21 22 111 80 111 
1 15 43 319 28 21 22 111 80 111 
1 15 43 319 28 21 22 111 80 111 
1 15 38 39 43 319 28 21 22 111 80 111 
1 15 43 319 28 21 22 111 80 111 
1 15 43 319 28 21 22 111 80 111 
1 15 43 319 28 21 22 111 80 111 
1 15 43 319 28 21 22 111 80 111 
1 15 43 319 28 21 22 111 80 111 
1 15 43 319 28 21 22 111 80 111 
1 15 43 319 28 21 22 111 80 111 
1 15 43 319 28 21 22 111 80 111 
1 15 43 319 28 21 22 111 80 111 
1 15 43 319 28 21 22 111 80 111 
1 15 2 43 319 28 21 22 111 80 111 
1 15 43 319 28 21 22 111 80 111 
1 15 43 319 28 21 22 111 80 111 
1 15 43 319 28 21 22 111 80 111 
1 15 43 319 28 21 22 111 80 111 
1 15 43 319 28 21 22 111 80 111 
1 15 43 319 28 21 22 111 80 111 
1 15 43 319 28 21 22 111 80 111 
1 15 43 319 133 28 21 22 68 24 111 80 111 
1 15 43 319 133 28 21 22 68 24 111 80 111 
1 15 43 319 133 28 21 22 68 24 111 80 111 
1 15 43 319 28 21 22 111 80 111 
1 15 43 319 28 21 22 111 80 111 
1 15 43 319 28 21 22 111 80 111 
1 15 38 39 43 319 28 21 22 111 80 111 
1 15 43 319 28 21 22 111 80 111 
1 15 43 319 28 21 22 111 80 111 
1 15 43 319 28 21 22 111 80 111 
1 15 43 319 28 21 22 111 80 111 
1 15 43 319 28 21 22 111 80 111 
1 15 43 319 28 21 22 111 80 111 
1 15 43 319 5 28 21 22 8 111 80 111 
1 15 43 319 133 28 21 22 68 24 111 80 111 
1 15 43 319 28 21 22 68 24 111 80 111 
1 15 43 319 28 21 22 68 24 111 80 111 
1 40 15 41 42 43 319 28 21 22 68 24 111 80 111 
1 15 43 319 28 21 22 68 24 111 80 111 
1 15 43 319 28 21 22 68 24 111 80 111 
1 15 43 319 28 21 22 68 24 111 80 111 
1 15 43 319 28 21 22 111 80 111 
1 15 43 319 28 21 22 111 80 111 
1 15 43 319 28 21 22 111 80 111 
1 15 43 319 28 21 22 111 80 111 
1 15 43 319 28 21 22 111 80 111 
1 15 43 319 28 21 22 111 80 111 
1 15 43 319 28 21 22 111 80 111 
1 15 43 319 28 21 22 111 80 111 
1 15 43 319 28 21 22 111 80 111 
1 15 43 319 28 21 22 111 80 111 
1 15 43 319 28 21 22 111 80 111 
1 15 43 319 28 21 22 111 80 111 
1 15 43 319 28 21 22 111 80 111 
1 15 43 319 28 21 22 111 80 111 
1 15 43 319 28 21 22 111 80 111 
1 15 43 319 28 21 22 111 80 111 
1 15 43 319 28 21 22 111 80 111 
1 15 43 319 28 21 22 111 80 111 
1 15 43 319 28 21 22 111 80 111 
1 15 43 319 28 21 22 111 80 111 
1 15 43 319 28 21 22 111 80 111 
1 15 43 319 133 28 21 22 68 24 111 80 111 
1 15 43 319 133 28 21 22 68 24 111 80 111 
1 15 43 319 133 28 21 22 68 24 111 80 111 
1 15 55 56 57 43 319 133 28 21 22 68 24 111 80 111 
1 15 43 319 133 28 21 22 68 24 111 80 111 
1 15 43 319 81 28 21 22 263 82 24 111 80 111 
1 15 55 56 57 43 319 133 28 21 22 68 24 111 80 111 
1 15 43 319 133 28 21 22 68 24 111 80 111 
1 15 43 319 133 28 21 22 68 24 111 80 111 
1 15 43 319 133 28 21 22 68 24 111 80 111 
1 15 43 319 133 28 21 22 68 24 111 80 111 
1 15 43 319 133 28 21 22 68 24 111 80 111 
1 15 55 56 57 43 319 133 28 21 22 68 24 111 80 111 
1 15 43 319 133 28 21 22 68 24 111 80 111 
1 15 43 319 28 21 22 111 80 111 
1 15 43 319 133 28 21 22 68 24 111 80 111 
1 15 43 319 133 28 21 22 68 24 111 80 111 
1 15 43 319 133 28 21 22 68 24 111 80 111 
1 15 43 319 5 28 21 22 143 8 37 144 24 111 80 111 
1 15 43 319 28 21 22 68 24 111 80 111 
1 15 43 319 28 21 22 68 24 111 80 111 
1 15 43 319 28 21 22 68 24 111 80 111 
1 15 43 319 133 28 21 22 68 24 111 80 111 
1 15 43 319 28 21 22 68 24 111 80 111 
1 15 43 319 354 28 21 22 68 24 111 80 111 
1 15 43 319 28 21 22 111 80 111 
1 184 15 185 43 319 28 21 22 111 80 111 
1 15 43 319 28 21 22 111 80 111 
1 15 43 319 28 21 22 111 80 111 
1 15 43 319 28 21 22 111 80 111 
1 15 43 319 28 21 22 111 80 111 
1 15 43 319 28 21 22 111 80 111 
1 15 43 319 133 28 21 22 68 24 111 80 111 
1 15 43 319 28 21 22 111 80 111 
1 15 43 319 28 21 22 111 80 111 
1 15 43 319 28 21 22 111 80 111 
1 15 43 319 28 21 22 111 80 111 
1 15 43 319 28 21 22 111 80 111 
1 15 43 319 28 21 22 68 24 111 80 111 
1 15 43 319 28 21 22 263 68 24 111 80 111 
1 15 43 319 28 21 22 263 68 24 111 80 111 
1 15 43 319 28 21 22 263 68 24 111 80 111 
1 15 38 39 43 319 28 21 22 263 68 24 111 80 111 
1 15 43 319 28 21 22 263 68 24 111 80 111 
1 15 43 319 5 28 21 22 111 80 111 
1 15 43 319 5 28 21 22 111 80 111 
1 15 43 319 5 28 21 22 111 80 111 
1 15 43 319 5 28 21 22 111 80 111 
1 15 43 319 5 28 21 22 111 80 111 
1 15 43 319 133 28 21 22 68 24 111 80 111 
1 15 43 319 133 28 21 22 68 24 111 80 111 
1 15 43 319 28 104 21 22 68 24 111 80 111 
1 15 43 319 133 28 21 22 68 24 111 80 111 
1 15 43 319 133 28 21 22 68 24 111 80 111 
1 15 43 319 28 21 22 111 80 111 
1 15 43 319 28 21 22 111 80 111 
1 15 43 319 28 21 22 111 80 111 
1 15 38 39 43 319 28 21 22 111 80 111 
1 15 43 319 28 21 22 111 80 111 
1 15 43 319 28 21 22 111 80 111 
1 15 43 319 28 21 22 111 80 111 
1 15 43 319 28 21 22 111 80 111 
1 15 43 319 133 28 21 22 68 24 111 80 111 
1 15 43 319 5 28 6 21 22 111 80 111 
1 15 43 319 5 28 6 21 22 111 80 111 
1 15 43 319 5 28 6 21 22 111 80 111 
1 15 43 319 5 28 6 21 22 111 80 111 
1 15 55 56 57 43 319 133 28 21 22 68 24 111 80 111 
1 15 55 56 57 43 319 133 28 21 22 68 24 111 80 111 
1 15 43 319 133 28 21 22 68 24 111 80 111 
1 15 43 319 28 21 22 111 80 111 
1 15 43 319 28 21 22 111 80 111 
1 15 43 319 28 21 22 111 80 111 
1 184 15 185 43 319 28 21 22 111 80 111 
1 15 43 319 28 21 22 111 80 111 
1 15 43 319 28 21 22 111 80 111 
1 15 43 319 28 21 22 111 80 111 
1 15 43 319 28 21 22 111 80 111 
1 15 55 56 57 43 319 133 28 21 22 68 24 111 80 111 
1 15 43 319 133 28 21 22 68 24 111 80 111 
1 15 43 319 133 28 21 22 68 24 111 80 111 
1 15 43 319 133 28 21 22 68 24 111 80 111 
1 15 43 319 28 21 22 111 80 111 
1 15 43 319 28 21 22 111 80 111 
1 15 43 319 28 21 22 111 80 111 
1 15 43 319 28 21 22 111 80 111 
1 15 43 319 28 21 22 111 80 111 
1 15 43 319 133 28 21 22 68 24 111 80 111 
1 15 55 56 57 43 319 133 28 21 22 68 24 111 80 111 
1 15 55 56 57 43 319 133 28 21 22 68 24 111 80 111 
1 15 43 319 28 21 22 111 80 111 
1 15 43 319 28 21 22 111 80 111 
1 15 43 319 133 28 21 22 68 24 111 80 111 
1 15 55 56 57 43 319 133 28 21 22 68 24 111 80 111 
1 15 43 319 133 28 21 22 68 24 111 80 111 
1 15 43 319 28 21 22 68 24 111 80 111 
1 15 43 319 5 28 21 22 111 80 111 
1 15 43 319 5 28 21 22 111 80 111 
1 15 43 319 5 28 21 22 111 80 111 
1 15 43 319 5 28 21 22 111 80 111 
1 15 43 319 5 28 21 22 111 80 111 
1 15 43 319 28 21 22 68 24 111 80 111 
1 15 43 319 133 28 21 22 68 24 111 80 111 
1 15 43 319 28 21 22 111 80 111 
1 15 43 319 28 21 22 111 80 111 
1 15 43 319 133 28 21 22 68 24 111 80 111 
1 15 43 319 5 28 21 22 111 80 111 
1 15 38 39 43 319 5 28 21 22 111 80 111 
1 15 43 319 5 28 21 22 111 80 111 
1 15 43 319 5 28 21 22 111 80 111 
1 15 43 319 5 28 21 22 111 80 111 
1 15 38 39 43 319 28 21 22 111 80 111 
1 15 38 39 43 319 28 21 22 111 80 111 
1 15 43 319 28 21 22 111 80 111 
1 15 43 319 28 21 22 111 80 111 
1 15 43 319 28 21 22 111 80 111 
1 184 15 185 43 319 28 21 22 111 80 111 
1 15 43 319 28 21 22 111 80 111 
1 15 43 319 28 21 22 111 80 111 
1 15 43 319 28 21 22 111 80 111 
1 15 43 319 28 21 22 111 80 111 
1 15 43 319 28 21 22 111 80 111 
1 15 43 319 28 21 22 111 80 111 
1 15 43 319 28 21 22 111 80 111 
1 15 43 319 28 21 22 111 80 111 
1 15 43 319 28 21 22 111 80 111 
1 15 43 319 28 21 22 111 80 111 
1 15 43 319 28 21 22 111 80 111 
1 15 38 39 43 319 28 21 22 111 80 111 
1 15 43 319 28 21 22 111 80 111 
1 15 43 319 28 21 22 111 80 111 
1 15 43 319 28 21 22 111 80 111 
1 15 43 319 28 21 22 111 80 111 
1 15 43 319 28 21 22 111 80 111 
1 15 43 319 28 21 22 111 80 111 
1 15 43 319 28 21 22 111 80 111 
1 15 43 319 28 21 22 111 80 111 
1 15 43 319 28 21 22 111 80 111 
1 15 43 319 28 21 22 111 80 111 
1 15 43 319 28 21 22 111 80 111 
1 15 43 319 28 21 22 111 80 111 
1 15 43 319 28 21 22 111 80 111 
1 15 43 319 28 21 22 111 80 111 
1 15 43 319 28 21 22 111 80 111 
1 15 38 39 43 319 28 21 22 111 80 111 
1 15 43 319 28 21 22 111 80 111 
1 15 43 319 28 21 22 111 80 111 
1 15 43 319 28 21 22 111 80 111 
1 15 43 319 28 21 22 111 80 111 
1 15 43 319 28 21 22 111 80 111 
1 15 43 319 28 21 22 111 80 111 
1 15 43 319 28 21 22 111 80 111 
1 15 43 319 28 21 22 111 80 111 
1 15 43 319 28 21 22 111 80 111 
1 15 43 319 28 21 22 111 80 111 
1 15 43 319 28 21 22 111 80 111 
1 15 43 319 28 21 22 111 80 111 
1 15 43 319 28 21 22 111 80 111 
1 15 43 319 28 21 22 111 80 111 
1 15 43 319 28 21 22 111 80 111 
1 15 43 319 28 21 22 111 80 111 
1 15 43 319 28 21 22 111 80 111 
1 15 43 319 28 21 22 111 80 111 
1 15 43 319 28 21 22 111 80 111 
1 15 43 319 28 21 22 111 80 111 
1 15 43 319 28 21 22 263 68 24 111 80 111 
1 15 411 43 319 412 5 28 21 22 143 8 144 111 80 111 
1 15 43 319 5 28 21 22 143 8 144 111 80 111 
1 15 43 319 5 28 21 22 143 8 144 111 80 111 
1 15 43 319 5 28 21 22 143 8 144 111 80 111 
1 15 43 319 5 28 21 22 143 8 144 111 80 111 
1 15 43 319 28 104 21 22 68 24 111 80 111 
1 15 43 319 28 104 21 22 68 24 111 80 111 
1 15 43 319 133 28 21 22 68 24 111 80 111 
1 15 43 319 28 21 22 111 80 111 
1 15 43 319 28 21 22 111 80 111 
1 15 43 319 28 21 22 111 80 111 
1 15 38 39 43 319 28 21 22 111 80 111 
1 15 38 39 43 319 28 21 22 111 80 111 
1 15 43 319 28 21 22 111 80 111 
1 15 43 319 28 21 22 111 80 111 
1 15 43 319 28 21 22 111 80 111 
1 15 43 319 5 28 21 22 143 8 37 144 24 111 80 111 
1 15 43 319 133 28 21 22 68 24 111 80 111 
1 15 43 319 5 28 21 22 143 8 37 144 24 111 80 111 
1 15 43 319 28 21 22 111 80 111 
1 15 43 319 28 21 22 111 80 111 
1 15 43 319 28 21 22 111 80 111 
1 15 43 319 28 21 22 111 80 111 
1 15 43 319 133 28 21 22 68 24 111 80 111 
1 15 43 319 5 28 21 22 8 111 80 111 
1 15 43 319 5 28 21 22 8 111 80 111 
1 15 43 319 5 28 21 22 8 111 80 111 
1 15 43 319 28 21 22 111 80 111 
1 15 38 39 43 319 28 21 22 111 80 111 
1 15 43 319 28 21 22 111 80 111 
1 15 43 319 28 21 22 111 80 111 
1 15 43 319 28 21 22 111 80 111 
1 15 43 319 28 21 22 111 80 111 
1 15 43 319 28 21 22 111 80 111 
1 15 43 319 28 21 22 111 80 111 
1 15 43 319 28 21 22 111 80 111 
1 15 43 319 28 21 22 111 80 111 
1 15 43 319 28 21 22 111 80 111 
1 15 43 319 28 21 22 111 80 111 
1 15 43 319 28 21 22 111 80 111 
1 15 43 319 28 21 22 111 80 111 
1 15 43 319 28 21 22 111 80 111 
1 15 43 319 28 21 22 111 80 111 
1 15 43 319 28 21 22 111 80 111 
1 15 43 319 28 21 22 111 80 111 
1 15 43 319 28 21 22 111 80 111 
1 15 43 319 28 21 22 111 80 111 
1 15 43 319 28 21 22 111 80 111 
1 15 43 319 28 21 22 111 80 111 
1 15 38 39 43 319 28 21 22 111 80 111 
1 15 43 319 28 21 22 111 80 111 
1 15 43 319 28 21 22 111 80 111 
1 15 38 39 43 319 28 21 22 111 80 111 
1 15 43 319 133 28 21 22 68 24 111 80 111 
1 15 43 319 133 28 21 22 68 24 111 80 111 
1 15 43 319 28 21 22 111 80 111 
1 15 43 319 28 21 22 111 80 111 
1 15 43 319 28 21 22 111 80 111 
1 15 43 319 28 21 22 111 80 111 
1 15 43 319 28 21 22 111 80 111 
1 15 43 319 133 28 21 22 68 24 111 80 111 
1 15 43 319 5 28 21 22 143 8 37 144 24 111 80 111 
1 15 43 319 28 21 22 111 80 111 
1 15 43 319 28 21 22 111 80 111 
1 15 43 319 28 21 22 111 80 111 
1 15 43 319 28 21 22 111 80 111 
1 15 43 319 28 21 22 111 80 111 
1 15 43 319 28 21 22 111 80 111 
1 15 43 319 28 21 22 111 80 111 
1 15 43 319 28 21 22 111 80 111 
1 15 43 319 28 21 22 111 80 111 
1 15 43 319 28 21 22 111 80 111 
1 15 43 319 28 21 22 111 80 111 
1 15 38 39 43 319 28 21 22 111 80 111 
1 15 43 319 28 21 22 111 80 111 
1 15 43 319 28 21 22 111 80 111 
1 15 43 319 28 21 22 111 80 111 
1 15 43 319 28 21 22 111 80 111 
1 15 43 319 28 21 22 111 80 111 
1 15 43 319 28 21 22 111 80 111 
1 15 43 319 28 21 22 111 80 111 
1 15 38 39 43 319 28 21 22 111 80 111 
1 15 43 319 28 21 22 111 80 111 
1 15 43 319 28 21 22 111 80 111 
1 15 43 319 133 28 21 22 68 24 111 80 111 
1 15 43 319 133 28 21 22 68 24 111 80 111 
1 15 43 319 28 21 22 111 80 111 
1 15 43 319 28 21 22 111 80 111 
1 15 43 319 28 21 22 111 80 111 
1 15 43 319 28 21 22 111 80 111 
1 15 43 319 28 21 22 111 80 111 
1 15 38 39 43 319 28 21 22 111 80 111 
1 15 43 319 28 21 22 111 80 111 
1 15 43 319 28 21 22 111 80 111 
1 15 43 319 28 21 22 111 80 111 
1 15 43 319 28 21 22 111 80 111 
1 15 43 319 28 21 22 111 80 111 
1 15 43 319 28 21 22 68 24 111 80 111 
1 15 43 319 133 28 21 22 68 24 111 80 111 
1 15 43 319 133 28 21 22 68 24 111 80 111 
1 15 43 319 133 28 21 22 68 24 111 80 111 
1 15 43 319 133 28 21 22 68 24 111 80 111 
1 15 43 319 133 28 21 22 68 24 111 80 111 
1 15 43 319 133 28 21 22 68 24 111 80 111 
1 15 43 319 133 28 21 22 68 24 111 80 111 
1 15 43 319 28 21 22 111 80 111 
1 15 43 319 28 21 22 111 80 111 
1 15 43 319 28 21 22 111 80 111 
1 15 43 319 28 21 22 111 80 111 
1 15 38 39 43 319 28 21 22 111 80 111 
1 15 43 319 28 21 22 111 80 111 
1 15 43 319 28 21 22 111 80 111 
1 15 43 319 28 21 22 111 80 111 
1 15 43 319 28 21 22 111 80 111 
1 15 43 319 28 21 22 111 80 111 
1 15 38 39 43 319 28 21 22 111 80 111 
1 15 43 319 28 21 22 111 80 111 
1 15 38 39 43 319 28 21 22 10 111 80 111 
1 15 43 319 28 21 22 10 111 80 111 
1 184 15 185 43 319 28 21 22 10 111 80 111 
1 15 43 319 28 21 22 10 111 80 111 
1 15 43 319 28 21 22 10 111 80 111 
1 15 43 319 133 28 21 22 68 24 111 80 111 
1 15 43 319 133 28 21 22 68 24 111 80 111 
1 15 43 319 28 21 22 111 80 111 
1 15 43 319 28 21 22 111 80 111 
1 15 43 319 28 21 22 111 80 111 
1 15 43 319 28 21 22 111 80 111 
1 15 43 319 28 21 22 111 80 111 
1 15 43 319 28 21 22 111 80 111 
1 15 43 319 28 21 22 111 80 111 
1 15 43 319 28 21 22 111 80 111 
1 15 43 319 133 28 21 22 68 24 111 80 111 
1 15 43 319 28 21 22 111 80 111 
1 15 43 319 28 21 22 111 80 111 
1 15 43 319 133 28 21 22 68 24 111 80 111 
1 15 43 319 133 28 21 22 68 24 111 80 111 
1 15 43 319 133 28 21 22 68 24 111 80 111 
1 15 43 319 28 21 22 111 80 111 
1 15 43 319 28 21 22 111 80 111 
1 15 43 319 28 21 22 111 80 111 
1 15 43 319 28 21 22 111 80 111 
1 15 43 319 28 21 22 111 80 111 
1 15 43 319 28 21 22 111 80 111 
1 15 43 319 28 21 22 111 80 111 
1 15 43 319 28 21 22 111 80 111 
1 15 43 319 133 354 28 21 22 68 24 111 80 111 
1 15 43 319 133 354 28 21 22 68 24 111 80 111 
1 15 38 39 43 319 133 354 28 21 22 68 24 111 80 111 
1 15 43 319 133 354 28 21 22 68 24 111 80 111 
1 15 43 319 28 21 22 111 80 111 
1 15 43 319 28 21 22 111 80 111 
1 15 43 319 28 21 22 111 80 111 
1 15 43 319 5 28 21 22 111 80 111 
1 15 43 319 28 21 22 111 80 111 
1 15 38 39 43 319 28 21 22 111 80 111 
1 15 38 39 43 319 28 21 22 111 80 111 
1 15 43 319 28 21 22 111 80 111 
1 15 43 319 28 21 22 111 80 111 
1 15 43 319 28 21 22 111 80 111 
1 15 43 319 28 21 22 111 80 111 
1 15 43 319 28 21 22 111 80 111 
1 15 43 319 28 21 22 111 80 111 
1 15 43 319 28 21 22 111 80 111 
1 15 43 319 28 21 22 111 80 111 
1 15 43 319 28 21 22 111 80 111 
1 15 43 319 28 21 22 111 80 111 
1 15 43 319 28 21 22 111 80 111 
1 15 43 319 28 21 22 111 80 111 
1 15 43 319 28 21 22 111 80 111 
1 15 43 319 28 21 22 111 80 111 
1 15 43 319 28 21 22 111 80 111 
1 15 38 39 43 319 28 21 22 111 80 111 
1 15 43 319 28 21 22 111 80 111 
1 15 43 319 28 21 22 111 80 111 
1 15 38 39 43 319 28 21 22 111 80 111 
1 15 43 319 28 21 22 111 80 111 
1 15 43 319 28 21 22 111 80 111 
1 15 43 319 28 21 22 111 80 111 
1 15 43 319 28 21 22 111 80 111 
1 15 43 319 28 21 22 111 80 111 
1 15 43 319 28 21 22 111 80 111 
1 15 43 319 28 21 22 111 80 111 
1 15 43 319 28 21 22 111 80 111 
1 15 43 319 28 21 22 111 80 111 
1 15 43 319 28 21 22 68 24 111 80 111 
1 15 43 319 28 21 22 111 80 111 
1 15 43 319 81 28 21 22 82 68 24 111 80 111 
1 15 43 319 28 21 22 111 80 111 
1 15 43 319 28 21 22 111 80 111 
1 15 43 319 28 21 22 111 80 111 
1 15 38 39 43 319 28 21 22 111 80 111 
1 15 43 319 28 21 22 111 80 111 
1 15 43 319 28 21 22 111 80 111 
1 15 43 319 28 21 22 111 80 111 
1 15 43 319 28 21 22 111 80 111 
1 15 43 319 28 21 22 111 80 111 
1 15 38 39 43 319 28 21 22 111 80 111 
1 15 43 319 28 21 22 111 80 111 
1 15 43 319 28 21 22 111 80 111 
1 15 43 319 28 21 22 111 80 111 
1 15 43 319 28 21 22 111 80 111 
1 15 43 319 28 21 22 111 80 111 
1 15 38 39 43 319 28 21 22 111 80 111 
1 15 43 319 28 21 22 111 80 111 
1 15 43 319 28 21 22 111 80 111 
1 15 43 319 28 21 22 111 80 111 
1 15 43 319 28 21 22 111 80 111 
1 15 43 319 28 21 22 111 80 111 
1 15 43 319 28 21 22 111 80 111 
1 15 43 319 28 21 22 111 80 111 
1 15 43 319 28 21 22 111 80 111 
1 15 43 319 28 21 22 111 80 111 
1 15 43 319 28 21 22 111 80 111 
1 15 43 319 28 21 22 111 80 111 
1 15 43 319 28 21 22 111 80 111 
1 15 43 319 28 21 22 111 80 111 
1 15 43 319 28 21 22 111 80 111 
1 15 38 39 43 319 28 21 22 111 80 111 
1 15 43 319 28 21 22 111 80 111 
1 15 43 319 28 21 22 111 80 111 
1 15 43 319 28 21 22 111 80 111 
1 15 43 319 28 21 22 111 80 111 
1 15 43 319 28 21 22 111 80 111 
1 15 43 319 133 28 21 22 68 24 111 80 111 
1 15 43 319 28 21 22 111 80 111 
1 15 43 319 28 21 22 111 80 111 
1 15 43 319 28 21 22 111 80 111 
1 15 43 319 28 21 22 111 80 111 
1 15 43 319 28 21 22 111 80 111 
1 15 43 319 28 21 22 111 80 111 
1 15 43 319 28 21 22 111 80 111 
1 15 43 319 28 21 22 111 80 111 
1 15 43 319 5 28 6 21 31 22 111 80 111 
1 15 43 319 81 28 21 22 82 68 24 111 80 111 
1 15 43 319 5 28 6 21 22 61 111 80 111 
1 15 43 319 28 21 22 111 80 111 
1 15 43 319 28 21 22 111 80 111 
1 15 38 39 43 319 28 21 22 111 80 111 
1 15 43 319 28 21 22 111 80 111 
1 15 43 319 28 21 22 111 80 111 
1 15 43 319 5 28 21 22 143 8 37 144 24 111 80 111 
1 15 43 319 28 21 22 111 80 111 
1 15 43 319 28 21 22 111 80 111 
1 15 38 39 43 319 28 21 22 111 80 111 
1 15 43 319 28 21 22 111 80 111 
1 15 43 319 28 21 22 111 80 111 
1 15 43 319 28 21 22 111 80 111 
1 15 43 319 28 21 22 111 80 111 
1 15 43 319 28 21 22 111 80 111 
1 15 43 319 28 21 22 111 80 111 
1 15 43 319 28 21 22 111 80 111 
1 15 43 319 28 21 22 111 80 111 
1 15 43 319 28 21 22 111 80 111 
1 15 43 319 28 21 22 111 80 111 
1 15 43 319 28 21 22 111 80 111 
1 15 43 319 28 21 22 111 80 111 
1 15 43 319 28 21 22 111 80 111 
1 15 43 319 28 21 22 111 80 111 
1 15 43 319 28 21 22 111 80 111 
1 15 43 319 28 21 22 111 80 111 
1 15 43 319 28 21 22 111 80 111 
1 15 43 319 28 21 22 111 80 111 
1 15 43 319 28 21 22 111 80 111 
1 15 43 319 28 21 22 111 80 111 
1 15 43 319 28 21 22 111 80 111 
1 15 43 319 28 21 22 111 80 111 
1 15 43 319 28 21 22 111 80 111 
1 15 43 319 28 21 22 111 80 111 
1 15 43 319 28 21 22 111 80 111 
1 15 43 319 28 21 22 111 80 111 
1 15 43 319 28 21 22 111 80 111 
1 15 43 319 28 21 22 111 80 111 
1 15 43 319 28 21 22 68 24 111 80 111 
1 15 43 319 28 21 22 111 80 111 
1 15 43 319 28 21 22 111 80 111 
1 15 43 319 133 28 21 22 68 24 111 80 111 
1 15 43 319 28 21 22 111 80 79 111 
1 15 43 319 28 21 22 111 80 111 
1 15 43 319 28 21 22 111 80 111 
1 15 43 319 133 28 21 22 68 24 111 80 111 
1 15 43 319 133 28 21 22 68 24 111 80 111 
1 15 43 319 133 28 21 22 68 24 111 80 111 
1 15 43 319 28 21 22 111 80 111 
1 184 15 185 43 319 28 21 22 111 80 111 
1 15 43 319 28 21 22 111 80 111 
1 15 38 39 43 319 28 21 22 111 80 111 
1 15 43 319 28 21 22 111 80 111 
1 15 38 39 43 319 28 21 22 111 80 111 
1 15 43 319 133 28 21 22 68 24 111 80 111 
1 15 43 319 133 28 21 22 68 24 111 80 111 
1 15 43 319 133 28 21 22 68 24 111 80 111 
1 15 43 319 28 21 22 111 80 79 111 
1 15 43 319 28 21 22 111 80 111 
1 15 43 319 28 21 22 111 80 111 
1 15 43 319 28 21 22 37 24 111 80 111 
1 15 43 319 28 21 22 111 80 111 
1 15 43 319 28 21 22 111 80 111 
1 15 43 319 28 21 22 111 80 111 
1 15 43 319 28 21 22 111 80 111 
1 15 43 319 28 21 22 111 80 111 
1 15 43 319 28 21 22 111 80 111 
1 15 43 319 28 21 22 111 80 111 
1 15 43 319 28 21 22 111 80 111 
1 15 43 319 28 21 22 111 80 111 
1 15 43 319 28 21 22 111 80 111 
1 15 43 319 28 21 22 111 80 111 
1 15 43 319 28 21 22 111 80 111 
1 15 43 319 28 21 22 111 80 111 
1 15 43 319 28 21 22 111 80 111 
1 15 43 319 28 21 22 111 80 111 
1 15 43 319 28 21 22 111 80 111 
1 15 43 319 28 21 22 111 80 111 
1 15 43 319 28 21 22 111 80 111 
1 15 38 39 43 319 28 21 22 111 80 111 
1 15 43 319 28 21 22 111 80 111 
1 15 43 319 28 21 22 111 80 111 
1 15 43 319 28 21 22 111 80 111 
1 15 43 319 133 28 21 22 68 24 111 80 111 
1 15 43 319 133 28 21 22 68 24 111 80 111 
1 15 43 319 133 28 21 22 68 24 111 80 111 
1 15 43 319 28 21 22 111 80 111 
1 15 43 319 28 21 22 111 80 111 
1 15 43 319 28 21 22 111 80 111 
1 15 38 39 43 319 28 21 22 111 80 111 
1 15 43 319 28 21 22 111 80 111 
1 15 43 319 28 21 22 111 80 111 
1 15 43 319 28 21 22 111 80 111 
1 15 43 319 28 21 22 111 80 111 
1 15 43 319 28 21 22 111 80 111 
1 15 43 319 28 21 22 111 80 111 
1 15 43 319 28 21 22 111 80 111 
1 15 43 319 28 21 22 111 80 111 
1 15 43 319 28 21 22 111 80 111 
1 15 43 319 133 28 21 22 68 24 111 80 111 
1 15 43 319 133 28 21 22 68 24 111 80 111 
1 15 43 319 133 28 21 22 68 24 111 80 111 
1 15 43 319 133 28 21 22 68 24 111 80 111 
1 15 43 319 133 28 21 22 68 24 111 80 111 
1 15 43 319 133 28 21 22 68 24 111 80 111 
1 15 43 319 133 28 21 22 68 24 111 80 111 
1 15 43 319 28 21 22 111 80 111 
1 15 43 319 28 21 22 111 80 111 
1 15 43 319 133 28 21 22 68 24 111 80 111 
1 15 38 39 43 319 28 21 22 111 80 111 
1 15 43 319 28 21 22 111 80 111 
1 15 43 319 28 21 22 111 80 111 
1 15 43 319 28 21 22 111 80 111 
1 15 43 319 28 21 22 111 80 111 
1 15 43 319 28 21 22 111 80 111 
1 15 43 319 28 21 22 111 80 111 
1 15 43 319 28 21 22 111 80 111 
1 15 43 319 28 21 22 111 80 111 
1 15 43 319 28 21 22 111 80 111 
1 15 43 319 28 21 22 111 80 111 
1 15 43 319 28 21 22 68 24 111 80 111 
1 15 43 319 28 21 22 111 80 111 
1 15 38 39 43 319 28 21 22 111 80 111 
1 15 43 319 28 21 22 111 80 111 
1 15 43 319 28 21 22 111 80 111 
1 15 43 319 28 21 22 111 80 111 
1 15 43 319 28 21 22 111 80 111 
1 15 43 319 28 21 22 111 80 111 
1 15 43 319 133 28 21 22 68 24 111 80 111 
1 15 43 319 133 28 21 22 68 24 111 80 111 
1 15 43 319 28 21 22 111 80 111 
1 15 43 319 28 21 22 111 80 111 
1 15 43 319 28 21 22 111 80 111 
1 15 43 319 28 21 22 111 80 111 
1 15 43 319 28 21 22 111 80 111 
1 15 43 319 133 28 21 22 68 24 111 80 111 
1 15 43 319 133 28 21 22 68 24 111 80 111 
1 15 43 319 28 21 22 111 80 111 
1 15 43 319 28 21 22 111 80 111 
1 15 43 319 28 21 22 111 80 111 
1 15 43 319 133 28 21 22 68 24 111 80 111 
1 15 43 319 133 28 21 22 68 24 111 80 111 
1 15 38 39 43 319 28 21 22 111 80 111 
1 15 38 39 43 319 28 21 22 111 80 111 
1 15 43 319 28 21 22 111 80 111 
1 15 43 319 28 21 22 111 80 111 
1 15 43 319 28 21 22 111 80 111 
1 15 43 319 133 28 21 22 68 24 111 80 111 
1 15 43 319 133 28 21 22 68 24 111 80 111 
1 15 43 319 133 28 21 22 68 24 111 80 111 
1 15 38 39 43 319 28 21 22 111 80 111 
1 15 43 319 28 21 22 111 80 111 
1 15 43 319 28 21 22 111 80 111 
1 15 43 319 28 21 22 111 80 111 
1 15 43 319 28 21 22 111 80 111 
1 15 43 319 28 21 22 111 80 111 
1 15 43 319 28 21 22 111 80 111 
1 15 43 319 28 21 22 111 80 111 
1 15 43 319 28 21 22 111 80 111 
1 15 43 319 28 21 22 111 80 111 
1 15 43 319 28 21 22 111 80 111 
1 15 43 319 28 21 22 111 80 111 
1 15 43 319 28 21 22 111 80 111 
1 15 43 319 28 21 22 111 80 111 
1 15 43 319 28 21 22 111 80 111 
1 15 43 319 28 21 22 111 80 111 
1 15 43 319 28 21 22 111 80 111 
1 15 43 319 28 21 22 111 80 111 
1 15 43 319 28 21 22 111 80 111 
1 15 43 319 28 21 22 111 80 111 
1 15 43 319 28 21 22 111 80 111 
1 15 43 319 28 21 22 111 80 111 
1 15 43 319 28 21 22 111 80 111 
1 15 43 319 28 21 22 111 80 111 
1 15 43 319 28 21 22 111 80 111 
1 15 43 319 28 21 22 111 80 111 
1 15 43 319 28 21 22 111 80 111 
1 15 43 319 28 21 22 111 80 111 
1 15 43 319 28 21 22 111 80 111 
1 15 43 319 28 21 22 111 80 111 
1 15 43 319 28 21 22 111 80 111 
1 15 43 319 28 21 22 111 80 111 
1 15 38 39 43 319 28 21 22 111 80 111 
1 15 43 319 28 21 22 111 80 111 
1 15 43 319 28 21 22 111 80 111 
1 15 43 319 28 21 22 111 80 111 
1 15 38 39 43 319 28 21 22 111 80 111 
1 15 43 319 28 21 22 111 80 111 
1 15 43 319 28 21 22 111 80 111 
1 15 43 319 28 21 22 111 80 111 
1 15 43 319 28 21 22 111 80 111 
1 15 43 319 28 21 22 111 80 111 
1 15 43 319 28 21 22 111 80 111 
1 15 43 319 28 21 22 111 80 111 
1 15 43 319 28 21 22 111 80 111 
1 15 43 319 28 21 22 111 80 111 
1 15 43 319 28 21 22 111 80 111 
1 15 43 319 28 21 22 111 80 111 
1 15 43 319 28 21 22 111 80 111 
1 15 43 319 28 21 22 111 80 111 
1 15 43 319 28 21 22 111 80 111 
1 15 43 319 28 21 22 111 80 111 
1 15 43 319 28 21 22 111 80 111 
1 15 43 319 28 21 22 111 80 111 
1 15 43 319 28 21 22 111 80 111 
1 15 43 319 28 21 22 111 80 111 
1 15 43 319 28 21 22 111 80 111 
1 15 43 319 28 21 22 111 80 111 
1 15 43 319 28 21 22 111 80 111 
1 15 43 319 28 21 22 111 80 111 
1 15 43 319 28 21 22 111 80 111 
1 15 43 319 28 21 22 111 80 111 
1 184 15 185 43 319 28 21 22 111 80 111 
1 15 43 319 28 21 22 111 80 111 
1 15 43 319 28 21 22 111 80 111 
1 15 43 319 28 21 22 111 80 111 
1 15 43 319 28 21 22 111 80 111 
1 15 43 319 28 21 22 111 80 111 
1 15 43 319 28 21 22 111 80 111 
1 15 43 319 28 21 22 111 80 111 
1 15 43 319 28 21 22 111 80 111 
1 15 43 319 28 21 22 111 80 111 
1 15 38 39 43 319 28 21 22 111 80 111 
1 15 43 319 28 21 22 111 80 111 
1 15 43 319 28 21 22 111 80 111 
1 15 43 319 28 21 22 111 80 111 
1 15 43 319 28 21 22 111 80 111 
1 15 43 319 28 21 22 111 80 111 
1 15 43 319 28 21 22 111 80 111 
1 15 43 319 28 21 22 111 80 111 
1 184 15 185 43 319 28 21 22 111 80 111 
1 15 43 319 28 21 22 111 80 111 
1 15 43 319 28 21 22 111 80 111 
1 15 43 319 28 21 22 111 80 111 
1 15 43 319 28 21 22 111 80 111 
1 15 38 39 43 319 28 21 22 111 80 111 
1 15 43 319 28 21 22 111 80 111 
1 15 43 319 28 21 22 111 80 111 
1 15 43 319 28 21 22 111 80 111 
1 15 43 319 28 21 22 111 80 111 
1 15 43 319 28 21 22 111 80 111 
1 15 43 319 28 21 22 111 80 111 
1 15 43 319 28 21 22 111 80 111 
1 15 43 319 28 21 22 111 80 111 
1 15 43 319 28 21 22 111 80 111 
1 15 43 319 28 21 22 111 80 111 
1 15 43 319 28 21 22 111 80 111 
1 15 43 319 28 21 22 111 80 111 
1 15 43 319 28 21 22 111 80 111 
1 15 43 319 28 21 22 111 80 111 
1 15 43 319 28 21 22 111 80 111 
1 15 43 319 28 21 22 111 80 111 
1 15 43 319 28 21 22 111 80 111 
1 15 43 319 28 21 22 111 80 111 
1 15 43 319 28 21 22 111 80 111 
1 15 43 319 28 21 22 111 80 111 
1 15 43 319 28 21 22 111 80 111 
1 15 38 39 43 319 28 21 22 111 80 111 
1 15 43 319 28 21 22 111 80 111 
1 15 43 319 28 21 22 111 80 111 
1 15 43 319 28 21 22 111 80 111 
1 15 43 319 28 21 22 111 80 111 
1 15 43 319 28 21 22 111 80 111 
1 15 43 319 28 21 22 111 80 111 
1 15 43 319 28 21 22 111 80 111 
1 15 43 319 28 21 22 111 80 111 
1 15 43 319 28 21 22 111 80 111 
1 15 43 319 28 21 22 111 80 111 
1 15 43 319 28 21 22 111 80 111 
1 15 43 319 28 21 22 111 80 111 
1 15 43 319 28 21 22 111 80 111 
1 15 43 319 28 21 22 111 80 111 
1 15 43 319 28 21 22 111 80 111 
1 15 43 319 28 21 22 111 80 111 
1 15 43 319 28 21 22 111 80 111 
1 15 43 319 28 21 22 111 80 111 
1 15 43 319 28 21 22 111 80 111 
1 15 43 319 28 21 22 111 80 111 
1 15 43 319 28 21 22 111 80 111 
1 15 43 319 28 21 22 111 80 111 
1 15 43 319 28 21 22 111 80 111 
1 15 43 319 28 21 22 111 80 111 
1 15 2 43 319 28 21 22 111 80 111 
1 15 43 319 28 21 22 111 80 111 
1 15 43 319 28 21 22 111 80 111 
1 15 38 39 43 319 28 21 22 25 26 111 80 111 
1 15 38 39 43 319 28 21 22 25 26 111 80 111 
1 15 43 319 28 21 22 25 26 111 80 111 
1 15 43 319 28 21 22 25 26 111 80 111 
1 15 43 319 28 21 22 25 26 111 80 111 
1 15 43 319 28 21 22 25 26 111 80 111 
1 15 38 39 43 319 28 21 22 111 80 111 
1 15 43 319 28 21 22 111 80 111 
1 15 43 319 28 21 22 111 80 111 
1 15 38 39 43 319 28 21 22 111 80 111 
1 15 43 319 28 21 22 111 80 111 
1 15 43 319 28 21 22 68 24 111 80 111 
1 15 43 319 28 21 22 68 24 111 80 111 
1 15 43 319 28 21 22 68 24 111 80 111 
1 15 43 319 28 21 22 111 80 111 
1 15 38 39 43 319 28 21 22 111 80 111 
1 15 43 319 28 21 22 111 80 111 
1 15 43 319 28 21 22 111 80 111 
1 15 43 319 28 21 22 111 80 111 
1 15 43 319 28 21 22 111 80 111 
1 15 43 319 28 21 22 111 80 111 
1 15 43 319 28 21 22 111 80 111 
1 15 43 319 28 21 22 111 80 111 
1 15 43 319 28 21 22 111 80 111 
1 15 43 319 28 21 22 111 80 111 
1 15 43 319 28 21 22 111 80 111 
1 15 43 319 28 21 22 111 80 111 
1 15 43 319 28 21 22 111 80 111 
1 15 43 319 28 21 22 111 80 111 
1 15 43 319 28 21 22 111 80 111 
1 15 43 319 28 21 22 111 80 111 
1 15 2 43 319 28 21 22 111 80 111 
1 15 43 319 28 21 22 111 80 111 
1 15 43 319 28 21 22 111 80 111 
1 15 43 319 28 21 22 111 80 111 
1 15 43 319 28 21 22 111 80 111 
1 15 43 319 28 21 22 111 80 111 
1 15 43 319 28 21 22 111 80 111 
1 15 38 39 43 319 28 21 22 111 80 111 
1 15 43 319 28 21 22 111 80 111 
1 15 43 319 28 21 22 111 80 111 
1 15 43 319 28 21 22 111 80 111 
1 15 43 319 28 21 22 111 80 111 
1 15 43 319 28 21 22 111 80 111 
1 15 43 319 28 21 22 111 80 111 
1 15 43 319 28 21 22 111 80 111 
1 15 43 319 28 21 22 111 80 111 
1 15 43 319 28 21 22 111 80 111 
1 15 43 319 28 21 22 111 80 111 
1 15 43 319 28 21 22 111 80 111 
1 15 43 319 28 21 22 111 80 111 
1 15 2 43 319 28 21 22 111 80 111 
1 15 43 319 28 21 22 111 80 111 
1 15 43 319 28 21 22 111 80 111 
1 15 43 319 28 21 22 111 80 111 
1 15 43 319 28 21 22 111 80 111 
1 15 43 319 28 21 22 111 80 111 
1 15 43 319 28 104 21 22 68 24 111 80 111 
1 15 38 39 43 319 28 21 22 111 80 111 
1 15 43 319 28 21 22 111 80 111 
1 15 43 319 28 21 22 111 80 111 
1 15 43 319 28 21 22 111 80 111 
1 15 43 319 28 21 22 111 80 111 
1 15 38 39 43 319 28 21 22 111 80 111 
1 15 43 319 5 28 6 21 22 111 80 111 
1 15 43 319 5 28 6 21 22 111 80 111 
1 15 43 319 5 28 6 21 22 111 80 111 
1 15 43 319 5 28 6 21 22 111 80 111 
1 15 43 319 28 21 22 111 80 111 
1 15 43 319 28 21 22 111 80 111 
1 15 43 319 28 21 22 111 80 111 
1 15 43 319 28 21 22 111 80 111 
1 15 43 319 28 21 22 111 80 111 
1 15 43 319 133 28 21 22 68 24 111 80 111 
1 15 43 319 133 28 21 22 68 24 111 80 111 
1 15 43 319 133 28 21 22 68 24 111 80 111 
1 15 43 319 133 28 21 22 68 24 111 80 111 
1 15 43 319 28 21 22 111 80 111 
1 15 43 319 28 21 22 111 80 111 
1 15 43 319 28 21 22 111 80 111 
1 15 43 319 28 21 22 111 80 111 
1 15 43 319 28 21 22 111 80 111 
1 15 43 319 133 28 21 22 68 24 111 80 111 
1 15 43 319 81 28 21 22 82 68 24 111 80 111 
1 15 38 39 43 319 28 21 22 111 80 111 
1 15 43 319 28 21 22 111 80 111 
1 15 43 319 28 21 22 111 80 111 
1 15 43 319 28 21 22 111 80 111 
1 15 43 319 28 21 22 111 80 111 
1 15 43 319 28 21 22 111 80 111 
1 15 43 319 28 21 22 111 80 111 
1 15 43 319 28 21 22 111 80 111 
1 15 43 319 28 21 22 111 80 111 
1 15 43 319 28 21 22 111 80 111 
1 15 43 319 28 21 22 111 80 111 
1 15 43 319 28 21 22 111 80 111 
1 15 43 319 28 21 22 111 80 111 
1 15 43 319 28 21 22 111 80 111 
1 15 43 319 28 21 22 111 80 111 
1 15 43 319 28 21 22 111 80 111 
1 15 43 319 28 21 22 111 80 111 
1 15 43 319 28 21 22 111 80 111 
1 15 43 319 28 21 22 111 80 111 
1 15 43 319 28 21 22 111 80 111 
1 15 43 319 28 21 22 111 80 111 
1 15 43 319 28 21 22 111 80 111 
1 15 2 43 319 28 21 22 111 80 111 
1 15 43 319 28 21 22 111 80 111 
1 15 43 319 28 21 22 111 80 111 
1 15 43 319 28 21 22 111 80 111 
1 15 43 319 28 21 22 111 80 111 
1 15 43 319 28 21 22 111 80 111 
1 15 43 319 28 21 22 111 80 111 
1 15 43 319 28 21 22 111 80 111 
1 15 43 319 28 21 22 111 80 111 
1 15 43 319 28 21 22 111 80 111 
1 15 43 319 28 21 22 111 80 111 
1 15 43 319 28 21 22 111 80 111 
1 15 43 319 28 21 22 111 80 111 
1 15 38 39 43 319 28 21 22 111 80 111 
1 15 43 319 28 21 22 111 80 111 
1 15 43 319 28 21 22 111 80 111 
1 15 43 319 133 28 21 22 68 24 111 80 111 
1 15 43 319 28 21 22 111 80 111 
1 15 43 319 28 21 22 111 80 111 
1 408 409 15 51 52 43 319 354 28 21 22 68 24 111 80 111 
1 15 43 319 28 21 22 111 80 111 
1 15 43 319 28 21 22 111 80 111 
1 15 43 319 28 21 22 111 80 111 
1 15 43 319 28 21 22 111 80 111 
1 15 43 319 28 21 22 111 80 111 
1 15 43 319 28 21 22 111 80 111 
1 15 43 319 28 21 22 111 80 111 
1 15 43 319 28 21 22 111 80 111 
1 15 43 319 28 21 22 111 80 111 
1 15 43 319 28 21 22 111 80 111 
1 15 43 319 28 21 22 111 80 111 
1 15 43 319 133 28 21 22 68 24 111 80 111 
1 15 43 319 133 28 21 22 68 24 111 80 111 
1 15 43 319 133 28 21 22 68 24 111 80 111 
1 15 43 319 28 21 22 111 80 111 
1 15 43 319 28 21 22 111 80 111 
1 15 43 319 28 21 22 111 80 111 
1 15 43 319 28 21 22 111 80 111 
1 15 43 319 28 21 22 111 80 111 
1 15 43 319 28 21 22 111 80 111 
1 15 43 319 28 21 22 111 80 111 
1 15 43 319 28 21 22 111 80 111 
1 15 43 319 28 21 22 111 80 111 
1 15 43 319 28 21 22 111 80 111 
1 15 43 319 28 21 22 111 80 111 
1 15 43 319 28 21 22 111 80 111 
1 15 43 319 28 21 22 111 80 111 
1 15 43 319 28 21 22 111 80 111 
1 15 43 319 28 21 22 111 80 111 
1 15 38 39 43 319 28 21 22 111 80 111 
1 15 43 319 28 21 22 111 80 111 
1 15 43 319 28 21 22 111 80 111 
1 15 43 319 28 21 22 111 80 111 
1 15 43 319 28 21 22 111 80 111 
1 15 43 319 28 21 22 111 80 111 
1 15 43 319 28 21 22 111 80 111 
1 15 43 319 28 21 22 111 80 111 
1 15 43 319 28 21 22 111 80 111 
1 15 43 319 133 28 21 22 68 24 111 80 111 
1 15 43 319 133 28 21 22 68 24 111 80 111 
1 15 43 319 28 21 22 111 80 111 
1 15 43 319 28 21 22 111 80 111 
1 15 43 319 28 21 22 111 80 111 
1 15 43 319 28 21 22 111 80 111 
1 15 43 319 28 21 22 111 80 111 
1 15 43 319 28 21 22 111 80 111 
1 15 43 319 28 21 22 111 80 111 
1 15 43 319 28 21 22 111 80 111 
1 15 43 319 28 21 22 111 80 111 
1 15 43 319 28 21 22 111 80 111 
1 15 43 319 28 21 22 111 80 111 
1 15 43 319 28 21 22 111 80 111 
1 15 38 39 43 319 28 21 22 111 80 111 
1 15 43 319 28 21 22 111 80 111 
1 15 43 319 28 21 22 111 80 111 
1 15 43 319 28 21 22 111 80 111 
1 15 43 319 28 21 22 111 80 111 
1 15 43 319 28 21 22 111 80 111 
1 15 2 43 319 28 21 22 111 80 111 
1 15 43 319 28 21 22 111 80 111 
1 15 43 319 28 21 22 111 80 111 
1 15 38 39 43 319 5 28 21 22 111 80 111 
1 15 43 319 5 28 21 22 111 80 111 
1 15 43 319 5 28 21 22 111 80 111 
1 15 43 319 28 21 22 111 80 111 
1 15 43 319 28 21 22 111 80 111 
1 15 43 319 28 21 22 111 80 111 
1 15 43 319 28 21 22 111 80 111 
1 15 43 319 28 21 22 111 80 111 
1 15 43 319 28 21 22 111 80 111 
1 15 43 319 28 21 22 111 80 111 
1 15 43 319 28 21 22 111 80 111 
1 15 43 319 28 21 22 111 80 111 
1 15 43 319 28 21 22 111 80 111 
1 15 43 319 28 21 22 111 80 111 
1 15 43 319 28 21 22 111 80 111 
1 15 43 319 28 21 22 111 80 111 
1 15 43 319 28 21 22 111 80 111 
1 15 43 319 28 21 22 111 80 111 
1 15 43 319 28 21 22 111 80 111 
1 15 43 319 28 21 22 111 80 111 
1 15 43 319 28 21 22 111 80 111 
1 15 38 39 43 319 28 21 22 111 80 111 
1 15 38 39 43 319 28 21 22 111 80 111 
1 15 43 319 28 21 22 111 80 111 
1 15 43 319 28 21 22 111 80 111 
1 15 38 39 43 319 28 21 22 111 80 111 
1 15 43 319 28 21 22 111 80 111 
1 15 43 319 28 21 22 111 80 111 
1 15 43 319 28 21 22 111 80 111 
1 15 43 319 28 21 22 111 80 111 
1 15 43 319 28 21 22 111 80 111 
1 15 43 319 28 21 22 111 80 111 
1 15 43 319 28 21 22 111 80 111 
1 15 43 319 28 21 22 111 80 111 
1 15 43 319 28 21 22 111 80 111 
1 15 43 319 28 21 22 111 80 111 
1 15 43 319 28 21 22 68 24 111 80 111 
1 15 43 319 28 21 22 111 80 111 
1 15 43 319 133 28 21 22 68 24 111 80 111 
1 15 43 319 28 21 22 111 80 111 
1 15 43 319 28 21 22 111 80 111 
1 15 43 319 133 28 21 22 68 24 111 80 111 
1 15 43 319 133 28 21 22 68 24 111 80 111 
1 15 43 319 28 21 22 111 80 111 
1 15 43 319 28 21 22 68 24 111 80 111 
1 15 43 319 354 28 21 22 68 24 111 80 111 
1 15 43 319 28 21 22 111 80 111 
1 15 43 319 28 21 22 111 80 111 
1 15 43 319 28 21 22 111 80 111 
1 15 43 319 28 21 22 111 80 111 
1 15 43 319 133 28 21 22 68 24 111 80 111 
1 15 43 319 133 28 21 22 68 24 111 80 111 
1 15 43 319 28 21 22 111 80 111 
1 15 43 319 28 21 22 111 80 111 
1 15 43 319 28 21 22 111 80 111 
1 15 43 319 28 21 22 111 80 111 
1 15 43 319 28 21 22 111 80 111 
1 15 43 319 28 21 22 111 80 111 
1 15 43 319 28 21 22 111 80 111 
1 15 38 39 43 319 5 28 21 22 8 111 80 111 
1 15 43 319 5 28 21 22 8 111 80 111 
1 15 43 319 5 28 21 22 8 111 80 111 
1 15 43 319 28 21 22 111 80 111 
1 15 43 319 28 21 22 111 80 111 
1 15 38 39 43 319 28 21 22 111 80 111 
1 15 43 319 133 28 21 22 68 24 111 80 111 
1 15 43 319 28 21 22 111 80 111 
1 15 43 319 28 21 22 111 80 111 
1 15 43 319 28 21 22 111 80 111 
1 15 43 319 28 21 22 111 80 111 
1 15 43 319 28 21 22 111 80 111 
1 15 43 319 28 21 22 111 80 111 
1 15 43 319 28 21 22 111 80 111 
1 15 43 319 28 21 22 111 80 111 
1 15 43 319 28 21 22 111 80 111 
1 15 43 319 5 28 21 22 101 8 102 111 80 111 
1 15 43 319 5 28 21 22 101 8 102 111 80 111 
1 15 43 319 5 28 21 22 101 8 102 111 80 111 
1 15 43 319 5 28 21 22 101 8 102 111 80 111 
1 15 43 319 28 21 22 111 80 111 
1 15 43 319 28 21 22 111 80 111 
1 15 43 319 28 21 22 111 80 111 
1 15 43 319 28 21 22 111 80 111 
1 15 43 319 28 21 22 111 80 111 
1 15 43 319 28 21 22 111 80 111 
1 15 43 319 28 21 22 111 80 111 
1 15 43 319 28 21 22 111 80 111 
1 15 43 319 28 21 22 111 80 111 
1 15 43 319 28 21 22 111 80 111 
1 15 43 319 28 21 22 111 80 111 
1 15 43 319 28 21 22 111 80 111 
1 15 43 319 28 21 22 111 80 111 
1 15 43 319 28 21 22 111 80 111 
1 15 38 39 43 319 28 21 22 111 80 111 
1 15 43 319 28 21 22 111 80 111 
1 15 38 39 43 319 28 21 22 111 80 111 
1 15 43 319 28 21 22 111 80 111 
1 15 43 319 28 21 22 111 80 111 
1 15 43 319 28 21 22 111 80 111 
1 15 43 319 28 21 22 111 80 111 
1 15 38 39 43 319 28 21 22 111 80 111 
1 15 43 319 28 21 22 111 80 111 
1 15 43 319 28 21 22 111 80 111 
1 15 38 39 43 319 28 21 22 111 80 111 
1 15 43 319 28 21 22 111 80 111 
1 15 43 319 28 21 22 111 80 111 
1 15 43 319 28 21 22 111 80 111 
1 15 43 319 28 21 22 111 80 111 
1 15 43 319 28 21 22 111 80 111 
1 15 43 319 28 21 22 111 80 111 
1 15 43 319 28 21 22 111 80 111 
1 15 43 319 28 21 22 111 80 111 
1 15 43 319 133 28 21 22 68 24 111 80 111 
1 15 43 319 28 21 22 111 80 111 
1 15 43 319 28 21 22 111 80 111 
1 15 43 319 28 21 22 111 80 111 
1 15 38 39 43 319 28 21 22 111 80 111 
1 15 43 319 28 21 22 111 80 111 
1 15 43 319 28 21 22 24 111 80 111 
1 15 43 319 28 21 22 111 80 111 
1 15 38 39 43 319 28 21 22 111 80 111 
1 15 43 319 28 21 22 111 80 111 
1 15 43 319 28 21 22 111 80 111 
1 15 43 319 28 21 22 111 80 111 
1 15 43 319 133 28 21 22 68 24 111 80 111 
1 184 15 185 43 319 28 21 22 111 80 111 
1 15 43 319 28 21 22 111 80 111 
1 15 43 319 28 21 22 263 68 24 111 80 111 
1 15 43 319 28 21 22 111 80 111 
1 15 43 319 133 28 21 22 68 24 111 80 111 
1 15 43 319 28 21 22 111 80 111 
1 15 43 319 28 21 22 111 80 111 
1 15 43 319 28 21 22 111 80 111 
1 15 43 319 28 21 22 111 80 111 
1 15 43 319 28 21 22 111 80 111 
1 15 43 319 28 21 22 111 80 111 
1 15 43 319 28 21 22 111 80 111 
1 15 43 319 5 28 6 21 22 352 99 111 80 100 111 
1 15 43 319 5 28 6 21 22 352 99 111 80 100 111 
1 15 38 39 43 319 28 21 22 111 80 111 
1 15 43 319 28 21 22 111 80 111 
1 15 43 319 28 21 22 111 80 111 
1 15 43 319 28 21 22 111 80 111 
1 15 43 319 28 21 22 111 80 111 
1 15 43 319 28 21 22 111 80 111 
1 15 43 319 28 21 22 111 80 111 
1 15 43 319 28 21 22 111 80 111 
1 15 43 319 28 21 22 111 80 111 
1 15 43 319 28 21 22 111 80 111 
1 15 43 319 28 21 22 111 80 111 
1 15 43 319 28 21 22 111 80 111 
1 15 43 319 28 21 22 111 80 111 
1 15 43 319 28 21 22 68 24 111 80 111 
1 15 38 39 43 319 28 21 22 111 80 111 
1 15 43 319 28 21 22 111 80 111 
1 15 43 319 28 21 22 111 80 111 
1 15 43 319 28 21 22 111 80 111 
1 15 43 319 28 21 22 111 80 111 
1 15 43 319 28 21 22 68 24 111 80 111 
1 15 43 319 28 21 22 68 24 111 80 111 
1 15 43 319 28 21 22 68 24 111 80 111 
1 15 43 319 28 21 22 68 24 111 80 111 
1 15 38 39 43 319 28 21 22 111 80 111 
1 15 38 39 43 319 28 21 22 111 80 111 
1 15 43 319 28 21 22 111 80 111 
1 15 43 319 28 21 22 111 80 111 
1 15 43 319 28 21 22 111 80 111 
1 15 43 319 28 21 22 111 80 111 
1 15 43 319 133 28 21 22 68 24 111 80 111 
1 15 43 319 28 21 22 111 80 111 
1 15 43 319 28 21 22 111 80 111 
1 15 43 319 28 21 22 111 80 111 
1 15 43 319 28 21 22 111 80 111 
1 15 43 319 28 21 22 111 80 111 
1 15 43 319 28 21 22 111 80 111 
1 15 43 319 28 21 22 111 80 111 
1 15 43 319 28 21 22 111 80 111 
1 15 43 319 28 21 22 111 80 111 
1 15 43 319 28 21 22 111 80 111 
1 15 43 319 28 21 22 111 80 111 
1 15 43 319 28 21 22 111 80 111 
1 15 43 319 28 21 22 111 80 111 
1 15 43 319 28 21 22 111 80 111 
1 15 43 319 28 21 22 111 80 111 
1 15 43 319 28 21 22 111 80 111 
1 15 43 319 5 62 28 6 21 22 63 111 80 111 
1 15 43 319 28 21 22 111 80 111 
1 15 43 319 28 21 22 111 80 111 
1 15 43 319 28 21 22 111 80 111 
1 15 43 319 28 21 22 111 80 111 
1 408 409 15 51 52 43 319 28 21 22 68 24 111 80 111 
1 15 43 319 81 28 21 22 82 68 24 111 80 111 
1 15 43 319 28 21 22 111 80 111 
1 15 38 39 43 319 28 21 22 111 80 111 
1 15 43 319 28 21 22 111 80 111 
1 15 43 319 28 21 22 111 80 111 
1 15 43 319 28 21 22 111 80 111 
1 15 43 319 28 21 22 111 80 111 
1 15 43 319 28 21 22 111 80 111 
1 15 43 319 28 21 22 111 80 111 
1 15 43 319 28 21 22 111 80 111 
1 15 43 319 28 21 22 111 80 111 
1 15 43 319 28 21 22 111 80 111 
1 15 43 319 28 21 22 111 80 111 
1 15 38 39 43 319 28 21 22 111 80 111 
1 15 43 319 28 21 22 111 80 111 
1 15 43 319 28 21 22 111 80 111 
1 15 43 319 28 21 22 111 80 111 
1 15 43 319 28 21 22 111 80 111 
1 15 43 319 28 21 22 111 80 111 
1 15 43 319 28 21 22 111 80 111 
1 15 43 319 28 21 22 111 80 111 
1 15 43 319 28 21 22 111 80 111 
1 15 43 319 28 21 22 111 80 111 
1 15 43 319 28 21 22 111 80 111 
1 15 43 319 28 21 22 111 80 111 
1 15 43 319 28 21 22 111 80 111 
1 15 43 319 28 21 22 111 80 111 
1 15 43 319 28 21 22 111 80 111 
1 15 43 319 28 21 22 111 80 111 
1 15 43 319 28 21 22 111 80 111 
1 15 43 319 28 21 22 111 80 111 
1 408 409 15 51 52 43 319 28 21 22 24 111 80 111 
1 15 43 319 28 21 22 111 80 111 
1 15 43 319 28 21 22 111 80 111 
1 15 43 319 28 21 22 68 24 111 80 111 
1 15 400 401 43 319 28 21 22 111 80 111 
1 15 43 319 28 21 22 111 80 111 
1 15 43 319 28 21 22 111 80 111 
1 15 43 319 28 21 22 111 80 111 
1 15 43 319 28 21 22 24 111 80 111 
1 15 43 319 28 21 22 111 80 111 
1 15 43 319 28 21 22 111 80 111 
1 15 43 319 28 21 22 111 80 111 
1 15 43 319 28 21 22 111 80 111 
1 15 43 319 28 21 22 111 80 111 
1 15 43 319 5 28 21 22 176 162 8 111 80 111 
1 15 43 319 5 28 21 22 176 162 8 111 80 111 
1 15 38 39 43 319 28 21 22 111 80 111 
1 15 38 39 43 319 28 21 22 111 80 111 
1 15 43 319 28 21 22 111 80 111 
1 15 43 319 28 21 22 68 24 111 80 111 
1 15 43 319 28 21 22 111 80 111 
1 15 43 319 28 21 22 111 80 111 
1 15 38 39 43 319 28 21 22 111 80 111 
1 15 43 319 28 21 22 111 80 111 
1 15 43 319 28 21 22 111 80 111 
1 15 38 39 43 319 28 21 22 111 80 111 
1 15 43 319 28 21 22 111 80 111 
1 15 43 319 28 21 22 111 80 111 
1 15 38 39 43 319 28 21 22 111 80 111 
1 15 43 319 28 21 22 111 80 111 
1 15 43 319 28 21 22 111 80 111 
1 15 43 319 28 21 22 111 80 111 
1 15 43 319 28 21 22 111 80 111 
1 15 43 319 28 21 22 111 80 111 
1 15 43 319 28 21 22 111 80 111 
1 15 38 39 43 319 28 21 22 111 80 111 
1 15 43 319 28 21 22 111 80 111 
1 15 43 319 28 21 22 111 80 111 
1 15 43 319 28 21 22 111 80 111 
1 15 43 319 28 21 22 111 80 111 
1 15 43 319 28 21 22 111 80 111 
1 15 43 319 28 21 22 111 80 111 
1 15 43 319 28 21 22 111 80 111 
1 15 43 319 28 21 22 111 80 111 
1 15 43 319 28 21 22 111 80 111 
1 15 43 319 28 21 22 111 80 111 
1 15 43 319 28 21 22 111 80 111 
1 15 43 319 28 21 22 111 80 111 
1 15 43 319 28 21 22 111 80 111 
1 15 43 319 28 21 22 111 80 111 
1 15 38 39 43 319 28 21 22 111 80 111 
1 15 43 319 28 21 22 111 80 111 
1 15 43 319 28 21 22 111 80 111 
1 15 43 319 28 21 22 111 80 111 
1 15 43 319 5 28 21 22 143 8 37 144 24 111 80 111 
1 15 43 319 5 28 21 22 143 8 37 144 24 111 80 111 
1 15 43 319 28 21 22 111 80 111 
1 15 43 319 28 21 22 111 80 111 
1 15 43 319 28 21 22 111 80 111 
1 15 43 319 133 28 21 22 68 24 111 80 111 
1 15 43 319 133 28 21 22 68 24 111 80 111 
1 15 43 319 133 28 21 22 68 24 111 80 111 
1 15 43 319 28 21 22 111 80 111 
1 15 43 319 28 21 22 111 80 111 
1 15 43 319 28 21 22 111 80 111 
1 15 43 319 28 21 22 111 80 111 
1 15 43 319 28 21 22 111 80 111 
1 15 43 319 28 21 22 111 80 111 
1 15 43 319 28 21 22 111 80 111 
1 15 43 319 28 21 22 111 80 111 
1 15 43 319 28 21 22 111 80 111 
1 15 43 319 28 21 22 111 80 111 
1 15 43 319 28 21 22 111 80 111 
1 15 43 319 28 21 22 111 80 111 
1 15 43 319 28 21 22 111 80 111 
1 15 43 319 28 21 22 111 80 111 
1 15 43 319 28 21 22 111 80 111 
1 15 43 319 28 21 22 111 80 111 
1 15 38 39 43 319 28 21 22 111 80 111 
1 15 43 319 28 21 22 111 80 111 
1 15 43 319 28 21 22 111 80 111 
1 15 43 319 28 21 22 111 80 111 
1 15 43 319 133 28 21 22 68 24 111 80 111 
1 15 43 319 28 21 22 111 80 111 
1 15 43 319 28 21 22 111 80 111 
1 15 43 319 28 21 22 68 111 24 80 111 
1 15 38 39 43 319 28 21 22 68 111 24 80 111 
1 15 43 319 28 21 22 68 111 24 80 111 
1 15 43 319 28 21 22 111 80 111 
1 15 43 319 28 21 22 111 80 111 
1 15 43 319 28 21 22 111 80 111 
1 15 43 319 28 21 22 111 80 111 
1 15 43 319 28 21 22 111 80 111 
1 15 43 319 28 21 22 111 80 111 
1 15 43 319 28 21 22 111 80 111 
1 15 43 319 28 21 22 111 80 111 
1 15 43 319 28 21 22 111 80 111 
1 15 43 319 28 21 22 111 80 111 
1 15 43 319 28 21 22 111 80 111 
1 15 43 319 28 21 22 111 80 111 
1 15 43 319 28 21 22 111 80 111 
1 15 43 319 28 21 22 111 80 111 
1 15 43 319 28 21 22 111 80 111 
1 15 43 319 28 21 22 111 80 111 
1 15 43 319 28 21 22 111 80 111 
1 15 43 319 28 21 22 111 80 111 
1 15 43 319 28 21 22 111 80 111 
1 15 43 319 28 21 22 111 80 111 
1 15 43 319 28 21 22 111 80 111 
1 15 43 319 28 21 22 111 80 111 
1 15 43 319 28 21 22 111 80 111 
1 15 43 319 28 21 22 111 80 111 
1 15 43 319 28 21 22 111 80 111 
1 15 43 319 28 21 22 111 80 111 
1 15 43 319 28 21 22 111 80 111 
1 15 43 319 28 21 22 111 80 111 
1 15 43 319 28 21 22 111 80 111 
1 15 43 319 28 21 22 111 80 111 
1 15 43 319 28 21 22 111 80 111 
1 15 38 39 43 319 28 21 22 111 80 111 
1 15 38 39 43 319 28 21 22 111 80 111 
1 15 43 319 28 21 22 111 80 111 
1 15 43 319 28 21 22 111 80 111 
1 15 43 319 28 21 22 111 80 111 
1 15 43 319 28 21 22 111 80 111 
1 15 43 319 28 21 22 111 80 111 
1 15 38 39 43 319 28 21 22 111 80 111 
1 15 43 319 28 21 22 111 80 111 
1 15 43 319 28 21 22 111 80 111 
1 15 43 319 28 21 22 111 80 111 
1 15 43 319 28 21 22 111 80 111 
1 15 43 319 28 21 22 111 80 111 
1 15 43 319 28 21 22 111 80 111 
1 15 43 319 28 21 22 111 80 111 
1 15 43 319 28 21 22 111 80 111 
1 15 43 319 28 21 22 111 80 111 
1 15 43 319 28 21 22 111 80 111 
1 15 43 319 28 21 22 111 80 111 
1 15 43 319 28 21 22 111 80 111 
1 15 2 43 319 5 28 21 22 143 8 37 144 24 111 80 111 
1 15 43 319 5 28 21 22 143 8 37 144 24 111 80 111 
1 15 38 39 43 319 5 28 21 22 143 8 37 144 24 111 80 111 
1 15 43 319 28 21 22 111 80 111 
1 15 43 319 28 21 22 111 80 111 
1 15 43 319 28 21 22 111 80 111 
1 15 43 319 28 21 22 111 80 111 
1 15 43 319 28 21 22 111 80 111 
1 15 43 319 28 21 22 111 80 111 
1 15 43 319 28 21 22 111 80 111 
1 15 43 319 28 21 22 111 80 111 
1 15 43 319 28 21 22 111 80 111 
1 15 43 319 28 21 22 111 80 111 
1 15 43 319 28 21 22 111 80 111 
1 15 43 319 28 21 22 111 80 111 
1 15 43 319 28 21 22 111 80 111 
1 15 43 319 28 21 22 111 80 111 
1 15 43 319 28 21 22 111 80 111 
1 15 43 319 5 28 6 21 31 22 266 111 80 111 
1 15 43 319 28 21 22 111 80 111 
1 15 43 319 28 21 22 111 80 111 
1 15 43 319 28 21 22 111 80 111 
1 15 43 319 28 21 22 111 80 111 
1 15 43 319 28 21 22 111 80 111 
1 15 43 319 28 21 22 111 80 111 
1 15 43 319 28 21 22 111 80 111 
1 15 43 319 28 21 22 111 80 111 
1 15 43 319 28 21 22 111 80 111 
1 15 43 319 28 21 22 111 80 111 
1 15 43 319 28 21 22 111 80 111 
1 15 43 319 28 21 22 111 80 111 
1 15 43 319 28 21 22 111 80 111 
1 15 43 319 28 21 22 111 80 111 
1 15 43 319 28 21 22 111 80 111 
1 15 43 319 28 21 22 111 80 111 
1 15 43 319 133 28 21 22 68 24 111 80 111 
1 15 43 319 28 21 22 111 80 111 
1 15 43 319 28 21 22 111 80 111 
1 15 43 319 28 21 22 111 80 111 
1 15 43 319 28 21 22 111 80 111 
1 15 43 319 28 21 22 111 80 111 
1 15 43 319 28 21 22 111 80 111 
1 15 43 319 28 21 22 111 80 111 
1 15 43 319 28 21 22 111 80 111 
1 15 43 319 28 21 22 111 80 111 
1 15 43 319 28 21 22 111 80 111 
1 15 43 319 28 21 22 111 80 111 
1 15 43 319 28 21 22 68 24 111 80 111 
1 15 43 319 133 28 21 22 68 24 111 80 111 
1 15 43 319 28 21 22 111 80 111 
1 15 43 319 28 21 22 111 80 111 
1 15 43 319 28 21 22 111 80 111 
1 15 43 319 28 21 22 111 80 111 
1 15 43 319 28 21 22 111 80 111 
1 15 43 319 28 21 22 111 80 111 
1 15 43 319 28 21 22 111 80 111 
1 15 43 319 28 21 22 111 80 111 
1 15 43 319 28 21 22 111 80 111 
1 15 43 319 28 21 22 111 80 111 
1 15 43 319 28 21 22 111 80 111 
1 15 43 319 28 21 22 111 80 111 
1 15 43 319 28 21 22 111 80 111 
1 15 43 319 28 21 22 111 80 111 
1 15 43 319 28 21 22 111 80 111 
1 15 43 319 28 21 22 111 80 111 
1 15 43 319 28 21 22 111 80 111 
1 15 43 319 28 21 22 111 80 111 
1 15 43 319 28 21 22 111 80 111 
1 15 43 319 28 21 22 111 80 111 
1 15 43 319 28 21 22 111 80 111 
1 15 38 39 43 319 28 21 22 111 80 111 
1 15 43 319 28 21 22 111 80 111 
1 15 43 319 28 21 22 111 80 111 
1 15 43 319 28 21 22 111 80 111 
1 15 43 319 28 21 22 111 80 111 
1 15 38 39 43 319 28 21 22 111 80 111 
1 15 43 319 28 21 22 111 80 111 
1 15 43 319 354 28 21 22 68 24 111 80 111 
1 15 43 319 133 28 21 22 68 24 111 80 111 
1 15 43 319 28 21 22 111 80 111 
1 15 43 319 28 21 22 111 80 111 
1 15 43 319 28 21 22 111 80 111 
1 15 43 319 28 21 22 111 80 111 
1 15 43 319 28 21 22 111 80 111 
1 15 43 319 28 21 22 111 80 111 
1 15 43 319 28 21 22 111 80 111 
1 15 43 319 28 21 22 111 80 111 
1 15 43 319 28 21 22 111 80 111 
1 15 43 319 28 21 22 111 80 111 
1 15 38 39 43 319 28 21 22 111 80 111 
1 15 43 319 28 21 22 111 80 111 
1 15 43 319 28 21 22 111 80 111 
1 15 43 319 28 21 22 111 80 111 
1 15 43 319 5 62 28 6 21 22 63 111 80 111 
1 15 43 319 28 21 22 111 80 111 
1 15 43 319 28 21 22 111 80 111 
1 15 43 319 28 21 22 111 80 111 
1 15 43 319 28 21 22 111 80 111 
1 184 15 185 43 319 28 21 22 111 80 111 
1 15 38 39 43 319 28 21 22 111 80 111 
1 15 43 319 28 21 22 111 80 111 
1 15 43 319 28 21 22 111 80 111 
1 15 43 319 28 21 22 111 80 111 
1 15 43 319 28 21 22 111 80 111 
1 15 43 319 28 21 22 111 80 111 
1 15 43 319 28 21 22 111 80 111 
1 15 43 319 28 21 22 111 80 111 
1 15 43 319 28 21 22 111 80 111 
1 15 43 319 28 21 22 111 80 111 
1 15 43 319 28 21 22 111 80 111 
1 15 38 39 43 319 28 21 22 111 80 111 
1 15 43 319 28 21 22 111 80 111 
1 15 43 319 28 21 22 111 80 111 
1 15 43 319 28 21 22 111 80 111 
1 15 43 319 28 21 22 111 80 111 
1 15 43 319 28 21 22 111 80 111 
1 15 43 319 28 21 22 111 80 111 
1 15 43 319 28 21 22 111 80 111 
1 15 43 319 28 21 22 111 80 111 
1 15 43 319 28 21 22 111 80 111 
1 15 43 319 28 21 22 111 80 111 
1 15 43 319 28 21 22 111 80 111 
1 15 43 319 28 21 22 111 80 111 
1 15 43 319 28 21 22 111 80 111 
1 15 43 319 28 21 22 111 80 111 
1 15 43 319 28 21 22 111 80 111 
1 15 43 319 28 21 22 111 80 111 
1 15 43 319 28 21 22 111 80 111 
1 15 38 39 43 319 28 21 22 111 80 111 
1 15 43 319 28 21 22 111 80 111 
1 15 43 319 28 21 22 111 80 111 
1 15 43 319 28 21 22 111 80 111 
1 15 43 319 28 21 22 111 80 111 
1 15 43 319 28 21 22 111 80 111 
1 15 43 319 28 21 22 111 80 111 
1 15 43 319 28 21 22 111 80 111 
1 15 43 319 28 21 22 111 80 111 
1 15 43 319 28 21 22 111 80 111 
1 15 43 319 28 21 22 111 80 111 
1 15 43 319 28 21 22 111 80 111 
1 15 43 319 28 21 22 111 80 111 
1 15 43 319 28 21 22 111 80 111 
1 15 43 319 28 21 22 111 80 111 
1 15 43 319 28 21 22 111 80 111 
1 15 43 319 28 21 22 111 80 111 
1 15 38 39 43 319 28 21 22 111 80 111 
1 15 43 319 28 21 22 111 80 111 
1 15 43 319 28 21 22 111 80 111 
1 15 43 319 28 21 22 111 80 111 
1 15 43 319 28 21 22 111 80 111 
1 15 43 319 28 21 22 111 80 111 
1 15 43 319 28 21 22 111 80 111 
1 15 43 319 28 21 22 111 80 111 
1 15 43 319 28 21 22 111 80 111 
1 15 43 319 28 21 22 111 80 111 
1 15 43 319 28 21 22 111 80 111 
1 15 43 319 28 21 22 111 80 111 
1 15 43 319 28 21 22 111 80 111 
1 15 43 319 28 21 22 111 80 111 
1 15 43 319 133 28 21 22 68 24 111 80 111 
1 408 409 15 51 52 43 319 133 28 21 22 68 24 111 80 111 
1 15 43 319 133 28 21 22 68 24 111 80 111 
1 408 409 15 51 52 43 319 133 28 21 22 68 24 111 80 111 
1 15 43 319 133 28 21 22 68 24 111 80 111 
1 15 43 319 28 21 22 111 80 111 
1 15 43 319 28 21 22 111 80 111 
1 15 43 319 28 21 22 111 80 111 
1 15 43 319 28 21 22 111 80 111 
1 15 43 319 28 21 22 111 80 111 
1 15 43 319 28 21 22 111 80 111 
1 15 43 319 28 21 22 111 80 111 
1 15 43 319 28 21 22 111 80 111 
1 15 43 319 28 21 22 111 80 111 
1 15 43 319 133 28 21 22 68 24 111 80 111 
1 15 43 319 133 28 21 22 68 24 111 80 111 
1 15 43 319 133 28 21 22 68 24 111 80 111 
1 15 43 319 28 21 22 37 24 111 80 111 
1 15 43 319 28 21 22 111 80 111 
1 264 15 38 43 319 28 21 22 263 24 111 80 111 
1 15 43 319 28 21 22 263 24 111 80 111 
1 15 43 319 28 21 22 68 111 24 80 111 
1 15 43 319 28 21 22 68 111 24 80 111 
1 15 43 319 28 21 22 68 111 24 80 111 
1 15 43 319 28 21 22 68 111 24 80 111 
1 40 15 41 42 43 319 133 28 21 22 68 24 111 80 111 
1 15 43 319 28 21 22 111 80 111 
1 15 43 319 28 21 22 111 80 111 
1 15 43 319 133 28 21 22 68 24 111 80 111 
1 15 43 319 133 28 21 22 68 24 111 80 111 
1 15 43 319 28 21 22 111 80 111 
1 15 43 319 28 21 22 111 80 111 
1 15 43 319 133 28 21 22 68 24 111 80 111 
1 15 43 319 133 28 21 22 68 24 111 80 111 
1 15 43 319 133 28 21 22 68 24 111 80 111 
1 15 43 319 28 21 22 111 80 111 
1 15 43 319 133 28 21 22 68 24 111 80 111 
1 15 38 39 43 319 28 21 22 111 80 111 
1 15 43 319 133 28 21 22 68 24 111 80 111 
1 15 43 319 28 21 22 111 80 111 
1 15 43 319 28 21 22 111 80 111 
1 15 43 319 133 28 21 22 68 24 111 80 111 
1 15 43 319 28 21 22 111 80 111 
1 15 43 319 28 21 22 111 80 111 
1 15 43 319 28 21 22 111 80 111 
1 15 43 319 28 21 22 111 80 111 
1 15 43 319 28 21 22 111 80 111 
1 15 43 319 28 21 22 111 80 111 
1 15 43 319 28 21 22 111 80 111 
1 15 43 319 28 21 22 111 80 111 
1 15 43 319 28 21 22 111 80 111 
1 15 43 319 28 21 22 111 80 111 
1 15 43 319 28 21 22 111 80 111 
1 15 43 319 28 21 22 111 80 111 
1 15 43 319 28 21 22 111 80 111 
1 15 43 319 28 21 22 111 80 111 
1 15 43 319 28 21 22 111 80 111 
1 15 43 319 28 21 22 111 80 111 
1 15 43 319 28 21 22 68 24 111 80 111 
1 15 43 319 133 28 21 22 68 24 111 80 111 
1 15 43 319 28 21 22 111 80 111 
1 15 43 319 28 21 22 111 80 111 
1 15 43 319 28 21 22 111 80 111 
1 15 43 319 133 28 21 22 68 24 111 80 111 
1 15 43 319 28 21 22 111 80 111 
1 15 43 319 28 21 22 111 80 111 
1 15 43 319 28 21 22 111 80 111 
1 15 43 319 28 21 22 111 80 111 
1 15 43 319 28 21 22 111 80 111 
1 15 43 319 28 21 22 111 80 111 
1 15 43 319 28 21 22 111 80 111 
1 15 43 319 28 21 22 111 80 111 
1 15 43 319 28 21 22 111 80 111 
1 15 43 319 28 21 22 111 80 111 
1 15 43 319 28 21 22 111 80 111 
1 15 43 319 28 21 22 111 80 111 
1 15 43 319 28 21 22 111 80 111 
1 15 43 319 28 21 22 111 80 111 
1 15 43 319 28 21 22 111 80 111 
1 15 2 43 319 28 21 22 111 80 111 
1 15 43 319 28 21 22 111 80 111 
1 15 43 319 28 21 22 111 80 111 
1 15 43 319 28 21 22 111 80 111 
1 15 43 319 28 21 22 111 80 111 
1 15 43 319 28 21 22 111 80 111 
1 15 43 319 28 21 22 111 80 111 
1 15 43 319 28 21 22 111 80 111 
1 15 43 319 28 21 22 111 80 111 
1 15 38 39 43 319 28 21 22 111 80 111 
1 15 43 319 28 21 22 111 80 111 
1 15 43 319 28 21 22 111 80 111 
1 15 43 319 28 21 22 111 80 111 
1 15 43 319 28 21 22 111 80 111 
1 15 43 319 28 21 22 111 80 111 
1 15 43 319 28 21 22 111 80 111 
1 15 43 319 28 21 22 111 80 111 
1 15 43 319 28 21 22 111 80 111 
1 15 43 319 28 21 22 111 80 111 
1 15 43 319 28 21 22 111 80 111 
1 15 43 319 28 21 22 68 24 111 80 111 
1 15 43 319 28 21 22 68 24 111 80 111 
1 15 43 319 28 21 22 111 80 111 
1 15 43 319 28 21 22 111 80 111 
1 15 43 319 28 21 22 111 80 111 
1 15 43 319 28 21 22 111 80 111 
1 15 43 319 28 21 22 111 80 111 
1 15 43 319 28 21 22 111 80 111 
1 15 43 319 28 21 22 111 80 111 
1 15 43 319 28 21 22 111 80 111 
1 15 43 319 28 21 22 111 80 111 
1 15 43 319 28 21 22 111 80 111 
1 15 43 319 28 21 22 111 80 111 
1 15 43 319 28 21 22 111 80 111 
1 15 43 319 28 21 22 111 80 111 
1 15 43 319 28 21 22 111 80 111 
1 15 43 319 28 21 22 111 80 111 
1 15 43 319 28 21 22 111 80 111 
1 15 43 319 28 21 22 111 80 111 
1 15 43 319 28 21 22 111 80 111 
1 15 43 319 28 21 22 111 80 111 
1 15 43 319 28 21 22 111 80 111 
1 15 43 319 28 21 22 111 80 111 
1 15 43 319 28 21 22 111 80 111 
1 15 43 319 28 21 22 111 80 111 
1 15 43 319 28 21 22 111 80 111 
1 15 43 319 28 21 22 111 80 111 
1 15 43 319 133 354 28 21 22 68 24 111 80 111 
1 15 43 319 28 21 22 111 80 111 
1 15 43 319 28 21 22 111 80 111 
1 15 43 319 28 21 22 111 80 111 
1 15 43 319 28 21 22 111 80 111 
1 15 43 319 28 21 22 111 80 111 
1 15 43 319 133 28 21 22 68 24 111 80 111 
1 15 43 319 28 21 22 111 80 111 
1 15 43 319 28 21 22 111 80 111 
1 15 43 319 28 21 22 111 80 111 
1 15 43 319 28 21 22 111 80 111 
1 15 38 39 43 319 28 21 22 111 80 111 
1 15 43 319 28 21 22 111 80 111 
1 15 43 319 28 21 22 111 80 111 
1 15 38 39 43 319 28 21 22 111 80 111 
1 15 43 319 28 21 22 68 24 111 80 111 
1 15 43 319 28 21 22 111 80 111 
1 15 43 319 28 21 22 111 80 111 
1 15 43 319 28 21 22 111 80 111 
1 15 43 319 28 21 22 111 80 111 
1 15 43 319 28 21 22 111 80 111 
1 15 43 319 28 21 22 111 80 111 
1 15 43 319 28 21 22 111 80 111 
1 15 43 319 28 21 22 111 80 111 
1 15 43 319 28 21 22 111 80 111 
1 15 43 319 28 21 22 111 80 111 
1 15 43 319 28 21 22 111 80 111 
1 15 43 319 28 21 22 68 24 111 80 111 
1 15 43 319 28 21 22 111 80 111 
1 15 43 319 28 21 22 111 80 111 
1 15 38 39 43 319 28 21 22 111 80 111 
1 15 43 319 28 21 22 111 80 111 
1 15 43 319 28 21 22 111 80 111 
1 15 43 319 28 21 22 111 80 111 
1 15 43 319 28 21 22 111 80 111 
1 15 43 319 28 21 22 111 80 111 
1 15 43 319 28 21 22 111 80 111 
1 15 43 319 28 21 22 111 80 111 
1 15 43 319 28 21 22 111 80 111 
1 15 43 319 28 21 22 111 80 111 
1 15 43 319 28 21 22 111 80 111 
1 15 43 319 28 21 22 68 24 111 80 111 
1 15 43 319 28 21 22 111 80 111 
1 15 43 319 28 21 22 111 80 111 
1 15 43 319 28 21 22 111 80 111 
1 15 43 319 28 21 22 111 80 111 
1 15 43 319 28 21 22 111 80 111 
1 15 38 39 43 319 28 21 22 111 80 111 
1 15 43 319 28 21 22 111 80 111 
1 15 43 319 28 21 22 111 80 111 
1 15 43 319 28 21 22 68 24 111 80 111 
1 15 43 319 28 21 22 111 80 111 
1 15 43 319 28 21 22 111 80 111 
1 15 43 319 28 21 22 37 24 111 80 111 
1 15 43 319 28 21 22 37 24 111 80 111 
1 15 43 319 28 21 22 37 24 111 80 111 
1 15 43 319 28 21 22 37 24 111 80 111 
1 15 43 319 28 21 22 37 24 111 80 111 
1 15 43 319 28 21 22 37 24 111 80 111 
1 15 43 319 28 21 22 37 24 111 80 111 
1 184 15 185 43 319 28 21 22 111 80 111 
1 15 43 319 28 21 22 111 80 111 
1 15 43 319 28 21 22 111 80 111 
1 15 43 319 28 21 22 111 80 111 
1 15 43 319 28 21 22 111 80 111 
1 15 43 319 28 21 22 111 80 111 
1 15 43 319 28 133 21 22 68 111 24 80 111 
1 15 38 39 43 319 28 21 22 111 80 111 
1 15 38 39 43 319 28 21 22 111 80 111 
1 15 43 319 28 21 22 111 80 111 
1 15 43 319 5 28 21 22 143 8 37 144 24 111 80 111 
1 15 43 319 28 21 22 111 80 111 
1 15 43 319 28 21 22 111 80 111 
1 15 43 319 28 21 22 111 80 111 
1 15 43 319 28 21 22 111 80 111 
1 15 43 319 28 21 22 111 80 111 
1 15 43 319 28 21 22 111 80 111 
1 15 43 319 28 21 22 111 80 111 
1 15 43 319 28 21 22 111 80 111 
1 15 43 319 28 21 22 111 80 111 
1 15 43 319 28 21 22 111 80 111 
1 15 43 319 28 21 22 111 80 111 
1 15 43 319 28 21 22 111 80 111 
1 15 43 319 28 21 22 111 80 111 
1 15 43 319 28 21 22 111 80 111 
1 15 43 319 28 21 22 111 80 111 
1 15 43 319 28 21 22 111 80 111 
1 15 43 319 28 21 22 111 80 111 
1 15 43 319 28 21 22 111 80 111 
1 15 43 319 28 21 22 111 80 111 
1 15 43 319 28 21 22 111 80 111 
1 15 43 319 28 21 22 111 80 111 
1 15 43 319 28 21 22 111 80 111 
1 15 43 319 28 21 22 111 80 111 
1 15 43 319 28 21 22 111 80 111 
1 15 43 319 28 21 22 111 80 111 
1 15 43 319 28 21 22 111 80 111 
1 15 43 319 28 21 22 111 80 111 
1 15 43 319 28 21 22 111 80 111 
1 15 43 319 28 21 22 111 80 111 
1 15 43 319 28 21 22 111 80 111 
1 15 43 319 28 21 22 111 80 111 
1 15 43 319 28 21 22 111 80 111 
1 15 43 319 28 21 22 24 111 80 111 
1 15 43 319 28 21 22 111 80 111 
1 15 43 319 133 28 21 22 68 24 111 80 111 
1 15 43 319 28 21 22 68 24 111 80 111 
1 15 43 319 28 21 22 68 24 111 80 111 
1 15 43 319 28 21 22 111 80 111 
1 15 43 319 28 21 22 111 80 111 
1 15 43 319 28 21 22 111 80 111 
1 15 43 319 28 21 22 266 111 79 80 111 
1 15 43 319 28 21 22 111 80 111 
1 15 43 319 28 21 22 111 80 111 
1 184 15 185 43 319 28 21 22 111 80 111 
1 15 38 39 43 319 28 21 22 111 80 111 
1 15 43 319 28 21 22 111 80 111 
1 15 43 319 28 21 22 68 24 111 80 111 
1 15 43 319 28 21 22 111 80 111 
1 15 38 39 43 319 28 21 22 111 80 111 
1 15 43 319 28 21 22 111 80 111 
1 15 43 319 28 21 22 111 80 111 
1 15 38 39 43 319 28 21 22 111 80 111 
1 15 43 319 28 21 22 111 80 111 
1 15 43 319 28 21 22 111 80 111 
1 15 43 319 28 21 22 111 80 111 
1 15 43 319 28 104 21 22 68 24 111 80 111 
1 15 43 319 28 21 22 111 80 111 
1 15 43 319 28 21 22 111 80 111 
1 15 43 319 28 21 22 111 80 111 
1 15 43 319 28 21 22 111 80 111 
1 15 43 319 28 21 22 111 80 111 
1 15 43 319 133 28 21 22 68 24 111 80 111 
1 15 43 319 28 21 22 263 68 24 111 80 111 
1 15 43 319 133 28 21 22 68 24 111 80 111 
1 15 43 319 28 21 22 111 80 111 
1 15 43 319 133 28 21 22 68 24 111 80 111 
1 15 43 319 28 21 22 111 80 111 
1 15 43 319 28 21 22 111 80 111 
1 15 43 319 28 21 22 68 24 111 80 111 
1 15 43 319 28 21 22 68 24 111 80 111 
1 15 43 319 28 21 22 68 24 111 80 111 
1 15 43 319 28 21 22 111 80 111 
1 15 43 319 28 21 22 111 80 111 
1 15 38 39 43 319 28 21 22 111 80 111 
1 15 38 39 43 319 28 21 22 111 80 111 
1 15 43 319 28 21 22 111 80 111 
1 15 43 319 28 21 22 111 80 111 
1 15 43 319 28 21 22 111 80 111 
1 15 43 319 28 21 22 263 24 111 80 111 
1 15 43 319 28 21 22 111 80 111 
1 15 43 319 171 5 28 21 22 162 8 172 68 24 111 80 111 
1 15 43 319 133 28 21 22 68 24 111 80 111 
1 15 43 319 133 28 21 22 68 24 111 80 111 
1 15 43 319 354 28 21 22 68 24 111 80 111 
1 15 43 319 133 28 21 22 68 24 111 80 111 
1 15 43 319 133 28 21 22 68 24 111 80 111 
1 15 43 319 28 21 22 111 80 111 
1 15 43 319 28 21 22 68 24 111 80 111 
1 15 43 319 133 28 21 22 68 24 111 80 111 
1 15 43 319 28 21 22 68 24 111 80 111 
1 15 43 319 28 21 22 111 80 111 
1 15 43 319 28 21 22 111 80 111 
1 15 43 319 28 21 22 111 80 111 
1 15 43 319 28 21 22 111 80 111 
1 15 43 319 28 21 22 111 80 111 
1 15 43 319 28 21 22 111 80 111 
1 15 43 319 28 21 22 111 80 111 
1 15 43 319 133 28 21 22 68 24 111 80 111 
1 15 43 319 133 28 21 22 68 24 111 80 111 
1 15 43 319 133 28 21 22 68 24 111 80 111 
1 15 43 319 133 28 21 22 68 24 111 80 111 
1 15 43 319 133 28 21 22 68 24 111 80 111 
1 15 43 319 133 28 21 22 68 24 111 80 111 
1 15 43 319 28 21 22 111 80 111 
1 15 43 319 28 21 22 111 80 111 
1 15 43 319 28 21 22 111 80 111 
1 15 43 319 28 21 22 111 80 111 
1 15 43 319 354 28 21 22 68 24 111 80 111 
1 15 43 319 28 21 22 111 80 111 
1 15 43 319 28 21 22 111 80 111 
1 15 43 319 28 21 22 111 80 111 
1 15 43 319 28 21 22 111 80 111 
1 15 43 319 28 21 22 111 80 111 
1 15 43 319 28 21 22 111 80 111 
1 15 43 319 28 21 22 111 80 111 
1 15 43 319 28 21 22 111 80 111 
1 15 43 319 28 21 22 111 80 111 
1 15 43 319 28 21 22 111 80 111 
1 15 43 319 133 28 21 22 68 24 111 80 111 
1 15 43 319 28 21 22 111 80 111 
1 15 43 319 28 21 22 111 80 111 
1 15 43 319 28 21 22 111 80 111 
1 15 43 319 28 21 22 111 80 111 
1 15 43 319 28 21 22 111 80 111 
1 15 43 319 28 21 22 111 80 111 
1 15 38 39 43 319 28 21 22 111 80 111 
1 15 43 319 28 21 22 111 80 111 
1 15 38 39 43 319 28 21 22 111 80 111 
1 15 43 319 28 21 22 111 80 111 
1 15 43 319 28 21 22 111 80 79 111 
1 15 43 319 133 28 21 22 68 24 111 80 111 
1 15 43 319 133 28 21 22 68 24 111 80 111 
1 15 2 43 319 28 21 22 263 24 111 80 111 
1 15 43 319 28 21 22 263 24 111 80 111 
1 15 38 39 43 319 28 21 22 111 80 111 
1 15 43 319 28 21 22 111 80 111 
1 15 43 319 28 21 22 111 80 111 
1 15 43 319 28 21 22 111 80 111 
1 15 43 319 28 21 22 111 80 111 
1 15 43 319 28 21 22 111 80 111 
1 15 43 319 28 21 22 111 80 111 
1 15 43 319 28 21 22 111 80 111 
1 15 43 319 28 21 22 111 80 111 
1 15 43 319 28 21 22 111 80 111 
1 15 43 319 28 21 22 111 80 111 
1 15 43 319 28 21 22 111 80 111 
1 15 43 319 28 21 22 111 80 111 
1 15 43 319 28 21 22 111 80 111 
1 15 43 319 28 21 22 111 80 111 
1 15 43 319 28 21 22 111 80 111 
1 15 43 319 28 21 22 111 80 111 
1 15 43 319 28 21 22 111 80 111 
1 15 43 319 28 21 22 68 24 111 80 111 
1 15 43 319 28 21 22 111 80 111 
1 15 43 319 28 21 22 111 80 111 
1 15 43 319 28 21 22 111 80 111 
1 15 43 319 28 21 22 111 80 111 
1 15 43 319 28 21 22 111 80 111 
1 15 43 319 28 21 22 111 80 111 
1 15 43 319 28 21 22 111 80 111 
1 15 43 319 28 21 22 111 80 111 
1 15 43 319 28 21 22 111 80 111 
1 15 43 319 28 21 22 111 80 111 
1 15 43 319 28 21 22 111 80 111 
1 15 43 319 28 21 22 111 80 111 
1 15 43 319 28 21 22 111 80 111 
1 15 43 319 28 21 22 111 80 111 
1 15 43 319 28 21 22 111 80 111 
1 15 43 319 28 21 22 111 80 111 
1 15 43 319 28 21 22 111 80 111 
1 15 43 319 28 21 22 111 80 111 
1 15 43 319 28 21 22 111 80 111 
1 15 43 319 28 21 22 111 80 111 
1 15 43 319 28 21 22 111 80 111 
1 15 43 319 28 21 22 111 80 111 
1 15 43 319 28 21 22 111 80 111 
1 15 43 319 28 21 22 111 80 111 
1 15 43 319 28 21 22 111 80 111 
1 15 43 319 28 21 22 111 80 111 
1 15 43 319 28 21 22 111 80 111 
1 15 38 39 43 319 28 21 22 111 80 111 
1 15 43 319 28 21 22 111 80 111 
1 15 38 39 43 319 28 133 21 22 68 111 24 80 111 
1 15 43 319 28 21 22 111 80 111 
1 15 43 319 28 21 22 111 80 111 
1 15 43 319 28 21 22 111 80 111 
1 15 38 39 43 319 28 21 22 111 80 111 
1 15 38 39 43 319 28 21 22 111 80 111 
1 15 43 319 28 21 22 111 80 111 
1 15 43 319 28 21 22 111 80 111 
1 15 43 319 28 21 22 111 80 111 
1 15 43 319 28 21 22 111 80 111 
1 15 43 319 28 21 22 111 80 111 
1 15 43 319 28 21 22 111 80 111 
1 15 38 39 43 319 28 21 22 111 80 111 
1 15 43 319 28 21 22 111 80 111 
1 15 43 319 28 21 22 111 80 111 
1 15 43 319 28 21 22 111 80 111 
1 15 43 319 28 21 22 111 80 111 
1 15 43 319 28 21 22 111 80 111 
1 15 43 319 28 21 22 111 80 111 
1 15 43 319 28 21 22 111 80 111 
1 15 43 319 28 21 22 111 80 111 
1 15 43 319 28 21 22 111 80 111 
1 15 43 319 28 21 22 111 80 111 
1 15 43 319 28 21 22 111 80 111 
1 15 43 319 28 21 22 111 80 111 
1 15 43 319 28 21 22 111 80 111 
1 15 43 319 28 21 22 111 80 111 
1 15 43 319 28 21 22 111 80 111 
1 15 43 319 28 21 22 111 80 111 
1 15 43 319 28 21 22 111 80 111 
1 15 43 319 133 28 21 22 68 24 111 80 111 
1 15 43 319 28 21 22 111 80 111 
1 15 43 319 28 21 22 111 80 111 
1 15 43 319 28 21 22 111 80 111 
1 15 43 319 133 28 21 22 68 24 111 80 111 
1 15 43 319 133 28 21 22 68 24 111 80 111 
1 15 43 319 5 28 21 22 8 111 80 111 
1 15 43 319 28 21 22 111 80 111 
1 15 43 319 28 21 22 111 80 111 
1 15 43 319 28 21 22 111 80 111 
1 15 43 319 28 21 22 111 80 111 
1 15 43 319 28 21 22 111 80 111 
1 15 43 319 28 21 22 111 80 111 
1 15 43 319 28 21 22 111 80 111 
1 15 43 319 28 21 22 111 80 111 
1 15 43 319 133 28 21 22 68 24 111 80 111 
1 15 43 319 28 21 22 111 80 111 
1 15 43 319 133 28 21 22 68 24 111 80 111 
1 15 43 319 81 28 21 22 82 24 111 80 111 
1 15 43 319 28 21 22 68 24 111 80 111 
1 15 43 319 28 21 22 68 24 111 80 111 
1 15 43 319 28 21 22 111 80 111 
1 15 43 319 28 21 22 111 80 111 
1 15 43 319 28 21 22 111 80 111 
1 15 43 319 28 21 22 111 80 111 
1 15 43 319 28 21 22 111 80 111 
1 15 43 319 28 21 22 111 80 111 
1 15 43 319 28 21 22 111 80 111 
1 15 43 319 28 21 22 111 80 111 
1 15 43 319 28 21 22 111 80 111 
1 15 38 39 43 319 28 21 22 111 80 111 
1 15 43 319 28 21 22 111 80 111 
1 15 43 319 28 21 22 111 80 111 
1 15 43 319 133 28 21 22 68 24 111 80 111 
1 15 43 319 5 28 21 22 8 111 80 111 
1 15 38 39 43 319 5 28 21 22 8 111 80 111 
1 15 43 319 28 21 22 111 80 111 
1 15 43 319 28 21 22 111 80 111 
1 15 43 319 28 21 22 111 80 111 
1 15 43 319 28 21 22 111 80 111 
1 15 38 39 43 319 28 21 22 111 80 111 
1 15 43 319 354 28 21 22 68 24 111 80 111 
1 264 15 38 43 319 354 28 21 22 68 24 111 80 111 
1 15 43 319 28 21 22 266 111 80 111 
1 15 43 319 28 21 22 111 80 111 
1 15 43 319 28 21 22 111 80 111 
1 15 43 319 28 21 22 111 80 111 
1 15 43 319 28 21 22 111 80 111 
1 15 43 319 133 28 21 22 68 24 111 80 111 
1 15 43 319 133 28 21 22 68 24 111 80 111 
1 184 15 185 43 319 28 21 22 111 80 111 
1 15 43 319 28 21 22 111 80 111 
1 15 43 319 28 21 22 111 80 111 
1 15 43 319 28 21 22 111 80 111 
1 15 43 319 28 21 22 111 80 111 
1 15 43 319 28 21 22 111 80 111 
1 15 43 319 28 21 22 111 80 111 
1 15 43 319 28 21 22 111 80 111 
1 15 43 319 28 21 22 111 80 111 
1 15 43 319 28 21 22 111 80 111 
1 15 43 319 28 21 22 111 80 111 
1 15 43 319 133 28 21 22 68 24 111 80 111 
1 15 43 319 28 21 22 111 80 111 
1 15 43 319 28 21 22 111 80 111 
1 15 43 319 28 21 22 111 80 111 
1 15 38 39 43 319 28 21 22 111 80 111 
1 15 43 319 28 21 22 68 24 111 80 111 
1 15 43 319 28 21 22 111 80 111 
1 15 43 319 28 21 22 111 80 111 
1 15 43 319 28 21 22 111 80 111 
1 15 43 319 28 21 22 111 80 111 
1 15 38 39 43 319 28 21 22 111 80 111 
1 15 43 319 28 21 22 111 80 111 
1 15 43 319 28 21 22 111 80 111 
1 15 43 319 28 21 22 111 80 111 
1 15 43 319 28 21 22 111 80 111 
1 15 43 319 28 21 22 111 80 111 
1 15 43 319 28 21 22 111 80 111 
1 15 43 319 28 21 22 111 80 111 
1 15 43 319 28 21 22 111 80 111 
1 15 43 319 28 21 22 111 80 111 
1 15 43 319 28 21 22 111 80 111 
1 15 43 319 28 21 22 111 80 111 
1 15 43 319 28 21 22 111 80 111 
1 15 43 319 28 21 22 111 80 111 
1 15 43 319 28 21 22 111 80 111 
1 15 43 319 28 21 22 111 80 111 
1 15 43 319 28 21 22 111 80 111 
1 15 43 319 28 21 22 111 80 111 
1 15 43 319 28 21 22 111 80 111 
1 15 43 319 28 21 22 111 80 111 
1 15 43 319 28 21 22 111 80 111 
1 15 43 319 28 21 22 111 80 111 
1 15 43 319 28 21 22 111 80 111 
1 15 43 319 28 21 22 111 80 111 
1 15 43 319 28 21 22 111 80 111 
1 15 43 319 28 21 22 111 80 111 
1 15 43 319 28 21 22 111 80 111 
1 15 43 319 28 21 22 111 80 111 
1 15 43 319 28 21 22 111 80 111 
1 15 38 39 43 319 28 21 22 111 80 111 
1 15 43 319 28 21 22 111 80 111 
1 15 43 319 354 28 21 22 68 24 111 80 111 
1 15 43 319 28 21 22 111 80 111 
1 15 43 319 28 21 22 111 80 111 
1 15 43 319 28 21 22 111 80 111 
1 15 43 319 81 28 21 22 82 24 111 80 111 
1 15 43 319 81 28 21 22 82 24 111 80 111 
1 15 43 319 28 21 22 111 80 111 
1 15 43 319 28 21 22 111 80 111 
1 15 43 319 28 21 22 111 80 111 
1 15 43 319 28 21 22 111 80 111 
1 15 43 319 28 21 22 111 80 111 
1 15 43 319 28 21 22 111 80 111 
1 15 43 319 28 21 22 111 80 111 
1 15 43 319 28 21 22 111 80 111 
1 15 43 319 28 21 22 111 80 111 
1 15 43 319 28 21 22 111 80 111 
1 15 43 319 28 21 22 111 80 111 
1 15 38 39 43 319 28 21 22 25 26 111 80 111 
1 15 43 319 28 21 22 25 26 111 80 111 
1 15 43 319 28 21 22 25 26 111 80 111 
1 15 43 319 28 21 22 111 80 111 
1 15 43 319 81 28 21 22 82 24 111 80 111 
1 15 43 319 28 21 22 111 80 111 
1 15 43 319 28 21 22 111 80 111 
1 15 43 319 28 21 22 111 80 111 
1 15 43 319 28 21 22 111 80 111 
1 15 2 43 319 28 21 22 111 80 111 
1 15 43 319 28 21 22 111 80 111 
1 15 43 319 28 21 22 111 80 111 
1 15 43 319 28 21 22 111 80 111 
1 15 43 319 28 21 22 111 80 111 
1 15 43 319 28 21 22 111 80 111 
1 15 43 319 28 21 22 68 24 111 80 111 
1 15 43 319 28 21 22 111 80 111 
1 15 43 319 28 21 22 111 80 111 
1 15 43 319 28 21 22 111 80 111 
1 15 43 319 28 21 22 111 80 111 
1 15 43 319 28 21 22 111 80 111 
1 15 43 319 28 21 22 111 80 111 
1 15 43 319 28 21 22 111 80 111 
1 15 38 39 43 319 28 21 22 111 80 111 
1 15 43 319 28 21 22 111 80 111 
1 15 43 319 28 21 22 111 80 111 
1 15 43 319 28 21 22 111 80 111 
1 15 43 319 28 21 22 111 80 111 
1 15 43 319 28 21 22 111 80 111 
1 15 43 319 28 21 22 111 80 111 
1 15 43 319 28 21 22 111 80 111 
1 15 43 319 28 21 22 111 80 111 
1 15 43 319 28 21 22 111 80 111 
1 15 43 319 28 21 22 111 80 111 
1 15 43 319 28 21 22 111 80 111 
1 15 43 319 28 21 22 111 80 111 
1 15 43 319 28 21 22 111 80 111 
1 15 43 319 28 21 22 111 80 111 
1 15 43 319 28 21 22 111 80 111 
1 15 43 319 28 21 22 111 80 111 
1 15 43 319 28 21 22 111 80 111 
1 15 43 319 28 21 22 111 80 111 
1 15 43 319 28 21 22 111 80 111 
1 15 43 319 28 21 22 111 80 111 
1 15 43 319 28 21 22 111 80 111 
1 15 43 319 28 21 22 111 80 111 
1 15 43 319 28 21 22 111 80 111 
1 15 43 319 28 21 22 111 80 111 
1 15 43 319 28 21 22 111 80 111 
1 15 43 319 28 21 22 111 80 111 
1 15 43 319 28 21 22 111 80 111 
1 15 43 319 28 21 22 111 80 111 
1 15 43 319 28 21 22 37 24 111 80 111 
1 15 43 319 28 21 22 111 80 111 
1 15 43 319 28 21 22 111 80 111 
1 15 43 319 28 21 22 111 80 111 
1 15 43 319 28 21 22 111 80 111 
1 15 43 319 28 21 22 111 80 111 
1 15 43 319 28 21 22 111 80 111 
1 15 43 319 28 21 22 111 80 111 
1 15 43 319 28 21 22 111 80 111 
1 15 43 319 28 21 22 111 80 111 
1 15 43 319 28 21 22 111 80 111 
1 15 43 319 133 28 21 22 68 24 111 80 111 
1 15 43 319 28 21 22 111 80 111 
1 15 43 319 28 21 22 111 80 111 
1 15 43 319 28 21 22 111 80 111 
1 15 43 319 28 21 22 111 80 111 
1 15 43 319 28 21 22 111 80 111 
1 15 43 319 28 21 22 111 80 111 
1 15 43 319 28 21 22 111 80 111 
1 15 43 319 28 21 22 111 80 111 
1 15 43 319 28 21 22 111 80 111 
1 15 43 319 28 21 22 111 80 111 
1 15 43 319 28 21 22 111 80 111 
1 15 38 39 43 319 28 21 22 111 80 111 
1 15 43 319 28 21 22 111 80 111 
1 15 43 319 28 21 22 111 80 111 
1 15 43 319 28 21 22 111 80 111 
1 15 38 39 43 319 28 21 22 111 80 111 
1 15 43 319 28 21 22 111 80 111 
1 15 43 319 28 21 22 68 24 111 80 111 
1 15 43 319 28 21 22 111 80 111 
1 15 43 319 28 133 21 22 68 111 24 80 111 
1 15 43 319 28 21 22 111 80 111 
1 15 43 319 28 21 22 111 80 111 
1 15 38 39 43 319 28 21 22 111 80 111 
1 15 43 319 28 21 22 111 80 111 
1 15 43 319 28 21 22 111 80 111 
1 15 43 319 28 21 22 111 80 111 
1 15 43 319 28 21 22 111 80 111 
1 15 43 319 28 21 22 68 24 111 80 111 
1 15 43 319 28 21 22 111 80 111 
1 15 43 319 28 21 22 111 80 111 
1 15 43 319 28 21 22 111 80 111 
1 15 43 319 28 21 22 111 80 111 
1 15 43 319 133 28 21 22 68 24 111 80 111 
1 15 43 319 28 21 22 111 80 111 
1 15 43 319 28 21 22 111 80 111 
1 15 43 319 28 21 22 111 80 111 
1 15 43 319 28 21 22 111 80 111 
1 15 43 319 28 21 22 111 80 111 
1 15 43 319 28 21 22 111 80 111 
1 15 43 319 28 21 22 111 80 111 
1 15 43 319 28 21 22 111 80 111 
1 15 43 319 28 21 22 111 80 111 
1 15 43 319 28 21 22 111 80 111 
1 15 43 319 28 21 22 111 80 111 
1 15 43 319 28 21 22 111 80 111 
1 15 43 319 28 21 22 111 80 111 
1 15 38 39 43 319 28 21 22 111 80 111 
1 15 43 319 28 21 22 111 80 111 
1 15 43 319 28 21 22 68 24 111 80 111 
1 15 43 319 81 28 21 22 82 24 111 80 111 
1 15 43 319 28 21 22 111 80 111 
1 15 43 319 28 21 22 111 80 111 
1 15 43 319 28 21 22 111 80 111 
1 15 43 319 28 21 22 111 80 111 
1 15 43 319 28 21 22 111 80 111 
1 15 43 319 28 21 22 111 80 111 
1 15 43 319 28 21 22 111 80 111 
1 15 38 39 43 319 28 21 22 111 80 111 
1 15 43 319 28 21 22 111 80 111 
1 15 43 319 28 21 22 111 80 111 
1 15 43 319 28 21 22 111 80 111 
1 15 43 319 28 21 22 111 80 111 
1 15 43 319 28 21 22 111 80 111 
1 15 43 319 28 21 22 111 80 111 
1 15 43 319 28 21 22 111 80 111 
1 15 43 319 28 21 22 111 80 111 
1 15 43 319 28 21 22 111 80 111 
1 15 43 319 28 21 22 111 80 111 
1 15 43 319 28 21 22 111 80 111 
1 15 43 319 28 21 22 111 80 111 
1 184 15 185 43 319 28 21 22 111 80 111 
1 15 43 319 28 21 22 111 80 111 
1 15 43 319 28 21 22 111 80 111 
1 15 43 319 28 21 22 111 80 111 
1 15 43 319 28 21 22 111 80 111 
1 15 43 319 28 21 22 111 80 111 
1 15 43 319 28 21 22 111 80 111 
1 15 43 319 28 21 22 111 80 111 
1 15 43 319 28 21 22 111 80 111 
1 15 43 319 28 21 22 68 24 111 80 111 
1 15 43 319 28 21 22 111 80 111 
1 15 43 319 28 21 22 111 80 111 
1 15 43 319 28 21 22 111 80 111 
1 15 43 319 28 21 22 111 80 111 
1 184 15 185 43 319 28 21 22 111 80 111 
1 15 43 319 133 28 21 22 68 24 111 80 111 
1 15 43 319 133 28 21 22 68 24 111 80 111 
1 15 43 319 28 21 22 111 80 111 
1 15 43 319 28 21 22 111 80 111 
1 15 43 319 28 21 22 111 80 111 
1 15 2 43 319 28 21 22 111 80 111 
1 15 43 319 28 21 22 111 80 111 
1 15 43 319 28 21 22 111 80 111 
1 15 43 319 28 21 22 68 24 111 80 111 
1 15 43 319 133 28 21 22 68 24 111 80 111 
1 15 43 319 133 28 21 22 68 24 111 80 111 
1 15 38 39 43 319 28 21 22 111 80 111 
1 15 43 319 28 21 22 111 80 111 
1 15 43 319 28 21 22 111 80 111 
1 15 43 319 28 21 22 111 80 111 
1 264 15 38 43 319 28 21 22 24 111 80 111 
1 15 43 319 28 21 22 111 80 111 
1 15 43 319 28 21 22 111 80 111 
1 15 43 319 28 21 22 111 80 111 
1 15 43 319 28 21 22 111 80 111 
1 15 43 319 28 21 22 111 80 111 
1 15 43 319 28 21 22 111 80 111 
1 15 43 319 28 21 22 111 80 111 
1 15 43 319 28 21 22 111 80 111 
1 15 43 319 28 21 22 68 24 111 80 111 
1 15 43 319 28 21 22 68 24 111 80 111 
1 15 43 319 81 28 21 22 82 24 111 80 111 
1 15 43 319 28 21 22 111 80 111 
1 15 43 319 28 21 22 111 80 111 
1 15 43 319 28 21 22 111 80 111 
1 15 38 39 43 319 28 21 22 111 80 111 
1 15 43 319 28 21 22 111 80 111 
1 15 43 319 354 28 21 22 68 24 111 80 111 
1 15 43 319 5 28 6 21 22 61 111 80 111 
1 15 43 319 28 21 22 263 68 24 111 80 111 
1 15 43 319 28 21 22 111 80 111 
1 15 43 319 28 21 22 111 80 111 
1 15 43 319 28 21 22 111 80 111 
1 15 43 319 28 21 22 111 80 111 
1 15 43 319 28 21 22 111 80 111 
1 15 43 319 28 21 22 111 80 111 
1 15 43 319 28 21 22 111 80 111 
1 15 43 319 28 21 22 111 80 111 
1 15 43 319 28 21 22 111 80 111 
1 15 43 319 28 21 22 111 80 111 
1 15 43 319 28 21 22 111 80 111 
1 15 38 39 43 319 28 21 22 111 80 111 
1 15 43 319 28 21 22 263 24 111 80 111 
1 184 15 185 43 319 28 21 22 111 80 111 
1 15 43 319 28 21 22 111 80 111 
1 15 43 319 28 21 22 111 80 111 
1 15 43 319 28 21 22 111 80 111 
1 15 43 319 28 21 22 111 80 111 
1 15 38 39 43 319 28 21 22 111 80 111 
1 15 43 319 28 21 22 111 80 111 
1 15 43 319 28 21 22 111 80 111 
1 15 43 319 28 21 22 111 80 111 
1 15 43 319 28 21 22 111 80 111 
1 15 43 319 28 21 22 111 80 111 
1 15 43 319 28 21 22 111 80 111 
1 15 43 319 28 21 22 111 80 111 
1 15 43 319 28 21 22 111 80 111 
1 15 43 319 28 21 22 111 80 111 
1 15 43 319 28 21 22 111 80 111 
1 15 43 319 28 21 22 111 80 111 
1 15 43 319 28 21 22 111 80 111 
1 15 43 319 28 21 22 111 80 111 
1 15 43 319 28 21 22 111 80 111 
1 15 43 319 28 21 22 111 80 111 
1 15 43 319 28 21 22 111 80 111 
1 15 43 319 28 21 22 111 80 111 
1 15 43 319 28 21 22 111 80 111 
1 15 43 319 28 21 22 111 80 111 
1 15 38 39 43 319 28 21 22 111 80 111 
1 15 43 319 28 21 22 111 80 111 
1 15 43 319 28 21 22 111 80 111 
1 15 43 319 28 21 22 111 80 111 
1 15 43 319 28 21 22 111 80 111 
1 15 43 319 28 21 22 111 80 111 
1 15 43 319 28 21 22 111 80 111 
1 15 43 319 28 21 22 111 80 111 
1 15 43 319 28 21 22 111 80 111 
1 15 43 319 28 21 22 111 80 111 
1 15 43 319 28 21 22 111 80 111 
1 15 43 319 28 21 22 111 80 111 
1 408 409 15 51 52 43 319 5 28 6 21 22 24 111 80 111 
1 15 43 319 28 21 22 111 80 111 
1 15 43 319 28 21 22 111 80 111 
1 15 43 319 28 21 22 111 80 111 
1 15 43 319 28 21 22 68 24 111 80 111 
1 15 43 319 28 21 22 111 80 111 
1 15 43 319 28 21 22 111 80 111 
1 15 43 319 28 21 22 111 80 111 
1 15 43 319 28 21 22 111 80 111 
1 15 43 319 28 21 22 111 80 111 
1 15 43 319 28 21 22 111 80 111 
1 15 43 319 28 21 22 111 80 111 
1 15 43 319 28 21 22 111 80 111 
1 15 43 319 28 21 22 111 80 111 
1 15 43 319 28 21 22 111 80 111 
1 15 43 319 28 21 22 111 80 111 
1 15 43 319 28 21 22 111 80 111 
1 15 43 319 28 21 22 111 80 111 
1 15 43 319 28 21 22 111 80 111 
1 15 43 319 28 21 22 111 80 111 
1 15 43 319 28 21 22 111 80 111 
1 15 43 319 28 21 22 111 80 111 
1 15 43 319 28 21 22 111 80 111 
1 15 43 319 28 21 22 111 80 111 
1 15 43 319 28 21 22 111 80 111 
1 15 43 319 5 28 21 22 111 80 111 
1 15 43 319 5 28 21 22 111 80 111 
1 15 43 319 5 28 21 22 111 80 111 
1 15 43 319 5 28 21 22 111 80 111 
1 15 43 319 5 28 21 22 111 80 111 
1 15 38 39 43 319 28 21 22 111 80 111 
1 15 43 319 28 21 22 111 80 111 
1 15 43 319 28 21 22 111 80 111 
1 15 43 319 28 21 22 111 80 111 
1 15 43 319 28 21 22 111 80 111 
1 15 43 319 28 21 22 111 80 111 
1 15 43 319 28 21 22 111 80 111 
1 15 43 319 28 21 22 111 80 111 
1 15 43 319 28 21 22 111 80 111 
1 15 43 319 5 28 21 22 8 111 80 111 
1 15 43 319 28 21 22 111 80 111 
1 15 38 39 43 319 28 21 22 111 80 111 
1 15 43 319 28 21 22 111 80 111 
1 15 43 319 28 21 22 111 80 111 
1 15 43 319 28 21 22 111 80 111 
1 15 43 319 28 21 22 111 80 111 
1 15 43 319 28 21 22 111 80 111 
1 15 43 319 28 21 22 111 80 111 
1 15 43 319 28 21 22 111 80 111 
1 15 43 319 28 21 22 111 80 111 
1 15 43 319 28 21 22 111 80 111 
1 15 43 319 28 21 22 111 80 111 
1 15 43 319 28 21 22 111 80 111 
1 15 43 319 28 21 22 111 80 111 
1 15 43 319 28 21 22 111 80 111 
1 15 43 319 28 21 22 111 80 111 
1 15 43 319 28 21 22 111 80 111 
1 15 43 319 5 28 21 22 143 8 37 144 24 111 80 111 
1 15 43 319 5 28 21 22 143 8 37 144 24 111 80 111 
1 408 409 15 51 52 43 319 28 21 22 68 24 111 80 111 
1 15 43 319 28 21 22 111 80 111 
1 15 43 319 28 21 22 111 80 111 
1 15 43 319 28 21 22 111 80 111 
1 15 43 319 28 21 22 111 80 111 
1 15 43 319 28 21 22 111 80 111 
1 15 43 319 28 21 22 111 80 111 
1 15 38 39 43 319 28 21 22 111 80 111 
1 15 43 319 28 21 22 111 80 111 
1 15 43 319 28 21 22 111 80 111 
1 15 43 319 28 21 22 111 80 111 
1 15 43 319 28 21 22 111 80 111 
1 15 43 319 28 21 22 111 80 111 
1 15 43 319 28 21 22 111 80 111 
1 15 43 319 28 21 22 111 80 111 
1 15 43 319 28 21 22 111 80 111 
1 15 43 319 28 21 22 111 80 111 
1 15 43 319 28 21 22 111 80 111 
1 15 43 319 28 21 22 111 80 111 
1 15 43 319 28 21 22 111 80 111 
1 15 43 319 28 21 22 111 80 111 
1 15 43 319 28 21 22 111 80 111 
1 15 43 319 28 21 22 111 80 111 
1 15 43 319 28 21 22 111 80 111 
1 184 15 185 43 319 28 21 22 111 80 111 
1 15 43 319 28 21 22 111 80 111 
1 15 43 319 28 21 22 111 80 111 
1 15 43 319 28 21 22 111 80 111 
1 15 43 319 28 21 22 111 80 111 
1 15 43 319 28 21 22 111 80 111 
1 15 43 319 28 21 22 111 80 111 
1 15 43 319 81 28 21 22 82 24 111 80 111 
1 15 43 319 28 21 22 111 80 111 
1 15 38 39 43 319 28 21 22 111 80 111 
1 15 43 319 28 21 22 111 80 111 
1 15 43 319 28 21 22 111 80 111 
1 15 43 319 28 21 22 111 80 111 
1 15 43 319 28 21 22 111 80 111 
1 15 43 319 28 21 22 111 80 111 
1 15 43 319 28 21 22 111 80 111 
1 15 43 319 28 21 22 111 80 111 
1 15 43 319 28 21 22 111 80 111 
1 15 43 319 28 21 22 111 80 111 
1 15 43 319 28 21 22 111 80 111 
1 15 43 319 28 21 22 111 80 111 
1 15 43 319 28 21 22 111 80 111 
1 15 43 319 28 21 22 111 80 111 
1 15 43 319 28 21 22 111 80 111 
1 15 43 319 28 21 22 111 80 111 
1 15 43 319 28 21 22 111 80 111 
1 15 43 319 28 21 22 111 80 111 
1 15 43 319 28 21 22 111 80 111 
1 15 43 319 28 21 22 111 80 111 
1 15 43 319 28 21 22 111 80 111 
1 184 15 185 43 319 28 21 22 111 80 111 
1 15 43 319 28 21 22 111 80 111 
1 15 43 319 28 21 22 111 80 111 
1 15 43 319 28 21 22 111 80 111 
1 15 43 319 5 28 21 22 143 8 37 144 24 111 80 111 
1 15 43 319 28 21 22 111 80 111 
1 15 43 319 133 28 21 22 68 24 111 80 111 
1 15 43 319 28 21 22 68 24 111 80 111 
1 15 43 319 28 21 22 68 24 111 80 111 
1 15 43 319 81 28 21 22 82 24 111 80 111 
1 15 43 319 81 28 21 22 82 24 111 80 111 
1 15 38 39 43 319 81 28 21 22 82 24 111 80 111 
1 15 43 319 28 21 22 111 80 111 
1 15 43 319 28 21 22 111 80 111 
1 15 43 319 28 21 22 111 80 111 
1 15 43 319 28 21 22 111 80 111 
1 15 43 319 28 21 22 111 80 111 
1 15 43 319 28 21 22 111 80 111 
1 15 43 319 28 21 22 111 80 111 
1 15 38 39 43 319 28 21 22 111 80 111 
1 15 43 319 28 21 22 111 80 111 
1 15 43 319 28 21 22 111 80 111 
1 15 43 319 28 21 22 111 80 111 
1 15 43 319 28 21 22 111 80 111 
1 15 38 39 43 319 28 21 22 111 80 111 
1 15 43 319 28 21 22 111 80 111 
1 15 43 319 28 21 22 111 80 111 
1 15 43 319 28 21 22 111 80 111 
1 15 43 319 28 21 22 111 80 111 
1 15 43 319 28 21 22 111 80 111 
1 15 43 319 28 21 22 111 80 111 
1 15 43 319 28 21 22 111 80 111 
1 15 43 319 28 21 22 111 80 111 
1 15 43 319 28 21 22 111 80 111 
1 15 43 319 28 104 21 22 68 24 111 80 111 
1 15 43 319 28 21 22 111 80 111 
1 15 43 319 28 21 22 111 80 111 
1 15 43 319 28 21 22 111 80 111 
1 15 43 319 28 21 22 111 80 111 
1 15 43 319 28 21 22 111 80 111 
1 15 43 319 28 21 22 111 80 111 
1 15 43 319 28 21 22 111 80 111 
1 15 43 319 28 21 22 111 80 111 
1 15 43 319 28 21 22 24 111 80 111 
1 15 43 319 28 21 22 111 80 111 
1 15 43 319 28 21 22 111 80 111 
1 15 43 319 28 21 22 24 111 80 111 
1 15 43 319 28 21 22 111 80 111 
1 15 43 319 28 21 22 111 80 111 
1 15 43 319 28 21 22 111 80 111 
1 15 43 319 28 21 22 111 80 111 