81 21 22 82 24 24 
81 21 22 82 24 24 
21 22 37 24 24 
21 22 68 24 24 
21 22 68 24 24 
21 22 68 24 24 
21 22 68 24 24 
21 22 68 24 24 
21 22 68 24 24 
21 22 68 24 24 
21 22 68 24 24 
21 22 68 24 24 
21 22 68 24 24 
21 22 68 24 24 
21 22 68 24 24 
21 22 68 24 24 
21 22 68 24 24 
21 22 68 24 24 
21 22 68 24 24 
21 22 68 24 24 
21 22 68 24 24 
21 22 68 24 24 
21 22 68 24 24 
21 22 68 24 24 
21 22 68 24 24 
21 22 68 24 24 
21 22 68 24 24 
21 22 68 24 24 
21 22 68 24 24 
21 22 68 24 24 
21 22 68 24 24 
21 22 68 24 24 
21 22 68 24 24 
21 22 68 24 24 
21 22 68 24 24 
21 22 68 24 24 
21 22 68 24 24 
21 22 68 24 24 
21 22 68 24 24 
21 22 68 24 24 
21 22 68 24 24 
354 21 22 68 24 24 
21 22 68 24 24 
21 22 68 24 24 
21 22 68 24 24 
21 22 68 24 24 
21 22 68 24 24 
5 21 22 176 352 99 162 8 24 100 24 
21 22 352 99 24 100 24 
81 21 22 82 68 24 24 
81 21 22 82 68 24 24 
81 21 22 82 68 24 24 
81 21 22 82 68 24 24 
81 21 22 82 24 24 
81 21 22 82 24 24 
81 21 22 82 24 24 
81 21 22 82 24 24 
81 21 22 82 24 24 
81 21 22 82 24 24 
81 21 22 82 24 24 
28 21 22 266 24 24 
21 22 68 24 24 
21 22 68 24 24 
21 22 68 24 24 
21 22 68 24 24 
21 22 68 24 24 
354 21 22 68 24 24 
354 21 22 68 24 24 
354 21 22 68 24 24 
81 21 22 82 68 24 24 
81 21 22 82 68 24 24 
81 21 22 82 68 24 24 
81 21 22 82 68 24 24 
81 21 22 82 68 24 24 
81 21 22 82 68 24 24 
81 21 22 82 68 24 24 
81 21 22 82 68 24 24 
81 21 22 82 68 24 24 
81 21 22 82 68 24 24 
21 22 68 24 24 
354 21 22 68 24 24 
354 21 22 68 24 24 
21 22 68 24 24 
354 21 22 68 24 24 
21 22 68 24 24 
21 22 68 24 24 
354 21 22 68 24 24 
354 21 22 68 24 24 
21 22 68 24 24 
21 22 68 24 24 
21 22 68 24 24 
21 22 68 24 24 
21 22 68 24 24 
21 22 68 24 24 
81 21 22 82 68 24 24 
81 21 22 82 68 24 24 
81 21 22 82 68 24 24 
81 21 22 82 68 24 24 
81 21 22 82 68 24 24 
81 21 22 82 68 24 24 
81 21 22 82 68 24 24 
81 21 22 82 68 24 24 
81 21 22 82 68 24 24 
354 21 22 68 24 24 
354 21 22 68 24 24 
354 21 22 68 24 24 
354 21 22 68 24 24 
354 21 22 68 24 24 
354 21 22 68 24 24 
354 21 22 68 24 24 
354 21 22 68 24 24 
354 21 22 68 24 24 
354 21 22 68 24 24 
354 21 22 68 24 24 
354 21 22 68 24 24 
354 21 22 68 24 24 
354 21 22 68 24 24 
354 21 22 68 24 24 
354 21 22 68 24 24 
133 354 21 22 68 24 24 
354 21 22 68 24 24 
354 21 22 68 24 24 
354 21 22 68 24 24 
354 21 22 68 24 24 
354 21 22 68 24 24 
354 21 22 68 24 24 
354 21 22 68 24 24 
354 21 22 68 24 24 
354 21 22 68 24 24 
354 21 22 68 24 24 
354 21 22 68 24 24 
354 21 22 68 24 24 
354 21 22 68 24 24 
354 21 22 68 24 24 
354 21 22 68 24 24 
354 21 22 68 24 24 
354 21 22 68 24 24 
354 21 22 68 24 24 
354 21 22 68 24 24 
354 21 22 68 24 24 
354 21 22 68 24 24 
354 21 22 68 24 24 
354 21 22 68 24 24 
354 21 22 68 24 24 
21 22 68 24 24 
21 22 68 24 24 
21 22 68 24 24 
21 22 68 24 24 
21 22 68 24 24 
21 22 68 24 24 
21 22 68 24 24 
21 22 68 24 24 
21 22 68 24 24 
21 22 68 24 24 
21 22 68 24 24 
21 22 68 24 24 
21 22 68 24 24 
21 22 68 24 24 
21 22 68 24 24 
21 22 68 24 24 
21 22 68 24 24 
21 22 68 24 24 
21 22 68 24 24 
21 22 68 24 24 
21 22 68 24 24 
21 22 68 24 24 
21 22 68 24 24 
81 21 22 82 68 24 24 
81 21 22 82 68 24 24 
81 21 22 82 68 24 24 
81 21 22 82 68 24 24 
133 21 22 68 24 24 
354 21 22 68 24 24 
354 21 22 68 24 24 
354 21 22 68 24 24 
354 21 22 68 24 24 
354 21 22 68 24 24 
21 22 68 24 24 
81 21 22 82 68 24 24 
21 22 24 24 
28 21 22 24 80 79 24 
354 21 22 68 24 24 
354 21 22 68 24 24 
354 21 22 68 24 24 
354 21 22 68 24 24 
354 21 22 68 24 24 
104 21 22 68 24 24 
354 21 22 68 24 24 
21 22 68 24 24 
21 22 68 24 24 
21 22 68 24 24 
21 22 68 24 24 
21 22 68 24 24 
21 22 68 24 24 
21 22 68 24 24 
21 22 68 24 24 
21 22 68 24 24 
21 22 68 24 24 
21 22 68 24 24 
21 22 68 24 24 
5 6 21 22 24 24 
5 6 21 22 24 24 
5 6 21 22 24 24 
5 6 21 22 24 24 
5 6 21 22 24 24 
21 22 68 24 24 
21 22 68 24 24 
21 22 68 24 24 
21 22 68 24 24 
21 22 68 24 24 
21 22 68 24 24 
21 22 68 24 24 
21 22 68 24 24 
21 22 68 24 24 
21 22 68 24 24 
21 22 24 24 
21 22 352 99 353 24 100 24 
21 22 68 24 24 
21 22 68 24 24 
354 21 22 68 24 24 
354 21 22 68 24 24 
21 24 24 
21 22 24 24 
21 22 24 24 
21 22 24 24 
21 22 24 24 
21 22 24 24 
21 22 24 24 
21 22 24 24 
21 22 24 24 
21 22 24 24 
21 22 24 24 