49 25 25 
49 25 25 
49 25 25 
49 25 25 
49 25 25 
49 25 25 
49 25 25 
49 25 25 
49 25 25 
49 25 25 
49 25 25 
49 25 25 
49 25 25 
49 25 25 
49 25 25 
49 25 25 
49 25 25 
49 25 25 
49 25 25 
49 25 25 
49 25 25 
49 25 25 
49 25 25 
49 25 25 
49 25 25 
49 25 25 
49 25 25 
49 25 25 
49 25 25 
49 25 25 
49 25 25 
49 25 25 
49 25 25 
49 25 25 
49 25 25 
49 25 25 
49 25 25 
49 25 25 
49 25 25 
49 25 25 
49 25 25 
49 25 25 
49 25 25 
49 25 25 
49 25 25 
49 25 25 
49 25 25 
49 25 25 
49 25 25 
49 25 25 
49 25 25 
49 25 25 
49 25 25 
49 25 25 
49 25 25 
49 25 25 
49 25 25 
49 25 25 
49 25 25 
49 25 25 
49 25 25 
49 25 25 
49 25 25 
49 25 25 
49 25 25 
25 25 