5 189 8 144 144 
5 91 189 6 8 92 144 144 
5 91 189 6 8 92 144 144 
5 91 6 92 8 144 144 
5 91 6 92 8 144 144 
5 91 6 92 8 144 144 
5 91 6 92 8 144 144 
5 91 6 92 8 144 144 
5 189 8 144 144 
5 91 6 92 8 144 144 
5 91 6 92 8 144 144 
5 91 6 92 8 144 144 
5 6 8 61 144 144 
5 6 8 61 144 144 
5 6 8 61 144 144 
5 91 6 92 8 144 144 
5 91 6 92 8 144 144 
5 91 6 92 8 144 144 
5 91 6 92 8 144 144 
5 91 6 92 8 144 144 
5 91 6 92 8 144 144 
5 91 6 92 8 144 144 
5 91 6 92 8 144 144 
5 189 8 144 144 
5 91 6 92 8 144 144 
5 91 6 92 8 144 144 
5 91 6 92 8 144 144 
5 91 6 92 8 144 144 
5 91 6 92 8 144 144 
5 8 144 144 
5 91 6 92 8 144 144 
5 91 6 92 8 144 144 
5 91 6 92 8 144 144 
5 91 6 92 8 144 144 
5 91 6 8 144 144 
5 91 6 92 8 144 144 
5 91 6 92 8 144 144 
5 91 6 92 8 144 144 
5 91 6 92 8 144 144 
5 189 8 144 144 
5 91 6 92 8 144 144 
5 91 6 92 8 144 144 
5 91 6 92 8 144 144 
5 91 6 92 8 144 144 
5 91 6 92 8 144 144 
5 91 6 92 8 144 144 
5 91 6 92 8 144 144 
5 91 6 92 8 144 144 
5 91 6 143 8 92 144 144 
5 8 142 36 144 144 
5 8 142 36 144 144 
5 143 8 144 144 
5 91 6 8 92 144 144 
5 91 6 8 92 144 144 
5 8 36 144 122 123 144 
5 189 143 8 144 144 
5 91 6 92 8 144 144 
5 189 8 144 144 
5 91 6 92 8 144 144 
5 91 6 92 8 144 144 
5 91 6 92 8 144 144 
5 8 142 36 144 144 
5 8 142 36 144 144 
5 91 6 92 8 144 144 
5 91 6 92 8 144 144 
5 91 6 92 8 144 144 
5 91 6 92 8 144 144 
5 91 6 92 8 144 144 
5 91 6 92 8 144 144 
5 91 6 92 8 144 144 
5 91 6 92 8 144 144 
5 91 6 92 8 144 144 
5 91 6 92 8 144 144 
5 91 6 92 8 144 144 
5 91 6 92 8 144 144 
5 91 6 8 92 144 144 
5 91 6 8 92 144 144 
5 91 6 8 92 144 144 
5 91 6 8 92 144 144 
5 91 6 92 8 144 144 
5 91 6 92 8 144 144 
5 91 6 92 8 144 144 
5 91 6 92 8 144 144 
5 189 8 144 144 
5 91 6 92 8 144 144 
5 91 6 92 8 144 144 
5 91 6 92 8 144 144 
5 143 8 144 144 
5 6 8 61 144 144 
5 6 8 61 144 144 
5 91 6 92 8 144 144 
5 91 6 92 8 144 144 
5 143 8 144 144 
5 91 6 92 8 144 144 
5 8 142 36 144 144 
5 91 6 92 8 144 144 
5 91 6 92 8 144 144 
5 91 6 92 8 144 144 
5 91 6 92 8 144 144 
5 91 6 92 8 144 144 
5 91 6 92 8 144 144 
5 91 6 92 8 144 144 
5 143 8 144 144 
5 91 6 92 8 144 144 
5 91 6 92 8 144 144 
5 91 6 92 8 144 144 
5 91 6 92 8 144 144 
5 8 36 144 122 123 144 
5 91 6 92 8 144 144 
5 91 6 92 8 144 144 
5 91 6 92 8 144 144 
5 91 6 92 8 144 144 
5 91 6 92 8 144 144 
5 91 6 92 8 144 144 
5 91 6 92 8 144 144 
5 91 6 92 8 144 144 
5 91 6 92 8 144 144 
5 91 6 92 8 144 144 
5 91 6 92 8 144 144 
5 91 6 92 8 144 144 
5 91 6 92 8 144 144 
5 91 6 92 8 144 144 
5 91 6 92 8 144 144 
5 91 6 92 8 144 144 
5 91 6 92 8 144 144 
5 91 6 92 8 144 144 
5 91 6 92 8 144 144 
5 91 6 92 8 144 144 
5 91 6 92 8 144 144 
5 91 6 92 8 144 144 
5 91 6 92 8 144 144 
5 91 6 92 8 144 144 
5 91 6 92 8 144 144 
5 91 6 92 8 144 144 
5 91 6 92 8 144 144 
5 91 6 92 8 144 144 
5 91 6 92 8 144 144 
5 91 6 92 8 144 144 
5 91 6 92 8 144 144 
5 91 6 92 8 144 144 
5 91 6 92 8 144 144 
5 91 6 92 8 144 144 
5 91 6 92 8 144 144 
5 189 8 144 144 
5 91 6 92 8 144 144 
5 91 6 92 8 144 144 
5 91 6 92 8 144 144 
5 91 6 92 8 144 144 
5 91 6 92 8 144 144 
5 91 6 8 144 144 
5 91 6 92 8 144 144 
5 91 6 8 144 144 
5 8 144 144 
5 91 6 8 144 144 
5 91 6 8 144 144 
5 91 6 8 144 144 
5 91 6 8 144 144 
5 91 6 8 144 144 
5 91 6 8 144 144 