133 21 22 68 24 24 
133 21 22 68 24 24 
133 21 22 68 24 24 
133 21 22 68 24 24 
81 21 22 82 24 24 
81 21 22 82 24 24 
21 22 68 24 24 
21 22 68 24 24 
21 22 68 24 24 
21 22 68 24 24 
21 22 68 24 24 
21 22 68 24 24 
21 22 68 24 24 
21 22 68 24 24 
21 22 68 24 24 
21 22 68 24 24 
21 22 68 24 24 
21 22 68 24 24 
21 22 24 24 
81 21 22 82 24 24 
81 21 22 82 24 24 
133 21 22 68 24 24 
133 21 22 68 24 24 
133 21 22 68 24 24 
133 21 22 68 24 24 
133 21 22 68 24 24 
133 21 22 68 24 24 
133 21 22 68 24 24 
133 21 22 68 24 24 
133 21 22 68 24 24 
133 21 22 68 24 24 
133 21 22 68 24 24 
133 21 22 68 24 24 
133 21 22 68 24 24 
133 21 22 68 24 24 
133 21 22 68 24 24 
133 21 22 68 24 24 
133 21 22 68 24 24 
133 21 22 68 24 24 
133 21 22 68 24 24 
133 21 22 68 24 24 
133 21 22 68 24 24 
133 21 22 68 24 24 
133 21 22 68 24 24 
133 21 22 68 24 24 
133 21 22 68 24 24 
133 21 22 68 24 24 
133 21 22 68 24 24 
133 21 22 68 24 24 
133 21 22 68 24 24 
133 21 22 68 24 24 
133 21 22 68 24 24 
133 21 22 68 24 24 
133 21 22 68 24 24 
133 21 22 68 24 24 
133 21 22 68 24 24 
21 22 68 24 24 
81 21 22 82 68 24 24 
81 21 22 82 68 24 24 
21 22 99 24 100 24 
5 21 152 8 24 153 24 
21 22 68 24 24 
21 22 68 24 24 
21 22 68 24 24 
21 22 68 24 24 
21 22 68 24 24 
21 22 68 24 24 
21 22 68 24 24 
21 22 68 24 24 
21 22 68 24 24 
133 21 22 68 24 24 
133 21 22 68 24 24 
133 21 22 68 24 24 
5 21 22 143 8 37 144 24 24 
133 21 22 68 24 24 
81 21 22 82 24 24 
81 21 22 82 24 24 
81 21 22 82 24 24 
81 21 22 82 24 24 
81 21 22 82 24 24 
81 21 22 82 24 24 
81 21 22 82 24 24 
81 21 22 82 24 24 
81 21 22 82 24 24 
81 21 22 82 24 24 
81 21 22 82 24 24 
81 21 22 82 24 24 
81 21 22 82 24 24 
81 21 22 82 24 24 
81 21 22 82 24 24 
81 21 22 82 24 24 
81 21 22 82 24 24 
81 21 22 82 24 24 
81 21 22 82 24 24 
81 21 22 82 24 24 
81 21 22 82 24 24 
81 21 22 82 24 24 
81 21 22 82 24 24 
81 21 22 82 24 24 
81 21 22 82 24 24 
81 21 22 82 24 24 
81 21 22 82 24 24 
81 21 22 82 24 24 
81 21 22 82 24 24 
81 21 22 82 24 24 
81 21 22 82 24 24 
81 21 22 82 24 24 
81 21 22 82 24 24 
81 21 22 82 24 24 
81 21 22 82 24 24 
133 21 22 68 24 24 
21 22 68 24 24 
21 22 68 24 24 
133 21 22 68 24 24 
133 21 22 68 24 24 
133 21 22 68 24 24 
133 21 22 68 24 24 
133 21 22 68 24 24 
133 21 22 68 24 24 
133 21 22 68 24 24 
133 21 22 68 24 24 
133 21 22 68 24 24 
133 21 22 68 24 24 
133 21 22 68 24 24 
133 21 22 68 24 24 
133 21 22 68 24 24 
133 21 22 68 24 24 
133 21 22 68 24 24 
133 21 22 68 24 24 
133 21 22 68 24 24 
133 21 22 68 24 24 
133 21 22 68 24 24 
133 21 22 68 24 24 
133 21 22 68 24 24 
133 21 22 68 24 24 
133 21 22 68 24 24 
133 21 22 68 24 24 
133 21 22 68 24 24 
133 21 22 68 24 24 
133 21 22 68 24 24 
133 21 22 68 24 24 
133 21 22 68 24 24 
5 21 22 143 8 37 144 24 24 
21 22 37 24 24 
133 21 22 68 24 24 
133 21 22 68 24 24 
133 21 22 68 24 24 
133 21 22 68 24 24 
133 21 22 68 24 24 
133 21 22 68 24 24 
133 21 22 68 24 24 
133 21 22 68 24 24 
133 21 22 68 24 24 
133 21 22 68 24 24 
81 21 22 82 24 24 
81 21 22 82 24 24 
21 22 68 24 24 
133 21 22 68 24 24 
133 21 22 68 24 24 
133 21 22 68 24 24 
81 21 22 82 24 24 
81 21 22 82 24 24 
21 22 263 24 24 
21 22 37 24 24 
21 22 68 24 24 
21 22 68 24 24 
133 21 22 68 24 24 
133 21 22 68 24 24 
133 21 22 68 24 24 
133 21 22 68 24 24 
133 21 22 68 24 24 
133 21 22 68 24 24 
133 21 22 68 24 24 
133 21 22 68 24 24 
133 21 22 68 24 24 
133 21 22 68 24 24 
133 21 22 68 24 24 
133 21 22 68 24 24 
133 21 22 68 24 24 
133 21 22 68 24 24 
133 21 22 68 24 24 
133 21 22 68 24 24 
133 21 22 68 24 24 
133 21 22 68 24 24 
133 21 22 68 24 24 
81 21 22 82 24 24 
133 21 22 68 24 24 
133 21 22 68 24 24 
133 21 22 68 24 24 
5 21 22 143 8 144 24 24 
5 21 22 143 8 144 24 24 
5 21 22 143 8 144 24 24 
5 21 22 143 8 144 24 24 
5 21 22 143 8 144 24 24 
5 21 22 143 8 144 24 24 
5 21 22 143 8 144 24 24 
5 21 22 143 8 144 24 24 
5 21 22 143 8 144 24 24 
5 21 22 143 8 144 24 24 
5 21 22 143 8 144 24 24 
5 21 22 143 8 144 24 24 
5 21 22 143 8 144 24 24 
5 21 22 143 8 144 24 24 
5 21 22 143 8 144 24 24 
5 21 22 143 8 144 24 24 
328 21 22 24 24 
5 21 22 143 8 37 144 24 24 
5 21 22 143 8 37 144 24 24 
21 22 37 24 24 
21 22 37 24 24 
21 22 37 24 24 
21 22 37 24 24 
21 22 37 24 24 
21 22 37 24 24 
21 22 37 24 24 
21 22 37 24 24 
5 21 22 8 37 24 24 
5 21 22 8 37 24 24 
5 21 22 8 37 24 24 
133 21 22 68 24 24 
5 21 22 143 8 37 144 24 24 
133 21 22 68 24 24 
133 21 22 68 24 24 
133 21 22 68 24 24 
133 21 22 68 24 24 
81 21 22 82 24 24 
81 21 22 82 24 24 
81 21 22 82 24 24 
133 21 22 68 24 24 
81 21 22 82 24 24 
81 21 22 82 24 24 
21 22 68 24 24 
21 22 37 68 24 24 
21 22 37 68 24 24 
21 22 37 68 24 24 
133 21 22 68 24 24 
133 21 22 68 24 24 
133 21 22 68 24 24 
133 21 22 68 24 24 
133 21 22 68 24 24 
133 21 22 68 24 24 
133 21 22 68 24 24 
133 21 22 68 24 24 
133 21 22 68 24 24 
133 21 22 68 24 24 
133 21 22 68 24 24 
133 21 22 68 24 24 
133 21 22 68 24 24 
5 21 22 143 8 37 144 24 24 
81 21 22 82 24 24 
81 21 22 82 24 24 
81 21 22 82 24 24 
81 21 22 82 24 24 
81 21 22 82 24 24 
81 21 22 82 24 24 
81 21 22 82 24 24 
81 21 22 82 24 24 
81 21 22 82 24 24 
81 21 22 82 24 24 
81 21 22 82 24 24 
81 21 22 82 24 24 
81 21 22 82 24 24 
81 21 22 82 24 24 
81 21 22 82 24 24 
81 21 22 82 24 24 
5 21 22 143 8 37 144 24 24 
5 21 22 143 8 37 144 24 24 
5 21 22 143 8 37 144 24 24 
5 21 22 143 8 37 144 24 24 
5 21 22 143 8 37 144 24 24 
5 21 22 143 8 37 144 24 24 
5 21 22 143 8 37 144 24 24 
21 22 37 24 24 
21 22 37 24 24 
21 22 37 24 24 
21 22 37 24 24 
21 22 37 24 24 
21 22 37 24 24 
21 22 37 24 24 
21 22 37 24 24 
133 21 22 68 24 24 
5 21 22 143 8 37 144 24 24 
5 21 22 143 8 37 144 24 24 
5 21 22 143 8 37 144 24 24 
5 21 22 143 8 37 144 24 24 
5 21 22 143 8 37 144 24 24 
5 21 22 143 8 37 144 24 24 
5 21 22 143 8 37 144 24 24 
5 21 22 143 8 37 144 24 24 
5 21 22 143 8 37 144 24 24 
5 21 22 143 8 37 144 24 24 
5 21 22 143 8 37 144 24 24 
5 21 22 143 8 37 144 24 24 
5 21 22 143 8 37 144 24 24 
5 21 22 143 8 37 144 24 24 
5 21 22 143 8 37 144 24 24 
5 21 22 143 8 37 144 24 24 
5 21 22 143 8 37 144 24 24 
5 21 22 143 8 37 144 24 24 
5 21 22 143 8 37 144 24 24 
5 21 22 143 8 37 144 24 24 
5 21 22 143 8 37 144 24 24 
5 21 22 143 8 37 144 24 24 
5 21 22 143 8 37 144 24 24 
5 21 22 143 8 37 144 24 24 
5 21 22 143 8 37 144 24 24 
5 21 22 143 8 37 144 24 24 
5 21 22 143 8 37 144 24 24 
5 21 22 143 8 37 144 24 24 
81 21 22 82 24 24 
133 21 22 68 24 24 
133 21 22 68 24 24 
133 21 22 68 24 24 
133 21 22 68 24 24 
81 21 22 82 24 24 
81 21 22 82 24 24 
21 22 68 24 24 
328 21 22 68 24 24 
133 21 22 68 24 24 
5 21 22 143 8 37 144 24 24 
5 21 22 143 8 37 144 24 24 
133 21 22 68 24 24 
21 22 68 24 24 
21 22 68 24 24 
21 22 68 24 24 
21 22 68 24 24 
21 22 68 24 24 
21 22 68 24 24 
21 22 263 24 24 
21 22 263 24 24 
21 22 263 24 24 
21 22 263 24 24 
21 22 263 24 24 
133 21 22 68 24 24 
133 21 22 68 24 24 
133 21 22 68 24 24 
133 21 22 68 24 24 
133 21 22 68 24 24 
133 21 22 68 24 24 
133 21 22 68 24 24 
133 21 22 68 24 24 
133 21 22 68 24 24 
133 21 22 68 24 24 
133 21 22 68 24 24 
133 21 22 68 24 24 
133 21 22 68 24 24 
133 21 22 68 24 24 
133 21 22 68 24 24 
133 21 22 68 24 24 
133 21 22 68 24 24 
133 21 22 68 24 24 
133 21 22 68 24 24 
133 21 22 68 24 24 
133 21 22 68 24 24 
133 21 22 68 24 24 
133 21 22 68 24 24 
133 21 22 68 24 24 
133 21 22 68 24 24 
133 21 22 68 24 24 
81 21 22 82 24 24 
81 21 22 82 24 24 
81 21 22 82 24 24 
81 21 22 82 24 24 
81 21 22 82 24 24 
81 21 22 82 24 24 
81 21 22 82 24 24 
21 22 37 68 24 24 
133 21 22 68 24 24 
133 21 22 68 24 24 
133 21 22 68 24 24 
133 21 22 68 24 24 
133 21 22 68 24 24 
21 22 68 24 24 
21 22 68 24 24 
21 22 68 24 24 
81 21 22 82 24 24 
81 21 22 82 24 24 
21 22 68 24 24 
21 22 68 24 24 
21 22 68 24 24 
21 22 68 24 24 
21 22 68 24 24 
21 22 68 24 24 
21 22 68 24 24 
21 22 68 24 24 
21 22 68 24 24 
21 22 68 24 24 
21 22 68 24 24 
21 22 68 24 24 
21 22 68 24 24 
21 22 68 24 24 
21 22 68 24 24 
21 22 68 24 24 
21 22 68 24 24 
21 22 68 24 24 
21 22 68 24 24 
21 22 68 24 24 
21 22 68 24 24 
21 22 68 24 24 
81 21 22 82 24 24 
81 21 22 82 24 24 
81 21 22 82 24 24 
81 21 22 82 24 24 
81 21 22 82 24 24 
81 21 22 82 24 24 
81 21 22 82 24 24 
81 21 22 82 24 24 
81 21 22 82 24 24 
81 21 22 82 24 24 
81 21 22 82 24 24 
81 21 22 82 24 24 
81 21 22 82 24 24 
81 21 22 82 24 24 
81 21 22 82 24 24 
81 21 22 82 24 24 
81 21 22 82 24 24 
81 21 22 82 24 24 
133 21 22 68 24 24 
133 21 22 68 24 24 
133 21 22 68 24 24 
5 21 22 143 8 37 144 24 24 
5 21 22 143 8 37 144 24 24 
5 21 22 143 8 37 144 24 24 
5 21 22 143 8 37 144 24 24 
81 21 22 82 68 24 24 
81 21 22 82 68 24 24 
81 21 22 82 68 24 24 
81 21 22 82 68 24 24 
81 21 22 82 68 24 24 
81 21 22 82 68 24 24 
133 21 22 68 24 24 
133 21 22 68 24 24 
133 21 22 68 24 24 
133 21 22 68 24 24 
133 21 22 68 24 24 
133 21 22 68 24 24 
133 21 22 68 24 24 
133 21 22 68 24 24 
133 21 22 68 24 24 
133 21 22 68 24 24 
133 21 22 68 24 24 
133 21 22 68 24 24 
133 21 22 68 24 24 
133 21 22 68 24 24 
133 21 22 68 24 24 
21 22 37 24 24 
5 21 22 143 8 37 144 24 24 
81 21 22 82 24 24 
81 21 22 82 24 24 
81 21 22 82 24 24 
81 21 22 82 24 24 
81 21 22 82 24 24 
81 21 22 82 24 24 
81 21 22 82 24 24 
81 21 22 82 24 24 
81 21 22 82 24 24 
81 21 22 82 24 24 
81 21 22 82 24 24 
21 22 352 99 353 24 100 24 
21 22 352 99 353 24 100 24 
81 21 22 82 24 24 
81 21 22 82 24 24 
81 21 22 82 24 24 
81 21 22 82 24 24 
21 22 24 24 
21 22 68 24 24 
133 21 22 68 24 24 
133 21 22 68 24 24 
81 21 22 82 24 24 
81 21 22 82 24 24 
81 21 22 82 24 24 
81 21 22 82 24 24 
81 21 22 82 24 24 
81 21 22 82 24 24 
81 21 22 82 24 24 
81 21 22 82 24 24 
21 22 68 24 24 
21 22 68 24 24 
21 22 68 24 24 
21 22 68 24 24 
21 22 68 24 24 
21 22 68 24 24 
21 22 68 24 24 
21 22 68 24 24 
21 22 68 24 24 
21 22 68 24 24 
21 22 68 24 24 
21 22 68 24 24 
21 22 68 24 24 
21 22 68 24 24 
21 22 68 24 24 
21 22 68 24 24 
21 22 68 24 24 
21 22 68 24 24 
21 22 68 24 24 
21 22 68 24 24 
133 21 22 68 24 24 
21 22 37 24 24 
5 21 22 143 8 37 144 24 24 
21 22 68 24 24 
21 22 68 24 24 
81 21 22 82 24 24 
81 21 22 82 24 24 
81 21 22 82 24 24 
81 21 22 82 24 24 
81 21 22 82 24 24 
81 21 22 82 24 24 
81 21 22 82 24 24 
81 21 22 82 24 24 
81 21 22 82 24 24 
81 21 22 82 24 24 
81 21 22 82 24 24 
81 21 22 82 24 24 
81 21 22 82 24 24 
5 21 22 143 8 37 144 24 24 
5 21 22 143 8 37 144 24 24 
133 21 22 68 24 24 
133 21 22 68 24 24 
133 21 22 68 24 24 
133 21 22 68 24 24 
133 21 22 68 24 24 
133 21 22 68 24 24 
133 21 22 68 24 24 
133 21 22 68 24 24 
133 21 22 68 24 24 
133 21 22 68 24 24 
133 21 22 68 24 24 
133 21 22 68 24 24 
133 21 22 68 24 24 
133 21 22 68 24 24 
5 21 22 143 8 37 144 24 24 
5 21 22 143 8 37 144 24 24 
133 21 22 68 24 24 
133 21 22 68 24 24 
133 21 22 68 24 24 
133 21 22 68 24 24 
133 21 22 68 24 24 
133 21 22 68 24 24 
133 21 22 68 24 24 
133 21 22 68 24 24 
21 22 37 24 24 
21 22 37 24 24 
21 22 37 24 24 
21 22 37 24 24 
21 22 37 24 24 
21 22 37 24 24 
21 22 68 24 24 
133 21 22 68 24 24 
133 21 22 68 24 24 
133 21 22 68 24 24 
133 21 22 68 24 24 
133 21 22 68 24 24 
133 21 22 68 24 24 
21 22 37 24 24 
21 22 37 24 24 
81 21 22 82 24 24 
500 21 22 99 24 24 
21 22 37 24 24 
5 21 22 143 8 37 144 24 24 
5 21 22 143 8 37 144 24 24 
5 21 22 143 8 37 144 24 24 
5 21 22 143 8 37 144 24 24 
133 21 22 68 24 24 
133 21 22 68 24 24 
133 21 22 68 24 24 
5 21 22 143 8 37 144 24 24 
5 21 22 143 8 37 144 24 24 
5 21 22 143 8 37 144 24 24 
5 21 22 143 8 37 144 24 24 
5 21 22 143 8 37 144 24 24 
5 21 22 143 8 37 144 24 24 
5 21 22 143 8 37 144 24 24 
133 21 22 68 24 24 
133 21 22 68 24 24 
133 21 22 68 24 24 
133 21 22 68 24 24 
133 21 22 68 24 24 
133 21 22 68 24 24 
133 21 22 68 24 24 
133 21 22 68 24 24 
5 21 22 143 8 144 24 24 
5 21 22 143 8 144 24 24 
5 21 22 143 8 144 24 24 
21 22 68 24 24 
21 22 68 24 24 
81 21 22 263 82 24 24 
5 21 22 8 24 24 
21 22 37 24 24 
21 22 37 24 24 
21 22 37 24 24 
21 22 37 24 24 
328 21 22 24 24 
81 21 22 82 24 24 
81 21 22 82 24 24 
21 22 68 24 24 
21 22 37 24 24 
21 22 37 24 24 
21 22 37 24 24 
21 22 37 24 24 
21 22 37 24 24 
21 22 37 24 24 
21 22 37 24 24 
21 22 37 24 24 
133 21 22 68 24 24 
133 21 22 68 24 24 
133 21 22 68 24 24 
133 21 22 68 24 24 
133 21 22 68 24 24 
133 21 22 68 24 24 
5 21 22 143 8 37 144 24 24 
5 21 22 143 8 37 144 24 24 
133 21 22 68 24 24 
133 21 22 68 24 24 
133 21 22 68 24 24 
133 21 22 68 24 24 
133 21 22 68 24 24 
133 21 22 68 24 24 
81 21 22 82 24 24 
81 21 22 82 24 24 
81 21 22 82 24 24 
81 21 22 82 24 24 
81 21 22 82 24 24 
81 21 22 82 24 24 
81 21 22 82 24 24 
81 21 22 82 24 24 
81 21 22 82 24 24 
81 21 22 82 24 24 
81 21 22 82 24 24 
81 21 22 82 24 24 
81 21 22 82 24 24 
81 21 22 82 24 24 
81 21 22 82 24 24 
81 21 22 82 24 24 
81 21 22 82 24 24 
81 21 22 82 24 24 
81 21 22 82 24 24 
81 21 22 82 24 24 
5 21 22 143 8 37 144 24 24 
133 21 22 68 24 24 
133 21 22 68 24 24 
133 21 22 68 24 24 
133 21 22 68 24 24 
133 21 22 68 24 24 
133 21 22 68 24 24 
133 21 22 68 24 24 
133 21 22 68 24 24 
133 21 22 68 24 24 
133 21 22 68 24 24 
133 21 22 68 24 24 
133 21 22 68 24 24 
133 21 22 68 24 24 
133 21 22 68 24 24 
133 21 22 68 24 24 
133 21 22 68 24 24 
133 21 22 68 24 24 
133 21 22 68 24 24 
133 21 22 68 24 24 
133 21 22 68 24 24 
133 21 22 68 24 24 
133 21 22 68 24 24 
133 21 22 68 24 24 
133 21 22 68 24 24 
133 21 22 68 24 24 
133 21 22 68 24 24 
21 22 37 24 24 
21 22 37 24 24 
21 22 37 24 24 
21 22 37 24 24 
81 21 22 82 24 24 
81 21 22 82 24 24 
21 22 24 24 
133 21 22 68 24 24 
21 24 24 
21 22 68 24 24 
21 22 68 24 24 
133 21 22 68 24 24 
81 21 22 82 68 24 24 
133 21 22 68 24 24 
133 21 22 68 24 24 
133 21 22 68 24 24 
133 21 22 68 24 24 
133 21 22 68 24 24 
133 21 22 68 24 24 
133 21 22 68 24 24 
133 21 22 68 24 24 
133 21 22 68 24 24 
133 21 22 68 24 24 
133 21 22 68 24 24 
133 21 22 68 24 24 
81 21 22 82 68 24 24 
81 21 22 82 68 24 24 
133 21 22 68 24 24 
500 21 22 99 24 24 
133 21 22 68 24 24 
133 21 22 68 24 24 
133 21 22 68 24 24 
133 21 22 68 24 24 
133 21 22 68 24 24 
133 21 22 68 24 24 
133 21 22 68 24 24 
133 21 22 68 24 24 
133 21 22 68 24 24 
133 21 22 68 24 24 
21 22 68 24 24 
21 22 68 24 24 
5 21 22 8 24 24 
81 21 22 82 68 24 24 
133 21 22 68 24 24 
133 21 22 68 24 24 
133 21 22 68 24 24 
133 21 22 68 24 24 
133 21 22 68 24 24 
133 21 22 68 24 24 
133 21 22 68 24 24 
21 22 24 24 
133 21 22 68 24 24 
133 21 22 68 24 24 
133 21 22 68 24 24 
133 21 22 68 24 24 
81 21 22 82 24 24 
81 21 22 82 24 24 
81 21 22 82 24 24 
81 21 22 82 24 24 
81 21 22 82 24 24 
81 21 22 82 24 24 
81 21 22 82 24 24 
81 21 22 82 24 24 
81 21 22 82 24 24 
81 21 22 82 24 24 
81 21 22 82 24 24 
81 21 22 82 24 24 
81 21 22 82 24 24 
81 21 22 82 24 24 
81 21 22 82 24 24 
81 21 22 82 24 24 
81 21 22 82 24 24 
81 21 22 82 24 24 
81 21 22 82 24 24 
81 21 22 82 24 24 
21 22 68 24 24 
133 21 22 68 24 24 
21 22 68 24 24 
21 22 68 24 24 
21 22 68 24 24 
21 22 68 24 24 
21 22 68 24 24 
21 22 68 24 24 
21 22 68 24 24 
21 22 68 24 24 
21 22 68 24 24 
21 22 68 24 24 
21 22 68 24 24 
133 21 22 68 24 24 
133 21 22 68 24 24 
5 81 6 21 22 82 61 24 24 
21 22 68 24 24 
21 22 68 24 24 
21 22 68 24 24 
21 22 68 24 24 
21 22 68 24 24 
21 22 68 24 24 
21 22 68 24 24 
21 22 68 24 24 
21 22 68 24 24 
21 22 68 24 24 
21 22 68 24 24 
21 22 68 24 24 
21 22 68 24 24 
133 21 22 68 24 24 
133 21 22 68 24 24 
133 21 22 68 24 24 
133 21 22 68 24 24 
133 21 22 68 24 24 
133 21 22 68 24 24 
133 21 22 68 24 24 
133 21 22 68 24 24 
133 21 22 68 24 24 
133 21 22 68 24 24 
81 21 22 82 24 24 
133 21 22 68 24 24 
133 21 22 68 24 24 
133 21 22 68 24 24 
81 21 22 82 24 24 
133 21 22 68 24 24 
133 21 22 68 24 24 
133 21 22 68 24 24 
133 21 22 68 24 24 
133 21 22 68 24 24 
133 21 22 68 24 24 
133 21 22 68 24 24 
133 21 22 68 24 24 
21 22 24 24 
133 21 22 68 24 24 
133 21 22 68 24 24 
133 21 22 68 24 24 
133 21 22 68 24 24 
133 21 22 68 24 24 
133 21 22 68 24 24 
133 21 22 68 24 24 
133 21 22 68 24 24 
133 21 22 68 24 24 
133 21 22 68 24 24 
133 21 22 68 24 24 
133 21 22 68 24 24 
133 21 22 68 24 24 
133 21 22 68 24 24 
133 21 22 68 24 24 
21 22 68 24 24 
21 22 68 24 24 
133 21 22 68 24 24 
133 21 22 68 24 24 
133 21 22 68 24 24 
133 21 22 68 24 24 
133 21 22 68 24 24 
133 21 22 68 24 24 
133 21 22 68 24 24 
133 21 22 68 24 24 
133 21 22 68 24 24 
133 21 22 68 24 24 
133 21 22 68 24 24 
133 21 22 68 24 24 
133 21 22 68 24 24 
133 21 22 68 24 24 
133 21 22 68 24 24 
133 21 22 68 24 24 
133 21 22 68 24 24 
133 21 22 68 24 24 
133 21 22 68 24 24 
133 21 22 68 24 24 
133 21 22 68 24 24 
21 22 68 24 24 
21 22 68 24 24 
133 21 22 68 24 24 
21 22 68 24 24 
21 22 68 24 24 
133 21 22 68 24 24 
133 21 22 68 24 24 
133 21 22 68 24 24 
133 21 22 68 24 24 
133 21 22 68 24 24 
21 22 68 24 24 
133 21 22 68 24 24 
133 21 22 68 24 24 
133 21 22 68 24 24 
133 21 22 68 24 24 
133 21 22 68 24 24 
133 21 22 68 24 24 
133 21 22 68 24 24 
133 21 22 68 24 24 
133 21 22 68 24 24 
133 21 22 68 24 24 
133 21 22 68 24 24 
133 21 22 68 24 24 
133 21 22 68 24 24 
133 21 22 68 24 24 
133 21 22 68 24 24 
133 21 22 68 24 24 
133 21 22 68 24 24 
21 22 68 24 24 
21 22 68 24 24 
21 22 68 24 24 
133 21 22 68 24 24 
133 21 22 68 24 24 
133 21 22 68 24 24 
133 21 22 68 24 24 
133 21 22 68 24 24 
133 21 22 68 24 24 
133 21 22 68 24 24 
21 22 68 24 24 
21 22 68 24 24 
21 22 68 24 24 
21 22 68 24 24 
21 7 11 10 36 24 24 
21 22 68 24 24 
21 22 68 24 24 
81 21 22 82 24 24 
21 22 68 24 24 
21 22 68 24 24 
133 21 22 68 24 24 
133 21 22 68 24 24 
133 21 22 68 24 24 
133 21 22 68 24 24 
133 21 22 68 24 24 
133 21 22 68 24 24 
133 21 22 68 24 24 
133 21 22 68 24 24 
27 28 133 21 22 68 24 24 
27 28 133 21 22 68 24 24 
27 28 133 21 22 68 24 24 
27 28 133 21 22 68 24 24 
27 28 133 21 22 68 24 24 
27 28 133 21 22 68 24 24 
27 28 133 21 22 68 24 24 
27 28 133 21 22 68 24 24 
133 21 22 68 24 24 
133 21 22 68 24 24 
21 22 68 24 24 
21 22 68 24 24 
21 22 68 24 24 
21 22 68 24 24 
104 21 22 68 24 24 
104 21 22 68 24 24 
21 22 68 24 24 
21 22 37 24 24 
81 21 22 82 24 24 
133 21 22 68 24 24 
133 21 22 68 24 24 
21 22 68 24 24 
21 22 68 24 24 
133 21 22 68 24 24 
133 21 22 68 24 24 
133 21 22 68 24 24 
21 22 68 24 24 
21 22 68 24 24 
133 21 22 68 24 24 
21 254 36 255 24 24 
5 21 22 143 8 144 24 24 
81 21 22 82 24 24 
133 21 22 68 24 24 
133 21 22 68 24 24 
133 21 22 68 24 24 
133 21 22 68 24 24 
133 21 22 68 24 24 
133 21 22 68 24 24 
21 22 68 24 24 
21 22 68 24 24 
21 22 68 24 24 
21 22 68 24 24 
21 22 68 24 24 
21 22 68 24 24 
21 22 68 24 24 
21 22 68 24 24 
81 21 22 82 24 24 
21 22 68 24 24 
28 109 21 22 24 80 110 24 
28 109 21 22 24 80 110 24 
133 21 22 68 24 24 
133 21 22 68 24 24 
133 21 22 68 24 24 
133 21 22 68 24 24 
133 21 22 68 24 24 
81 21 22 82 24 24 
133 21 22 68 24 24 
81 21 22 82 24 24 
81 21 22 82 24 24 
81 21 22 82 24 24 
133 21 22 68 24 24 
81 21 22 82 68 24 24 
133 21 22 68 24 24 
133 21 22 68 24 24 
21 22 68 24 24 
81 21 22 82 24 24 
21 22 68 24 24 
21 22 68 24 24 
21 22 68 24 24 
133 21 22 68 24 24 
133 21 22 68 24 24 
133 21 22 68 24 24 
21 68 24 24 
133 21 22 68 24 24 
133 21 22 68 24 24 
133 21 22 68 24 24 
133 21 22 68 24 24 
133 21 22 68 24 24 
81 21 22 82 24 24 
81 21 22 82 24 24 
81 21 22 82 68 24 24 
5 21 22 143 8 37 144 24 24 
133 21 22 68 24 24 
133 21 22 68 24 24 
21 22 68 24 24 
133 21 22 68 24 24 
81 21 22 82 24 24 
133 21 22 68 24 24 
133 21 22 68 24 24 
133 21 22 68 24 24 
133 21 22 68 24 24 
133 21 22 68 24 24 
5 21 22 475 24 24 
133 21 22 68 24 24 
133 21 22 68 24 24 
133 21 22 68 24 24 
133 21 22 68 24 24 
133 21 22 68 24 24 
133 21 22 68 24 24 
133 21 22 68 24 24 
133 21 22 68 24 24 
133 21 22 68 24 24 
133 21 22 68 24 24 
21 22 68 24 24 
133 21 22 68 24 24 
133 21 22 68 24 24 
21 22 263 24 24 
21 22 68 24 24 
21 22 68 24 24 
133 21 22 68 24 24 
21 22 68 24 24 
133 21 22 68 24 24 
133 21 22 68 24 24 
133 21 22 68 24 24 
133 21 22 68 24 24 
133 21 22 68 24 24 
133 21 22 68 24 24 
133 21 22 68 24 24 
133 21 22 68 24 24 
133 21 22 68 24 24 
133 21 22 68 24 24 
133 21 22 68 24 24 
21 22 24 24 
133 21 22 68 24 24 
133 21 22 68 24 24 
21 22 68 24 24 
21 22 68 24 24 
21 22 68 24 24 
21 22 68 24 24 
133 21 22 68 24 24 
133 21 22 68 24 24 
21 24 24 
21 22 68 24 24 
133 21 22 68 24 24 
133 21 22 68 24 24 
133 21 22 68 24 24 
133 21 22 68 24 24 
133 21 22 68 24 24 
133 21 22 68 24 24 
133 21 22 68 24 24 
133 21 22 68 24 24 
133 21 22 68 24 24 
133 21 22 68 24 24 
133 21 22 68 24 24 
133 21 22 68 24 24 
133 21 22 68 24 24 
133 21 22 68 24 24 
133 21 22 68 24 24 
133 21 22 68 24 24 
133 21 22 68 24 24 
133 21 22 68 24 24 
133 21 22 68 24 24 
133 21 22 68 24 24 
133 21 22 68 24 24 
133 21 22 68 24 24 
133 21 22 68 24 24 
133 21 22 68 24 24 
133 21 22 68 24 24 
133 21 22 68 24 24 
133 21 22 68 24 24 
133 21 22 68 24 24 
133 21 22 68 24 24 
133 21 22 68 24 24 
133 21 22 68 24 24 
133 21 22 68 24 24 
5 21 22 143 8 144 24 24 
5 21 22 143 8 144 24 24 
21 22 24 24 
21 22 24 24 
21 22 24 24 
21 22 68 24 24 
21 22 68 24 24 
21 22 68 24 24 
21 22 68 24 24 
21 22 68 24 24 
21 22 68 24 24 
21 22 68 24 24 
21 22 68 24 24 
21 22 68 24 24 
133 21 22 68 24 24 
5 21 22 8 68 24 24 
133 21 22 68 24 24 
133 21 22 68 24 24 
133 21 22 68 24 24 
133 21 22 68 24 24 
133 21 22 68 24 24 
133 21 22 68 24 24 
133 21 22 68 24 24 
133 21 22 68 24 24 
133 21 22 68 24 24 
133 21 22 68 24 24 
133 21 22 68 24 24 
133 21 22 68 24 24 
133 21 22 68 24 24 
133 21 22 68 24 24 
133 21 22 68 24 24 
133 21 22 68 24 24 
354 21 22 68 24 24 
133 21 22 68 24 24 
133 21 22 68 24 24 
133 21 22 68 24 24 
354 21 22 68 24 24 
133 21 22 68 24 24 
133 21 22 68 24 24 
21 22 68 24 24 
354 21 22 68 24 24 
21 22 68 24 24 
354 21 22 68 24 24 
133 21 22 68 24 24 
354 21 22 68 24 24 
21 22 68 24 24 
133 21 22 68 24 24 
133 21 22 68 24 24 
133 21 22 68 24 24 
133 21 22 68 24 24 
133 21 22 68 24 24 
104 21 22 68 24 24 
133 21 22 68 24 24 
133 21 22 68 24 24 
133 21 22 68 24 24 
133 21 22 68 24 24 
133 21 22 68 24 24 
133 21 22 68 24 24 
133 21 22 68 24 24 
133 21 22 68 24 24 
133 21 22 68 24 24 
104 21 22 68 24 24 
21 22 68 24 24 
21 22 68 24 24 
354 21 22 68 24 24 
21 22 68 24 24 
133 21 22 68 24 24 
133 21 22 68 24 24 
133 21 22 68 24 24 
133 21 22 68 24 24 
133 21 22 68 24 24 
133 21 22 68 24 24 
133 21 22 68 24 24 
133 21 22 68 24 24 
27 28 21 22 68 24 24 
133 21 22 68 24 24 
133 21 22 68 24 24 
133 21 22 68 24 24 
133 21 22 68 24 24 
133 21 22 68 24 24 
133 21 22 68 24 24 
354 21 22 68 24 24 
354 21 22 68 24 24 
354 21 22 68 24 24 
354 21 22 68 24 24 
133 21 22 68 24 24 
133 21 22 68 24 24 
133 21 22 68 24 24 
354 21 22 68 24 24 
354 21 22 68 24 24 
133 21 22 68 24 24 
354 21 22 68 24 24 
133 21 22 68 24 24 
133 21 22 68 24 24 
133 21 22 68 24 24 
133 21 22 68 24 24 
133 21 22 68 24 24 
133 21 22 68 24 24 
133 21 22 68 24 24 
21 22 68 24 24 
133 21 22 68 24 24 
133 21 22 68 24 24 
133 21 22 68 24 24 
133 21 22 68 24 24 
133 21 22 68 24 24 
133 21 22 68 24 24 
354 21 22 68 24 24 
133 21 22 68 24 24 
133 21 22 68 24 24 
133 21 22 68 24 24 
133 21 22 68 24 24 
133 21 22 68 24 24 
21 22 68 24 24 
133 21 22 68 24 24 
133 21 22 68 24 24 
133 21 22 68 24 24 
133 21 22 68 24 24 
133 21 22 68 24 24 
133 21 22 68 24 24 
133 21 22 68 24 24 
133 21 22 68 24 24 
133 21 22 68 24 24 
133 21 22 68 24 24 
133 21 22 68 24 24 
133 21 22 68 24 24 
133 21 22 68 24 24 
133 21 22 68 24 24 
133 21 22 68 24 24 
133 21 22 68 24 24 
133 21 22 68 24 24 
133 21 22 68 24 24 
133 21 22 68 24 24 
354 21 22 68 24 24 
133 21 22 68 24 24 
354 21 22 68 24 24 
133 21 22 68 24 24 
133 21 22 68 24 24 
354 21 22 68 24 24 
354 21 22 68 24 24 
133 21 22 68 24 24 
133 21 22 68 24 24 
133 21 22 68 24 24 
133 21 22 68 24 24 
354 21 22 68 24 24 
354 21 22 68 24 24 
21 22 68 24 24 
354 21 22 68 24 24 
133 21 22 68 24 24 
21 22 68 24 24 
133 21 22 68 24 24 
21 22 68 24 24 
133 21 22 68 24 24 
133 21 22 68 24 24 
133 21 22 68 24 24 
354 21 22 68 24 24 
133 21 22 68 24 24 
354 21 22 68 24 24 
133 21 22 68 24 24 
133 21 22 68 24 24 
133 21 22 68 24 24 
133 21 22 68 24 24 
133 21 22 68 24 24 
133 21 22 68 24 24 
133 21 22 68 24 24 
133 21 22 68 24 24 
133 21 22 68 24 24 
133 21 22 68 24 24 
133 21 22 68 24 24 
133 21 22 68 24 24 
133 21 22 68 24 24 
133 21 22 68 24 24 
133 21 22 68 24 24 
28 133 21 22 68 111 24 80 24 
133 21 22 68 24 24 
133 21 22 68 24 24 
133 21 22 68 24 24 
133 21 22 68 24 24 
133 21 22 68 24 24 
21 22 68 24 24 
21 22 68 24 24 
21 22 68 24 24 
133 21 22 68 24 24 
133 21 22 68 24 24 
133 21 22 68 24 24 
133 21 22 68 24 24 
133 21 22 68 24 24 
21 22 68 24 24 
133 21 22 68 24 24 
133 21 22 68 24 24 
133 21 22 68 24 24 
133 21 22 68 24 24 
133 21 22 68 24 24 
133 21 22 68 24 24 
133 21 22 68 24 24 
133 21 22 68 24 24 
133 21 22 68 24 24 
133 21 22 68 24 24 
133 21 22 68 24 24 
133 21 22 68 24 24 
133 21 22 68 24 24 
133 21 22 68 24 24 
21 22 68 24 24 
21 22 68 24 24 
21 22 68 24 24 
21 22 68 24 24 
21 22 68 24 24 
21 22 68 24 24 
21 22 68 24 24 
133 21 22 68 24 24 
133 21 22 68 24 24 
133 21 22 68 24 24 
133 21 22 68 24 24 
133 21 22 68 24 24 
133 21 22 68 24 24 
133 21 22 68 24 24 
133 21 22 68 24 24 
104 21 22 68 24 24 
21 22 68 24 24 
133 21 22 68 24 24 
133 21 22 68 24 24 
354 21 22 68 24 24 
133 21 22 68 24 24 
354 21 22 68 24 24 
133 21 22 68 24 24 
133 21 22 68 24 24 
133 21 22 68 24 24 
133 21 22 68 24 24 
133 21 22 68 24 24 
133 21 22 68 24 24 
133 21 22 68 24 24 
21 22 68 24 24 
81 21 22 82 68 24 24 
354 21 22 68 24 24 
21 22 68 24 24 
21 22 68 24 24 
21 22 68 24 24 
21 22 68 24 24 
21 22 68 24 24 
21 22 68 24 24 
21 22 68 24 24 
133 21 22 68 24 24 
133 21 22 68 24 24 
21 152 24 24 
28 27 21 549 22 24 24 
21 22 68 24 24 
21 22 68 24 24 
21 22 68 24 24 
21 22 68 24 24 
21 22 68 24 24 
21 22 68 24 24 
81 21 22 82 68 24 24 
21 22 68 24 24 
21 22 263 24 24 
21 22 263 24 24 
133 21 22 68 24 24 
133 21 22 68 24 24 
21 22 68 24 24 
21 22 90 68 24 24 
21 22 68 24 24 
133 21 22 68 24 24 
133 21 22 68 24 24 
118 21 22 36 24 24 
383 384 21 254 36 24 24 
133 21 22 68 24 24 
21 22 68 24 24 
133 21 22 68 24 24 
133 21 22 68 24 24 
133 21 22 68 24 24 
118 21 132 36 24 24 
133 21 22 68 24 24 
21 22 68 24 24 
133 21 22 68 24 24 
133 21 22 68 24 24 
81 21 22 82 24 24 
133 21 22 68 24 24 
133 21 22 68 24 24 
500 21 22 99 24 24 
133 21 22 68 24 24 
354 21 22 68 24 24 
133 21 22 68 24 24 
133 21 22 68 24 24 
21 22 152 24 153 24 
133 21 22 68 24 24 
21 22 37 24 24 
21 22 68 24 24 
133 21 22 68 24 24 
21 22 68 24 24 
21 22 68 24 24 
21 22 24 24 
21 22 68 24 24 
21 22 263 24 24 
21 22 263 24 24 
21 22 68 24 24 
21 22 68 24 24 
21 22 68 24 24 
21 22 68 24 24 
354 21 22 68 24 24 
21 22 68 24 24 
109 28 21 22 68 24 80 110 24 
5 328 21 22 24 24 
21 142 36 24 24 
133 21 22 68 24 24 
133 21 22 68 24 24 
5 21 22 143 8 37 144 24 24 
5 21 22 143 8 37 144 24 24 
5 21 22 143 8 37 144 24 24 
5 21 22 143 8 37 144 24 24 
5 21 22 143 8 37 144 24 24 
21 22 68 24 24 
133 21 22 68 24 24 
133 21 22 68 24 24 
133 21 22 68 24 24 
133 21 22 68 24 24 
133 21 22 68 24 24 
133 21 22 68 24 24 
133 21 22 68 24 24 
133 21 22 68 24 24 
133 21 22 68 24 24 
133 21 22 68 24 24 
133 21 22 68 24 24 
133 21 22 68 24 24 
133 21 22 68 24 24 
133 21 22 68 24 24 
133 21 22 68 24 24 
133 21 22 68 24 24 
133 21 22 68 24 24 
133 21 22 68 24 24 
133 21 22 68 24 24 
133 21 22 68 24 24 
133 21 22 68 24 24 
5 21 22 143 8 37 144 24 24 
5 21 22 143 8 37 144 24 24 
5 21 22 143 8 37 144 24 24 
5 21 22 143 8 37 144 24 24 
5 21 22 143 8 37 144 24 24 
5 21 22 143 8 37 144 24 24 
5 21 22 143 8 37 144 24 24 
5 21 22 143 8 37 144 24 24 
5 21 22 143 8 37 144 24 24 
5 21 22 143 8 37 144 24 24 
21 22 68 24 24 
133 21 22 68 24 24 
133 21 22 68 24 24 
133 21 22 68 24 24 
133 21 22 68 24 24 
133 21 22 68 24 24 
133 21 22 68 24 24 
21 22 68 24 24 
21 22 68 24 24 
21 22 68 24 24 
21 22 68 24 24 
21 22 99 24 362 24 
133 21 22 68 24 24 
21 22 68 24 24 
21 22 68 24 24 
21 22 68 24 24 
21 22 68 24 24 
5 21 22 143 8 37 144 24 24 
133 21 22 68 24 24 
21 22 68 24 24 
21 22 68 24 24 
81 21 22 82 24 24 
81 21 22 82 24 24 
133 21 22 68 24 24 
21 22 68 24 24 
133 21 22 68 24 24 
133 21 22 68 24 24 
133 21 22 68 24 24 
133 21 22 68 24 24 
133 21 22 68 24 24 
21 22 24 24 
81 21 22 82 24 24 
133 21 22 68 24 24 
133 21 22 68 24 24 
21 22 68 24 24 
133 21 22 68 24 24 
133 21 22 68 24 24 
133 21 22 68 24 24 
21 22 68 24 24 
21 22 68 24 24 
21 22 68 24 24 
133 21 22 68 24 24 
21 22 68 24 24 
21 22 68 24 24 
21 22 37 24 24 
21 22 68 24 24 
21 22 68 24 24 
21 22 68 24 24 
21 22 24 24 
21 22 68 24 24 
21 22 68 24 24 
21 22 68 24 24 
21 22 68 24 24 
354 21 22 68 24 24 
21 22 24 24 
21 22 68 24 24 
133 21 22 68 24 24 
21 22 68 24 24 
21 22 68 24 24 
21 22 68 24 24 
159 21 36 24 130 24 
21 22 263 24 24 
21 36 24 122 123 24 
21 22 68 24 24 
133 21 22 68 24 24 
354 21 22 68 24 24 
21 22 68 24 24 
21 22 68 24 24 
21 22 68 24 24 
21 22 68 24 24 
21 22 68 24 24 
133 21 22 68 24 24 
133 21 22 68 24 24 
133 21 22 68 24 24 
133 21 22 68 24 24 
21 22 24 24 
28 21 22 24 203 24 
21 68 24 24 
21 68 24 24 
81 21 22 82 24 24 
109 28 21 22 24 80 110 24 
500 21 22 99 24 24 
133 21 22 68 24 24 
133 21 22 68 24 24 
21 22 263 24 24 
81 21 22 82 24 24 
81 21 22 82 24 24 
81 21 22 82 24 24 
81 21 22 82 24 24 
81 21 22 82 24 24 
81 21 22 82 24 24 
81 21 22 82 24 24 
81 21 22 82 24 24 
81 21 22 82 24 24 
81 21 22 82 24 24 
21 22 68 24 24 
21 22 68 24 24 
28 27 21 603 22 24 24 
21 22 68 24 24 
21 22 68 24 24 
21 22 68 24 24 
21 22 68 24 24 
21 22 68 24 24 
21 22 68 24 24 
104 21 22 68 24 24 
21 36 24 122 123 24 
21 22 37 24 24 
21 22 37 24 24 
21 22 37 24 24 
21 22 37 24 24 
21 22 37 24 24 
21 22 37 24 24 
21 22 37 24 24 
21 22 37 24 24 
21 22 37 24 24 
21 22 37 24 24 
21 22 37 24 24 
21 22 37 24 24 
21 22 37 24 24 
21 22 37 24 24 
21 22 37 24 24 
5 21 22 143 8 37 144 24 24 
5 21 22 143 8 37 144 24 24 
5 21 22 143 8 37 144 24 24 
5 21 22 143 8 37 144 24 24 
133 21 22 68 24 24 
133 21 22 68 24 24 
133 21 22 68 24 24 
133 21 22 68 24 24 
133 21 22 68 24 24 
133 21 22 68 24 24 
133 21 22 68 24 24 
133 21 22 68 24 24 
133 21 22 68 24 24 
133 21 22 68 24 24 
133 21 22 68 24 24 
133 21 22 68 24 24 
133 21 22 68 24 24 
133 21 22 68 24 24 
133 21 22 68 24 24 
133 21 22 68 24 24 
133 21 22 68 24 24 
133 21 22 68 24 24 
133 21 22 68 24 24 
133 21 22 68 24 24 
21 22 68 24 24 
21 22 68 24 24 
21 22 68 24 24 
21 22 68 24 24 
21 22 68 24 24 
21 22 68 24 24 
21 22 68 24 24 
21 22 68 24 24 
21 22 68 24 24 
21 22 68 24 24 
21 22 68 24 24 
21 22 68 24 24 
21 22 68 24 24 
133 21 22 68 24 24 
48 5 6 21 22 68 24 24 
133 21 22 68 24 24 
133 21 22 68 24 24 
21 22 99 24 362 24 
21 22 99 24 362 24 
256 104 21 22 68 24 24 
133 21 22 68 24 24 
133 21 22 68 24 24 
21 22 37 24 24 
21 22 37 24 24 
354 21 22 68 24 24 
133 21 22 68 24 24 
354 21 22 68 24 24 
28 21 22 548 106 68 24 24 
28 21 22 548 106 68 24 24 
21 22 68 24 24 
133 21 22 68 24 24 
133 21 22 68 24 24 
21 22 68 24 24 
21 22 68 24 24 
133 21 22 68 24 24 
21 22 68 24 24 
354 21 22 68 24 24 
133 21 22 68 24 24 
133 21 22 68 24 24 
21 22 68 24 24 
21 22 68 24 24 
133 21 22 68 24 24 
354 21 22 68 24 24 
354 21 22 68 24 24 
21 22 68 24 24 
21 22 68 24 24 
21 22 68 24 24 
21 22 68 24 24 
21 152 24 153 24 
21 22 68 24 24 
133 21 22 68 24 24 
133 21 22 68 24 24 
21 22 68 24 24 
133 21 22 68 24 24 
133 21 22 68 24 24 
133 21 22 68 24 24 
133 21 22 68 24 24 
21 22 68 24 24 
21 22 68 24 24 
133 21 22 68 24 24 
28 109 21 22 24 80 110 24 
28 109 21 22 24 80 110 24 
21 22 263 24 24 
21 22 263 68 24 24 
21 22 68 24 24 
21 22 68 24 24 
21 22 68 24 24 
21 22 24 24 
133 21 22 68 24 24 
28 21 22 483 24 24 
21 22 436 24 24 
21 22 24 24 
21 22 24 24 
21 22 24 24 
21 22 24 24 
21 22 24 24 
21 22 24 24 
21 22 24 24 
21 22 24 24 
21 22 24 24 
21 22 24 24 
21 22 24 24 
21 22 24 24 
21 22 24 24 
21 22 24 24 
21 22 24 24 
21 22 24 24 
21 22 24 24 
21 22 24 24 
21 22 24 24 
21 22 24 24 
21 22 24 24 
21 22 24 24 
21 22 24 24 
21 22 24 24 
21 22 24 24 
21 22 24 24 
21 22 24 24 
21 22 24 24 
109 28 21 22 24 80 110 24 
109 28 21 22 24 80 110 24 
109 28 21 22 24 80 110 24 
21 22 24 24 
21 22 37 24 24 
21 22 37 24 24 
21 22 37 24 24 
21 22 37 24 24 
21 22 37 24 24 
354 21 22 68 24 24 
5 21 22 143 8 37 144 24 24 
133 21 22 68 24 24 
133 21 22 68 24 24 
81 21 22 82 24 24 
81 21 22 82 24 24 
81 21 22 82 24 24 
81 21 22 82 24 24 
81 21 22 82 24 24 
81 21 22 82 24 24 
81 21 22 82 24 24 
81 21 22 82 24 24 
81 21 22 82 24 24 
81 21 22 82 24 24 
81 21 22 82 24 24 
81 21 22 82 24 24 
81 21 22 82 24 24 
81 21 22 82 24 24 
81 21 22 82 24 24 
81 21 22 82 24 24 
81 21 22 82 24 24 
81 21 22 82 24 24 
81 21 22 82 24 24 
81 21 22 82 24 24 
81 21 22 82 24 24 
81 21 22 82 24 24 
81 21 22 82 24 24 
81 21 22 82 24 24 
81 21 22 82 24 24 
81 21 22 82 24 24 
81 21 22 82 24 24 
81 21 22 82 24 24 
81 21 22 82 24 24 
81 21 22 82 24 24 
81 21 22 82 24 24 
81 21 22 82 24 24 
81 21 22 82 24 24 
133 21 22 68 24 24 
21 22 68 24 24 
133 21 22 68 24 24 
133 104 21 22 68 24 24 
21 22 68 24 24 
21 22 68 24 24 
21 22 68 24 24 
21 22 68 24 24 
21 22 68 24 24 
21 22 68 24 24 
21 22 68 24 24 
21 22 68 24 24 
21 22 68 24 24 
21 22 68 24 24 
21 22 68 24 24 
21 22 68 24 24 
21 22 68 24 24 
21 22 68 24 24 
21 22 68 24 24 
21 22 68 24 24 
21 22 68 24 24 
21 22 68 24 24 
21 22 68 24 24 
354 21 22 68 24 24 
21 22 68 24 24 
21 22 68 24 24 
21 22 68 24 24 
21 22 37 24 24 
104 21 22 68 24 24 
21 22 68 24 24 
21 22 68 24 24 
21 24 24 
21 22 263 24 24 
133 21 22 68 24 24 
133 21 22 68 24 24 
133 21 22 68 24 24 
133 21 22 68 24 24 
133 21 22 68 24 24 
133 21 22 68 24 24 
133 21 22 68 24 24 
133 21 22 68 24 24 
133 21 22 68 24 24 
133 21 22 68 24 24 
133 21 22 68 24 24 
133 21 22 68 24 24 
133 21 22 68 24 24 
133 21 22 68 24 24 
133 21 22 68 24 24 
133 21 22 68 24 24 
133 21 22 68 24 24 
133 21 22 68 24 24 
133 21 22 68 24 24 
133 21 22 68 24 24 
133 21 22 68 24 24 
21 22 68 24 24 
21 22 68 24 24 
21 22 68 24 24 
21 22 68 24 24 
21 22 68 24 24 
21 22 68 24 24 
21 22 68 24 24 
21 22 68 24 24 
118 21 22 36 68 24 24 
413 21 487 22 24 24 
28 109 21 22 24 80 110 24 
21 22 117 826 24 24 
133 21 22 68 24 24 
133 21 22 68 24 24 
133 21 22 68 24 24 
133 21 22 68 24 24 
133 21 22 68 24 24 
133 21 22 68 24 24 
133 21 22 68 24 24 
133 21 22 68 24 24 
133 21 22 68 24 24 
133 21 22 68 24 24 
21 22 24 24 
5 6 21 22 37 24 24 
21 22 37 24 24 
133 21 22 68 24 24 
133 21 22 68 24 24 
133 21 22 68 24 24 
133 21 22 68 24 24 
133 21 22 68 24 24 
354 21 22 68 24 24 
133 21 22 68 24 24 
5 6 21 22 61 68 24 24 
5 6 21 24 24 
118 21 119 36 24 24 
21 22 68 24 24 
133 21 22 68 24 24 
21 22 68 24 24 
177 28 112 21 22 688 113 24 80 24 
28 21 22 106 24 508 24 
28 21 22 106 24 508 24 
21 22 37 24 24 
21 22 37 24 24 
21 22 37 24 24 
21 22 37 24 24 
21 22 37 24 24 
21 22 37 24 24 
21 22 37 24 24 
21 22 37 24 24 
21 22 37 24 24 
21 22 37 24 24 
21 22 37 24 24 
21 22 37 24 24 
21 22 37 24 24 
21 22 37 24 24 
21 22 37 24 24 
21 22 37 24 24 
21 22 37 24 24 
21 22 37 24 24 
21 22 37 24 24 
21 22 37 24 24 
21 22 37 24 24 
21 22 37 24 24 
21 22 37 24 24 
21 22 37 24 24 
21 22 37 24 24 
21 22 37 24 24 
21 22 37 24 24 
21 22 37 24 24 
21 22 37 24 24 
21 22 37 24 24 
21 22 37 24 24 
21 22 37 24 24 
21 22 37 24 24 
21 22 37 24 24 
21 22 37 24 24 
21 22 37 24 24 
21 22 37 24 24 
21 22 37 24 24 
21 22 37 24 24 
21 22 37 24 24 
21 22 37 24 24 
21 22 37 24 24 
21 22 37 24 24 
21 22 37 24 24 
21 22 37 24 24 
21 22 37 24 24 
21 22 37 24 24 
21 22 37 24 24 
21 22 37 24 24 
21 22 37 24 24 
21 22 37 24 24 
21 22 37 24 24 
21 22 37 24 24 
21 22 37 24 24 
21 22 37 24 24 
21 22 37 24 24 
21 22 37 24 24 
21 22 37 24 24 
21 22 37 24 24 
21 22 37 24 24 
21 22 37 24 24 
21 22 37 24 24 
21 22 37 24 24 
636 21 10 11 24 125 24 
5 21 22 143 8 37 144 24 24 
5 21 22 143 8 37 144 24 24 
5 21 22 143 8 37 144 24 24 
5 21 22 143 8 37 144 24 24 
5 21 22 143 8 37 144 24 24 
5 21 22 143 8 37 144 24 24 
5 21 22 143 8 37 144 24 24 
5 21 22 143 8 37 144 24 24 
5 21 22 143 8 37 144 24 24 
21 22 68 24 24 
21 22 68 24 24 
21 22 68 24 24 
81 21 22 82 24 24 
81 21 22 82 24 24 
81 21 22 82 24 24 
21 22 68 24 24 
21 22 68 24 24 
133 21 22 68 24 24 
81 133 21 22 82 68 24 24 
81 133 21 22 82 68 24 24 
354 21 22 68 24 24 
21 22 68 24 24 
133 21 22 68 24 24 
21 22 68 24 24 
21 22 68 24 24 
21 22 68 24 24 
256 21 22 24 24 
21 22 436 68 24 24 
5 21 22 143 8 37 144 24 24 
5 21 22 143 8 37 144 24 24 
5 21 22 143 8 37 144 24 24 
5 21 22 143 8 37 144 24 24 
5 21 22 143 8 37 144 24 24 
5 21 22 143 8 37 144 24 24 
5 21 22 143 8 37 144 24 24 
5 21 22 143 8 37 144 24 24 
5 21 22 143 8 37 144 24 24 
5 21 22 143 8 37 144 24 24 
5 21 22 143 8 37 144 24 24 
5 21 22 143 8 37 144 24 24 
5 21 22 143 8 37 144 24 24 
5 21 22 143 8 37 144 24 24 
5 21 22 143 8 37 144 24 24 
5 21 22 143 8 37 144 24 24 
5 21 22 143 8 37 144 24 24 
5 21 22 143 8 37 144 24 24 
5 21 22 143 8 37 144 24 24 
5 21 22 143 8 37 144 24 24 
5 21 22 143 8 37 144 24 24 
5 21 22 143 8 37 144 24 24 
5 21 22 143 8 37 144 24 24 
5 21 22 143 8 37 144 24 24 
5 21 22 143 8 37 144 24 24 
5 21 22 143 8 37 144 24 24 
5 21 22 143 8 37 144 24 24 
5 21 22 143 8 37 144 24 24 
5 21 22 143 8 37 144 24 24 
5 21 22 143 8 37 144 24 24 
5 21 22 143 8 37 144 24 24 
5 21 22 143 8 37 144 24 24 
5 21 22 143 8 37 144 24 24 
5 21 22 143 8 37 144 24 24 
5 21 22 143 8 37 144 24 24 
5 21 22 143 8 37 144 24 24 
5 21 22 143 8 37 144 24 24 
5 21 22 143 8 37 144 24 24 
5 21 22 143 8 37 144 24 24 
5 21 22 143 8 37 144 24 24 
5 21 22 143 8 37 144 24 24 
5 21 22 143 8 37 144 24 24 
5 21 22 143 8 37 144 24 24 
5 21 22 143 8 37 144 24 24 
5 21 22 143 8 37 144 24 24 
5 21 22 143 8 37 144 24 24 
5 21 22 143 8 37 144 24 24 
5 21 22 143 8 37 144 24 24 
5 21 22 143 8 37 144 24 24 
5 21 22 143 8 37 144 24 24 
5 21 22 143 8 37 144 24 24 
5 21 22 143 8 37 144 24 24 
5 21 22 143 8 37 144 24 24 
118 21 119 36 24 24 
118 21 119 36 24 24 
21 22 68 24 24 
21 22 68 24 24 
21 22 68 24 24 
5 21 22 143 8 37 144 24 24 
81 21 22 263 82 24 24 
354 21 22 68 24 24 
21 24 24 
21 22 68 24 24 
21 22 68 24 24 
21 22 68 24 24 
21 22 68 24 24 
21 22 68 24 24 
21 22 68 24 24 
21 22 68 24 24 
21 22 68 24 24 
21 22 68 24 24 
21 22 68 24 24 
21 22 68 24 24 
21 22 37 24 24 
133 21 22 68 24 24 
133 21 22 68 24 24 
133 21 22 68 24 24 
21 22 37 24 24 
21 22 37 24 24 
21 22 68 24 24 
81 21 22 82 24 24 
81 21 22 82 24 24 
81 21 22 82 24 24 
81 21 22 82 24 24 
81 21 22 82 24 24 
81 21 22 82 24 24 
81 21 22 82 24 24 
81 21 22 82 24 24 
81 21 22 82 24 24 
81 21 22 82 24 24 
81 21 22 82 24 24 
81 21 22 82 24 24 
81 21 22 82 24 24 
81 21 22 82 24 24 
81 21 22 82 24 24 
81 21 22 82 24 24 
81 21 22 82 24 24 
21 22 68 24 24 
81 21 22 82 24 24 
81 21 22 82 24 24 
354 21 22 68 24 24 
21 24 24 
21 22 68 24 24 
21 22 68 24 24 
21 22 68 24 24 
21 22 68 24 24 
21 22 68 24 24 
21 22 68 24 24 
21 22 68 24 24 