5 671 6 436 436 
5 6 436 731 436 
436 731 436 
436 731 436 
671 436 436 
436 731 436 
436 731 436 
5 6 436 731 436 
5 6 436 731 436 
436 731 436 
5 6 436 731 436 
436 731 436 
436 731 436 
436 731 436 
5 671 6 436 436 
5 6 436 731 436 
436 731 436 
5 671 6 436 436 
436 436 
436 436 
730 436 436 
436 731 436 
436 731 436 
436 25 26 731 436 
436 25 26 731 436 
5 6 436 731 436 
5 6 436 731 436 
436 731 436 
436 731 436 
436 731 436 
436 731 436 
436 25 26 731 436 
436 25 26 731 436 
436 25 26 731 436 
436 731 436 
436 731 436 
5 6 436 731 436 
436 731 436 
436 731 436 
5 6 436 731 436 
436 731 436 
436 731 436 
436 731 436 
436 731 436 
436 731 436 
436 731 436 
436 731 436 
436 731 436 
436 731 436 
5 6 436 731 436 
436 731 436 
5 6 436 731 436 
436 731 436 
436 731 436 
5 6 436 731 436 
413 487 436 731 436 
413 487 436 731 436 
5 6 436 731 436 
436 731 436 
5 6 436 731 436 
5 6 436 731 436 
436 731 436 
5 6 436 731 436 
436 731 436 
671 436 436 
436 731 436 
671 436 436 
671 436 436 
436 731 436 
436 770 436 
671 436 436 
436 731 436 
436 731 436 
436 731 436 
436 731 436 
436 731 436 
436 731 436 
5 6 436 731 436 
5 6 436 731 436 
436 731 436 
5 6 436 731 436 
671 21 436 436 
671 436 436 
671 436 436 
671 436 436 
436 731 436 
436 731 436 
436 731 436 
436 731 436 
436 731 436 
436 25 26 731 436 
436 731 436 
671 436 436 
436 731 436 
671 436 436 
671 436 436 
436 731 436 
436 731 436 
91 5 6 436 92 436 
671 436 436 
436 731 436 
436 731 436 
671 436 436 
671 436 436 
671 436 436 
436 770 436 
436 731 436 
671 436 436 
671 436 436 
436 731 436 
671 436 436 
436 731 436 
436 731 436 
436 731 436 
436 731 436 
671 436 436 
5 6 436 731 436 
671 436 436 
5 6 436 731 436 
671 436 436 
436 25 26 731 436 
436 731 436 
436 731 436 
5 6 436 731 436 
436 731 436 
436 436 
671 436 436 
671 436 436 
671 436 436 
671 436 436 
671 436 436 
436 436 
436 731 436 
5 671 6 436 436 
436 436 
436 731 436 
671 21 436 436 
671 436 436 
5 671 6 436 436 
5 671 6 436 436 
671 436 436 
5 671 6 436 436 
5 671 6 436 436 
436 731 436 
436 731 436 
671 436 436 
436 731 436 
436 731 436 
671 436 436 
436 731 436 
671 436 436 
5 671 6 436 436 
5 671 6 436 436 
436 25 26 731 436 
5 671 6 436 436 
436 731 436 
436 731 436 
5 6 436 731 436 
436 731 436 
436 25 26 731 436 
515 436 25 26 436 
436 25 26 731 436 
436 25 26 731 436 
515 436 436 
5 515 6 436 436 
5 6 436 731 436 
436 731 436 
436 731 436 
436 731 436 
671 436 436 
671 436 436 
436 731 436 
5 6 436 731 436 
436 731 436 
5 671 6 436 23 436 
436 731 436 
436 731 436 
436 731 436 
671 436 436 
436 731 436 
436 731 436 
436 731 436 
436 731 436 
436 731 436 
5 6 436 731 436 
436 731 436 
436 731 436 
436 731 436 
436 731 436 
436 731 436 
436 731 436 
5 6 436 731 436 
436 731 436 
436 731 436 
436 731 436 
436 731 436 
436 731 436 
436 731 436 
671 436 436 
436 731 436 
436 436 
436 731 436 
21 436 731 436 
671 436 436 
436 731 436 
436 731 436 
436 731 436 
436 731 436 
436 731 436 
436 731 436 
436 731 436 
671 436 436 
5 6 436 731 436 
436 731 436 
5 6 436 23 731 436 
5 6 436 23 731 436 
436 731 436 
436 731 436 
671 436 436 
5 6 436 731 436 
436 731 436 
5 6 436 731 436 
436 731 436 
436 731 436 
436 731 436 
671 436 436 
436 731 436 
436 25 26 731 436 
436 731 436 
671 436 436 
436 731 436 
436 731 436 
671 436 436 
5 6 436 731 436 
436 731 436 
671 436 436 
671 436 436 
436 731 436 
436 731 436 
436 731 436 
436 25 26 731 436 
671 436 436 
5 6 436 731 436 
5 6 436 731 436 
436 25 26 731 436 
671 436 436 
671 436 436 
671 436 436 
5 6 436 731 436 
671 436 436 
436 731 436 
436 731 436 
436 731 436 
5 6 436 731 436 
436 731 436 
436 731 436 
436 731 436 
436 731 436 
436 731 436 
436 731 436 
436 731 436 
5 6 436 731 436 
436 731 436 
5 6 436 731 436 
436 731 436 
436 731 436 
436 731 436 
436 731 436 
671 436 436 
436 731 436 
5 169 162 436 170 8 436 
5 671 6 436 436 
671 436 436 
436 731 436 
671 436 436 
671 436 436 
436 731 436 
436 731 436 
436 731 436 
436 731 436 
91 5 6 436 92 731 436 
91 5 6 436 92 731 436 
91 5 6 436 92 731 436 
91 5 6 436 92 731 436 
436 731 436 
436 731 436 
436 731 436 
436 731 436 
436 731 436 
436 731 436 
5 6 436 731 436 
5 6 436 731 436 
5 671 6 436 23 436 
5 671 6 436 23 436 
436 731 436 
436 731 436 
436 731 436 
671 436 436 
436 25 26 731 436 
436 731 436 
91 5 6 436 92 731 436 
5 671 6 436 436 
5 671 6 436 436 
436 436 
436 731 436 
436 731 436 
436 731 436 
436 731 436 
5 671 6 436 436 
436 25 26 731 436 
436 25 26 731 436 
436 25 26 731 436 
436 731 436 
436 25 26 436 
671 109 28 21 436 80 110 436 
436 731 436 
730 436 436 
21 436 731 436 
436 731 436 
436 731 436 
436 731 436 
436 731 436 
730 436 436 
171 5 162 436 8 416 731 436 
436 731 436 
436 731 436 
436 731 436 
436 142 36 731 436 
436 731 436 
436 25 26 731 436 
436 731 436 
436 731 436 
5 6 436 731 436 
436 731 436 
436 731 436 
436 731 436 
436 731 436 
5 671 6 436 436 
671 436 436 
671 436 436 
436 731 436 
671 436 36 436 
436 731 436 
671 436 436 
436 731 436 
436 731 436 
436 731 436 
436 731 436 
436 731 436 
436 731 436 
436 731 436 
671 436 436 
436 731 436 
436 731 436 
436 731 436 
436 731 436 
436 731 436 
436 731 436 
436 731 436 
436 731 436 
436 731 436 
5 671 6 436 436 
671 28 21 436 79 80 436 
436 731 436 
671 436 436 
671 436 436 
671 436 436 
671 436 436 
671 436 436 
5 671 6 436 436 
671 436 436 
436 731 436 
436 731 436 
671 436 436 
436 731 436 
436 731 436 
436 731 436 
436 731 436 
91 5 671 6 436 92 436 
436 436 
436 436 
436 436 
436 436 
436 436 