5 377 162 8 8 
5 8 8 
5 48 6 8 8 
5 48 6 8 8 
5 171 162 8 172 8 
5 171 162 418 8 8 
5 171 162 8 172 8 
5 8 8 
5 8 8 
5 8 8 
5 8 8 
5 8 8 
5 8 8 
5 196 197 8 8 
5 196 197 8 8 
5 8 8 
5 8 8 
5 8 8 
5 171 162 8 172 8 
5 8 8 
5 8 35 8 
5 8 8 
5 8 8 
5 8 8 
5 8 35 8 
5 169 162 170 8 8 
5 171 162 8 172 8 
5 8 8 
5 377 162 8 8 
5 162 8 342 8 
5 8 8 
5 169 6 162 170 8 243 8 
5 8 35 8 
5 8 8 
5 162 8 35 8 
5 171 162 8 172 8 
5 8 8 
5 8 8 
5 8 8 
5 162 8 198 8 
5 162 8 188 8 
5 377 162 8 8 
5 8 8 
5 8 35 8 
5 8 8 
5 162 8 170 8 
5 8 8 
5 8 8 
5 8 8 
5 8 8 
5 8 8 
5 8 8 
5 8 8 
5 8 8 
5 8 8 
5 8 8 
5 8 8 
5 8 8 
5 8 8 
5 8 8 
5 8 8 
5 8 8 
5 8 8 
5 8 8 
5 8 8 
5 8 8 
5 8 8 
5 8 8 
5 8 8 
5 8 8 
5 8 8 
5 8 8 
5 8 8 
5 8 8 
5 8 8 
5 8 8 
5 8 8 
5 8 8 
5 8 8 
5 8 8 
5 8 8 
5 8 8 
5 8 8 
5 8 8 