5 8 8 
5 8 8 
5 8 8 
5 8 8 
5 8 8 
5 8 165 8 
5 384 254 8 36 407 8 
5 8 8 
5 8 8 
5 8 8 
5 8 8 
5 8 8 
5 8 8 
5 8 8 
5 8 8 
5 8 8 
5 8 8 
5 8 8 
5 6 8 87 8 
5 8 8 
5 384 254 8 36 407 8 
5 8 165 8 
5 8 8 
5 8 8 
5 8 8 
5 8 8 
5 8 8 
5 8 8 
5 8 8 
5 8 8 
5 8 8 
5 402 8 8 
5 8 8 
5 8 35 8 
5 384 21 254 8 36 407 8 
5 8 8 
5 8 8 
5 8 8 
5 8 8 
5 62 6 63 8 8 
5 8 8 
5 520 101 8 8 
5 520 101 8 8 
5 101 8 8 
5 8 35 8 
5 8 8 
5 8 8 
5 8 8 
5 8 8 
5 8 8 
5 8 8 
5 6 8 8 
5 8 8 
5 8 8 
5 8 165 8 
5 8 8 
5 8 35 8 
5 8 8 
5 8 165 8 
5 8 8 
5 8 8 
5 8 8 
5 8 165 8 
5 8 8 
5 8 8 
5 101 8 8 
5 8 8 
5 8 8 
5 8 8 
5 8 35 8 
5 8 8 
5 8 8 
5 8 8 
5 8 165 8 
5 8 8 
5 8 8 
5 8 8 
5 8 8 
5 8 8 
5 8 8 
5 8 8 
5 8 8 
5 8 8 
5 8 165 8 
5 8 8 
5 8 165 8 
5 384 254 8 36 407 8 
5 8 8 
5 8 8 
5 8 8 
5 8 8 
5 8 8 
5 8 8 
5 101 8 8 
5 8 8 
5 8 8 
5 8 8 
5 8 8 
5 8 8 
5 8 8 
5 8 8 
5 8 8 
5 8 8 
5 8 8 
5 8 8 
5 8 8 
5 8 8 
5 8 8 
5 101 8 8 
5 101 8 8 
5 8 8 
5 8 8 
5 8 8 
5 8 8 
5 8 8 
5 8 8 
5 8 8 
5 8 8 
5 8 8 
5 8 8 
5 8 8 
5 8 8 
5 8 8 
5 8 8 
5 8 8 
5 8 8 
5 8 8 
5 8 8 
5 6 8 61 8 
5 8 8 
5 8 8 
5 8 8 
5 8 8 
5 8 8 
5 8 8 
5 8 8 
5 8 8 
5 8 8 
5 8 8 
5 8 8 
5 8 8 
5 8 8 
5 8 8 
5 8 8 
5 8 8 
5 8 8 
5 8 8 
5 8 8 
5 8 8 
5 8 8 
5 8 8 
5 8 8 
5 8 8 
5 8 8 
5 8 8 
5 8 8 
5 8 8 
5 8 8 
5 8 8 
5 8 8 
5 8 8 
5 8 8 
5 8 8 
5 8 8 
5 8 8 
5 8 8 
5 8 8 
5 8 8 
5 6 8 8 
5 8 8 
5 8 8 
5 8 8 
5 8 8 
5 8 8 