5 8 144 201 8 
5 8 8 
5 8 8 
5 8 8 
5 8 8 
5 8 144 8 
5 143 8 144 8 
5 8 144 8 
5 8 8 
5 8 8 
5 8 8 
5 8 8 
5 8 8 
5 8 8 
5 8 8 
5 8 8 
5 8 8 
5 8 8 
5 8 8 
5 8 8 
5 8 8 
5 8 8 
5 8 8 
5 8 8 
5 8 8 
5 8 144 8 
5 8 144 8 
5 8 8 
5 8 8 
5 143 8 144 8 
5 8 8 
5 8 8 
5 8 8 
5 8 8 
5 8 8 
5 8 8 
5 8 8 
5 8 8 
5 8 8 
5 8 8 
5 8 8 
5 8 8 
5 8 8 
5 8 8 
5 8 8 
5 8 8 
5 8 8 
5 8 8 
5 8 8 
5 8 8 
5 8 8 
5 8 8 
5 8 8 
5 8 8 
5 8 8 
5 8 8 
5 8 8 
5 8 8 
5 8 8 
5 8 8 
5 28 21 8 203 8 
5 8 8 
5 8 8 
5 8 8 
5 8 8 
5 8 8 
5 8 8 
5 8 8 
5 8 8 
5 8 8 
5 8 8 
5 8 8 
5 8 8 
5 8 8 
5 8 8 
5 8 144 8 
5 143 8 144 8 
5 8 8 
5 8 36 122 8 
5 171 162 8 416 8 
5 171 162 8 416 8 
5 8 8 
5 8 8 
5 8 8 
5 169 162 170 8 8 
5 8 8 
5 8 8 
5 8 8 
5 8 144 8 
5 8 8 
5 8 8 
5 8 8 
5 8 8 
5 8 8 
5 8 8 
5 8 8 
5 8 8 
5 8 8 
5 8 8 
5 8 8 
5 8 8 
5 8 8 
5 8 8 
5 8 8 
5 8 8 
5 8 8 
5 8 8 
5 8 8 
5 8 8 
5 8 8 
5 8 8 
5 8 8 
5 8 8 
5 8 8 
5 8 8 
5 8 8 
5 8 8 
5 6 23 8 139 8 
5 8 144 8 
5 8 8 
5 8 8 
5 8 8 
5 8 8 
5 8 8 
5 8 8 
5 8 8 
5 8 8 
5 8 8 
5 8 8 
5 8 8 
5 8 8 
5 8 8 
5 8 8 
5 8 8 
5 189 8 144 8 
5 8 8 
5 8 8 
5 8 8 
5 8 8 
5 8 8 
5 6 23 8 139 8 
5 8 8 
5 6 23 8 139 8 
5 8 8 
5 8 35 8 
5 8 8 
5 8 8 
5 8 8 
5 8 8 
5 8 8 
5 8 8 
5 8 8 
5 8 168 8 
5 143 8 144 8 
5 8 8 
5 8 8 
5 8 8 
5 8 8 
5 8 8 
5 8 8 
5 8 8 
5 8 8 
5 8 8 
5 8 8 
5 8 8 
5 8 8 
5 8 35 8 
5 8 8 
5 8 8 
5 143 8 144 8 
5 8 8 
5 8 8 
5 8 8 
5 8 8 
5 8 8 
5 8 8 
5 8 8 
5 8 8 
5 8 165 8 
5 8 8 
5 8 8 
5 8 8 
5 8 8 
5 8 8 
5 8 8 
5 8 36 122 8 
5 8 8 
5 8 8 
5 8 8 
5 8 8 
5 8 8 
83 5 237 238 8 8 
5 8 8 
5 8 8 
5 8 8 
5 8 142 36 8 
5 8 8 
5 8 8 
5 8 8 
5 8 8 
5 8 8 
5 8 36 122 8 
5 8 8 
5 8 8 
5 8 8 
5 8 8 
5 8 8 
5 8 8 
5 8 8 
5 8 8 
5 8 8 
5 8 8 
5 8 8 
5 8 8 
5 8 8 
5 8 8 
5 8 8 
5 8 8 
5 8 8 
5 8 142 36 8 
5 8 8 
5 8 8 
5 8 8 
5 8 8 
5 8 8 
5 8 8 
5 8 8 
5 8 8 
5 8 8 
5 8 8 
5 8 144 8 
5 8 8 
5 8 8 
5 8 8 
5 8 8 
5 8 8 
5 8 8 
5 8 8 
5 8 165 8 
5 8 8 
5 8 8 
5 8 8 
5 8 8 
5 8 8 
5 8 8 
5 8 8 
5 8 8 
5 8 8 
5 176 162 8 8 
5 8 8 
5 8 8 
5 8 8 
5 8 8 
5 8 8 
5 8 8 
5 8 8 
5 8 8 
5 8 8 
5 8 8 
5 8 8 
5 8 8 
5 8 8 
5 8 8 
5 8 8 
5 8 8 
5 8 8 
5 8 8 
5 8 8 
5 8 8 
5 8 8 
5 8 8 
5 8 8 
5 8 8 
5 8 8 
5 8 8 
5 8 8 
5 8 8 
5 8 8 
5 8 8 
5 8 144 8 
5 8 8 
5 8 8 
5 8 8 
5 6 23 8 139 8 
5 8 8 
5 8 8 
5 8 142 36 8 
5 8 8 
5 8 8 
5 8 8 
5 8 8 
5 8 8 
5 162 8 8 
5 8 8 
5 8 8 