5 6 7 8 
5 7 
5 7 
5 7 
5 7 55 
5 7 55 
5 7 55 
5 7 55 
5 7 55 
5 7 55 
5 7 55 
5 7 55 
5 7 55 
5 12 13 
5 7 
5 7 
5 7 
5 7 
5 7 55 
5 7 55 
5 7 55 
5 7 55 
5 7 55 
5 7 55 
5 7 55 
5 7 55 
5 142 143 7 144 17 
5 142 143 7 144 17 
5 142 143 7 144 17 
5 142 143 7 144 17 
5 142 143 7 144 17 
5 142 143 7 144 17 
5 142 143 7 144 17 
5 142 143 7 144 17 
5 142 143 7 144 17 
5 142 143 7 144 17 
5 142 143 7 144 17 
5 142 143 7 144 17 
5 142 143 7 144 17 
5 7 
5 7 
5 7 
5 7 55 
5 7 
5 7 55 
5 7 55 
5 7 55 
5 7 55 
5 145 7 146 
5 145 7 146 
5 145 7 146 
5 7 55 
5 7 55 
5 7 55 
5 7 
5 7 
5 7 
5 7 
5 7 
5 7 
5 7 
5 7 55 
5 7 55 
5 7 55 
5 7 55 
5 7 55 
5 7 55 
5 7 55 
5 7 55 
5 7 55 
5 7 55 
5 7 55 
5 7 55 
5 7 55 
5 12 13 
5 145 7 146 
5 7 8 82 
5 7 8 82 
5 7 8 82 
5 7 8 82 
5 7 8 82 
5 7 8 82 
5 7 8 82 
5 7 8 82 
5 62 7 
5 7 55 
5 7 55 
5 7 55 
5 7 55 
5 7 55 
5 7 55 
5 7 55 
5 7 55 
5 7 55 
5 7 55 
5 12 129 7 130 
5 12 129 7 130 
5 12 129 7 130 
5 7 55 
5 7 55 
