17 23 
5 12 13 
5 12 13 
5 12 13 
5 12 13 
5 12 13 
5 12 13 
5 12 13 
5 12 13 
5 12 13 
5 12 13 
5 12 13 
5 12 13 
5 12 13 
39 40 41 42 
5 7 
5 12 13 
5 12 13 
5 12 13 
5 12 13 
5 12 13 
5 12 13 
5 12 13 
5 12 13 
5 12 13 
5 12 13 
5 12 13 
5 12 13 
5 12 13 
5 12 13 
5 12 13 
5 12 13 
5 12 13 
5 12 13 
5 12 13 
5 12 13 
5 12 13 
5 12 13 
5 12 13 
5 12 13 
5 12 13 
5 12 13 
5 12 13 
5 12 13 
5 12 13 
5 12 13 
5 12 13 
5 12 13 
5 12 13 
5 12 13 
5 12 13 
5 12 13 
5 12 13 
5 12 13 
5 12 13 
5 12 13 
5 12 13 
5 12 13 
5 12 13 
5 12 13 
5 12 13 
5 12 13 
5 12 13 
5 12 13 
5 12 13 
5 12 13 
5 12 13 
5 12 13 
5 12 13 
5 12 13 
5 12 13 
5 12 13 
5 12 13 
5 12 13 
5 12 13 
5 12 13 
5 12 13 
5 12 13 
5 12 13 
5 12 13 
5 12 13 
5 12 13 
5 12 13 
5 12 13 
5 12 13 
5 12 13 
5 12 13 
5 12 13 
5 12 13 
5 12 13 
5 12 13 
5 12 13 
5 12 13 
5 12 13 
5 12 13 
5 12 13 
5 12 13 
5 12 13 
5 12 13 
5 12 13 
