365 21 22 99 68 24 100 21 
5 21 22 143 8 37 144 24 21 
5 21 22 143 8 37 144 24 21 
5 21 22 143 8 37 144 24 21 
133 21 22 68 24 21 
133 21 22 68 24 21 
133 21 22 68 24 21 
21 22 68 24 21 
365 21 22 99 100 21 
5 21 22 143 8 37 144 24 21 
133 21 22 68 24 21 
21 22 37 24 21 
21 22 24 21 
133 21 22 68 24 21 
5 21 22 143 8 37 144 24 21 
133 21 22 68 24 21 
21 22 468 99 100 21 
21 22 68 24 21 
133 21 22 68 24 21 
21 22 352 99 353 100 21 
133 21 22 68 24 21 
133 21 22 68 24 21 
133 21 22 68 24 21 
354 21 22 68 24 21 
21 22 352 99 353 100 21 
21 22 352 99 353 100 21 
133 21 22 68 24 21 
354 21 22 68 24 21 
21 22 68 24 21 
21 22 352 99 353 100 21 
21 22 352 99 353 100 21 
21 22 68 24 21 
133 21 22 68 24 21 
21 22 68 24 21 
21 22 68 24 21 
104 21 22 68 24 21 
133 21 22 68 24 21 
133 21 22 68 24 21 
21 22 68 24 21 
21 22 68 24 21 
21 22 68 24 21 
354 21 22 68 24 21 
133 21 22 68 24 21 
21 22 68 24 21 
133 21 22 68 24 21 
133 21 22 68 24 21 
133 21 22 68 24 21 
21 22 68 24 21 
21 22 352 99 353 100 21 
21 352 22 99 357 100 21 
21 22 352 99 353 100 21 
21 22 352 99 353 100 21 
21 22 352 99 353 100 21 
21 22 352 99 353 100 21 
21 22 352 99 353 100 21 
133 21 22 68 24 21 
81 21 22 82 24 21 
21 22 68 24 21 
21 22 68 24 21 
21 22 68 24 21 
21 22 68 24 21 
21 22 68 24 21 
21 22 68 24 21 
21 22 352 99 353 100 21 
21 22 352 99 353 100 21 
21 22 68 24 21 
365 21 22 99 100 21 
21 22 352 99 100 21 
104 21 22 68 24 21 
21 22 68 24 21 
21 22 68 24 21 
21 22 468 99 24 100 21 
21 22 68 24 21 
104 21 22 68 24 21 
133 21 22 68 24 21 
21 22 68 24 21 
21 22 68 24 21 
21 22 68 24 21 
21 22 68 24 21 
21 22 352 99 353 100 21 
133 21 22 68 24 21 
21 22 68 24 21 
21 22 68 24 21 
21 22 68 24 21 
104 21 22 68 24 21 
21 22 352 99 353 24 100 21 
21 22 24 21 
365 21 22 99 100 21 
91 5 6 21 22 92 24 21 
21 22 68 24 21 
21 22 68 24 21 
21 22 352 99 353 100 21 
21 22 352 99 353 100 21 
21 22 352 353 99 24 100 21 
21 22 352 99 353 100 21 
21 22 68 24 21 
21 22 24 21 
21 22 68 24 21 
21 22 68 24 21 
21 22 24 21 
104 21 22 68 24 21 
104 21 22 68 24 21 
21 22 68 24 21 
21 22 352 99 353 100 21 
104 21 22 68 24 21 
21 22 24 21 
28 109 21 22 364 80 21 
21 22 477 21 
133 21 22 68 24 21 
133 21 22 68 24 21 
21 22 352 353 99 24 100 21 
21 22 24 21 
21 22 68 24 21 
104 21 22 68 24 21 
21 22 352 99 353 100 21 
21 22 352 99 353 100 21 
21 22 68 24 21 
133 21 22 68 24 21 
21 22 352 99 353 100 21 
365 21 22 99 100 21 
21 22 68 24 21 
21 22 68 24 21 
21 22 352 99 100 21 
21 22 68 24 21 
21 22 68 24 21 
21 22 68 24 21 
21 22 24 21 
21 22 24 21 
21 22 68 24 21 
81 21 22 82 24 21 
21 22 68 24 21 
104 21 22 68 24 21 
21 352 22 99 357 24 100 21 
28 21 352 22 99 357 79 80 100 21 
21 22 24 21 
21 22 68 24 21 
133 21 22 68 24 21 
21 22 68 24 21 
21 22 68 24 21 
21 22 68 24 21 
21 22 352 99 353 100 21 
21 22 352 99 353 100 21 
21 22 352 99 353 100 21 
21 22 68 24 21 
21 22 24 21 
21 22 24 21 
21 22 352 99 353 100 21 
104 21 22 68 24 21 
21 22 477 21 
21 22 68 24 21 
21 22 99 24 21 
354 104 21 22 68 24 21 
104 21 22 68 24 21 
21 22 24 21 
21 22 24 21 
21 22 352 99 353 100 21 
21 22 68 24 21 
21 22 68 24 21 
365 21 22 99 100 21 
21 22 68 24 21 
21 22 68 24 21 
104 21 22 68 24 21 
104 21 22 68 24 21 
21 22 68 24 21 
104 21 22 68 24 21 
104 21 22 68 24 21 
21 22 68 24 21 
104 21 22 68 24 21 
21 22 352 99 353 100 21 
21 22 68 24 21 
21 22 352 99 353 100 21 
21 22 21 
21 22 68 24 21 
354 21 22 68 24 21 
21 22 68 24 21 
104 21 22 68 24 21 
21 22 68 24 21 
21 22 68 24 21 
21 22 352 353 99 24 100 21 
21 22 352 99 353 100 21 
21 22 68 24 21 
104 21 22 68 24 21 
21 22 24 21 
365 21 22 99 100 21 
104 21 22 68 24 21 
365 21 22 99 100 21 
21 22 68 24 21 
21 22 68 24 21 
21 22 68 24 21 
104 21 22 68 24 21 
133 21 22 68 24 21 
365 21 22 99 100 21 
21 22 24 21 
354 104 21 22 68 24 21 
21 22 24 21 
21 22 24 21 
21 22 24 21 
21 22 24 21 
21 22 24 21 