91 5 6 131 92 131 
131 131 
131 131 
131 131 
131 131 
131 131 
131 131 
131 131 
131 131 
131 131 
131 131 
131 131 
131 131 
131 131 
131 131 
131 131 
131 131 
131 131 
131 131 
131 131 
91 5 6 131 92 131 
91 5 6 131 92 131 
91 5 6 131 92 131 
91 5 6 131 92 131 
91 5 6 131 92 131 
91 5 6 131 92 131 
91 5 6 131 92 131 
91 5 6 131 92 131 
91 5 6 131 92 131 
91 5 6 131 92 131 
131 131 
131 131 
131 131 
131 131 
131 131 
131 131 
131 131 
131 131 
131 131 
21 22 131 37 24 131 
131 131 
131 131 
131 131 
131 131 
131 131 
131 131 
131 131 
131 131 
131 131 
131 131 
131 131 
131 131 
131 131 
131 131 
131 131 
131 131 
131 131 
131 131 
21 22 131 24 131 
131 131 
131 131 
131 131 
21 22 131 24 131 
21 22 131 24 131 
21 22 131 24 131 
21 22 131 24 131 
131 131 
131 131 
131 131 
131 131 
131 131 
131 131 
131 131 
131 131 
131 131 
131 131 
131 131 
131 131 
131 131 
131 131 
131 131 
131 131 
131 131 
131 131 
131 131 
131 131 
131 131 
131 131 
131 131 
131 131 
131 131 
131 131 
131 131 
131 131 
131 131 
131 131 
131 131 
131 131 
131 131 
5 6 21 22 131 37 24 131 
21 22 131 263 24 131 
21 22 131 263 24 131 
131 283 131 
91 5 6 131 92 131 
91 5 6 131 92 131 
91 5 6 131 92 131 
91 5 6 131 92 131 
91 5 6 131 92 131 
91 5 6 131 92 131 
131 283 131 
91 5 6 131 92 131 
91 5 6 131 92 131 
91 5 6 131 92 131 
5 21 22 143 131 8 37 144 24 131 
21 22 131 68 24 131 
21 22 131 68 24 131 
21 22 131 68 24 131 
21 22 131 68 24 131 
21 22 131 68 24 131 
21 22 131 68 24 131 
21 22 131 68 24 131 
21 22 131 68 24 131 
131 131 
91 5 6 131 92 131 
21 22 131 37 24 131 
131 131 
131 131 
131 131 
131 131 
131 131 
21 22 131 37 24 131 
91 5 6 131 92 131 
21 22 131 263 24 131 
21 22 131 263 24 131 
21 22 131 263 24 131 
131 131 
131 131 
131 131 
131 131 
131 131 
131 10 131 
21 22 131 37 24 131 
131 131 
131 131 
131 131 
131 131 
131 131 
131 131 
131 131 
131 131 
131 131 
91 5 6 131 92 131 
91 5 6 131 92 131 
131 131 
91 5 6 131 92 131 
91 5 6 131 92 131 
91 5 6 131 92 131 
91 5 6 131 92 131 
91 5 6 131 92 131 
91 5 6 131 92 131 
91 5 6 131 92 131 
91 5 6 131 92 131 
131 131 
131 10 131 
131 131 
131 131 
91 5 6 131 92 131 
91 5 6 131 92 131 
131 131 
91 5 6 131 92 131 
91 5 6 131 92 131 
91 5 6 131 92 131 
131 131 
131 131 
131 131 
431 112 248 131 113 131 
431 112 248 131 113 131 
131 131 
131 131 
131 131 
131 131 
131 131 
131 131 
131 131 
131 131 
91 5 6 131 92 131 
91 5 6 131 92 131 
91 5 6 131 92 131 
91 5 6 131 92 131 
91 5 6 131 92 131 
91 5 6 131 92 131 
91 5 6 131 92 131 
91 5 6 131 92 131 
91 5 6 131 92 131 
91 5 6 131 92 131 
91 5 6 131 92 131 
91 5 6 131 92 131 
91 5 6 131 92 131 
91 5 6 131 92 131 
91 5 6 131 92 131 
91 5 6 131 92 131 
91 5 6 131 92 131 
91 5 6 131 92 131 
91 5 6 131 92 131 
21 131 24 131 
21 131 24 131 
21 131 24 131 
21 131 24 131 
21 131 24 131 
21 131 24 131 
131 131 
21 131 131 
21 131 131 
21 22 131 24 131 
21 22 131 24 131 
21 22 131 24 131 
21 22 131 24 131 
131 283 131 
91 5 6 131 92 131 
91 5 6 131 92 131 
91 5 6 131 92 131 
91 5 6 131 92 131 
91 5 6 131 92 131 
91 5 6 131 92 131 
131 131 
131 131 
131 131 
131 131 
131 131 
131 131 
131 131 
131 131 
131 131 
131 131 
131 131 
131 131 
131 131 
131 131 
131 131 
131 131 
21 22 131 68 24 131 
131 131 
131 131 
131 131 
131 131 
21 131 24 131 
21 131 24 131 
21 131 24 131 
21 131 24 131 
21 131 24 131 
21 131 24 131 
21 131 24 131 
21 131 24 131 
21 131 24 131 
21 131 24 131 
21 131 24 131 
21 131 24 131 
21 131 24 131 
21 131 24 131 
21 131 24 131 
131 131 
131 131 
131 131 
131 131 
131 131 
131 131 
131 131 
131 131 
131 131 
131 131 
131 131 
152 131 153 131 
152 131 153 131 
152 131 153 131 
152 131 153 131 
21 22 131 68 24 131 
21 22 131 68 24 131 
21 22 131 68 24 131 
21 22 131 68 24 131 
21 22 131 68 24 131 
91 5 6 131 92 131 
131 131 
131 131 
131 131 
131 131 
131 131 
5 21 22 143 131 8 37 144 24 131 
131 131 
131 131 
131 131 
131 131 
131 131 
131 131 
21 131 24 131 
131 131 
131 131 
91 5 6 131 92 131 
91 5 6 131 92 131 
91 5 6 131 92 131 
91 5 6 131 92 131 
91 5 6 131 92 131 
91 5 6 131 92 131 
91 5 6 131 92 131 
91 5 6 131 92 131 
91 5 6 131 92 131 
91 5 6 131 92 131 
91 5 6 131 92 131 
131 131 
131 131 
91 5 6 131 92 131 
91 5 6 131 92 131 
91 5 6 131 92 131 
91 5 6 131 92 131 
91 5 6 131 92 131 
131 131 
131 131 
131 131 
131 131 
131 131 
131 131 
131 131 
131 131 
131 131 
131 131 
131 131 
131 131 
131 131 
131 131 
131 131 
131 131 
131 131 
91 5 6 131 92 131 
91 5 6 131 92 131 
91 5 6 131 92 131 
131 131 
21 22 131 24 131 
131 131 
91 5 6 131 92 131 
91 5 6 131 92 131 
91 5 6 131 92 131 
91 5 6 131 92 131 
91 5 6 131 92 131 
91 5 6 131 92 131 
91 5 6 131 92 131 
91 5 6 131 92 131 
91 5 6 131 92 131 
91 5 6 131 92 131 
91 5 6 131 92 131 
91 5 6 131 92 131 
131 131 
131 131 
131 131 
131 131 
131 131 
131 131 
131 131 
131 131 
131 131 
131 131 
131 131 
131 131 
131 131 
131 131 
131 131 
131 131 
131 131 
131 131 
131 131 
131 131 
131 131 
131 131 
131 131 
131 131 
131 131 
131 131 
131 131 
131 131 
131 131 
131 131 
131 131 
131 131 
131 131 
131 131 
131 131 
131 131 
131 131 
91 5 6 131 92 131 
91 5 6 131 92 131 
131 131 
131 283 131 
91 5 6 131 92 131 
91 5 6 131 92 131 
131 131 
131 131 
131 131 
131 131 
131 131 
131 131 
131 131 
131 131 
131 131 
21 131 24 131 
131 283 131 
131 283 131 
131 283 131 
131 283 131 
131 283 131 
131 283 131 
131 283 131 
131 283 131 
131 283 131 
131 131 
21 22 131 263 24 131 
91 5 6 131 92 131 
91 5 6 131 92 131 
91 5 6 131 92 131 
91 5 6 131 92 131 
91 5 6 131 92 131 
131 10 131 
21 131 24 131 
91 5 6 131 92 131 
131 131 
131 131 
131 131 
131 131 
131 131 
131 131 
131 131 
131 131 
131 131 
131 131 
131 131 
131 131 
131 131 
131 131 
131 131 
131 131 
131 131 
91 5 6 131 92 131 
131 131 
91 5 6 131 92 131 
21 131 24 131 
131 131 
131 131 
131 131 
131 131 
131 131 
131 131 
91 5 6 131 92 131 
91 5 6 131 92 131 
5 6 131 131 
91 5 6 131 92 131 
91 5 6 131 92 131 
5 131 8 131 
91 5 6 131 92 131 
131 131 
91 5 6 131 92 131 
131 131 
254 131 36 255 131 
131 131 
131 131 
131 131 
131 131 
131 131 
131 131 
131 131 
131 131 
131 131 
131 131 
131 131 
91 5 6 131 92 131 
131 131 
91 5 6 131 92 131 
131 131 
5 6 131 23 139 131 
5 6 131 23 139 131 
91 5 6 131 92 131 
131 10 131 
131 10 131 
131 131 
131 131 
131 131 
21 131 24 131 
131 131 
91 5 6 131 92 131 
21 131 24 131 
21 131 24 131 
21 131 24 131 
21 131 24 131 
21 131 24 131 
21 131 24 131 
21 131 24 131 
91 5 6 131 92 131 
131 131 
21 22 131 68 24 131 
131 131 
131 131 
131 131 
91 5 6 131 92 131 
131 131 
131 131 
131 131 
131 131 
131 131 
131 131 
131 131 
131 131 
21 22 131 68 24 131 
21 22 131 68 24 131 
21 22 131 68 24 131 
131 131 
21 131 68 24 131 
91 5 6 131 92 131 
354 21 22 131 68 24 131 
131 131 
91 5 6 131 92 131 
91 5 6 131 92 131 
91 5 6 131 92 131 
131 131 
91 5 6 131 92 131 
91 5 6 131 92 131 
131 283 131 
131 283 131 
131 283 131 
131 283 131 
131 131 
91 5 6 131 92 131 
21 131 68 24 131 
91 5 6 131 92 131 
91 5 6 131 92 131 
91 5 6 131 92 131 
91 5 6 131 92 131 
91 5 6 131 92 131 
91 5 6 131 92 131 
91 5 6 131 92 131 
91 5 6 131 92 131 
91 5 6 131 92 131 
91 5 6 131 92 131 
91 5 6 131 92 131 
91 5 6 131 92 131 
91 5 6 131 92 131 
91 5 6 131 92 131 
91 5 6 131 92 131 
91 5 6 131 92 131 
91 5 6 131 92 131 
91 5 6 131 92 131 
91 5 6 131 92 131 
91 5 6 131 92 131 
91 5 6 131 92 131 
91 5 6 131 92 131 
91 5 6 131 92 131 
91 5 6 131 92 131 
91 5 6 131 92 131 
91 5 6 131 92 131 
91 5 6 131 92 131 
91 5 6 131 92 131 
91 5 6 131 92 131 
91 5 6 131 92 131 
91 5 6 131 92 131 
91 5 6 131 92 131 
91 5 6 131 92 131 
91 5 6 131 92 131 
91 5 6 131 92 131 
91 5 6 131 92 131 
91 5 6 131 92 131 
91 5 6 131 92 131 
91 5 6 131 92 131 
91 5 6 131 92 131 
91 5 6 131 92 131 
91 5 6 131 92 131 
91 5 6 131 92 131 
91 5 6 131 92 131 
91 5 6 131 92 131 
91 5 6 131 92 131 
91 5 6 131 92 131 
91 5 6 131 92 131 
91 5 6 131 92 131 
91 5 6 131 92 131 
91 5 6 131 92 131 
91 5 6 131 92 131 
91 5 6 131 92 131 
91 5 6 131 92 131 
131 131 
131 131 
131 131 
91 5 6 131 92 131 
91 5 6 131 92 131 
21 22 131 263 24 131 
131 131 
131 131 
131 131 
131 131 
131 131 
131 131 
131 131 
131 131 
131 131 
131 131 
131 131 
131 131 
131 131 
131 131 
131 131 
131 131 
91 5 6 131 92 131 
131 131 
5 131 131 
5 131 131 
91 5 6 131 92 131 
91 5 6 131 92 131 
91 5 6 131 92 131 
91 5 6 131 92 131 
5 131 8 131 
131 131 
91 5 6 131 92 131 
91 5 6 131 92 131 
21 131 24 131 
21 131 24 131 
21 131 24 131 
21 131 24 131 
21 131 24 131 
21 131 24 131 
131 538 131 
131 538 131 
131 538 131 
131 131 
131 131 
131 131 
21 131 131 
112 248 131 113 131 
112 248 131 113 131 
131 131 
131 131 
131 131 
131 131 
131 131 
131 131 
131 131 
131 131 
21 131 24 131 
21 131 24 131 
91 5 6 131 92 131 
91 5 6 131 92 131 
91 5 6 131 92 131 
91 5 6 131 92 131 
91 5 6 131 92 131 
91 5 6 131 92 131 
131 131 
91 5 6 131 92 131 
131 131 
131 131 
131 131 
91 5 6 131 92 131 
131 131 
131 131 
91 5 6 131 92 131 
91 5 6 131 92 131 
91 5 6 131 92 131 
91 5 6 131 92 131 
131 131 
91 5 6 131 92 131 
91 5 6 131 92 131 
131 131 
91 5 6 131 92 131 
91 5 6 131 92 131 
131 131 
152 131 153 131 
21 22 131 37 24 131 
21 131 24 131 
21 131 24 131 
21 131 24 131 
21 131 24 131 
21 131 24 131 
21 131 24 131 
21 131 24 131 
21 131 24 131 
21 131 24 131 
21 131 24 131 
131 131 
131 131 
131 131 
131 131 
131 131 
131 131 
131 131 
131 131 
131 131 
91 5 6 131 92 131 
91 5 6 131 92 131 
91 5 6 131 92 131 
91 5 6 131 92 131 
91 5 6 131 92 131 
91 5 6 131 92 131 
21 131 24 131 
21 131 24 131 
21 131 24 131 
21 131 24 131 
131 131 
131 131 
131 131 
91 5 6 131 92 131 
131 131 
131 131 
131 131 
91 5 6 131 92 131 
91 5 6 131 92 131 
131 131 
91 5 6 131 92 131 
131 131 
131 131 
131 131 
131 131 
91 5 6 131 92 131 
431 112 248 131 113 131 
131 131 
91 5 6 131 92 131 
91 5 6 131 92 131 
21 22 131 68 24 131 
91 5 6 131 92 131 
131 131 
131 131 
131 131 
131 131 
131 131 
131 131 
131 131 
131 131 
131 131 
131 131 
131 131 
91 5 6 131 92 131 
131 131 
131 131 
91 5 6 131 92 131 
91 5 6 131 92 131 
91 5 6 131 92 131 
91 5 6 131 92 131 
91 5 6 131 92 131 
131 131 
131 131 
131 131 
131 131 
131 131 
131 131 
131 131 
131 131 
131 131 
131 131 
131 131 
131 131 
131 131 
131 131 
131 131 
131 131 
131 131 
131 131 
91 5 6 131 92 131 
131 131 
131 131 
131 131 
131 131 
91 5 6 131 92 131 
91 5 6 131 92 131 
91 5 6 131 92 131 
91 5 6 131 92 131 
91 5 6 131 92 131 
91 5 6 131 92 131 
91 5 6 131 92 131 
91 5 6 131 92 131 
21 22 131 37 24 131 
131 131 
131 131 
131 131 
131 131 
131 131 
91 5 6 131 92 131 
91 5 6 131 92 131 
131 131 
131 131 
131 131 
91 5 6 131 92 131 
91 5 6 131 92 131 
91 5 6 131 92 131 
91 5 6 131 92 131 
131 131 
131 131 
131 131 
131 131 
131 131 
91 5 6 131 92 131 
131 131 
91 5 6 131 92 131 
91 5 6 131 92 131 
131 131 
131 131 
131 131 
5 131 8 131 
5 131 8 131 
5 131 8 131 
131 131 
131 10 131 
131 131 
131 131 
131 131 
131 131 
131 131 
131 131 
5 131 8 131 
5 131 8 131 
5 131 8 131 
5 131 8 131 
5 131 8 131 
5 131 8 131 
5 131 8 131 
5 131 8 131 
5 131 8 131 
5 131 8 131 
5 131 8 131 
5 131 8 131 
5 131 8 131 
5 131 8 131 
5 131 8 131 
5 131 8 131 
5 131 8 131 
5 131 8 131 
5 131 8 131 
5 131 8 131 
5 131 8 131 
5 131 8 131 
5 131 8 131 
91 5 6 131 92 131 
25 131 131 
91 5 6 131 92 131 
131 131 
131 131 
131 131 
431 112 21 22 248 131 37 113 24 131 
131 131 
131 131 
131 131 
131 131 
131 131 
131 131 
131 131 
5 6 210 131 61 131 
5 6 210 131 61 131 
131 131 
131 131 
131 131 
131 131 
131 131 
131 131 
131 131 
131 131 
131 131 
131 131 
131 131 
131 131 
131 131 
131 131 
131 131 
131 131 
131 131 
131 131 
131 131 
131 131 
131 131 
131 131 
91 5 6 131 92 131 
131 283 131 
91 5 6 131 92 131 
131 131 
21 131 131 
91 5 6 131 92 131 
91 5 6 131 92 131 
131 283 131 
91 5 6 131 92 131 
91 5 6 131 92 131 
91 5 6 131 92 131 
91 5 6 131 92 131 
91 5 6 131 92 131 
91 5 6 131 92 131 
91 5 6 131 92 131 
131 131 
91 5 6 131 92 131 
91 5 6 131 92 131 
91 5 6 131 92 131 
91 5 6 131 92 131 
91 5 6 131 92 131 
91 5 6 131 92 131 
91 5 6 131 92 131 
91 5 6 131 92 131 
131 131 
21 131 68 24 131 
91 5 6 131 92 131 
91 5 6 131 92 131 
91 5 6 131 92 131 
21 131 68 24 131 
131 131 
131 131 
131 131 
131 131 
131 131 
131 131 
131 131 
91 5 6 131 92 131 
91 5 6 131 92 131 
91 5 6 131 92 131 
91 5 6 131 92 131 
91 5 6 131 92 131 
91 5 6 131 92 131 
131 131 
21 131 131 
91 5 6 131 92 131 
5 131 8 131 
131 131 
131 131 
91 5 6 131 92 131 
131 131 
91 5 6 131 92 131 
91 5 6 131 92 131 
91 5 6 131 92 131 
91 5 6 131 92 131 
91 5 6 131 92 131 
91 5 6 131 92 131 
91 5 6 131 92 131 
91 5 6 131 92 131 
91 5 6 131 92 131 
91 5 6 131 92 131 
91 5 6 131 92 131 
91 5 6 131 92 131 
91 5 6 131 92 131 
91 5 6 131 92 131 
91 5 6 131 92 131 
91 5 6 131 92 131 
21 22 131 263 24 131 
133 21 22 131 68 24 131 
131 131 
131 131 
131 131 
131 131 
131 131 
131 131 
131 131 
131 131 
131 131 
131 131 
131 131 
21 22 131 24 131 
91 5 6 131 92 131 
91 5 6 131 92 131 
131 131 
131 131 
91 5 6 131 92 131 
131 131 
91 5 6 131 92 131 
21 22 131 68 24 131 
91 5 6 131 92 131 
91 5 6 131 92 131 
131 131 
131 131 
91 5 6 131 92 131 
131 131 
131 131 
131 131 
131 131 
83 131 131 
354 21 22 131 68 24 131 
131 283 131 
131 131 
131 131 
131 131 
131 131 
131 131 
131 131 
131 131 
91 5 6 131 92 131 
91 5 6 131 92 131 
131 131 
131 131 
131 131 
131 131 
131 131 
131 131 
131 131 
91 5 6 131 92 131 
91 5 6 131 92 131 
91 5 6 131 92 131 
91 5 6 131 92 131 
91 5 6 131 92 131 
91 5 6 131 92 131 
91 5 6 131 92 131 
91 5 6 131 92 131 
91 5 6 131 92 131 
91 5 6 131 92 131 
91 5 6 131 92 131 
91 5 6 131 92 131 
5 21 22 131 8 24 131 
5 21 22 131 8 24 131 
5 21 22 131 8 24 131 
21 131 24 131 
21 131 24 131 
21 131 24 131 
91 5 6 131 92 131 
91 5 6 131 92 131 
5 131 8 131 
131 283 131 
91 5 6 131 92 131 
5 131 8 131 
131 131 
131 131 
131 131 
131 131 
131 131 
131 131 
131 131 
131 131 
152 131 153 131 
254 131 36 255 131 
131 131 
21 131 68 24 131 
91 5 6 131 92 131 
131 131 
131 131 
21 131 68 24 131 
131 131 
131 131 
131 131 
131 131 
131 131 
91 5 6 131 92 131 
21 22 131 24 131 
91 5 6 131 92 131 
131 131 
131 131 
91 5 6 131 92 131 
5 131 8 131 
91 5 6 131 92 131 
131 131 
131 131 
131 131 
131 131 
131 131 
131 131 
91 5 6 131 92 131 
131 131 
21 131 68 24 131 
131 131 
131 131 
131 131 
131 131 
131 131 
131 131 
131 131 
131 10 131 
91 5 6 131 92 131 
131 131 
131 131 
131 131 
131 131 
131 131 
131 131 
131 131 
131 131 
131 131 
131 131 
131 131 
131 131 
131 131 
131 131 
131 131 
131 131 
131 131 
91 5 6 131 92 131 
21 131 24 131 
21 131 24 131 
21 131 24 131 
21 131 24 131 
131 131 
21 131 24 131 
91 5 6 131 92 131 
91 5 6 131 92 131 
91 5 6 131 92 131 
91 5 6 131 92 131 
91 5 6 131 92 131 
91 5 6 131 92 131 
91 5 6 131 92 131 
21 22 131 68 24 131 
5 131 8 131 
91 5 6 131 92 131 
91 5 6 131 92 131 
91 5 6 131 92 131 
91 5 6 131 92 131 
21 131 24 131 
21 131 24 131 
21 131 24 131 
131 131 
131 131 
91 5 6 131 92 131 
131 283 131 
91 5 6 131 92 131 
91 5 6 131 92 131 
91 5 6 131 92 131 
21 131 24 131 
21 131 24 131 
21 131 24 131 
21 131 24 131 
21 131 24 131 
21 131 24 131 
21 131 24 131 
21 131 24 131 
21 131 24 131 
21 131 24 131 
131 131 
91 5 6 131 92 131 
91 5 6 131 92 131 
131 131 
131 131 
91 5 6 131 92 131 
91 5 6 131 92 131 
91 5 6 131 92 131 
91 5 6 131 92 131 
131 131 
131 131 
131 131 
91 5 6 131 92 131 
131 283 131 
131 131 
131 131 
131 131 
431 112 248 131 113 131 
431 112 248 131 113 131 
131 131 
131 131 
131 131 
131 131 
131 131 
131 131 
131 131 
131 131 
131 283 131 
131 131 
131 131 
131 131 
91 5 6 131 92 131 
91 5 6 131 92 131 
131 131 
131 131 
131 131 
131 131 
131 131 
131 131 
131 131 
131 131 
91 5 6 131 92 131 
91 5 6 131 92 131 
5 131 8 131 
91 5 6 131 92 131 
131 131 
131 283 131 
131 131 
131 131 
21 131 24 131 
21 131 24 131 
21 131 24 131 
21 131 24 131 
131 131 
131 131 
131 131 
131 131 
131 131 
91 5 6 131 92 131 
91 5 6 131 92 131 
91 5 6 131 92 131 
91 5 6 131 92 131 
91 5 6 131 92 131 
131 131 
91 5 6 131 92 131 
131 131 
91 5 6 131 92 131 
91 5 6 131 92 131 
91 5 6 131 92 131 
91 5 6 131 92 131 
91 5 6 131 92 131 
131 131 
91 5 6 131 92 131 
131 283 131 
91 5 6 131 92 131 
131 131 
131 131 
25 131 131 
91 5 6 131 92 131 
91 5 6 131 92 131 
91 5 6 131 92 131 
131 131 
131 131 
131 131 
131 283 131 
131 283 131 
91 5 6 131 92 131 
131 131 
131 131 
21 131 263 24 131 
5 131 8 131 
5 131 8 131 
21 22 131 24 131 
5 6 131 61 131 
21 22 131 24 131 
131 131 
131 131 
131 131 
131 131 
5 6 131 131 
91 5 6 131 92 131 
5 6 21 22 131 24 131 
91 5 6 131 92 131 
21 22 131 24 131 
131 131 
131 131 
131 131 
131 131 
21 131 131 
131 131 
131 131 
131 283 131 
131 283 131 
91 5 6 131 92 131 
91 5 6 131 92 131 
131 283 131 
5 131 8 131 
131 131 
91 5 6 131 92 131 
131 131 
131 131 
131 131 
131 131 
131 131 
131 131 
131 131 
131 131 
131 131 
91 5 6 131 92 131 
131 131 
131 131 
131 131 
91 5 6 131 92 131 
91 5 6 131 92 131 
91 5 6 131 92 131 
91 5 6 131 92 131 
91 5 6 131 92 131 
131 283 131 
131 131 
131 131 
21 22 131 68 24 131 
131 131 
21 131 68 24 131 
21 131 68 24 131 
21 22 131 24 131 
91 5 6 131 92 131 
91 5 6 131 92 131 
131 131 
131 131 
431 112 248 131 113 131 
91 5 6 131 92 131 
91 5 6 131 92 131 
91 5 6 131 92 131 
131 131 
91 5 6 131 92 131 
91 5 6 131 92 131 
91 5 6 131 92 131 
131 131 
131 131 
21 131 37 24 131 
21 131 37 24 131 
131 131 
131 131 
91 5 6 131 92 131 
91 5 6 131 92 131 
131 131 
131 131 
131 131 
131 131 
131 131 
131 283 131 
131 131 
131 131 
131 131 
131 131 
91 5 6 131 92 131 
91 5 6 131 92 131 
91 5 6 131 92 131 
131 131 
131 131 
91 5 6 131 92 131 
91 5 6 131 92 131 
91 5 6 131 92 131 
131 131 
131 131 
5 131 8 131 
131 283 131 
131 283 131 
131 131 
131 131 
131 131 
91 5 6 131 92 131 
131 283 131 
91 5 6 131 92 131 
131 131 
21 22 131 37 24 131 
131 131 
131 131 
131 131 
131 131 
131 131 
131 131 
131 131 
131 131 
131 131 
131 131 
131 131 
131 131 
131 131 
131 131 
131 131 
131 131 
91 5 6 131 92 131 
91 5 6 131 92 131 
91 5 6 131 92 131 
91 5 6 131 92 131 
91 5 6 131 92 131 
91 5 6 131 92 131 
91 5 6 131 92 131 
91 5 6 131 92 131 
91 5 6 131 92 131 
91 5 6 131 92 131 
91 5 6 131 92 131 
91 5 6 131 92 131 
91 5 6 131 92 131 
91 5 6 131 92 131 
91 5 6 131 92 131 
91 5 6 131 92 131 
91 5 6 131 92 131 
91 5 6 131 92 131 
91 5 6 131 92 131 
91 5 6 131 92 131 
91 5 6 131 92 131 
91 5 6 131 92 131 
131 131 
131 131 
131 131 
131 131 
131 131 
131 131 
131 131 
131 131 
131 131 
131 283 131 
131 131 
91 5 6 131 92 131 
131 131 
91 5 6 131 92 131 
5 131 8 131 
131 131 
91 5 6 131 92 131 
91 5 6 131 92 131 
131 131 
21 131 24 131 
21 131 24 131 
21 131 24 131 
131 131 
131 131 
131 131 
131 131 
131 131 
131 131 
131 131 
131 131 
131 131 
131 131 
5 131 8 165 131 
131 131 
131 131 
131 131 
131 131 
131 131 
131 131 
131 131 
131 131 
131 131 
131 131 
131 131 
131 131 
131 131 
131 131 
131 131 
131 131 
131 131 
131 131 
131 131 