5 64 7 117 
5 6 7 8 
5 7 65 
5 7 65 
5 7 65 
5 7 65 
5 7 65 
5 119 7 8 
5 7 65 
5 7 65 
5 7 65 
5 7 
5 12 13 
5 7 
5 7 
5 7 
5 7 
5 7 
5 7 
5 7 
5 7 
5 6 7 8 
5 7 
5 7 
5 12 120 121 13 
5 12 13 
5 7 65 
5 7 122 
5 53 7 124 
5 7 
5 7 
5 7 
5 7 
5 7 
5 7 
5 7 
5 12 13 126 
5 12 13 
5 127 12 128 
5 12 129 7 130 
5 7 
89 90 66 
5 7 55 
5 33 12 35 
5 12 7 134 
5 12 13 
89 90 66 
89 90 66 
5 62 7 
5 7 
5 7 
5 7 
5 7 
5 12 7 13 
5 7 136 8 
5 7 
5 7 
5 
5 39 12 42 
5 39 12 42 
5 39 12 42 
5 39 12 42 
5 39 12 42 
5 62 7 
5 6 7 8 
5 6 7 8 
5 6 7 8 
5 7 
5 7 65 
5 7 65 
5 7 65 
5 7 65 
5 7 65 
5 7 65 
5 7 65 
5 7 65 
5 7 65 
5 7 65 
5 7 65 
5 7 65 
5 7 65 
5 7 65 
5 7 65 
5 7 65 
5 7 65 
5 7 65 
5 66 67 6 7 8 68 
5 12 137 
5 7 60 
5 7 60 
5 7 
5 6 7 8 
5 12 13 
5 7 60 
5 6 7 8 
5 6 7 8 
5 6 7 8 
