790 791 791 
793 791 791 
790 791 791 
793 791 791 
790 791 791 
790 791 791 
793 791 791 
790 791 791 
793 791 791 
790 791 791 
793 791 791 
790 791 791 
793 791 791 
790 791 791 
793 791 791 
790 791 791 
793 791 791 
790 791 791 
793 791 791 
790 791 791 
793 791 791 
790 791 791 
793 791 791 
790 791 791 
793 791 791 
790 791 791 
793 791 791 
790 791 791 
793 791 791 
790 791 791 
793 791 791 
790 791 791 
793 791 791 
790 791 791 
793 791 791 
790 791 791 
793 791 791 
790 791 791 
790 791 791 
793 791 791 
790 791 791 
793 791 791 
790 791 791 
793 791 791 
790 791 791 
793 791 791 
790 791 791 
793 791 791 
790 791 791 
790 791 791 
793 791 791 
790 791 791 
793 791 791 
790 791 791 
793 791 791 
790 791 791 
793 791 791 
790 791 791 
793 791 791 
790 791 791 
793 791 791 
790 791 791 
793 791 791 
790 791 791 
793 791 791 
790 791 791 
793 791 791 
790 791 791 
793 791 791 
790 791 791 
793 791 791 
790 791 791 
793 791 791 
790 791 791 
793 791 791 
790 791 791 
793 791 791 
790 791 791 
793 791 791 
790 791 791 
793 791 791 
790 791 791 
793 791 791 
790 791 791 
793 791 791 
790 791 791 
793 791 791 
790 791 791 
793 791 791 
790 791 791 
793 791 791 
790 791 791 
793 791 791 
790 791 791 
793 791 791 