5 8 8 
5 8 8 
5 8 35 8 
5 101 8 102 8 
5 177 112 8 113 8 
5 8 8 
5 8 8 
5 8 8 
5 8 8 
5 8 8 
5 112 6 8 113 8 
5 112 6 8 113 8 
5 112 6 8 113 8 
5 112 6 8 113 8 
5 112 6 8 113 8 
5 112 6 8 113 8 
5 48 6 8 8 
5 48 6 8 8 
5 6 8 87 8 
5 112 6 8 113 8 
5 112 6 8 113 8 
5 112 6 8 113 8 
5 112 6 8 113 8 
5 8 8 
5 6 64 63 8 8 
5 27 28 6 21 8 8 
5 27 28 6 21 8 8 
5 27 28 6 21 8 8 
5 27 28 6 21 8 8 
5 27 28 6 21 8 8 
5 8 8 
5 28 6 21 63 64 8 111 80 8 
5 162 8 8 
5 162 8 8 
5 8 8 
5 8 8 
5 162 8 198 8 
5 8 8 
5 8 8 
5 8 8 
5 232 8 8 
5 231 8 8 
5 231 8 8 
5 8 8 
5 231 8 8 
5 231 8 8 
5 8 8 
5 8 8 
5 162 8 198 8 
5 8 8 
5 8 12 8 
5 8 8 
5 8 8 
5 8 8 
5 8 8 
5 8 8 
5 6 64 63 8 8 
5 6 64 63 8 8 
5 6 64 63 8 8 
5 8 8 
5 8 8 
5 8 8 
5 8 120 8 
5 8 8 
5 8 8 
5 8 8 
5 8 8 
5 8 8 
5 8 8 
5 8 8 
5 6 8 9 8 
5 6 8 9 8 
5 62 6 63 8 8 
5 62 6 63 8 8 
5 62 6 63 8 8 
5 62 6 63 8 8 
5 378 232 8 8 
5 177 112 8 113 8 
5 8 8 
5 232 8 233 8 
5 8 8 
5 177 112 8 113 8 
5 177 112 8 113 8 
5 8 120 8 
5 62 6 63 64 8 8 
5 62 6 63 8 8 
5 62 6 63 8 8 
5 62 6 63 8 8 
5 62 6 63 8 8 
5 62 6 63 8 8 
5 62 6 63 8 8 
5 112 8 113 8 
5 8 165 8 
5 423 143 162 8 144 8 
5 8 8 
5 8 8 
5 177 112 8 113 8 
5 177 112 8 113 8 
5 177 112 8 113 8 
5 177 112 8 113 8 
5 177 112 8 113 8 
5 101 8 208 8 
5 6 8 8 
5 177 112 8 113 8 
5 8 35 8 
5 8 35 8 
5 62 6 63 8 8 
5 62 6 63 8 8 
5 6 63 64 8 8 
5 6 63 64 8 8 
5 196 197 8 8 
5 8 8 
5 8 8 
5 62 6 63 8 8 
5 8 8 
5 8 8 
5 62 6 63 8 8 
5 6 63 64 8 8 
5 162 430 8 8 
5 8 8 
5 8 8 
5 8 8 
5 8 8 
5 8 8 
5 8 8 
5 137 101 8 8 
5 8 8 
5 62 6 63 8 8 
5 8 165 8 
5 8 8 
5 231 8 8 
5 8 8 
5 8 8 
5 8 8 
5 8 8 
5 8 8 
5 231 8 8 
5 232 8 527 8 
5 187 8 165 8 
5 8 8 
5 8 8 
5 8 8 
5 8 8 
5 8 8 
5 231 8 8 
5 162 221 8 8 
5 231 529 8 8 
5 8 8 
5 8 8 
5 8 8 
5 8 8 
5 8 8 
177 5 112 8 113 8 
177 5 112 8 113 8 
177 5 112 8 113 8 
5 8 8 
5 8 397 8 
5 8 8 
5 8 8 
5 6 8 8 
5 8 8 
5 8 8 
5 8 8 
5 8 8 
5 162 221 8 8 
5 27 28 21 8 8 
5 8 8 
5 8 8 
5 8 8 
5 8 8 
5 231 8 8 
5 8 8 
5 8 8 
5 8 8 
5 8 8 
5 8 8 
5 8 8 
5 8 8 
5 8 8 
5 8 8 
5 8 8 
5 8 8 
5 8 8 
5 8 8 
5 8 8 
5 8 8 
5 8 8 
5 8 8 
5 8 8 
5 8 8 
5 8 8 
5 8 8 
5 8 8 
5 177 112 8 113 8 
5 177 112 8 113 8 
5 177 112 8 113 8 
177 5 112 8 113 8 
177 5 112 8 113 8 
177 5 112 8 113 8 
177 5 112 8 113 8 
5 8 8 
177 5 112 8 113 8 
177 5 112 8 113 8 
177 5 112 8 113 8 
177 5 112 8 113 8 
5 8 8 
5 8 8 
5 8 8 
5 8 8 
5 8 8 
5 8 8 
5 8 8 
5 8 8 
5 8 8 
5 8 8 
5 8 8 
5 8 8 
5 8 8 
5 8 8 
5 8 8 
5 8 8 
5 8 8 
5 8 8 
5 8 8 
5 8 8 
5 8 8 
5 8 8 
5 8 8 
5 8 8 
5 8 8 
5 8 8 
5 62 6 63 8 8 
5 62 6 63 8 8 
5 8 8 
5 8 120 8 
5 8 120 8 
5 8 120 8 
5 8 8 
5 152 8 219 153 8 
5 62 6 63 8 8 
5 8 35 8 
5 8 35 8 
5 8 35 8 
5 62 6 63 8 8 
5 8 8 
5 8 8 
5 8 8 
5 8 8 
5 6 152 8 153 8 
5 8 8 
5 8 8 
5 101 8 523 8 
5 8 8 
5 8 35 8 
5 8 8 
5 8 8 
5 8 8 
5 8 8 
5 8 8 
5 8 8 
5 8 8 
5 8 8 
5 8 8 
5 8 8 
5 8 8 
5 8 8 
5 8 8 
5 8 8 
5 8 8 
5 8 8 
5 8 8 
5 8 8 
5 8 8 
5 8 8 
5 8 8 
5 8 8 
5 8 8 
5 8 8 
5 8 8 
5 8 8 
5 8 8 
5 8 8 
5 8 8 
5 8 8 
5 8 8 
5 8 8 
5 8 8 
5 8 8 
5 8 8 
5 8 8 
5 8 397 8 
5 101 8 208 8 
5 231 8 8 
5 8 8 
5 8 8 
5 8 8 
5 8 8 
5 8 8 
5 8 8 
5 8 8 
5 8 8 
5 8 8 
5 118 162 8 119 36 8 
5 8 397 8 
5 231 8 8 
5 8 8 
5 231 8 8 
5 6 63 64 8 8 
5 466 240 162 8 242 8 
5 8 8 
5 8 8 
5 232 8 527 8 
5 8 8 
5 231 8 8 
5 8 35 8 
5 8 8 
5 6 63 64 8 8 
177 5 112 8 113 8 
5 27 28 21 8 8 
5 27 28 21 8 8 
5 8 165 8 
5 6 63 64 8 8 
5 8 8 
5 8 8 
5 8 8 
5 8 8 
5 8 8 
5 8 8 
5 8 8 
5 8 8 
5 8 8 
5 8 8 
5 8 8 
5 8 8 
5 8 8 
5 8 8 
5 8 8 
5 8 8 
5 8 35 8 
5 8 8 
5 8 8 
5 8 8 
5 8 8 
5 8 120 8 
5 231 8 8 
5 8 8 
5 231 8 8 
5 162 8 8 
5 8 8 
5 28 6 21 63 64 8 111 80 8 
5 8 8 
5 8 8 
5 162 8 198 8 
5 8 8 
5 8 8 
5 8 8 
5 8 8 
5 8 8 
5 8 8 
161 5 8 8 
5 8 120 8 
5 8 120 8 
5 8 120 8 
5 8 8 
5 8 8 
5 8 8 
5 8 8 
5 8 8 
5 231 529 8 8 
5 8 8 
5 169 162 170 8 8 
5 8 165 8 
5 8 8 
5 8 8 
5 372 8 8 
5 8 8 
5 8 8 
5 8 35 8 
5 231 8 8 
5 8 8 
5 8 8 
5 8 8 
5 8 8 
5 8 8 
5 143 8 144 8 
5 8 8 
5 62 6 63 8 8 
5 62 6 63 8 8 
5 62 6 63 8 8 
5 62 6 63 8 8 
5 8 8 
5 8 8 
5 62 6 63 8 8 
5 62 6 63 8 8 
5 6 64 63 8 8 
5 6 64 63 8 8 
5 27 28 21 8 8 
5 6 63 64 8 8 
5 8 8 
5 8 8 
5 8 8 
5 8 8 
5 8 8 
5 8 8 
5 8 8 
5 8 8 
5 8 8 
5 8 8 
5 8 8 
5 8 8 
5 8 8 
5 8 8 
5 8 8 
5 6 63 8 36 8 
5 8 8 
5 8 8 
5 8 8 
5 8 8 
5 232 8 527 8 
5 8 8 
5 8 8 
5 8 8 
5 8 8 
5 8 8 
5 232 8 233 8 
5 162 8 170 8 
5 8 8 
5 189 8 144 8 
5 8 8 
5 8 8 
5 8 8 
5 8 8 
5 8 35 8 
5 8 8 
5 62 6 63 8 8 
5 27 28 21 8 8 
5 8 8 
5 8 8 
5 8 8 
5 8 8 
5 8 8 
5 8 8 
5 8 8 
5 8 8 
5 8 8 
5 8 8 
5 8 8 
5 232 8 233 8 
5 8 8 
5 8 8 
5 8 144 8 
5 101 8 8 
5 528 8 8 
5 171 162 8 416 8 
5 8 8 
5 8 8 
5 8 8 
5 8 8 
5 8 8 
5 8 8 
5 231 8 8 
5 8 8 
5 8 8 
5 62 6 63 8 8 
5 62 6 63 8 8 
5 62 6 63 8 8 
5 62 6 63 8 8 
5 62 6 63 8 8 
5 62 6 63 8 8 
5 62 6 63 8 8 
5 8 8 
5 8 397 8 
5 27 28 6 21 8 8 
5 27 28 6 21 8 8 
5 27 28 6 21 8 8 
5 8 8 
5 8 8 
5 8 12 8 
5 137 101 8 8 
5 6 8 8 
5 6 63 64 8 8 
5 8 8 
5 8 8 
5 62 6 63 8 8 
5 62 6 63 8 8 
5 402 8 8 
5 8 8 
5 8 8 
5 131 8 8 
5 8 8 
5 8 8 
5 8 10 8 
5 8 8 
5 8 8 
5 27 28 21 232 8 233 8 
5 8 8 
5 231 8 8 
5 8 8 
5 231 8 8 
5 62 6 63 8 8 
5 62 6 63 8 8 
5 162 8 198 8 
5 27 28 21 232 8 233 8 
5 8 8 
5 8 12 8 
5 162 8 198 8 
5 62 6 63 8 8 
5 8 8 
5 8 35 8 
5 8 8 
5 162 8 8 
5 8 8 
5 8 8 
5 8 35 8 
5 8 8 
5 8 8 
5 231 8 8 
5 8 8 
5 8 8 
5 8 12 8 
5 231 8 8 
5 162 8 8 
5 8 8 
5 8 8 
5 8 8 
5 519 8 8 
5 8 8 
5 8 8 
5 8 8 
5 8 8 
5 6 21 8 68 24 8 
5 6 21 8 68 24 8 
5 6 21 8 68 24 8 
5 27 28 21 8 8 
5 231 8 8 
5 8 8 
5 8 397 8 
5 6 8 8 
5 231 8 8 
5 8 35 8 
5 8 10 8 
5 8 10 8 
5 231 8 8 
5 8 35 8 
5 6 21 8 68 24 8 
5 27 28 21 8 8 
5 8 8 
5 27 28 6 21 8 8 
5 8 8 
5 62 6 63 8 8 
5 378 232 8 8 
5 378 232 8 8 
5 378 232 8 8 
5 8 8 
5 21 8 68 24 8 
5 8 8 
5 8 8 
5 8 8 
5 519 8 8 
5 8 8 
5 162 8 8 
5 8 12 8 
5 231 8 8 
5 8 35 8 
5 8 8 
5 344 162 8 8 
5 101 8 8 
5 62 6 63 8 8 
5 62 6 63 8 8 
5 62 6 63 8 8 
5 6 63 8 35 8 
5 6 63 8 35 8 
5 6 63 8 35 8 
5 6 63 8 35 8 
5 8 8 
5 8 8 
5 176 162 8 8 
5 231 8 8 
5 231 8 8 
5 8 120 8 
5 8 35 8 
5 6 21 63 8 68 24 8 
5 8 8 
5 8 8 
5 8 144 8 
5 8 8 
5 8 8 
5 8 8 
5 8 8 
5 6 63 8 8 
5 6 63 8 8 
5 8 8 
5 231 8 8 
5 8 8 
5 378 232 8 8 
5 8 8 
5 8 8 
5 8 8 
5 8 8 
5 8 8 
5 8 8 
5 8 165 8 
5 8 8 
5 8 8 
5 143 8 144 8 
177 5 112 8 113 8 
177 5 112 8 113 8 
177 5 112 8 113 8 
177 5 112 8 113 8 
177 5 112 8 113 8 
177 5 112 8 113 8 
177 5 112 8 113 8 
5 231 8 8 
5 8 8 
5 8 8 
5 21 352 353 99 8 100 8 
5 8 8 
5 8 8 
5 8 8 
5 8 8 
5 8 8 
5 231 8 8 
5 231 8 8 
5 8 35 8 
5 8 8 
5 8 8 
5 8 8 
5 8 144 8 
5 8 8 
5 8 35 8 
5 101 8 8 
5 8 8 
5 8 8 
5 62 6 63 8 8 
5 8 8 
5 8 8 
5 8 8 
5 8 8 
5 6 63 8 8 
5 6 63 8 8 
5 6 63 8 8 
5 6 63 8 8 
5 6 63 8 8 
5 8 8 
5 27 28 6 21 8 8 
5 231 8 8 
5 231 8 8 
5 6 8 8 
5 8 8 
5 8 8 
5 62 6 63 8 8 
5 62 6 63 64 8 8 
161 5 8 8 
5 62 6 63 8 8 
5 62 6 63 8 8 
5 8 8 
5 62 6 63 8 8 
5 62 6 63 8 8 
5 62 6 63 8 8 
5 62 6 63 8 8 
5 62 6 63 8 8 
5 62 6 63 8 8 
5 62 6 63 8 8 
5 62 6 63 8 8 
5 62 6 63 8 8 
5 62 6 63 8 8 
5 62 6 63 8 8 
5 143 8 144 8 
5 6 63 64 8 8 
5 232 8 233 8 
5 8 8 
5 8 8 
5 8 8 
5 162 8 198 8 
5 162 8 170 8 
5 8 8 
5 199 8 200 8 
5 62 6 63 8 8 
5 8 8 
177 5 112 8 113 8 
5 6 8 8 
5 232 8 233 8 
5 8 8 
5 8 8 
5 8 8 
5 8 8 
5 8 8 
5 8 8 
5 62 6 63 8 8 
5 8 165 8 
5 231 8 8 
5 6 8 9 8 
5 231 8 8 
5 380 8 8 
5 8 8 
5 231 8 8 
5 8 8 
5 8 35 8 
5 8 8 
5 8 8 
5 8 8 
5 8 8 
5 8 8 
5 6 8 35 8 
5 6 21 31 8 68 24 8 
5 231 8 8 
5 8 8 
5 8 8 
5 8 8 
5 8 8 
5 8 8 
5 8 8 
5 8 8 
5 8 8 
5 8 8 
5 8 8 
5 231 8 8 
5 8 8 
5 8 8 
5 8 8 
5 8 8 
5 8 8 
5 8 8 
5 8 8 
5 8 8 
5 8 8 
5 8 8 
5 8 8 
5 8 8 
5 8 35 8 
5 8 8 
5 8 8 
5 8 35 8 
5 8 8 
5 8 8 
5 8 8 
5 8 8 
5 8 8 
5 8 8 
5 8 8 
5 8 8 
5 8 8 
5 8 8 
5 8 8 
5 8 8 
5 8 8 
5 8 8 
5 8 8 
5 8 8 
5 8 8 
5 8 8 
5 8 8 
5 8 8 
5 8 8 
5 8 8 
5 8 8 
5 8 8 
5 8 8 
5 8 8 
5 8 8 
5 8 8 
5 8 8 
5 8 8 
5 8 8 
5 8 8 
5 8 8 
5 8 8 
5 8 8 
5 8 8 
5 8 8 
5 176 162 8 8 
5 8 8 
5 231 8 8 
5 8 8 
5 8 8 
5 8 8 
5 8 8 
5 8 8 
5 8 8 
5 8 8 
5 8 8 
5 8 8 
5 8 8 
5 8 8 
5 8 8 
5 8 8 
5 8 8 
5 8 8 
5 8 8 
5 8 8 
5 8 8 
5 8 8 
5 8 8 
5 8 8 
5 8 8 
5 8 8 
5 8 8 
5 8 8 
5 8 8 
5 8 8 
5 8 8 
5 8 8 
5 8 8 
5 8 8 
5 8 8 
5 8 8 
5 8 8 
5 8 8 
5 8 8 
5 8 8 
5 8 8 
5 8 8 
5 8 8 
5 8 8 
5 8 8 
5 8 8 
5 8 8 
5 8 8 
5 8 8 
5 8 8 
5 8 8 
5 8 8 
5 8 8 
5 8 8 
5 8 8 
5 8 8 
5 8 8 
5 8 8 
5 8 8 
5 8 8 
5 8 8 
5 8 8 
5 8 8 
5 8 8 
5 8 8 
5 8 8 
5 8 8 
5 8 8 
5 8 8 
5 8 8 
5 8 8 
5 8 8 
5 8 8 
5 8 8 
5 8 8 
5 8 8 
5 8 8 
5 8 8 
5 8 8 
5 8 8 
5 8 8 
5 8 8 
5 8 8 
5 8 8 
5 8 8 
5 8 8 
5 8 8 
5 8 8 
5 8 8 
5 8 8 
5 8 8 
5 8 8 
5 8 8 
5 8 8 
5 8 8 
5 8 8 
5 8 8 
5 8 8 
5 8 8 
5 8 8 
5 8 8 
5 8 8 
5 8 8 
5 8 8 
5 8 8 
5 8 8 
5 8 8 
5 8 8 
5 8 8 
5 8 8 
5 8 8 
5 8 8 
5 8 8 
5 8 8 
5 8 8 
5 8 8 
5 8 8 
5 8 8 
5 8 8 
5 8 8 
5 8 8 
5 8 8 
5 8 8 
5 8 8 
5 8 8 
5 8 8 
5 8 8 
5 8 8 
5 8 8 
5 8 8 
5 8 8 
5 8 8 
5 8 8 
5 8 8 
5 8 8 
5 8 8 
5 8 8 
5 8 8 
5 8 8 
5 8 8 
5 8 8 
5 8 8 
5 8 8 
5 8 8 
5 8 8 
5 8 8 
5 8 8 
5 8 8 
5 8 8 
5 8 8 
5 8 8 
5 8 8 
5 8 8 
5 8 8 
5 8 8 
5 8 8 
5 8 8 
5 8 8 
5 8 8 
5 8 8 
5 8 8 
5 8 8 
5 8 8 
5 8 8 
5 8 8 
5 8 8 
5 8 8 
5 8 8 
5 8 8 
5 8 8 
5 8 8 
5 8 8 
5 8 8 
5 8 8 
5 8 8 
5 8 8 
5 8 8 
5 8 8 
5 8 8 
5 8 8 
5 8 8 
5 8 8 
5 8 8 
5 8 8 
5 8 8 
5 8 8 
5 8 8 
5 8 8 
5 8 8 
5 8 8 
5 8 8 
5 8 8 
5 8 8 
5 8 8 
5 8 8 
5 8 8 
5 8 8 
5 8 8 
5 8 8 
5 8 8 
5 8 8 
5 8 8 
5 8 8 
5 8 8 
5 8 8 
5 8 8 
5 8 8 
5 8 8 
5 8 8 
5 8 8 
5 8 8 
5 8 8 
5 8 8 
5 8 8 
5 8 8 
5 8 8 
5 8 8 
5 8 8 
5 8 8 
5 8 8 
5 8 8 
5 8 8 
5 8 8 
5 8 8 
5 8 8 
5 8 8 
5 8 8 
5 8 8 
5 8 8 
5 8 8 
5 8 8 
5 8 8 
5 8 8 
5 8 8 
5 8 8 
5 8 8 
5 8 8 
5 8 8 
5 8 8 
5 8 8 
5 8 8 
5 8 8 
5 8 8 
5 8 8 
5 8 8 
5 8 8 
5 8 8 
5 8 8 
5 8 8 
5 8 8 
5 8 8 
5 8 8 