133 21 22 68 24 24 
81 21 22 82 68 24 24 
81 21 22 82 68 24 24 
5 21 22 143 8 37 144 24 24 
81 21 22 82 24 24 
21 22 68 24 24 
81 21 22 263 82 24 24 
5 21 22 143 8 37 144 24 24 
5 21 22 143 8 37 144 24 24 
21 22 68 24 24 
81 21 22 82 24 24 
81 21 22 82 24 24 
21 22 37 24 24 
21 22 263 24 24 
21 22 68 24 24 
21 22 68 24 24 
21 22 68 24 24 
21 22 68 24 24 
21 22 68 24 24 
21 22 68 24 24 
133 21 22 68 24 24 
21 22 68 24 24 
81 27 28 21 22 82 24 24 
21 22 68 24 24 
21 22 68 24 24 
21 22 68 24 24 
21 22 68 24 24 
133 21 22 68 24 24 
133 21 22 68 24 24 
21 22 68 24 24 
21 22 68 24 24 
21 22 68 24 24 
133 21 22 68 24 24 
133 21 22 68 24 24 
133 21 22 68 24 24 
133 21 22 68 24 24 
21 22 68 24 24 
21 22 68 24 24 
5 48 133 6 21 22 68 24 24 
21 22 68 24 24 
21 22 68 24 24 
21 22 68 24 24 
21 22 68 24 24 
21 22 68 24 24 
21 22 68 24 24 