5 7 8 
5 53 7 
5 53 7 
5 53 7 
5 53 7 
5 7 55 
5 7 55 
5 7 55 
5 7 55 
5 56 7 
5 7 
5 7 8 
5 7 55 
5 7 55 
5 7 8 
5 7 
5 7 
5 56 7 
5 56 7 
5 7 
5 7 8 
5 7 8 
5 7 55 
5 7 55 
5 7 55 
5 7 55 
5 7 55 
5 7 55 
5 7 55 
5 56 7 
5 56 7 
5 56 7 
5 56 7 
58 17 23 
58 17 59 23 
58 17 59 23 
58 17 59 23 
5 7 
5 7 60 
58 17 23 
58 17 23 
58 17 23 
58 17 23 
58 17 23 
58 17 23 
58 17 23 
58 17 23 
58 17 23 
5 7 
5 56 7 
5 56 7 
5 56 7 
5 56 7 
5 56 7 
5 56 7 
5 56 7 
5 56 7 
5 56 7 
5 56 7 
5 7 
5 7 55 
5 7 
5 7 55 
5 62 7 
5 62 7 
5 7 
5 56 7 
5 56 7 
5 56 7 
5 56 7 
5 56 7 
5 56 7 
5 56 7 
5 56 7 
5 56 7 
5 62 7 
5 62 7 
5 62 7 
5 62 7 
5 62 7 
5 62 7 
5 62 7 
5 62 7 
5 7 8 
5 63 64 7 
5 7 55 
5 7 55 
5 7 55 
5 7 55 
5 7 55 
5 7 
5 7 
5 7 55 
5 7 55 
5 7 
5 7 
5 7 65 
5 7 
5 62 7 
5 62 7 
