21 22 68 24 24 
21 22 68 24 24 
21 22 68 24 24 
21 22 68 24 24 
21 22 68 24 24 
21 22 68 24 24 
21 22 352 99 24 100 24 
21 22 68 24 24 
21 22 68 24 24 
21 22 68 24 24 
21 68 24 24 
21 68 24 24 
21 68 24 24 
21 68 24 24 
21 68 24 24 
21 68 24 24 
21 68 24 24 
21 68 24 24 
21 68 24 24 
21 68 24 24 
21 68 24 24 
21 68 24 24 
21 68 24 24 
21 22 68 24 24 
21 22 68 24 24 
21 22 68 24 24 
5 21 8 24 24 
21 68 24 24 
21 68 24 24 
21 68 24 24 
21 68 24 24 
21 22 68 24 24 
21 22 68 24 24 
5 6 21 24 24 
5 6 21 24 24 
21 22 68 24 24 
21 22 68 24 24 
21 22 68 24 24 
21 68 24 24 
21 68 24 24 
21 22 68 24 24 
21 22 68 24 24 
21 22 68 24 24 
21 22 68 24 24 
21 22 68 24 24 
21 22 68 24 24 
21 22 68 24 24 
133 354 21 22 68 24 24 
354 21 22 68 24 24 
354 21 22 68 24 24 
354 21 22 68 24 24 
354 21 22 68 24 24 
21 22 68 24 24 
21 68 24 24 
354 21 22 68 24 24 
354 21 22 68 24 24 
354 21 22 68 24 24 
354 21 22 68 24 24 
354 21 22 68 24 24 
21 22 68 24 24 
21 22 68 24 24 
21 22 68 24 24 
21 22 68 24 24 
21 22 68 24 24 
21 68 24 24 
21 68 24 24 
21 68 24 24 
21 68 24 24 
21 68 24 24 
21 68 24 24 
21 68 24 24 
21 68 24 24 
21 68 24 24 
21 68 24 24 
21 68 24 24 
21 68 24 24 
21 68 24 24 
21 68 24 24 
21 68 24 24 
21 68 24 24 
21 68 24 24 
21 68 24 24 
21 68 24 24 
21 68 24 24 
21 68 24 24 
21 68 24 24 
21 68 24 24 
21 68 24 24 
21 68 24 24 
21 68 24 24 
21 68 24 24 
21 68 24 24 
21 68 24 24 
21 68 24 24 
21 68 24 24 
21 68 24 24 
21 68 24 24 
21 68 24 24 
21 68 24 24 
21 68 24 24 
21 68 24 24 
21 68 24 24 
21 68 24 24 
21 22 68 24 24 
21 68 24 24 
21 68 24 24 
21 68 24 24 
21 68 24 24 
21 68 24 24 
21 68 24 24 
21 22 68 24 24 
21 68 24 24 
21 68 24 24 
21 22 68 24 24 
21 68 24 24 
21 68 24 24 
21 68 24 24 
21 68 24 24 
21 68 24 24 
21 68 24 24 
21 68 24 24 
354 21 22 68 24 24 
21 68 24 24 
21 22 68 24 24 
21 22 68 24 24 
21 22 68 24 24 
21 22 68 24 24 
21 22 68 24 24 
21 22 68 24 24 
21 22 68 24 24 
21 22 68 24 24 
21 68 24 24 
21 68 24 24 
21 22 68 24 24 
21 24 24 