81 27 28 21 22 82 24 27 
81 27 28 21 22 82 24 27 
81 27 28 21 22 82 24 27 
5 27 28 21 22 143 8 37 144 24 27 
27 28 21 22 263 24 27 
133 27 28 21 22 68 24 27 
81 27 28 21 22 82 24 27 
28 27 265 21 22 80 27 
28 27 265 21 22 80 27 
28 27 265 21 22 80 27 
28 27 265 21 22 80 27 
28 27 265 21 22 80 27 
28 27 265 21 22 80 27 
28 27 265 21 22 80 27 
28 27 265 21 22 80 27 
28 27 265 21 22 80 27 
28 27 265 21 22 80 27 
28 27 265 21 22 80 27 
28 27 265 21 22 80 27 
28 27 265 21 22 80 27 
28 27 265 21 22 80 27 
27 28 21 22 68 24 27 
28 27 21 22 111 80 27 
28 27 21 22 111 80 27 
27 28 21 22 68 24 27 
27 28 21 22 68 24 27 
28 27 21 22 111 80 27 
27 28 21 22 27 
28 27 21 22 266 27 
28 27 21 22 266 27 
28 27 21 22 266 27 
28 27 21 22 266 27 
28 27 21 22 266 27 
28 27 21 22 266 27 
28 27 21 22 266 27 
28 27 21 22 266 27 
28 27 21 22 266 27 
28 27 21 22 266 27 
28 27 21 22 266 27 
28 27 21 22 266 27 
28 27 21 22 266 27 
28 27 21 22 266 27 
28 27 21 22 266 27 
28 27 21 22 266 27 
28 27 21 22 266 27 
28 27 21 22 266 27 
28 27 21 22 266 27 
28 27 21 22 266 27 
28 27 21 22 266 27 
28 27 21 22 266 27 
28 27 21 22 266 27 
28 27 21 22 266 27 
28 27 21 22 266 27 
28 27 21 22 266 27 
28 27 21 22 266 27 
28 27 21 22 266 27 
28 27 21 22 266 27 
28 27 21 22 266 27 
28 27 21 22 266 27 
28 27 21 22 266 27 
28 27 21 22 266 27 
28 27 21 22 266 27 
28 27 21 22 266 27 
28 27 21 22 266 27 
28 27 21 22 266 27 
28 27 21 22 266 27 
28 27 21 22 266 27 
28 27 21 22 266 27 
28 27 21 22 266 27 
28 27 21 22 266 27 
28 27 21 22 266 27 
28 27 21 22 266 27 
28 27 21 22 266 27 
28 27 21 22 266 27 
28 27 21 22 266 27 
28 27 21 22 266 27 
28 27 21 22 266 27 
28 27 21 22 266 27 
28 27 21 22 266 27 
28 27 21 22 266 27 
28 27 21 22 266 27 
28 27 21 22 266 27 
28 27 21 22 266 27 
28 27 21 22 266 27 
28 27 21 22 266 27 
27 28 21 22 263 24 27 
28 27 21 22 266 68 24 27 
28 27 21 22 27 
28 27 21 22 27 
28 27 21 22 27 
28 27 21 22 27 
28 27 21 22 27 
28 27 21 22 27 
28 27 21 22 27 
28 27 21 22 27 
28 27 21 22 27 
28 27 21 22 27 
28 27 21 22 27 
27 28 21 22 24 27 
28 27 21 22 27 
28 27 21 22 27 
5 28 27 6 21 31 22 111 80 27 
28 27 21 22 111 80 27 
28 27 21 22 111 80 27 
28 27 265 21 22 80 27 
28 27 265 21 22 80 27 
28 27 265 21 22 80 27 
28 27 265 21 22 80 27 
28 27 265 21 22 80 27 
5 28 27 21 22 27 
5 28 27 21 22 27 
5 28 27 21 22 27 
5 28 27 21 22 27 
5 28 27 21 22 27 
5 28 27 21 22 27 
5 28 27 21 22 27 
5 28 27 21 22 27 
5 28 27 21 22 27 
5 28 27 21 22 27 
5 28 27 21 22 27 
5 28 27 21 22 27 
5 28 27 21 22 27 
5 28 27 21 22 27 
5 28 27 21 22 27 
5 28 27 21 22 27 
5 28 27 21 22 27 
5 28 27 21 22 27 
5 28 27 21 22 27 
5 28 27 21 22 27 
5 28 27 21 22 27 
5 28 27 21 22 27 
5 28 27 21 22 27 
5 28 27 21 22 27 
5 28 27 21 22 27 
5 28 27 21 22 27 
5 28 27 21 22 27 
5 28 27 21 22 27 
5 28 27 21 22 27 
5 28 27 21 22 27 
5 28 27 21 22 27 
5 28 27 21 22 27 
5 28 27 21 22 27 
5 28 27 21 22 27 
5 28 27 21 22 27 
5 28 27 21 22 27 
5 28 27 21 22 27 
5 28 27 21 22 27 
5 28 27 21 22 27 
5 28 27 21 22 27 
5 28 27 21 22 27 
5 28 27 21 22 27 
5 28 27 21 22 27 
5 28 27 21 22 27 
5 28 27 21 22 27 
5 28 27 21 22 27 
5 28 27 21 22 27 
5 28 27 21 22 27 
27 28 21 22 24 27 
28 27 21 22 266 27 
28 27 21 22 266 27 
28 27 21 22 266 27 
28 27 21 22 266 27 
28 27 21 22 266 27 
28 27 21 22 266 27 
28 27 21 22 266 27 
28 27 21 22 266 27 
28 27 21 22 266 27 
28 27 21 22 266 27 
28 27 21 22 266 27 
28 27 21 22 266 27 
28 27 21 22 266 27 
28 27 21 22 266 27 
28 27 21 22 266 27 
28 27 21 22 266 27 
28 27 21 22 266 27 
28 27 21 22 266 27 
28 27 21 22 266 27 
28 27 21 22 266 27 
28 27 21 22 266 27 
28 27 21 22 266 27 
28 27 21 22 266 27 
28 27 21 22 266 27 
28 27 21 22 266 27 
28 27 21 22 266 27 
28 27 21 22 266 27 
28 115 116 27 21 22 117 111 80 27 
28 115 116 27 21 22 117 111 80 27 
28 115 116 27 21 22 117 111 80 27 
28 115 116 27 21 22 117 111 80 27 
28 115 116 27 21 22 117 111 80 27 
28 115 116 27 21 22 117 111 80 27 
28 27 21 22 266 27 
28 27 21 22 266 27 
28 27 21 22 266 27 
28 27 21 22 266 27 
28 27 21 22 266 27 
28 27 21 22 266 27 
28 27 21 22 266 27 
28 27 21 22 266 27 
28 27 21 22 266 27 
28 27 21 22 266 27 
28 27 21 22 266 27 
28 27 21 22 266 27 
28 27 21 22 266 27 
28 27 21 22 266 27 
28 27 21 22 266 27 
28 27 21 22 266 27 
28 27 21 22 266 27 
28 27 21 22 266 27 
28 27 21 22 266 27 
28 27 21 22 266 27 
28 27 21 22 266 27 
28 27 21 22 266 27 
28 27 21 22 266 27 
28 27 21 22 266 27 
28 27 21 22 266 27 
28 27 21 22 266 27 
28 27 21 22 266 27 
28 27 21 22 266 27 
28 27 21 22 266 27 
28 27 21 22 266 27 
28 27 21 22 266 27 
28 27 21 22 266 27 
28 27 21 22 266 27 
28 27 21 22 266 27 
28 27 21 22 266 27 
28 27 21 22 266 27 
28 27 21 22 266 27 
28 27 21 22 266 27 
28 27 21 22 266 27 
28 27 21 22 266 27 
28 27 21 22 266 27 
28 27 21 22 266 27 
28 27 21 22 266 27 
28 27 21 22 266 27 
28 27 21 22 266 27 
28 27 21 22 266 27 
28 27 21 22 266 27 
28 27 21 22 266 27 
28 27 21 22 266 27 
28 27 21 22 266 27 
28 27 21 22 266 27 
28 27 21 22 266 27 
28 27 21 22 266 27 
28 27 21 22 266 27 
28 27 21 22 266 27 
28 27 21 22 266 27 
28 27 21 22 266 27 
28 27 21 22 266 27 
28 27 21 22 266 27 
28 27 21 22 266 27 
28 27 21 22 266 27 
28 27 21 22 266 27 
28 27 21 22 266 27 
28 27 21 22 266 27 
28 27 21 22 266 27 
28 27 21 22 266 27 
28 27 21 22 266 27 
28 27 21 22 266 27 
28 27 21 22 266 27 
28 27 21 22 266 27 
28 27 21 22 266 27 
28 27 21 22 266 27 
28 27 21 22 266 27 
28 27 21 22 266 27 
28 27 21 22 266 27 
28 27 21 22 266 27 
28 27 21 22 266 27 
28 27 21 22 266 27 
28 27 21 22 266 27 
28 27 21 22 266 27 
28 27 21 22 266 27 
28 27 21 22 266 27 
28 27 21 22 266 27 
28 27 21 22 266 27 
28 27 21 22 266 27 
28 27 21 22 266 27 
28 27 21 22 266 27 
27 28 21 22 263 24 27 
28 27 21 22 266 27 
28 27 21 22 266 27 
28 27 21 22 266 27 
28 27 21 22 266 27 
28 27 21 22 266 27 
28 27 21 22 266 27 
28 27 21 22 111 80 27 
28 27 21 22 111 80 27 
5 27 28 6 21 25 26 61 27 
5 27 28 6 21 25 26 61 27 
27 28 21 22 68 24 27 
27 28 21 22 68 24 27 
28 27 21 22 27 
28 27 21 22 27 
28 27 21 22 27 
28 27 21 22 27 
28 27 265 21 22 80 27 
28 27 265 21 22 80 27 
28 27 265 21 22 80 27 
28 27 265 21 22 80 27 
28 27 265 21 22 80 27 
28 27 265 21 22 80 27 
28 27 265 21 22 80 27 
28 27 265 21 22 80 27 
28 27 265 21 22 80 27 
28 27 265 21 22 80 27 
28 27 265 21 22 80 27 
28 27 265 21 22 80 27 
28 27 265 21 22 80 27 
28 27 265 21 22 80 27 
28 27 265 21 22 80 27 
28 27 265 21 22 80 27 
28 27 21 22 27 
28 27 21 22 27 
28 27 21 22 27 
28 27 21 22 27 
28 27 21 22 27 
28 27 21 22 27 
28 27 21 22 27 
28 27 21 22 27 
28 27 21 22 111 80 27 
28 27 265 21 22 80 27 
28 27 265 21 22 80 27 
28 27 265 21 22 80 27 
28 27 265 21 22 80 27 
28 27 265 21 22 80 27 
27 28 21 22 263 24 27 
27 28 21 22 263 24 27 
27 28 21 22 263 24 27 
27 28 21 22 263 24 27 
27 28 21 22 25 268 27 
27 28 104 21 22 68 24 27 
28 27 265 21 22 80 27 
28 27 265 21 22 80 27 
28 27 265 21 22 80 27 
28 27 265 21 22 80 27 
28 27 265 21 22 25 26 80 27 
28 27 265 21 22 25 26 80 27 
28 27 265 21 22 25 26 80 27 
28 27 265 21 22 25 26 80 27 
28 27 265 21 22 25 26 80 27 
28 27 265 21 22 25 26 80 27 
28 27 265 21 22 25 26 80 27 
28 27 265 21 22 25 26 80 27 
28 27 265 21 22 25 26 80 27 
28 27 265 21 22 25 26 80 27 
28 27 265 21 22 25 26 80 27 
28 27 265 21 22 25 26 80 27 
28 27 21 22 27 
28 27 21 22 111 80 27 
28 27 265 21 22 80 27 
28 27 265 21 22 80 27 
28 27 265 21 22 80 27 
28 27 265 21 22 80 27 
28 27 265 21 22 80 27 
28 27 265 21 22 80 27 
28 27 265 21 22 80 27 
28 27 21 22 266 25 268 27 
28 27 265 21 22 80 27 
28 27 265 21 22 80 27 
28 27 265 21 22 80 27 
28 27 265 21 22 80 27 
27 28 21 22 263 24 27 
28 27 265 21 22 80 27 
5 28 27 6 21 31 22 27 
5 28 27 6 21 31 22 27 
5 28 27 6 21 31 22 27 
5 28 27 6 21 31 22 27 
28 27 265 21 22 25 26 80 27 
28 27 265 21 22 25 26 80 27 
28 27 265 21 22 25 26 80 27 
28 27 265 21 22 25 26 80 27 
28 27 265 21 22 25 26 80 27 
28 27 265 21 22 25 26 80 27 
28 27 265 21 22 25 26 80 27 
28 27 265 21 22 25 26 80 27 
28 27 265 21 22 25 26 80 27 
28 27 265 21 22 25 26 80 27 
28 27 265 21 22 25 26 80 27 
28 27 265 21 22 25 26 80 27 
28 27 265 21 22 80 27 
28 27 265 21 22 80 27 
28 27 21 22 37 24 27 
28 27 21 22 37 24 27 
28 27 21 22 37 24 27 
28 27 21 22 37 24 27 
28 27 21 22 37 24 27 
28 27 21 22 37 24 27 
28 27 21 22 37 24 27 
28 27 21 22 266 27 
28 27 21 22 111 80 27 
28 27 21 22 266 27 
28 27 21 22 266 27 
28 27 21 22 266 27 
28 27 21 22 266 27 
28 27 21 22 266 27 
28 27 21 22 266 27 
28 27 21 22 266 27 
28 27 21 22 111 24 80 27 
28 27 21 22 27 
5 27 28 6 21 27 
5 27 28 6 21 27 
5 27 28 6 21 27 
5 27 28 6 21 27 
28 27 265 21 22 25 26 80 27 
28 27 265 21 22 25 26 80 27 
28 27 265 21 22 25 26 80 27 
28 27 265 21 22 25 26 80 27 
91 5 28 27 6 21 22 92 27 
91 5 28 27 6 21 22 92 27 
91 5 28 27 6 21 22 92 27 
91 5 28 27 6 21 22 92 27 
91 5 28 27 6 21 22 92 27 
28 27 265 21 22 80 27 
28 27 265 21 22 80 27 
28 27 265 21 22 80 27 
28 27 265 21 22 25 26 80 27 
28 27 21 22 27 
28 27 21 22 27 
28 27 21 22 111 80 27 
28 27 21 22 27 
28 27 265 21 22 80 27 
28 27 265 21 22 80 27 
28 27 265 21 22 80 27 
28 27 21 22 266 25 26 27 
28 27 21 22 266 25 26 27 
28 27 21 22 27 
28 27 21 22 27 
28 27 21 22 27 
28 27 21 22 27 
28 27 21 22 27 
28 27 21 22 27 
28 27 21 22 27 
28 27 21 22 27 
28 27 21 22 27 
28 27 21 22 27 
28 27 21 22 27 
28 27 21 22 27 
28 27 21 22 27 
28 27 21 22 27 
28 27 21 22 27 
28 27 21 22 27 
28 27 21 22 266 25 268 27 
28 27 21 22 266 25 268 27 
28 27 21 22 27 
28 27 21 22 27 
27 28 21 22 263 24 27 
27 28 21 22 263 24 27 
27 28 21 22 263 24 27 
27 28 21 22 263 24 27 
28 27 21 22 37 24 27 
28 27 21 22 37 24 27 
28 27 21 22 37 24 27 
28 27 21 22 37 24 27 
28 27 21 22 37 24 27 
28 27 21 22 37 24 27 
28 27 21 22 37 24 27 
28 27 21 22 37 24 27 
28 27 265 21 22 80 27 
28 27 265 21 22 80 27 
28 27 265 21 22 80 27 
28 27 265 21 22 80 27 
28 27 265 21 22 80 27 
28 27 265 21 22 80 27 
28 27 21 22 27 
28 27 21 22 27 
28 27 21 22 27 
28 27 265 21 22 80 27 
28 27 265 21 22 80 27 
28 27 265 21 22 80 27 
28 27 265 21 22 80 27 
28 27 265 21 22 80 27 
28 27 265 21 22 80 27 
28 27 265 21 22 80 27 
28 27 265 21 22 80 27 
28 27 265 21 22 80 27 
28 27 265 21 22 80 27 
28 27 265 21 22 80 27 
28 27 265 21 22 80 27 
28 27 265 21 22 80 27 
28 27 265 21 22 80 27 
28 27 265 21 22 80 27 
28 27 265 21 22 80 27 
28 27 265 21 22 80 27 
28 27 21 22 36 130 27 
81 27 28 21 22 82 24 27 
28 27 21 22 68 111 24 80 27 
28 27 21 22 27 
28 27 21 22 27 
28 27 21 22 27 
28 27 21 22 27 
28 27 21 22 27 
28 27 21 22 27 
28 27 21 22 27 
28 27 21 22 27 
28 27 21 22 27 
28 27 21 22 27 
28 27 21 22 27 
28 27 21 22 27 
28 27 21 22 27 
28 27 21 22 27 
28 27 21 22 27 
28 27 21 22 27 
28 27 21 22 27 
28 27 21 22 27 
28 27 21 22 27 
28 27 21 22 27 
28 27 21 22 27 
28 27 21 22 27 
5 27 28 6 21 27 