109 28 21 22 68 24 80 110 110 
109 28 21 22 68 24 80 110 110 
109 28 21 22 68 24 80 110 110 
28 109 21 22 80 110 110 
28 109 21 22 80 110 110 
28 109 21 22 80 110 110 
28 109 21 22 80 110 110 
28 109 21 22 80 110 110 
28 109 21 22 80 110 110 
28 109 21 22 80 110 110 
28 109 21 22 80 110 110 
109 28 21 22 24 80 110 110 
28 109 21 22 80 110 110 
28 109 21 22 80 110 110 
28 109 21 22 80 110 110 
109 28 21 22 24 80 110 110 
5 28 109 6 21 63 80 110 110 
109 28 21 22 24 80 110 110 
109 28 21 22 24 80 110 110 
109 28 21 22 24 80 110 110 
28 109 21 22 80 110 110 
28 109 21 22 80 110 110 
109 28 21 22 68 24 80 110 110 
28 109 21 22 80 110 110 
28 109 21 22 80 110 110 
28 109 21 22 80 110 110 
28 109 21 22 80 110 110 
28 109 21 22 80 110 110 
28 109 21 22 80 110 110 
28 109 21 22 364 80 110 110 
28 109 21 22 80 110 110 
28 109 21 22 80 110 110 
109 28 21 22 68 24 80 110 110 
28 109 21 22 80 110 110 
109 28 21 22 24 80 110 110 
28 109 21 22 80 110 110 
472 28 109 21 22 80 110 110 
28 109 21 22 80 110 110 
109 28 21 22 24 80 110 110 
28 109 21 22 80 110 110 
28 109 21 22 80 110 110 
109 28 21 22 68 24 80 110 110 
28 109 21 22 80 110 110 
28 109 21 22 80 110 110 
5 28 109 6 21 22 23 80 110 110 
27 28 109 21 22 24 80 110 110 
109 28 21 22 68 24 80 110 110 
28 109 21 22 80 110 110 
28 109 21 22 80 110 110 
28 109 21 22 80 110 110 
109 28 21 22 24 80 110 110 
109 28 21 22 24 80 110 110 
109 28 21 22 24 80 110 110 
28 109 21 22 80 110 110 
28 109 21 22 80 110 110 
28 109 21 22 80 110 110 
109 28 21 22 68 24 80 110 110 
28 109 21 22 80 110 110 
109 28 21 22 24 80 110 110 
28 109 21 22 68 24 80 110 110 
28 109 21 22 68 24 80 110 110 
5 28 109 6 21 22 23 80 110 110 
5 28 109 6 21 22 23 80 110 110 
109 28 21 22 24 80 110 110 
109 28 21 22 24 364 80 110 110 
109 28 21 22 24 80 110 110 
109 28 21 22 99 24 362 80 110 110 
28 109 21 22 80 110 110 
109 28 21 22 352 353 99 68 24 80 100 110 110 
28 109 21 22 80 110 110 
28 109 21 22 80 110 110 
256 109 28 21 22 80 110 110 
28 109 21 22 80 110 110 
28 109 21 22 80 110 110 
28 109 21 22 80 110 110 
28 109 21 22 80 110 110 
28 109 21 22 80 110 110 
28 109 21 22 80 110 110 
28 109 21 22 80 110 110 
28 109 21 489 22 36 80 110 110 
28 109 21 22 80 110 110 
28 109 21 22 80 110 110 
28 109 21 22 80 110 110 
28 109 21 22 80 110 110 
28 109 21 22 80 110 110 
28 109 21 22 80 110 110 
28 109 21 22 80 110 110 
28 109 21 22 80 110 110 
28 109 21 22 80 110 110 
28 109 21 22 80 110 110 
28 109 21 22 80 110 110 
28 109 21 22 80 110 110 
109 28 21 22 24 80 110 110 
109 28 21 22 68 24 80 110 110 
28 109 21 22 80 110 110 
28 109 21 22 80 110 110 
28 109 21 22 80 110 110 
28 109 21 22 80 110 110 
109 28 21 22 68 24 80 110 110 
109 28 21 22 68 24 80 110 110 
28 109 21 22 80 110 110 
28 109 21 22 80 110 110 
109 28 21 22 68 24 80 110 110 
109 28 21 22 68 24 80 110 110 
28 109 21 22 364 80 110 110 
28 109 21 22 80 110 110 
28 109 21 22 80 110 110 
28 109 21 22 80 110 110 
28 109 21 22 80 110 110 
28 109 21 22 80 110 110 
28 109 21 22 80 110 110 
28 109 21 22 80 110 110 
28 109 21 22 80 110 110 
28 109 21 22 80 110 110 
28 109 21 22 80 110 110 
28 109 21 22 80 110 110 
28 109 21 22 80 110 110 
28 109 21 22 80 110 110 
28 109 21 22 80 110 110 
28 109 21 22 80 110 110 
28 109 21 22 80 110 110 