151 413 487 152 153 151 
5 151 152 153 151 
5 151 152 153 151 
151 152 153 151 
151 152 153 151 
151 152 153 151 
151 152 153 151 
151 152 153 151 
151 152 153 151 
151 152 153 151 
151 152 153 151 
151 152 153 151 
151 152 153 151 
151 152 153 151 
151 152 153 151 
151 152 153 151 
5 151 152 153 151 
151 152 153 151 
151 152 153 151 
151 152 153 151 
151 152 153 151 
151 152 153 151 
151 152 153 151 
151 152 153 151 
151 152 153 151 
151 152 153 151 
151 152 153 151 
151 152 153 151 
151 152 153 151 
151 152 153 151 
151 152 153 151 
151 152 153 151 
151 152 153 151 
151 152 153 151 
151 152 153 151 
151 152 153 151 
151 152 36 153 151 
151 152 153 151 
151 152 153 151 
151 152 153 151 
151 152 153 151 
151 152 153 151 
151 152 153 151 
151 152 153 151 
151 152 153 151 
151 152 153 151 
151 152 153 151 
151 152 153 151 
151 152 153 151 
151 152 153 151 
151 152 153 151 
151 152 153 151 
151 152 153 151 
151 152 153 151 
151 152 153 151 
151 152 85 153 86 151 
151 152 153 151 
5 151 6 152 23 139 153 151 
5 151 152 153 151 
151 152 153 151 
151 152 153 151 
151 152 153 151 
151 152 153 151 
151 152 153 151 
151 152 153 151 
151 152 153 151 
151 152 153 151 
151 152 153 151 
151 152 153 151 
151 152 153 151 
151 152 153 151 
151 152 153 151 
151 152 153 151 
151 152 153 151 
151 152 153 151 
151 152 153 151 
151 152 153 151 
151 152 153 151 
151 152 153 151 
151 152 153 151 
151 152 153 151 
151 152 153 151 
151 152 153 151 
5 151 152 153 151 
5 151 152 153 151 
151 152 153 151 
151 152 153 151 
151 152 153 151 
151 152 153 151 
151 152 153 151 
151 152 153 151 
151 152 153 151 
151 152 153 151 
151 152 153 151 
151 152 153 151 
151 152 153 151 
151 152 153 151 
151 152 153 151 
151 152 153 151 
151 152 153 151 
151 152 153 151 
151 152 153 151 
151 152 153 151 
5 151 152 153 151 
151 152 153 151 
5 151 143 152 8 144 153 151 
151 152 153 151 
151 152 153 151 
151 152 153 151 
151 152 153 151 
151 152 153 151 
151 152 153 151 
151 152 153 151 
118 151 152 132 36 153 151 
118 151 152 132 36 153 151 
118 151 152 132 36 153 151 
118 151 152 132 36 153 151 
118 151 152 132 36 153 151 
118 151 152 132 36 153 151 
118 151 152 132 36 153 151 
151 152 153 151 
151 152 153 151 
151 152 153 151 
151 152 153 151 
151 152 153 151 
151 152 153 151 
151 152 153 151 
151 152 153 151 
151 152 153 151 
151 152 153 151 
151 152 153 151 
151 152 153 151 
151 152 153 151 
151 152 153 151 
151 152 153 151 
151 152 153 151 
151 152 153 151 
151 152 153 151 
151 152 153 151 
151 152 153 151 
151 152 153 151 
151 152 153 151 
151 152 153 151 
151 152 153 151 
151 152 153 151 
151 152 153 151 
151 152 153 151 
151 152 153 151 
151 152 153 151 
5 151 152 153 151 
5 151 6 152 153 151 
5 151 6 152 153 151 
151 152 153 151 
151 152 153 151 
151 152 153 151 
151 152 153 151 
151 152 153 151 
151 152 153 151 
5 151 152 153 151 
5 151 152 153 151 
5 151 152 153 151 
5 151 152 153 151 
5 151 152 153 151 
151 152 153 151 
151 152 153 151 
151 152 153 151 
151 152 153 151 
151 152 153 151 
151 152 153 151 
151 152 153 151 
5 151 152 153 151 
151 152 153 151 
151 152 153 151 
151 152 153 151 
151 152 153 151 
151 152 153 151 
151 152 153 151 
151 152 153 151 
151 152 153 151 
151 152 153 151 
151 152 153 151 
151 152 153 151 
151 152 153 151 
151 152 153 151 
151 152 153 151 
151 152 153 151 
151 152 153 151 
151 152 153 151 
151 152 153 151 
151 152 153 151 
151 152 153 151 
151 152 153 151 
151 152 153 151 
151 152 153 151 
5 151 152 153 151 
151 152 153 151 
151 152 153 151 
151 152 153 151 
151 152 153 151 
151 152 153 151 
151 152 153 151 
151 152 153 151 
151 152 153 151 
151 152 153 151 
151 152 153 151 
151 152 153 151 
151 152 153 151 
151 152 153 151 
151 152 153 151 
151 152 153 151 
151 152 153 151 
151 152 153 151 
151 152 153 151 
151 152 153 151 
151 152 153 151 
151 152 153 151 
151 152 153 151 
151 152 153 151 
151 152 153 151 
151 152 153 151 
151 152 153 151 
151 152 153 151 
151 152 153 151 
151 152 153 151 
151 152 153 151 
151 152 153 151 
151 152 153 151 
151 152 153 151 
151 152 153 151 
151 152 153 151 
151 152 153 151 
151 152 153 151 
151 152 153 151 
5 151 162 152 8 153 151 
5 151 162 152 8 153 151 
5 151 162 152 8 153 151 
5 151 162 152 8 153 151 
151 152 153 151 
151 152 153 151 
151 152 153 151 
5 151 152 153 151 
151 152 153 151 
151 152 153 151 
151 152 153 151 
151 152 153 151 
151 152 153 151 
151 152 153 151 
151 152 153 151 
151 152 153 151 
151 152 153 151 
151 152 153 151 
151 152 153 151 
5 151 152 153 151 
151 152 153 151 
151 152 153 151 
151 152 153 151 
151 152 153 151 
151 152 153 151 
151 152 153 151 
151 152 153 151 
5 151 152 153 151 
151 152 153 151 
151 152 153 151 
151 152 153 151 
151 152 153 151 
151 152 153 151 
5 151 152 153 151 
151 152 153 151 
151 152 153 151 
151 152 153 151 
151 152 153 151 
151 152 153 151 
151 152 153 151 
151 152 153 151 
151 152 153 151 
151 152 153 151 
151 152 153 151 
151 152 153 151 
151 152 153 151 
151 152 153 151 
151 152 153 151 
151 152 153 151 
151 152 153 151 
151 152 153 151 
151 152 153 151 
151 152 153 151 
151 152 153 151 
151 152 153 151 
151 152 153 151 
151 152 153 151 
151 152 153 151 
151 152 153 151 
151 152 153 151 
151 152 153 151 
151 152 153 151 
151 152 153 151 
151 152 7 11 10 153 151 
151 152 153 151 
151 152 153 151 
151 152 153 151 
151 152 153 151 
151 152 153 151 
151 152 153 151 
151 152 153 151 
151 152 153 151 
151 152 153 151 
151 152 153 151 
151 152 153 151 
151 152 153 151 
151 152 153 151 
151 152 153 151 
151 152 153 151 
151 152 153 151 
151 152 153 151 
151 152 153 151 
151 152 153 151 
151 152 153 151 
151 152 153 151 
83 151 152 153 151 
151 413 152 153 151 
151 152 153 151 
151 152 153 151 
151 152 153 151 
151 152 153 151 
151 152 36 153 151 
151 152 153 151 
151 152 153 151 
151 152 153 151 
151 152 153 151 
151 152 153 151 
151 152 153 151 
151 152 153 151 
151 152 153 151 
151 152 153 151 
151 152 153 151 
151 152 153 151 
151 118 152 119 36 153 151 
91 5 151 6 152 92 153 151 
5 151 152 153 151 
5 151 152 153 151 
5 151 152 153 151 
151 152 153 151 
151 152 153 151 
151 152 153 151 
151 152 153 151 
151 152 153 151 
151 152 153 151 
151 152 153 151 
151 152 153 151 
151 152 153 151 
151 152 153 151 
151 152 153 151 
151 152 153 151 
151 152 153 151 
151 152 153 151 
151 152 153 151 
5 151 6 152 153 151 
5 151 6 152 61 153 151 
151 152 153 151 
151 152 153 151 
151 152 153 151 
151 152 153 151 
151 152 153 151 
151 152 153 151 
151 152 153 151 
5 151 152 153 151 
5 151 152 153 151 
151 152 153 151 
151 152 153 151 
151 152 153 151 
151 152 153 151 
151 152 153 151 
151 152 153 151 
151 152 153 151 
151 152 153 151 
151 152 153 151 
151 152 153 151 
151 152 153 151 
151 152 153 151 
151 152 153 151 
151 152 153 151 
151 152 153 151 
151 152 153 151 
151 152 153 151 
151 152 153 151 
151 152 153 151 
151 152 153 151 
151 152 153 151 
151 152 153 151 
151 152 153 151 
151 152 153 151 
151 152 153 151 
151 152 153 151 
151 152 153 151 
151 152 153 151 
151 152 153 151 
151 152 153 151 
151 152 153 151 
151 152 153 151 
151 152 153 151 
151 152 153 151 
151 152 153 151 
151 152 153 151 
151 152 153 151 
151 152 153 151 
5 151 152 153 151 
151 152 153 151 
151 152 153 151 
151 152 153 151 
151 152 153 151 
151 152 153 151 
151 152 153 151 
151 152 153 151 
151 152 153 151 
151 152 153 151 
151 152 153 151 
151 152 25 26 153 151 
151 152 153 151 
151 152 153 151 
151 152 153 151 
5 151 152 153 151 
151 152 153 151 
151 152 153 151 
151 152 153 151 
151 152 153 151 
151 152 153 151 
151 152 153 151 
151 152 153 151 
177 151 112 152 113 309 153 310 151 
151 152 153 151 
151 152 153 151 
5 151 152 153 151 
151 152 153 151 
151 152 153 151 
151 152 153 151 
151 152 10 153 151 
151 152 10 153 151 
151 152 10 153 151 
151 152 153 151 
151 152 153 151 
151 152 142 36 153 151 
151 152 153 151 
151 152 153 151 
151 152 153 151 
151 152 153 151 
151 152 153 151 
151 152 153 151 
151 152 153 151 
151 152 153 151 
151 152 153 151 
151 152 153 151 
151 152 153 151 
151 152 153 151 
151 152 153 151 
151 152 153 151 
151 152 153 151 
151 152 153 151 
151 152 153 151 
151 152 153 151 
5 151 152 153 151 
151 152 153 151 
151 152 153 151 
151 152 153 151 
5 151 152 153 151 
5 151 152 153 151 
5 151 152 153 151 
151 152 153 151 
151 152 153 151 
151 152 153 151 
151 152 153 151 
151 152 153 151 
5 151 152 153 151 
5 151 152 153 151 
5 151 152 153 151 
151 152 153 151 
151 152 153 151 
151 152 153 151 
151 152 153 151 
151 152 153 151 
151 152 153 151 
151 152 153 151 
151 152 153 151 
151 152 153 151 
151 152 153 151 
151 152 153 151 
151 152 153 151 
151 152 153 151 
151 152 153 151 
151 152 153 151 
151 152 153 151 
151 152 153 151 
151 152 153 151 
151 152 153 151 
151 152 153 151 
151 152 153 151 
151 152 153 151 
151 152 153 151 
151 152 153 151 
151 152 153 151 
151 152 153 151 
151 152 153 151 
151 152 153 151 
151 152 153 151 
151 152 153 151 
151 152 153 151 
151 152 153 151 
151 152 153 151 
151 152 153 151 
151 152 153 151 
151 152 153 151 
151 152 153 151 
151 152 153 151 
151 413 152 153 151 
5 151 6 152 153 151 
151 152 153 151 
151 152 153 151 
151 152 153 151 
151 152 153 151 
151 152 153 151 
151 152 153 151 
151 152 153 151 
151 152 153 151 
151 152 153 151 
5 151 152 153 151 
5 151 152 153 151 
151 152 153 151 
151 152 153 151 
151 152 153 151 
151 152 153 151 
151 152 153 151 
151 152 153 151 
151 152 153 151 
5 151 152 153 151 
5 151 152 153 151 
5 151 152 153 151 
5 151 152 153 151 
151 152 153 151 
151 413 152 153 151 
151 413 152 153 151 
151 152 153 151 
151 152 153 151 
151 152 153 151 
151 152 153 151 
151 152 153 151 
151 152 153 151 
151 152 153 151 
151 152 153 151 
151 152 153 151 
151 152 153 151 
5 151 152 153 151 
5 151 152 153 151 
5 151 152 153 151 
151 152 153 151 
151 152 153 151 
151 152 153 151 
151 152 153 151 
151 152 153 151 
151 152 153 151 
151 152 153 151 
151 152 153 151 
151 152 153 151 
151 152 153 151 
151 152 153 151 
151 152 153 151 
151 152 153 151 
151 152 153 151 