5 8 36 165 36 
398 254 36 36 
254 36 255 36 
254 36 255 36 
254 36 255 36 
142 36 36 
254 36 255 36 
5 8 36 36 
254 36 255 36 
254 36 255 36 
5 8 36 120 36 
254 36 255 36 
159 36 586 70 130 36 
118 173 119 36 36 
493 254 36 36 
83 36 36 
254 36 255 36 
254 36 255 36 
5 344 162 8 36 36 
36 36 
5 143 8 36 144 36 
21 22 36 68 24 36 
36 283 36 
36 283 36 
5 6 23 8 36 139 36 
142 36 36 
254 36 36 
5 13 8 36 219 14 36 
142 36 36 
142 36 36 
142 36 36 
142 36 36 
254 36 255 36 
11 10 36 125 36 
36 36 
254 36 255 36 
142 36 36 
142 36 36 
142 36 36 
142 36 36 
142 36 36 
254 36 255 36 
254 36 255 36 
159 36 586 70 130 36 
142 36 36 
142 36 36 
142 36 36 
142 36 36 
142 36 36 
5 8 36 165 36 
254 142 36 36 
151 152 36 153 36 
254 36 255 36 
36 36 
36 36 
142 36 36 
142 36 36 
5 8 36 36 
118 173 36 36 
254 36 255 36 
254 36 255 36 
152 36 153 36 
254 36 255 36 
5 8 36 219 36 
5 372 8 36 36 
142 36 36 
5 8 36 36 
493 254 36 36 
493 254 36 36 
133 21 22 36 68 24 36 
5 8 36 36 
5 8 36 165 36 
5 372 8 36 36 
36 122 123 36 
493 254 36 36 
21 22 36 68 24 36 
5 8 36 165 36 
398 254 36 36 
383 384 254 36 36 
383 384 254 36 36 
383 384 254 36 36 
36 36 
254 36 255 36 
36 283 36 
254 36 283 36 
254 36 255 36 
254 36 255 36 
254 36 255 36 
5 8 36 219 36 
36 36 
254 36 255 36 
81 21 22 36 82 24 36 
254 36 255 36 
36 36 
142 36 36 
5 8 36 120 36 
5 21 22 143 8 37 36 144 24 36 
254 36 255 36 
5 8 36 165 36 
5 176 162 8 36 36 
5 36 36 
152 36 153 36 
36 283 36 
5 36 36 
254 36 255 36 
161 36 36 
254 36 255 36 
498 36 36 
254 36 255 36 
48 5 6 345 36 396 36 
21 22 37 36 24 36 
254 36 255 36 
254 36 255 36 
36 122 123 36 
5 8 36 36 
5 8 36 165 36 
5 36 36 
345 142 36 396 36 
5 8 36 120 36 
36 36 
254 36 255 36 
36 283 36 
142 36 36 
142 36 36 
142 36 36 
5 6 36 36 
254 36 255 36 
36 122 123 36 
254 36 255 36 
254 36 255 36 
254 36 255 36 
254 36 255 36 
398 254 36 36 
254 36 255 36 
254 36 255 36 
5 8 142 36 36 
5 8 142 36 36 
118 226 36 36 
254 36 255 36 
254 36 255 36 
142 36 36 
142 36 36 
142 36 36 
142 36 36 
142 36 36 
142 36 36 
254 36 255 36 
254 36 255 36 
254 36 36 
254 369 370 36 36 
383 384 254 36 36 
142 36 36 
142 36 36 
36 122 123 36 
254 36 255 36 
254 36 255 36 
254 36 255 36 
36 122 123 36 
254 36 36 
254 36 255 36 
254 36 255 36 
254 36 255 36 
254 36 255 36 
254 36 255 36 
254 36 255 36 
142 36 36 
254 36 255 36 
254 36 255 36 
254 36 36 
254 36 255 36 
254 36 255 36 
254 36 255 36 
254 36 255 36 
254 36 255 36 
142 36 36 
5 254 8 36 219 36 
254 36 255 36 
254 142 36 36 
118 132 36 36 
118 119 36 36 
142 36 36 
254 369 370 36 36 
36 122 123 36 
142 36 36 
254 36 255 36 
254 369 370 142 36 36 
254 36 255 36 
36 122 123 36 
398 254 36 36 
5 91 6 92 36 36 
254 36 255 36 
254 36 255 36 
118 254 36 255 36 
254 36 36 
118 132 36 36 
5 6 254 36 36 
5 8 36 36 
254 36 255 36 
142 36 36 
142 36 36 
142 36 36 
48 5 6 36 36 
254 36 255 36 
5 6 254 36 36 
5 8 36 165 36 
159 254 36 255 130 36 
36 122 123 36 
254 36 255 36 
383 384 254 36 36 
254 142 36 36 
254 36 36 
254 36 255 36 
254 36 255 36 
254 36 36 
493 254 36 36 
91 5 6 254 92 36 255 36 
254 142 36 36 
36 122 123 36 
36 122 123 36 
36 122 123 36 
254 36 255 36 
254 36 255 36 
254 36 255 36 
398 254 36 36 
21 254 36 36 
5 8 142 36 36 
254 36 255 36 
254 36 255 36 
254 36 255 36 
254 36 36 
5 254 8 36 255 36 
254 36 255 36 
254 36 255 36 
254 36 255 36 
118 254 119 36 36 
254 36 255 36 
254 36 255 36 
493 254 36 36 
142 36 36 
254 36 255 36 
254 36 36 
27 28 21 254 36 36 
254 36 255 36 
254 36 255 36 
254 36 36 
254 36 255 36 
142 36 36 
142 36 36 
142 36 36 
142 36 36 
142 36 36 
142 36 36 
254 36 36 
142 36 36 
254 36 255 36 
254 36 255 36 
142 36 36 
142 36 36 
142 36 36 
254 36 255 36 
142 36 36 
254 36 255 36 
5 8 36 165 36 
254 36 255 36 
254 36 255 36 
177 112 113 36 309 310 283 36 
254 36 255 36 
383 384 254 36 36 
254 36 255 36 
142 36 36 
254 36 255 36 
254 36 255 36 
142 36 36 
254 36 255 36 
142 36 36 
254 36 255 36 
254 36 255 36 
254 36 255 36 
254 36 36 
254 36 255 36 
142 36 36 
118 226 36 36 
254 36 36 
254 36 255 36 
254 36 255 36 
254 36 255 36 
254 36 255 36 
254 36 255 36 
254 36 255 36 
254 36 255 36 
254 36 255 36 
36 122 123 36 
254 36 255 36 
254 36 255 36 
254 36 255 36 
254 36 36 
254 36 255 36 
398 254 36 36 
254 36 255 36 
36 122 123 36 
254 36 255 36 
142 36 36 
254 36 255 36 
254 36 255 36 
254 36 255 36 
254 142 36 36 
254 36 255 36 
36 122 123 36 
254 36 255 36 
254 36 255 36 
254 36 255 36 
254 36 255 36 
254 36 255 36 
118 254 36 255 36 
254 36 255 36 
142 36 36 
254 36 255 36 
254 36 255 36 
142 36 36 
254 36 255 36 
142 36 36 
254 36 255 36 
254 142 36 36 
254 36 255 36 
254 36 255 36 
254 36 255 36 
36 122 123 36 
254 36 255 36 
142 36 36 
254 36 255 36 
142 36 36 
254 36 36 
254 36 255 36 
254 36 255 36 
254 36 255 36 
254 36 255 36 
254 36 255 36 
254 36 255 36 
5 8 36 165 36 
142 36 36 
254 36 255 36 
254 36 255 36 
254 36 255 36 
254 36 255 36 
254 36 255 36 
254 142 36 36 
254 36 255 36 
254 36 255 36 
36 122 123 36 
254 36 255 36 
398 254 36 36 
254 36 255 36 
398 254 36 36 
254 36 255 36 
36 36 
36 36 
254 36 36 
254 36 36 
254 36 36 
36 36 
36 122 123 36 
254 36 36 
254 36 36 
254 36 36 
36 36 
254 36 36 
36 36 
254 36 36 
36 36 
36 36 
36 36 
36 36 
36 36 
254 36 255 36 
254 36 255 36 
254 36 255 36 
142 36 36 
142 36 36 
254 36 255 36 
254 36 255 36 
254 36 255 36 
254 36 255 36 
254 36 36 
254 36 36 
254 36 255 36 
142 36 36 
142 36 36 
254 36 255 36 
493 254 36 36 
493 254 36 36 
142 36 36 
254 36 255 36 
254 36 255 36 
5 8 36 36 
142 36 586 70 36 
254 36 255 36 
7 11 10 36 586 70 36 
7 11 10 36 586 70 36 
254 36 255 36 
36 36 
5 21 22 143 8 37 36 144 24 36 
254 36 255 36 
21 254 36 36 
254 36 255 36 
36 36 
5 456 8 36 219 36 
5 6 23 36 139 36 
254 36 255 36 
118 254 36 36 
254 36 255 36 
254 36 255 36 
5 6 254 36 61 255 36 
254 36 255 36 
254 36 255 36 
254 36 255 36 
11 10 36 125 36 
254 36 255 36 
254 36 255 36 
5 8 36 219 36 
5 8 36 219 36 
254 36 255 36 
254 36 255 36 
5 8 36 219 36 
5 8 36 219 36 
254 36 255 36 
460 142 36 36 
5 8 36 144 36 
5 8 36 36 
36 122 123 36 
254 36 255 36 
27 28 21 36 36 
254 36 255 36 
254 36 255 36 
142 36 36 
254 36 255 36 
254 36 255 36 
254 36 255 36 
254 36 255 36 
254 36 255 36 
254 36 255 36 
254 36 255 36 
398 254 36 36 
254 36 255 36 
254 142 36 255 36 
254 36 255 36 
254 36 255 36 
384 254 36 407 36 
384 254 36 407 36 
384 254 36 407 36 
384 254 36 407 36 
383 384 254 36 36 
254 36 255 36 
493 254 36 36 
254 36 255 36 
254 36 255 36 
142 36 36 
142 36 36 
142 36 36 
152 142 36 153 36 
152 142 36 153 36 
152 142 36 153 36 
254 36 255 36 
254 36 255 36 
5 444 8 36 36 
254 36 255 36 
142 36 36 
5 8 36 219 36 
36 36 
254 36 255 36 
254 36 255 36 
5 6 36 36 
254 36 255 36 
398 254 36 36 
142 36 36 
142 36 36 
142 36 36 
398 254 36 36 
599 36 36 
5 8 36 165 36 
254 36 255 36 
48 5 6 36 36 
5 8 36 165 36 
254 36 255 36 
142 36 36 
254 36 255 36 
254 36 255 36 
254 36 255 36 
5 480 8 36 219 36 
142 36 36 
142 36 36 
254 36 255 36 
5 8 36 219 36 
254 36 255 36 
254 36 255 36 
254 36 255 36 
142 36 36 
36 122 123 36 
142 36 36 
142 36 36 
5 8 36 219 36 
254 36 255 36 
254 36 255 36 
493 254 36 36 
254 36 255 36 
118 226 36 36 
254 36 255 36 
254 36 255 36 
36 122 123 36 
36 36 
5 8 36 36 
254 36 255 36 
21 22 36 24 36 
142 36 36 
142 36 36 
118 36 36 
5 8 36 219 36 
5 456 8 36 219 36 
254 36 255 36 
142 36 36 
142 36 36 
142 36 36 
5 378 254 232 8 36 36 
254 36 255 36 
254 36 255 36 
36 122 123 36 
254 36 36 
177 112 113 36 309 310 283 36 
254 36 255 36 
398 254 36 36 
254 36 255 36 
28 27 21 22 36 546 36 
254 36 255 36 
254 36 255 36 
254 36 255 36 
36 122 123 36 
152 142 36 153 36 
493 254 36 36 
36 122 123 36 
254 36 255 36 
254 36 255 36 
254 36 255 36 
254 36 255 36 
254 36 255 36 
254 370 142 36 36 
5 8 36 122 123 36 
254 36 255 36 
254 370 142 36 36 
398 254 36 255 36 
142 36 36 
142 36 36 
254 36 255 36 
254 36 255 36 
142 36 36 
254 36 255 36 
254 36 255 36 
254 36 255 36 
254 36 255 36 
5 143 8 36 144 36 
36 122 123 36 
254 36 255 36 
142 36 36 
159 36 130 36 
142 36 36 
21 22 36 68 24 36 
254 36 255 36 
5 143 8 36 144 36 
254 36 255 36 
384 254 36 407 36 
36 122 123 36 
254 36 255 36 
254 36 255 36 
36 122 123 36 
142 36 36 
142 36 36 
254 36 255 36 
254 36 255 36 
254 36 255 36 
142 36 36 
142 36 36 
142 36 36 
254 36 255 36 
142 36 36 
254 36 255 36 
254 36 255 36 
142 36 36 
5 254 8 36 219 36 
254 481 370 36 36 
254 36 255 36 
503 11 10 36 36 
36 122 123 36 
152 36 153 36 
254 36 255 36 
254 36 255 36 
5 8 36 122 123 36 
254 36 255 36 
142 36 36 
254 36 255 36 
5 8 36 165 36 
142 36 36 
254 36 255 36 
112 248 113 36 678 36 
142 36 36 
142 36 36 
142 36 36 
142 36 36 
254 36 255 36 
254 36 255 36 
254 36 255 36 
142 36 36 
254 36 255 36 
5 8 36 165 36 
5 8 36 165 36 
151 152 36 153 36 
254 36 255 36 
254 36 255 36 
5 8 142 36 36 
254 36 255 36 
493 254 36 36 
142 36 36 
254 36 255 36 
254 36 122 36 
254 36 255 36 
254 36 255 36 
254 36 255 36 
254 36 255 36 
142 36 36 
36 122 123 36 
36 122 123 36 
254 36 255 36 
5 254 8 36 255 36 
254 36 255 36 
254 36 255 36 
254 36 255 36 
118 226 36 36 
254 36 255 36 
254 36 255 36 
254 36 255 36 
5 91 6 92 36 36 
254 36 255 36 
254 36 255 36 
254 36 255 36 
5 8 36 165 36 
254 369 370 142 36 36 
493 254 36 36 
36 122 123 36 
142 36 36 
142 36 36 
254 36 255 36 
254 36 255 36 
383 384 254 36 36 
383 384 254 36 36 
254 36 255 36 
142 36 36 
142 36 36 
254 36 255 36 
142 36 36 
254 36 36 
142 36 36 
21 22 352 99 353 36 100 36 
118 254 36 36 
5 8 36 165 36 
254 36 255 36 
254 36 255 36 
254 36 36 
493 254 36 36 
254 36 255 36 
142 36 36 
254 36 255 36 
398 254 36 36 
5 8 36 573 36 
254 36 255 36 
5 378 232 8 36 36 
254 36 255 36 
142 36 36 
5 254 8 36 219 36 
254 36 255 36 
254 36 36 
254 142 36 255 36 
489 36 36 
254 36 255 36 
5 143 8 36 144 36 
254 36 255 36 
254 36 255 36 
254 36 255 36 
254 36 255 36 
254 36 255 36 
142 36 36 
254 36 255 36 
254 36 255 36 
254 36 255 36 
254 36 255 36 
5 8 36 219 36 
5 8 36 219 36 
254 36 255 36 
493 254 36 36 
254 36 255 36 
254 36 255 36 
493 254 36 36 
142 36 36 
142 36 36 
142 36 36 
118 254 36 255 36 
254 36 255 36 
254 36 255 36 
398 254 36 36 
493 254 36 36 
254 36 255 36 
254 36 255 36 
5 383 384 254 8 36 36 
398 254 36 36 
118 173 119 36 36 
142 36 36 
254 36 255 36 
142 36 36 
36 122 123 36 
254 36 255 36 
254 36 255 36 
36 36 
5 8 36 165 36 
142 36 36 
254 36 255 36 
5 8 36 36 
254 36 255 36 
142 36 36 
142 36 36 
398 254 36 36 
398 254 36 36 
398 254 36 36 
398 254 36 36 
254 36 255 36 
5 8 36 219 36 
254 36 36 
493 254 36 36 
254 36 36 
254 36 255 36 
383 384 254 36 36 
48 5 6 36 36 
142 36 36 
254 36 255 36 
142 36 36 
254 36 255 36 
133 354 21 22 36 68 24 36 
254 36 255 36 
398 254 36 36 
159 36 586 70 130 36 
142 36 36 
5 254 8 36 255 36 
254 142 36 36 
254 142 36 36 
159 36 130 36 
5 8 142 36 36 
254 36 255 36 
254 36 255 36 
254 36 36 
398 254 36 36 
254 36 255 36 
5 8 36 219 36 
254 36 255 36 
254 36 255 36 
142 36 36 
254 36 255 36 
36 36 
254 36 255 36 
36 122 123 36 
254 36 255 36 
254 36 255 36 
254 36 255 36 
142 36 36 
254 36 255 36 
254 36 255 36 
36 122 123 36 
36 122 123 36 
36 122 123 36 
254 36 255 36 
5 8 142 36 219 36 
5 8 36 219 36 
254 36 255 36 
5 254 8 36 255 36 
254 36 255 36 
36 36 
254 36 255 36 
254 36 255 36 
142 36 36 
36 122 123 36 
254 36 36 
254 36 255 36 
254 36 36 
254 36 255 36 
254 36 255 36 
142 36 36 
254 36 255 36 
118 254 36 255 36 
254 36 255 36 
254 36 36 
254 36 255 36 
36 122 123 36 
5 8 36 35 36 
254 142 36 36 
254 36 255 36 
254 36 36 
254 36 255 36 
254 36 36 
254 36 255 36 
254 36 255 36 
254 36 255 36 
5 8 142 36 36 
254 36 255 36 
254 36 255 36 
254 36 255 36 
254 36 255 36 
254 36 255 36 
254 36 255 36 
254 36 255 36 
254 36 255 36 
254 36 255 36 
254 36 255 36 
36 122 123 36 
254 36 255 36 
493 254 36 36 
254 36 255 36 
142 36 36 
254 36 255 36 
254 36 255 36 
36 122 123 36 
142 36 36 
254 36 255 36 
254 36 255 36 
254 36 255 36 
398 254 36 36 
493 254 36 255 36 
254 36 255 36 
118 119 36 36 
254 36 255 36 
254 36 255 36 
254 36 255 36 
254 36 255 36 
142 36 36 
254 36 255 36 
142 36 36 
254 36 255 36 
254 36 255 36 
254 36 36 
254 36 255 36 
254 36 255 36 
254 36 255 36 
254 36 36 
254 36 255 36 
398 254 36 36 
254 36 255 36 
254 36 255 36 
142 36 36 
142 36 36 
254 36 255 36 
254 36 255 36 
36 122 123 36 
493 254 36 36 
254 36 255 36 
142 36 36 
254 36 255 36 
398 254 36 36 
254 36 255 36 
254 36 255 36 
142 36 36 
398 254 36 36 
254 36 255 36 
254 36 255 36 
254 36 255 36 
254 36 36 
254 36 255 36 
36 122 123 36 
254 36 255 36 
36 122 123 36 
142 36 36 
254 36 255 36 
254 36 255 36 
254 36 255 36 
398 254 36 36 
36 122 123 36 
254 36 255 36 
254 36 36 
142 36 36 
118 254 36 255 36 
142 36 122 36 
142 36 122 36 
254 36 255 36 
142 36 36 
254 36 255 36 
254 36 255 36 
36 122 123 36 
36 122 123 36 
254 36 255 36 
254 36 255 36 
254 36 255 36 
142 36 36 
254 36 255 36 
254 36 255 36 
254 36 255 36 
254 36 255 36 
398 254 36 36 
254 36 255 36 
142 36 36 
254 36 255 36 
398 254 36 36 
142 36 36 
142 36 36 
142 36 36 
254 36 255 36 
36 36 
254 142 36 36 
254 36 255 36 
142 36 36 
118 142 36 36 
254 36 255 36 
5 176 254 162 8 36 36 
254 36 255 36 
159 36 586 70 130 36 
142 36 36 
5 6 597 23 36 36 
254 36 255 36 
254 36 255 36 
254 36 255 36 
254 36 255 36 
493 254 36 36 
254 36 255 36 
254 36 255 36 
36 36 
254 36 255 36 
254 36 255 36 
36 122 123 36 
5 8 36 219 36 
254 36 255 36 
398 254 36 36 
254 36 255 36 
254 36 255 36 
254 36 255 36 
5 8 36 219 36 
36 122 123 36 
254 36 255 36 
254 36 255 36 
254 36 255 36 
5 8 36 219 36 
254 36 255 36 
36 122 123 36 
254 36 255 36 
5 8 36 219 36 
254 36 255 36 
254 36 255 36 
5 8 36 165 36 
254 36 255 36 
5 8 142 36 36 
254 36 255 36 
254 36 36 
254 36 255 36 
398 254 36 36 
254 36 255 36 
254 36 255 36 
36 122 123 36 
254 36 255 36 
36 36 
254 36 255 36 
254 36 255 36 
254 36 255 36 
254 36 36 
254 36 255 36 
398 254 36 36 
254 36 255 36 
254 36 255 36 
254 142 36 36 
36 122 123 36 
254 36 255 36 
5 8 142 36 36 
5 8 142 36 36 
254 36 255 36 
36 36 
254 36 255 36 
254 36 255 36 
161 36 36 
254 36 255 36 
254 36 255 122 36 
36 122 123 36 
384 254 36 484 36 
254 36 255 36 
254 36 255 36 
254 36 255 36 
254 36 255 36 
254 36 255 36 
254 36 255 36 
254 36 255 122 36 
254 36 255 36 
254 36 255 36 
36 122 123 36 
254 36 255 36 
254 36 255 36 
254 36 255 36 
254 36 255 36 
142 36 36 
254 36 255 36 
254 36 255 36 
142 36 36 
254 36 255 36 
254 36 255 36 
254 36 36 
254 36 255 36 
398 254 36 36 
254 36 255 36 
142 36 36 
254 36 255 36 
254 369 370 142 36 36 
36 122 123 36 
254 36 255 36 
254 36 255 36 
142 36 36 
254 36 255 36 
5 6 599 36 61 36 
254 369 370 142 36 36 
254 369 370 142 36 36 
36 122 123 36 
254 36 36 
254 36 255 36 
36 122 123 36 
254 36 255 36 
254 36 255 36 
254 36 255 36 
36 122 123 36 
254 36 255 36 
398 254 36 36 
254 36 255 36 
254 36 255 36 
142 36 122 36 
142 36 36 
36 122 123 36 
254 36 255 36 
254 36 255 36 
254 36 255 36 
118 254 119 36 36 
254 36 255 36 
254 36 255 36 
398 254 36 36 
5 254 8 36 255 36 
254 36 255 36 
254 36 255 36 
254 36 255 36 
36 122 123 36 
254 36 255 36 
254 36 255 36 
254 36 255 36 
36 122 123 36 
254 36 255 36 
5 254 162 8 36 198 36 
398 254 36 36 
398 254 36 36 
254 36 255 36 
36 122 123 36 
118 254 119 36 36 
142 36 36 
254 36 255 36 
36 122 123 36 
493 254 36 36 
254 36 255 36 
254 36 255 36 
254 36 36 
254 36 255 36 
254 36 255 36 
254 36 255 36 
5 8 36 165 36 
118 173 119 36 36 
254 36 255 36 
5 8 142 36 36 
254 36 255 36 
254 36 255 36 
142 36 36 
254 36 255 36 
398 254 36 36 
254 36 255 36 
254 36 255 36 
254 36 255 36 
254 36 255 36 
254 36 255 36 
254 36 36 
254 36 255 36 
254 36 255 36 
254 36 255 36 
254 36 255 36 
254 36 255 36 
254 36 255 36 
254 36 255 36 
254 36 255 36 
254 36 255 36 
254 36 255 36 
254 36 255 36 
254 36 255 36 
254 36 255 36 
254 36 255 36 
254 36 255 36 
36 122 123 36 
254 36 255 36 
142 36 36 
254 36 255 36 
254 36 255 36 
493 254 36 255 36 
254 36 255 36 
254 36 255 36 
254 36 255 36 
254 36 255 36 
254 36 255 36 
254 36 255 36 
254 36 255 36 
254 36 255 36 
254 36 255 36 
254 36 255 36 
254 36 255 36 
254 36 255 36 
36 122 123 36 
254 142 36 255 36 
493 254 36 36 
118 132 36 36 
142 36 36 
254 36 255 36 
254 36 255 36 
254 36 255 36 
254 36 255 36 
161 254 36 255 36 
254 36 255 36 
254 36 255 36 
254 36 255 36 
254 370 142 36 36 
254 36 36 
142 36 36 
142 36 36 
36 122 123 36 
36 122 123 36 
5 8 36 165 36 
5 8 36 165 36 
254 36 255 36 
254 36 255 36 
254 36 255 36 
161 254 36 255 36 
398 254 36 36 
254 36 255 36 
254 36 255 36 
254 36 255 36 
254 36 255 36 
254 36 255 36 
254 36 255 36 
142 36 36 
142 36 36 
254 36 255 36 
5 8 36 165 36 
254 36 255 36 
36 122 123 36 
5 254 8 36 255 36 
254 36 255 36 
254 36 255 36 
254 36 255 36 
254 36 255 36 
254 36 255 36 
28 21 254 36 111 255 80 36 
142 36 36 
36 122 123 36 
254 36 255 36 
254 36 255 36 
254 36 255 36 
254 36 255 36 
254 36 255 36 
254 36 255 36 
254 36 255 36 
254 36 255 36 
36 122 123 36 
254 36 255 36 
254 36 255 36 
142 36 36 
254 36 255 36 
254 36 255 36 
254 36 255 36 
254 36 255 36 
493 254 36 36 
254 36 255 36 
254 36 255 36 
254 36 255 36 
5 254 8 36 255 219 36 
36 122 123 36 
254 36 36 
254 36 255 36 
254 36 255 36 
254 36 255 36 
254 36 255 36 
254 370 142 36 36 
254 36 36 
254 36 255 36 
398 254 36 36 
254 36 255 36 
254 36 255 36 
254 36 255 36 
254 36 255 36 
254 36 255 36 
254 36 255 36 
36 283 36 
5 254 8 36 255 36 
36 283 36 
254 36 255 36 
36 36 
254 369 370 142 36 36 
254 142 36 255 36 
142 36 36 
36 122 123 36 
142 36 36 
36 122 123 36 
36 122 123 36 
254 36 255 36 
254 36 255 36 
254 36 255 36 
254 36 255 36 
254 36 255 36 
142 36 36 
254 36 255 36 
254 36 255 36 
142 36 36 
254 36 255 36 
254 36 255 36 
254 36 255 36 
254 36 255 36 
254 142 36 255 36 
254 36 255 36 
254 36 255 36 
254 36 255 36 
254 36 255 36 
5 254 8 36 255 36 
254 36 255 36 
36 122 123 36 
5 8 36 165 36 
254 36 36 
254 36 255 36 
254 36 255 36 
398 254 36 36 
398 254 36 36 
254 36 255 36 
398 254 36 36 
118 119 36 36 
398 254 36 36 
398 254 36 36 
398 254 36 36 
398 254 36 36 
398 254 36 36 
254 36 255 36 
383 384 254 36 36 
104 21 254 36 68 24 36 
254 36 255 36 
254 36 255 36 
254 36 255 36 
254 36 255 36 
254 36 255 36 
254 36 255 36 
254 36 255 36 
254 36 255 36 
254 36 255 36 
142 36 36 
254 36 255 36 
36 122 123 36 
254 36 255 36 
254 36 255 36 
254 36 255 36 
254 36 255 36 
36 122 123 36 
254 36 255 36 
254 36 255 36 
254 36 255 36 
254 36 255 36 
254 36 255 36 
254 36 255 36 
254 36 255 36 
254 36 255 36 
254 36 255 36 
254 36 255 36 
142 36 36 
254 36 255 36 
254 36 255 36 
254 36 255 36 
254 36 255 36 
254 36 255 36 
142 36 36 
254 36 255 36 
142 36 36 
36 122 123 36 
254 36 255 36 
254 36 255 36 
398 254 36 36 
254 36 255 36 
36 122 123 36 
142 36 36 
254 36 255 36 
254 36 255 36 
254 36 255 36 
230 489 11 10 36 253 125 36 
254 36 36 
142 36 36 
254 36 255 36 
254 36 255 36 
36 122 123 36 
254 142 36 36 
254 36 255 36 
254 36 255 36 
493 254 36 36 
254 36 255 36 
254 36 255 36 
254 36 255 36 
254 36 255 36 
254 36 255 36 
254 36 36 
254 36 255 36 
254 36 255 36 
254 36 255 36 
254 36 255 36 
254 36 255 36 
254 36 255 36 
254 36 255 36 
254 36 255 36 
254 36 255 36 
142 36 36 
254 36 255 36 
254 36 255 36 
254 36 255 36 
254 36 255 36 
254 36 255 36 
254 36 255 36 
254 36 255 36 
254 36 255 36 
254 142 36 36 
254 36 255 36 
118 36 36 
254 36 255 36 
254 36 255 36 
254 36 255 36 
142 36 36 
254 36 255 36 
254 36 255 36 
254 36 255 36 
254 36 255 36 
254 36 255 36 
254 36 255 36 
36 36 
36 36 
36 36 
36 36 
36 36 
36 36 
36 36 
254 36 36 
254 36 36 
254 36 36 
254 36 36 
254 36 36 
254 36 36 
254 36 36 
254 36 36 
254 36 36 
254 36 36 
254 36 36 
254 36 36 
254 36 36 
254 36 36 
254 36 36 
254 36 36 
254 36 36 
254 36 36 
254 36 36 
254 36 36 
254 36 36 
254 36 36 
254 36 36 
254 36 36 
21 22 254 36 24 36 
254 36 36 
254 36 36 
254 36 36 
254 36 255 36 
254 36 255 36 
398 254 36 36 
254 36 255 36 
5 8 36 219 36 
5 8 36 219 36 
5 8 36 219 36 
254 142 36 255 36 
383 384 254 36 36 
133 21 22 36 68 24 36 
5 143 8 36 144 36 
5 8 12 36 36 
48 5 6 142 36 36 
142 36 36 
5 8 36 219 36 
5 8 36 586 70 36 
142 36 36 
27 28 21 36 546 36 
254 36 255 36 
142 36 36 
254 36 255 36 
5 6 36 61 626 36 
142 36 36 
36 122 123 36 
152 36 153 36 
254 36 255 36 
142 36 36 
398 254 36 36 
254 36 255 36 
142 36 36 
5 142 36 36 
254 36 255 36 
254 36 255 36 
142 36 36 
254 36 255 36 
254 36 255 36 
118 36 36 
142 36 36 
118 254 36 255 36 
254 142 36 255 36 
5 8 36 36 
254 36 255 36 
142 36 36 
142 36 36 
254 36 255 36 
254 36 255 36 
254 36 255 36 
118 254 36 36 
254 36 255 36 
36 122 123 36 
254 36 255 36 
254 36 255 36 
254 36 36 
254 36 255 36 
254 36 255 36 
398 254 36 122 36 
36 36 
254 36 255 36 
254 36 255 36 
254 36 255 36 
254 36 255 36 
254 36 255 36 
254 36 255 36 
254 36 255 36 
5 8 142 36 36 
36 122 123 36 
254 36 122 36 
254 36 255 36 
91 5 6 254 92 36 36 
254 36 255 36 
254 36 255 36 
254 142 36 36 
254 36 255 36 
254 36 255 36 
36 122 123 36 
36 36 
383 384 254 36 36 
81 21 22 36 82 24 36 
36 122 123 36 
118 119 36 36 
254 36 255 36 
5 8 36 586 70 36 
142 36 36 
254 36 255 36 
21 22 36 68 24 36 
142 36 36 
36 122 123 36 
254 36 255 36 
5 231 8 36 36 
254 36 255 36 
5 143 8 36 144 36 
254 36 255 36 
254 36 255 36 
254 36 255 36 
159 36 586 70 130 36 
254 36 255 36 
254 36 36 
254 36 255 36 
254 36 255 36 
142 36 36 
254 36 255 36 
5 8 36 219 36 
5 8 36 165 36 
254 369 370 36 255 36 
254 369 370 36 255 36 
21 22 36 68 24 36 
254 36 255 36 
384 254 36 407 36 
384 254 36 407 36 
254 369 370 142 36 36 
5 8 36 165 36 
142 36 36 
142 36 36 
254 36 255 36 
5 456 8 36 219 36 
254 36 255 36 
254 36 255 36 
142 36 36 
254 36 255 36 
142 36 36 
254 36 255 36 
254 36 255 36 
254 142 36 255 36 
254 36 255 36 
142 36 36 
142 36 36 
254 36 255 36 
254 36 255 36 
254 36 255 36 
142 36 36 
254 36 255 36 
142 36 36 
142 36 36 
254 36 255 36 
254 36 255 36 
142 36 36 
254 36 255 36 
254 36 255 36 
254 36 255 36 
5 8 36 219 36 
254 36 255 36 
345 36 396 122 36 
254 36 255 36 
5 118 226 8 36 36 
5 118 226 8 36 36 
21 22 99 36 362 36 
142 36 36 
254 36 255 36 
142 36 36 
398 254 36 36 
5 8 36 165 36 
118 226 36 36 
5 6 254 36 36 
254 36 255 36 
5 8 36 165 36 
142 36 36 
254 36 255 36 
254 36 255 36 
254 36 255 36 
142 36 36 
21 22 36 68 24 36 
254 36 255 36 
118 254 36 36 
383 384 254 36 36 
254 36 36 
142 36 36 
254 36 255 36 
142 36 36 
254 36 255 36 
254 36 255 36 
254 36 122 123 36 
36 122 123 36 
254 36 255 36 
118 493 254 36 36 
254 36 255 36 
142 36 36 
254 36 255 36 
254 36 255 36 
254 36 255 36 
599 36 36 
36 122 123 36 
254 36 255 36 
254 36 255 36 
5 8 36 219 36 
5 8 36 36 
142 36 36 
142 36 36 
36 122 123 36 
142 36 36 
142 36 36 
254 36 255 36 
36 122 123 36 
254 36 255 36 
254 36 255 36 
142 36 36 
142 36 36 
36 36 
254 36 255 36 
254 36 255 36 
254 36 255 36 
142 36 36 
254 36 255 36 
398 254 36 36 
118 36 36 
5 8 36 36 
254 36 255 36 
493 254 36 36 
142 36 36 
36 122 123 36 
254 36 36 
254 36 255 36 
398 254 36 36 
254 36 255 36 
254 36 36 
254 36 255 36 
254 36 255 36 
254 36 255 36 
254 36 255 36 
254 36 255 36 
254 36 255 36 
254 36 255 36 
254 36 255 36 
254 36 255 36 
254 36 255 36 
254 36 255 36 
254 36 255 36 
254 36 255 36 
254 36 255 36 
254 36 255 36 
5 8 36 165 36 
36 36 
383 384 254 36 36 
254 369 370 36 36 
36 122 123 36 
142 36 36 
142 36 36 
254 36 255 36 
36 36 
36 122 123 36 
254 36 255 36 
5 8 142 36 36 
254 369 370 142 36 36 
5 8 142 36 36 
254 36 255 36 
142 36 36 
254 36 255 36 
254 36 255 36 
254 36 255 36 
254 36 255 36 
254 36 255 36 
254 36 255 36 
254 36 255 36 
142 36 36 
254 36 255 36 
254 36 255 36 
5 456 254 8 36 219 36 
398 254 36 36 
142 36 36 
254 36 255 36 
254 36 255 36 
254 36 255 36 
254 36 255 36 
142 36 36 
254 36 255 36 
142 36 36 
5 6 23 36 61 139 36 
36 122 123 36 
254 36 36 
254 36 255 36 
254 36 255 36 
254 36 255 36 
254 142 36 255 36 
142 36 36 
254 36 255 36 
254 142 36 255 36 
254 36 255 36 
254 36 255 36 
254 36 255 36 
254 36 255 36 
254 36 255 36 
254 36 255 36 
254 36 255 36 
493 254 36 36 
254 36 255 36 
254 36 255 36 
142 36 36 
142 36 36 
254 36 255 36 
254 36 255 36 
254 36 255 36 
254 36 255 36 
142 36 36 
254 36 255 36 
254 36 255 36 
254 36 255 36 
254 36 255 36 
118 226 36 36 
36 122 123 36 
254 369 370 36 255 36 
254 369 370 36 255 36 
254 36 36 
142 36 36 
142 36 36 
398 254 142 36 36 
5 254 8 36 219 36 
36 122 123 36 
254 369 370 36 255 36 
254 369 370 36 255 36 
5 8 36 165 36 
5 8 36 219 36 
254 36 255 36 
159 36 130 36 
36 122 123 36 
254 36 255 36 
254 36 255 36 
254 7 36 11 10 255 36 
142 36 36 
142 36 36 
5 8 36 219 36 
254 142 36 36 
5 254 8 36 219 36 
254 36 255 36 
254 36 255 36 
118 36 36 
142 36 36 
142 36 36 
142 36 36 
5 8 36 219 36 
5 8 36 165 36 
142 36 36 
254 142 36 36 
254 142 36 36 
254 36 255 36 
254 36 36 
254 36 255 36 
254 36 255 36 
36 122 123 36 
254 36 255 36 
5 456 8 36 219 36 
5 498 36 36 
36 122 123 36 
254 36 255 36 
254 36 255 36 
254 36 255 36 
254 36 36 
254 36 36 
118 254 36 36 
254 36 255 36 
254 36 36 
254 142 36 36 
254 36 255 36 
5 254 8 36 36 
254 36 255 36 
254 36 255 36 
254 36 255 36 
254 36 255 36 
254 36 255 36 
254 36 36 
142 36 36 
254 36 255 36 
493 254 36 255 36 
5 8 36 144 36 
254 36 255 36 
398 254 36 36 
5 8 36 219 36 
254 36 255 36 
254 36 255 36 
10 11 36 36 
254 36 255 36 
142 36 36 
254 36 36 
254 36 255 36 
254 36 255 36 
254 36 255 36 
254 36 255 36 
254 36 255 36 
254 36 255 36 
254 36 255 36 
254 36 255 36 
5 8 36 122 123 36 
254 36 255 36 
398 254 36 36 
36 122 123 36 
254 36 255 36 
142 36 36 
254 36 255 36 
254 36 255 36 
254 36 255 36 
142 36 36 
142 36 36 
254 36 255 36 
142 36 36 
5 8 36 219 36 
398 254 36 36 
254 36 255 36 
254 369 370 36 255 36 
152 36 153 36 
493 254 36 36 
254 36 255 36 
345 36 396 122 36 
254 36 255 36 
142 36 36 
254 36 255 36 
159 36 586 70 130 36 
254 36 255 36 
254 36 255 36 
254 36 255 36 
254 36 255 36 
254 36 255 36 
254 36 255 36 
254 36 255 36 
493 254 36 36 
254 36 255 36 
254 36 255 36 
254 36 255 36 
254 369 370 142 36 36 
254 36 255 36 
254 36 255 36 
254 36 255 36 
599 36 36 
254 36 255 36 
254 36 255 36 
5 8 36 165 36 
142 36 36 
254 36 255 36 
36 122 123 36 
254 36 255 36 
254 36 255 36 
254 36 255 36 
254 36 255 36 
254 36 36 
254 36 255 36 
118 173 119 36 36 
254 36 255 36 
254 369 370 142 36 36 
254 36 255 36 
36 122 123 36 
254 36 255 36 
142 36 36 
36 122 123 36 
254 370 36 255 36 
118 254 36 36 
254 36 255 36 
254 36 255 36 
5 254 8 36 255 36 
254 36 255 36 
254 36 36 
254 36 255 36 
36 36 
254 36 122 36 
254 36 255 36 
5 254 8 36 36 
254 36 255 36 
254 36 255 36 
36 122 123 36 
254 36 255 36 
5 254 8 36 219 36 
142 36 36 
142 36 36 
254 142 36 36 
254 36 255 36 
36 122 123 36 
5 8 36 165 36 
254 36 255 36 
254 36 255 36 
5 118 226 8 36 36 
36 36 
254 36 255 36 
254 36 255 36 
254 36 255 36 
254 36 255 36 
254 36 36 
254 36 36 
159 142 36 130 36 
36 122 123 36 
5 8 36 219 36 
254 36 255 36 
254 36 255 36 
254 36 255 36 
254 36 255 36 
254 36 255 36 
398 254 36 36 
142 36 36 
142 36 36 
398 254 36 36 
142 36 36 
142 36 36 
159 36 130 36 
142 36 36 
398 254 36 36 
48 5 6 36 36 
254 36 283 36 
254 36 255 36 
5 254 8 36 219 36 
254 36 255 36 
142 36 36 
254 36 255 36 
118 132 36 36 
254 36 255 36 
5 254 8 36 255 36 
254 36 255 36 
254 36 255 36 
254 36 255 36 
254 36 255 36 
254 36 36 
254 36 255 36 
254 36 255 36 
254 36 255 36 
254 36 255 36 
118 398 254 36 36 
5 8 36 122 123 36 
254 36 255 36 
254 36 255 36 
254 36 255 36 
254 36 255 36 
5 8 36 165 36 
254 36 255 36 
254 36 255 36 
142 36 36 
254 36 255 36 
142 36 36 
493 254 36 36 
254 36 255 36 
254 36 255 36 
254 36 255 36 
254 36 255 36 
142 36 36 
254 36 255 36 
254 36 255 36 
254 36 255 36 
254 36 255 36 
254 36 255 36 
254 36 255 36 
142 36 36 
142 36 36 
254 36 255 36 
36 122 123 36 
254 36 255 36 
254 36 255 36 
254 36 255 36 
254 36 255 36 
5 8 36 219 36 
254 36 255 36 
142 36 36 
254 369 370 36 255 36 
142 36 36 
254 36 255 36 
398 254 36 36 
254 36 255 36 
36 36 
493 254 36 36 
254 36 255 36 
254 36 255 36 
254 36 255 36 
152 36 153 36 
254 142 36 255 36 
36 36 
254 36 36 
254 36 255 36 
254 36 255 36 
118 254 36 255 36 
254 36 255 36 
142 36 36 
254 36 255 36 
254 36 255 36 
254 36 255 36 
254 36 255 36 
254 36 255 36 
142 36 36 
254 36 255 36 
5 254 8 36 36 
5 254 8 36 36 
5 254 8 36 36 
142 36 36 
398 254 36 36 
5 8 36 165 36 
254 36 255 36 
5 254 8 36 219 36 
254 36 255 36 
254 36 255 36 
254 36 255 36 
254 36 255 36 
5 8 36 165 36 
254 36 255 36 
254 36 36 
142 36 36 
5 8 36 165 36 
254 36 255 36 
36 122 123 36 
254 36 255 36 
254 36 255 36 
36 36 
254 36 255 36 
254 36 255 36 
493 254 36 36 
142 36 36 
254 36 255 36 
254 36 255 36 
254 36 255 36 
142 36 36 
5 254 8 36 255 36 
254 36 255 36 
254 36 255 36 
254 36 255 36 
5 8 36 36 
254 36 255 36 
254 36 36 
254 36 255 36 
384 383 254 36 484 36 
384 383 254 36 484 36 
254 36 255 36 
254 36 255 36 
254 36 255 36 
254 36 255 36 
254 36 255 36 
254 36 255 36 
142 36 36 
254 36 255 36 
254 36 255 36 
254 36 255 36 
398 254 36 36 
254 36 255 36 
398 254 36 36 
254 36 255 36 
142 36 36 
254 36 255 36 
36 122 123 36 
254 36 255 36 
254 36 255 36 
254 36 255 36 
254 36 255 36 
142 36 36 
118 254 119 36 36 
36 122 123 36 
152 36 153 36 
599 36 36 
5 28 27 6 21 63 22 618 36 36 
254 36 255 36 
254 36 255 36 
5 8 36 219 36 
254 36 255 36 
5 383 384 254 36 36 
254 36 255 36 
5 254 8 36 255 36 
254 142 36 36 
254 36 255 36 
142 36 36 
254 36 255 36 
254 36 255 36 
254 36 255 36 
254 36 255 36 
5 6 374 36 61 36 
254 36 36 
254 36 255 36 
254 36 255 36 
254 36 255 36 
254 36 255 36 
159 254 36 130 36 
254 36 255 36 
254 36 255 36 
254 36 255 36 
254 36 255 36 
254 36 255 36 
254 36 255 36 
254 36 255 36 
254 36 255 36 
5 8 36 165 36 
254 36 255 36 
254 36 255 36 
36 122 123 36 
36 122 123 36 
254 36 255 36 
254 36 255 36 
254 36 255 36 
398 254 36 36 
398 254 36 36 
118 254 36 255 36 
254 36 255 36 
254 36 255 36 
254 36 255 36 
254 36 255 36 
254 36 122 36 
254 36 255 36 
254 36 255 36 
254 142 36 255 36 
254 481 370 36 36 
254 36 255 36 
36 122 123 36 
36 122 123 36 
254 36 255 36 
254 36 255 36 
254 36 255 36 
254 36 255 36 
254 36 255 36 
254 36 255 36 
398 254 36 36 
254 36 36 
254 36 255 36 
254 36 255 36 
254 36 255 36 
398 254 36 36 
398 254 36 36 
254 36 255 36 
159 36 130 36 
5 8 36 165 36 
254 36 255 36 
254 36 255 36 
254 36 255 36 
254 36 255 36 
254 36 255 36 
254 369 370 36 255 36 
254 36 255 36 
254 36 255 36 
254 36 255 36 
254 36 255 36 
142 36 36 
36 122 123 36 
254 36 255 36 
142 36 36 
254 36 255 36 
254 36 255 36 
254 36 255 36 
254 36 255 36 
254 36 255 36 
254 36 255 36 
254 36 255 36 
36 122 123 36 
254 142 36 36 
254 36 255 36 
254 36 255 36 
254 142 36 255 36 
254 36 255 36 
254 36 255 36 
36 122 123 36 
254 36 255 36 
254 36 255 36 
142 36 36 
254 36 255 36 
5 6 254 36 61 36 
36 122 123 36 
254 36 255 36 
5 8 36 219 36 
254 36 255 36 
254 36 255 36 
21 22 90 36 36 
254 36 255 36 
254 36 255 36 
254 36 255 36 
254 369 370 142 36 36 
254 36 255 36 
254 36 255 36 
254 36 255 36 
254 36 255 36 
254 36 255 36 
36 122 123 36 
5 8 36 36 
36 122 123 36 
254 36 255 36 
254 36 255 36 
254 36 255 36 
254 36 255 36 
254 36 255 36 
254 36 255 36 
36 122 123 36 
254 36 255 36 
254 36 255 36 
254 36 255 36 
254 36 36 
254 36 255 36 
254 36 255 36 
254 36 255 36 
142 36 36 
254 142 36 36 
159 36 130 36 
104 21 22 36 68 24 36 
254 36 255 36 
254 36 255 36 
142 36 36 
254 36 255 36 
493 254 36 36 
36 122 123 36 
254 36 255 36 
254 36 255 36 
254 36 255 36 
254 36 255 36 
254 36 255 36 
254 36 255 36 
398 254 36 36 
254 36 36 
254 36 255 36 
254 142 36 36 
254 369 370 142 36 36 
142 36 36 
254 36 255 36 
36 122 123 36 
254 36 255 36 
254 36 255 36 
254 36 36 
254 36 36 
254 36 255 36 
254 36 255 36 
254 36 255 36 
254 36 255 36 
142 36 36 
254 36 255 36 
254 142 36 36 
28 105 21 254 106 36 36 
254 36 255 36 
254 142 36 36 
398 254 36 36 
254 36 255 36 
254 36 36 
254 142 36 36 
254 36 36 
254 36 255 36 
254 36 255 36 
5 8 36 36 
254 36 255 36 
142 36 36 
254 36 255 36 
254 36 36 
254 36 255 36 
254 36 255 36 
254 36 255 36 
118 254 36 36 
254 36 255 36 
254 36 255 36 
142 36 36 
5 8 36 165 36 
254 36 255 36 
254 36 255 36 
142 36 36 
142 36 36 
142 36 36 
142 36 36 
142 36 36 
142 36 36 
254 36 255 36 
254 36 255 36 
254 36 255 36 
36 122 123 36 
142 36 122 123 36 
36 122 123 36 
254 142 36 36 
254 36 255 36 
254 36 255 36 
254 370 142 36 36 
254 36 255 36 
254 36 255 36 
159 254 36 130 36 
254 36 255 36 
36 122 123 36 
254 36 255 36 
254 36 255 36 
254 36 255 36 
21 22 36 68 24 36 
142 36 36 
254 36 255 36 
142 36 36 
254 36 255 36 
254 36 255 36 
254 36 255 36 
118 254 36 36 
254 36 255 36 
28 27 21 603 22 36 36 
161 254 36 255 36 
254 36 255 36 
254 36 255 36 
254 36 255 36 
254 36 255 36 
36 122 123 36 
142 36 36 
254 36 255 36 
142 36 36 
254 36 255 36 
254 36 255 36 
254 36 255 36 
398 254 36 36 
36 122 123 36 
36 122 123 36 
254 36 255 36 
254 36 255 36 
254 36 255 36 
254 36 255 36 
254 36 255 36 
254 36 255 36 
254 36 255 36 
118 226 36 122 36 
118 226 36 122 36 
254 36 255 36 
254 36 36 
254 36 255 36 
254 36 255 36 
254 369 370 36 36 
254 36 255 36 
254 36 255 36 
254 36 255 36 
254 36 255 36 
254 369 370 142 36 36 
254 36 255 36 
254 36 255 36 
5 6 254 36 61 36 
254 36 255 36 
254 36 255 36 
254 36 255 36 
254 36 255 36 
254 36 255 36 
254 36 255 36 
398 254 36 36 
254 369 370 142 36 36 
493 254 36 36 
398 254 36 36 
142 36 36 
254 36 255 36 
254 36 255 36 
254 36 255 36 
254 36 255 36 
254 36 255 36 
254 36 255 36 
254 36 255 36 
254 36 255 36 
254 36 255 36 
398 254 36 36 
36 122 123 36 
254 36 255 36 
118 254 36 255 36 
398 254 36 36 
254 36 255 36 
142 36 36 
254 36 255 36 
254 36 255 36 
254 36 255 36 
5 254 8 36 255 36 
254 511 36 36 
142 36 36 
254 36 255 36 
254 36 255 36 
254 36 255 36 
254 36 255 36 
254 36 255 36 
254 36 255 36 
254 36 255 36 
254 36 255 36 
254 36 255 36 
254 36 255 36 
254 36 255 36 
254 36 255 36 
254 36 130 36 
254 142 36 36 
254 36 255 36 
254 36 255 36 
254 36 255 36 
254 36 36 
254 36 255 36 
36 122 123 36 
254 36 255 36 
254 36 255 36 
254 142 36 36 
254 36 255 36 
254 36 255 36 
254 36 36 
254 36 255 36 
254 36 255 36 
254 36 255 36 
254 36 255 36 
254 36 255 36 
254 36 255 36 
398 254 36 36 
254 36 255 36 
254 36 255 36 
254 36 255 36 
254 36 255 36 
254 36 255 36 
254 36 255 36 
254 36 255 36 
36 36 
254 36 255 36 
254 36 255 36 
254 36 255 36 
254 36 255 36 
254 36 255 36 
254 36 255 36 
254 36 255 36 
36 36 
36 36 
36 36 
118 254 36 255 36 
118 254 36 36 
5 383 384 254 36 36 
5 378 143 8 232 36 144 36 
254 36 255 36 
36 36 
254 36 255 36 
254 369 370 36 255 36 
142 36 36 
254 36 255 36 
254 36 255 36 
254 36 255 36 
254 36 255 36 
493 254 36 36 
398 254 36 36 
5 378 232 8 36 36 
254 36 255 36 
142 36 36 
142 36 36 
36 122 123 36 
36 36 
254 36 255 36 
5 8 36 165 36 
254 36 255 36 
254 36 255 36 
5 8 36 36 
118 226 36 36 
142 36 36 
254 36 255 36 
254 36 255 36 
142 36 36 
254 36 255 36 
254 36 255 36 
5 8 36 36 
142 36 36 
36 122 123 36 
5 444 8 36 36 
36 36 
599 36 36 
254 36 36 
254 36 36 
142 36 36 
142 36 36 
142 36 36 
21 22 36 24 36 
254 142 36 255 36 
254 36 255 36 
254 36 255 36 
254 36 255 36 
254 36 255 36 
142 36 36 
254 36 255 36 
142 36 36 
254 36 255 36 
254 36 255 36 
383 384 254 36 36 
254 36 255 36 
254 36 255 36 
254 36 255 36 
254 36 255 36 
254 36 255 36 
254 36 255 36 
254 36 255 36 
254 36 255 36 
254 36 255 36 
36 36 
36 36 
254 36 36 
5 8 36 165 36 
142 36 36 
254 36 255 36 
254 370 36 255 36 
254 369 370 142 36 36 
254 36 255 36 
254 36 255 36 
36 122 123 36 
5 8 12 36 36 
142 36 36 
5 8 36 165 36 
254 36 36 
254 36 255 36 
398 254 36 36 
254 36 36 
142 36 36 
254 36 36 
254 36 255 36 
5 231 8 36 36 
254 36 255 36 
36 36 
254 36 255 36 
254 369 370 142 36 36 
254 369 370 142 36 36 
254 369 370 36 36 
254 36 255 36 
254 369 370 142 36 36 
254 36 255 36 
142 36 36 
28 27 21 22 36 203 36 
254 36 255 36 
254 36 36 
254 370 142 36 36 
254 142 36 36 
5 254 369 8 370 36 36 
254 36 255 36 
254 36 255 36 
254 36 255 36 
493 254 36 36 
254 36 255 36 
398 254 36 36 
142 36 36 
118 493 254 36 36 
254 36 255 36 
254 36 255 36 
254 36 255 36 
254 36 255 36 
142 36 36 
254 36 255 36 
254 36 255 36 
142 36 36 
254 36 255 36 
398 254 36 36 
254 36 255 36 
254 36 255 36 
254 36 255 36 
5 8 36 219 36 
142 36 36 
118 226 36 36 
159 36 130 36 
118 226 36 36 
254 36 255 36 
254 36 255 36 
36 36 
142 36 36 
254 36 255 36 
48 5 6 152 36 153 36 
48 5 6 152 36 153 36 
254 36 36 
254 36 255 36 
142 36 36 
21 254 36 36 
398 254 36 36 
254 36 255 36 
254 36 255 36 
254 36 255 36 
254 36 255 36 
142 36 36 
254 36 255 36 
5 8 36 219 36 
5 8 36 219 36 
5 8 36 165 36 
5 254 8 36 36 
36 36 
398 254 36 36 
118 226 36 36 
254 36 255 36 
5 6 383 384 254 36 36 
254 36 255 36 
254 36 255 36 
254 36 255 36 
142 36 36 
254 36 255 36 
142 36 36 
254 36 255 36 
254 36 255 36 
36 122 123 36 
254 36 255 36 
254 36 36 
5 143 8 36 144 36 
142 36 36 
254 36 255 36 
254 36 255 36 
118 36 36 
254 36 255 36 
254 36 255 36 
142 36 36 
254 369 370 142 36 36 
142 36 36 
398 254 36 36 
254 36 255 36 
142 36 36 
142 36 36 
142 36 36 
142 36 36 
254 36 255 36 
254 370 142 36 36 
254 36 255 36 
254 36 255 36 
36 122 123 36 
254 36 255 36 
5 254 8 36 219 36 
5 254 8 36 219 36 
254 36 255 36 
493 254 36 36 
254 36 255 36 
398 254 36 36 
254 36 255 36 
254 36 255 36 
254 36 255 36 
254 36 255 36 
36 122 123 36 
254 36 255 36 
254 36 255 36 
5 8 36 36 
254 36 255 36 
254 36 255 36 
254 36 255 36 
254 36 255 36 
254 36 255 36 
118 173 119 36 36 
254 370 142 36 36 
142 36 36 
142 36 36 
118 254 36 255 36 
254 36 255 36 
493 254 36 36 
36 122 123 36 
36 122 123 36 
254 36 255 36 
254 370 142 36 36 
142 36 36 
493 254 36 255 36 
254 36 255 36 
398 254 36 36 
152 36 153 36 
36 122 123 36 
36 122 123 36 
254 36 255 36 
36 122 123 36 
254 36 255 36 
36 122 123 36 
254 36 255 36 
5 6 254 36 36 
142 36 36 
493 254 36 36 
493 254 36 36 
254 36 255 36 
254 36 255 36 
383 384 254 36 36 
254 36 255 36 
142 36 36 
36 122 123 36 
254 36 255 36 
142 36 36 
254 36 255 36 
254 36 255 36 
254 36 255 36 
5 254 8 36 219 36 
254 36 255 36 
36 122 123 36 
254 36 255 36 
254 36 255 36 
254 36 255 36 
254 36 255 36 
254 36 255 36 
5 6 374 36 61 36 
254 36 255 36 
5 254 8 36 36 
5 254 8 36 36 
254 36 255 36 
254 36 255 36 
254 36 255 36 
254 36 255 36 
398 254 36 36 
254 36 255 36 
142 36 36 
36 122 123 36 
254 36 255 36 
142 36 36 
83 36 36 
254 36 255 36 
254 36 255 36 
254 36 255 36 
254 36 255 36 
254 142 36 255 36 
254 36 255 36 
254 36 255 36 
254 36 255 36 
254 36 255 36 
254 36 255 36 
254 36 255 36 
254 36 255 36 
254 36 255 36 
254 36 255 36 
254 36 255 36 
36 122 123 36 
254 36 255 36 
254 36 255 36 
142 36 122 36 
118 36 36 
159 254 36 255 130 36 
118 142 36 36 
142 36 36 
254 36 255 36 
398 254 36 36 
384 254 36 255 36 
498 254 36 36 
142 36 36 
254 36 255 36 
254 36 255 36 
159 36 586 70 130 36 
254 36 255 36 
36 122 123 36 
159 254 36 255 130 36 
142 36 36 
159 36 586 70 130 36 
254 36 36 
254 36 255 36 
142 36 36 
254 36 255 36 
398 254 36 36 
254 36 255 36 
254 36 255 36 
254 36 255 36 
254 36 255 36 
398 254 36 36 
254 36 255 36 
398 254 36 36 
254 36 255 36 
254 36 255 36 
254 36 255 36 
254 36 255 36 
36 36 
142 36 36 
254 36 36 
254 36 255 36 
254 36 255 36 
5 8 36 165 36 
254 36 255 36 
142 36 36 
5 8 36 219 36 
254 36 255 36 
254 36 255 36 
142 36 36 
398 254 36 122 36 
142 36 36 
254 36 255 36 
493 254 36 36 
398 254 36 36 
254 36 36 
254 36 255 36 
36 36 
254 36 255 36 
254 36 255 36 
254 36 255 36 
142 36 36 
36 122 123 36 
142 36 36 
142 36 36 
142 36 36 
142 36 36 
142 36 36 
254 369 370 142 36 36 
254 36 255 36 
5 8 142 36 36 
254 36 255 36 
398 254 142 36 36 
254 36 255 36 
398 254 36 36 
36 122 123 36 
254 36 122 36 
254 36 255 36 
254 36 255 36 
5 8 142 36 36 
254 36 255 36 
254 36 255 36 
254 36 255 36 
254 36 255 36 
254 36 255 36 
5 8 36 165 36 
254 36 255 36 
5 8 36 219 36 
398 254 36 36 
254 36 255 36 
254 36 255 36 
142 36 36 
5 254 8 36 255 36 
254 36 255 36 
254 36 255 36 
254 36 255 36 
254 36 255 36 
254 36 255 36 
254 36 255 36 
254 36 255 36 
254 370 142 36 36 
254 36 255 36 
254 36 255 36 
254 36 255 36 
254 36 255 36 
254 36 255 36 
254 36 255 36 
254 36 255 36 
254 36 255 36 
254 36 255 36 
254 36 255 36 
254 36 255 36 
254 36 255 36 
254 36 36 
254 36 255 36 
254 36 36 
254 36 255 36 
398 254 36 36 
254 36 255 36 
254 36 255 36 
254 36 255 36 
254 36 255 36 
254 36 255 36 
142 36 36 
254 36 255 36 
142 36 36 
254 36 255 36 
5 254 8 36 36 
36 36 
254 36 255 36 
254 142 36 36 
254 36 255 36 
254 36 255 36 
254 36 255 36 
254 36 255 36 
254 36 255 36 
254 36 255 36 
142 36 36 
254 36 36 
36 122 123 36 
254 36 255 36 
254 36 255 36 
5 8 36 36 
254 36 255 36 
254 36 255 36 
254 36 255 36 
254 36 36 
254 36 255 36 
254 36 255 36 
254 36 255 36 
254 36 255 36 
254 36 255 36 
254 36 255 36 
254 36 255 36 
254 36 255 36 
254 36 255 36 
345 142 36 396 36 
36 122 123 36 
118 254 132 36 255 36 
254 36 255 36 
254 36 255 36 
254 36 255 36 
5 254 8 36 36 
5 254 8 36 36 
254 369 370 36 255 36 
118 226 36 36 
161 254 36 255 36 
345 36 396 36 
345 36 396 36 
254 36 255 36 
81 21 22 36 82 24 36 
254 369 370 36 255 36 
254 36 255 36 
254 36 255 36 
254 36 122 36 
254 36 255 36 
118 254 36 255 36 
254 36 255 36 
118 226 254 36 36 
254 36 255 36 
254 36 255 36 
254 36 255 36 
254 36 255 36 
254 36 255 36 
398 254 36 36 
383 384 254 36 36 
383 384 254 36 36 
254 36 36 
254 36 255 36 
254 36 255 36 
142 36 36 
254 36 255 36 
254 36 255 36 
142 36 36 
254 36 255 36 
254 36 255 36 
493 254 36 36 
254 36 255 36 
254 36 255 36 
142 36 36 
493 254 36 36 
254 36 255 36 
254 36 255 36 
398 254 36 36 
398 254 36 122 36 
254 142 36 36 
254 36 36 
254 36 255 36 
254 36 255 36 
254 36 255 36 
254 36 255 122 123 36 
5 456 8 36 219 36 
254 36 255 36 
254 36 36 
254 36 255 36 
254 36 255 36 
5 8 36 36 
254 36 255 36 
254 36 255 36 
254 142 36 36 
254 36 255 36 
254 36 255 36 
254 36 255 36 
36 122 123 36 
254 36 255 36 
254 36 255 36 
5 254 8 36 255 36 
254 36 255 36 
493 254 36 255 36 
254 36 255 36 
493 254 36 255 36 
254 36 255 36 
142 36 36 
142 36 36 
142 36 36 
142 36 36 
142 36 36 
142 36 36 
142 36 36 
142 36 36 
142 36 36 
142 36 36 
142 36 36 
142 36 36 
142 36 36 
142 36 36 
142 36 36 
142 36 36 
142 36 36 
142 36 36 
142 36 36 
142 36 36 
142 36 36 
142 36 36 
115 116 21 254 117 36 36 
254 36 255 36 
254 36 255 36 
254 369 370 142 36 36 
254 36 36 
254 36 255 36 
398 254 36 36 
254 36 255 36 
254 370 36 255 36 
254 36 255 36 
254 36 255 36 
254 36 255 36 
254 36 255 36 
493 254 36 36 
254 36 255 36 
254 36 255 36 
142 36 36 
118 132 36 36 
36 122 123 36 
254 36 255 36 
254 36 36 
254 36 255 36 
254 36 255 36 
254 36 36 
118 254 119 36 36 
254 36 255 36 
254 36 255 36 
254 36 255 36 
118 254 36 255 36 
254 36 255 36 
254 36 255 36 
142 36 36 
36 122 123 36 
36 122 123 36 
254 36 36 
5 8 36 219 36 
5 8 36 219 36 
254 36 255 36 
254 36 255 36 
254 36 255 36 
142 36 36 
254 36 255 36 
493 254 36 36 
254 36 36 
254 142 36 36 
254 36 255 36 
254 36 255 36 
254 36 255 36 
142 36 36 
254 36 255 36 
254 36 255 36 
254 36 255 36 
254 142 36 36 
5 6 8 36 61 36 
5 6 8 36 61 36 
254 36 255 36 
398 254 36 36 
254 36 36 
36 122 123 36 
142 36 36 
142 36 36 
5 480 8 36 219 36 
254 36 255 36 
254 36 255 36 
254 36 255 36 
254 36 255 36 
384 254 36 407 36 
254 36 36 
254 36 255 36 
254 36 255 36 
254 36 255 36 
5 112 248 8 113 36 249 219 36 
254 36 255 36 
254 36 255 36 
254 36 255 36 
254 36 255 36 
142 36 36 
142 36 36 
254 36 36 
142 36 36 
142 36 36 
254 36 36 
36 36 
254 36 36 
254 36 255 36 
254 36 255 36 
493 254 36 255 36 
398 254 36 36 
254 36 255 36 
5 254 8 36 255 36 
254 369 370 36 255 36 
254 36 255 36 
254 36 255 36 
254 36 255 36 
5 8 142 36 36 
254 36 255 36 
254 36 255 36 
254 36 255 36 
36 122 123 36 
254 36 255 36 
254 36 255 36 
254 36 255 36 
118 132 36 36 
142 36 36 
254 36 255 36 
254 36 255 36 
142 36 36 
254 36 36 
5 8 36 36 
254 36 255 36 
254 36 255 36 
254 36 255 36 
254 36 255 36 
254 36 255 36 
493 254 36 36 
5 254 8 36 255 36 
254 36 255 36 
254 36 255 36 
254 36 255 36 
254 36 255 36 
142 36 36 
254 36 255 36 
118 254 36 255 36 
254 36 255 36 
254 142 36 36 
254 36 255 36 
254 36 255 36 
254 36 255 36 
5 6 23 36 139 36 
5 8 36 219 36 
398 254 36 36 
493 254 36 36 
254 36 255 36 
254 36 255 36 
254 36 36 
36 36 
118 173 119 36 36 
5 8 36 165 36 
5 456 8 36 219 36 
5 8 36 219 36 
142 36 36 
254 36 255 36 
5 8 36 36 
254 36 255 36 
254 36 36 
254 36 255 36 
142 36 36 
5 143 8 36 144 36 
254 36 255 36 
254 36 255 36 
142 36 36 
489 36 36 
254 36 255 36 
254 36 36 
572 413 254 36 36 
254 36 255 36 
493 254 36 36 
5 36 36 
142 36 36 
36 36 
254 36 255 36 
254 36 255 36 
254 142 36 255 36 
5 8 36 122 123 36 
254 36 255 36 
493 254 36 36 
254 36 255 36 
254 36 255 36 
254 36 255 36 
254 36 255 36 
254 142 36 255 36 
254 36 255 36 
254 36 255 36 
5 118 173 8 36 219 36 
254 36 255 36 
142 36 36 
254 36 255 36 
254 36 130 36 
254 36 255 36 
254 36 255 36 
254 36 255 36 
254 36 255 36 
254 36 255 36 
254 36 255 36 
36 122 123 36 
142 36 36 
254 36 255 36 
254 36 255 36 
254 36 255 36 
254 36 255 36 
254 36 255 36 
36 122 123 36 
254 36 255 36 
36 122 123 36 
254 36 255 36 
254 36 255 36 
5 8 36 165 36 
254 36 255 36 
254 36 255 36 
5 254 8 36 36 
254 36 255 36 
118 254 132 36 255 36 
384 254 36 407 36 
254 36 255 36 
142 36 36 
254 36 255 36 
36 36 
398 254 36 36 
254 36 255 36 
142 36 36 
254 36 255 36 
254 36 255 36 
254 36 255 36 
254 36 255 36 
254 36 255 36 
254 36 255 36 
254 36 255 36 
254 36 255 36 
254 36 255 36 
254 36 255 36 
36 122 123 36 
5 456 8 36 219 36 
254 36 36 
254 36 255 36 
254 36 36 
254 36 255 36 
254 36 36 
254 36 255 36 
142 36 36 
254 36 255 36 
254 36 255 36 
398 254 36 255 36 
254 36 255 36 
254 36 255 36 
493 254 36 36 
142 36 36 
254 36 255 36 
254 36 255 36 
254 36 255 36 
36 122 123 36 
254 36 255 36 
118 152 119 36 153 36 
36 122 123 36 
493 254 36 36 
254 36 255 36 
254 142 36 36 
254 36 255 36 
254 36 255 36 
254 36 255 36 
493 254 36 36 
254 36 255 36 
254 36 255 36 
384 254 36 407 36 
254 36 255 36 
254 36 255 36 
254 36 255 36 
5 8 36 165 36 
254 36 255 36 
254 36 255 36 
5 8 36 165 36 
142 36 36 
254 36 36 
254 36 255 36 
254 36 36 
36 122 123 36 
254 36 255 36 
254 36 255 36 
254 36 255 36 
36 122 123 36 
254 36 36 
254 36 255 36 
254 36 255 36 
254 36 255 36 
254 36 255 36 
254 36 255 36 
36 122 123 36 
142 36 36 
254 36 255 36 
254 36 255 36 
254 36 255 36 
254 36 255 36 
254 36 255 36 
254 36 255 36 
254 36 255 36 
254 36 255 36 
254 36 255 36 
354 21 22 36 68 24 36 
493 254 36 36 
36 122 123 36 
254 142 36 255 36 
142 36 36 
142 36 36 
254 36 255 36 
254 36 255 36 
254 36 255 36 
5 456 8 36 219 36 
254 36 36 
254 36 255 36 
254 36 255 36 
5 8 36 165 36 
254 36 255 36 
254 36 255 36 
254 36 255 36 
36 122 123 36 
254 36 255 36 
36 122 123 36 
254 36 255 36 
254 142 36 255 36 
161 36 36 
254 36 255 36 
36 122 123 36 
254 36 255 36 
254 36 255 36 
254 36 255 36 
118 254 36 255 36 
254 36 255 36 
142 36 36 
142 36 36 
142 36 36 
493 254 36 36 
142 36 36 
254 36 36 
21 22 36 68 24 36 
254 142 36 255 36 
254 36 255 36 
142 36 36 
118 119 36 36 
36 122 123 36 
254 36 255 36 
254 36 255 36 
383 384 254 36 36 
5 254 8 36 219 36 
36 122 123 36 
254 36 255 36 
254 36 255 36 
254 36 255 36 
36 122 123 36 
254 36 255 36 
36 122 123 36 
254 36 255 36 
5 493 254 36 36 
142 36 36 
142 36 36 
254 36 255 36 
5 6 8 36 36 
398 254 36 36 
142 36 36 
254 36 255 36 
142 36 36 
254 36 255 36 
36 122 123 36 
254 142 36 36 
254 36 36 
254 36 255 36 
254 142 36 36 
254 36 255 36 
254 142 36 36 
254 36 255 36 
36 122 123 36 
254 36 255 36 
36 122 123 36 
36 122 123 36 
142 36 36 
142 36 36 
254 36 255 36 
254 36 255 36 
36 122 123 36 
398 254 36 36 
5 8 142 36 36 
142 36 36 
254 142 36 255 36 
254 36 255 36 
254 36 36 
254 36 255 36 
254 36 255 36 
254 142 36 36 
5 254 8 36 36 
36 122 123 36 
36 122 123 36 
254 36 255 36 
254 36 255 36 
5 8 142 36 36 
254 142 36 255 36 
254 36 255 36 
254 36 122 36 
254 36 122 36 
398 254 36 36 
398 254 36 36 
254 36 36 
493 254 36 36 
254 36 255 36 
254 36 255 36 
254 36 255 36 
398 254 36 36 
254 36 255 36 
254 36 255 36 
254 36 255 36 
254 36 255 36 
254 36 255 36 
254 36 255 36 
254 36 255 36 
36 122 123 36 
36 122 123 36 
142 36 122 123 36 
398 254 36 36 
254 36 255 36 
254 36 255 36 
36 122 123 36 
254 36 255 36 
254 370 142 36 36 
254 36 255 36 
142 36 36 
254 36 255 36 
36 122 123 36 
254 36 255 36 
254 370 142 36 36 
254 36 255 36 
36 122 123 36 
36 122 123 36 
36 122 123 36 
36 122 123 36 
254 36 255 36 
254 36 255 36 
5 8 36 36 
254 36 255 36 
254 142 36 36 
254 36 255 36 
112 254 248 113 36 36 
254 36 255 36 
254 36 255 36 
142 36 36 
254 36 255 36 
36 122 123 36 
254 36 255 36 
142 36 36 
36 122 123 36 
254 36 36 
142 36 36 
254 36 255 36 
254 36 255 36 
254 36 255 36 
36 122 123 36 
254 142 36 36 
254 36 255 36 
254 36 255 36 
254 36 255 36 
36 122 123 36 
254 36 255 36 
254 36 255 36 
161 254 36 255 36 
254 36 36 
254 36 255 36 
254 36 255 36 
254 142 36 36 
254 36 36 
254 36 255 36 
254 36 255 36 
254 36 255 36 
159 36 586 70 130 36 
254 142 36 36 
254 142 36 36 
5 8 36 165 36 
493 254 36 36 
118 254 36 255 36 
28 21 254 36 111 255 80 36 
254 36 255 36 
161 254 36 255 36 
254 36 255 36 
254 36 255 36 
254 36 36 
161 254 36 255 36 
254 36 255 36 
254 36 255 36 
383 384 254 36 36 
254 36 255 36 
254 36 255 36 
254 36 255 36 
36 122 123 36 
36 122 123 36 
254 36 255 36 
254 142 36 36 
254 36 255 36 
142 36 36 
36 122 123 36 
142 36 36 
142 36 36 
254 36 255 36 
254 36 255 36 
254 36 255 36 
254 36 255 36 
254 36 255 36 
254 36 255 36 
254 36 255 36 
398 254 36 36 
254 36 255 36 
254 36 255 36 
384 254 36 407 36 
36 122 123 36 
5 8 36 165 36 
254 36 255 36 
5 8 36 122 123 36 
254 36 255 36 
254 36 255 36 
254 36 255 36 
118 36 36 
142 36 36 
254 36 255 36 
254 36 255 36 
142 36 36 
254 36 255 36 
254 36 255 36 
142 36 36 
254 36 255 36 
142 36 36 
254 36 255 36 
254 36 255 36 
254 36 255 36 
254 36 255 36 
254 36 255 36 
254 36 255 36 
142 36 36 
254 36 36 
254 36 255 36 
5 498 36 36 
254 36 255 36 
254 36 255 36 
5 8 36 165 36 
36 122 123 36 
142 36 36 
142 36 36 
254 36 255 36 
254 36 255 36 
254 36 255 36 
254 36 36 
254 36 255 36 
254 36 255 36 
5 8 36 165 36 
254 36 255 36 
254 36 255 36 
254 36 255 36 
254 36 255 36 
254 36 255 36 
142 36 36 
254 36 255 36 
254 36 255 36 
142 36 36 
142 36 36 
254 36 255 36 
36 122 123 36 
254 36 255 36 
142 36 36 
398 254 36 36 
5 21 22 8 36 24 36 
254 36 255 36 
36 122 123 36 
142 36 36 
5 8 36 165 36 
254 36 255 36 
254 36 255 36 
254 36 255 36 
254 36 36 
118 226 36 36 
254 36 36 
21 599 36 36 
254 36 255 36 
36 36 
254 36 255 36 
142 36 36 
398 254 36 36 
254 36 255 36 
254 36 255 36 
493 254 36 36 
254 36 255 36 
142 36 36 
254 36 36 
254 36 36 
345 142 36 396 36 
383 384 254 36 36 
383 384 254 36 36 
764 36 36 
254 36 255 36 
254 36 255 36 
254 36 255 36 
254 36 255 36 
254 36 255 36 
493 254 36 36 
254 36 255 36 
254 36 255 36 
254 36 255 36 
142 36 36 
254 36 255 36 
254 36 255 36 
254 36 255 36 
254 36 255 36 
254 36 255 36 
254 36 255 36 
159 36 130 36 
36 122 123 36 
36 122 123 36 
254 36 255 36 
36 122 123 36 
254 36 255 36 
254 36 255 36 
254 36 255 36 
254 36 255 36 
254 36 255 36 
254 36 255 36 
254 36 255 36 
254 36 255 36 
5 91 6 92 36 36 
254 36 255 36 
254 36 255 36 
254 36 255 36 
254 36 255 36 
254 36 255 36 
254 36 255 36 
254 36 255 36 
254 36 255 36 
254 36 255 36 
254 36 255 36 
142 36 36 
142 36 36 
254 36 255 36 
254 36 255 36 
398 254 36 36 
398 254 36 36 
36 122 123 36 
5 6 254 36 61 36 
254 36 255 36 
5 101 8 36 36 
254 36 255 36 
254 36 255 36 
254 36 255 36 
254 36 255 36 
254 36 255 36 
254 36 36 
254 36 255 36 
254 36 255 36 
254 36 255 36 
254 36 255 36 
36 122 123 36 
112 254 248 113 36 249 36 
254 36 255 36 
345 142 36 396 36 
254 36 255 36 
254 36 255 36 
254 36 255 36 
254 36 255 36 
36 122 123 36 
254 36 255 36 
254 36 255 36 
254 36 255 36 
254 36 255 36 
493 254 36 36 
254 36 255 36 
142 36 36 
254 36 255 36 
118 173 36 36 
254 36 36 
36 122 123 36 
254 36 255 36 
142 36 36 
254 36 255 36 
254 36 255 36 
254 36 255 36 
254 36 255 36 
36 122 123 36 
36 122 123 36 
142 36 36 
493 254 36 36 
254 36 255 36 
254 36 255 36 
254 36 255 36 
5 638 254 8 36 36 
254 36 255 36 
254 369 370 36 36 
36 122 123 36 
142 36 36 
254 36 255 36 
254 36 255 36 
254 36 255 36 
254 36 255 36 
254 36 255 36 
254 36 255 36 
142 36 36 
254 36 255 36 
142 36 36 
254 36 255 36 
254 36 255 36 
254 36 255 36 
254 36 255 36 
254 36 255 36 
142 36 36 
254 369 370 36 255 36 
254 36 255 36 
254 36 255 36 
254 36 255 36 
254 36 255 36 
254 36 255 36 
254 36 255 36 
254 36 255 36 
254 36 255 36 
254 36 255 36 
254 36 255 36 
254 36 36 
254 36 122 36 
254 36 255 36 
254 36 255 36 
254 36 255 36 
254 36 255 36 
5 8 142 36 36 
254 36 255 36 
142 36 36 
254 36 255 36 
254 36 255 36 
142 36 36 
254 36 255 36 
254 36 255 36 
5 254 8 36 255 36 
254 36 255 36 
254 36 122 36 
254 36 255 36 
254 142 36 36 
254 369 370 142 36 36 
254 36 255 36 
254 36 255 36 
254 36 122 36 
5 8 36 144 36 
254 142 36 36 
254 36 255 36 
254 36 255 36 
254 36 255 36 
254 369 370 142 36 36 
254 36 255 36 
254 36 255 36 
254 36 255 36 
254 36 255 36 
5 6 36 61 36 
254 36 255 36 
254 36 255 36 
254 36 255 36 
254 36 36 
254 369 370 142 36 36 
142 36 36 
254 36 255 36 
5 254 8 36 255 36 
254 36 255 36 
254 370 36 36 
254 142 36 36 
254 36 255 36 
254 36 255 36 
254 36 255 36 
254 36 255 36 
493 254 36 255 36 
254 36 255 36 
118 142 132 36 36 
254 36 255 36 
254 36 255 36 
36 36 
36 36 
36 36 
36 36 
36 36 
36 36 
36 36 
36 36 
36 36 
36 36 
254 36 255 36 
7 142 11 10 36 36 
254 36 36 
142 36 36 
142 36 36 
142 36 36 
142 36 36 
142 36 36 
142 36 36 
142 36 36 
142 36 36 
142 36 36 
254 36 255 36 
384 254 36 407 36 
254 36 255 36 
254 36 255 36 
142 36 36 
142 36 36 
254 142 36 255 36 
254 36 255 36 
254 36 36 
254 36 36 
254 369 370 142 36 36 
254 36 255 36 
142 36 36 
254 36 255 36 
254 36 255 36 
5 254 8 36 255 36 
254 36 255 36 
254 36 255 36 
142 36 36 
142 36 36 
142 36 36 
142 36 36 
142 36 36 
142 36 36 
254 36 255 36 
254 36 255 36 
254 36 255 36 
36 36 
254 36 255 36 
254 36 255 36 
36 36 
36 36 
142 36 36 
254 36 255 36 
254 36 255 36 
254 36 255 36 
36 122 123 36 
142 36 36 
36 36 
493 254 36 36 
254 36 255 36 
5 254 8 36 255 219 36 
48 5 6 36 36 
398 254 36 36 
254 36 255 36 
142 36 36 
254 36 255 36 
142 36 36 
254 36 255 36 
254 36 255 36 
36 122 123 36 
254 36 255 36 
5 91 6 36 36 
5 6 374 36 61 36 
254 36 255 36 
36 36 
254 36 255 36 
254 142 36 36 
254 36 255 36 
254 36 255 36 
254 36 255 36 
254 36 255 36 
254 36 255 36 
142 36 36 
142 36 36 
254 36 255 36 
254 36 255 36 
142 36 36 
142 36 36 
254 36 255 36 
254 36 255 36 
254 36 255 36 
254 36 255 36 
142 36 36 
142 36 36 
142 36 36 
254 36 255 36 
254 36 255 36 
254 36 255 36 
599 36 36 
254 36 255 36 
142 36 36 
254 36 255 36 
254 36 255 36 
254 36 255 36 
21 22 36 68 24 36 
5 254 8 36 36 
142 36 36 
254 36 255 36 
254 36 255 36 
142 36 36 
142 36 36 
142 36 36 
254 36 255 36 
493 254 36 255 36 
383 384 254 36 36 
254 36 255 36 
118 254 119 36 36 
254 36 255 36 
254 36 255 36 
142 36 36 
142 36 36 
254 36 255 36 
254 36 255 36 
254 36 36 
398 254 36 255 36 
254 36 255 36 
254 36 255 36 
254 36 255 36 
142 36 36 
254 36 255 36 
5 8 142 36 219 36 
254 36 255 36 
254 36 255 36 
254 36 255 36 
254 36 255 36 
254 36 36 
254 36 255 36 
254 36 255 36 
254 36 255 36 
493 254 36 36 
254 370 142 36 36 
5 8 36 36 
142 36 36 
254 36 255 36 
254 36 36 
254 36 255 36 
254 36 255 36 
254 36 255 36 
254 36 255 36 
383 384 254 36 36 
383 384 254 36 36 
142 36 36 
254 36 255 36 
254 36 255 36 
254 36 255 36 
254 36 255 36 
398 254 36 36 
254 36 255 36 
254 36 36 
142 36 36 
36 122 123 36 
254 36 255 36 
254 36 255 36 
254 36 255 36 
254 36 255 36 
142 36 36 
254 36 255 36 
254 36 255 36 
5 254 8 36 36 
142 36 36 
142 36 36 
254 369 370 36 122 36 
254 36 255 36 
254 36 255 36 
398 254 36 36 
254 36 255 36 
254 36 255 36 
36 122 123 36 
142 36 122 36 
254 36 255 36 
398 254 36 36 
254 36 255 36 
254 36 255 36 
254 36 255 36 
254 36 255 36 
254 36 255 36 
254 36 255 36 
254 36 255 36 
142 36 36 
5 398 254 8 36 36 
142 36 36 
254 36 255 36 
398 254 36 36 
254 142 36 36 
254 36 255 36 
254 36 36 
36 36 
5 6 23 36 139 36 
5 378 232 8 36 36 
142 36 36 
142 36 36 
142 36 36 
142 36 36 
36 122 123 36 
254 36 255 36 
254 36 255 36 
254 36 255 36 
254 36 255 36 
254 142 36 36 
254 36 36 
36 122 123 36 
254 36 255 36 
254 36 255 36 
254 36 255 36 
254 36 255 36 
254 36 255 36 
36 122 123 36 
254 36 255 36 
254 36 255 36 
254 36 255 36 
5 254 8 36 255 36 
142 36 36 
142 36 36 
254 36 255 36 
254 36 255 36 
254 36 255 36 
254 36 36 
254 142 36 36 
254 36 255 36 
254 36 255 36 
254 36 255 36 
254 36 255 36 
5 143 8 36 144 36 
254 36 255 36 
254 36 255 36 
142 36 36 
142 36 36 
254 36 255 36 
254 36 255 36 
254 36 255 36 
36 122 123 36 
254 36 255 36 
254 36 255 36 
142 36 36 
254 36 255 36 
254 36 255 36 
142 36 36 
142 36 36 
36 122 123 36 
254 36 255 36 
254 36 255 36 
159 36 586 70 130 36 
254 36 255 36 
254 36 255 36 
36 122 123 36 
254 36 255 36 
254 36 255 36 
254 36 255 36 
254 36 255 36 
254 36 255 36 
254 36 255 36 
254 36 255 36 
254 36 255 36 
254 142 36 36 
254 142 36 36 
5 444 8 36 36 
254 36 255 36 
254 36 255 36 
142 36 36 
254 36 255 36 
254 36 255 36 
254 36 255 36 
254 36 36 
254 36 255 36 
254 36 255 36 
254 36 255 36 
254 36 255 36 
398 254 36 36 
254 36 36 
254 36 255 36 
254 36 255 36 
254 36 255 36 
5 8 36 36 
254 36 255 36 
254 36 255 36 
36 122 123 36 
254 36 255 36 
254 36 255 36 
254 36 255 36 
142 36 36 
142 36 36 
254 36 255 36 
36 122 123 36 
254 36 255 36 
254 36 255 36 
254 36 255 36 
254 36 255 36 
254 36 255 36 
254 36 255 36 
254 36 255 36 
254 36 255 36 
5 254 8 12 36 36 
254 36 255 36 
254 36 255 36 
5 91 6 92 36 36 
254 36 255 36 
254 36 255 36 
36 122 123 36 
36 122 123 36 
254 36 255 36 
142 36 36 
142 36 36 
142 36 36 
254 36 255 36 
254 36 255 36 
254 36 255 36 
142 36 36 
254 36 255 36 
254 36 255 36 
254 36 255 36 
254 142 36 36 
254 36 255 36 
254 36 255 36 
254 36 255 36 
254 36 255 36 
254 36 255 36 
142 36 36 
142 36 36 
36 122 123 36 
254 36 255 36 
118 226 254 36 36 
254 36 255 36 
36 122 123 36 
398 254 36 36 
254 36 122 36 
398 254 36 36 
254 36 255 36 
254 36 255 36 
254 36 255 36 
254 36 255 36 
5 8 36 165 36 
142 36 36 
254 36 255 36 
118 254 218 36 36 
254 36 255 36 
142 36 36 
254 36 255 36 
254 36 255 36 
254 36 255 36 
36 122 123 36 
254 36 255 36 
142 36 36 
142 36 36 
161 254 36 36 
254 36 255 36 
254 36 255 36 
398 254 36 36 
254 36 255 36 
254 36 255 36 
254 36 255 36 
5 8 36 36 
254 36 255 36 
254 36 255 36 
254 36 255 36 
254 36 255 36 
254 36 255 36 
254 36 255 36 
254 36 255 36 
254 36 255 36 
254 36 255 36 
254 36 255 36 
118 493 254 36 36 
254 36 255 36 
254 36 255 36 
254 36 255 36 
118 119 36 36 
254 36 255 36 
254 36 36 
254 36 255 36 
254 36 255 36 
254 36 255 36 
254 36 255 36 
254 36 255 36 
118 254 119 36 36 
142 36 36 
254 36 255 36 
254 36 255 36 
254 36 255 36 
254 36 255 36 
118 254 36 255 36 
254 36 255 36 
5 8 36 36 
142 36 36 
254 36 255 36 
254 36 255 36 
254 36 255 36 
254 36 255 36 
254 36 255 36 
254 36 255 36 
142 36 36 
21 254 36 68 255 24 36 
5 8 36 165 36 
36 122 123 36 
36 122 123 36 
254 36 255 36 
254 36 255 36 
254 36 36 
142 36 36 
345 142 36 396 36 
254 36 255 36 
254 36 255 36 
254 36 255 36 
5 8 36 165 36 
142 36 36 
142 36 36 
254 36 255 36 
254 36 255 36 
254 36 255 36 
254 36 255 36 
254 36 255 36 
254 36 255 36 
254 36 255 36 
254 36 255 36 
254 36 255 36 
142 36 36 
254 36 255 36 
254 36 255 36 
254 142 36 36 
36 122 123 36 
254 36 255 36 
36 122 123 36 
493 254 36 36 
254 36 36 
142 36 36 
254 36 36 
36 122 123 36 
384 254 36 407 36 
36 122 123 36 
5 8 142 36 36 
254 36 255 36 
142 36 36 
254 36 255 36 
493 254 36 255 36 
254 36 255 36 
254 36 255 36 
254 36 36 
254 36 255 36 
254 36 255 36 
48 5 6 36 36 
254 36 36 
254 36 255 36 
36 122 123 36 
159 254 36 130 36 
118 132 36 36 
254 36 255 36 
142 36 36 
142 36 36 
254 36 255 36 
142 36 36 
254 36 255 36 
254 36 255 36 
254 36 255 36 
254 36 255 36 
383 384 254 36 36 
254 36 255 36 
142 36 36 
142 36 36 
36 122 123 36 
254 36 255 36 
36 122 123 36 
254 36 255 36 
254 36 36 
254 369 370 142 36 36 
254 36 255 36 
5 6 254 374 36 61 36 
254 36 255 36 
254 36 255 36 
5 6 254 36 36 
254 36 255 36 
254 36 255 36 
254 142 36 36 
254 36 36 
254 36 255 36 
254 36 255 36 
5 456 8 36 219 36 
254 36 255 36 
254 36 255 36 
254 36 255 36 
254 36 255 36 
254 36 122 36 
254 142 36 36 
254 36 255 36 
254 36 255 36 
254 36 255 36 
254 36 255 36 
36 122 123 36 
383 384 254 36 36 
254 36 36 
254 36 36 
5 8 36 219 36 
5 8 36 219 36 
254 36 255 36 
254 36 255 36 
36 122 123 36 
254 36 255 36 
36 122 123 36 
159 36 122 123 130 36 
36 122 123 36 
493 254 36 36 
254 36 255 36 
398 254 36 36 
398 254 36 36 
254 36 255 36 
254 36 255 36 
254 36 255 36 
254 36 255 36 
36 122 123 36 
254 36 255 36 
254 36 255 36 
142 36 36 
36 122 123 36 
36 122 123 36 
36 122 123 36 
254 142 36 36 
254 36 255 36 
254 36 255 36 
254 36 255 36 
383 384 254 36 36 
254 36 255 36 
254 36 255 36 
142 36 36 
142 36 36 
142 36 36 
254 142 36 36 
142 36 36 
254 36 255 36 
254 36 255 36 
254 36 255 36 
142 36 36 
398 254 36 36 
254 36 255 36 
254 36 255 36 
254 142 36 255 36 
254 36 255 36 
254 36 255 36 
254 36 255 36 
254 36 255 36 
142 36 36 
398 254 36 122 36 
254 36 255 36 
254 36 36 
254 36 255 36 
254 36 255 36 
142 36 36 
254 36 255 36 
254 36 255 36 
161 254 36 36 
254 36 255 36 
254 36 255 36 
384 254 36 407 36 
398 254 36 36 
254 36 255 36 
254 36 255 36 
398 254 36 122 36 
254 36 255 36 
118 254 36 255 36 
5 254 8 36 255 36 
398 254 36 36 
5 254 8 36 36 
36 36 
254 36 255 36 
254 36 255 36 
254 36 255 36 
254 36 255 36 
254 36 255 36 
5 8 36 165 36 
254 36 255 36 
254 36 255 36 
5 254 8 36 36 
118 254 132 36 36 
36 122 123 36 
5 254 8 36 36 
254 36 255 36 
254 36 255 36 
254 36 255 36 
254 36 255 36 
254 36 255 36 
254 36 255 36 
254 36 255 36 
254 36 255 36 
36 122 123 36 
36 122 123 36 
254 36 255 36 
254 36 255 36 
254 36 36 
142 36 36 
254 36 255 36 
254 36 255 36 
254 36 255 36 
254 36 255 36 
254 36 255 36 
254 36 255 36 
254 36 255 36 
254 36 255 36 
254 36 255 36 
254 36 255 36 
254 36 255 36 
384 254 36 484 36 
254 369 370 142 36 36 
254 369 370 142 36 36 
254 36 36 
254 36 255 36 
254 142 36 255 36 
398 254 36 255 36 
254 36 255 36 
254 36 255 36 
254 36 36 
254 36 255 36 
5 254 8 36 36 
159 36 130 36 
142 36 36 
398 254 36 36 
254 36 255 36 
254 36 255 36 
142 36 36 
254 36 36 
5 254 8 36 36 
254 36 255 36 
254 36 255 36 
254 36 255 36 
254 36 255 36 
254 36 255 36 
254 36 255 36 
254 36 255 36 
161 254 36 255 36 
254 36 255 36 
36 122 123 36 
254 36 255 36 
254 36 255 36 
254 36 255 36 
254 36 255 36 
254 36 255 36 
254 36 255 36 
254 36 255 36 
254 369 370 142 36 36 
5 8 36 165 36 
254 36 255 36 
254 36 255 36 
254 36 255 36 
36 36 
254 36 255 36 
254 36 255 36 
254 36 122 36 
254 142 36 36 
5 254 8 36 255 36 
254 36 255 36 
254 36 255 36 
36 122 36 
5 8 36 165 36 
254 36 255 36 
5 6 36 87 36 
398 254 36 36 
254 36 255 36 
142 36 36 
254 36 255 36 
254 36 255 36 
254 36 255 36 
254 369 370 142 36 36 
254 36 255 36 
254 36 255 36 
254 36 255 36 
254 36 255 36 
254 36 255 36 
254 36 255 36 
254 36 255 36 
254 36 255 36 
398 254 36 36 
254 36 255 36 
254 36 255 36 
254 36 255 36 
254 36 255 36 
5 254 8 36 255 219 36 
5 254 8 36 255 36 
254 36 255 36 
36 122 123 36 
254 36 36 
254 36 255 36 
254 36 255 36 
254 369 370 142 36 36 
254 36 255 36 
36 122 123 36 
254 36 255 36 
142 36 36 
254 36 255 36 
254 36 255 36 
254 36 255 36 
36 122 123 36 
142 36 36 
254 36 255 36 
36 122 123 36 
254 36 255 36 
142 36 36 
142 36 36 
254 36 255 36 
142 36 36 
254 36 255 36 
254 36 255 36 
142 36 36 
254 36 36 
254 36 255 36 
254 36 255 36 
254 36 255 36 
254 36 255 36 
254 36 255 36 
5 8 36 165 36 
5 6 36 61 36 
254 36 255 36 
254 36 255 36 
254 36 255 36 
254 36 255 36 
254 36 255 36 
254 36 255 36 
254 36 255 36 
254 36 255 36 
254 36 255 36 
142 36 36 
254 36 255 36 
254 36 255 36 
254 481 370 36 36 
398 254 36 36 
254 36 255 36 
36 36 
254 36 255 36 
254 36 255 36 
254 369 370 142 36 36 
36 36 
254 36 255 36 
254 36 255 36 
254 36 255 122 36 
254 36 255 36 
254 36 255 36 
254 36 255 36 
254 36 255 36 
254 36 255 36 
254 142 36 36 
254 36 255 36 
36 122 123 36 
36 122 36 
254 36 255 36 
5 8 142 36 36 
5 8 36 219 36 
254 36 255 36 
142 36 36 
254 36 255 36 
254 36 255 36 
254 36 255 36 
254 36 255 36 
254 36 255 36 
254 36 255 36 
254 36 255 36 
254 36 255 36 
254 36 255 36 
142 36 36 
254 36 255 36 
254 36 255 36 
36 122 123 36 
254 36 255 36 
254 36 255 36 
254 36 255 36 
254 36 255 36 
254 36 255 36 
254 36 255 36 
161 254 36 255 36 
254 36 255 36 
5 254 8 36 219 36 
254 36 255 36 
254 36 255 36 
142 36 36 
118 226 398 254 36 36 
36 122 123 36 
254 36 255 36 
254 36 255 36 
254 36 255 36 
254 36 255 36 
36 122 123 36 
398 254 36 36 
142 36 36 
5 254 8 36 255 36 
254 142 36 36 
254 36 255 36 
254 36 255 36 
142 36 36 
254 36 255 36 
118 173 119 36 36 
493 254 36 36 
254 36 255 36 
254 36 255 36 
142 36 36 
254 36 255 36 
254 36 255 36 
254 36 255 36 
254 36 255 36 
254 36 255 36 
254 36 255 36 
254 36 255 36 
254 36 36 
254 36 255 36 
118 254 36 255 36 
254 36 255 36 
254 36 255 36 
36 122 123 36 
254 36 255 36 
254 36 255 36 
254 36 36 
254 36 255 36 
254 36 255 36 
254 36 255 36 
161 36 36 
254 36 255 36 
254 36 36 
254 36 255 36 
254 36 255 36 
254 36 255 36 
254 36 36 
254 36 255 36 
254 36 255 36 
254 36 255 36 
254 36 255 36 
254 36 255 36 
254 36 255 36 
142 36 122 36 
254 36 255 36 
254 36 255 36 
142 36 36 
5 8 36 122 123 36 
254 36 255 36 
254 142 36 36 
254 36 255 36 
254 36 255 36 
398 254 36 36 
254 36 255 36 
254 36 36 
254 36 255 36 
254 36 255 36 
254 36 255 36 
254 36 255 36 
254 36 255 36 
254 36 255 36 
254 36 255 36 
254 36 255 36 
254 36 255 36 
254 36 255 36 
254 36 255 36 
254 370 142 36 36 
254 36 255 36 
254 36 36 
254 36 255 36 
254 36 255 36 
254 36 255 36 
254 36 255 36 
254 36 36 
254 36 255 36 
254 36 255 36 
254 36 255 36 
254 36 255 36 
142 36 36 
254 36 255 36 
398 254 36 255 36 
254 36 255 36 
254 36 255 36 
254 36 255 36 
254 36 255 36 
254 36 255 36 
254 369 370 142 36 36 
254 370 142 36 36 
254 36 255 36 
254 36 36 
398 254 36 36 
398 254 36 36 
254 36 255 36 
254 36 255 36 
254 36 36 
142 36 36 
36 122 123 36 
254 142 36 36 
254 36 255 36 
254 36 255 36 
254 36 255 36 
254 142 36 36 
254 36 255 36 
254 36 255 36 
254 36 255 36 
254 36 255 36 
36 122 123 36 
254 370 36 36 
254 36 255 36 
254 36 255 36 
118 132 36 36 
254 36 255 36 
254 36 255 36 
254 36 255 36 
254 370 36 255 36 
254 36 255 36 
398 254 36 36 
254 36 255 36 
254 36 255 36 
383 384 254 36 36 
254 370 36 255 36 
5 8 36 165 36 
254 142 36 36 
254 36 255 36 
254 36 255 36 
254 36 255 36 
254 36 255 36 
254 36 255 36 
118 226 36 122 36 
254 36 255 36 
254 36 255 36 
254 36 255 36 
254 36 255 36 
36 122 123 36 
254 36 255 36 
254 36 255 36 
398 254 36 36 
493 254 36 36 
254 369 370 142 36 36 
254 36 255 36 
254 36 255 36 
254 36 255 36 
142 36 36 
36 122 123 36 
254 36 255 36 
142 36 36 
254 142 36 36 
254 36 255 36 
254 36 255 36 
254 36 255 36 
254 142 36 36 
254 36 255 36 
254 36 255 36 
254 36 255 36 
142 36 36 
254 36 255 36 
254 36 36 
254 36 36 
254 36 255 36 
254 36 255 36 
254 36 255 36 
36 122 123 36 
254 36 255 36 
254 369 370 142 36 36 
254 36 36 
142 36 36 
254 36 255 36 
118 254 36 255 36 
254 36 255 36 
254 36 255 36 
254 36 255 36 
5 456 8 36 219 36 
254 36 255 36 
254 36 255 36 
5 8 36 165 36 
5 456 8 36 219 36 
254 36 255 36 
254 36 255 36 
254 36 255 36 
254 36 255 36 
254 36 255 36 
36 122 123 36 
36 122 123 36 
254 36 36 
254 36 255 36 
254 36 255 36 
254 36 255 36 
254 36 255 36 
254 36 255 36 
254 36 255 36 
254 36 255 36 
254 36 36 
254 36 255 36 
254 36 36 
254 36 255 36 
142 36 36 
254 36 255 36 
5 8 36 165 36 
254 36 255 36 
118 36 36 
254 36 255 36 
254 36 255 36 
254 36 255 36 
254 36 255 36 
36 36 
254 36 255 36 
5 254 8 36 219 36 
36 122 123 36 
254 36 255 36 
142 36 36 
254 36 255 36 
5 254 8 36 36 
254 36 255 36 
36 36 
254 36 255 36 
398 254 36 36 
254 36 255 36 
159 36 586 70 130 36 
254 36 255 36 
254 36 255 36 
142 36 36 
254 36 36 
254 36 255 36 
36 122 123 36 
142 36 36 
142 36 36 
254 36 255 36 
142 36 36 
254 370 142 36 36 
254 36 255 36 
254 36 255 36 
254 36 255 36 
254 36 255 36 
254 36 255 36 
36 122 123 36 
5 8 36 165 36 
5 36 36 
398 254 36 36 
254 36 255 36 
254 36 255 36 
254 36 255 36 
21 22 36 68 24 36 
254 36 255 36 
254 36 255 36 
493 254 36 36 
254 36 255 36 
254 36 255 36 
254 36 255 36 
36 586 70 36 
254 36 255 36 
254 36 255 36 
254 36 36 
142 36 36 
254 36 255 36 
36 122 123 36 
254 36 255 36 
254 36 255 36 
254 36 255 36 
254 36 255 36 
36 122 123 36 
254 36 255 36 
254 36 255 36 
118 226 36 36 
5 254 8 36 255 36 
5 254 8 36 255 36 
5 6 254 36 36 
5 8 36 219 36 
254 36 255 36 
254 36 255 36 
36 122 123 36 
142 36 36 
254 36 255 36 
5 91 6 92 36 36 
254 36 255 36 
254 36 255 36 
254 36 36 
254 36 255 36 
254 36 255 36 
254 36 255 36 
142 36 36 
254 36 255 36 
142 36 36 
142 36 36 
254 36 255 36 
254 36 255 36 
254 36 255 36 
254 36 255 36 
254 36 255 36 
254 36 255 36 
254 36 255 36 
142 36 36 
254 370 142 36 36 
254 36 255 36 
142 36 36 
254 36 255 36 
254 36 255 36 
254 36 255 36 
254 36 255 36 
254 36 255 36 
159 36 130 36 
36 36 
142 36 36 
254 36 255 36 
254 36 255 36 
36 122 123 36 
383 384 254 36 36 
254 36 255 36 
254 36 255 36 
254 36 255 36 
5 8 36 36 
254 36 255 36 
254 36 255 36 
142 36 36 
254 36 255 36 
5 254 8 36 255 36 
254 36 255 36 
254 36 255 36 
254 36 255 36 
254 36 255 36 
254 36 255 36 
398 254 36 36 
254 36 255 36 
254 36 255 36 
254 36 255 36 
254 36 255 36 
254 36 255 36 
254 36 255 36 
254 36 255 36 
36 36 
5 8 36 36 
254 36 255 36 
398 254 36 36 
142 36 36 
142 36 36 
254 36 255 36 
5 254 8 36 219 36 
398 254 36 36 
254 36 255 36 
254 369 370 142 36 36 
254 36 36 
5 8 142 36 36 
254 36 255 36 
254 36 36 
36 122 123 36 
254 36 255 36 
36 122 123 36 
254 36 255 36 
254 36 255 36 
142 36 36 
254 36 255 36 
254 36 255 36 
5 254 8 36 255 36 
36 122 123 36 
254 36 255 36 
254 36 255 36 
254 36 255 36 
254 36 255 36 
112 248 142 113 36 249 36 
112 248 142 113 36 249 36 
36 122 123 36 
254 142 36 36 
254 36 255 36 
254 36 255 36 
254 36 255 36 
254 36 255 36 
142 36 36 
254 36 255 36 
254 36 255 36 
254 36 255 36 
142 36 122 36 
254 36 255 36 
254 36 36 
36 122 123 36 
254 36 36 
254 36 255 36 
254 36 255 36 
142 36 36 
254 36 255 36 
254 36 255 36 
36 122 123 36 
254 36 255 36 
142 36 36 
254 36 36 
254 36 36 
5 8 36 165 36 
398 254 36 36 
36 122 123 36 
254 36 255 36 
254 36 255 36 
254 36 36 
254 36 255 36 
254 36 255 36 
254 369 370 36 36 
254 36 255 36 
254 36 255 36 
254 36 255 36 
254 36 255 36 
254 36 255 36 
254 36 255 36 
36 122 123 36 
118 254 36 255 36 
5 254 8 36 255 36 
142 36 122 36 
254 36 255 36 
36 122 123 36 
254 36 255 36 
5 6 374 36 61 36 
254 36 255 36 
254 36 255 36 
5 254 8 36 219 36 
254 36 255 36 
254 36 255 36 
254 36 255 36 
383 384 254 36 36 
254 36 255 36 
142 36 36 
254 36 255 36 
254 36 255 36 
254 36 255 36 
142 36 36 
254 36 255 36 
493 254 36 36 
254 36 255 36 
254 36 255 36 
254 36 255 36 
254 36 255 36 
254 36 255 36 
5 8 142 36 36 
254 36 255 36 
254 36 255 36 
254 36 255 36 
5 254 8 36 219 36 
118 254 119 36 36 
254 36 255 36 
118 142 36 36 
5 8 36 36 
398 254 36 36 
398 254 36 36 
254 36 255 36 
118 173 493 254 36 36 
254 36 255 36 
48 5 6 36 122 123 36 
48 5 6 36 122 123 36 
398 254 36 36 
254 36 255 36 
254 36 255 36 
254 36 255 36 
254 142 36 36 
254 36 255 36 
254 36 255 36 
254 36 36 
142 36 36 
254 36 255 36 
254 36 255 36 
254 369 370 142 36 36 
254 36 255 36 
254 36 255 36 
254 36 255 36 
254 369 370 142 36 36 
254 36 255 36 
142 36 36 
254 36 255 36 
254 36 255 36 
398 254 36 122 36 
254 36 255 36 
254 36 255 36 
254 36 255 36 
254 36 255 36 
36 122 123 36 
254 36 255 36 
254 36 36 
254 36 255 36 
398 254 36 36 
254 36 255 36 
254 36 255 36 
493 254 36 255 36 
254 36 255 36 
254 36 255 36 
254 36 36 
5 254 8 36 255 36 
254 36 255 36 
254 36 36 
36 122 123 36 
254 36 255 36 
254 142 36 36 
254 36 255 36 
398 254 36 36 
254 36 255 36 
254 36 255 36 
254 142 36 255 36 
254 36 255 36 
254 36 255 36 
254 36 255 36 
5 254 8 36 255 36 
254 36 255 36 
254 36 255 36 
254 36 255 36 
254 36 122 36 
5 6 383 384 254 36 61 36 
254 36 255 36 
254 36 255 36 
254 36 255 36 
254 36 255 36 
254 36 255 36 
254 36 255 36 
254 36 255 36 
5 8 36 122 123 36 
254 36 255 36 
254 36 255 36 
254 36 255 36 
36 122 123 36 
254 36 255 36 
142 36 36 
254 36 36 
254 369 370 36 255 36 
254 36 255 36 
161 254 36 255 36 
254 36 255 36 
254 36 255 36 
254 36 255 36 
254 36 255 36 
254 36 255 36 
254 36 255 36 
254 36 255 36 
254 36 255 36 
254 36 255 36 
254 36 255 36 
254 36 255 36 
254 36 255 36 
254 36 255 36 
398 254 36 122 36 
254 36 255 36 
254 36 255 36 
5 8 36 165 36 
254 36 255 36 
254 36 36 
48 5 6 36 36 
254 36 122 36 
254 36 255 36 
254 36 255 36 
254 36 255 36 
142 36 36 
254 36 255 36 
254 36 36 
254 36 255 36 
5 8 36 219 36 
254 36 255 36 
36 283 36 
254 36 255 36 
36 36 
254 36 255 36 
36 36 
254 36 255 36 
254 36 255 36 
159 36 130 36 
254 36 36 
254 142 36 255 36 
398 254 36 36 
254 36 255 36 
254 36 255 36 
254 142 36 36 
254 36 255 36 
36 122 123 36 
36 122 123 36 
254 36 255 36 
254 36 255 36 
25 36 36 
5 8 36 165 36 
254 36 36 
398 254 36 36 
254 142 36 36 
254 36 255 36 
254 36 255 36 
254 36 255 36 
254 142 36 36 
254 36 255 36 
254 36 255 36 
142 36 36 
142 36 36 
254 36 255 36 
254 142 36 36 
254 36 255 36 
254 142 36 255 36 
254 36 255 36 
142 36 36 
142 36 36 
398 254 36 36 
36 122 123 36 
254 36 255 36 
254 36 255 36 
142 36 36 
5 8 36 165 36 
142 36 36 
254 36 255 36 
5 254 8 36 36 
254 36 255 36 
254 36 255 36 
254 36 255 36 
36 122 123 36 
254 36 255 36 
36 122 123 36 
254 36 36 
254 36 255 36 
36 36 
36 122 123 36 
254 36 255 36 
254 36 255 36 
254 36 36 
118 226 36 36 
254 36 255 36 
254 36 255 36 
254 36 255 36 
142 36 36 
254 36 255 36 
254 36 255 36 
254 36 255 36 
254 36 255 36 
254 36 255 36 
254 36 255 36 
254 36 255 36 
493 254 36 255 36 
254 36 255 36 
254 36 255 36 
254 36 255 36 
254 36 255 36 
254 36 255 36 
254 36 255 36 
5 8 36 122 123 36 
112 254 248 113 36 678 255 36 
142 36 36 
254 36 255 36 
254 36 255 36 
254 36 255 36 
254 36 255 36 
254 36 255 36 
254 36 255 36 
254 36 255 36 
254 36 255 36 
36 122 123 36 
398 254 36 36 
254 36 255 36 
36 122 123 36 
254 36 255 36 
36 122 123 36 
5 254 36 255 36 
493 254 36 36 
254 142 36 36 
254 36 255 36 
254 36 255 36 
254 36 255 36 
254 36 255 36 
254 36 255 36 
36 122 123 36 
254 36 255 36 
254 36 255 36 
398 254 36 36 
254 36 255 36 
142 36 36 
254 36 255 36 
254 36 36 
254 36 36 
398 254 36 36 
254 36 255 36 
254 36 255 36 
254 142 36 36 
398 254 36 36 
254 36 255 36 
254 36 255 36 
254 36 255 36 
254 36 255 36 
254 36 255 36 
254 36 255 36 
254 36 255 36 
254 36 255 36 
254 36 255 36 
254 36 255 36 
254 36 255 36 
5 62 6 63 36 36 
254 36 255 36 
254 36 255 36 
254 36 255 36 
254 36 255 36 
254 36 255 36 
398 254 36 36 
398 254 36 122 123 36 
254 36 255 36 
254 36 255 36 
254 36 255 36 
254 36 255 36 
254 36 255 36 
254 36 255 36 
254 36 255 36 
599 36 36 
254 36 255 36 
254 36 255 36 
254 36 255 36 
254 36 255 36 
254 36 255 36 
254 36 122 36 
254 36 255 36 
254 36 255 36 
254 36 255 36 
254 36 255 36 
254 36 255 36 
254 36 255 36 
254 36 255 36 
254 36 36 
254 36 255 36 
142 36 36 
142 36 36 
254 36 255 36 
254 36 255 36 
254 36 255 36 
254 36 255 36 
254 36 255 36 
254 142 36 36 
493 254 36 36 
254 36 255 36 
254 36 255 36 
254 36 255 36 
142 36 36 
142 36 36 
142 36 36 
254 36 255 36 
254 36 255 36 
254 36 255 36 
254 36 255 36 
142 36 122 36 
254 370 36 255 36 
254 36 255 36 
254 36 255 36 
142 36 36 
254 36 255 36 
254 36 255 36 
36 122 123 36 
36 122 123 36 
254 36 255 36 
254 36 255 36 
254 36 255 36 
161 254 36 36 
254 36 255 36 
142 36 36 
118 254 36 255 36 
254 36 255 36 
142 36 36 
21 254 36 36 
254 36 255 36 
254 36 255 36 
254 36 36 
254 36 255 36 
254 36 255 36 
142 36 36 
254 36 255 36 
254 36 255 36 
398 254 36 36 
36 122 123 36 
36 122 123 36 
254 36 255 36 
254 36 255 36 
36 122 123 36 
254 36 255 36 
254 36 255 36 
91 5 6 254 92 36 36 
91 5 6 254 92 36 36 
254 36 255 36 
254 36 255 36 
254 36 255 36 
398 254 36 36 
254 36 255 36 
254 36 255 36 
254 142 36 36 
118 36 36 
142 36 36 
142 36 36 
142 36 36 
254 142 36 255 36 
254 36 255 36 
254 36 255 36 
254 36 255 36 
383 384 254 36 36 
254 36 255 36 
5 254 8 36 36 
254 36 255 36 
254 36 255 36 
254 36 255 36 
254 36 255 36 
118 226 36 36 
254 36 255 36 
254 36 255 36 
254 36 255 36 
254 36 255 36 
254 36 255 36 
254 36 255 36 
254 36 255 36 
254 36 255 36 
36 122 123 36 
383 384 254 36 36 
254 36 255 36 
254 36 255 36 
254 369 370 142 36 36 
254 36 255 36 
254 36 255 36 
254 36 36 
254 36 255 36 
254 36 255 36 
254 36 255 36 
254 36 255 36 
254 36 255 36 
254 36 255 36 
254 36 255 36 
254 36 255 36 
254 36 255 36 
5 254 8 36 36 
5 254 8 36 255 36 
254 36 255 36 
254 36 255 36 
254 36 255 36 
383 384 254 36 36 
254 36 255 36 
254 36 255 36 
254 36 255 36 
254 36 36 
254 370 142 36 36 
254 36 36 
254 36 36 
254 36 36 
254 36 36 
254 36 36 
254 36 36 
254 36 36 
254 36 36 
254 36 36 
36 36 
36 36 
36 36 
36 36 
36 36 
36 36 
36 36 
159 36 130 36 
5 254 8 36 255 36 
36 36 
5 8 36 122 123 36 
5 254 8 36 219 36 
142 36 36 
5 8 36 122 123 36 
254 36 255 36 
254 36 255 36 
254 36 255 36 
142 36 122 36 
254 36 255 36 
254 36 255 36 
254 36 36 
254 36 255 36 
493 254 36 36 
254 36 122 36 
254 36 255 36 
254 36 255 36 
36 122 123 36 
254 36 255 36 
118 254 36 255 36 
254 36 255 36 
254 36 255 36 
142 36 36 
254 36 255 36 
588 112 248 142 113 36 36 
254 36 255 36 
254 36 255 36 
254 36 255 36 
254 36 255 36 
398 254 36 36 
764 142 36 36 
254 36 255 36 
254 36 255 36 
254 36 255 36 
142 36 36 
254 142 36 255 36 
254 36 255 36 
254 36 255 36 
254 36 255 36 
142 36 36 
142 36 36 
142 36 36 
36 122 123 36 
36 122 123 36 
254 36 255 36 
254 36 255 36 
254 36 255 36 
254 36 255 36 
254 36 255 36 
254 36 255 36 
254 142 36 36 
142 36 36 
36 122 123 36 
5 6 23 36 139 36 
254 36 255 36 
254 36 255 36 
142 36 36 
254 36 130 36 
254 36 255 36 
5 8 36 122 123 36 
254 36 255 36 
142 36 36 
254 36 255 36 
36 122 123 36 
254 36 255 36 
254 36 255 36 
254 36 255 36 
254 142 36 36 
254 36 255 36 
254 36 255 36 
254 36 255 36 
254 36 255 36 
254 36 255 36 
254 36 255 36 
118 218 36 36 
254 36 255 36 
254 36 255 36 
493 254 36 36 
142 36 36 
254 36 255 36 
254 36 255 36 
36 122 123 36 
142 36 36 
254 36 255 36 
36 122 123 36 
254 36 255 36 
254 36 255 36 
254 36 255 36 
254 142 36 255 36 
254 36 255 36 
254 36 255 36 
118 254 36 255 36 
254 36 255 36 
254 36 255 36 
254 36 255 36 
254 36 36 
254 36 255 36 
254 36 255 36 
398 254 36 36 
142 36 36 
36 122 123 36 
254 36 255 36 
142 36 36 
142 36 36 
254 36 255 36 
254 142 36 36 
254 36 255 36 
118 254 132 36 255 36 
254 36 255 36 
254 36 255 36 
254 36 255 36 
142 36 36 
142 36 36 
460 254 36 36 
460 254 36 36 
254 36 255 36 
254 36 255 36 
254 36 255 36 
5 254 8 36 255 36 
254 36 255 36 
254 36 255 36 
254 36 255 36 
254 36 255 36 
142 36 36 
142 36 36 
142 36 36 
254 36 255 36 
254 36 255 36 
254 36 255 36 
36 122 123 36 
254 36 255 36 
254 369 370 142 36 36 
254 36 255 36 
254 36 255 36 
254 36 255 36 
254 36 255 36 
36 36 
36 36 
36 36 
36 36 
36 36 
36 36 
36 36 
36 36 
254 36 36 
254 36 36 
254 36 36 
254 36 36 
254 36 36 
254 36 36 
254 36 36 
254 36 36 
254 36 36 
254 36 36 
254 36 36 
254 36 36 
36 36 
254 36 36 
118 36 36 
254 36 36 
254 36 36 
254 36 36 
254 36 36 
254 36 36 
254 36 36 
254 36 36 
254 36 36 
254 36 36 
254 36 36 
254 36 36 
254 36 36 
254 36 36 
254 36 36 
254 36 36 
254 36 36 
254 36 36 
254 36 36 
254 36 36 
254 36 36 
254 36 36 
254 36 36 
254 36 36 
254 36 36 
254 36 36 
254 36 36 
254 36 36 
254 36 36 
254 36 36 
254 36 36 
254 36 36 
254 36 36 
254 36 36 
254 36 36 
254 36 36 
254 36 36 
254 36 36 
254 36 36 
254 36 36 
254 36 36 
254 36 36 
254 36 36 
254 36 36 
254 36 255 36 
254 36 255 36 
254 36 255 36 
254 36 255 36 
254 36 255 36 
142 36 36 
142 36 36 
36 122 123 36 
254 36 255 36 
36 122 123 36 
254 36 255 36 
254 36 255 36 
254 36 255 36 
254 36 255 36 
254 36 36 
254 36 36 
254 369 370 36 36 
254 36 255 36 
36 122 123 36 
254 36 255 36 
142 36 36 
254 36 255 36 
383 384 254 36 36 
254 36 255 36 
254 36 255 36 
254 36 255 36 
254 36 255 36 
460 254 36 36 
254 36 255 36 
36 36 
36 36 
254 370 142 36 36 
36 36 
36 36 
36 36 
254 36 36 
254 36 36 
254 36 36 
254 36 36 
254 36 36 
254 36 36 
254 36 36 
254 36 36 
254 36 36 
254 36 36 
254 36 36 
254 36 36 
254 36 36 
254 36 36 
254 36 36 
254 36 36 
254 36 36 
254 36 36 
254 36 36 
254 36 36 
254 36 36 
254 36 36 
254 36 36 
254 36 36 
254 36 36 
254 36 36 
254 36 36 
254 36 36 
254 36 36 
254 36 36 
254 36 36 
254 36 36 
254 36 36 
254 36 36 
254 36 36 
254 36 36 
254 36 36 
254 36 36 
254 36 36 
254 36 36 
254 36 36 
254 36 36 
254 36 36 
254 36 36 
254 36 36 
254 36 36 
254 36 36 
254 36 36 
254 36 36 
254 36 36 
254 36 36 
254 36 36 
254 36 36 
254 36 36 
254 36 36 
254 36 36 
254 36 36 
254 36 36 
254 36 36 
254 36 36 
254 36 36 
254 36 36 
254 36 36 
254 36 36 
254 36 36 
254 36 36 
254 36 36 
254 36 36 
254 36 36 
254 36 36 
254 36 36 
254 36 36 
254 36 36 
254 36 36 
254 36 36 
254 36 36 
254 36 36 
254 36 36 
254 36 36 
254 36 36 
254 36 36 
254 36 36 
254 36 36 
254 36 36 
254 36 36 
254 36 36 
254 36 36 
254 36 36 
254 36 36 
254 36 36 
254 36 36 
254 36 36 
254 36 36 
254 36 36 
254 36 36 
254 36 36 
254 36 36 
254 36 36 
254 36 36 
254 36 36 
254 36 36 
254 36 36 
254 36 36 
254 36 36 
254 36 36 
254 36 36 
254 36 36 
254 36 36 
254 36 36 
254 36 36 
254 36 36 
254 36 36 
254 36 36 
254 36 36 
254 36 36 
254 36 36 
254 36 36 
254 36 36 
254 36 36 
254 36 36 
254 36 36 
254 36 36 
254 36 36 
254 36 36 
254 36 36 
254 36 36 
254 36 36 
254 36 36 
254 36 36 
254 36 36 
254 36 36 
254 36 36 
254 36 36 
254 36 36 
254 36 36 
254 36 36 
254 36 36 
254 36 36 
254 36 36 
254 36 36 
254 36 36 
254 36 36 
254 36 36 
254 36 36 
36 36 
254 36 36 
254 36 36 
254 36 36 
254 36 36 
254 36 36 
254 36 36 
254 36 36 
254 36 36 
254 36 36 
254 36 36 
254 36 36 
254 36 36 
254 36 36 
254 36 36 
254 36 36 
254 36 36 
254 36 36 
254 36 36 
254 36 36 
254 36 36 
254 36 36 
254 36 36 
254 36 36 
254 36 36 
254 36 36 
254 36 36 
254 36 36 
254 36 36 
254 36 36 
254 36 36 
254 36 36 
254 36 36 
254 36 36 
254 36 36 
254 36 36 
254 36 36 
254 36 36 
254 36 36 
254 36 36 
254 36 36 
254 36 36 
254 36 36 
254 36 36 
254 36 36 
254 36 36 
254 36 36 
254 36 36 
254 36 36 
254 36 36 
254 36 36 
254 36 36 
254 36 36 
254 36 36 
254 36 36 
254 36 36 
254 36 36 
254 36 36 
254 36 36 
254 36 36 
254 36 36 
254 36 36 
254 36 36 
254 36 36 
254 36 36 
254 36 36 
254 36 36 
254 36 36 
254 36 36 
254 36 36 
36 36 
36 36 
36 36 
36 36 
254 36 36 
254 36 36 
254 36 36 
254 36 36 
254 36 36 
254 36 36 
254 36 36 
254 36 36 
254 36 36 
254 36 36 
254 36 36 
254 36 36 
254 36 36 
254 36 36 
254 36 36 
254 36 36 
254 36 36 
254 36 36 
254 36 36 
254 36 36 
254 36 36 
254 36 36 
254 36 36 
254 36 36 
254 36 36 
254 36 36 
254 36 36 
254 36 36 
254 36 36 
254 36 36 
254 36 36 
254 36 36 
254 36 36 
254 36 36 
254 36 36 
254 36 36 
254 36 36 
254 36 36 
254 36 36 
254 36 36 
254 36 36 
254 36 36 
254 36 36 
254 36 36 
254 36 36 
254 36 36 
254 36 36 
254 36 36 
254 36 36 
254 36 36 
254 36 36 
254 36 36 
254 36 36 
254 36 36 
254 36 36 
254 36 36 
254 36 36 
254 36 36 
254 36 36 
254 36 36 
254 36 36 
254 36 36 
254 36 36 
254 36 36 
254 36 36 
254 36 36 
254 36 36 
254 36 36 
254 36 36 
254 36 36 
254 36 36 
254 36 36 
254 36 36 
254 36 36 
254 36 36 
118 36 36 
254 36 36 
254 36 36 
254 370 142 36 36 
254 370 142 36 36 
254 36 36 
254 36 36 
254 36 36 
254 36 36 
254 36 36 
254 36 36 
254 36 36 
254 36 36 
254 36 36 
254 36 36 
254 36 36 
254 36 36 
254 36 36 
254 36 36 
254 36 36 
254 36 36 
254 36 36 
254 36 36 
254 36 36 
254 36 36 
254 36 36 
254 36 36 
254 36 36 
254 36 36 
254 36 36 
254 36 36 
254 36 36 
254 36 36 
254 36 36 
254 36 36 
254 36 36 
254 36 36 
254 36 36 
254 36 36 
254 36 36 
254 36 36 
254 36 36 
36 36 
254 36 36 
254 36 36 
254 36 36 
254 36 36 
254 36 36 
254 36 36 
254 36 36 
254 36 36 
254 36 36 
254 36 36 
254 36 36 
254 36 36 
254 36 36 
254 36 36 
254 36 36 
254 36 36 
254 36 36 
254 36 36 
254 36 36 
254 36 36 
254 36 36 
254 36 36 
254 36 36 
254 36 36 
254 36 36 
254 36 36 
254 36 36 
254 36 36 
254 36 36 
254 36 36 
254 36 36 
254 36 36 
254 36 36 
254 36 36 
254 36 36 
254 36 36 
254 36 36 
254 36 36 
254 36 36 
254 36 36 
254 36 36 
254 36 36 
254 36 36 
254 36 36 
254 36 36 
254 36 36 
254 36 36 
254 36 36 
254 36 36 
254 36 36 
254 36 36 
254 36 36 
254 36 36 
254 36 36 
254 36 36 
254 36 36 
254 36 36 
254 36 36 
254 36 36 
254 36 36 
254 36 36 
254 36 36 
254 36 36 
254 36 36 
254 36 36 
254 36 36 
254 36 36 
254 36 36 
254 36 36 
254 36 36 
254 36 36 
254 36 36 
254 36 36 
254 36 36 
254 36 36 
254 36 36 
254 36 36 
254 36 36 
254 36 36 
254 36 36 
254 36 36 
254 36 36 
254 36 36 
254 36 36 
254 36 36 
254 36 36 
254 36 36 
254 36 36 
254 36 36 
254 36 36 
254 36 36 
254 36 36 
254 36 36 
254 36 36 
254 36 36 
254 36 36 
254 36 36 
254 36 36 
254 36 36 
254 36 36 
254 36 36 
254 36 36 
254 36 36 
254 36 36 
254 36 36 
254 36 36 
254 36 36 
254 36 36 
254 36 36 
254 36 36 
254 36 36 
254 36 36 
254 36 36 
254 36 36 
254 36 36 
254 36 36 
254 36 36 
254 36 36 
254 36 36 
254 36 36 
254 36 36 
254 36 36 
254 36 36 
254 36 36 
254 36 36 
254 36 36 
254 36 36 
254 36 36 
254 36 36 
254 36 36 
254 36 36 
254 36 36 
254 36 36 
254 36 36 
254 36 36 
254 36 36 
254 36 36 
254 36 36 
254 36 36 
254 36 36 
254 36 36 
254 36 36 
254 36 36 
254 36 36 
254 36 36 
254 36 36 
254 36 36 
254 36 36 
254 36 36 
254 36 36 
254 36 36 
254 36 36 
254 36 36 
254 36 36 
254 36 36 
254 36 36 
254 36 36 
254 36 36 
254 36 36 
254 36 36 
254 36 36 
254 36 36 
254 36 36 
254 36 36 
254 36 36 
254 36 36 
254 36 36 
254 36 36 
254 36 36 
254 36 36 
254 36 36 
254 36 36 
254 36 36 
254 36 36 
254 36 36 
254 36 36 
254 36 36 
254 36 36 
254 36 36 
254 36 36 
254 36 36 
254 36 36 
254 36 36 
254 36 36 
254 36 36 
254 36 36 
254 36 36 
254 36 36 
254 36 36 
254 36 36 
254 36 36 
254 36 36 
254 36 36 
254 36 36 
254 36 36 
254 36 36 
254 36 36 
254 36 36 
254 36 36 
254 36 36 
254 36 36 
254 36 36 
254 36 36 
254 36 36 
254 36 36 
36 36 
254 36 36 
254 36 36 
254 36 36 
254 36 36 
254 36 36 
254 36 36 
254 36 36 
254 36 36 
254 36 36 
254 36 36 
254 36 36 
254 36 36 
254 36 36 
254 36 36 
254 36 36 
254 36 36 
254 36 36 
254 36 36 
254 36 36 
254 36 36 
254 36 36 
254 36 36 
254 36 36 
254 36 36 
254 36 36 
254 36 36 
254 36 36 
254 36 36 
254 36 36 
254 36 36 
254 36 36 
254 36 36 
254 36 36 
254 36 36 
254 36 36 
254 36 36 
254 36 36 
254 36 36 
254 36 36 
254 36 36 
254 36 36 
254 36 36 
254 36 36 
254 36 36 
254 36 36 
254 36 36 
254 36 36 
254 36 36 
254 36 36 
254 36 36 
254 36 36 
254 36 36 
254 36 36 
254 36 36 
254 36 36 
254 36 36 
254 36 36 
254 36 36 
254 36 36 
254 36 36 
254 36 36 
254 36 36 
254 36 36 
254 36 36 
254 36 36 
254 36 36 
254 36 36 
254 36 36 
254 36 36 
254 36 36 
254 36 36 
254 36 36 
254 36 36 
254 36 36 
254 36 36 
254 36 36 
254 36 36 
254 36 36 
254 36 36 
254 36 36 
254 36 36 
254 36 36 
254 36 36 
254 36 36 
254 36 36 
254 36 36 
254 36 36 
254 36 36 
254 36 36 
254 36 36 
254 36 36 
254 36 36 
254 36 36 
254 36 36 
254 36 36 
254 36 36 
254 36 36 
254 36 36 
254 36 36 
254 36 36 
254 36 36 
254 36 36 
254 36 36 
254 36 36 
254 36 36 
254 36 36 
254 36 36 
254 36 36 
254 36 36 
254 36 36 
254 36 36 
254 36 36 
254 36 36 
254 36 36 
254 36 36 
254 36 36 
254 36 36 
254 36 36 
254 36 36 
254 36 36 
254 36 36 
254 36 36 
254 36 36 
254 36 36 
254 36 36 
254 36 36 
254 36 36 
254 36 36 
254 36 36 
254 36 36 
254 36 36 
254 36 36 
254 36 36 
254 36 36 
254 36 36 
254 36 36 
254 36 36 
254 36 36 
254 36 36 
254 36 36 
254 36 36 
254 36 36 
254 36 36 
254 36 36 
254 36 36 
254 36 36 
254 36 36 
254 36 36 
254 36 36 
254 36 36 
254 36 36 
254 36 36 
254 36 36 
254 36 36 
254 36 36 
254 36 36 
254 36 36 
254 36 36 
254 36 36 
254 36 36 
254 36 36 
254 36 36 
254 36 36 
254 36 36 
254 36 36 
254 36 36 
254 36 36 
254 36 36 
254 36 36 
254 36 36 
254 36 36 
254 36 36 
254 36 36 
254 36 36 
254 36 36 
254 36 36 
254 36 36 
254 36 36 
254 36 36 
254 36 36 
36 36 
254 36 36 
254 36 36 
254 36 36 
254 36 36 
254 36 36 
254 36 36 
254 36 36 
254 36 36 
254 36 36 
254 36 36 
254 36 36 
254 36 36 
254 36 36 
254 36 36 
254 36 36 
254 36 36 
254 36 36 