5 143 8 36 144 36 
5 143 8 36 144 36 
5 143 8 36 144 36 
5 8 36 36 
5 91 6 92 36 36 
5 8 36 36 
5 8 36 36 
5 8 156 36 144 36 
5 91 6 92 36 36 
5 91 6 92 36 36 
5 91 6 92 36 36 
5 91 6 92 36 36 
5 143 8 36 144 36 
36 122 123 36 
5 8 36 144 36 
118 152 36 153 36 
118 152 36 153 36 
5 143 8 36 144 36 
5 8 36 36 
5 8 36 36 
5 8 36 36 
5 8 36 36 
5 91 6 92 36 36 
5 143 8 36 144 36 
5 36 36 
5 91 6 92 36 36 
5 91 6 92 36 36 
5 143 8 36 144 36 
5 143 8 36 144 36 
5 143 8 36 144 36 
118 119 36 36 
118 119 36 36 
5 91 6 92 36 36 
5 91 6 92 36 36 
5 91 6 92 36 36 
5 189 8 36 144 36 
5 189 8 36 144 36 
5 91 6 92 36 36 
5 8 36 36 
5 143 8 36 144 36 
5 143 8 36 144 36 
5 143 8 36 144 36 
5 143 8 36 144 36 
5 143 8 36 144 36 
5 143 8 36 144 36 
5 143 8 36 144 36 
5 143 8 36 144 36 
5 143 8 36 144 36 
5 143 8 36 144 36 
5 143 8 36 144 36 
5 143 8 36 144 36 
118 173 119 36 36 
5 91 6 92 36 36 
5 91 6 92 36 36 
5 91 6 92 36 36 
5 189 8 36 144 36 
118 173 119 36 36 
5 36 36 
5 8 36 36 
118 119 36 36 
5 8 36 36 
5 8 36 36 
5 143 8 36 144 36 
5 143 8 36 144 36 
5 143 8 36 144 36 
5 143 8 36 144 36 
5 143 8 36 144 36 
5 143 8 36 144 36 
118 119 36 36 
5 8 36 122 36 
118 119 36 36 
5 143 8 36 144 36 
5 143 8 36 144 36 
5 143 8 36 144 36 
5 8 36 144 36 
5 91 6 92 36 36 
5 8 36 36 
5 8 36 36 
5 8 36 36 
5 118 8 119 36 144 36 
5 143 8 36 144 36 
5 143 8 36 144 36 
5 6 8 36 144 61 36 
5 6 8 36 144 61 36 
5 8 36 144 36 
118 119 36 36 
5 143 8 36 144 36 
5 8 36 36 
5 143 8 36 144 36 
5 8 36 36 
118 119 36 36 
5 91 6 92 36 36 
5 143 8 36 144 36 
5 189 8 36 144 36 
118 119 36 36 
5 8 36 36 
5 8 36 36 
5 8 36 36 
5 8 36 36 
5 8 36 144 36 
118 119 36 36 
118 119 36 36 
5 91 6 92 36 36 
5 143 8 36 144 36 
5 143 8 36 144 36 
5 143 8 36 144 36 
5 143 8 36 144 36 
5 143 8 36 144 36 
118 132 36 36 
5 143 8 36 144 36 
118 119 36 36 
5 143 8 36 144 36 
5 143 8 36 144 36 
5 8 36 36 
5 143 8 36 144 36 
5 8 36 122 36 
5 143 8 36 144 36 
5 143 8 36 144 36 
5 8 36 144 36 
5 91 6 92 36 36 
5 91 6 92 36 36 
5 91 6 92 36 36 
118 132 36 36 
118 119 36 36 
5 143 8 36 144 36 
5 143 8 36 144 36 
5 91 6 92 36 36 
118 119 36 36 
5 91 6 92 36 36 
118 132 36 36 
5 143 8 36 144 36 
5 459 8 36 36 
5 230 11 10 36 253 125 36 
5 91 6 92 36 36 
118 119 36 36 
5 8 36 393 36 
118 119 36 36 
5 8 36 36 
5 8 36 36 
118 119 132 36 36 
5 143 8 36 144 36 
118 119 36 36 
5 91 6 92 36 36 
5 91 6 92 36 36 
118 119 36 36 
5 91 6 92 36 36 
118 119 36 36 
5 143 8 36 144 36 
5 143 8 36 144 36 
5 143 8 36 144 36 
5 91 6 92 36 36 
118 173 119 36 36 
5 8 36 36 
5 8 36 36 
5 143 8 36 144 36 
5 143 8 36 144 36 
5 143 8 36 144 36 
5 143 8 36 144 36 
5 143 8 36 144 36 
5 143 8 36 144 36 
5 143 8 36 144 36 
5 143 8 36 144 36 
5 143 8 36 144 36 
5 8 36 36 
5 8 36 36 
118 119 36 36 
118 132 36 36 
5 143 8 36 144 36 
5 143 8 36 144 36 
5 143 8 36 144 36 
5 143 8 36 144 36 
118 132 36 36 
5 8 36 144 36 
118 132 36 36 
5 8 36 144 36 
5 8 36 144 36 
5 8 36 144 36 
36 36 
36 36 
5 8 36 144 36 
5 91 6 92 36 36 
5 118 173 8 36 36 
5 143 8 36 144 36 
5 143 8 36 144 36 
5 8 36 36 
5 143 8 36 144 36 
5 8 36 36 
5 143 8 36 144 36 
5 91 6 92 36 36 
5 143 8 36 144 36 
5 36 36 
5 143 8 36 144 36 
5 91 6 92 36 36 
36 36 
5 91 6 92 36 36 
5 118 119 36 36 
36 283 36 
5 91 6 92 36 36 
36 122 123 36 
142 36 36 
5 36 36 
5 36 36 
5 36 36 
5 91 6 92 36 36 
5 91 6 92 36 36 
5 91 6 92 36 36 
5 143 8 36 144 36 
5 143 8 36 144 36 
118 173 36 36 
5 91 6 92 36 36 
5 143 8 36 144 36 
5 143 8 36 144 36 
5 91 6 92 36 36 
5 143 8 36 144 36 
142 36 36 
5 8 36 36 
5 143 8 36 144 36 
5 143 8 36 144 36 
5 143 8 36 144 36 
5 143 8 36 144 36 
5 143 8 36 144 36 
5 8 156 36 144 36 
5 91 6 92 36 36 
5 143 8 36 144 36 
5 8 36 36 
142 36 36 
5 8 36 36 
5 143 8 36 144 36 
5 143 8 36 144 36 
5 8 36 584 36 
5 8 36 36 
5 143 8 36 144 36 
5 143 8 36 144 36 
5 91 6 92 36 36 
83 118 36 36 
5 91 6 92 36 36 
5 91 6 92 36 36 
5 8 36 36 
5 8 36 36 
5 91 6 92 36 36 
5 8 36 36 
5 8 36 36 
5 8 36 36 
5 8 36 36 
5 143 8 36 144 36 
159 251 11 10 36 252 125 130 36 
5 91 6 92 36 36 
5 8 156 36 144 36 
5 143 8 36 144 36 
5 143 8 36 144 36 
5 143 8 36 144 36 
5 189 143 8 36 144 36 
5 189 143 8 36 144 36 
5 189 143 8 36 144 36 
5 189 143 8 36 144 36 
5 189 143 8 36 144 36 
5 189 143 8 36 144 36 
5 189 143 8 36 144 36 
5 189 143 8 36 144 36 
5 189 143 8 36 144 36 
5 189 143 8 36 144 36 
5 189 143 8 36 144 36 
5 189 143 8 36 144 36 
5 189 143 8 36 144 36 
5 91 6 92 36 36 
5 143 8 36 144 36 
5 143 8 36 144 36 
5 143 8 36 144 36 
5 143 8 36 144 36 
5 143 8 36 144 36 
5 143 8 36 144 36 
5 91 6 92 36 36 
5 91 6 92 36 36 
5 8 36 36 
5 91 6 92 36 36 
5 143 8 36 144 36 
5 91 6 92 36 36 
5 8 36 36 
5 8 36 36 
5 143 8 36 144 36 
5 91 6 92 36 36 
5 143 8 36 144 36 
5 143 8 36 144 36 
5 143 8 36 144 36 
5 143 8 36 144 36 
5 143 8 36 144 36 
5 143 8 36 144 36 
5 143 8 36 144 36 
5 91 6 92 36 36 
5 91 6 92 36 36 
5 143 8 36 144 36 
5 143 8 36 144 36 
5 143 8 36 144 36 
5 143 8 36 144 36 
5 91 6 92 36 36 
5 91 6 92 36 36 
5 91 6 92 36 36 
5 143 8 36 144 36 
5 143 8 36 144 36 
5 143 8 36 144 36 
5 143 8 36 144 36 
5 143 8 36 144 36 
5 143 8 36 144 36 
5 143 8 36 144 36 
5 143 8 36 144 36 
5 143 8 36 144 36 
5 143 8 36 144 36 
5 143 8 36 144 36 
5 143 8 36 144 36 
5 143 8 36 144 36 
5 143 8 36 144 36 
5 143 8 36 144 36 
5 143 8 36 144 36 
5 143 8 36 144 36 
5 143 8 36 144 36 
5 91 6 92 36 36 
5 143 8 36 144 36 
5 8 36 36 
5 143 8 36 144 36 
5 143 8 36 144 36 
5 91 6 92 36 36 
5 91 6 92 36 36 
118 173 119 36 36 
5 143 8 36 144 36 
5 143 8 36 144 36 
5 143 8 36 144 36 
5 143 8 36 144 36 
5 91 6 92 36 36 
5 91 6 92 36 36 
5 91 6 92 36 36 
5 91 6 92 36 36 
5 143 8 36 144 36 
5 143 8 36 144 36 
5 143 8 36 144 36 
5 143 8 36 144 36 
5 143 8 36 144 36 
5 91 6 92 36 36 
5 118 8 36 144 36 
5 143 8 36 144 36 
5 91 6 92 36 36 
5 91 6 92 36 36 
5 36 36 
5 91 6 92 36 36 
5 91 6 92 36 36 
5 91 6 92 36 36 
5 91 6 92 36 36 
5 91 6 92 36 36 
5 91 6 92 36 36 
5 91 6 92 36 36 
5 91 6 92 36 36 
118 173 119 36 36 
5 143 8 36 144 36 
5 143 8 36 144 36 
5 143 8 36 144 36 
5 189 143 8 36 144 36 
5 189 143 8 36 144 36 
5 189 143 8 36 144 36 
5 189 143 8 36 144 36 
5 143 8 36 144 36 
5 8 36 36 
5 143 8 36 144 36 
5 8 36 36 
5 143 8 36 144 36 
5 143 8 36 144 36 
5 143 8 36 144 36 
5 143 8 36 144 36 
118 36 36 
5 189 8 36 144 36 
5 189 8 36 144 36 
5 189 8 36 144 36 
5 143 8 36 144 36 
5 143 8 36 144 36 
5 143 8 36 144 36 
5 143 8 36 144 36 
5 143 8 36 144 36 
5 143 8 36 144 36 
5 8 36 144 36 
5 143 8 36 144 36 
5 143 8 36 144 36 
5 143 8 36 144 36 
5 143 8 36 144 36 
5 143 8 36 144 36 
5 143 8 36 144 36 
5 143 8 36 144 36 
5 143 8 36 144 36 
5 8 36 36 
5 8 36 36 
5 8 36 36 
5 8 36 36 
5 143 8 36 144 36 
5 143 8 36 144 36 
5 143 8 36 144 36 
5 143 8 36 144 36 
5 143 8 36 144 36 
5 91 6 92 36 36 
5 118 8 119 36 144 36 
5 6 23 8 36 139 36 
5 91 6 92 36 36 
5 8 36 36 
5 143 8 36 144 36 
5 8 36 36 
5 143 8 36 144 36 
5 8 36 36 
118 132 36 36 
5 143 8 36 144 36 
5 143 8 36 144 36 
5 8 36 36 
5 8 36 36 
5 8 36 36 
118 119 36 36 
5 91 6 92 36 36 
5 189 143 8 36 144 36 
5 189 143 8 36 144 36 
5 143 8 36 144 36 
5 143 8 36 144 36 
5 91 6 92 36 36 
5 143 8 36 144 36 
5 143 8 36 144 36 
5 8 36 36 
5 143 162 8 36 144 36 
5 91 6 92 36 36 
5 91 6 92 36 36 
36 122 123 36 
5 143 8 36 144 36 
5 91 6 92 36 36 
5 6 23 36 139 36 
5 143 8 36 144 36 
5 143 8 36 144 36 
5 143 8 36 144 36 
5 143 8 36 144 36 
5 143 8 36 144 36 
118 119 36 36 
5 8 36 36 
118 119 36 36 
5 189 8 36 144 36 
118 173 36 36 
5 143 8 36 144 36 
5 6 23 36 139 36 
5 189 8 36 144 36 
5 143 8 36 144 36 
5 189 8 36 144 36 
5 189 8 36 144 36 
5 189 8 36 144 36 
5 189 8 36 144 36 
5 189 8 36 144 36 
5 91 6 36 36 
5 143 8 36 144 36 
5 143 8 36 144 36 
5 143 8 36 144 36 
5 143 8 36 144 36 
5 143 8 36 144 36 
5 143 8 36 144 36 
5 143 8 36 144 36 
5 143 8 36 144 36 
5 189 143 8 36 144 36 
5 189 143 8 36 144 36 
5 143 8 36 144 36 
5 91 6 92 36 36 
5 8 36 36 
5 8 36 36 
5 8 36 36 
5 143 8 36 144 36 
5 189 143 8 36 144 36 
5 189 143 8 36 144 36 
5 143 8 36 144 36 
5 118 8 119 36 144 36 
142 36 36 
118 119 36 36 
118 119 36 36 
5 143 8 36 144 36 
5 143 8 36 144 36 
5 143 8 36 144 36 
5 143 8 36 144 36 
118 119 36 36 
5 143 8 36 144 36 
5 91 6 92 36 36 
5 143 8 36 144 36 
5 91 6 92 36 36 
5 118 8 119 36 144 36 
5 118 8 119 36 144 36 
118 173 119 36 36 
133 21 22 36 68 24 36 
5 91 6 92 36 36 
5 91 6 92 36 36 
5 91 6 92 36 36 
5 143 8 36 144 36 
5 91 6 92 36 36 
5 91 6 92 36 36 
118 173 119 36 36 
5 189 143 8 36 144 36 
5 189 143 8 36 144 36 
5 189 143 8 36 144 36 
118 173 36 36 
118 173 36 36 
118 119 36 36 
5 143 8 36 144 36 
5 143 8 36 144 36 
5 143 8 36 144 36 
5 143 8 36 144 36 
5 143 8 36 144 36 
5 143 8 36 144 36 
5 143 8 36 144 36 
5 143 8 36 144 36 
5 189 8 36 144 36 
5 189 8 36 144 36 
5 143 8 36 144 36 
5 189 143 8 36 144 36 
5 189 8 36 144 36 
5 189 8 36 144 36 
5 91 6 143 92 8 36 144 36 
5 189 8 36 144 36 
5 189 143 8 36 144 36 
5 189 8 36 144 36 
5 189 8 36 144 36 
5 189 8 36 144 36 
5 189 8 36 144 36 
5 118 119 36 36 
5 143 8 36 144 36 
5 91 6 92 36 36 
5 91 6 92 36 36 
5 8 36 36 
5 8 36 36 
5 8 36 36 
159 36 122 130 36 
5 143 8 36 144 36 
5 143 8 36 144 36 
118 119 36 36 
36 36 
118 173 119 36 36 
118 119 36 36 
5 143 8 36 144 36 
5 189 143 8 36 144 36 
5 143 8 36 144 36 
118 119 36 36 
118 119 36 36 
118 119 36 36 
5 91 6 92 36 36 
5 143 8 36 144 36 
5 91 6 92 36 36 
5 8 36 36 
5 143 8 36 144 36 
5 189 8 36 144 36 
5 189 8 36 144 36 
5 189 8 36 144 36 
5 189 8 36 144 36 
5 189 8 36 144 36 
5 8 36 36 
118 173 119 36 36 
5 91 6 92 36 36 
5 91 6 92 36 36 
118 119 36 36 
118 173 119 36 36 
5 6 23 36 139 36 
118 132 36 36 
118 119 36 36 
5 143 8 36 144 36 
5 143 8 36 144 36 
5 143 8 36 144 36 
118 119 36 36 
5 143 8 36 144 36 
5 118 143 8 119 36 144 36 
118 173 119 36 36 
5 6 210 36 61 36 
5 6 210 36 61 36 
5 6 210 36 61 36 
5 6 210 36 61 36 
5 8 36 36 
5 8 36 36 
5 189 8 36 144 36 
5 143 8 36 144 36 
5 143 8 36 144 36 
5 143 8 36 144 36 
5 143 8 36 144 36 
5 143 8 36 144 36 
5 143 8 36 144 36 
5 143 8 36 144 36 
5 254 8 36 144 255 36 
5 254 8 36 144 255 36 
5 254 8 36 144 255 36 
5 8 36 36 
5 8 36 36 
5 91 6 143 92 8 36 144 36 
5 91 6 143 92 8 36 144 36 
5 143 8 36 144 36 
5 143 8 36 144 36 
5 143 8 36 144 36 
5 143 8 36 144 36 
5 143 8 36 144 36 
5 143 8 36 144 36 
5 143 8 36 144 36 
5 143 8 36 144 36 
118 119 36 36 
5 8 36 36 
5 91 6 92 36 36 
118 119 36 36 
5 143 8 36 144 36 
5 143 8 36 144 36 
5 143 8 36 144 36 
5 8 36 122 36 
5 8 36 122 36 
5 189 8 36 144 36 
118 119 36 36 
118 173 119 36 36 
5 143 8 36 144 36 
5 143 8 36 144 36 
5 143 8 36 144 36 
118 132 36 36 
5 143 8 36 144 36 
5 143 8 36 144 36 
5 8 36 36 
118 119 36 36 
118 119 36 36 
5 8 36 36 
118 119 36 36 
118 119 36 36 
5 189 8 36 144 36 
5 189 8 36 144 36 
5 189 8 36 144 36 
118 119 36 36 
118 119 36 36 
5 143 8 36 144 36 
5 143 8 36 144 36 
5 8 36 144 36 
5 8 36 144 36 
5 91 6 92 36 36 
5 118 8 119 36 144 36 
5 189 143 8 36 144 36 
5 143 8 36 144 36 
118 119 36 36 
5 8 36 36 
118 119 36 36 
118 119 36 36 
5 189 8 36 144 36 
118 119 36 36 
5 143 8 36 144 36 
5 143 8 36 144 36 
5 8 36 36 
5 143 8 36 144 36 
5 143 8 36 144 36 
5 143 8 36 144 36 
5 143 8 36 144 36 
5 143 8 36 144 36 
118 119 36 36 
118 119 36 36 
5 91 6 92 36 36 
5 118 119 36 36 
5 143 8 36 144 36 
5 143 8 36 144 36 
5 91 6 143 8 92 36 144 36 
5 91 6 143 8 92 36 144 36 
5 91 6 143 8 92 36 144 36 
5 91 6 143 8 92 36 144 36 
5 143 8 36 144 36 
5 118 8 119 36 144 36 
5 91 6 8 92 36 144 36 
118 119 36 36 
142 36 36 
5 91 6 92 36 36 
118 119 36 36 
5 118 8 119 36 144 36 
5 143 8 36 144 36 
5 143 8 36 144 36 
5 143 8 36 144 36 
5 143 8 36 144 36 
5 143 8 36 144 36 
5 143 8 36 144 36 
118 119 36 36 
5 91 6 92 36 36 
118 132 36 36 
5 189 143 8 36 144 36 
5 189 143 8 36 144 36 
5 189 143 8 36 144 36 
5 189 143 8 36 144 36 
5 189 143 8 36 144 36 
5 189 143 8 36 144 36 
5 189 143 8 36 144 36 
5 189 143 8 36 144 36 
118 132 36 36 
118 119 36 36 
5 143 8 36 144 36 
5 238 504 8 36 144 36 
5 143 8 36 144 36 
5 143 8 36 144 36 
118 119 36 36 
118 119 36 36 
118 119 36 36 
118 119 36 36 
5 91 6 92 36 36 
118 119 36 36 
118 119 36 36 
5 143 8 36 144 36 
118 119 36 36 
5 189 8 36 144 36 
118 119 36 36 
5 8 36 144 36 
118 119 36 36 
5 8 36 36 
118 119 36 36 
5 143 8 36 144 36 
5 91 6 92 36 36 
5 91 6 92 36 36 
5 8 36 144 36 
5 91 6 92 36 36 
5 91 6 92 36 36 
118 119 36 36 
5 143 8 36 144 36 
5 143 8 36 144 36 
5 143 8 36 144 36 
5 143 8 36 144 36 
5 143 8 36 144 36 
5 143 8 36 144 36 
5 143 8 36 144 36 
118 119 36 36 
118 119 36 36 
5 91 6 92 36 36 
118 119 36 36 
5 8 36 144 36 
5 91 6 92 36 36 
118 173 119 36 36 
5 143 8 36 144 36 
5 143 8 36 144 36 
118 119 36 36 
5 143 8 36 144 36 
5 143 8 36 144 36 
5 143 8 36 144 36 
5 143 8 36 144 36 
5 143 8 36 144 36 
5 143 8 36 144 36 
5 8 36 36 
5 8 36 36 
5 143 8 36 144 36 
5 143 8 36 144 36 
5 143 8 36 144 36 
5 143 8 36 144 36 
5 143 8 36 144 36 
5 8 36 144 36 
118 119 36 36 
118 119 36 36 
118 119 36 36 
5 8 36 36 
5 8 36 36 
118 119 36 36 
5 91 6 92 36 36 
5 91 6 92 36 36 
5 143 8 36 144 36 
5 143 8 36 144 36 
118 119 36 36 
5 91 6 92 36 36 
5 91 6 92 36 36 
5 189 8 36 144 36 
5 189 8 36 144 36 
5 189 8 36 144 36 
5 189 8 36 144 36 
5 189 8 36 144 36 
5 91 6 92 36 36 
5 189 8 36 144 36 
5 8 36 36 
36 122 123 36 
36 122 123 36 
5 143 8 36 144 36 
5 143 8 36 144 36 
5 91 6 92 36 36 
5 143 8 36 144 36 
5 143 8 36 144 36 
5 143 8 36 144 36 
5 36 36 
5 143 8 36 144 36 
5 143 8 36 144 36 
5 91 6 92 36 36 
118 119 36 36 
5 91 6 92 36 36 
5 143 8 36 144 36 
5 143 8 36 144 36 
5 143 8 36 144 36 
5 143 8 36 144 36 
5 143 8 36 144 36 
5 8 36 144 36 
118 119 36 36 
5 143 8 36 144 36 
5 91 6 8 92 36 144 36 
5 36 36 
5 36 36 
5 36 36 
118 119 36 36 
118 132 36 36 
118 119 36 36 
118 119 36 36 
118 173 119 36 36 
5 143 8 36 144 36 
118 132 36 36 
5 8 36 144 130 36 
5 8 36 144 130 36 
118 119 36 36 
118 119 36 36 
5 143 8 36 144 36 
118 119 36 36 
118 119 36 36 
5 8 36 36 
118 119 36 36 
118 173 119 36 36 
118 173 36 36 
118 119 36 36 
118 132 36 36 
5 143 8 36 144 36 
5 189 8 36 144 36 
5 143 8 36 144 36 
5 91 6 92 36 36 
118 119 36 36 
5 91 6 92 36 122 36 
5 143 8 36 144 36 
5 143 8 36 144 36 
5 8 36 36 
5 8 36 36 
118 119 36 36 
118 173 119 36 36 
5 91 6 92 36 36 
5 91 6 92 36 36 
5 91 6 92 36 36 
118 119 36 36 
5 143 8 36 144 36 
5 143 8 36 144 36 
5 143 8 36 144 36 
5 143 8 36 144 36 
5 143 8 36 144 36 
5 143 8 36 144 36 
5 143 8 36 144 36 
5 143 8 36 144 36 
5 143 8 36 144 36 
5 143 8 36 144 36 
5 143 8 36 144 36 
5 143 8 36 144 36 
5 143 8 36 144 36 
5 143 8 36 144 36 
5 143 8 36 144 36 
5 143 8 36 144 36 
5 143 8 36 144 36 
5 143 8 36 144 36 
5 143 8 36 144 36 
5 143 8 36 144 36 
5 143 8 36 144 36 
5 143 8 36 144 36 
142 36 36 
5 8 36 36 
5 143 8 36 144 36 
118 119 36 36 
5 8 36 36 
118 132 36 36 
5 8 36 36 
5 91 6 92 8 36 36 
5 143 8 36 144 36 
5 189 8 36 144 36 
118 119 36 36 
5 8 36 36 
5 143 8 36 144 36 
5 143 8 36 144 36 
118 119 36 36 
5 91 6 92 36 36 
118 119 36 36 
5 8 36 144 36 
5 143 8 36 144 36 
5 8 36 144 36 
5 8 36 36 
5 8 36 36 
5 169 162 170 8 36 36 
5 143 8 36 144 36 
5 143 8 36 144 36 
118 119 36 36 
118 119 36 36 
118 119 36 36 
36 36 
5 36 36 
5 36 36 
5 8 36 144 36 
5 8 36 144 36 
5 8 36 144 36 
5 36 36 
5 8 36 144 36 
5 8 36 144 36 
5 8 36 144 36 
5 8 36 144 36 
5 8 36 144 36 
5 8 36 144 36 
5 8 36 144 36 
5 8 36 144 36 
5 8 36 144 36 
5 8 36 144 36 
5 8 36 144 36 
5 8 36 144 36 
5 8 36 144 36 
5 143 8 36 144 36 
5 143 8 36 144 36 
5 143 8 36 144 36 
118 132 36 36 
5 91 6 92 36 36 
5 91 6 92 36 36 
5 143 8 36 144 36 
5 143 8 36 144 36 
5 143 8 36 144 36 
5 143 8 36 144 36 
5 91 6 92 36 36 
5 91 6 92 36 36 
5 91 6 92 36 36 
5 91 6 92 36 36 
5 143 8 36 144 36 
5 91 6 92 36 36 
5 143 8 36 144 36 
5 143 8 36 144 36 
5 143 8 36 144 36 
118 132 36 36 
5 143 8 36 144 36 
5 143 8 36 144 36 
5 189 143 8 36 144 36 
5 189 143 8 36 144 36 
5 189 143 8 36 144 36 
5 143 8 36 144 36 
5 143 8 36 144 36 
5 143 8 36 144 36 
5 143 8 36 144 36 
5 143 8 36 144 36 
5 143 8 36 144 36 
5 143 8 36 144 36 
5 143 8 36 144 36 
5 143 8 36 144 36 
5 143 8 36 144 36 
5 8 36 36 
118 119 36 36 
5 91 6 92 36 36 
5 143 8 36 144 36 
5 143 8 36 144 36 
5 91 6 92 36 36 
5 91 6 92 36 36 
5 8 36 36 
5 91 6 92 36 36 
5 91 6 92 36 36 
5 91 6 92 36 36 
5 189 8 36 144 36 
5 36 36 
5 189 8 36 144 36 
5 189 8 36 144 36 
5 189 8 36 144 36 
5 143 8 36 144 36 
118 119 36 36 
5 143 8 36 144 36 
5 143 8 36 144 36 
5 91 6 92 36 36 
5 143 8 36 144 36 
5 143 8 36 144 36 
5 143 8 36 144 36 
5 143 8 36 144 36 
5 143 8 36 144 36 
5 91 6 92 36 36 
5 189 8 36 144 36 
5 143 8 36 144 36 
5 143 8 36 144 36 
5 143 8 36 144 36 
5 143 8 36 144 36 
5 143 8 36 144 36 
5 143 8 36 144 36 
5 143 8 36 144 36 
5 143 8 36 144 36 
5 143 8 36 144 36 
5 8 36 36 
5 143 8 36 144 36 
5 143 8 36 144 36 
5 143 8 36 144 36 
5 91 6 92 36 36 
5 8 36 36 
5 8 36 36 
5 143 8 36 144 36 
5 8 36 36 
5 143 8 36 144 36 
5 143 8 36 144 36 
5 143 8 36 144 36 
5 189 8 36 144 36 
5 189 8 36 144 36 
5 189 8 36 144 36 
5 189 8 36 144 36 
5 189 8 36 144 36 
5 189 8 36 144 36 
5 189 8 36 144 36 
5 189 8 36 144 36 
5 189 8 36 144 36 
5 189 8 36 144 36 
5 189 8 36 144 36 
5 8 36 36 
5 8 36 144 36 
5 143 8 36 144 36 
5 143 8 36 144 36 
5 143 8 36 144 36 
5 189 143 8 36 144 36 
5 189 143 8 36 144 36 
5 91 6 597 23 36 36 
5 143 8 36 144 36 
118 119 36 36 
5 91 6 92 36 36 
5 143 8 36 144 36 
5 8 36 36 
118 119 36 36 
5 143 8 36 144 36 
5 143 8 36 144 36 
5 143 8 36 144 36 
5 143 8 36 144 36 
5 143 8 36 144 36 
5 143 8 36 144 36 
5 143 8 36 144 36 
5 143 8 36 144 36 
5 143 8 36 144 36 
5 143 8 36 144 36 
5 143 8 36 144 36 
5 143 8 36 144 36 
5 143 8 36 144 36 
5 143 8 36 144 36 
5 143 8 36 144 36 
5 143 8 36 144 36 
5 143 8 36 144 36 
5 143 8 36 144 36 
5 143 8 36 144 36 
5 143 8 36 144 36 
5 143 8 36 144 36 
5 143 8 36 144 36 
5 143 8 36 144 36 
5 91 6 92 36 36 
5 6 23 36 139 36 
5 189 8 36 144 36 
5 189 8 36 144 36 
5 8 36 36 
5 101 8 36 102 36 
118 119 36 36 
5 143 8 36 144 36 
5 8 36 36 
5 118 8 119 36 144 36 
5 118 8 119 36 144 36 
5 143 8 36 144 36 
5 8 36 36 
5 143 8 36 144 36 
5 91 6 92 36 36 
5 91 6 92 36 36 
5 91 6 92 36 36 
5 91 6 92 36 36 
5 91 6 92 36 36 
5 91 6 92 36 36 
118 119 36 36 
5 91 6 92 8 36 36 
5 91 6 92 36 36 
118 119 36 36 
142 36 36 
5 91 6 92 36 36 
118 119 36 36 
5 143 8 36 144 36 
5 143 8 36 144 36 
5 143 8 36 144 36 
5 91 6 92 36 36 
5 91 6 92 36 36 
489 142 36 36 
5 91 6 92 36 36 
5 143 8 36 144 36 
5 8 36 165 36 
5 143 8 36 144 36 
5 143 8 36 144 36 
5 143 8 36 144 36 
5 143 8 36 144 36 
5 143 8 36 144 36 
5 91 6 92 36 36 
5 91 6 92 36 36 
5 91 6 92 36 36 
118 132 36 36 
5 91 6 92 36 36 
5 143 8 36 144 36 
5 143 8 36 144 36 
118 119 36 36 
5 8 36 36 
5 8 36 36 
5 143 8 36 144 36 
5 143 8 36 144 36 
5 8 36 36 
5 91 6 92 36 36 
5 189 8 36 144 36 
5 143 8 36 144 36 
118 132 36 36 
5 143 8 36 144 36 
5 143 8 36 144 36 
5 143 8 36 144 36 
5 143 8 36 144 36 
5 143 8 36 144 36 
5 143 8 36 144 36 
5 143 8 36 144 36 
5 8 36 36 
5 143 162 8 36 144 36 
5 143 162 8 36 144 36 
5 143 8 36 144 36 
5 143 8 36 144 36 
5 91 6 92 36 36 
5 118 119 36 36 
5 91 6 92 36 36 
5 91 6 92 36 36 
5 143 8 36 144 36 
36 122 123 36 
5 189 143 8 36 144 36 
5 189 143 8 36 144 36 
5 189 143 8 36 144 36 
5 143 8 36 144 36 
5 189 8 36 144 36 
118 119 36 36 
5 189 143 8 36 144 36 
5 189 143 8 36 144 36 
5 189 143 8 36 144 36 
5 189 143 8 36 144 36 
5 143 8 36 144 36 
5 8 142 36 144 36 
5 91 6 92 8 36 36 
5 91 6 92 36 36 
5 143 8 36 144 36 
5 143 8 36 144 36 
5 143 8 36 144 36 
118 119 36 36 
5 8 36 36 
5 8 36 36 
5 143 8 36 144 36 
5 143 8 36 144 36 
5 143 8 36 144 36 
5 8 36 144 36 
5 143 8 36 144 36 
5 431 112 248 8 113 36 144 36 
5 143 8 36 144 36 
5 143 8 36 144 36 
5 143 8 36 144 36 
5 143 8 36 144 36 
5 143 8 36 144 36 
5 143 8 36 144 36 
5 143 8 36 144 36 
5 143 8 36 144 36 
5 91 6 92 36 36 
5 143 8 36 144 36 
118 119 36 36 
5 143 8 36 144 36 
5 91 6 92 36 36 
5 91 6 92 36 36 
5 91 6 92 36 36 
5 91 6 92 36 36 
118 119 36 36 
5 91 6 92 36 36 
118 119 36 36 
5 91 6 143 92 8 36 144 36 
118 119 36 36 
118 173 119 36 36 
118 119 132 36 36 
5 143 8 36 144 36 
5 143 8 36 144 36 
142 36 36 
142 36 36 
142 36 36 
142 36 36 
118 119 36 36 
5 143 8 36 144 36 
5 143 8 36 144 36 
5 143 8 36 144 36 
5 8 36 36 
5 8 36 36 
5 8 36 36 
5 8 36 36 
5 8 36 36 
5 8 36 36 
5 8 36 36 
5 8 36 36 
5 8 36 36 
5 8 36 36 
5 8 36 36 
5 8 36 36 
5 8 36 36 
5 8 36 36 
5 8 36 36 
5 8 36 36 
5 8 36 36 
5 8 36 36 
5 8 36 36 
5 8 36 36 
118 119 36 36 
5 143 8 36 144 36 
5 143 8 36 144 36 
5 143 8 36 144 36 
5 143 8 36 144 36 
5 143 8 36 144 36 
5 143 8 36 144 36 
5 143 8 36 144 36 
5 143 8 36 144 36 
5 143 8 36 144 36 
5 143 8 36 144 36 
5 143 8 36 144 36 
5 189 143 8 36 144 36 
5 189 143 8 36 144 36 
5 143 8 36 144 36 
5 143 8 36 144 36 
5 143 8 36 144 36 
5 143 8 36 144 36 
5 118 8 36 144 36 
5 91 6 92 36 36 
5 91 6 92 36 36 
118 119 36 36 
118 119 36 36 
118 119 36 36 
5 143 8 36 144 36 
5 91 6 92 36 36 
5 91 6 92 36 36 
5 143 8 36 144 36 
5 143 8 36 144 36 
118 173 119 36 36 
5 189 8 36 144 36 
5 143 8 36 144 36 
5 189 143 8 36 144 36 
5 189 143 8 36 144 36 
5 143 8 36 144 36 
5 143 8 36 144 36 
118 119 36 36 
5 143 8 36 144 36 
5 91 6 92 36 36 
5 91 6 92 36 36 
5 143 8 36 144 36 
5 91 6 92 36 36 
36 122 123 36 
5 189 143 8 36 144 36 
5 143 8 36 144 36 
118 119 36 36 
118 173 119 36 36 
118 119 36 36 
118 119 36 36 
118 119 36 36 
5 189 8 36 144 36 
5 189 8 36 144 36 
5 189 8 36 144 36 
118 119 36 36 
5 8 36 36 
5 143 8 36 144 36 
5 143 8 36 144 36 
5 143 8 36 144 36 
5 143 8 36 144 36 
5 143 8 36 144 36 
5 143 8 36 144 36 
5 91 6 92 36 36 
5 143 8 36 144 36 
5 118 8 36 144 36 
5 91 6 92 36 36 
5 91 6 92 36 36 
5 91 6 92 36 36 
5 8 36 36 
36 122 123 36 
5 8 36 144 36 
5 6 8 36 36 
118 119 36 36 
5 143 8 36 144 36 
118 119 36 36 
5 143 8 36 144 36 
5 118 218 8 36 144 36 
5 118 218 8 36 144 36 
5 143 8 36 144 36 
5 118 8 36 144 36 
5 143 8 36 144 36 
118 173 119 36 36 
5 143 8 36 144 36 
5 91 6 92 36 36 
118 119 36 36 
118 119 36 36 
5 189 143 8 36 144 36 
5 91 6 92 36 36 
5 91 6 92 36 36 
5 91 6 92 36 36 
5 143 8 36 144 36 
5 91 6 92 8 36 36 
5 91 6 92 8 36 36 
5 91 6 92 8 36 36 
5 91 6 92 8 36 36 
5 91 6 92 8 36 36 
5 91 6 92 8 36 36 
5 91 6 92 8 36 36 
5 91 6 92 8 36 36 
5 91 6 92 8 36 36 
5 91 6 92 8 36 36 
5 91 6 92 8 36 36 
5 143 8 36 144 36 
118 119 36 36 
118 132 36 36 
5 143 8 36 144 36 
5 143 8 36 144 36 
5 189 8 36 144 36 
5 189 8 36 144 36 
5 189 8 36 144 36 
118 119 36 36 
118 119 36 36 
118 119 36 36 
5 189 8 36 144 36 
118 119 36 36 
118 119 36 36 
118 119 36 36 
118 119 36 36 
118 119 36 36 
118 119 36 36 
118 119 36 36 
5 189 8 36 144 36 
118 119 36 36 
5 143 8 36 144 36 
5 143 8 36 144 36 
5 143 8 36 144 36 
5 143 8 36 144 36 
5 143 8 36 144 36 
5 143 8 36 144 36 
118 119 36 36 
118 119 36 36 
5 143 8 36 144 36 
5 143 8 36 144 36 
5 143 8 36 144 36 
118 119 36 36 
5 91 6 92 36 36 
5 189 8 36 144 36 
5 189 8 36 144 36 
5 189 8 36 144 36 
5 189 8 36 144 36 
5 189 8 36 144 36 
5 189 8 36 144 36 
5 189 8 36 144 36 
5 189 8 36 144 36 
5 189 8 36 144 36 
5 189 8 36 144 36 
5 189 8 36 144 36 
118 119 36 36 
5 91 6 92 36 36 
5 189 8 36 144 36 
5 143 8 36 144 36 
5 143 8 36 144 36 
5 118 8 36 144 36 
118 119 36 36 
118 119 36 36 
118 119 36 36 
5 91 6 143 92 8 36 144 36 
5 143 8 36 144 36 
5 143 8 36 144 36 
5 143 8 36 144 36 
5 143 8 36 144 36 
5 143 8 36 144 36 
118 119 36 36 
118 132 36 36 
118 142 132 36 36 
5 143 8 36 144 36 
5 143 8 36 144 36 
5 8 36 36 
5 8 36 36 
5 143 8 36 144 36 
5 189 8 36 144 36 
5 189 8 36 144 36 
5 189 8 36 144 36 
5 189 8 36 144 36 
5 189 8 36 144 36 
5 189 8 36 144 36 
118 119 36 36 
118 119 36 36 
5 91 6 92 36 36 
5 91 6 92 36 36 
5 91 6 92 36 36 
5 143 8 36 144 36 
5 143 8 36 144 36 
5 143 8 36 144 36 
5 143 8 36 144 36 
5 91 6 92 36 36 
5 91 6 92 36 36 
5 8 36 36 
118 119 36 36 
118 119 36 36 
5 91 6 92 36 36 
5 91 6 92 36 36 
5 91 6 92 36 36 
5 143 8 36 144 36 
5 143 8 36 144 36 
5 143 8 36 144 36 
5 143 8 36 144 36 
5 143 8 36 144 36 
5 143 8 36 144 36 
5 143 8 36 144 36 
5 143 8 36 144 36 
5 143 8 36 144 36 
5 143 8 36 144 36 
5 143 8 36 144 36 
5 143 8 36 144 36 
5 189 8 36 144 36 
5 189 8 36 144 36 
5 189 8 36 144 36 
5 189 8 36 144 36 
5 189 8 36 144 36 
5 189 8 36 144 36 
5 189 8 36 144 36 
5 189 8 36 144 36 
5 189 8 36 144 36 
5 189 8 36 144 36 
5 189 8 36 144 36 
5 189 8 36 144 36 
5 143 8 36 144 36 
5 143 8 36 144 36 
5 91 6 92 36 36 
118 132 36 36 
5 143 8 36 144 36 
5 8 36 36 
5 143 8 36 144 36 
5 143 8 36 144 36 
5 143 8 36 144 36 
5 8 36 36 
5 189 8 36 144 36 
5 8 36 36 
118 119 36 36 
118 119 36 36 
5 91 6 92 36 36 
5 143 8 36 144 36 
5 91 6 92 36 36 
118 119 36 36 
118 119 36 36 
5 8 36 36 
5 8 36 36 
5 8 36 36 
5 8 36 36 
5 8 36 36 
5 8 36 36 
118 173 119 36 36 
5 143 8 36 144 36 
5 143 8 36 144 36 
5 143 8 36 144 36 
5 8 36 36 
5 8 36 144 36 
5 143 8 36 144 36 
5 143 8 36 144 36 
5 143 8 36 144 36 
5 143 8 36 144 36 
118 132 36 36 
118 119 36 36 
5 143 8 36 144 36 
118 132 36 36 
5 143 8 36 144 36 
5 143 8 36 144 36 
5 143 8 36 144 36 
5 143 8 36 144 36 
5 143 8 36 144 36 
5 143 8 36 144 36 
118 119 36 36 
5 8 36 36 
5 91 6 92 36 36 
5 91 6 92 36 36 
5 91 6 92 36 36 
5 91 6 92 36 36 
118 119 36 36 
118 119 36 36 
5 91 6 92 36 36 
5 8 36 36 
5 143 8 36 144 36 
118 119 36 36 
5 143 8 36 144 36 
5 143 8 36 144 36 
5 143 8 36 144 36 
5 118 143 8 119 36 144 36 
5 118 143 8 119 36 144 36 
5 118 119 36 36 
5 118 119 36 36 
118 119 36 36 
118 119 36 36 
118 119 36 36 
5 143 8 36 144 36 
118 119 36 36 
118 119 36 36 
118 119 36 36 
5 91 6 92 36 36 
142 36 36 
5 143 8 36 144 36 
5 143 8 36 144 36 
5 143 8 36 144 36 
5 143 8 36 144 36 
5 143 8 36 144 36 
5 143 8 36 144 36 
5 143 8 36 144 36 
5 143 8 36 144 36 
5 143 8 36 144 36 
5 143 8 36 144 36 
5 143 8 36 144 36 
142 36 36 
5 189 8 36 144 36 
5 143 8 36 144 36 
5 8 36 36 
5 8 36 36 
118 119 36 36 
5 143 8 36 144 36 
5 143 8 36 144 36 
5 91 6 92 36 36 
5 91 6 92 36 36 
5 143 8 36 144 36 
118 119 36 36 
118 119 36 36 
5 143 8 36 144 36 
5 91 6 92 36 36 
5 91 6 92 36 36 
5 91 6 92 8 36 36 
118 132 36 36 
5 143 8 36 144 36 
5 143 8 36 144 36 
5 143 8 36 144 36 
5 143 8 36 144 36 
118 119 36 36 
118 119 36 36 
118 119 36 36 
118 119 36 36 
5 143 8 36 144 36 
5 143 8 36 144 36 
5 143 8 36 144 36 
5 143 8 36 144 36 
5 143 8 36 144 36 
5 143 8 36 144 36 
5 143 8 36 144 36 
5 143 8 36 144 36 
118 119 36 36 
5 143 8 36 144 36 
5 143 8 36 144 36 
5 143 8 36 144 36 
5 118 8 119 36 144 36 
5 143 8 36 144 36 
5 118 36 36 
118 132 36 36 
118 173 119 36 36 
5 8 36 36 
118 119 36 36 
5 143 8 36 144 36 
5 143 8 36 144 36 
5 143 8 36 144 36 
5 118 119 36 36 
5 143 8 36 144 36 
5 230 11 10 36 253 125 36 
5 8 36 35 36 
118 132 36 36 
5 8 36 36 
118 119 36 36 
5 143 8 36 144 36 
5 143 8 36 144 36 
5 143 8 36 144 36 
5 143 8 36 144 36 
5 91 6 92 36 36 
5 91 6 92 36 36 
118 119 36 36 
118 119 36 36 
237 238 36 36 
237 238 36 36 
118 119 36 36 
5 143 8 36 144 36 
36 122 123 36 
5 143 8 36 144 36 
5 143 8 36 144 36 
5 143 8 36 144 36 
118 132 36 36 
5 143 8 36 144 36 
118 119 36 36 
5 143 8 36 144 36 
118 119 36 36 
21 22 36 68 24 36 
21 22 36 68 24 36 
118 119 36 36 
5 143 8 36 144 36 
118 119 36 36 
5 143 8 36 144 36 
5 161 143 8 36 144 36 
5 143 8 36 144 36 
5 189 8 36 144 36 
5 91 6 92 36 36 
118 119 36 36 
5 8 36 36 
118 119 36 36 
5 8 36 144 36 
5 143 8 36 144 36 
5 143 8 36 144 36 
5 143 8 36 144 36 
5 143 8 36 144 36 
5 171 162 8 172 36 36 
118 119 36 36 
118 119 36 36 
48 5 6 142 36 36 
5 91 6 92 36 36 
5 189 143 8 36 144 36 
5 8 36 36 
5 8 36 36 
118 119 36 36 
118 119 36 36 
5 143 8 36 144 36 
5 143 8 36 144 36 
5 143 8 36 144 36 
5 143 8 36 144 36 
5 143 8 36 144 36 
118 119 36 36 
118 119 36 36 
5 8 36 36 
5 143 8 36 144 36 
5 143 8 36 144 36 
5 8 36 36 
142 36 36 
118 119 36 36 
5 8 36 36 
5 91 6 92 36 36 
5 143 8 36 144 36 
5 91 6 92 36 36 
5 91 6 92 36 36 
5 143 8 36 144 36 
5 143 8 36 144 36 
118 119 36 36 
118 119 36 36 
118 119 36 36 
118 119 36 36 
5 143 8 36 144 36 
5 91 6 92 36 36 
142 36 36 
5 189 143 8 36 144 36 
118 119 36 36 
5 189 8 36 144 36 
5 143 8 36 144 36 
5 189 8 36 144 36 
118 132 36 36 
118 132 36 36 
118 173 119 36 36 
5 8 36 36 
5 143 8 36 144 36 
118 119 36 36 
5 143 8 36 144 36 
118 119 36 36 
5 91 6 92 36 36 
5 143 8 36 144 36 
5 189 8 36 144 36 
5 143 8 36 144 36 
5 143 8 36 144 36 
5 143 8 36 144 36 
5 143 8 36 144 36 
118 173 119 36 36 
5 91 6 92 36 36 
5 143 8 36 144 36 
5 91 6 92 36 36 
5 8 36 36 
5 8 36 36 
5 8 36 36 
5 8 36 36 
5 8 36 36 
5 8 36 36 
5 8 36 36 
5 8 36 36 
5 143 8 36 144 36 
118 119 36 36 
118 119 36 36 
36 36 
36 36 
36 36 
5 36 36 
5 8 36 36 
5 91 6 92 36 36 
5 143 8 36 144 36 
5 8 36 36 
5 143 8 36 144 36 
5 143 8 36 144 36 
5 143 8 36 144 36 
5 143 8 36 144 36 
5 143 8 36 144 36 
5 6 36 61 36 
5 143 8 36 144 36 
5 143 8 36 144 36 
5 143 8 36 144 36 
5 91 6 92 36 36 
5 143 8 142 36 144 36 
5 143 8 142 36 144 36 
5 143 8 142 36 144 36 
5 143 8 142 36 144 36 
5 8 36 36 
5 91 6 92 36 36 
5 8 36 144 36 
5 189 143 8 36 144 36 
5 189 143 8 36 144 36 
5 189 143 8 36 144 36 
5 189 143 8 36 144 36 
5 189 143 8 36 144 36 
5 189 143 8 36 144 36 
5 189 143 8 36 144 36 
5 91 6 92 36 36 
5 91 6 92 36 36 
5 143 8 36 144 36 
5 173 118 8 36 144 36 
5 143 8 36 144 36 
5 143 8 36 144 36 
5 143 8 36 144 36 
5 143 8 36 144 36 
5 91 6 92 36 36 
5 91 6 92 36 36 
118 132 36 36 
5 91 6 92 36 36 
118 173 119 36 36 
5 143 8 36 144 36 
5 143 8 36 144 36 
5 143 8 36 144 36 
5 143 8 36 144 36 
5 143 8 36 144 36 
5 143 8 36 144 36 
5 143 8 36 144 36 
5 143 8 36 144 36 
5 143 8 36 144 36 
5 143 8 36 144 36 
5 143 8 36 144 36 
5 91 6 92 36 36 
5 91 6 92 36 36 
5 8 36 36 
5 143 8 36 144 36 
5 91 6 92 36 36 
5 189 143 8 36 144 36 
5 189 143 8 36 144 36 
5 143 8 36 144 36 
5 143 8 36 144 36 
5 91 6 92 36 36 
5 143 8 36 144 36 
5 143 8 36 144 36 
5 143 8 36 144 36 
5 8 156 36 144 36 
5 8 36 36 
5 143 8 36 144 36 
5 143 8 36 144 36 
5 143 8 36 144 36 
5 91 6 92 36 36 
5 143 8 36 144 36 
5 378 232 8 36 36 
5 8 36 36 
5 143 8 36 144 36 
5 91 6 92 36 36 
5 91 6 92 36 36 
5 91 6 92 36 36 
5 91 6 92 36 36 
118 173 119 36 36 
118 119 36 36 
5 143 8 36 144 36 
5 91 6 92 36 36 
5 91 6 92 36 36 
5 91 6 92 36 36 
5 239 162 8 36 36 
5 91 6 92 36 36 
5 143 8 36 144 36 
5 91 6 92 8 36 36 
5 143 8 36 144 36 
5 143 8 36 144 36 
118 119 36 36 
118 119 36 36 
5 91 6 92 36 36 
118 119 36 36 
5 8 36 144 36 
5 143 8 36 144 36 
5 91 6 92 36 36 
5 143 8 36 144 36 
5 143 8 36 144 36 
5 143 8 36 144 36 
5 143 8 36 144 36 
118 173 119 36 36 
118 119 36 36 
5 143 8 36 144 36 
5 143 8 36 144 36 
5 143 8 36 144 36 
5 143 8 36 144 36 
118 119 36 36 
118 132 36 36 
118 119 36 36 
118 119 36 36 
5 143 8 36 144 36 
5 143 8 36 144 36 
5 143 8 36 144 36 
5 143 8 36 144 36 
5 143 8 36 144 36 
118 119 36 36 
5 143 8 36 144 36 
118 119 36 36 
5 143 8 36 144 36 
5 8 36 36 
5 8 36 36 
5 143 8 36 144 36 
118 119 36 36 
5 8 36 144 36 
5 8 36 144 36 
5 143 8 36 144 36 
5 143 8 36 144 35 36 
5 8 36 36 
5 6 8 36 144 61 36 
5 8 36 36 
118 132 36 36 
5 143 8 36 144 36 
118 119 36 36 
118 119 36 36 
5 143 8 36 144 36 
5 143 8 36 144 36 
5 143 8 36 144 36 
118 119 36 36 
5 143 8 36 144 36 
5 8 36 36 
5 189 8 36 144 36 
5 8 36 36 
5 143 8 36 144 36 
5 143 8 36 144 36 
5 8 36 36 
5 8 36 36 
5 143 8 36 144 36 
5 91 6 92 36 36 
118 119 36 36 
142 36 36 
5 143 8 36 144 36 
5 91 6 92 36 36 
5 143 8 36 144 36 
5 8 36 36 
5 8 36 36 
5 8 36 36 
5 8 36 36 
118 119 36 36 
5 91 6 92 36 36 
5 189 143 8 36 144 36 
5 189 143 8 36 144 36 
5 189 143 8 36 144 36 
5 189 143 8 36 144 36 
5 189 143 8 36 144 36 
5 189 143 8 36 144 36 
5 189 143 8 36 144 36 
5 143 8 36 144 36 
5 143 8 36 144 36 
5 143 8 36 144 36 
5 143 8 36 144 36 
5 143 8 36 144 36 
5 143 8 36 144 36 
5 143 8 36 144 36 
5 143 8 36 144 36 
118 132 36 36 
5 143 8 36 144 36 
5 143 8 36 144 36 
5 91 6 92 36 36 
5 91 6 92 36 36 
5 91 6 92 36 36 
118 119 36 36 
118 173 119 36 36 
5 143 8 36 144 36 
5 143 8 36 144 36 
5 143 8 36 144 36 
118 119 36 36 
118 173 119 36 36 
118 173 36 36 
5 143 8 36 144 36 
5 143 8 36 144 36 
5 143 8 36 144 36 
5 143 8 36 144 36 
5 143 8 36 144 36 
5 143 8 36 144 36 
5 143 8 36 144 36 
5 143 8 36 144 36 
5 143 8 36 144 36 
5 8 36 36 
5 91 6 92 36 36 
5 143 8 36 144 36 
5 143 8 36 144 36 
5 189 8 36 144 36 
5 8 36 122 36 
5 189 8 36 144 36 
5 143 8 36 144 36 
5 8 156 36 144 36 
5 143 8 36 144 36 
5 91 6 92 36 36 
5 143 8 36 144 36 
5 143 8 36 144 36 
5 143 8 36 144 36 
5 189 8 36 144 36 
5 189 8 36 144 36 
118 119 36 36 
5 91 6 92 36 36 
5 189 8 36 144 36 
5 189 8 36 144 36 
5 189 8 36 144 36 
118 119 36 36 
118 119 36 36 
118 119 36 36 
5 118 8 119 36 144 36 
5 143 8 36 144 36 
5 143 8 36 144 36 
5 143 8 36 144 36 
5 143 8 36 144 36 
5 8 36 122 36 
5 143 8 36 144 36 
118 119 36 36 
118 119 36 36 
118 119 36 36 
118 119 36 36 
5 161 143 8 36 144 36 
5 161 143 8 36 144 36 
5 161 143 8 36 144 36 
142 36 36 
5 8 36 36 
5 8 36 36 
5 8 36 36 
5 8 36 36 
5 8 36 36 
5 8 36 36 
5 8 36 36 
5 8 36 36 
5 189 8 36 144 36 
5 189 8 36 144 36 
5 189 8 36 144 36 
5 143 8 36 144 36 
118 119 36 36 
5 91 6 92 36 36 
5 91 6 92 36 36 
5 230 8 11 10 36 144 125 36 
118 119 36 36 
118 119 36 36 
5 91 6 92 36 36 
5 91 6 92 36 36 
5 91 6 92 36 36 
5 143 8 36 144 36 
5 143 8 36 144 36 
118 119 36 36 
118 119 36 36 
118 119 36 36 
5 189 143 8 36 144 36 
5 8 36 165 36 
118 119 36 36 
5 143 8 36 144 36 
5 91 6 92 36 36 
118 173 36 36 
118 173 36 36 
5 8 36 36 
5 118 8 119 36 144 36 
118 119 36 36 
118 119 36 36 
118 119 36 36 
118 119 36 36 
5 91 6 92 36 36 
5 91 6 92 36 36 
5 143 8 36 144 36 
5 118 8 119 36 144 36 
5 8 36 122 36 
5 143 8 36 144 36 
5 118 8 119 36 144 36 
5 143 162 8 36 144 36 
118 119 36 36 
5 143 8 36 144 36 
5 143 8 36 144 36 
5 189 8 36 144 36 
118 119 36 36 
5 118 8 119 36 144 36 
5 143 8 36 144 36 
118 119 36 36 
5 143 8 36 144 36 
5 91 6 92 36 36 
5 143 8 36 144 36 
5 8 36 36 
5 8 36 36 
5 143 8 36 144 36 
5 91 6 92 36 36 
5 8 36 36 
5 118 143 8 36 144 36 
5 118 143 8 36 144 36 
5 143 8 36 144 36 
5 8 36 36 
5 143 8 36 144 36 
5 143 8 36 144 36 
118 119 36 36 
5 189 143 8 36 144 36 
118 119 36 36 
118 119 36 36 
118 119 36 36 
5 189 8 36 144 36 
5 189 8 36 144 36 
5 8 36 144 36 
5 91 6 92 36 36 
5 189 8 36 144 36 
5 189 8 36 144 36 
5 143 8 36 144 36 
118 119 36 36 
5 143 8 36 144 36 
5 143 8 36 144 36 
5 143 8 36 144 36 
5 143 8 36 144 36 
5 143 8 36 144 36 
118 119 36 36 
118 119 36 36 
5 143 8 36 144 36 
5 143 8 36 144 36 
5 143 8 36 144 36 
5 143 8 36 144 36 
5 91 6 92 36 36 
5 91 6 92 36 36 
5 91 6 92 36 36 
5 91 6 92 36 36 
118 132 36 36 
5 8 36 36 
5 143 8 36 144 36 
5 8 36 36 
5 91 6 143 8 92 36 144 36 
5 143 8 36 144 36 
118 119 36 36 
5 8 36 36 
118 132 36 36 
5 143 8 36 144 36 
5 143 8 36 144 36 
5 143 8 36 144 36 
5 143 8 36 144 36 
5 143 8 36 144 36 
5 143 8 36 144 36 
5 8 36 36 
5 91 6 92 36 36 
5 143 8 36 144 36 
5 143 8 36 144 36 
5 118 8 36 36 
5 118 8 36 36 
118 119 36 36 
118 119 36 36 
5 8 36 36 
5 8 36 36 
5 143 8 36 144 36 
5 143 8 36 144 36 
118 119 36 36 
118 119 36 36 
5 189 8 36 144 122 36 
5 8 36 36 
5 189 143 8 36 144 36 
5 8 36 144 36 
118 119 36 36 
5 189 8 36 144 36 
5 143 8 36 144 36 
5 143 8 36 144 36 
5 143 8 36 144 36 
5 143 8 36 144 36 
5 143 8 36 144 36 
5 143 8 36 144 36 
5 143 8 36 144 36 
5 143 8 36 144 36 
5 143 8 36 144 36 
5 143 8 36 144 36 
5 143 8 36 144 36 
5 143 8 36 144 36 
5 143 8 36 144 36 
5 143 8 36 144 36 
5 143 8 36 144 36 
5 491 118 8 36 144 36 
5 118 8 119 36 144 36 
118 119 36 36 
5 143 8 36 144 36 
5 143 8 36 144 36 
118 119 36 36 
5 143 8 36 144 36 
118 119 36 36 
5 143 8 36 144 36 
118 119 36 36 
118 119 36 36 
118 119 36 36 
118 119 36 36 
118 119 36 36 
118 119 36 36 
5 91 6 92 36 36 
5 189 8 36 144 36 
5 189 8 36 144 36 
5 143 8 36 144 36 
5 143 8 36 144 36 
118 119 36 36 
5 143 8 36 144 36 
118 119 36 36 
5 91 6 92 36 36 
5 143 8 36 144 36 
5 143 8 36 144 36 
118 119 36 36 
118 119 36 36 
5 91 6 92 36 36 
5 6 8 36 61 36 
118 119 36 36 
118 119 36 36 
5 143 8 36 144 36 
5 143 8 36 144 36 
5 143 8 36 144 36 
5 143 8 36 144 36 
5 143 8 36 144 36 
5 189 143 8 36 144 36 
118 119 36 36 
118 132 36 36 
5 143 8 36 144 36 
5 8 36 36 
5 143 8 36 144 36 
5 143 8 36 144 36 
5 143 8 36 144 36 
5 143 8 36 144 36 
5 143 8 36 144 36 
5 91 6 92 36 36 
118 119 36 36 
118 119 36 36 
5 143 8 36 144 36 
118 119 36 36 
118 119 36 36 
5 143 8 36 144 36 
5 8 36 36 
5 143 8 36 144 36 
118 119 36 36 
5 91 6 92 36 36 
5 91 6 92 36 36 
118 119 36 36 
5 189 8 36 144 36 
5 91 6 92 36 36 
5 143 8 36 144 36 
118 119 36 36 
118 119 36 36 
118 119 36 36 
118 119 36 36 
118 119 36 36 
5 143 8 36 144 36 
5 8 36 36 
5 143 8 36 144 36 
5 143 8 36 144 36 
118 173 119 36 36 
5 143 8 36 144 36 
5 8 36 36 
118 119 36 36 
118 132 36 36 
5 143 8 36 144 36 
5 8 36 122 123 36 
5 143 8 36 144 36 
5 143 8 36 144 36 
5 143 8 36 144 36 
5 143 8 36 144 36 
5 143 8 36 144 36 
5 143 8 36 144 36 
5 91 6 92 36 36 
5 143 8 36 144 36 
5 91 6 92 36 36 
5 91 6 92 36 36 
5 8 36 36 
5 8 36 36 
5 143 8 36 144 36 
5 143 8 36 144 36 
5 143 8 36 144 36 
5 143 8 36 144 36 
5 8 36 36 
5 143 8 36 144 36 
5 143 8 36 144 36 
5 143 8 36 144 36 
5 143 8 36 144 36 
5 143 8 36 144 36 
159 36 130 36 
5 143 8 36 144 36 
5 143 8 36 144 36 
5 91 6 92 36 36 
5 143 8 36 144 36 
5 143 8 36 144 36 
489 152 36 153 36 
5 91 6 92 36 36 
5 143 8 36 144 36 
5 91 6 92 36 36 
5 8 36 36 
118 119 132 36 36 
5 143 8 36 144 36 
5 143 8 36 144 36 
118 119 36 36 
118 119 36 36 
5 91 6 92 36 36 
5 189 143 8 36 144 36 
5 91 6 92 36 36 
118 119 36 36 
5 8 156 36 144 36 
118 119 36 36 
5 189 8 36 144 36 
5 189 8 36 144 36 
5 8 36 36 
5 8 36 36 
5 189 8 36 144 36 
5 143 8 36 144 36 
5 143 8 36 144 36 
5 189 143 8 36 144 36 
5 189 143 8 36 144 36 
5 189 143 8 36 144 36 
5 189 143 8 36 144 36 
5 143 8 36 144 36 
5 143 8 36 144 36 
5 143 8 36 144 36 
5 143 8 36 144 36 
5 143 8 36 144 36 
5 8 36 36 
5 143 8 36 144 36 
142 36 36 
5 8 36 36 
5 8 36 36 
5 189 8 36 144 36 
5 143 8 36 144 36 
36 36 
118 132 36 36 
5 91 6 92 36 36 
5 91 6 92 36 36 
5 91 6 92 36 36 
5 91 6 92 36 36 
5 91 6 92 36 36 
5 189 8 36 144 36 
5 189 8 36 144 36 
5 143 8 36 144 36 
5 189 143 8 36 144 36 
118 119 36 36 
5 143 8 36 144 36 
5 143 8 36 144 36 
5 143 8 36 144 36 
5 143 8 36 144 36 
5 189 143 8 36 144 36 
5 189 143 8 36 144 36 
5 189 143 8 36 144 36 
5 189 143 8 36 144 36 
5 189 143 8 36 144 36 
5 189 143 8 36 144 36 
118 119 36 36 
5 189 8 36 144 36 
5 189 8 36 144 36 
5 189 8 36 144 36 
5 189 8 36 144 36 
5 189 8 36 144 36 
5 189 8 36 144 36 
5 189 8 36 144 36 
5 189 8 36 144 36 
5 91 6 92 36 36 
118 119 36 36 
5 143 8 36 144 36 
5 143 8 36 144 36 
5 91 6 92 36 36 
5 91 6 92 36 36 
118 173 119 36 36 
5 8 36 36 
118 119 36 36 
118 119 36 36 
118 119 36 36 
118 119 36 36 
5 91 6 92 36 36 
5 91 6 92 36 36 
5 8 36 36 
5 8 36 36 
5 8 36 36 
5 143 8 36 144 36 
5 189 8 36 144 36 
118 132 36 36 
5 91 6 92 36 36 
5 118 36 36 
5 8 36 36 
5 143 8 36 144 36 
5 143 8 36 144 36 
5 8 36 144 36 
5 143 8 36 144 36 
5 143 8 36 144 36 
5 8 36 36 
5 143 8 36 144 36 
5 91 6 92 36 36 
5 189 8 36 144 36 
5 189 8 36 144 36 
5 189 8 36 144 36 
118 173 119 36 36 
118 173 119 36 36 
118 173 119 36 36 
5 8 36 36 
5 161 91 6 92 36 36 
5 91 6 92 36 36 
5 143 8 36 144 36 
5 143 8 36 144 36 
118 119 36 36 
5 189 8 36 144 36 
5 189 8 36 144 36 
5 91 6 92 36 36 
5 8 36 144 36 
5 143 8 36 144 36 
5 143 8 36 144 36 
118 119 36 36 
5 91 6 8 92 36 144 36 
5 8 36 36 
5 91 6 92 36 36 
5 118 119 36 36 
5 8 36 36 
5 143 8 36 144 36 
5 143 8 36 144 36 
5 8 36 36 
5 143 8 36 144 36 
5 143 8 36 144 36 
5 143 8 36 144 36 
5 143 8 36 144 36 
5 143 8 36 144 36 
5 143 8 36 144 36 
5 143 8 36 144 36 
5 143 8 36 144 36 
5 143 8 36 144 36 
5 143 8 36 144 36 
5 143 8 36 144 36 
5 143 8 36 144 36 
5 143 8 36 144 36 
118 119 36 36 
118 119 36 36 
118 119 36 36 
118 119 36 36 
5 91 6 92 36 36 
118 119 36 36 
5 143 8 36 144 36 
5 143 8 36 144 36 
5 143 8 36 144 36 
5 189 8 36 144 36 
5 189 8 36 144 36 
5 143 8 36 144 36 
5 91 6 92 36 36 
5 8 36 36 
5 8 36 36 
5 143 8 36 144 36 
5 143 8 36 144 36 
5 8 36 36 
5 143 8 36 144 36 
5 91 6 92 36 36 
5 189 143 8 36 144 36 
5 189 143 8 36 144 36 
5 8 36 36 
5 143 8 36 144 36 
5 8 36 36 
5 8 36 36 
118 119 36 36 
118 119 36 36 
5 162 8 36 36 
118 119 36 36 
118 119 36 36 
5 6 36 36 
118 119 36 36 
5 143 8 36 144 36 
5 143 8 36 144 36 
5 143 8 36 144 36 
5 91 6 92 36 36 
5 8 36 36 
5 143 8 36 144 36 
5 143 8 36 144 36 
5 143 8 36 144 36 
5 143 8 36 144 36 
5 143 8 36 144 36 
5 143 8 36 144 36 
5 143 8 36 144 36 
5 143 8 36 144 36 
5 143 8 36 144 36 
5 143 8 36 144 36 
5 143 8 36 144 36 
5 143 8 36 144 36 
5 91 6 92 36 36 
118 119 36 36 
5 143 8 36 144 36 
5 143 8 36 144 36 
5 118 8 119 36 144 36 
142 36 36 
5 91 6 92 36 36 
118 119 36 36 
5 118 8 119 36 144 36 
5 143 8 36 144 36 
5 143 8 36 144 36 
5 143 8 36 144 36 
5 143 8 36 144 36 
5 8 36 36 
5 91 6 92 36 36 
142 36 36 
5 8 36 36 
118 119 36 36 
5 8 36 165 36 
5 143 8 36 144 36 
5 143 8 36 144 36 
5 143 8 36 144 36 
5 143 8 36 144 36 
5 143 8 36 144 36 
5 143 8 36 144 36 
5 143 8 36 144 36 
5 143 8 36 144 36 
118 173 119 36 36 
118 173 119 36 36 
5 143 8 36 144 36 
5 91 6 92 36 36 
118 119 36 36 
5 143 8 36 144 35 36 
5 143 8 36 144 35 36 
5 8 36 144 36 
5 8 36 144 36 
118 119 36 36 
118 119 36 36 
118 119 36 36 
5 189 143 8 36 144 36 
5 8 36 36 
5 91 6 8 92 36 144 36 
5 91 6 8 92 36 144 36 
5 8 36 144 36 
5 8 36 36 
118 119 36 36 
5 118 8 36 144 36 
5 8 36 36 
5 8 36 36 
5 8 36 36 
118 132 36 36 
118 119 36 36 
5 8 36 36 
118 119 36 36 
118 173 119 36 36 
5 91 6 92 36 36 
5 91 6 8 92 36 144 36 
5 8 36 36 
5 8 36 36 
118 119 36 36 
5 143 8 36 144 36 
118 119 132 36 36 
5 143 8 36 144 36 
5 143 8 36 144 36 
118 119 36 36 
118 119 36 36 
118 119 36 36 
118 119 36 36 
118 119 36 36 
118 119 36 36 
5 143 8 36 144 36 
5 459 8 36 36 
118 119 36 36 
5 8 36 122 36 
5 91 6 92 36 36 
5 143 8 36 144 36 
5 143 8 36 144 36 
5 143 8 36 144 36 
5 143 8 36 144 36 
118 119 36 36 
5 143 8 36 144 36 
5 189 8 36 144 36 
5 189 8 36 144 36 
5 189 8 36 144 36 
5 189 8 36 144 36 
5 189 8 36 144 36 
5 435 21 8 117 36 144 36 
118 119 36 36 
118 119 36 36 
5 189 8 36 144 36 
5 189 8 36 144 36 
5 189 8 36 144 36 
5 189 8 36 144 36 
5 189 8 36 144 36 
5 143 8 36 144 36 
118 119 36 36 
5 143 8 36 144 36 
5 143 8 36 144 36 
5 143 8 36 144 36 
5 143 8 36 144 36 
5 8 36 36 
5 8 36 36 
5 143 8 36 144 36 
5 8 36 36 
5 8 36 36 
5 8 36 36 
5 8 36 36 
5 8 36 36 
5 91 6 92 36 36 
118 132 36 36 
5 143 8 36 144 36 
5 143 8 36 144 36 
5 143 8 36 144 36 
118 119 36 36 
118 173 119 36 36 
5 8 36 36 
118 119 36 36 
5 8 36 36 
5 143 8 36 144 36 
5 143 8 36 144 36 
5 143 8 36 144 36 
5 143 8 36 144 36 
5 143 8 36 144 36 
5 189 8 36 144 36 
5 143 8 36 144 36 
118 173 119 36 36 
118 119 36 36 
5 8 156 36 144 36 
5 8 156 36 144 36 
5 143 8 36 144 36 
5 91 6 92 36 36 
5 143 8 36 144 36 
5 143 8 36 144 36 
5 143 8 36 144 36 
5 143 8 36 144 36 
5 143 8 36 144 36 
5 143 8 36 144 36 
5 143 8 36 144 36 
5 143 8 36 144 36 
118 119 36 36 
5 91 6 92 36 36 
142 36 122 36 
118 119 36 36 
118 119 36 36 
118 119 36 36 
91 5 151 6 152 92 36 153 36 
5 8 36 36 
5 8 36 36 
5 143 8 36 144 36 
118 132 36 36 
5 143 8 36 144 36 
5 143 8 36 144 36 
5 143 8 36 144 36 
5 143 8 36 144 36 
5 8 36 36 
118 119 36 36 
5 8 36 36 
142 36 36 
118 119 36 36 
118 119 36 36 
5 143 8 36 144 36 
5 36 36 
5 36 36 
5 143 8 36 144 36 
5 143 8 36 144 36 
5 143 8 36 144 36 
5 8 36 36 
5 423 162 8 36 36 
5 489 36 36 
118 119 36 36 
5 143 8 36 144 36 
5 8 36 36 
5 8 36 36 
5 8 36 36 
5 8 36 36 
5 189 143 8 36 144 36 
5 28 21 8 36 203 36 
5 143 8 36 144 36 
5 143 8 36 144 36 
5 143 8 36 144 36 
5 91 6 92 36 36 
118 119 36 36 
5 118 8 132 36 144 36 
118 119 36 36 
5 189 8 36 144 36 
118 173 119 36 36 
5 91 6 92 36 36 
5 91 6 92 36 36 
5 91 6 92 36 36 
5 91 6 92 36 36 
5 91 6 92 36 36 
5 91 6 8 92 36 144 36 
5 8 36 36 
5 189 8 36 144 36 
5 189 143 8 36 144 36 
5 189 8 36 144 36 
118 119 36 36 
118 119 36 36 
5 143 8 36 144 36 
5 118 8 119 36 144 36 
118 119 36 36 
5 8 36 36 
36 36 
36 36 
36 36 
36 36 
5 91 6 92 36 36 
5 189 8 36 144 36 
5 8 36 36 
5 8 36 36 
5 91 6 92 36 36 
5 143 8 36 144 36 
5 8 36 36 
5 189 143 8 36 144 36 
5 143 8 36 144 36 
118 36 36 
118 36 36 
5 91 6 92 36 36 
5 143 8 36 144 36 
5 8 36 36 
5 143 8 36 144 36 
5 143 8 36 144 36 
5 143 8 36 144 36 
5 143 8 36 144 36 
5 143 8 36 144 36 
5 143 8 36 144 36 
36 36 
5 91 6 92 36 36 
5 189 8 36 144 36 
118 119 36 36 
5 143 8 36 144 36 
5 91 6 36 36 
118 119 36 36 
5 91 6 92 36 36 
5 143 8 36 144 36 
5 143 8 36 144 36 
118 119 36 36 
5 91 6 92 36 36 
5 91 6 92 36 36 
5 8 36 36 
5 91 6 92 36 36 
5 143 8 36 144 36 
5 143 8 36 144 36 
5 91 6 92 36 36 
5 91 6 92 36 36 
5 8 36 36 
5 8 36 36 
5 91 6 92 36 36 
118 132 36 36 
5 91 6 92 36 36 
5 91 6 92 36 36 
142 36 36 
118 119 36 36 
5 189 8 36 144 36 
5 189 8 36 144 36 
5 189 8 36 144 36 
5 189 8 36 144 36 
5 189 8 36 144 36 
5 189 8 36 144 36 
5 189 8 36 144 36 
5 189 8 36 144 36 
5 189 8 36 144 36 
5 189 8 36 144 36 
5 189 8 36 144 36 
5 189 8 36 144 36 
5 189 8 36 144 36 
5 189 8 36 144 36 
5 189 8 36 144 36 
5 189 143 8 36 144 36 
5 189 143 8 36 144 36 
5 189 143 8 36 144 36 
5 189 143 8 36 144 36 
5 189 143 8 36 144 36 
5 189 143 8 36 144 36 
5 189 143 8 36 144 36 
5 189 143 8 36 144 36 
5 189 143 8 36 144 36 
5 189 143 8 36 144 36 
5 189 143 8 36 144 36 
118 119 36 36 
118 119 36 36 
5 118 143 8 119 36 144 36 
5 143 8 36 144 36 
5 36 36 
118 173 36 36 
5 143 8 36 144 36 
5 8 36 144 36 
5 91 6 92 36 36 
5 8 36 36 
5 91 6 92 36 36 
5 189 143 8 36 144 36 
5 189 143 8 36 144 36 
5 189 143 8 36 144 36 
5 143 8 36 144 36 
118 119 36 36 
5 143 8 36 144 36 
5 8 36 36 
118 119 36 36 
5 27 28 21 8 36 36 
5 143 8 36 144 36 
118 173 119 36 36 
5 8 36 122 36 
5 8 36 36 
5 143 8 36 144 36 
5 143 8 36 144 36 
5 143 8 36 144 36 
5 143 8 36 144 36 
5 143 8 36 144 36 
118 173 119 36 36 
118 119 36 36 
5 143 8 36 144 36 
118 173 119 36 36 
118 119 36 36 
118 119 36 36 
91 5 118 6 92 132 36 36 
118 119 36 36 
5 143 8 36 144 36 
5 8 36 144 36 
118 119 36 36 
118 119 36 36 
118 119 36 36 
5 8 36 36 
5 143 8 36 144 36 
118 119 36 36 
5 143 8 36 144 36 
5 189 8 36 144 36 
5 189 8 36 144 36 
5 91 6 92 36 36 
5 143 8 36 144 36 
5 143 8 36 144 36 
5 91 6 92 36 36 
5 91 6 92 36 36 
5 143 8 36 144 36 
5 143 8 36 144 36 
5 118 8 119 36 144 36 
5 189 143 8 36 144 36 
5 189 143 8 36 144 36 
5 189 143 8 36 144 36 
5 189 143 8 36 144 36 
118 119 36 36 
5 91 6 92 36 36 
5 8 36 36 
5 8 36 36 
5 143 8 36 144 36 
5 143 8 36 144 36 
5 143 8 36 144 36 
5 143 8 36 144 36 
5 143 8 36 144 36 
5 143 8 36 144 36 
5 143 8 36 144 36 
5 143 8 36 144 36 
5 143 8 36 144 36 
5 189 8 36 144 36 
5 189 8 36 144 36 
5 189 8 36 144 36 
5 189 8 36 144 36 
118 119 36 36 
118 132 36 36 
5 189 8 36 144 36 
5 118 8 36 144 36 
118 119 36 36 
5 143 8 36 144 36 
5 143 8 36 144 36 
5 143 8 36 144 36 
5 143 8 36 144 36 
5 143 8 36 144 36 
5 143 8 36 144 36 
5 143 8 36 144 36 
5 143 8 36 144 36 
5 143 8 36 144 36 
118 119 36 36 
5 8 36 36 
5 143 8 36 144 36 
5 189 143 8 36 144 36 
5 189 8 36 144 36 
5 189 8 36 144 36 
5 91 6 92 36 36 
5 189 8 36 144 36 
5 8 36 36 
5 189 8 36 144 36 
5 143 8 36 144 36 
5 118 8 119 36 144 36 
5 143 8 36 144 36 
118 119 36 36 
5 143 8 36 144 36 
5 143 8 36 144 36 
5 143 8 36 144 36 
5 143 8 36 144 36 
5 143 8 36 144 36 
5 143 8 36 144 36 
5 143 8 36 144 36 
5 143 8 36 144 36 
5 143 8 36 144 36 
118 119 36 36 
118 119 36 36 
5 143 8 36 144 36 
118 119 36 36 
118 119 36 36 
5 143 8 36 144 36 
5 143 8 36 144 36 
5 189 8 36 144 36 
5 189 8 36 144 36 
118 119 36 36 
118 119 36 36 
5 8 36 144 36 
5 8 36 36 
118 119 36 36 
5 143 8 36 144 36 
5 143 8 36 144 36 
5 143 8 36 144 36 
5 143 8 36 144 36 
5 143 8 36 144 36 
5 118 8 119 36 144 36 
5 143 8 36 144 36 
5 143 8 36 144 36 
5 143 8 36 144 36 
5 118 143 8 119 36 144 36 
118 173 36 36 
5 143 8 36 144 36 
5 91 6 92 36 36 
5 143 8 36 144 36 
5 143 8 36 144 36 
5 143 8 36 144 36 
5 143 8 36 144 36 
5 143 8 36 144 36 
5 143 8 36 144 36 
5 143 8 36 144 36 
5 143 8 36 144 36 
118 119 36 36 
5 8 36 36 
5 91 6 92 36 36 
118 119 36 36 
5 143 8 36 144 36 
5 143 8 36 144 36 
5 143 8 36 144 36 
5 91 6 92 36 36 
118 119 36 36 
5 8 36 36 
5 91 6 92 36 36 
118 119 36 36 
118 36 36 
5 8 36 35 36 
5 143 8 36 144 36 
5 143 8 36 144 36 
5 118 8 36 144 36 
5 143 8 36 144 36 
5 143 8 36 144 36 
5 143 8 36 144 36 
5 91 6 92 36 36 
118 119 36 36 
5 143 8 36 144 36 
5 143 8 36 144 36 
5 91 6 92 36 36 
5 143 8 36 144 36 
5 143 8 36 144 36 
5 143 8 36 144 36 
5 143 8 36 144 36 
5 143 8 36 144 36 
5 143 8 36 144 36 
5 143 8 36 144 36 
5 143 8 36 144 36 
5 143 8 36 144 36 
5 143 8 36 144 36 
5 143 8 36 144 36 
5 143 8 36 144 36 
5 143 8 36 144 36 
118 119 36 36 
118 119 36 36 
5 143 8 36 144 36 
5 143 8 36 144 36 
118 119 36 36 
5 143 8 36 144 36 
5 91 6 92 36 36 
5 189 8 36 144 36 
5 189 8 36 144 36 
5 189 8 36 144 36 
5 189 8 36 144 36 
5 189 8 36 144 36 
5 118 8 119 36 144 36 
5 143 8 36 144 36 
5 143 8 36 144 36 
5 8 36 36 
5 91 6 8 92 36 144 36 
5 143 8 36 144 36 
5 143 8 36 144 36 
118 173 36 36 
5 143 8 36 144 36 
118 173 36 36 
5 91 6 92 36 36 
118 119 36 36 
5 8 36 36 
5 143 8 36 144 36 
118 119 36 36 
118 119 36 36 
5 91 6 92 36 36 
5 143 8 36 144 36 
5 435 21 8 117 36 36 
5 435 21 8 117 36 144 36 
118 119 36 36 
5 6 36 61 36 
5 6 36 61 36 
5 91 6 92 36 36 
5 91 6 92 36 36 
5 91 6 92 36 36 
5 91 6 92 36 36 
5 91 6 92 36 36 
5 91 6 92 36 36 
5 91 6 92 36 36 
5 8 36 36 
118 119 36 36 
5 143 8 36 144 36 
5 8 36 36 
118 173 119 36 36 
5 143 8 36 144 36 
5 189 8 36 144 36 
118 132 36 36 
118 119 36 36 
5 91 6 92 36 36 
5 91 6 92 36 36 
5 118 119 36 36 
118 119 36 36 
5 143 8 36 144 36 
5 143 8 36 144 36 
5 143 8 36 144 36 
5 143 8 36 144 36 
5 143 8 36 144 36 
5 143 8 36 144 36 
5 143 8 36 144 36 
5 143 8 36 144 36 
5 143 8 36 144 36 
5 143 8 36 144 36 
5 143 8 36 144 36 
5 143 8 36 144 36 
118 119 36 36 
5 189 8 36 144 36 
5 143 8 36 144 36 
118 119 36 36 
5 143 8 36 144 36 
5 143 8 36 144 36 
5 143 8 36 144 36 
5 143 8 36 144 36 
5 143 8 36 144 36 
5 143 8 36 144 36 
5 143 8 36 144 36 
5 143 8 36 144 36 
118 173 119 36 36 
118 119 36 36 
5 143 8 36 144 36 
5 143 8 36 144 36 
5 143 8 36 144 36 
5 143 8 36 144 36 
5 143 8 36 144 36 
5 143 8 36 144 36 
5 143 8 36 144 36 
5 143 8 36 144 36 
5 189 8 36 144 36 
5 143 8 36 144 36 
118 119 36 36 
118 119 36 36 
5 143 8 36 144 36 
5 143 8 36 144 36 
5 143 8 36 144 36 
5 8 36 36 
5 91 6 92 36 36 
5 143 8 36 144 36 
118 119 36 36 
5 189 143 8 36 144 36 
5 189 143 8 36 144 36 
5 143 8 36 144 36 
5 189 8 36 144 36 
5 8 36 144 36 
5 143 8 36 144 36 
5 143 8 36 144 36 
5 143 8 36 144 36 
118 119 36 36 
5 143 8 36 144 36 
5 143 8 36 144 36 
118 119 36 36 
118 119 36 36 
118 119 36 36 
118 132 36 36 
5 8 36 36 
118 132 36 36 
5 143 8 36 144 36 
5 176 162 8 36 36 
118 173 119 36 36 
118 119 36 36 
5 143 8 36 144 36 
5 143 8 36 144 36 
5 143 8 36 144 36 
118 119 36 36 
5 91 6 92 36 36 
5 91 6 92 36 36 
118 119 36 36 
5 91 6 92 36 36 
5 8 36 36 
5 8 36 36 
5 143 8 36 144 36 
5 143 8 36 144 36 
5 143 8 36 144 36 
5 143 8 36 144 36 
5 143 8 36 144 36 
5 143 8 36 144 36 
5 143 8 36 144 36 
5 143 8 36 144 36 
5 8 36 36 
5 143 8 36 144 36 
5 143 8 36 144 36 
118 119 36 36 
5 143 8 36 144 36 
118 119 36 36 
118 119 36 36 
5 8 36 144 36 
5 189 8 389 461 390 36 144 672 36 
5 91 6 92 36 36 
118 119 36 36 
5 143 8 36 144 36 
118 119 36 36 
5 91 6 92 36 36 
5 91 6 92 36 36 
5 91 6 92 36 36 
5 91 6 92 36 36 
5 91 6 92 36 36 
5 91 6 92 36 36 
5 91 6 92 36 36 
5 91 6 92 36 36 
5 91 6 92 36 36 
5 161 143 8 36 144 36 
5 161 143 8 36 144 36 
142 36 36 
5 91 6 92 36 36 
118 119 36 36 
5 143 8 36 144 36 
118 119 36 36 
5 91 6 92 8 36 36 
5 91 6 92 36 36 
5 143 8 36 144 36 
5 189 143 8 36 144 36 
5 91 6 92 36 36 
5 91 6 92 36 36 
5 91 6 92 36 36 
5 143 8 36 144 36 
5 91 6 92 36 36 
118 119 36 36 
5 143 8 36 144 36 
118 119 36 36 
5 91 6 92 36 36 
5 91 6 92 36 36 
5 143 8 674 36 144 36 
118 119 36 36 
5 143 8 36 144 36 
5 143 8 36 144 36 
118 119 36 36 
5 91 6 92 36 36 
5 91 6 92 36 36 
118 119 36 36 
5 189 8 36 144 36 
5 189 8 36 144 36 
5 189 8 36 144 36 
5 189 8 36 144 36 
5 143 8 36 144 36 
5 143 8 36 144 36 
5 143 8 36 144 36 
5 189 8 36 144 36 
5 8 36 36 
5 143 8 36 144 36 
5 143 8 36 144 36 
118 119 36 36 
5 143 8 36 144 36 
118 119 36 36 
118 119 36 36 
5 6 36 61 36 
5 6 36 61 36 
5 143 8 36 144 36 
5 143 8 36 144 36 
5 189 143 8 36 144 36 
5 143 8 36 144 36 
118 119 36 36 
5 189 8 36 144 36 
5 143 8 36 144 36 
5 143 8 36 144 36 
5 143 8 36 144 36 
5 143 8 36 144 36 
118 119 36 36 
118 119 36 36 
5 143 8 36 144 36 
5 91 6 92 36 36 
5 143 8 36 144 36 
5 91 6 92 36 36 
5 91 6 92 36 36 
5 91 6 92 36 36 
5 8 36 36 
5 143 8 36 144 36 
5 143 8 36 144 36 
5 143 8 36 144 36 
5 143 8 36 144 36 
5 143 8 36 144 36 
5 143 8 36 144 36 
5 143 8 36 144 36 
5 143 8 36 144 36 
5 143 8 36 144 36 
5 143 8 36 144 36 
5 143 8 36 144 36 
5 143 8 36 144 36 
118 119 36 36 
118 119 36 36 
118 119 36 36 
118 132 36 36 
118 119 36 36 
118 119 36 36 
5 143 8 36 144 36 
5 143 8 36 144 36 
118 119 36 36 
118 119 36 36 
5 143 8 36 144 36 
5 8 36 36 
5 143 8 36 144 36 
118 132 36 36 
5 143 8 36 144 36 
5 143 8 36 144 36 
5 8 36 36 
5 143 8 36 144 36 
5 143 8 36 144 36 
5 8 36 36 
5 8 36 36 
5 143 8 36 144 36 
5 143 8 36 144 36 
5 143 8 36 144 36 
36 122 123 36 
5 143 8 36 144 36 
118 119 36 36 
5 143 8 36 144 36 
5 143 8 36 144 36 
5 143 8 36 144 36 
5 143 8 36 144 36 
5 143 8 36 144 36 
118 119 36 36 
118 119 36 36 
118 119 36 36 
5 91 6 92 36 36 
118 173 119 36 36 
5 8 36 36 
142 36 36 
5 143 8 36 144 36 
5 143 8 36 144 36 
5 143 8 36 144 36 
5 143 8 36 144 36 
5 143 8 36 144 36 
118 119 36 36 
5 143 8 36 144 36 
5 143 8 36 144 36 
5 143 8 36 144 36 
5 143 8 36 144 36 
5 143 8 36 144 36 
5 143 8 36 144 36 
5 189 143 8 36 144 36 
5 189 143 8 36 144 36 
5 189 143 8 36 144 36 
5 91 6 143 92 8 36 144 36 
5 143 8 36 144 36 
5 143 8 36 144 36 
5 143 8 36 144 36 
118 119 36 36 
5 189 8 36 144 36 
5 189 8 36 144 36 
5 189 8 36 144 36 
5 189 8 36 144 36 
5 189 8 36 144 36 
5 189 8 36 144 36 
5 91 6 8 92 36 144 36 
5 8 36 36 
5 91 6 92 36 36 
5 143 8 36 144 36 
118 119 36 36 
118 173 36 36 
5 8 36 36 
142 36 36 
5 143 8 36 144 36 
5 143 8 36 144 36 
5 143 8 36 144 36 
5 143 8 36 144 36 
5 161 143 8 36 144 36 
21 22 36 24 36 
5 8 36 36 
5 143 8 36 144 36 
5 143 8 36 144 36 
5 143 8 36 144 36 
118 119 36 36 
5 8 36 36 
5 8 36 36 
5 6 36 61 36 
5 143 8 36 144 36 
5 143 8 36 144 36 
142 36 36 
5 91 6 92 8 36 36 
5 8 36 36 
5 143 8 36 144 36 
5 143 8 36 144 36 
5 143 8 36 144 36 
5 143 8 36 144 36 
5 143 8 36 144 36 
5 189 8 36 144 36 
5 8 36 36 
118 119 36 36 
5 8 36 144 36 
118 119 36 36 
5 8 36 36 
5 8 36 36 
5 8 36 36 
5 8 36 36 
5 8 36 36 
5 8 36 36 
5 8 36 36 
5 8 36 36 
5 143 8 36 144 36 
5 8 36 36 
5 8 36 36 
5 8 36 36 
5 8 36 36 
5 143 8 36 144 36 
118 119 36 36 
5 91 6 92 36 36 
118 119 36 36 
5 91 6 92 36 36 
118 119 36 36 
5 91 6 92 36 36 
5 143 8 36 144 36 
118 132 36 36 
5 143 8 36 144 36 
118 119 36 36 
118 132 36 36 
5 8 36 36 
5 8 36 144 36 
118 119 36 36 
5 8 36 36 
5 91 6 92 36 36 
5 143 8 36 144 36 
118 119 36 36 
5 91 6 92 36 36 
5 8 36 36 
5 8 36 122 36 
118 119 36 36 
118 119 36 36 
5 6 23 36 139 36 
5 6 23 36 139 36 
118 119 36 36 
5 8 36 36 
5 143 8 36 144 36 
118 132 36 36 
118 119 36 36 
142 36 36 
118 132 36 36 
5 143 8 36 144 36 
5 143 8 36 144 36 
118 119 36 36 
5 143 8 36 144 36 
5 143 8 36 144 36 
5 91 6 92 36 36 
5 91 6 92 36 36 
118 119 36 36 
5 143 8 36 144 36 
5 189 143 8 36 144 36 
5 189 143 8 36 144 36 
5 91 6 92 36 36 
5 143 8 36 144 36 
118 119 36 36 
5 8 36 36 
5 91 6 92 36 36 
5 143 8 36 144 36 
5 143 8 36 144 36 
5 143 8 36 144 36 
5 8 36 36 
5 8 36 36 
5 8 36 36 
5 8 36 36 
5 143 8 36 144 36 
5 143 8 36 144 36 
5 143 8 36 144 36 
5 143 8 36 144 36 
118 119 36 36 
5 91 6 92 36 36 
118 173 36 36 
5 143 8 36 144 36 
5 143 8 36 144 36 
5 143 8 36 144 36 
5 143 8 36 144 36 
5 143 8 36 144 36 
5 143 8 36 144 36 
5 143 8 36 144 36 
5 143 8 36 144 36 
5 143 8 36 144 36 
5 143 8 36 144 36 
5 143 8 36 144 36 
5 143 8 36 144 36 
5 143 8 36 144 36 
5 143 8 36 144 36 
5 91 6 92 36 36 
5 143 8 36 144 36 
5 143 8 36 144 36 
5 8 36 36 
5 8 36 36 
5 189 8 36 144 36 
5 189 8 36 144 36 
5 189 8 36 144 36 
118 119 36 36 
118 119 36 36 
118 119 36 36 
5 8 36 144 36 
5 143 8 36 144 36 
5 143 8 36 144 36 
5 91 6 92 36 36 
118 119 36 36 
5 143 8 36 144 36 
5 189 143 8 36 144 36 
5 189 143 8 36 144 36 
5 143 8 36 144 36 
5 143 8 36 144 36 
5 143 8 36 144 36 
5 143 8 36 144 36 
5 189 143 8 36 144 36 
5 189 143 8 36 144 36 
5 189 8 36 144 36 
5 143 8 36 144 36 
5 8 36 144 36 
5 8 36 144 36 
5 8 36 144 36 
5 8 36 144 36 
5 91 6 92 36 36 
5 143 8 36 144 36 
5 189 8 36 144 36 
5 189 8 36 144 36 
5 189 8 36 144 36 
5 143 8 36 144 36 
5 143 8 36 144 36 
5 143 8 36 144 36 
5 91 6 92 36 36 
5 91 6 92 36 36 
118 119 36 36 
5 143 8 36 144 36 
5 189 8 36 144 36 
5 189 8 36 144 36 
5 189 8 36 144 36 
5 173 118 8 36 144 36 
5 91 6 92 36 36 
5 91 6 92 36 36 
5 8 36 36 
5 8 36 36 
5 143 8 36 144 36 
5 143 8 36 144 36 
5 143 8 36 144 36 
5 143 8 36 144 36 
5 143 8 36 144 36 
5 143 8 36 144 36 
5 143 8 36 144 36 
5 143 8 36 144 36 
5 143 8 36 144 36 
5 143 8 36 144 36 
5 143 8 36 144 36 
5 91 6 92 8 36 36 
5 8 36 144 36 
5 8 36 36 
5 8 36 36 
5 8 36 36 
5 8 36 36 
5 8 36 36 
5 8 36 36 
5 8 36 36 
5 8 36 36 
5 91 6 92 36 36 
118 119 36 36 
5 91 6 92 36 36 
5 91 6 92 36 36 
5 91 6 92 36 36 
5 143 8 36 144 36 
118 119 36 36 
118 119 36 36 
5 91 6 92 36 36 
118 132 36 36 
5 8 142 36 36 
5 8 36 36 
5 8 36 36 
5 8 36 36 
5 8 36 36 
5 8 36 36 
5 8 36 36 
5 143 8 36 144 36 
5 143 8 36 144 36 
5 143 8 36 144 36 
5 143 8 36 144 36 
5 143 8 36 144 36 
5 143 8 36 144 36 
5 143 8 36 144 36 
5 91 6 92 36 36 
5 91 6 92 36 36 
5 143 8 36 144 36 
118 119 36 36 
118 119 36 36 
5 8 36 36 
5 91 6 92 36 36 
5 143 8 36 144 36 
5 91 6 92 36 36 
5 91 6 92 36 36 
5 8 36 36 
5 189 8 36 144 36 
5 189 8 36 144 36 
5 189 8 36 144 36 
5 189 8 36 144 36 
118 119 36 36 
5 8 36 122 36 
5 8 36 122 36 
5 8 36 122 36 
5 8 36 122 36 
5 8 36 122 36 
5 8 36 122 36 
5 8 36 122 36 
5 118 8 119 36 144 36 
5 118 8 119 36 144 36 
5 143 8 36 144 36 
5 143 8 36 144 36 
5 143 8 36 144 36 
5 143 8 36 144 36 
5 143 8 36 144 36 
5 143 8 36 144 36 
5 143 8 36 144 36 
5 143 8 36 144 36 
5 143 8 36 144 36 
5 143 8 36 144 36 
5 143 8 36 144 36 
5 143 8 36 144 36 
5 143 8 36 144 36 
5 143 8 36 144 36 
5 143 8 36 144 36 
5 143 8 36 144 36 
5 143 8 36 144 36 
5 143 8 36 144 36 
5 143 8 36 144 36 
118 173 119 36 36 
5 143 8 36 144 36 
5 143 8 36 144 36 
5 8 36 36 
5 8 36 36 
5 8 36 36 
5 8 36 36 
5 189 143 8 36 144 36 
5 189 143 8 36 144 36 
142 36 36 
5 8 36 36 
5 143 8 36 144 36 
5 118 8 119 36 144 36 
5 143 8 36 144 36 
5 143 8 36 144 36 
5 143 8 36 144 36 
5 143 8 36 144 36 
5 143 8 36 144 36 
5 189 143 8 36 144 36 
5 189 143 8 36 144 36 
5 189 143 8 36 144 36 
5 189 143 8 36 144 36 
5 143 8 36 144 36 
5 91 6 92 36 36 
5 91 6 92 36 36 
5 91 6 92 36 36 
5 91 6 92 36 36 
5 91 6 92 36 36 
5 91 6 92 36 36 
118 119 36 36 
118 119 36 36 
5 143 8 36 144 36 
118 119 36 36 
5 143 8 36 144 36 
5 143 8 36 144 36 
5 118 8 119 36 144 36 
5 91 6 92 36 36 
5 118 8 119 36 144 36 
5 91 6 92 36 36 
5 143 8 36 144 36 
5 143 8 36 144 36 
5 143 8 36 144 36 
5 143 8 36 144 36 
5 189 8 36 144 36 
118 132 36 36 
5 8 36 36 
5 189 8 36 144 36 
118 119 36 36 
5 143 8 36 144 36 
118 119 36 36 
5 143 8 36 144 36 
5 143 8 36 144 36 
5 143 8 36 144 36 
5 91 6 92 36 36 
5 143 8 36 144 36 
118 119 36 36 
5 91 118 6 92 36 36 
5 91 118 6 92 36 36 
5 8 36 36 
5 143 8 36 144 36 
5 8 36 36 
118 119 36 36 
118 119 36 36 
118 119 36 36 
118 119 36 36 
118 119 36 36 
5 143 8 36 144 36 
5 91 6 92 36 36 
118 119 36 36 
5 189 143 8 36 144 36 
5 143 8 36 144 36 
5 143 8 36 144 36 
5 143 8 36 144 36 
5 143 8 36 144 36 
118 119 36 36 
5 143 8 36 144 36 
5 91 6 92 36 36 
5 143 8 36 144 36 
5 143 8 36 144 36 
5 8 36 36 
118 119 36 36 
118 119 36 36 
5 91 6 92 36 36 
118 173 119 36 36 
118 173 119 36 36 
5 143 8 36 144 36 
118 119 36 36 
118 119 36 36 
5 8 36 36 
5 143 8 36 144 36 
5 143 8 36 144 36 
118 119 36 36 
118 119 36 36 
118 119 36 36 
118 119 36 36 
118 119 36 36 
5 143 8 36 144 36 
5 143 8 36 144 36 
5 143 8 36 144 36 
5 189 8 36 144 36 
5 189 8 36 144 36 
5 189 8 36 144 36 
5 189 8 36 144 36 
5 189 8 36 144 36 
118 119 36 36 
118 119 36 36 
118 119 36 36 
118 119 36 36 
118 119 36 36 
5 143 8 36 144 36 
118 119 36 36 
5 8 36 36 
5 189 8 36 144 36 
5 189 8 36 144 36 
5 189 8 36 144 36 
5 189 8 36 144 36 
5 189 8 36 144 36 
5 189 8 36 144 36 
5 189 8 36 144 36 
5 189 8 36 144 36 
5 189 8 36 144 36 
5 189 8 36 144 36 
118 119 36 36 
118 119 36 36 
5 91 6 92 36 36 
5 143 8 36 144 36 
5 91 6 92 36 36 
5 143 8 36 144 36 
5 91 6 92 36 36 
118 132 36 36 
5 143 8 36 144 36 
5 91 6 92 36 36 
5 91 6 92 36 36 
5 143 8 36 144 36 
5 8 36 36 
118 119 36 36 
118 119 36 36 
118 119 36 36 
5 189 8 36 144 36 
5 189 8 36 144 36 
5 91 6 92 36 36 
5 143 8 36 144 36 
118 173 119 36 36 
5 91 6 92 36 36 
5 118 8 119 36 144 36 
118 119 36 36 
5 143 8 36 144 36 
5 143 8 36 144 36 
5 143 8 36 144 36 
118 119 36 36 
5 91 6 92 36 36 
5 8 36 36 
5 8 36 36 
5 143 8 36 144 36 
5 91 6 92 36 36 
118 119 36 36 
5 8 36 122 36 
5 8 36 36 
5 143 8 36 144 36 
5 143 8 36 144 36 
118 119 36 36 
5 91 6 92 36 36 
5 91 6 92 36 36 
5 189 143 8 36 144 36 
5 8 36 36 
5 8 36 36 
5 143 8 36 144 36 
5 143 8 36 144 36 
5 143 8 36 144 36 
118 132 36 36 
5 8 36 36 
5 189 8 36 144 36 
5 143 8 36 144 36 
5 189 8 36 144 36 
5 189 8 36 144 36 
5 189 8 36 144 36 
5 189 8 36 144 36 
5 189 8 36 144 36 
5 36 36 
5 36 36 
5 143 8 36 144 36 
5 91 6 92 36 36 
5 91 6 92 36 36 
5 91 6 92 36 36 
5 91 6 8 92 36 144 36 
5 143 8 36 144 36 
5 143 8 36 144 36 
118 119 36 36 
142 36 36 
118 119 36 36 
5 143 8 36 144 36 
5 8 36 36 
5 8 36 36 
5 118 8 119 36 144 36 
118 119 36 36 
5 8 36 36 
5 8 36 36 
118 132 36 36 
118 119 36 36 
5 143 8 36 144 36 
5 91 6 92 36 36 
5 143 8 36 144 36 
5 189 8 36 144 36 
5 189 8 36 144 36 
118 132 36 36 
118 119 36 36 
5 8 36 36 
118 119 36 36 
5 8 36 36 
5 143 8 36 144 36 
5 143 8 36 144 36 
118 119 36 36 
5 143 8 36 144 36 
5 143 8 36 144 36 
5 91 6 92 36 36 
5 8 36 36 
118 119 36 36 
5 8 36 36 
5 143 8 36 144 36 
5 8 36 36 
5 8 36 36 
118 119 36 36 
142 36 122 36 
5 143 8 36 144 36 
5 143 8 36 144 36 
118 119 36 36 
5 8 36 36 
5 8 36 36 
118 132 36 36 
118 119 36 36 
5 143 8 36 144 36 
5 8 36 36 
118 119 36 36 
5 91 6 92 36 36 
5 143 8 36 144 36 
5 143 8 36 144 36 
5 8 36 144 36 
5 8 36 36 
5 91 6 92 36 36 
5 143 8 36 144 36 
5 143 8 36 144 36 
5 143 8 36 144 36 
5 143 8 36 144 36 
118 119 36 36 
177 118 112 132 36 113 36 
5 91 6 92 36 36 
5 8 36 36 
5 8 36 36 
5 143 8 36 144 36 
5 8 36 36 
5 91 6 92 36 36 
118 119 36 36 
118 119 36 36 
5 143 8 36 144 36 
118 119 36 36 
118 119 36 36 
118 119 36 36 
5 8 36 144 36 
5 143 8 36 144 36 
5 143 8 36 144 36 
118 119 36 36 
142 36 36 
142 36 36 
118 119 36 36 
5 143 8 36 144 36 
5 91 6 92 36 36 
118 119 36 36 
5 143 8 36 144 36 
5 143 8 36 144 36 
5 162 8 36 198 36 
5 8 36 165 36 
5 8 36 165 36 
118 119 36 36 
142 36 36 
118 119 36 36 
5 189 8 36 144 36 
5 189 8 36 144 36 
5 189 8 36 144 36 
5 189 8 36 144 36 
5 189 8 36 144 36 
118 119 36 36 
5 189 8 36 144 36 
142 36 36 
118 119 36 36 
5 8 36 36 
5 189 8 36 144 36 
5 91 6 92 36 36 
5 143 8 36 144 36 
5 143 8 36 144 36 
118 119 36 36 
5 142 36 36 
118 119 36 36 
118 119 36 36 
118 119 36 36 
118 132 36 36 
5 8 36 36 
5 8 36 36 
5 8 36 36 
118 119 36 36 
5 8 36 36 
118 119 36 36 
118 119 36 36 
118 119 36 36 
5 143 8 36 144 36 
5 143 8 36 144 36 
118 119 36 36 
5 8 36 36 
5 8 36 36 
5 143 8 36 144 36 
5 143 8 36 144 36 
5 143 8 36 144 36 
5 143 8 36 144 36 
118 119 36 36 
118 119 36 36 
5 143 8 36 144 36 
5 8 36 165 36 
118 119 36 36 
5 143 8 36 144 36 
5 8 36 36 
118 119 36 36 
5 91 6 92 36 36 
118 119 36 36 
5 143 8 36 144 36 
5 143 8 36 144 36 
5 143 8 36 144 36 
118 132 36 36 
142 36 36 
5 189 8 36 144 36 
5 189 8 36 144 36 
5 189 8 36 144 36 
5 189 8 36 144 36 
5 143 8 36 144 36 
118 119 36 36 
118 119 36 36 
142 36 36 
118 119 36 36 
118 119 36 36 
36 36 
36 36 
36 36 
36 36 
36 36 
237 238 36 36 
36 36 
5 91 6 92 36 36 
118 119 36 36 
5 143 162 8 36 144 36 
5 91 6 92 36 36 
118 132 36 36 
5 8 36 36 
5 8 36 36 
5 8 36 36 
5 8 36 36 
5 8 36 36 
5 143 8 36 144 36 
5 91 6 92 36 36 
5 91 6 92 36 36 
5 91 6 92 36 36 
5 91 6 92 36 36 
5 91 6 92 36 36 
5 91 6 92 36 36 
5 118 8 119 36 144 36 
118 119 36 36 
118 132 36 36 
118 119 36 36 
5 118 6 119 9 36 36 
5 118 6 119 9 36 36 
5 118 6 119 9 36 36 
118 119 36 36 
142 36 36 
5 91 6 92 36 36 
5 91 6 92 36 36 
5 143 8 36 144 36 
5 91 6 92 36 36 
5 143 8 36 144 36 
5 143 8 36 144 36 
5 143 8 36 144 36 
5 143 8 36 144 36 
5 143 8 36 144 36 
5 189 8 36 144 36 
118 119 36 36 
5 143 8 36 144 36 
118 119 36 36 
5 189 8 36 144 36 
118 119 36 36 
118 132 36 36 
5 143 8 36 144 36 
5 143 8 36 144 36 
5 143 8 36 144 36 
5 143 8 36 144 36 
5 143 8 36 144 36 
5 143 8 36 144 36 
36 36 
5 91 6 92 36 36 
5 91 6 92 36 36 
5 91 6 92 36 36 
5 91 6 92 36 36 
5 143 8 36 144 36 
118 119 36 36 
118 132 36 36 
118 132 36 36 
118 173 119 36 36 
5 8 36 36 
5 8 36 144 36 
5 8 36 144 36 
5 8 36 144 36 
5 8 36 144 36 
5 36 36 
5 8 36 144 36 
5 8 36 144 36 
5 8 36 144 36 
5 8 36 144 36 
5 8 36 144 36 
5 8 36 144 36 
5 8 36 144 36 
5 8 36 144 36 
5 8 36 144 36 
5 8 36 36 
5 189 8 36 144 36 
5 8 36 144 36 
5 91 6 92 36 36 
36 36 
118 218 36 36 
118 119 36 36 
118 132 36 36 
5 8 36 144 36 
5 8 36 144 36 
5 36 36 
5 8 36 144 36 
5 36 36 
5 8 36 144 36 
5 8 36 144 36 
5 8 36 144 36 
5 8 36 144 36 
5 8 36 144 36 
5 8 36 144 36 
5 8 36 144 36 
5 8 36 144 36 
5 8 36 144 36 
5 8 36 144 36 
5 8 36 144 36 
5 8 36 144 36 
5 8 36 144 36 
5 8 36 144 36 
5 8 36 144 36 
5 8 36 144 36 
5 8 36 144 36 
5 8 36 144 36 
5 8 36 144 36 
5 8 36 144 36 
5 8 36 144 36 
5 8 36 144 36 
5 8 36 144 36 
5 8 36 144 36 
5 8 36 144 36 
5 8 36 144 36 
5 8 36 144 36 
5 8 36 144 36 
36 36 
36 36 
36 36 
5 8 36 144 36 
5 8 36 144 36 
5 8 36 144 36 
5 8 36 144 36 
5 8 36 144 36 
5 8 36 144 36 
5 8 36 144 36 
5 8 36 144 36 
5 8 36 144 36 
5 8 36 144 36 
5 8 36 144 36 
5 8 36 144 36 
5 8 36 144 36 
5 8 36 144 36 
5 8 36 144 36 
5 8 36 144 36 
5 8 36 144 36 
5 8 36 144 36 
5 8 36 144 36 
5 8 36 144 36 
5 8 36 144 36 
5 8 36 144 36 
5 8 36 144 36 
5 8 36 144 36 
5 8 36 144 36 
5 8 36 144 36 
5 8 36 144 36 
5 8 36 144 36 
5 8 36 144 36 
5 8 36 144 36 
5 8 36 144 36 
5 8 36 144 36 
5 8 36 36 
5 36 36 
5 8 36 36 
5 8 36 36 
5 8 36 144 36 
5 8 36 144 36 
5 8 36 144 36 
5 36 36 
627 628 36 36 
5 8 36 144 36 
5 8 36 144 36 
5 8 36 144 36 
5 8 36 144 36 
5 8 36 144 36 
5 8 36 144 36 
5 8 36 144 36 
5 8 36 144 36 
5 8 36 144 36 
5 8 36 144 36 
5 8 36 144 36 
5 8 36 144 36 
5 8 36 144 36 
5 8 36 144 36 
5 8 36 144 36 
5 8 36 144 36 
5 8 36 144 36 
5 8 36 144 36 
5 36 36 
5 8 36 144 36 
5 8 36 144 36 
5 8 36 144 36 
5 8 36 144 36 
5 8 36 144 36 
5 8 36 144 36 
5 8 36 144 36 
5 8 36 144 36 
5 8 36 144 36 
5 8 36 144 36 
5 36 36 
5 36 36 
5 36 36 
5 36 36 
5 36 36 
5 36 36 
5 8 36 144 36 
5 8 36 144 36 
5 8 36 144 36 
5 8 36 144 36 
5 8 36 144 36 
5 8 36 144 36 
5 8 36 144 36 
5 8 36 144 36 
5 8 36 144 36 
5 8 36 144 36 
5 36 36 
5 36 36 
5 36 36 
5 91 6 36 36 
5 8 36 144 36 
5 8 36 144 36 
5 8 36 144 36 
5 8 36 144 36 
5 8 36 144 36 
5 8 36 144 36 
5 8 36 144 36 
5 8 36 144 36 
5 8 36 144 36 
5 8 36 144 36 
5 8 36 144 36 
5 8 36 144 36 
5 8 36 144 36 
5 8 36 144 36 
5 8 36 144 36 
5 8 36 144 36 
5 8 36 144 36 
5 8 36 144 36 
5 8 36 144 36 
5 36 36 
5 8 36 144 36 
5 8 36 144 36 
5 8 36 144 36 
5 8 36 144 36 
5 8 36 144 36 
5 8 36 144 36 
5 36 36 
5 8 36 144 36 
5 8 36 144 36 
5 8 36 144 36 
5 8 36 144 36 
5 8 36 144 36 
5 8 36 144 36 
5 8 36 144 36 
5 8 36 144 36 
5 8 36 144 36 
5 8 36 144 36 
5 8 36 144 36 
5 8 36 144 36 
5 8 36 144 36 
5 36 36 
5 8 36 144 36 
5 8 36 144 36 
5 8 36 144 36 
5 36 36 
5 8 36 144 36 
5 8 36 144 36 
5 8 36 144 36 
5 8 36 144 36 
5 8 36 144 36 
5 8 36 144 36 
5 8 36 144 36 
5 8 36 144 36 
5 8 36 144 36 
5 8 36 144 36 
5 8 36 144 36 
5 8 36 144 36 
5 8 36 144 36 
5 8 36 144 36 
5 8 36 144 36 
5 8 36 36 
5 36 36 
5 8 36 144 36 
5 8 36 144 36 
5 8 36 144 36 
5 8 36 144 36 
5 8 36 144 36 
5 8 36 144 36 
5 8 36 144 36 
5 8 36 144 36 
5 8 36 144 36 
5 8 36 144 36 
5 8 36 144 36 
5 8 36 144 36 
5 8 36 144 36 
5 8 36 144 36 
5 8 36 144 36 
5 8 36 144 36 
5 8 36 144 36 
5 8 36 144 36 
5 8 36 144 36 
5 8 36 144 36 
5 8 36 144 36 
5 8 36 144 36 
5 8 36 144 36 
5 8 36 144 36 
5 8 36 144 36 
5 8 36 144 36 
5 8 36 144 36 
5 8 36 144 36 
5 8 36 144 36 
5 8 36 144 36 
5 8 36 144 36 
5 8 36 144 36 