283 283 
283 283 
283 283 
5 21 22 143 8 37 144 24 283 283 
5 21 22 143 8 37 144 24 283 283 
21 22 37 24 283 283 
283 283 
283 283 
283 283 
283 283 
283 283 
283 283 
5 21 22 143 8 144 24 283 283 
283 283 
283 283 
283 283 
283 283 
283 283 
283 283 
283 283 
283 283 
283 283 
283 283 
283 283 
283 283 
283 283 
283 283 
283 283 
283 283 
283 283 
283 283 
283 283 
283 283 
283 283 
283 283 
283 283 
283 283 
283 283 
283 283 
283 283 
283 283 
283 283 
283 283 
283 283 
283 283 
283 283 
283 283 
283 283 
283 283 
283 283 
283 283 
283 283 
283 283 
283 283 
283 283 
283 283 
283 283 
283 283 
283 283 
283 283 
283 283 
283 283 
283 283 
283 283 
283 283 
283 283 
21 22 37 24 283 283 
283 283 
283 283 
27 28 21 283 283 
27 28 21 283 283 
283 283 
283 283 
283 283 
283 283 
283 283 
283 283 
283 283 
283 283 
283 283 
283 283 
283 283 
283 283 
283 283 
283 283 
283 283 
283 283 
283 283 
283 283 
283 283 
283 283 
283 283 
283 283 
283 283 
283 283 
283 283 
283 283 
283 283 
283 283 
283 283 
283 283 
283 283 
283 283 
283 283 
283 283 
283 283 
283 283 
283 283 
283 283 
283 283 
283 283 
283 283 
283 283 
283 283 
283 283 
283 283 
283 283 
283 283 
283 283 
283 283 
283 283 
283 283 
283 283 
283 283 
283 283 
283 283 
283 283 
283 283 
283 283 
283 283 
283 283 
283 283 
283 283 
283 283 
283 283 
283 283 
283 283 
283 283 
283 283 
283 283 
283 283 
283 283 
283 283 
283 283 
283 283 
283 283 
283 283 
283 283 
133 21 22 68 24 283 283 
283 283 
283 283 
283 283 
283 283 
283 283 
283 283 
283 283 
283 283 
283 283 
5 8 283 283 
177 112 113 309 310 283 283 
283 283 
283 283 
283 283 
283 283 
283 283 
283 283 
283 283 
283 283 
283 283 
283 283 
283 283 
283 283 
283 283 
283 283 
283 283 
283 283 
283 283 
283 283 
283 283 
283 283 
283 283 
283 283 
283 283 
283 283 
283 283 
283 283 
283 283 
283 283 
283 283 
283 283 
283 283 
283 283 
283 283 
283 283 
283 283 
283 283 
283 283 
283 283 
283 283 
283 283 
283 283 
283 283 
283 283 
283 283 
283 283 
283 283 
283 283 
283 283 
283 283 
283 283 
283 283 
283 283 
283 283 
283 283 
177 112 113 309 310 283 283 
21 131 24 283 283 
21 131 24 283 283 
21 131 24 283 283 
398 254 36 283 283 
283 283 
283 283 
283 283 
283 283 
27 28 21 283 283 
27 28 21 283 283 
283 283 
21 22 37 24 283 283 
21 22 37 24 283 283 
283 283 
283 283 
283 283 
283 283 
283 283 
283 283 
283 283 
283 283 
283 283 
283 283 
283 283 
283 283 
283 283 
283 283 
283 283 
283 283 
283 283 
283 283 
283 283 
283 283 
283 283 
283 283 
283 283 
283 283 
283 283 
283 283 
283 283 
283 283 
283 283 
283 283 
283 283 
283 283 
283 283 
283 283 
283 283 
283 283 
283 283 
283 283 
283 283 
283 283 
283 283 
283 283 
283 283 
283 283 
283 283 
283 283 
283 283 
283 283 
283 283 
283 283 
283 283 
283 283 
283 283 
283 283 
283 283 
283 283 
283 283 
283 283 
283 283 
283 283 
283 283 
283 283 
283 283 
283 283 
283 283 
283 283 
283 283 
283 283 
283 283 
283 283 
283 283 
283 283 
283 283 
283 283 
283 283 
283 283 
283 283 
283 283 
283 283 
283 283 
283 283 
283 283 
283 283 
283 283 
283 283 
283 283 
283 283 
283 283 
283 283 
283 283 
283 283 
283 283 
283 283 
283 283 
283 283 
283 283 
283 283 
283 283 
283 283 
283 283 
283 283 
283 283 
283 283 
283 283 
283 283 
283 283 
283 283 
283 283 
283 283 
283 283 
283 283 
283 283 
283 283 
283 283 
283 283 
283 283 
283 283 
283 283 
283 283 
283 283 
283 283 
283 283 
283 283 
283 283 
283 283 
283 283 
283 283 
283 283 
283 283 
283 283 
283 283 
283 283 
283 283 
283 283 
283 283 
283 283 
283 283 
283 283 
283 283 
283 283 
283 283 
283 283 
283 283 
283 283 
283 283 
283 283 
283 283 
283 283 
283 283 
283 283 
283 283 
283 283 
283 283 
283 283 
283 283 
283 283 
283 283 
283 283 
283 283 
283 283 
283 283 
283 283 
283 283 
283 283 
283 283 
283 283 
283 283 
283 283 
283 283 
283 283 
283 283 
283 283 
283 283 
283 283 
283 283 
283 283 
283 283 
283 283 
283 283 
283 283 
283 283 
283 283 
283 283 
283 283 
283 283 
283 283 
283 283 
283 283 
283 283 
283 283 
283 283 
283 283 
283 283 
283 283 
283 283 
283 283 
283 283 
283 283 
283 283 
283 283 
21 131 24 283 283 
5 21 22 143 8 37 144 24 283 283 
5 6 63 283 283 
5 6 63 69 70 283 283 