627 827 828 828 
627 827 828 828 
627 827 828 828 
627 827 828 828 
627 827 828 828 
627 827 828 828 
627 827 828 828 
627 827 828 828 
627 827 828 828 
627 827 828 828 
627 827 828 828 
627 827 828 828 
627 827 828 828 
627 827 828 828 
627 827 828 828 
627 827 828 828 
627 827 828 828 
627 827 828 828 
627 827 828 828 
627 827 828 828 
627 827 828 828 
627 827 828 828 
627 827 828 828 
627 827 828 828 
627 827 828 828 
627 827 828 828 
627 827 828 828 
627 827 828 828 
627 827 828 828 
627 827 828 828 
627 827 828 828 
627 827 828 828 
627 827 828 828 
627 827 828 828 
627 827 828 828 
627 827 828 828 
627 827 828 828 
627 827 828 828 
627 827 828 828 
627 827 828 828 
627 827 828 828 
627 827 828 828 
627 827 828 828 
627 827 828 828 
627 827 828 828 
627 827 828 828 
627 827 828 828 
627 827 828 828 