21 22 68 24 21 
5 21 22 143 8 37 144 24 21 
5 21 22 143 8 37 144 24 21 
5 21 22 143 8 37 144 24 21 
5 21 22 143 8 37 144 24 21 
5 21 22 143 8 37 144 24 21 
5 21 22 143 8 37 144 24 21 
21 22 68 24 21 
133 354 21 22 68 24 21 
21 22 37 24 21 
21 22 68 24 21 
21 22 68 24 21 
81 21 22 82 24 21 
81 21 22 82 68 24 21 
81 21 22 82 68 24 21 
81 21 22 82 68 24 21 
21 22 68 24 21 
5 21 22 143 8 37 144 24 21 
133 21 22 68 24 21 
133 21 22 68 24 21 
133 21 22 68 24 21 
133 21 22 68 24 21 
133 21 22 68 24 21 
133 21 22 68 24 21 
133 21 22 68 24 21 
133 21 22 68 24 21 
133 21 22 68 24 21 
133 21 22 68 24 21 
133 21 22 68 24 21 
133 21 22 68 24 21 
133 21 22 68 24 21 
133 21 22 68 24 21 
133 21 22 68 24 21 
21 22 37 24 21 
21 22 68 24 21 
21 22 68 24 21 
21 22 68 24 21 
133 21 22 68 24 21 
5 21 22 143 8 144 24 21 
5 21 22 143 8 144 24 21 
5 21 22 143 8 144 24 21 
5 21 22 143 8 144 24 21 
5 21 22 143 8 144 24 21 
5 21 22 143 8 144 24 21 
133 21 22 68 24 21 
21 22 68 24 21 
21 22 68 24 21 
21 22 352 99 353 100 21 
21 22 68 24 21 
5 21 22 143 8 37 144 24 21 
81 21 22 82 24 21 
81 21 22 82 24 21 
81 21 22 82 24 21 
133 21 22 68 24 21 
133 21 22 68 24 21 
21 22 68 24 21 
21 22 24 21 
5 21 22 143 8 37 144 24 21 
5 21 22 143 8 37 144 24 21 
5 21 22 143 8 37 144 24 21 
5 21 22 143 8 37 144 24 21 
5 21 22 143 8 37 144 24 21 
21 22 263 24 21 
5 21 22 143 8 37 144 24 21 
5 21 22 143 8 37 144 24 21 
5 21 22 143 8 37 144 24 21 
21 22 37 24 21 
133 21 22 68 24 21 
133 21 22 68 24 21 
133 21 22 68 24 21 
133 21 22 68 24 21 
133 21 22 68 24 21 
133 21 22 68 24 21 
81 21 22 82 24 21 
81 21 22 82 24 21 
81 21 22 82 24 21 
81 21 22 82 24 21 
81 21 22 82 24 21 
81 21 22 82 24 21 
81 21 22 82 24 21 
133 21 22 68 24 21 
21 22 68 24 21 
21 22 68 24 21 
21 22 68 24 21 
5 21 22 143 8 37 144 24 21 
21 22 68 24 21 
21 22 68 24 21 
21 22 68 24 21 
21 22 68 24 21 
21 22 68 24 21 
21 22 68 24 21 
21 22 68 24 21 
21 22 68 24 21 
21 22 68 24 21 
21 22 68 24 21 
21 22 68 24 21 
21 22 68 24 21 
21 22 68 24 21 
21 22 68 24 21 
21 22 68 24 21 
21 22 68 24 21 
5 21 22 143 8 37 144 24 21 
5 21 22 143 8 37 144 24 21 
133 21 22 68 24 21 
133 21 22 68 24 21 
21 22 68 24 21 
5 21 22 143 8 37 144 24 21 
5 21 22 143 8 37 144 24 21 
5 21 22 143 8 37 144 24 21 
112 21 248 113 21 
133 21 22 68 24 21 
133 21 22 68 24 21 
21 22 68 24 21 
5 21 22 143 8 37 144 24 21 
21 22 68 24 21 
21 22 68 24 21 
5 21 22 143 8 37 144 24 21 
5 21 22 143 8 37 144 24 21 
5 21 22 143 8 37 144 24 21 
133 21 22 68 24 21 
133 21 22 68 24 21 
133 21 22 68 24 21 
21 22 68 24 21 
133 21 22 68 24 21 
133 21 22 68 24 21 
133 21 22 68 24 21 
133 21 22 68 24 21 
133 21 22 68 24 21 
133 21 22 68 24 21 
133 21 22 68 24 21 
5 21 22 143 8 144 24 21 
5 21 22 143 8 37 144 24 21 
5 21 22 143 8 37 144 24 21 
21 22 37 24 21 
5 21 22 143 8 37 144 24 21 
5 21 22 143 8 37 144 24 21 
5 21 22 143 8 37 144 24 21 
5 21 22 143 8 37 144 24 21 
5 21 22 143 8 37 144 24 21 
5 21 22 143 8 37 144 24 21 
5 21 22 143 8 37 144 24 21 
21 22 24 21 
5 21 22 143 8 37 144 24 21 
81 21 22 82 24 21 
81 21 22 82 24 21 
81 21 22 82 24 21 
81 21 22 82 24 21 
21 152 153 21 
21 152 153 21 
21 152 153 21 
133 21 22 68 24 21 
133 21 22 68 24 21 
133 21 22 68 24 21 
133 21 22 68 24 21 
133 21 22 68 24 21 
133 21 22 68 24 21 
21 22 68 24 21 
28 27 21 22 546 21 
28 27 21 22 546 21 
104 21 22 68 24 21 
354 21 22 68 24 21 
354 21 22 68 24 21 
28 27 21 22 546 21 
28 27 21 22 546 21 
28 27 21 22 546 21 
28 27 21 22 546 21 
28 27 21 22 546 21 
27 28 21 22 24 21 
28 27 21 22 496 21 
27 28 21 22 24 496 21 
21 22 68 24 21 
27 28 21 22 24 21 
256 5 62 6 21 22 63 21 
21 22 68 24 21 
21 22 68 24 21 
256 21 22 21 
21 22 68 24 21 
21 22 68 24 21 
21 22 68 24 21 
28 27 21 22 21 
21 22 37 24 21 
21 22 68 24 21 
256 27 28 21 509 22 21 
133 21 22 68 24 21 
21 22 68 24 21 
21 22 68 24 21 
28 27 21 22 496 21 
28 27 21 22 496 21 
28 27 21 22 496 21 
28 27 21 22 546 21 
28 27 21 22 546 21 
27 28 21 22 24 21 
27 28 21 22 24 21 
21 22 68 24 21 
133 21 22 68 24 21 
21 22 99 68 24 362 21 
133 21 22 68 24 21 
133 21 22 68 24 21 
133 21 22 68 24 21 
81 21 22 82 24 21 
81 21 22 82 24 21 
81 21 22 82 24 21 
133 21 22 68 24 21 
81 21 22 82 68 24 21 
5 21 8 21 
5 21 8 21 
21 22 68 24 21 
21 22 68 24 21 
21 22 68 24 21 
21 22 68 24 21 
21 22 68 24 21 
21 22 68 24 21 
21 22 68 24 21 
21 22 68 24 21 
133 21 22 68 24 21 
133 21 22 68 24 21 
133 21 22 68 24 21 
28 27 21 22 546 21 
28 27 21 22 546 21 
28 27 21 22 546 21 
28 27 21 22 546 21 
354 21 22 68 24 21 
354 21 22 68 24 21 
81 21 22 82 24 21 
133 354 21 22 68 24 21 
133 354 21 22 68 24 21 
133 354 21 22 68 24 21 
81 133 21 22 82 68 24 21 
133 21 22 68 24 21 
133 21 22 68 24 21 
133 21 22 68 24 21 
133 21 22 68 24 21 
133 21 22 68 24 21 
133 21 22 68 24 21 
133 21 22 68 24 21 
133 21 22 68 24 21 
133 21 22 68 24 21 
133 21 22 68 24 21 
133 21 22 68 24 21 
81 21 22 82 24 21 
133 21 22 68 24 21 
81 21 22 82 24 21 
81 21 22 82 24 21 
81 21 22 82 24 21 
81 21 22 82 24 21 
81 21 22 82 24 21 
81 21 22 82 24 21 
81 21 22 82 68 24 21 
21 22 37 24 21 
21 22 68 24 21 
21 22 68 24 21 
21 22 68 24 21 
133 21 22 68 24 21 
354 21 22 68 24 21 
21 22 68 24 21 
133 21 22 68 24 21 
133 21 22 68 24 21 
133 21 22 68 24 21 
81 21 22 82 24 21 
81 21 22 82 24 21 
133 21 22 68 24 21 
81 21 22 82 24 21 
81 21 22 82 24 21 
81 21 22 82 24 21 
21 22 68 24 21 
21 22 68 24 21 
133 21 22 68 24 21 
81 21 22 82 24 21 
81 21 22 82 24 21 
81 21 22 82 24 21 
81 21 22 82 24 21 
81 21 22 82 24 21 
81 21 22 82 24 21 
81 21 22 82 24 21 
133 21 22 68 24 21 
133 21 22 68 24 21 
133 21 22 68 24 21 
256 27 28 21 509 22 21 
256 27 28 21 509 22 21 
256 27 28 21 509 22 21 
133 21 22 68 24 21 
21 22 68 24 21 
21 22 68 24 21 
21 22 68 24 21 
133 21 22 68 24 21 
21 22 68 24 21 
133 354 21 22 68 24 21 
21 22 68 24 21 
256 21 22 21 
256 21 22 21 
256 21 22 21 
256 21 22 21 
256 21 22 21 
256 21 22 21 
256 21 22 21 
256 21 22 21 
256 21 22 21 
256 21 22 21 
256 21 22 21 
256 21 22 21 
81 21 22 82 24 21 
5 21 8 21 
133 354 21 22 68 24 21 
133 354 21 22 68 24 21 
133 354 21 22 68 24 21 
133 21 22 68 24 21 
133 21 22 68 24 21 
21 22 68 24 21 
81 21 22 82 24 21 
81 21 22 82 24 21 
81 21 22 82 24 21 
354 21 22 68 24 21 
354 21 22 68 24 21 
354 21 22 68 24 21 
21 22 68 24 21 
133 21 22 68 24 21 
133 21 22 68 24 21 
354 21 22 68 24 21 
354 21 22 68 24 21 
354 21 22 68 24 21 
28 27 21 22 496 21 
21 22 68 24 21 
21 22 68 24 21 
21 22 24 21 
21 22 24 21 
21 22 24 21 
21 22 24 21 
21 22 24 21 
21 22 68 24 21 
21 22 68 24 21 
28 27 21 22 546 21 
21 22 68 24 21 
21 22 68 24 21 
28 27 21 22 546 21 
28 27 21 22 546 21 
28 27 21 22 546 21 
133 21 22 68 24 21 
133 21 22 68 24 21 
28 27 21 22 546 21 
21 22 37 68 24 21 
28 21 22 266 21 
133 21 22 68 24 21 
133 21 22 68 24 21 
21 22 68 24 21 
21 22 24 21 
354 21 22 68 24 21 
133 21 22 68 24 21 
21 22 24 21 
48 5 6 21 22 68 24 21 
48 5 6 21 22 68 24 21 
133 21 22 68 24 21 
133 21 22 68 24 21 
133 21 22 68 24 21 
133 21 22 68 24 21 
28 27 21 22 546 21 
28 27 21 22 546 21 
21 22 24 21 
21 22 24 21 
21 22 24 21 
21 22 24 21 
21 22 68 24 21 
21 22 68 24 21 
81 21 22 82 24 21 
28 27 21 22 546 21 
28 27 21 22 546 21 
28 27 21 22 546 21 
28 27 21 22 546 21 
28 27 21 22 546 21 
133 21 22 68 24 21 
21 22 68 24 21 
5 21 22 143 8 144 24 21 
354 21 22 68 24 21 
354 21 22 68 24 21 
28 27 21 22 546 21 
28 27 21 22 546 21 
27 28 21 22 24 21 
28 27 21 22 546 21 
21 22 68 24 21 
354 21 22 68 24 21 
354 21 22 68 24 21 
28 27 21 22 496 21 
28 27 21 22 496 21 
21 22 68 24 21 
27 28 21 22 546 24 21 
354 21 22 68 24 21 
354 21 22 68 24 21 
354 21 22 68 24 21 
21 22 68 24 21 
21 22 68 24 21 
133 21 22 68 24 21 
354 21 22 68 24 21 
133 21 22 68 24 21 
133 21 22 68 24 21 
354 21 22 68 24 21 
21 22 68 24 21 
21 22 68 24 21 
133 21 22 68 24 21 
133 354 21 22 68 24 21 
354 21 22 68 24 21 
133 21 22 68 24 21 
354 21 22 68 24 21 
21 22 68 24 21 
104 21 22 68 24 21 
21 22 24 21 
27 28 21 22 24 496 21 
27 28 21 22 24 496 21 
21 22 68 24 21 
21 22 68 24 21 
133 21 22 68 24 21 
133 21 22 68 24 21 
133 21 22 68 24 21 
133 21 22 68 24 21 
354 21 22 68 24 21 
354 21 22 68 24 21 
354 21 22 68 24 21 
133 354 21 22 68 24 21 
21 22 99 37 24 362 21 
21 22 68 24 21 
21 22 24 21 
21 22 68 24 21 
5 21 22 8 24 21 
28 27 21 509 22 21 
21 22 68 24 21 
81 21 22 82 68 24 21 
81 21 22 82 68 24 21 
21 22 68 24 21 
21 22 68 24 21 
21 22 68 24 21 
21 22 68 24 21 
21 22 68 24 21 
21 22 68 24 21 
21 22 68 24 21 
21 22 68 24 21 
21 22 68 24 21 
21 22 68 24 21 
21 22 68 24 21 
21 22 68 24 21 
21 22 68 24 21 
21 22 68 24 21 
21 22 68 24 21 
354 21 22 68 24 21 
21 22 68 24 21 
21 22 68 24 21 
28 27 21 22 546 21 
28 27 21 22 546 21 
133 21 22 68 24 21 
21 22 68 24 21 
21 22 475 68 24 21 
21 22 475 68 24 21 
5 21 22 143 8 37 144 24 21 
21 22 68 24 21 
133 21 22 68 24 21 
21 22 68 24 21 
21 22 68 24 21 
133 21 22 68 24 21 
354 21 22 68 24 21 
354 21 22 68 24 21 
354 21 22 68 24 21 
28 27 21 22 68 546 24 21 
5 21 22 8 24 21 
104 21 22 68 24 21 
21 22 68 24 21 
21 22 68 24 21 
28 21 22 37 24 21 
28 27 21 22 546 21 
354 21 22 68 24 21 
104 21 22 68 24 21 
104 21 22 68 24 21 
104 21 22 68 24 21 
104 21 22 68 24 21 
256 21 22 21 
27 28 21 22 24 496 21 
133 21 22 68 24 21 
21 22 68 24 21 
354 21 22 68 24 21 
21 22 68 24 21 
27 28 21 22 546 24 21 
27 28 21 22 546 24 21 
28 27 21 22 546 21 
21 22 68 24 21 
28 27 21 509 22 21 
27 28 21 22 24 496 21 
27 28 21 22 546 24 21 
28 27 21 22 546 496 21 
21 22 24 21 
21 22 24 21 
21 22 24 21 
27 28 21 22 24 496 21 
5 21 22 143 8 37 144 24 21 
5 21 22 143 8 37 144 24 21 
5 21 22 143 8 37 144 24 21 
5 21 22 143 8 37 144 24 21 
5 21 22 143 8 37 144 24 21 
28 27 21 22 496 21 
28 27 21 22 546 21 
28 27 21 22 546 21 
28 27 21 22 546 21 
21 22 24 21 
27 28 21 22 546 24 21 
21 22 24 21 
21 22 68 24 21 
104 21 22 68 24 21 
104 21 22 68 24 21 
21 22 68 24 21 
21 22 68 24 21 
21 22 68 24 21 
21 22 68 24 21 
21 22 68 24 21 
21 22 68 24 21 
21 22 68 24 21 
21 22 68 24 21 
21 22 68 24 21 
21 22 68 24 21 
21 22 68 24 21 
21 22 68 24 21 
21 22 68 24 21 
21 22 68 24 21 
21 22 68 24 21 
28 27 21 22 546 21 
21 22 37 24 21 
28 27 21 22 546 496 21 
27 28 21 22 24 21 
27 28 21 22 24 21 
21 22 68 24 21 
21 22 68 24 21 
21 22 68 24 21 
104 21 22 68 24 21 
5 21 22 162 8 68 24 21 
5 21 22 162 8 68 24 21 
5 21 22 162 8 68 24 21 
5 21 22 162 8 68 24 21 
5 21 22 162 8 68 24 21 
5 21 22 162 8 68 24 21 
5 21 22 162 8 68 24 21 
5 21 22 162 8 68 24 21 
5 21 22 162 8 68 24 21 
5 21 22 162 8 68 24 21 
5 21 22 162 8 68 24 21 
5 21 22 162 8 68 24 21 
5 21 22 162 8 68 24 21 
28 27 21 509 22 266 21 
27 28 21 22 24 21 
104 21 22 68 24 21 
28 27 21 22 546 21 
27 28 21 22 24 496 21 
5 21 22 143 8 144 68 24 21 
21 22 68 24 21 
21 22 24 21 
21 22 24 21 
21 22 24 21 
21 22 24 21 
21 22 24 21 
21 22 24 21 
28 21 22 68 111 24 80 21 
27 28 21 22 24 496 21 
28 27 21 22 496 21 
28 27 21 22 496 21 
21 22 24 21 
21 22 24 21 
21 22 68 24 21 
28 27 21 509 22 21 
133 21 22 68 24 21 
133 21 22 68 24 21 
133 21 22 68 24 21 
354 21 22 68 24 21 
354 21 22 68 24 21 
5 21 22 143 8 37 144 24 21 
21 22 68 24 21 
21 22 68 24 21 
354 21 22 68 24 21 
133 21 22 68 24 21 
354 21 22 68 24 21 
28 27 21 22 496 21 
133 21 22 68 24 21 
28 27 21 22 496 21 
28 27 21 22 496 21 
28 27 21 22 496 21 
81 21 22 82 68 24 21 
354 21 22 68 24 21 
21 22 68 24 21 
27 28 21 22 24 21 
27 28 21 22 24 21 
81 21 22 82 68 24 21 
21 22 37 24 21 
21 22 37 24 21 
21 22 37 24 21 
21 22 37 24 21 
27 28 21 22 24 21 
133 354 21 22 68 24 21 
133 354 21 22 68 24 21 
81 21 22 82 68 24 21 
256 27 28 21 22 496 21 
27 28 21 21 
21 22 68 24 21 
21 22 68 24 21 
21 22 68 24 21 
28 27 21 22 546 21 
27 28 21 22 24 496 21 
27 28 21 22 24 496 21 
354 21 22 68 24 21 
354 21 22 68 24 21 
354 21 22 68 24 21 
354 21 22 68 24 21 
354 21 22 68 24 21 
354 21 22 68 24 21 
354 21 22 68 24 21 
354 21 22 68 24 21 
354 21 22 68 24 21 
354 21 22 68 24 21 
354 21 22 68 24 21 
354 21 22 68 24 21 
354 21 22 68 24 21 
354 21 22 68 24 21 
354 21 22 68 24 21 
28 27 21 22 496 21 
28 27 21 22 496 21 
27 28 21 22 24 21 
21 22 475 21 
28 27 21 22 546 21 
28 27 21 22 546 21 
21 22 68 24 21 
354 21 22 68 24 21 
21 22 68 24 21 
21 22 68 24 21 
21 22 68 24 21 
21 22 68 24 21 
21 22 68 24 21 
133 21 22 68 24 21 
133 21 22 68 24 21 
354 21 22 68 24 21 
21 22 475 21 
28 21 22 266 24 21 
354 21 22 68 24 21 
354 21 22 68 24 21 
133 21 22 68 24 21 
104 21 22 68 24 21 
133 21 22 68 24 21 
365 21 22 99 100 21 
28 27 21 22 546 21 
28 27 21 22 546 21 
28 27 21 22 546 21 
133 21 22 68 24 21 
133 21 22 68 24 21 
133 21 22 68 24 21 
21 22 68 24 21 
21 22 68 24 21 
21 22 68 24 21 
104 21 22 68 24 21 
28 27 21 22 546 21 
28 27 21 22 546 21 
133 354 21 22 68 24 21 
21 22 68 24 21 
28 27 21 22 21 
354 21 22 68 24 21 
28 27 21 22 546 21 
28 27 21 22 496 21 
354 21 22 68 24 21 
354 21 22 68 24 21 
354 21 22 68 24 21 
354 21 22 68 24 21 
354 21 22 68 24 21 
28 27 21 22 546 21 
133 354 21 22 68 24 21 
21 22 68 24 21 
28 27 21 22 496 21 
21 22 24 21 
354 21 22 68 24 21 
21 22 24 21 
21 22 68 24 21 
27 28 21 22 546 24 21 
104 21 22 68 24 21 
354 21 22 68 24 21 
21 22 68 24 21 
21 22 68 24 21 
27 28 21 22 24 496 21 
27 28 21 22 24 496 21 
28 27 21 22 496 21 
28 27 21 22 496 21 
5 27 28 6 21 63 496 21 
104 21 22 68 24 21 
27 28 21 22 24 496 21 
27 28 21 22 24 496 21 
104 21 22 68 24 21 
21 22 24 21 
21 22 24 21 
21 22 24 21 
21 22 24 21 
21 22 24 21 
21 22 24 21 
21 22 24 21 
27 28 21 22 24 21 
21 22 24 21 
21 22 24 21 
21 22 24 21 
21 22 24 21 
21 22 24 21 
27 28 21 22 37 24 496 21 
27 28 21 22 24 21 
27 28 21 22 24 21 
81 21 22 37 82 24 21 
354 21 22 68 24 21 
354 21 22 68 24 21 
354 21 22 68 24 21 
354 21 22 68 24 21 
28 27 21 22 546 21 
27 28 21 22 24 496 21 
27 28 21 22 24 496 21 
27 28 21 22 24 496 21 
21 22 68 24 21 
27 28 21 22 24 496 21 
27 28 21 22 24 496 21 
27 28 21 22 24 496 21 
27 28 21 22 24 496 21 
27 28 21 22 24 496 21 
27 28 21 22 24 496 21 
27 28 21 22 24 496 21 
5 21 22 143 8 37 144 24 21 
28 27 21 22 546 21 
28 27 21 22 496 21 
27 28 21 22 24 21 
21 22 37 24 21 
21 22 24 21 
21 22 24 21 
28 27 21 22 546 21 
104 21 22 68 24 21 
104 21 22 68 24 21 
21 22 68 24 21 
28 27 21 22 546 21 
28 27 21 22 546 21 
28 27 21 22 546 21 
28 27 21 22 496 21 
21 22 68 24 21 
21 22 68 24 21 
21 22 68 24 21 
354 21 22 68 24 21 
28 27 21 22 21 
21 22 68 24 21 
28 27 21 22 21 
21 22 68 24 21 
28 27 21 22 546 21 
21 22 68 24 21 
104 21 22 68 24 21 
21 22 68 24 21 
21 22 68 24 21 
21 22 68 24 21 
27 28 21 22 24 496 21 
27 28 21 22 24 21 
27 28 21 22 24 21 
27 28 21 22 24 21 
27 28 21 22 24 21 
27 28 21 22 24 21 
27 28 21 22 24 21 
27 28 21 22 24 21 
27 28 21 22 24 21 
27 28 21 22 24 21 
27 28 21 22 24 21 
27 28 21 22 24 21 
27 28 21 22 24 21 
27 28 21 22 24 21 
27 28 21 22 24 21 
28 27 21 22 496 21 
28 27 21 22 496 21 
27 28 21 22 24 496 21 
28 27 21 22 496 21 
28 27 21 22 496 21 
104 21 22 68 24 21 
27 28 21 22 24 21 
27 28 21 22 24 21 
27 28 21 22 24 496 21 
28 21 22 68 24 21 
5 6 21 511 21 
21 22 24 21 
133 354 21 22 68 24 21 
21 22 68 24 21 
133 21 22 68 24 21 
28 27 21 22 496 21 
28 27 21 22 496 21 
133 21 22 68 24 21 
5 28 27 6 21 22 546 21 
133 21 22 68 24 21 
133 354 21 22 68 24 21 
133 354 21 22 68 24 21 
21 22 37 24 21 
21 22 68 24 21 
28 27 21 22 496 21 
28 27 21 22 496 21 
28 27 21 22 496 21 
28 27 21 22 496 21 
133 21 22 68 24 21 
21 22 24 21 
133 21 22 68 24 21 
133 21 22 68 24 21 
133 21 22 68 24 21 
133 21 22 68 24 21 
133 21 22 68 24 21 
133 21 22 68 24 21 
133 21 22 68 24 21 
133 21 22 68 24 21 
21 22 68 24 21 
21 22 24 21 
27 28 21 22 808 21 
28 27 21 22 546 21 
28 27 21 22 546 21 
354 21 22 68 24 21 
21 22 68 24 21 
133 21 22 68 24 21 
354 21 22 68 24 21 
27 28 21 22 24 496 21 
104 21 22 68 24 21 
354 21 22 68 24 21 
104 21 22 68 24 21 
104 21 22 68 24 21 
133 354 21 22 68 24 21 
21 22 24 21 
21 22 24 21 
21 22 24 21 
21 22 24 21 
21 22 24 21 
21 22 24 21 
354 21 22 68 24 21 
21 22 37 24 21 
21 22 24 21 
21 22 24 21 
21 22 24 21 
21 22 24 21 
21 22 24 21 
104 21 22 68 24 21 
354 21 22 68 24 21 
354 21 22 68 24 21 
21 22 68 24 21 
354 21 22 68 24 21 
354 21 22 68 24 21 
354 21 22 68 24 21 
354 21 22 68 24 21 
21 22 68 24 21 
5 6 21 22 24 21 
5 6 21 22 24 21 
21 22 68 24 21 
28 27 21 22 546 496 21 
28 27 21 22 546 496 21 
21 22 68 24 21 
21 22 68 24 21 
27 28 21 22 24 496 21 
28 27 21 509 22 266 21 
28 27 21 22 496 21 
28 27 21 22 496 21 
354 21 22 68 24 21 
27 28 21 22 24 21 
21 22 68 24 21 
27 28 21 22 24 21 
354 21 22 68 24 21 
21 22 68 24 21 
27 28 21 22 24 496 21 
354 21 22 68 24 21 
354 21 22 68 24 21 
21 22 24 21 
133 21 22 68 24 21 
21 22 68 24 21 
21 22 37 24 21 
21 22 37 24 21 
21 22 37 24 21 
21 22 37 24 21 
354 21 22 68 24 21 
354 21 22 68 24 21 
354 21 22 68 24 21 
354 21 22 68 24 21 
81 21 22 82 68 24 21 
81 21 22 82 68 24 21 
81 21 22 82 68 24 21 
81 21 22 82 68 24 21 
81 21 22 82 68 24 21 
81 21 22 82 68 24 21 
81 21 22 82 68 24 21 
81 21 22 82 68 24 21 
81 21 22 82 68 24 21 
81 21 22 82 68 24 21 
256 21 22 21 
256 21 22 21 
21 22 68 24 21 
21 22 24 21 
27 28 21 22 24 21 
5 21 22 143 8 37 144 24 21 
5 21 22 143 8 37 144 24 21 
5 21 22 143 8 37 144 24 21 
28 27 21 22 496 21 
21 22 68 24 21 
104 21 22 68 24 21 
21 22 68 24 21 
21 22 68 24 21 
28 27 21 22 496 21 
28 27 21 22 496 21 
104 21 22 68 24 21 
21 22 68 24 21 
27 28 21 22 24 496 21 
27 28 21 22 24 496 21 
27 28 21 22 24 496 21 
27 28 21 22 24 496 21 
28 27 21 22 21 
104 21 22 68 24 21 
21 22 24 21 
27 28 21 22 37 24 496 21 
28 27 21 22 546 21 
133 21 22 68 24 21 
133 21 22 68 24 21 
133 21 22 68 24 21 
27 28 21 22 24 496 21 
27 28 21 22 24 496 21 
21 22 37 24 21 
27 28 21 22 475 21 
27 28 21 22 475 21 
104 21 22 68 24 21 
104 21 22 68 24 21 
354 21 22 68 24 21 
21 22 68 24 21 
133 21 22 68 24 21 
133 21 22 68 24 21 
354 104 21 22 68 24 21 
81 21 22 82 24 21 
21 22 68 24 21 
21 22 68 24 21 
21 22 68 24 21 
21 22 68 24 21 
133 21 22 68 24 21 
21 22 37 24 21 
21 22 68 24 21 
21 22 68 24 21 
21 21 
21 21 
354 21 22 68 24 21 
21 22 68 24 21 
28 27 21 22 546 21 
28 27 21 22 546 21 
81 21 22 82 24 21 
81 21 22 82 24 21 
81 21 22 82 24 21 
81 21 22 82 24 21 
27 28 21 22 24 496 21 
21 22 68 24 21 
21 22 68 24 21 
133 21 22 68 24 21 
133 21 22 68 24 21 
133 21 22 68 24 21 
133 21 22 68 24 21 
256 27 28 21 22 21 
28 27 21 22 496 21 
21 22 68 24 21 
133 21 22 68 24 21 
21 22 68 24 21 
21 22 68 24 21 
27 28 21 22 24 21 
27 28 21 22 24 21 
27 28 21 22 24 21 
27 28 21 22 24 21 
27 28 21 22 24 21 
27 28 21 22 24 21 
27 28 21 22 24 21 
27 28 21 22 24 21 
27 28 21 22 24 21 
27 28 21 22 24 21 
354 21 22 68 24 21 
28 27 21 22 546 21 
256 21 22 21 
21 22 24 21 
21 22 24 21 
21 22 24 21 
21 22 24 21 
21 22 24 21 
104 21 22 68 24 21 
104 21 22 68 24 21 
354 21 22 68 24 21 
354 21 22 68 24 21 
28 27 21 22 546 496 21 
21 22 475 21 
21 22 24 21 
21 22 68 24 21 
21 22 475 21 
27 28 21 22 24 496 21 
28 27 21 22 496 21 
21 22 68 24 21 
21 22 68 24 21 
27 28 21 22 24 21 
21 22 68 24 21 
104 21 22 68 24 21 
21 22 263 24 21 
354 21 22 68 24 21 
354 21 22 68 24 21 
354 21 22 68 24 21 
21 22 68 24 21 
104 21 22 68 24 21 
27 28 21 22 37 24 21 
27 28 21 22 37 24 21 
104 21 22 68 24 21 
21 22 24 21 
21 22 24 21 
27 28 21 22 24 496 21 
28 27 21 22 496 21 
28 27 21 22 496 21 
133 21 22 68 24 21 
21 22 24 21 
27 28 21 22 24 496 21 
21 22 24 21 
21 22 475 21 
21 22 475 21 
21 22 475 21 
21 22 37 24 21 
104 21 22 68 24 21 
256 21 22 21 
21 22 24 21 
21 22 24 21 
21 22 24 21 
28 27 21 22 496 21 
21 22 68 24 21 
256 27 28 21 22 496 21 
256 27 28 21 22 496 21 
21 22 99 362 21 
21 22 24 21 
27 28 21 22 24 496 21 
28 27 21 22 496 21 
27 28 21 22 24 21 
133 21 22 68 24 21 
354 21 22 68 24 21 
247 112 21 22 248 113 68 249 24 21 
133 21 22 68 24 21 
21 22 68 24 21 
354 21 22 68 24 21 
133 21 22 68 24 21 
354 21 22 68 24 21 
354 21 22 68 24 21 
354 21 22 68 24 21 
133 21 22 68 24 21 
104 21 22 68 24 21 
133 21 22 68 24 21 
133 21 22 68 24 21 
133 21 22 68 24 21 
133 21 22 68 24 21 
133 21 22 68 24 21 
21 22 510 37 24 21 
354 21 22 68 24 21 
133 21 22 68 24 21 
133 354 21 22 68 24 21 
133 354 21 22 68 24 21 
354 21 22 68 24 21 
354 21 22 68 24 21 
21 22 68 24 21 
21 22 68 24 21 
21 22 68 24 21 
21 22 68 24 21 
104 21 22 68 24 21 
354 21 22 68 24 21 
354 21 22 68 24 21 
354 21 22 68 24 21 
354 21 22 68 24 21 
354 21 22 68 24 21 
354 21 22 68 24 21 
354 21 22 68 24 21 
104 21 22 68 24 21 
104 21 22 68 24 21 
104 21 22 68 24 21 
104 21 22 68 24 21 
354 21 22 68 24 21 
354 21 22 68 24 21 
354 21 22 68 24 21 
21 22 68 24 21 
27 28 21 509 22 24 21 
354 21 22 68 24 21 
48 5 6 21 361 22 352 99 100 21 
354 21 22 68 24 21 
21 22 68 24 21 
104 21 22 68 24 21 
104 21 22 68 24 21 
354 21 22 68 24 21 
27 28 21 22 24 21 
27 28 21 22 24 21 
28 27 21 22 496 21 
21 22 99 475 362 21 
21 22 68 24 21 
21 22 68 24 21 
28 27 21 22 546 21 
21 22 68 24 21 
354 21 22 68 24 21 
21 22 68 24 21 
104 21 22 68 24 21 
104 21 22 68 24 21 
27 28 21 22 37 24 496 21 
27 28 21 22 37 24 496 21 
27 28 21 22 24 496 21 
28 27 21 22 68 24 496 21 
21 22 24 21 
133 21 22 68 24 21 
27 28 21 22 24 496 21 
27 28 21 22 24 496 21 
27 28 21 22 24 496 21 
27 28 21 22 24 496 21 
27 28 21 22 24 496 21 
27 28 21 22 24 496 21 
28 27 21 22 68 546 24 21 
28 27 21 22 68 546 24 21 
354 21 22 68 24 21 
28 27 21 22 546 496 21 
133 21 22 68 24 21 
133 21 22 68 24 21 
21 22 37 24 21 
21 22 99 24 362 21 
27 28 21 22 546 24 21 
21 22 68 24 21 
21 22 68 24 21 
21 22 68 24 21 
28 27 21 22 21 
21 22 68 24 21 
28 27 21 509 22 21 
28 27 21 22 496 21 
27 28 21 22 24 496 21 
28 27 21 22 496 21 
354 21 22 68 24 21 
27 28 21 22 24 496 21 
21 22 68 24 21 
21 22 68 24 21 
21 22 68 24 21 
104 21 22 68 24 21 
27 28 21 22 24 496 21 
28 27 21 22 496 21 
28 27 21 22 496 21 
28 27 21 22 496 21 
21 22 68 24 21 
27 28 21 22 24 21 
21 22 37 24 21 
177 112 21 22 113 24 21 
21 22 37 24 21 
21 22 24 21 
104 21 22 68 24 21 
27 28 21 22 24 496 21 
27 28 21 22 24 496 21 
21 22 68 24 21 
21 22 68 24 21 
27 28 21 22 24 21 
27 28 21 22 546 24 21 
28 27 21 22 21 
27 28 21 509 22 24 21 
104 21 22 68 24 21 
21 22 68 24 21 
21 22 37 24 21 
21 22 37 24 21 
21 22 37 24 21 
21 22 24 21 
21 22 24 21 
21 22 24 21 
133 21 22 68 24 21 
21 22 68 24 21 
28 21 22 106 24 21 
104 21 22 68 24 21 
21 22 24 21 
21 22 24 21 
21 22 24 21 
21 22 24 21 
21 22 24 21 
256 21 22 21 
104 21 22 68 24 21 
27 28 21 22 24 496 21 
27 28 21 22 24 496 21 
27 28 21 22 24 496 21 
27 28 21 22 24 496 21 
27 28 21 22 24 496 21 
27 28 21 22 24 496 21 
27 28 21 22 24 496 21 
104 21 22 68 24 21 
21 22 24 21 
21 22 24 21 
21 22 24 21 
133 21 22 68 24 21 
28 27 21 22 496 21 
21 22 24 21 
21 22 24 21 
21 22 24 21 
28 27 21 22 546 496 21 
28 27 21 22 546 496 21 
28 27 21 22 546 496 21 
28 27 21 22 546 496 21 
28 27 21 22 546 496 21 
28 27 21 22 546 496 21 
27 28 21 22 24 21 
21 22 24 21 
21 22 24 21 
27 28 21 22 24 21 
21 22 24 21 
28 27 21 22 546 21 
28 27 21 22 546 21 
28 27 21 22 546 21 
21 22 68 24 21 
21 22 68 24 21 
28 27 21 22 496 21 
21 22 68 24 21 
28 21 22 266 24 21 
21 22 37 24 21 
354 21 22 68 24 21 
354 21 22 68 24 21 
28 27 21 22 546 21 
21 22 37 24 21 
28 27 21 22 496 21 
133 354 21 22 68 24 21 
28 27 21 22 496 21 
21 22 37 24 21 
28 27 21 22 496 21 
28 27 21 22 496 21 
28 27 21 22 496 21 
21 22 68 24 21 
28 27 21 22 21 
28 27 21 22 21 
21 22 24 21 
21 22 68 24 21 
27 28 21 22 24 21 
21 22 68 24 21 
27 28 21 22 24 496 21 
81 21 22 82 68 24 21 
21 22 24 21 
27 28 21 22 37 24 496 21 
21 22 24 21 
354 21 22 68 24 21 
28 27 21 22 496 21 
354 21 22 68 24 21 
28 27 21 22 546 21 
354 21 22 68 24 21 
104 21 22 68 24 21 
104 21 22 68 24 21 
104 21 22 68 24 21 
104 21 22 68 24 21 
21 22 68 24 21 
354 21 22 68 24 21 
354 21 22 68 24 21 
354 21 22 68 24 21 
354 21 22 68 24 21 
354 21 22 68 24 21 
354 21 22 68 24 21 
21 22 24 21 
27 28 21 22 24 496 21 
27 28 21 22 24 496 21 
104 21 22 68 24 21 
133 21 22 68 24 21 
133 21 22 68 24 21 
21 22 263 24 21 
21 22 21 
104 21 22 68 24 21 
109 28 21 22 24 80 110 21 
28 27 21 22 546 21 
21 22 68 24 21 
104 21 22 68 24 21 
21 22 68 24 21 
28 27 21 22 496 21 
27 28 21 22 24 496 21 
27 28 21 22 24 496 21 
28 27 21 22 496 21 
133 21 22 68 24 21 
27 28 21 22 24 21 
27 28 21 22 24 496 21 
21 22 68 24 21 
28 27 21 22 68 546 24 21 
27 28 21 22 24 496 21 
27 28 21 22 24 496 21 
27 28 21 22 24 496 21 
27 28 21 22 24 496 21 
5 21 22 8 24 21 
5 21 22 8 24 21 
5 21 22 8 24 21 
21 22 24 21 
133 21 22 68 24 21 
21 22 68 24 21 
21 22 24 21 
28 27 21 22 496 21 
81 21 22 82 24 21 
81 21 22 82 24 21 
27 28 21 22 24 496 21 
21 21 
21 22 68 24 21 
21 22 68 24 21 
21 22 263 24 21 
28 27 21 22 546 21 
365 21 22 99 100 21 
21 22 24 21 
21 22 24 21 
21 22 68 24 21 
21 22 68 24 21 
21 22 24 21 
21 22 24 21 
21 22 24 21 
21 22 24 21 
21 22 24 21 
21 22 24 21 
21 22 24 21 
21 22 24 21 
21 22 24 21 
21 22 24 21 
21 22 24 21 
21 22 24 21 
21 22 24 21 
21 22 24 21 
21 22 24 21 
21 22 24 21 
21 22 24 21 
21 22 24 21 
21 22 24 21 
21 22 24 21 
21 22 24 21 
21 22 24 21 
21 22 24 21 
21 22 24 21 