177 112 113 177 
177 112 113 177 
177 112 113 177 
177 112 113 177 
177 112 113 177 
5 177 112 8 113 144 177 
177 112 113 177 
177 112 113 177 
177 112 113 177 
177 112 113 177 
177 112 113 177 
177 112 113 177 
177 112 113 177 
177 112 113 177 
177 112 113 177 
177 112 113 177 
177 112 113 177 
708 177 112 113 177 
177 112 113 177 
177 112 113 177 
177 112 113 177 
177 112 113 177 
177 112 113 177 
177 112 113 177 
5 177 112 8 113 177 
177 112 113 177 
177 112 113 177 
177 112 113 177 
177 112 113 177 
177 112 113 177 
177 112 25 113 177 
177 112 25 113 177 
177 112 25 113 177 
177 112 723 113 177 
177 112 723 113 177 
708 177 112 113 177 
177 112 113 177 
177 112 113 177 
177 112 113 177 
177 112 113 177 
177 112 113 177 
177 112 113 177 
177 112 113 177 
177 112 113 177 
177 112 113 177 
177 112 113 177 
177 112 113 177 
177 112 113 177 
177 112 113 177 
177 112 113 177 
177 112 113 177 
177 112 113 177 
177 112 113 177 
177 112 113 177 
177 112 113 177 
177 112 113 177 
177 112 113 177 
177 112 113 177 
177 112 113 177 
177 112 113 177 
177 112 248 113 177 
708 177 112 113 177 
177 112 113 177 
708 177 112 113 177 
177 112 248 113 177 
177 112 248 113 177 
177 112 248 113 177 
177 112 113 177 
177 112 113 177 
177 112 113 177 
177 112 113 177 
177 112 113 177 
177 112 113 177 
177 112 113 177 
177 112 113 177 
177 112 113 177 
177 112 113 177 
177 112 113 177 
177 112 113 177 
177 112 113 177 
177 112 113 177 
177 112 113 177 
177 112 113 177 
177 112 113 177 
177 112 113 177 
177 112 113 177 
177 112 113 721 177 
177 112 21 113 68 24 177 
177 112 113 177 
177 112 113 177 
177 112 113 177 
177 112 113 177 
177 112 113 177 
177 112 113 177 
177 112 113 177 
708 177 5 112 8 113 177 
708 177 112 113 177 
177 112 113 177 
177 112 113 177 
177 112 113 177 
177 112 113 177 
177 112 113 177 
177 112 113 177 
177 112 113 177 
177 112 113 177 
177 112 113 177 
177 112 113 177 
177 112 113 177 
177 112 113 177 
177 112 113 177 
708 177 112 113 177 
177 112 113 177 
177 112 248 113 177 
708 177 112 113 177 
708 177 112 113 177 
708 177 112 113 177 
177 112 113 177 
177 112 113 177 
177 112 113 177 
177 112 113 177 
177 112 113 177 
177 112 113 177 
177 112 113 177 
177 112 113 177 
177 112 113 177 
708 177 112 113 177 
177 112 113 177 
177 112 113 177 
177 112 113 177 
177 112 113 177 
177 112 113 177 
177 112 36 113 130 177 
177 112 723 113 177 
177 112 113 177 
177 112 113 177 
177 112 113 177 
708 177 112 113 177 
177 112 113 177 
177 112 113 177 
708 177 5 112 8 113 177 
177 112 113 177 
708 177 112 113 177 
708 177 112 113 177 
177 112 113 177 
708 177 112 113 177 
708 177 112 113 177 
708 177 112 113 177 
708 177 112 113 177 
708 177 112 113 177 
708 177 112 113 177 
708 177 112 113 177 
177 112 113 310 177 
177 112 113 310 177 
177 112 113 177 
177 112 113 177 
177 112 113 177 
177 112 113 177 
177 112 113 177 
708 177 112 113 177 
177 112 113 177 
177 112 21 90 113 177 
177 112 113 177 
177 112 113 177 
177 112 113 177 
177 112 113 177 
177 112 113 177 
708 177 112 113 177 
708 177 112 113 177 
177 112 113 177 
708 177 112 113 177 
177 112 113 36 130 177 
177 112 113 36 130 177 
177 112 113 36 130 177 
177 112 113 177 
177 112 113 177 
177 112 723 113 177 
177 112 113 177 
177 112 113 177 
177 112 723 113 177 
5 177 112 8 113 177 
177 112 113 177 
177 112 113 177 
177 112 723 113 177 
177 112 113 177 
177 112 113 177 
177 112 113 177 
5 177 112 113 177 
177 112 113 177 
177 112 21 113 68 24 177 
177 112 21 90 113 177 
177 112 21 90 113 177 
177 112 21 90 113 177 
177 112 723 113 177 
177 112 723 113 177 
177 112 113 177 
177 112 113 177 
177 112 113 177 
177 112 113 177 
177 112 113 177 
177 112 113 177 
708 177 112 113 177 
708 177 112 113 177 
177 112 113 177 
177 112 113 177 
177 112 113 177 
177 112 113 177 
177 112 113 177 
177 112 113 177 
177 112 113 177 
177 112 113 177 
177 112 113 177 
177 112 113 177 
177 112 113 177 
177 112 113 177 
177 112 113 177 
177 112 113 177 
177 112 248 113 177 
177 112 113 177 