5 8 165 8 
5 8 165 8 
5 8 165 8 
5 8 8 
5 8 8 
5 8 165 8 
5 402 8 8 
5 402 8 8 
5 8 8 
5 402 8 8 
5 254 8 36 255 8 
5 8 8 
5 8 8 
5 8 8 
5 8 8 
5 8 8 
5 402 8 8 
5 8 8 
5 8 165 8 
5 8 8 
5 8 8 
5 383 384 254 8 36 8 
5 8 165 8 
5 8 165 8 
5 8 8 
5 8 165 8 
5 231 8 8 
5 8 8 
5 8 165 8 
5 8 8 
5 162 8 8 
5 8 8 
5 8 144 201 8 
5 8 8 
5 8 8 
5 8 35 8 
5 8 165 8 
5 402 8 8 
5 8 8 
5 8 8 
5 8 8 
5 8 8 
5 8 8 
5 8 8 
5 8 8 
5 8 8 
5 8 8 
5 8 165 8 
5 8 144 8 
5 8 144 8 
5 8 8 
5 8 8 
5 8 8 
5 8 165 8 
5 8 8 
5 8 35 8 
5 8 35 8 
5 8 8 
5 8 8 
5 8 8 
5 8 8 
5 8 8 
5 8 165 8 
5 8 8 
5 8 8 
5 8 8 
5 8 165 8 
5 8 165 8 
5 8 8 
5 8 8 
5 8 165 8 
5 8 8 
5 8 8 
5 8 8 
5 8 8 
5 8 8 
5 8 8 
5 101 8 208 8 
5 162 8 534 8 
5 8 8 
5 8 165 8 
5 8 8 
5 8 8 
5 8 8 
5 8 8 
5 8 8 
5 101 373 8 8 
5 8 8 
5 8 165 8 
5 143 8 144 8 
5 8 165 8 
5 8 8 
5 8 8 
5 8 8 
5 8 8 
5 8 8 
5 101 373 8 8 
5 372 8 8 
5 101 8 8 
5 8 8 
5 8 165 8 
5 8 165 8 
5 8 8 
5 8 8 
5 8 8 
5 8 8 
5 8 8 
5 8 8 
5 8 8 
5 8 8 
5 137 101 8 8 
5 8 165 8 
5 8 8 
5 8 8 
5 8 8 
5 8 8 
5 8 165 8 
5 8 8 
5 8 8 
5 8 8 
5 8 8 
5 101 8 8 
5 8 8 
5 8 8 
5 8 165 8 
5 8 8 
5 8 8 
5 8 165 8 
5 8 8 
5 8 8 
5 8 8 
5 8 8 
5 8 8 
5 8 8 
5 8 8 
5 8 8 
5 8 8 
5 8 165 8 
5 8 8 
5 8 165 8 
5 8 8 
5 8 8 
5 8 8 
5 8 165 8 
5 8 8 
5 8 165 8 
5 8 8 
5 8 8 
5 8 165 8 
5 8 8 
5 8 8 
5 467 8 8 
5 8 8 
5 8 8 
5 8 165 8 
5 8 8 
5 8 8 
5 8 8 
5 8 8 
5 8 8 
5 8 8 
5 8 165 8 
5 8 165 8 
5 402 8 8 
5 528 8 8 
5 8 8 
5 8 8 
5 8 165 8 
5 8 8 
5 8 165 8 
5 8 165 8 
5 8 8 
5 8 8 
5 8 8 
5 8 8 
5 8 165 8 
5 8 8 
5 8 165 8 
5 8 8 
5 8 144 201 8 
5 402 8 8 
5 8 165 8 
5 8 8 
5 8 8 
5 8 8 
5 8 8 
5 8 8 
5 8 8 
5 8 8 
5 8 8 
5 8 8 
5 8 8 
5 8 8 
5 8 8 
5 8 8 
5 8 8 
5 8 165 8 
5 8 8 
5 231 8 8 
5 8 8 
5 8 8 
5 8 165 8 
5 8 8 
5 8 165 8 
5 8 165 8 
5 8 8 
5 8 8 
5 8 36 122 8 
5 25 26 8 8 
5 8 8 
5 8 8 
5 8 8 
5 8 8 
5 8 165 8 
5 372 8 8 
5 143 8 144 8 
5 8 8 
5 402 8 8 
5 8 165 8 
5 8 8 
5 8 165 8 
5 8 8 
5 8 8 
5 8 8 
5 8 8 
5 8 8 
5 8 8 
5 8 8 
5 8 8 
5 8 8 
5 8 8 
5 8 8 
5 8 8 
5 8 8 
5 8 8 
5 8 8 
5 8 8 
5 8 8 
5 8 8 
5 8 8 
5 8 8 
5 8 8 
5 8 8 
5 8 8 
5 8 8 
5 8 8 
5 8 8 
5 8 8 
5 8 8 
5 8 8 
5 8 8 
5 8 8 
5 8 8 
5 8 8 
5 8 8 
5 8 8 
5 8 8 
5 8 8 
5 8 8 
5 8 8 
5 8 8 
5 8 8 
5 8 8 
5 8 8 
5 8 8 
5 8 8 
5 8 8 
5 8 8 
5 8 8 
5 8 8 
5 8 8 
5 8 8 
5 8 8 
5 8 8 
5 8 8 
5 8 8 
5 8 8 
5 8 8 
5 8 8 
5 8 8 
5 8 8 
5 8 8 
5 8 8 