5 8 35 8 
5 8 35 8 
5 8 8 
5 8 8 
5 8 8 
5 8 35 8 
5 8 8 
5 8 8 
5 8 35 8 
5 8 35 8 
5 8 8 
5 231 8 8 
5 8 8 
5 8 8 
5 8 8 
5 8 8 
5 62 6 63 8 8 
5 8 8 
5 8 8 
5 8 8 
5 8 8 
5 8 8 
5 8 35 8 
5 8 8 
5 62 6 63 8 8 
5 8 35 8 
5 231 8 8 
5 8 35 8 
5 8 8 
5 8 8 
5 8 8 
5 8 8 
5 8 35 8 
5 8 8 
5 62 6 63 8 8 
5 8 35 8 
5 8 8 
5 8 8 
5 8 8 
5 231 8 8 
5 6 63 8 35 8 
5 6 63 8 35 8 
5 8 8 
5 8 8 
5 8 8 
5 8 8 
5 8 8 
5 8 8 
5 8 8 
5 8 35 8 
5 118 8 36 8 
5 231 8 8 
5 8 8 
5 231 8 8 
5 8 8 
5 8 8 
5 8 35 8 
5 8 8 
5 8 8 
5 8 8 
5 8 8 
5 8 8 
5 8 8 
5 8 8 
5 8 8 
5 8 8 
5 8 8 
5 8 8 
5 8 8 
5 8 8 
5 8 8 
5 8 8 
5 8 8 
5 8 8 