21 22 99 68 24 362 362 
5 21 22 143 99 8 37 144 24 362 362 
81 104 21 22 99 82 68 24 362 362 
133 21 22 99 68 24 362 362 
21 22 99 68 24 362 362 
81 104 21 22 99 82 68 24 362 362 
81 21 22 99 82 24 362 362 
5 500 21 22 99 362 362 
5 500 21 22 99 362 362 
81 21 22 99 82 24 362 362 
81 21 22 99 82 24 362 362 
21 22 99 24 362 362 
21 22 99 90 362 362 
81 21 22 99 82 24 362 362 
81 21 22 99 82 24 362 362 
81 21 22 99 82 24 362 362 
81 21 22 99 82 24 362 362 
81 21 22 99 82 24 362 362 
81 21 22 99 82 24 362 362 
81 21 22 99 82 24 362 362 
81 21 22 99 82 68 24 362 362 
81 21 22 99 82 24 362 362 
81 21 22 99 82 24 362 362 
81 21 22 99 82 24 362 362 
81 21 22 99 82 24 362 362 
81 21 22 99 82 24 362 362 
81 21 22 99 82 24 362 362 
81 21 22 99 82 24 362 362 
81 21 22 99 82 24 362 362 
133 21 22 99 68 24 362 362 
81 21 22 99 82 24 362 362 
81 21 22 99 82 24 362 362 
81 21 22 99 82 24 362 362 
81 21 22 99 82 24 362 362 
81 21 22 99 82 24 362 362 
81 21 22 99 82 24 362 362 
81 21 22 99 82 68 24 362 362 
21 22 99 68 24 362 362 
81 21 22 99 82 24 362 362 
81 21 22 99 82 24 362 362 
81 21 22 99 82 24 362 362 
133 21 22 99 68 24 362 362 
354 21 22 99 68 24 362 362 
354 21 22 99 68 24 362 362 
354 21 22 99 68 24 362 362 
354 21 22 99 68 24 362 362 
354 21 22 99 68 24 362 362 
354 21 22 99 68 24 362 362 
133 21 22 99 68 24 362 362 
133 21 22 99 68 24 362 362 
354 21 22 99 68 24 362 362 
354 21 22 99 68 24 362 362 
133 21 22 99 68 24 362 362 
354 21 22 99 68 24 362 362 
354 21 22 99 68 24 362 362 
133 21 22 99 68 24 362 362 
21 22 99 68 24 362 362 
133 21 22 99 68 24 362 362 
133 21 22 99 68 24 362 362 
104 21 22 99 68 24 362 362 
21 22 99 68 24 362 362 
354 21 22 99 68 24 362 362 
354 21 22 99 68 24 362 362 
133 21 22 99 68 24 362 362 
354 21 22 99 68 24 362 362 
354 21 22 99 68 24 362 362 
354 21 22 99 68 24 362 362 
21 22 99 68 24 362 362 
133 21 22 99 68 24 362 362 
133 21 22 99 68 24 362 362 
354 21 22 99 68 24 362 362 
354 21 22 99 68 24 362 362 
354 21 22 99 68 24 362 362 
133 21 22 99 68 24 362 362 
133 21 22 99 68 24 362 362 
21 22 99 90 362 362 
365 21 22 99 362 100 362 
81 21 22 99 82 68 24 362 362 
133 21 22 99 68 24 362 362 
21 22 99 68 24 362 362 
81 21 22 99 82 68 24 362 362 
81 21 22 99 82 68 24 362 362 
354 21 22 99 68 24 362 362 
21 22 99 68 24 362 362 
21 22 99 68 24 362 362 
21 22 99 68 24 362 362 
133 21 22 99 68 24 362 362 
133 21 22 99 68 24 362 362 
133 21 22 99 68 24 362 362 
500 21 22 99 362 362 
21 22 99 68 24 362 362 
21 22 99 68 24 362 362 
28 109 21 22 99 80 362 110 362 
21 22 352 99 68 24 362 100 362 
21 22 99 90 362 362 
81 21 22 99 82 68 24 362 362 
28 21 22 360 99 80 362 362 
21 22 99 68 24 362 362 
21 22 99 68 24 362 362 
21 22 99 24 362 362 
21 22 352 353 99 24 362 100 362 
21 22 352 353 99 24 362 100 362 
21 22 99 68 24 362 362 
21 22 352 99 353 362 100 362 
21 22 99 68 24 362 362 
81 21 22 99 82 68 24 362 362 
21 22 99 68 24 362 362 
133 21 22 99 68 24 362 362 
81 21 22 99 82 68 24 362 362 
21 22 99 68 24 362 362 
81 104 21 22 99 82 68 24 362 362 
354 21 22 99 68 24 362 362 
21 22 99 68 24 362 362 
81 21 22 99 82 68 24 362 362 
81 21 22 99 82 68 24 362 362 
21 22 99 362 362 
81 21 22 99 82 24 362 362 
21 22 99 90 362 362 
21 22 99 68 24 362 362 
21 22 99 68 24 362 362 
21 22 99 68 24 362 362 
21 22 99 90 24 362 362 
21 22 99 68 24 362 362 
81 104 21 22 99 82 68 24 362 362 
81 21 22 99 82 68 24 362 362 
104 21 22 99 68 24 362 362 
21 22 99 68 24 362 362 
21 22 99 68 24 362 362 
21 22 99 68 24 362 362 
21 22 99 68 24 362 362 
81 104 21 22 99 82 68 24 362 362 
81 21 22 99 82 68 24 362 362 
21 22 99 68 24 362 362 
21 22 352 99 353 362 100 362 
21 22 99 68 24 362 362 
21 22 99 68 24 362 362 
81 21 22 99 82 68 24 362 362 
21 22 99 68 24 362 362 
21 22 99 68 24 362 362 
21 22 99 68 24 362 362 
354 21 22 99 68 24 362 362 
104 21 22 99 68 24 362 362 
81 21 22 99 82 68 24 362 362 
21 22 99 24 362 362 
104 21 22 99 68 24 362 362 
21 22 99 68 24 362 362 
21 22 99 68 24 362 362 
28 21 22 360 99 80 362 362 
21 22 99 24 362 362 
81 104 21 22 99 82 68 24 362 362 
21 22 99 24 362 362 
81 21 22 99 82 68 24 362 362 
21 22 99 68 24 362 362 
21 22 99 68 24 362 362 
21 22 99 24 362 362 
21 22 99 24 362 362 
21 22 99 24 362 362 
81 21 22 99 82 68 24 362 362 
21 22 99 362 362 
21 22 99 68 24 362 362 
21 22 352 99 353 362 100 362 
21 22 99 68 24 362 362 
21 22 99 68 24 362 362 
500 21 22 99 362 362 
500 21 22 99 362 362 
104 21 22 99 68 24 362 362 
21 22 99 68 24 362 362 
21 22 99 68 24 362 362 
81 21 22 99 82 68 24 362 362 
21 22 99 24 362 471 362 
21 22 99 68 24 362 362 
21 22 99 24 362 362 
21 22 99 362 100 362 
21 22 99 24 362 362 
21 22 99 24 362 362 
21 22 99 24 362 362 
21 22 99 24 362 362 
21 22 99 24 362 362 
21 22 99 24 362 362 
21 22 99 24 362 362 