5 8 8 
5 254 8 36 255 165 8 
5 8 8 
5 187 8 36 122 165 8 
5 8 8 
5 8 156 144 8 
5 8 8 
5 377 162 8 8 
5 8 156 144 8 
5 8 8 
5 8 8 
5 8 36 122 8 
5 8 8 
5 8 8 
5 8 8 
5 187 8 165 8 
5 8 8 
5 187 6 8 165 8 
5 8 8 
5 8 144 201 8 
5 8 144 201 8 
5 8 144 201 8 
5 162 8 198 8 
5 8 8 
5 8 8 
5 8 165 8 
5 8 8 
5 8 8 
5 8 8 
5 8 8 
5 8 8 
5 8 8 
5 8 8 
5 8 8 
5 8 165 8 
5 6 8 61 8 
5 8 8 
5 8 8 
5 8 36 122 8 
5 118 8 132 36 8 
5 8 165 8 
5 8 8 
5 8 8 
5 6 8 8 
5 8 8 
5 8 8 
5 8 8 
5 8 8 
5 8 8 
5 8 8 
5 8 8 
5 8 8 
5 8 8 
5 8 8 
5 8 8 
5 8 8 
5 8 8 
5 8 8 
5 8 8 
5 8 8 
5 8 8 
5 8 8 
5 8 8 
5 8 8 
5 8 8 
5 8 8 
5 8 8 
5 8 8 
5 8 8 
5 8 8 
5 8 8 
5 8 8 
5 8 8 
5 8 8 
5 8 8 
5 8 8 
5 8 8 
5 8 8 
5 8 8 
5 8 8 